0.0	2.0	12.375348446	7.92350535049
0.0	4.0	7.89244161096	6.53927851215
0.0	8.0	7.02953466149	4.5822681545
10.0	1.0	12.419546119	7.19678626036
10.0	2.0	12.2187624044	7.78890122345
10.0	4.0	7.36227999981	6.76910789927
10.0	8.0	7.53465092459	4.52761506036
20.0	1.0	12.0640705488	7.11444862946
20.0	2.0	12.062386828	7.65429709641
20.0	4.0	6.83232885377	6.9989372864
20.0	8.0	8.0397671877	4.47320062603
30.0	1.0	11.7031228858	7.03640687495
30.0	2.0	11.9058007864	7.51969296937
30.0	4.0	6.28322538276	7.22375481773
30.0	8.0	8.5448834508	4.41854753189
40.0	1.0	11.2937682476	6.9967893482
40.0	2.0	11.7277473037	7.38938471873
40.0	4.0	5.6892928434	7.43687801887
40.0	8.0	9.01842994745	4.39730680972
50.0	1.0	10.8846240745	6.95693316165
50.0	2.0	11.3554345247	7.29750069584
50.0	4.0	5.09557076914	7.65000122001
50.0	8.0	9.46040667767	4.40923979971
60.0	1.0	10.4752694363	6.91707697509
60.0	2.0	10.9831217458	7.20561667295
60.0	4.0	4.48985218364	7.83997442059
60.0	8.0	9.90238340788	4.42117278969
70.0	1.0	10.0602322401	6.88366460314
70.0	2.0	10.5443019922	7.1645671874
70.0	4.0	3.87255801711	8.00703628039
70.0	8.0	10.3443601381	4.43310577968
80.0	1.0	9.63930202085	6.85645738597
80.0	2.0	10.0391857291	7.17411357939
80.0	4.0	3.25526385058	8.17409814019
80.0	8.0	10.762764776	4.43907227467
90.0	1.0	9.2183718016	6.829011509
90.0	2.0	9.53406946604	7.18365997137
90.0	4.0	2.65249177661	8.3275563914
90.0	8.0	11.1573868566	4.43907227467
100.0	1.0	8.79744158235	6.80180429183
100.0	2.0	9.06767878311	7.20943522974
100.0	4.0	2.06466272543	8.46741103403
100.0	8.0	11.5520089371	4.43907227467
110.0	1.0	8.34788810819	6.80180429183
110.0	2.0	8.60128810018	7.23521048811
110.0	4.0	1.47683367424	8.60750433647
110.0	8.0	11.9466310177	4.43907227467
120.0	1.0	7.89812416892	6.80180429183
120.0	2.0	8.13468695214	7.26098574648
120.0	4.0	1.04032903688	8.82205949641
120.0	8.0	12.3496717026	4.43907227467
130.0	1.0	7.44857069476	6.80180429183
130.0	2.0	7.66534975767	7.28413574705
130.0	4.0	0.704847652136	9.08649455449
130.0	8.0	12.7611309919	4.43907227467
140.0	1.0	6.9990172206	6.80180429183
140.0	2.0	7.18948814481	7.30131925263
140.0	4.0	0.369155802283	9.35092961257
140.0	8.0	13.1728007464	4.43907227467
150.0	1.0	6.53746723519	6.79440583804
150.0	2.0	6.71341606684	7.31826409841
150.0	4.0	0.0334639524305	9.61536467066
150.0	8.0	13.5842600357	4.43907227467
160.0	1.0	6.06791957561	6.78223418826
160.0	2.0	6.23734398886	7.33544760399
160.0	8.0	13.9959297901	4.43907227467
170.0	1.0	5.59837191604	6.77006253847
170.0	2.0	5.76085098067	7.34952853218
170.0	8.0	14.4673716357	4.45816505865
170.0	13.0	-0.126279065775	4.50852227639
180.0	1.0	5.12882425646	6.75765222889
180.0	2.0	5.2805696005	7.33735688239
180.0	8.0	14.9388134812	4.47725784262
180.0	13.0	0.435031381596	4.51568207038
190.0	1.0	4.64812194608	6.71135222774
190.0	2.0	4.80028822034	7.32494657281
190.0	8.0	15.4102553268	4.4963506266
190.0	13.0	0.996131363858	4.52308052417
200.0	1.0	4.16236847306	6.65001665922
200.0	2.0	4.32000684017	7.31277492302
200.0	13.0	1.55744181123	4.53024031816
210.0	1.0	3.67661500005	6.58891975049
210.0	2.0	3.83909406468	7.29392079884
210.0	13.0	2.12380342123	4.56484598912
220.0	1.0	3.19107199214	6.52758418196
220.0	2.0	3.35544524276	7.2488140967
220.0	13.0	2.69774177518	4.64073980543
230.0	1.0	2.70531851913	6.4958424286
230.0	2.0	2.87200688595	7.20370739455
230.0	13.0	3.27168012913	4.71687228154
240.0	1.0	2.21956504611	6.47126046923
240.0	2.0	2.38856852914	7.1586006924
240.0	13.0	3.84582894819	4.79276609785
250.0	1.0	1.7338115731	6.44691716966
250.0	2.0	1.9089185443	7.10991409326
250.0	13.0	4.41976730214	4.86865991415
260.0	1.0	1.24826856519	6.42233521029
260.0	2.0	1.43305693144	7.05812491673
260.0	13.0	4.9918114701	4.93596197767
270.0	1.0	0.78692904489	6.37388727095
270.0	2.0	0.957195318577	7.00633574019
270.0	13.0	5.56385563806	5.00326404119
280.0	1.0	0.328536036125	6.32281407381
280.0	2.0	0.481333705714	6.95430790385
280.0	13.0	6.13589980602	5.07056610471
290.0	1.0	-0.130067437749	6.27174087667
290.0	2.0	0.00547209285026	6.90251872731
290.0	13.0	6.71383699705	5.13357229184
300.0	13.0	7.34523232593	5.15672229241
310.0	13.0	7.97662765481	5.18011095278
320.0	13.0	8.60802298368	5.20326095335
320.0	15.0	0.151113948711	4.30375216823
320.0	16.0	15.0158437113	4.40565990271
330.0	13.0	9.23941831256	5.22664961372
330.0	15.0	0.514166262815	4.2500537133
330.0	16.0	14.4324344275	4.35792794277
330.0	17.0	-0.141222088559	5.55552281773
340.0	13.0	9.87081364144	5.27294961487
340.0	15.0	0.877218576919	4.19635525836
340.0	16.0	13.8492356087	4.31019598282
340.0	17.0	0.259293015059	5.57294498311
350.0	13.0	10.5022089703	5.31948827581
350.0	15.0	1.24027089102	4.14265680343
350.0	16.0	13.2658263248	4.26246402288
350.0	17.0	0.659597653566	5.59036714849
360.0	13.0	11.1336042992	5.36578827696
360.0	15.0	1.6026918098	4.10017535908
360.0	16.0	12.6689472739	4.30685474563
360.0	17.0	1.06011275718	5.60802797367
370.0	13.0	11.7490042797	5.37557332875
370.0	15.0	1.96427086814	4.0846624721
370.0	16.0	12.0659647348	4.39062433533
370.0	17.0	1.46041739569	5.62545013905
380.0	13.0	12.3402007727	5.329989307
380.0	15.0	2.32563946136	4.06914958511
380.0	16.0	11.4629821958	4.47463258483
380.0	17.0	1.85672319712	5.62712075764
390.0	13.0	12.9316077307	5.28464394505
390.0	15.0	2.68700805459	4.05363669813
390.0	16.0	10.8599996567	4.55840217453
390.0	17.0	2.25050341723	5.61829034505
400.0	13.0	13.5228042237	5.23905992331
400.0	15.0	3.04858711293	4.03812381115
400.0	16.0	10.2917438607	4.77319599427
400.0	17.0	2.64407317223	5.60945993246
410.0	13.0	14.1038983913	5.20493157195
410.0	15.0	3.42342547317	4.02619082117
410.0	16.0	9.7234880647	4.98798981401
410.0	17.0	3.03764292723	5.60062951988
420.0	13.0	14.6437413975	5.21519394334
420.0	15.0	3.80394639137	4.01616710958
420.0	16.0	9.15523226871	5.20278363375
420.0	17.0	3.43142314733	5.59179910729
430.0	13.0	15.1835844037	5.22569497453
430.0	15.0	4.18467777468	4.00590473819
430.0	16.0	8.58697647272	5.4175774535
430.0	17.0	3.82793941387	5.58559395249
440.0	15.0	4.56519869289	3.9958810266
440.0	16.0	8.07512532611	5.63690580943
440.0	17.0	4.23687312187	5.59012848869
450.0	15.0	4.9459300762	3.98561865521
450.0	16.0	7.56306371439	5.85623416537
450.0	17.0	4.64559636476	5.59466302488
460.0	15.0	5.29530215818	3.98561865521
460.0	16.0	7.05121256778	6.07556252131
460.0	17.0	5.05431960766	5.59943622088
470.0	15.0	5.64446377505	3.98561865521
470.0	16.0	6.55114746731	6.29536819684
470.0	17.0	5.46325331566	5.60397075707
480.0	15.0	5.99383585703	3.98561865521
480.0	16.0	6.07886376131	6.51660583118
480.0	17.0	5.87197655855	5.60850529327
490.0	15.0	6.34299747389	3.98561865521
490.0	16.0	5.60658005531	6.73784346551
490.0	17.0	6.29732654511	5.68797900657
500.0	15.0	6.69889397427	4.00447277939
500.0	16.0	5.13429634931	6.95908109984
500.0	17.0	6.72267653166	5.76769137967
510.0	15.0	7.06952303232	4.06676298712
510.0	16.0	4.66053938755	7.16695378539
510.0	17.0	7.14802651821	5.84716509298
520.0	15.0	7.44036255548	4.12929185464
520.0	16.0	4.18088940271	7.32232131501
520.0	17.0	7.57316603966	5.92663880628
530.0	15.0	7.81120207864	4.19182072217
530.0	16.0	3.70123941787	7.47792750442
530.0	17.0	7.99599044489	5.9970434472
540.0	15.0	8.18877648531	4.2476671153
540.0	16.0	3.22158943304	7.63329503403
540.0	17.0	8.40850205976	6.03045581916
550.0	15.0	8.62738577377	4.24265525951
550.0	16.0	2.7419394482	7.78866256365
550.0	17.0	8.82101367463	6.06386819112
560.0	15.0	9.06578459712	4.23764340371
560.0	16.0	2.33763597261	7.98818215621
560.0	17.0	9.23352528949	6.09728056308
570.0	15.0	9.50418342047	4.23263154792
570.0	16.0	1.94175110141	8.19295226436
570.0	17.0	9.64603690436	6.13069293504
580.0	15.0	9.94279270893	4.22785835192
580.0	16.0	1.5458662302	8.39748371272
580.0	17.0	10.0659147981	6.17126510099
590.0	15.0	10.3801392067	4.22594907353
590.0	16.0	1.14998135899	8.60201516107
590.0	17.0	10.5152578071	6.23999912331
600.0	15.0	10.8147496581	4.23096092932
600.0	16.0	0.866484856328	8.81060382602
600.0	17.0	10.9643903511	6.30897180543
600.0	20.0	15.0895064997	4.80756300543
610.0	15.0	11.2493601095	4.23621144491
610.0	16.0	0.630974398657	9.02086310957
610.0	17.0	11.4137333601	6.37770582774
610.0	20.0	14.6601576761	4.67391351759
620.0	15.0	11.6839705609	4.24146196051
620.0	16.0	0.395463940986	9.23112239312
620.0	17.0	11.862865904	6.44667850986
620.0	20.0	14.2308088524	4.54026402975
630.0	15.0	12.1185810122	4.2464738163
630.0	16.0	0.159953483315	9.44138167666
630.0	17.0	12.3122089131	6.51541253218
630.0	20.0	13.774941425	4.3292887668
640.0	15.0	12.5201484414	4.34838155078
640.0	16.0	-0.0757674394652	9.65140230041
640.0	17.0	12.7529228526	6.53784655335
640.0	20.0	13.3013949283	4.06676298712
650.0	15.0	12.9074042431	4.49157743061
650.0	17.0	13.1936367922	6.56004191472
650.0	20.0	12.8019612232	4.01378051158
660.0	15.0	13.2912926031	4.63071609384
660.0	17.0	13.6341402667	6.5824759359
660.0	20.0	12.2854798442	4.10065267868
670.0	15.0	13.6610798007	4.75362589069
670.0	17.0	14.0748542062	6.60490995707
670.0	20.0	11.7637368374	4.21258412474
680.0	15.0	14.0310774634	4.87653568754
680.0	17.0	14.5155681458	6.62734397824
680.0	20.0	11.2346275518	4.36270113876
690.0	15.0	14.400864661	4.9994454844
690.0	17.0	14.9562820853	6.64953933962
690.0	20.0	10.7055182662	4.51281815278
700.0	15.0	14.671522792	5.11925270385
700.0	20.0	10.1761985155	4.662696507
710.0	15.0	14.9310262722	5.23858260371
710.0	20.0	9.64119620684	4.79491403604
710.0	25.0	14.8697809253	4.68465320858
720.0	15.0	15.1907402174	5.35791250357
720.0	20.0	9.10556250284	4.92498362689
720.0	25.0	14.3185728032	4.82092795421
730.0	20.0	8.56971833373	5.05529187753
730.0	25.0	13.721272822	4.98440991702
740.0	20.0	8.04608114098	5.09300012589
740.0	25.0	13.0162147048	5.21113672674
750.0	20.0	7.5304416224	5.06913414591
750.0	25.0	12.3355705403	5.44406869126
750.0	29.0	0.203730226118	5.05863311473
760.0	20.0	7.01480210382	5.04526816594
760.0	25.0	11.7119624204	5.69155890357
760.0	29.0	0.812605788264	5.13548157023
770.0	20.0	6.49916258524	5.02140218597
770.0	25.0	11.0883543006	5.93904911587
770.0	29.0	1.42148135041	5.21209136594
780.0	20.0	5.97552539249	4.996342907
780.0	25.0	10.4742171107	6.20778005035
780.0	29.0	2.02656854058	5.31185116222
790.0	20.0	5.44641610689	4.97056764863
790.0	25.0	9.86618340903	6.49059191301
790.0	29.0	2.62786735878	5.43452229927
800.0	20.0	4.9175172864	4.94479239026
800.0	25.0	9.25814970732	6.77340377567
800.0	29.0	3.22916617698	5.55743209613
810.0	20.0	4.3884080008	4.91901713189
810.0	25.0	8.63601484326	6.97674192502
810.0	29.0	3.83046499518	5.68010323318
820.0	20.0	3.85445801768	4.93954187467
820.0	25.0	8.01240672344	7.17124966179
820.0	29.0	4.42797544141	5.71852746093
830.0	20.0	3.31966617412	4.96531713304
830.0	25.0	7.38585209209	7.35072183117
830.0	29.0	5.02527542253	5.75719034849
840.0	20.0	2.78487433056	4.99133105121
840.0	25.0	6.74751141459	7.47005173103
840.0	29.0	5.62278586876	5.79561457624
850.0	20.0	2.25850109139	5.01376507238
850.0	25.0	6.1091707371	7.58938163089
850.0	29.0	6.18935794387	5.75122385349
860.0	20.0	1.7645394791	5.02355012417
860.0	25.0	5.47083005961	7.70632493275
860.0	29.0	6.75214164701	5.69752539856
870.0	20.0	1.27057786681	5.03333517596
870.0	25.0	4.83248938211	7.81419916222
870.0	29.0	7.31513581525	5.64382694362
880.0	20.0	0.776616254518	5.04312022774
880.0	25.0	4.19435916973	7.92207339169
880.0	29.0	7.8781299835	5.59012848869
890.0	20.0	0.282654642227	5.05266661973
890.0	25.0	3.56275337574	8.02875432216
890.0	29.0	8.46785322067	5.55074962174
900.0	20.0	-0.211306970064	5.06245167152
900.0	25.0	2.99049874267	8.12565020084
900.0	29.0	9.06052296938	5.51304137338
910.0	25.0	2.41845457471	8.22254607953
910.0	29.0	9.65319271808	5.47533312503
920.0	25.0	1.84619994164	8.31944195821
920.0	29.0	10.2235531652	5.44860322746
930.0	25.0	1.38738600265	8.54402082974
930.0	29.0	10.5933403628	5.52091714677
940.0	25.0	0.941199970245	8.78268062945
940.0	29.0	10.9633380255	5.59323106608
950.0	25.0	0.625923236026	9.05308218253
950.0	29.0	11.3331252231	5.6655449854
960.0	25.0	0.507220914198	9.37145435535
960.0	29.0	11.6195682373	5.78797746265
970.0	25.0	0.388518592369	9.68958786837
970.0	29.0	11.8849647406	5.92282024949
980.0	25.0	0.26981627054	10.0077213814
980.0	29.0	12.0985868268	6.01780684977
990.0	25.0	0.151113948711	10.3260935542
990.0	29.0	12.2604344961	6.07293726351
1000.0	29.0	12.4222821654	6.12806767724
1010.0	29.0	12.4397507695	6.13403417224
1020.0	29.0	12.4412240253	6.13451149183
1030.0	29.0	12.4429077462	6.13522747123
1040.0	29.0	12.4443810019	6.13570479083
1050.0	29.0	12.4458542577	6.13642077023
1060.0	29.0	12.4473275135	6.13689808983
1070.0	29.0	12.4488007692	6.13737540943
1080.0	29.0	12.450274025	6.13809138883
1090.0	29.0	12.4517472808	6.13856870843
1100.0	29.0	12.4532205365	6.13904602803
1110.0	29.0	12.4546937923	6.13976200743
1120.0	29.0	12.4561670481	6.14023932703
1130.0	29.0	12.4576403038	6.14071664663
1140.0	29.0	12.4591135596	6.14143262603
1150.0	29.0	12.4605868154	6.14190994563
1160.0	29.0	12.4622705363	6.14238726523
1170.0	29.0	12.463743792	6.14310324462
1180.0	29.0	12.4652170478	6.14358056422
1190.0	29.0	12.4666903036	6.14429654362
1190.0	31.0	-0.0858697647272	9.72944405492
1200.0	29.0	12.4681635593	6.14477386322
1200.0	31.0	0.343689524018	9.29174198224
1210.0	29.0	12.4696368151	6.14525118282
1210.0	31.0	0.773459277874	8.85427856937
1220.0	29.0	12.4711100709	6.14596716222
1220.0	31.0	1.23269414708	8.50321000399
1230.0	29.0	12.4725833266	6.14644448182
1230.0	31.0	1.73633715441	8.28149505006
1240.0	29.0	12.4740565824	6.14692180142
1240.0	31.0	2.23998016174	8.05978009612
1250.0	29.0	12.4755298382	6.14763778082
1250.0	31.0	2.81581270168	7.85763524577
1260.0	29.0	12.4770030939	6.14811510042
1260.0	31.0	3.44005221683	7.66837802459
1270.0	29.0	12.4784763497	6.14859242002
1270.0	31.0	4.06408126687	7.47912080342
1280.0	29.0	12.4799496055	6.14930839942
1280.0	31.0	4.66117078288	7.27100945807
1290.0	29.0	12.4814228612	6.14978571902
1290.0	31.0	5.24647425275	7.05454501973
1300.0	29.0	12.4831065821	6.15050169842
1300.0	31.0	5.83177772261	6.83831924119
1310.0	29.0	12.4845798379	6.15097901801
1310.0	31.0	6.43118235483	6.63474243203
1320.0	29.0	12.4860530936	6.15145633761
1320.0	31.0	7.04447768428	6.44381459226
1330.0	29.0	12.4875263494	6.15217231701
1330.0	31.0	7.65798347883	6.25288675249
1340.0	29.0	12.4889996052	6.15264963661
1340.0	31.0	8.27127880828	6.06195891272
1350.0	29.0	12.4904728609	6.15312695621
1350.0	31.0	8.92477297367	5.88606664033
1360.0	29.0	12.4919461167	6.15384293561
1360.0	31.0	9.57847760417	5.71017436794
1370.0	29.0	12.4934193725	6.15432025521
1370.0	31.0	10.2319717696	5.53428209556
1380.0	29.0	12.4948926282	6.15479757481
1380.0	31.0	10.8871496558	5.38177848354
1390.0	29.0	12.496365884	6.15551355421
1390.0	31.0	11.5484310303	5.32211353361
1400.0	29.0	12.4978391398	6.15599087381
1400.0	31.0	12.2099228698	5.26244858368
1410.0	29.0	12.4993123956	6.15646819341
1410.0	31.0	12.8659426165	5.27796147066
1420.0	29.0	12.5007856513	6.15718417281
1420.0	31.0	13.5135437588	5.40659910271
1430.0	29.0	12.5024693722	6.15766149241
1430.0	31.0	14.1611449012	5.53499807495
1440.0	29.0	12.503942628	6.15837747181
1440.0	31.0	14.8087460435	5.663635707
1450.0	29.0	12.5054158837	6.15885479141
1450.0	31.0	15.4561367207	5.79203467925
1460.0	29.0	12.5068891395	6.159332111
1470.0	29.0	12.5083623953	6.1600480904
1480.0	29.0	12.509835651	6.16052541
1490.0	29.0	12.5113089068	6.1610027296
1500.0	29.0	12.5127821626	6.161718709
1510.0	29.0	12.5142554183	6.1621960286
1520.0	29.0	12.5157286741	6.1626733482
1530.0	29.0	12.5172019299	6.1633893276
1540.0	29.0	12.5186751856	6.1638666472
1550.0	29.0	12.5201484414	6.1643439668
1560.0	29.0	12.5218321623	6.1650599462
1570.0	29.0	12.523305418	6.1655372658
1580.0	29.0	12.5247786738	6.1662532452
1590.0	29.0	12.5262519296	6.1667305648
1600.0	29.0	12.5277251853	6.1672078844
1610.0	29.0	12.5291984411	6.16792386379
1620.0	29.0	12.5306716969	6.16840118339
1630.0	29.0	12.5321449527	6.16887850299
1640.0	29.0	12.5336182084	6.16959448239
1650.0	29.0	12.5350914642	6.17007180199
1650.0	36.0	0.190681389321	6.60037542088
1660.0	29.0	12.53656472	6.17054912159
1660.0	36.0	0.487858124112	6.81803315821
1670.0	29.0	12.5380379757	6.17126510099
1670.0	36.0	0.784824393794	7.03545223575
1680.0	29.0	12.5395112315	6.17174242059
1680.0	36.0	1.08389531457	7.25048471529
1690.0	29.0	12.5411949524	6.17221974019
1690.0	36.0	1.39959297901	7.44141255507
1700.0	29.0	12.5426682081	6.17293571959
1700.0	36.0	1.71529064345	7.63234039484
1710.0	29.0	12.5441414639	6.17341303919
1710.0	36.0	2.03098830789	7.82326823461
1720.0	29.0	12.5456147197	6.17412901859
1720.0	36.0	2.33553132151	8.01109349698
1730.0	29.0	12.5470879754	6.17460633819
1730.0	36.0	2.5407348034	8.17004092359
1740.0	29.0	12.5485612312	6.17508365779
1740.0	36.0	2.74572782017	8.32922701
1750.0	29.0	12.550034487	6.17579963718
1750.0	36.0	2.95093130206	8.48841309641
1760.0	29.0	12.5515077427	6.17627695678
1760.0	36.0	3.13782431941	8.62373320285
1770.0	29.0	12.5529809985	6.17675427638
1770.0	36.0	3.25189640882	8.6647826884
1780.0	29.0	12.5544542543	6.17747025578
1780.0	36.0	3.36617896335	8.70559351415
1790.0	29.0	12.55592751	6.17794757538
1790.0	36.0	3.48046151788	8.7466429997
1800.0	29.0	12.5574007658	6.17842489498
1800.0	36.0	3.51981849338	8.7416311439
1810.0	29.0	12.5588740216	6.17914087438
1810.0	36.0	3.52718477221	8.71681052473
1820.0	29.0	12.5603472773	6.17961819398
1820.0	36.0	3.53434058594	8.69222856536
1830.0	29.0	12.5620309982	6.18033417338
1830.0	36.0	3.54170686478	8.66740794619
1840.0	29.0	12.563504254	6.18081149298
1840.0	36.0	3.54886267851	8.64282598682
1850.0	29.0	12.5498240219	6.16052541
1850.0	36.0	3.55622895734	8.61800536765
1860.0	29.0	12.400393794	5.95265272445
1860.0	36.0	3.56338477107	8.59342340828
1870.0	29.0	12.2511740313	5.7447800389
1870.0	36.0	3.57075104991	8.56860278911
1880.0	29.0	12.1017438035	5.53690735335
1880.0	36.0	3.57790686363	8.54402082974
1890.0	29.0	12.0813286878	4.88250218254
1890.0	36.0	3.69703011568	8.53041722116
1900.0	29.0	12.0609135722	4.22809701172
1900.0	36.0	3.81615336773	8.51705227237
1910.0	29.0	12.0407089217	3.57369184091
1910.0	36.0	3.93527661978	8.50344866379
1920.0	29.0	12.058598456	2.68301346838
1920.0	36.0	4.05439987183	8.49008371501
1920.0	49.0	2.29091271827	0.123864436051
1930.0	29.0	12.0806972925	1.76608251788
1930.0	36.0	4.17352312387	8.47648010642
1930.0	48.0	1.55407436947	0.273981450071
1930.0	49.0	2.25850109139	0.647245376823
1940.0	29.0	12.102796129	0.84915156738
1940.0	36.0	4.36925567583	8.40559814591
1940.0	48.0	1.5372371607	0.808579401429
1940.0	49.0	2.22608946451	1.17038765779
1950.0	29.0	12.1251054306	-0.0677793831186
1950.0	36.0	4.59782078488	8.31013422602
1950.0	48.0	1.52039995193	1.34317735279
1950.0	49.0	2.16084528053	1.69042736137
1960.0	36.0	4.82617542882	8.21467030614
1960.0	48.0	1.44884181466	1.76226396108
1960.0	49.0	2.06255807433	2.20760314735
1970.0	36.0	5.06652658402	8.11443319026
1970.0	48.0	1.35371158511	2.13170933104
1970.0	49.0	1.96427086814	2.72477893333
1970.0	50.0	-0.186893017347	5.18655476737
1980.0	36.0	5.35339052843	7.9951032904
1980.0	48.0	1.25879182067	2.5013933608
1980.0	49.0	1.79042668758	3.18205110958
1980.0	50.0	0.385572080834	5.1674619834
1990.0	36.0	5.64046493796	7.87577339054
1990.0	48.0	1.10957205795	2.9183320309
1990.0	49.0	1.54102553268	3.5798969957
1990.0	50.0	0.958037179015	5.14836919942
2000.0	36.0	5.92753934749	7.75644349069
2000.0	48.0	0.924362761475	3.36701245436
2000.0	49.0	1.29162437777	3.97774288182
2000.0	50.0	1.53134413764	5.11877538425
2010.0	36.0	6.21440329191	7.63711359083
2010.0	48.0	0.738942999895	3.80352122803
2010.0	49.0	1.11925345299	4.34647227238
2010.0	50.0	2.1122278402	4.9946722884
2020.0	36.0	6.52799630526	7.57339142431
2020.0	48.0	0.552681377877	4.13096247324
2020.0	49.0	0.966245318291	4.70804186895
2020.0	50.0	2.69311154277	4.87056919255
2030.0	36.0	6.84790327189	7.52375018597
2030.0	48.0	0.366209290748	4.45816505865
2030.0	49.0	0.813237183593	5.06961146551
2030.0	50.0	3.26536617584	4.76579754048
2040.0	36.0	7.16802070363	7.47410894763
2040.0	48.0	0.17973720362	4.78536764405
2040.0	49.0	0.671594164815	5.4154295153
2040.0	50.0	3.83214871606	4.67415217739
2050.0	36.0	7.48813813537	7.42422904949
2050.0	48.0	0.0387255801711	5.13500425063
2050.0	49.0	0.541737192176	5.7454960183
2050.0	50.0	4.39872079117	4.5822681545
2060.0	36.0	7.80825556711	7.37458781115
2060.0	48.0	-0.0719790674919	5.499199105
2060.0	49.0	0.411669754428	6.07532386151
2060.0	50.0	5.00759635332	4.53954805035
2070.0	36.0	8.16604625347	7.26313368468
2070.0	49.0	0.282654642227	6.39870789012
2070.0	50.0	5.61647191547	4.497066606
2080.0	36.0	8.52383693983	7.15191821801
2080.0	49.0	0.162268599521	6.6648135668
2080.0	50.0	6.22008584987	4.45744907925
2090.0	36.0	8.8816276262	7.04046409155
2090.0	49.0	0.0420930219251	6.93068058368
2090.0	50.0	6.80286373843	4.43000320228
2100.0	36.0	9.2775124974	6.97220738883
2100.0	49.0	-0.0780825556711	7.19654760056
2100.0	50.0	7.38564162698	4.40231866551
2110.0	36.0	9.67339736861	6.90418934591
2110.0	50.0	7.99346486358	4.33883515879
2120.0	36.0	10.0692822398	6.83593264319
2120.0	50.0	8.61791484384	4.2512470123
2130.0	36.0	10.465167111	6.76767594047
2130.0	50.0	9.24215435899	4.1638975256
2140.0	36.0	10.8764159352	6.65598315421
2140.0	50.0	9.86239503705	4.11926814305
2150.0	36.0	11.2916635965	6.53355067696
2150.0	50.0	10.4796892036	4.10327793647
2160.0	36.0	11.7069112578	6.4108795399
2160.0	50.0	11.0971938352	4.08752638969
2170.0	36.0	12.1227903144	6.29107232045
2170.0	50.0	11.7155403273	4.07678669871
2180.0	36.0	12.5437205337	6.19560840056
2180.0	50.0	12.3345182147	4.06986556451
2190.0	36.0	12.9646507529	6.10014448068
2190.0	50.0	12.9534961021	4.06294443032
2200.0	36.0	13.3855809722	6.00468056079
2200.0	50.0	13.5815239892	4.07201350271
2210.0	36.0	13.8065111914	5.90921664091
2210.0	50.0	14.245330945	4.14528206122
2220.0	36.0	14.2230216434	5.87103107295
2220.0	50.0	14.9089274357	4.21878927953
2230.0	36.0	14.6363751187	5.87103107295
2240.0	36.0	15.049728594	5.87103107295
2680.0	55.0	14.9916402237	5.75719034849
2690.0	55.0	14.4265414044	5.81160478282
2700.0	55.0	13.8612321199	5.86625787696
2710.0	55.0	13.2959228355	5.92091097109
2720.0	55.0	12.6946240173	5.95909653905
2730.0	55.0	12.0693321766	5.98630375621
2740.0	55.0	11.4438298708	6.01351097338
2750.0	55.0	10.8244310532	6.03546767495
2760.0	55.0	10.2593322338	6.00802179799
2770.0	55.0	9.69402294935	5.98081458082
2780.0	55.0	9.1287136649	5.95360736365
2790.0	55.0	8.56487763621	5.91924035249
2790.0	57.0	0.57877905147	9.29388992044
2800.0	55.0	8.00209393307	5.88057746494
2800.0	57.0	0.684011606283	8.92921774648
2810.0	55.0	7.43931022993	5.84167591759
2810.0	57.0	0.789244161096	8.56454557252
2820.0	55.0	6.87631606169	5.80277437023
2820.0	57.0	0.894476715908	8.19987339855
2830.0	55.0	6.33100096265	5.72902849212
2830.0	57.0	1.20596507815	7.94570071186
2840.0	55.0	5.82693702509	5.57342230271
2840.0	57.0	1.60584878644	7.73902132531
2850.0	55.0	5.32287308754	5.41805477309
2850.0	57.0	2.00573249473	7.53210327896
2860.0	55.0	4.81859868488	5.26268724348
2860.0	57.0	2.41634992361	7.43401410127
2870.0	55.0	4.31453474732	5.10731971387
2870.0	57.0	2.8315975849	7.38222492474
2880.0	55.0	3.75974871835	4.98798981401
2880.0	57.0	3.24684524619	7.330674408
2890.0	55.0	3.20475222427	4.86865991415
2890.0	57.0	3.66209290748	7.27912389126
2900.0	55.0	2.63228712609	4.80947228383
2900.0	57.0	3.80773476335	7.2423702821
2910.0	55.0	2.05561272571	4.76532022088
2910.0	57.0	3.95358708432	7.20561667295
2920.0	55.0	1.47872786023	4.72379341573
2920.0	57.0	4.04492894189	7.18342131158
2930.0	55.0	0.901842994745	4.70613259055
2930.0	57.0	4.05482080205	7.18246667238
2940.0	55.0	0.324958129262	4.68823310557
2940.0	57.0	4.0647126622	7.18151203318
2950.0	55.0	-0.251716271112	4.67057228039
2950.0	57.0	4.07460452235	7.18079605378
2960.0	57.0	4.0844963825	7.17984141458
2970.0	57.0	4.09438824266	7.17888677538
2980.0	57.0	4.10428010281	7.17817079598
2980.0	60.0	15.1113948711	8.04283525034
2990.0	57.0	4.11438242807	7.17721615678
2990.0	60.0	14.6809937219	7.8258934924
3000.0	57.0	4.12427428822	7.17650017738
3000.0	60.0	14.2503821076	7.60895173446
3010.0	57.0	4.13416614837	7.17554553818
3010.0	60.0	13.7757832854	7.46265327724
3020.0	57.0	4.14405800853	7.17459089899
3020.0	60.0	13.2900298124	7.33425430499
3030.0	57.0	4.15394986868	7.17387491959
3030.0	60.0	12.7956472699	7.21850430213
3040.0	57.0	4.16384172883	7.17292028039
3040.0	60.0	12.2667484494	7.15406615621
3050.0	57.0	4.17373358898	7.17196564119
3050.0	60.0	11.7376391638	7.08938935049
3060.0	57.0	4.18362544914	7.17124966179
3060.0	60.0	11.2087403433	7.02495120457
3070.0	57.0	4.19351730929	7.17029502259
3070.0	60.0	10.6771054764	6.97745790442
3080.0	57.0	4.20340916944	7.16957904319
3080.0	60.0	10.1427345631	6.94690945006
3090.0	57.0	4.2135114947	7.16862440399
3090.0	60.0	9.60857411484	6.9161223359
3100.0	57.0	4.22340335486	7.16766976479
3100.0	60.0	9.0742032015	6.88557388153
3110.0	57.0	4.23329521501	7.16695378539
3110.0	60.0	8.56698228731	6.82304501401
3120.0	57.0	4.24318707516	7.1659991462
3120.0	60.0	8.07786137254	6.73927542431
3130.0	57.0	4.25307893531	7.165044507
3130.0	60.0	7.58874045777	6.65526717481
3140.0	57.0	4.26297079547	7.1643285276
3140.0	60.0	7.09940907789	6.57149758511
3150.0	57.0	4.27286265562	7.1633738884
3150.0	60.0	6.63154513919	6.43951871587
3160.0	57.0	4.28275451577	7.162657909
3160.0	60.0	6.1659963167	6.30205067123
3170.0	57.0	4.29264637592	7.1617032698
3170.0	60.0	5.70044749421	6.1645826266
3180.0	57.0	4.30253823607	7.1607486306
3180.0	60.0	5.21574634674	6.04024087095
3190.0	57.0	4.31264056134	7.1600326512
3190.0	60.0	4.71820682759	5.92449086809
3200.0	57.0	4.30548474761	7.16146461
3200.0	60.0	4.22087777354	5.80874086523
3210.0	57.0	4.2943300968	7.1633738884
3210.0	60.0	3.7083952316	5.69704807896
3210.0	68.0	3.02417316021	3.18324440858
3220.0	57.0	4.28317544599	7.1652831668
3220.0	60.0	3.16118594658	5.59490168468
3220.0	68.0	2.8863185134	3.58657947009
3230.0	57.0	4.27202079518	7.16719244519
3230.0	60.0	2.61397666155	5.49251663061
3230.0	68.0	2.7484638666	3.98967587181
3240.0	57.0	4.26065567926	7.16910172359
3240.0	60.0	2.06676737652	5.39037023633
3240.0	68.0	2.60029642942	4.41854753189
3250.0	57.0	4.24950102845	7.17124966179
3250.0	60.0	1.55744181123	5.3316599256
3250.0	68.0	2.42792550464	4.90660682231
3260.0	57.0	4.23834637764	7.17315894019
3260.0	60.0	1.05758717587	5.28392796566
3260.0	68.0	2.23871737109	5.38774497853
3260.0	69.0	0.0	4.22427845493
3270.0	57.0	4.22698126172	7.17506821859
3270.0	60.0	0.557732540508	5.23619600571
3270.0	68.0	1.89671156795	5.80539962803
3270.0	69.0	0.508694169965	4.28394340486
3280.0	57.0	4.21582661091	7.17697749698
3280.0	60.0	0.057877905147	5.18846404577
3280.0	68.0	1.5547057648	6.22305427753
3280.0	69.0	1.01717787482	4.34360835478
3290.0	57.0	4.2046719601	7.17888677538
3290.0	68.0	1.165345312	6.53736923375
3290.0	69.0	1.5153487893	4.40088670672
3300.0	57.0	4.19351730929	7.18103471358
3300.0	68.0	0.755359278446	6.80753212703
3300.0	69.0	2.00636389006	4.45649444005
3310.0	57.0	4.18215219337	7.18294399198
3310.0	68.0	0.345583710005	7.0774563605
3310.0	69.0	2.49758945593	4.51234083318
3320.0	57.0	4.17099754256	7.18485327037
3320.0	68.0	-0.0641918584358	7.34761925378
3320.0	69.0	3.00965106765	4.5791655771
3330.0	57.0	4.15984289175	7.18676254877
3330.0	69.0	3.53581384171	4.65386609441
3340.0	57.0	4.14847777583	7.18867182717
3340.0	69.0	4.06197661577	4.72832795192
3350.0	57.0	4.13732312502	7.19081976537
3350.0	69.0	4.580773111	4.81520011902
3360.0	57.0	4.12616847421	7.19272904376
3360.0	69.0	5.08820449031	4.92068775049
3370.0	57.0	4.1150138234	7.19463832216
3370.0	69.0	5.59584633472	5.02593672217
3370.0	71.0	0.164373250618	9.20940435134
3380.0	57.0	4.10364870748	7.19654760056
3380.0	69.0	6.10348817914	5.13118569384
3380.0	71.0	0.431453474732	8.96167547924
3390.0	57.0	4.09249405667	7.19845687896
3390.0	69.0	6.63554397627	5.19753311816
3390.0	71.0	0.698533698847	8.71394660714
3400.0	57.0	4.08133940586	7.20036615735
3400.0	69.0	7.16759977341	5.26388054248
3400.0	71.0	0.996973224296	8.41681515649
3410.0	57.0	4.07018475505	7.20251409555
3410.0	69.0	7.69944510543	5.329989307
3410.0	71.0	1.30888251676	8.09844298368
3420.0	57.0	4.05881963913	7.20442337395
3420.0	69.0	8.23276369322	5.38893827753
3420.0	71.0	1.62058134412	7.78030947066
3430.0	57.0	4.04766498832	7.20633265235
3430.0	69.0	8.767976467	5.43667023747
3430.0	71.0	2.0006813321	7.59558678568
3440.0	57.0	4.12511614866	7.21396976594
3440.0	69.0	9.30318924078	5.48440219742
3440.0	71.0	2.38099178519	7.4108641007
3450.0	57.0	4.33558125829	7.22972131272
3450.0	69.0	9.83840201455	5.53213415736
3450.0	71.0	2.76109177318	7.22590275592
3460.0	57.0	4.54604636791	7.2457115193
3460.0	69.0	10.4154973451	5.49275529041
3460.0	71.0	3.20075338719	7.00991563718
3470.0	57.0	4.80281380165	7.23186925092
3470.0	69.0	10.9974333733	5.44359137166
3470.0	71.0	3.64693941959	6.79034862145
3480.0	57.0	5.12924518668	7.17339759999
3480.0	69.0	11.5793694014	5.39442745292
3480.0	71.0	4.09922894018	6.62471872045
3490.0	57.0	5.45567657171	7.11492594906
3490.0	69.0	12.1497298485	5.35337796737
3490.0	71.0	4.56098939069	6.53999449155
3500.0	57.0	5.78210795674	7.05645429813
3500.0	69.0	12.7085147145	5.32044291501
3500.0	71.0	5.02274984121	6.45527026265
3510.0	57.0	6.10853934177	6.9979826472
3510.0	69.0	13.2672995806	5.28750786265
3510.0	71.0	5.50176843072	6.36243160056
3520.0	57.0	6.51410560802	6.95502388325
3520.0	69.0	13.8696507243	5.29084909985
3520.0	71.0	6.02182771661	6.2500228349
3530.0	57.0	6.99859629038	6.92733934648
3530.0	69.0	14.5010460532	5.31853363661
3530.0	71.0	6.54167653738	6.13785272903
3540.0	57.0	7.48329743785	6.89941614992
3540.0	69.0	15.1324413821	5.34597951358
3540.0	71.0	7.06173582327	6.02544396337
3550.0	57.0	7.9677881202	6.87173161315
3550.0	71.0	7.60073696902	5.92210427009
3560.0	57.0	8.44638577949	6.8333073854
3560.0	71.0	8.14205323097	5.81995787581
3570.0	57.0	8.90077995117	6.75192439369
3570.0	71.0	8.68315902782	5.71757282174
3580.0	57.0	9.35517412285	6.67054140199
3580.0	71.0	9.22405435956	5.62115426265
3590.0	57.0	9.80956829454	6.58915841029
3590.0	71.0	9.76410783086	5.53380477596
3600.0	57.0	10.2639624662	6.50777541859
3600.0	71.0	10.3043717673	5.44621662946
3610.0	57.0	10.7463484975	6.44262129326
3610.0	71.0	10.845267099	5.35600322517
3620.0	57.0	11.2358903425	6.38176304434
3620.0	71.0	11.3874252214	5.26197126408
3630.0	57.0	11.7254321875	6.32066613561
3630.0	71.0	11.9295833438	5.16817796279
3640.0	57.0	12.2147635673	6.25956922688
3640.0	71.0	12.4727937917	5.0770099193
3650.0	57.0	12.7322972719	6.19011922517
3650.0	71.0	13.0271588905	5.01352641258
3660.0	57.0	13.2778228361	6.11207747066
3660.0	71.0	13.5813135241	4.94980424606
3670.0	57.0	13.8233484002	6.03427437595
3670.0	71.0	14.1337844369	4.89133259513
3680.0	57.0	14.3686634992	5.95623262145
3680.0	71.0	14.6704704664	4.87939960514
3690.0	57.0	14.9141890634	5.87842952674
3690.0	71.0	15.207156496	4.86746661516
3990.0	74.0	0.198889528596	5.37795992674
4000.0	74.0	0.772196487216	5.41924807209
4010.0	74.0	1.34550344584	5.46029755764
4020.0	74.0	1.90555110255	5.49132333161
4030.0	74.0	2.43487085326	5.498005806
4040.0	74.0	2.96398013886	5.50492694019
4050.0	74.0	3.49308942445	5.51160941458
4060.0	74.0	4.05987196468	5.52211044577
4070.0	74.0	4.63633589994	5.53356611616
4080.0	74.0	5.2125893701	5.54478312674
4090.0	74.0	5.78884284025	5.55623879713
4100.0	74.0	6.38551142604	5.5786728183
4110.0	74.0	6.99586024395	5.60850529327
4120.0	74.0	7.60620906187	5.63833776823
4120.0	76.0	14.8430518563	4.80589238683
4130.0	74.0	8.21655787978	5.66817024319
4130.0	76.0	14.2249158294	4.76866145807
4140.0	74.0	8.78502414088	5.75504241029
4140.0	76.0	13.6065693373	4.73143052932
4150.0	74.0	9.3254985424	5.87962282574
4150.0	76.0	12.991590287	4.70159805435
4160.0	74.0	9.86597294392	6.00444190099
4160.0	76.0	12.3892391432	4.70159805435
4170.0	74.0	10.4064473454	6.12926097624
4170.0	76.0	11.7866775344	4.70159805435
4180.0	74.0	10.9429229099	6.25718262889
4180.0	76.0	11.181169414	4.70565527095
4190.0	74.0	11.4629821958	6.39751459112
4190.0	76.0	10.5676636194	4.71925887953
4200.0	74.0	11.9828310165	6.53784655335
4200.0	76.0	9.95436828996	4.73286248812
4210.0	74.0	12.5028903024	6.67817851558
4210.0	76.0	9.34107296051	4.7467047565
4220.0	74.0	13.0227391232	6.663381608
4220.0	76.0	8.7002067017	4.80064187124
4230.0	74.0	13.5423774789	6.60992181286
4230.0	76.0	8.05281602449	4.86508001716
4240.0	74.0	14.0620158345	6.55622335793
4240.0	76.0	7.41826371897	4.9178238329
4250.0	74.0	14.5818646553	6.50276356279
4250.0	76.0	6.83632769086	4.92474496709
4260.0	74.0	15.101503011	6.44906510786
4260.0	76.0	6.25460212785	4.93190476108
4270.0	76.0	5.67266609974	4.93882589527
4280.0	76.0	5.07852309526	4.9144825957
4290.0	76.0	4.48122311415	4.88226352274
4290.0	81.0	14.9253437142	5.64000838683
4300.0	76.0	3.88392313303	4.85004444978
4300.0	81.0	14.4454832643	5.7450186987
4310.0	76.0	3.29020105878	4.82021197481
4310.0	81.0	13.9656228143	5.85002901058
4310.0	83.0	15.0211053391	5.52234910557
4320.0	76.0	2.72910107651	4.81305218082
4320.0	81.0	13.4992321314	5.96005117824
4320.0	83.0	14.5401925636	5.61614240686
4330.0	76.0	2.16779062914	4.80565372703
4330.0	81.0	13.0362088902	6.07150530471
4330.0	83.0	14.059069323	5.70993570814
4340.0	76.0	1.60648018177	4.79849393304
4340.0	81.0	12.573185649	6.18295943118
4340.0	83.0	13.5768937568	5.78869344205
4350.0	76.0	1.06137554784	4.75625114849
4350.0	81.0	12.1183705471	6.31517696022
4350.0	83.0	13.0921926094	5.8318908658
4360.0	76.0	0.520059285885	4.70493929155
4360.0	81.0	11.6654496312	6.45240634505
4360.0	83.0	12.6074914619	5.87532694935
4370.0	76.0	-0.0210465109626	4.65386609441
4370.0	81.0	11.2127391804	6.58987438969
4370.0	83.0	12.1227903144	5.91876303289
4380.0	81.0	10.7728671013	6.71350016594
4380.0	83.0	11.7142775366	6.10133777967
4390.0	81.0	10.3462543241	6.82304501401
4390.0	83.0	11.3057647589	6.28367386666
4400.0	81.0	9.91964154687	6.93282852188
4400.0	83.0	10.897041516	6.46624861344
4410.0	81.0	9.49302876966	7.04237336994
4410.0	83.0	10.4811624594	6.64548212302
4420.0	81.0	9.07104622486	7.12638161944
4420.0	83.0	10.0602322401	6.82256769441
4430.0	81.0	8.65011600561	7.20394605435
4430.0	83.0	9.63930202085	6.9996532658
4440.0	81.0	8.22918578636	7.28151048926
4440.0	83.0	9.22447528978	7.12566564004
4450.0	81.0	7.80825556711	7.35907492416
4450.0	83.0	8.81554158177	7.20060481715
4460.0	81.0	7.39174511516	7.43329812188
4460.0	83.0	8.40660787377	7.27578265406
4470.0	81.0	6.97607652365	7.50680534019
4470.0	83.0	7.99767416577	7.35072183117
4480.0	81.0	6.56061839725	7.5803125585
4480.0	83.0	7.56495790038	7.43687801887
4490.0	81.0	6.14494980574	7.65358111701
4490.0	83.0	7.1324521001	7.52303420657
4500.0	81.0	5.75874632957	7.7490450369
4500.0	83.0	6.69973583471	7.60919039426
4510.0	81.0	5.37548936495	7.84689555478
4510.0	83.0	6.30784980059	7.69105070557
4520.0	81.0	4.99244286543	7.94498473246
4520.0	83.0	5.97720911336	7.76598988268
4530.0	81.0	4.6091859008	8.04283525034
4530.0	83.0	5.64656842614	7.84092905979
4540.0	81.0	4.29117312015	8.05882545692
4540.0	83.0	5.31571727381	7.9161068967
4550.0	81.0	3.97316033951	8.07457700371
4550.0	83.0	4.97707891242	7.98197700142
4560.0	81.0	3.65514755887	8.09056721029
4560.0	83.0	4.63738822549	8.04713112674
4570.0	81.0	3.33713477822	8.10655741687
4570.0	83.0	4.29769753855	8.11228525206
4580.0	81.0	3.03995804343	8.12565020084
4580.0	83.0	3.95821731673	8.17743937738
4590.0	81.0	2.76361735449	8.14808422202
4590.0	83.0	3.65514755887	8.23376309011
4600.0	81.0	2.48748713066	8.17027958339
4600.0	83.0	3.38848826497	8.28149505006
4610.0	81.0	2.20483248844	8.20297597595
4610.0	83.0	3.12182897108	8.32922701
4620.0	81.0	1.90786621876	8.25906102888
4620.0	83.0	2.84822432856	8.36956051615
4630.0	81.0	1.61068948396	8.31514608182
4630.0	83.0	2.56767433743	8.40273422831
4640.0	81.0	1.31351274917	8.37123113475
4640.0	83.0	2.2871243463	8.43590794047
4650.0	81.0	1.04874764126	8.55476052073
4650.0	83.0	2.00636389006	8.46908165263
4660.0	81.0	0.787349975109	8.75213217509
4660.0	83.0	1.71781622476	8.51275639598
4670.0	81.0	0.526162774064	8.94974248925
4670.0	83.0	1.42842669903	8.55738577853
4680.0	81.0	0.389570917917	9.17551465978
4680.0	83.0	1.13903717329	8.60225382087
4690.0	81.0	0.25318952688	9.40128683031
4690.0	83.0	0.90499997139	8.71585588554
4690.0	86.0	15.3117576555	8.19390690356
4700.0	81.0	0.116597670733	9.62705900084
4700.0	83.0	0.711582535644	8.86931413675
4700.0	86.0	14.8106402295	8.11443319026
4710.0	81.0	-0.0199941854144	9.85283117137
4710.0	83.0	0.586566260526	9.06310589412
4710.0	86.0	14.3095228034	8.03495947695
4720.0	83.0	0.461760450518	9.25713631129
4720.0	86.0	13.8189286329	7.92064143289
4730.0	83.0	0.336744175401	9.45092806865
4730.0	86.0	13.3388577178	7.77147905807
4740.0	83.0	0.208991853858	9.62133116565
4740.0	86.0	12.8587868028	7.62231668325
4750.0	83.0	0.0812395323155	9.79197292244
4750.0	86.0	12.3700868182	7.48198472102
4760.0	83.0	-0.0465127892272	9.96237601944
4760.0	86.0	11.8613926483	7.36265482116
4770.0	86.0	11.3529089434	7.2433249213
4780.0	86.0	10.8078043095	7.24069966351
4790.0	86.0	10.2587008385	7.25120069469
4800.0	86.0	9.75611015669	7.31611616022
4810.0	86.0	9.2840369158	7.41730791529
4820.0	86.0	8.81217414002	7.51849967037
4830.0	86.0	8.34031136424	7.62398730185
4840.0	86.0	7.86844858846	7.73925998511
4850.0	86.0	7.39679627779	7.85429400857
4860.0	86.0	6.92156606025	7.95333782545
4870.0	86.0	6.4414951452	8.02803834276
4870.0	91.0	-0.183315110484	6.57340686351
4880.0	86.0	5.96142423014	8.10250020027
4880.0	91.0	0.380310453093	6.60753521487
4890.0	86.0	5.48914052414	8.163597109
4890.0	91.0	0.94414648178	6.64166356623
4900.0	86.0	5.04842658459	8.17123422259
4900.0	91.0	1.50777204536	6.67555325778
4910.0	86.0	4.60792311014	8.17863267638
4910.0	91.0	2.07897435288	6.71970532073
4920.0	86.0	4.16720917059	8.18603113017
4920.0	91.0	2.65186038128	6.76600532188
4930.0	86.0	3.67808825582	8.17910999598
4930.0	91.0	3.22474640968	6.81230532302
4940.0	86.0	3.18917780616	8.17195020199
4940.0	91.0	3.79784290319	6.84810429298
4950.0	86.0	2.70005689139	8.1650290678
4950.0	91.0	4.37199172225	6.84094449899
4960.0	86.0	2.24797783591	8.20249865635
4960.0	91.0	4.9459300762	6.8335460452
4970.0	86.0	1.82052319826	8.26956206007
4970.0	91.0	5.51986843015	6.8263862512
4980.0	86.0	1.39306856061	8.33662546379
4980.0	91.0	6.1245346901	6.7481058369
4990.0	86.0	1.02833252563	8.47504814762
4990.0	91.0	6.73256839181	6.6619496492
5000.0	86.0	0.757674394652	8.72062908153
5000.0	91.0	7.34060209352	6.5757934615
5010.0	86.0	0.487016263673	8.96621001543
5010.0	91.0	7.93032533069	6.47030583003
5020.0	86.0	0.216568597805	9.21155228954
5020.0	91.0	8.47753461572	6.32042747581
5030.0	86.0	0.150482553382	9.46357703804
5030.0	91.0	9.02474390074	6.17031046179
5040.0	86.0	0.107126740799	9.71631776593
5040.0	91.0	9.57195318577	6.02043210757
5050.0	86.0	0.0637709282165	9.96905849383
5050.0	91.0	10.1326322378	5.79943313304
5060.0	86.0	0.0204151156337	10.2215605619
5060.0	91.0	10.6966787316	5.56077333332
5070.0	91.0	11.2609356905	5.33714910099
5080.0	91.0	11.8258240447	5.14884651902
5090.0	91.0	12.4264914676	5.00493465979
5100.0	91.0	13.0804065632	4.92832486408
5110.0	91.0	13.7343216588	4.85171506837
5120.0	91.0	14.3615076855	4.88870733733
5130.0	91.0	14.9708041779	5.00183208239
5200.0	97.0	0.344952314676	5.36053776136
5200.0	98.0	0.347898826211	4.59014392789
5210.0	97.0	0.839124392077	5.27748415106
5210.0	98.0	0.797031370152	4.55052640114
5220.0	97.0	1.33287553926	5.19633981916
5220.0	98.0	1.24595344898	4.51067021458
5230.0	97.0	1.82410110512	5.13285631244
5230.0	98.0	1.72244645718	4.46365423404
5240.0	97.0	2.31511620588	5.06913414591
5240.0	98.0	2.23998016174	4.40542124291
5250.0	97.0	2.81223479482	5.01400373218
5250.0	98.0	2.75772433142	4.34742691158
5260.0	97.0	3.36470570758	5.03643775335
5260.0	98.0	3.27525803599	4.28943258025
5270.0	97.0	3.91717662035	5.05887177453
5270.0	98.0	3.81004987955	4.2469511359
5280.0	97.0	4.46964753312	5.0813057957
5280.0	98.0	4.35199753684	4.21115216594
5290.0	97.0	5.01285798106	5.05743981573
5290.0	98.0	4.89394519412	4.17535319599
5300.0	97.0	5.55501610346	5.02856197996
5300.0	98.0	5.43589285141	4.13955422603
5310.0	97.0	6.09717422585	4.9994454844
5310.0	98.0	5.97257888095	4.12427999885
5320.0	97.0	6.65427537103	4.96818105063
5320.0	98.0	6.50737072451	4.11783618426
5330.0	97.0	7.22126837636	4.93500733847
5330.0	98.0	7.04195210296	4.11139236966
5340.0	97.0	7.7884718468	4.90183362631
5340.0	98.0	7.57674394652	4.10494855507
5350.0	97.0	8.35546485213	4.86865991415
5350.0	98.0	8.1361602079	4.14886195822
5360.0	97.0	8.940768322	4.90589084291
5360.0	98.0	8.69557646929	4.19277536137
5370.0	97.0	9.52628225698	4.94312177166
5370.0	98.0	9.25499273067	4.23692742431
5380.0	97.0	10.1115857268	4.98059136022
5380.0	98.0	9.81251480607	4.27081711587
5390.0	97.0	10.6958368712	4.95457744205
5390.0	98.0	10.3628810677	4.26461196108
5400.0	97.0	11.2798775504	4.9128119771
5400.0	98.0	10.9134577945	4.25864546609
5410.0	97.0	11.8639182296	4.87104651215
5410.0	98.0	11.4638240562	4.25244031129
5410.0	100.0	0.122911624021	9.00415692359
5420.0	97.0	12.4479589088	4.8292810472
5420.0	98.0	12.0194519456	4.23955268211
5420.0	100.0	0.392306964342	8.70821877194
5430.0	97.0	13.0063228446	4.79968723204
5430.0	98.0	12.5870763463	4.21043618654
5430.0	100.0	0.661702304663	8.4122806203
5440.0	97.0	13.5581623621	4.77319599427
5440.0	98.0	13.1547007469	4.18155835078
5440.0	100.0	1.0298057814	8.15572133561
5450.0	97.0	14.1100018795	4.7467047565
5450.0	98.0	13.7223251476	4.15268051501
5450.0	100.0	1.42274414107	7.9091857625
5460.0	97.0	14.661841397	4.72021351873
5460.0	98.0	14.2947902458	4.12404133905
5460.0	100.0	1.81568250074	7.6626501894
5470.0	97.0	15.2138913795	4.69372228096
5470.0	98.0	14.8672553439	4.09540216308
5470.0	100.0	2.20546388377	7.497497608
5480.0	98.0	15.4397204421	4.06676298712
5480.0	100.0	2.59440340635	7.35286976937
5490.0	100.0	2.98355339405	7.20824193075
5500.0	100.0	3.38554175344	7.0779336801
5510.0	100.0	3.80036848451	6.96194501744
5520.0	100.0	4.21540568069	6.84619501458
5530.0	100.0	4.63023241176	6.73020635192
5540.0	100.0	4.93582775094	6.65311923661
5550.0	100.0	5.241212625	6.5762707811
5560.0	100.0	5.54680796418	6.4991836658
5570.0	100.0	5.85029865226	6.46004345864
5580.0	100.0	6.15357887523	6.42496046809
5590.0	100.0	6.4568590982	6.38987747753
5600.0	100.0	6.79191955273	6.35861304377
5610.0	100.0	7.1587602388	6.3314058266
5620.0	100.0	7.52560092488	6.30395994963
5630.0	100.0	7.89244161096	6.27675273246
5630.0	104.0	13.6859146836	12.1160420521
5640.0	100.0	8.30726834203	6.23594190671
5640.0	104.0	13.594572826	11.7976698792
5650.0	100.0	8.72230553821	6.19489242116
5650.0	104.0	13.5034414336	11.4795363662
5660.0	100.0	9.13713226928	6.15408159541
5660.0	104.0	13.4270425988	11.1439806878
5670.0	100.0	9.56563923248	6.11374808926
5670.0	104.0	13.3729530656	10.7826497511
5680.0	100.0	10.0076159627	6.07389190271
5680.0	104.0	13.3188635324	10.4213188143
5690.0	100.0	10.4495926929	6.03403571616
5690.0	104.0	13.2647739993	10.0597492177
5700.0	100.0	10.9267170964	5.9944181894
5700.0	104.0	13.1780623741	9.73994508611
5710.0	100.0	11.4387787081	5.95456200285
5710.0	104.0	13.0879833072	9.42443683088
5720.0	100.0	11.9508403199	5.9147058163
5720.0	104.0	12.9913798219	9.11322445206
5730.0	100.0	12.4862635588	5.85814344377
5730.0	104.0	12.8375298267	8.83781104319
5740.0	100.0	13.0448379597	5.78463622545
5740.0	104.0	12.6836798316	8.56239763432
5750.0	100.0	13.6034123606	5.71136766694
5750.0	104.0	12.5226740227	8.32922701
5760.0	100.0	14.1097914144	5.71136766694
5760.0	104.0	12.354301935	8.13829917023
5770.0	100.0	14.6106983753	5.71972075993
5770.0	104.0	12.2656961239	7.97815844462
5780.0	100.0	15.1113948711	5.72783519312
5780.0	104.0	12.2570670544	7.84904349298
5790.0	104.0	12.2572775195	7.72326977853
5800.0	104.0	12.3399903076	7.62947647724
5810.0	104.0	12.4227030956	7.53568317595
5820.0	104.0	12.5527705334	7.4113414203
5830.0	104.0	12.7933321537	7.21516306494
5840.0	104.0	13.033893774	7.01922336937
5850.0	104.0	13.3540112057	6.88939243833
5860.0	104.0	13.753894914	6.8256702718
5870.0	104.0	14.1537786223	6.76194810528
5880.0	104.0	14.5536623306	6.71230686694
5890.0	104.0	14.9535460389	6.67650789698
5900.0	104.0	15.3534297472	6.64070892703
