0.0	3.0	11.9123252048	4.43907227467
0.0	6.0	8.12395323155	3.46056709585
0.0	8.0	4.33558125829	7.35072183117
10.0	3.0	11.5046542875	4.51353413218
10.0	6.0	8.61075903011	3.4156990535
10.0	8.0	4.5544649723	7.27435069527
20.0	3.0	11.096772905	4.58823464949
20.0	6.0	9.09735436356	3.37106967095
20.0	8.0	4.77334868631	7.19797955936
30.0	3.0	10.6891019877	4.662696507
30.0	6.0	9.58416016213	3.32620162861
30.0	8.0	4.95540100613	7.17124966179
40.0	3.0	10.2799578145	4.70947382775
40.0	6.0	9.99014735859	3.32524698941
40.0	8.0	5.10083239688	7.19392234276
50.0	3.0	9.87081364144	4.7493300143
50.0	6.0	10.3759299045	3.335270701
50.0	8.0	5.24605332253	7.21659502374
60.0	3.0	9.46166946833	4.78918620085
60.0	6.0	10.7290903585	3.39947018712
60.0	8.0	5.39148471328	7.23926770471
70.0	3.0	9.05084157434	4.8297583668
70.0	6.0	11.0330019768	3.54552998454
70.0	8.0	5.54217773177	7.25931512788
80.0	3.0	8.63433112239	4.87462640915
80.0	6.0	11.3792170821	3.79469081544
80.0	8.0	5.70591958706	7.27244141687
90.0	3.0	8.21782067044	4.91925579169
90.0	6.0	11.7532135819	4.11282432846
90.0	8.0	5.86966144235	7.28580636565
100.0	3.0	7.80131021849	4.96412383404
100.0	6.0	12.1274205468	4.43119650128
100.0	8.0	6.03340329764	7.29893265464
110.0	3.0	7.38458930143	5.00875321659
110.0	6.0	12.4490112343	4.77916248926
110.0	8.0	6.13505794558	7.3328223462
120.0	3.0	6.97207768656	5.03786971215
120.0	6.0	12.7647088988	5.13046971444
120.0	8.0	6.21019398972	7.37554245034
130.0	3.0	6.56503816455	5.04312022774
130.0	6.0	13.0804065632	5.48177693962
130.0	8.0	6.28533003386	7.41802389469
140.0	3.0	6.15820910764	5.04837074334
140.0	6.0	13.3329646948	5.87508828955
140.0	8.0	6.27943701079	7.46838111243
150.0	3.0	5.75138005074	5.05385991873
150.0	6.0	13.4381972496	6.36553417796
150.0	8.0	6.26428352289	7.51945430957
160.0	3.0	5.34434052872	5.05911043433
160.0	6.0	13.5415356184	6.8318754266
160.0	8.0	6.22703119849	7.56360637252
170.0	3.0	4.96276728497	5.07390734191
170.0	6.0	13.6427693361	7.27387337567
170.0	8.0	5.98962655483	7.54522956794
180.0	3.0	4.58393008764	5.08989754849
180.0	6.0	13.744213519	7.71587132474
180.0	8.0	5.75222191118	7.52685276336
190.0	3.0	4.20509289032	5.10564909527
190.0	6.0	13.7553681698	8.13949246923
190.0	8.0	5.51481726752	7.50871461858
200.0	3.0	3.82625569299	5.12163930185
200.0	6.0	13.7440030539	8.55881773732
200.0	8.0	5.28625215846	7.50060018539
200.0	11.0	0.473546496657	7.30298987123
210.0	3.0	3.44405105391	5.1636434266
210.0	6.0	13.732637938	8.97814300542
210.0	8.0	5.09325565294	7.53377389755
210.0	11.0	0.999709270721	7.06433007152
220.0	3.0	3.05658478709	5.2450264183
220.0	6.0	13.7208518918	9.39460435592
220.0	8.0	4.90025914741	7.56694760971
220.0	11.0	1.56249297386	6.88294862374
230.0	3.0	2.66911852027	5.32640941
230.0	6.0	13.7065402644	9.78505178825
230.0	8.0	4.70747310699	7.59988266208
230.0	11.0	2.21072551151	6.83521666379
240.0	3.0	2.28165225345	5.40779240171
240.0	6.0	13.6922286369	10.1754992206
240.0	8.0	4.50942543884	7.59773472388
240.0	11.0	2.85895804915	6.78748470385
250.0	3.0	1.89418598663	5.48917539341
250.0	6.0	13.6779170095	10.5661853127
250.0	8.0	4.30822079403	7.57172080571
250.0	11.0	3.53897081835	6.63116253504
260.0	3.0	1.55133832305	5.6664996246
260.0	6.0	13.6633949169	10.956632745
260.0	8.0	4.10680568412	7.54570688754
260.0	11.0	4.22719172683	6.44739448926
270.0	3.0	1.20870112458	5.84382385578
270.0	8.0	3.90560103932	7.51993162917
270.0	11.0	4.91520217019	6.25479603089
280.0	3.0	0.865853460999	6.02114808697
280.0	8.0	3.70418592941	7.493917711
280.0	11.0	5.60321261356	6.02520530357
290.0	3.0	0.552470912767	6.19918829756
290.0	8.0	3.52529058623	7.48795121601
290.0	11.0	6.29122305693	5.79585323604
300.0	3.0	0.268343014773	6.37818314734
300.0	8.0	3.34639524305	7.48198472102
300.0	11.0	6.97902303518	5.55600013733
310.0	3.0	-0.0157848832219	6.55717799713
310.0	8.0	3.16749989986	7.47601822602
310.0	11.0	7.66661254833	5.30946456423
320.0	8.0	2.98860455668	7.47005173103
320.0	11.0	8.35399159637	5.06269033132
330.0	8.0	2.95282548805	7.41921719369
330.0	11.0	9.06915203887	4.92951816308
340.0	8.0	2.91704641941	7.36838265635
340.0	11.0	9.80262294592	4.87152383175
350.0	8.0	2.88105688566	7.31778677881
350.0	11.0	10.536093853	4.81376816022
360.0	8.0	2.84527781703	7.26695224147
360.0	11.0	11.2626194114	4.7462274369
370.0	8.0	2.79308246984	7.22733471472
370.0	11.0	11.9729391564	4.65673001201
380.0	8.0	2.70300340292	7.21373110614
380.0	11.0	12.6832589014	4.56723258712
390.0	8.0	2.61271387089	7.20012749756
390.0	11.0	13.3921053906	4.48036042002
400.0	8.0	2.52263480397	7.18628522917
400.0	11.0	14.0881135081	4.4161609339
410.0	8.0	2.40582666813	7.13759863003
410.0	11.0	14.7843320908	4.35196144777
420.0	8.0	2.28249411389	7.0800816183
420.0	11.0	15.4805506734	4.28752330185
430.0	8.0	2.15916155965	7.02232594677
440.0	8.0	2.08360458529	7.02304192617
450.0	8.0	2.01351970379	7.03044037996
460.0	8.0	1.94322435717	7.03760017395
470.0	8.0	1.85040924383	7.02566718396
480.0	8.0	1.74244064259	7.00132388439
490.0	8.0	1.63468250646	6.97674192502
500.0	8.0	1.52671390522	6.95239862545
510.0	8.0	1.48419995308	7.03712285435
520.0	8.0	1.46967786052	7.16886306379
520.0	17.0	0.218041853572	6.45622490185
530.0	8.0	1.45515576795	7.30060327323
530.0	17.0	0.504274402663	6.34166819799
540.0	8.0	1.45263018664	7.33353832559
540.0	17.0	0.790506951753	6.22711149412
550.0	8.0	1.45305111685	7.34189141858
550.0	17.0	1.02201857234	6.22377025693
560.0	8.0	1.45368251218	7.35000585178
560.0	17.0	1.21669879875	6.29441355764
570.0	8.0	1.4541034424	7.35835894477
570.0	17.0	1.41158949026	6.36505685836
580.0	8.0	1.45473483773	7.36671203776
580.0	17.0	1.55954646233	6.44834912846
590.0	8.0	1.45515576795	7.37482647095
590.0	17.0	1.70203134154	6.53307335736
600.0	8.0	1.45578716328	7.38317956394
600.0	17.0	1.84472668587	6.61779758625
610.0	8.0	1.4562080935	7.39153265693
610.0	17.0	1.96384993792	6.63975428783
610.0	19.0	0.270868596088	8.29939453504
620.0	8.0	1.45683948883	7.39988574992
620.0	17.0	2.07708016689	6.64572078282
620.0	19.0	0.349793012198	8.09653370528
630.0	8.0	1.45726041905	7.40800018311
630.0	17.0	2.19052086098	6.65192593761
630.0	19.0	0.428717428307	7.89367287552
640.0	8.0	1.45789181438	7.4163532761
640.0	17.0	2.30375108996	6.65789243261
640.0	19.0	0.507641844417	7.69081204577
650.0	8.0	1.4583127446	7.42470636909
650.0	17.0	2.50453480454	6.68462233017
650.0	19.0	0.681065094748	7.48818987581
660.0	8.0	1.45894413992	7.43305946208
660.0	17.0	2.71499991417	6.71350016594
660.0	19.0	0.948987179302	7.28556770585
670.0	8.0	1.45936507014	7.44117389527
670.0	17.0	2.92546502379	6.7426166615
670.0	19.0	1.21690926385	7.0831841957
680.0	8.0	1.45999646547	7.44952698826
680.0	17.0	3.12603827327	6.77292645607
680.0	19.0	1.51345460332	6.9087238821
690.0	8.0	1.46041739569	7.45788008125
690.0	17.0	3.31987663923	6.80442954963
690.0	19.0	1.92533482285	6.84643367438
700.0	8.0	1.46104879102	7.46623317424
700.0	17.0	3.5137150052	6.83569398339
700.0	19.0	2.33700457728	6.78414346665
710.0	8.0	1.46146972124	7.47434760743
710.0	17.0	3.70755337116	6.86719707695
710.0	19.0	2.6697499156	6.79440583804
720.0	8.0	1.46210111657	7.48270070042
720.0	17.0	3.99610103646	6.80562284863
720.0	19.0	2.9934452542	6.81278264262
730.0	8.0	1.46252204679	7.49105379341
730.0	17.0	4.30843125914	6.72089861973
730.0	19.0	3.30430222112	6.81182800342
740.0	8.0	1.46315344212	7.4994068864
740.0	17.0	4.62076148183	6.63617439083
740.0	19.0	3.58485221225	6.76528934248
750.0	8.0	1.46357437234	7.50752131959
750.0	17.0	4.92677775122	6.61588830786
750.0	19.0	3.86561266849	6.71898934133
760.0	8.0	1.46420576766	7.51587441258
760.0	17.0	5.23005797419	6.62280944205
760.0	19.0	4.14616265962	6.67245068039
770.0	8.0	1.46462669788	7.52422750557
770.0	17.0	5.53333819716	6.62973057624
770.0	19.0	4.46606962625	6.663381608
780.0	8.0	1.46525809321	7.53258059856
780.0	17.0	5.83851260612	6.62567335964
780.0	19.0	4.80281380165	6.67030274219
790.0	8.0	1.46567902343	7.54069503175
790.0	17.0	6.14747538705	6.59584088468
790.0	19.0	5.13955797706	6.67698521658
800.0	8.0	1.46631041876	7.54904812474
800.0	17.0	6.45664863309	6.56600840972
800.0	19.0	5.46262192033	6.68915686637
810.0	8.0	1.46673134898	7.55740121773
810.0	17.0	6.76350676293	6.52806150156
810.0	19.0	5.73117540021	6.72209191873
820.0	8.0	1.4671522792	7.56551565092
820.0	17.0	7.04994977713	6.4154140761
820.0	19.0	5.99972888009	6.75478831129
830.0	8.0	1.46778367453	7.57386874391
830.0	17.0	7.33639279133	6.30252799083
830.0	19.0	6.2600742207	6.76457336308
840.0	8.0	1.46820460475	7.5822218369
840.0	17.0	7.62283580553	6.18988056537
840.0	19.0	6.50189863166	6.72042130013
850.0	8.0	1.46883600008	7.59057492989
850.0	17.0	7.93221951668	6.06458417052
850.0	19.0	6.74351257751	6.67626923718
850.0	22.0	0.358632546802	8.73709660771
860.0	8.0	1.4692569303	7.59868936308
860.0	17.0	8.26454392478	5.92640014648
860.0	19.0	7.01206605739	6.61875222545
860.0	21.0	13.9965611854	10.9373013013
860.0	22.0	0.468495334026	8.50869917938
870.0	8.0	1.46988832562	7.60704245607
870.0	17.0	8.59686833287	5.78821612245
870.0	19.0	7.29850907159	6.55264346093
870.0	21.0	13.945839094	10.476449228
870.0	22.0	0.578358121251	8.28054041086
880.0	8.0	1.47030925584	7.61539554906
880.0	17.0	8.92919274097	5.65003209842
880.0	19.0	7.58495208579	6.48629603661
880.0	21.0	13.8951170026	10.0155971548
880.0	22.0	0.688220908475	8.05214298253
890.0	8.0	1.47094065117	7.62374864205
890.0	17.0	9.25983342819	5.5001537442
890.0	19.0	7.87139509999	6.41994861229
890.0	21.0	13.7949356104	9.60032910327
890.0	22.0	0.79787323059	7.82398421401
900.0	8.0	1.47136158139	7.63186307524
900.0	17.0	9.58984272009	5.34526353418
900.0	19.0	8.2300276468	6.40228778711
900.0	21.0	13.6455053826	9.23064507352
900.0	22.0	1.00097206138	7.53114863976
910.0	8.0	1.47199297672	7.64021616823
910.0	17.0	9.91964154687	5.19061198397
910.0	19.0	8.58844972849	6.38462696193
910.0	21.0	13.4962856198	8.86119970356
910.0	22.0	1.2659476344	7.19511564176
920.0	8.0	1.47241390694	7.64856926122
920.0	17.0	10.2496508388	5.03572177395
920.0	19.0	8.92708808988	6.34906665178
920.0	21.0	13.3224414393	8.50655124119
920.0	22.0	1.53092320742	6.85932130356
930.0	8.0	1.47304530227	7.65692235421
930.0	17.0	10.5701892007	4.9109026987
930.0	19.0	9.21900319693	6.27221819627
930.0	21.0	13.1119763297	8.17409814019
930.0	22.0	1.8956592424	6.75669758969
940.0	8.0	1.45999646547	7.63114709584
940.0	17.0	10.8905170976	4.78632228325
940.0	19.0	9.51091830398	6.19513108096
940.0	21.0	12.90151122	7.84164503918
940.0	22.0	2.27154992819	6.67984913418
950.0	8.0	1.43368832677	7.57148214591
950.0	17.0	11.2110554595	4.661503208
950.0	19.0	9.81651364315	6.10730427467
950.0	21.0	12.6834693665	7.48747389641
950.0	22.0	2.64744061398	6.61159243146
960.0	8.0	1.40738018807	7.51181719598
960.0	17.0	11.5315938215	4.53668413275
960.0	19.0	10.1764089806	5.97651870442
960.0	21.0	12.4601658852	7.11850584605
960.0	22.0	3.02522548576	6.61851356565
970.0	8.0	1.37644181695	7.45573214305
970.0	17.0	11.9058007864	4.40971711931
970.0	19.0	10.536093853	5.84573313418
970.0	21.0	12.2368624038	6.7497764555
970.0	22.0	3.40279989243	6.62567335964
980.0	8.0	1.33434879503	7.40800018311
980.0	17.0	12.3159972851	4.28107948726
980.0	19.0	10.8991461671	5.70635581115
980.0	21.0	11.9514717152	6.4166073751
980.0	22.0	3.78037429909	6.63259449384
990.0	8.0	1.2922557731	7.36026822316
990.0	17.0	12.7261937837	4.15268051501
990.0	19.0	11.2910322012	5.49251663061
990.0	21.0	11.5204391707	6.166491905
990.0	22.0	4.23582079632	6.62400274105
1000.0	8.0	1.25121507672	7.30800172703
1000.0	17.0	13.1361798173	4.02428154277
1000.0	19.0	11.6829182353	5.27843879026
1000.0	21.0	11.0567845342	5.93952643547
1000.0	22.0	4.72452078087	6.60848985407
1010.0	8.0	1.21248949655	7.2452341997
1010.0	17.0	13.4844995737	3.96676453104
1010.0	19.0	12.0834333389	5.0820217751
1010.0	21.0	10.4620101344	5.80468364863
1010.0	22.0	5.21343123053	6.59321562688
1020.0	8.0	1.17355345127	7.18246667238
1020.0	17.0	13.8060902612	3.93979597367
1020.0	19.0	12.517412395	4.95505476165
1020.0	21.0	9.86723573457	5.66984086179
1020.0	22.0	5.68003237857	6.54500634734
1030.0	8.0	1.1348278711	7.11969914505
1030.0	17.0	14.1276809487	3.9125887565
1030.0	19.0	12.9516019161	4.828326408
1030.0	21.0	9.27730203229	5.58463931329
1030.0	22.0	6.13190096894	6.47460170643
1040.0	8.0	1.1259883365	7.0796042987
1040.0	17.0	14.4494821013	3.88562019913
1040.0	19.0	13.3855809722	4.70159805435
1040.0	21.0	8.68799972534	5.50516559999
1040.0	22.0	6.58376955931	6.40443572531
1050.0	8.0	1.14724531257	7.06265945292
1050.0	17.0	14.7710727888	3.85865164177
1050.0	19.0	13.8576542131	4.68226661058
1050.0	21.0	8.09869741839	5.42545322689
1050.0	22.0	7.0383741961	6.32376871301
1060.0	8.0	1.16829182353	7.04571460714
1060.0	17.0	15.0926634764	3.8316830844
1060.0	19.0	14.329727454	4.6629351668
1060.0	21.0	7.5129730183	5.3302279668
1060.0	22.0	7.5041334837	6.20085891615
1070.0	8.0	1.1895487996	7.02876976136
1070.0	19.0	14.80201116	4.64360372302
1070.0	21.0	6.92766954843	5.23333208812
1070.0	22.0	7.96968230619	6.0779491193
1080.0	8.0	1.21080577568	7.01182491558
1080.0	19.0	15.2740844009	4.62427227925
1080.0	21.0	6.34215561346	5.13643620943
1080.0	22.0	8.43523112868	5.95503932245
1080.0	23.0	14.8630460418	6.60514861687
1090.0	8.0	1.23185228664	6.9948800698
1090.0	21.0	5.74106726037	5.07486198111
1090.0	22.0	8.9188799506	5.86816715535
1090.0	23.0	14.4000228006	6.47149912903
1090.0	24.0	15.3130204461	2.90854697911
1100.0	8.0	1.25310926271	6.97793522402
1100.0	21.0	5.13303355866	5.02832332016
1100.0	22.0	9.40463342362	5.78559086465
1100.0	23.0	13.9369995594	6.33784964119
1100.0	24.0	14.7563402312	2.9161840927
1110.0	8.0	1.27415577367	6.96099037824
1110.0	21.0	4.52499985695	4.98202331902
1110.0	22.0	9.89606945459	5.69680941916
1110.0	23.0	13.4104158551	6.30921046522
1110.0	24.0	14.1996600162	2.92405986609
1120.0	8.0	1.29541274975	6.94404553246
1120.0	21.0	3.91738708546	4.94097383347
1120.0	22.0	10.4011857177	5.59346972588
1120.0	23.0	12.8766763371	6.29202695965
1120.0	24.0	13.6429798013	2.93169697968
1130.0	8.0	1.31666972582	6.92710068668
1130.0	21.0	3.31314175573	4.94861094706
1130.0	22.0	10.9063019808	5.48989137281
1130.0	23.0	12.3517763537	6.26338778368
1130.0	24.0	13.0987170278	2.89780728812
1140.0	8.0	1.33771623678	6.9101558409
1140.0	21.0	2.70889642599	4.95648672045
1140.0	22.0	11.4046833604	5.38798363833
1140.0	23.0	11.9045379957	6.12902231644
1140.0	24.0	12.5670821608	2.82239079141
1150.0	8.0	1.35897321285	6.89321099512
1150.0	21.0	2.10465109626	4.96412383404
1150.0	22.0	11.8874903219	5.28989446065
1150.0	23.0	11.4572996378	5.994895509
1150.0	24.0	12.0352368288	2.7472129545
1160.0	8.0	1.38001972381	6.87626614934
1160.0	21.0	1.57238483401	5.04144960915
1160.0	22.0	12.3928170501	5.17486043719
1160.0	23.0	11.0100612798	5.86053004176
1160.0	24.0	11.5036019619	2.67179645779
1160.0	26.0	0.411248824208	3.28992533905
1170.0	8.0	1.40127669989	6.85932130356
1170.0	21.0	1.03990810666	5.11853672445
1170.0	22.0	12.9130868011	5.04884806294
1170.0	23.0	10.54956362	5.78153364806
1170.0	24.0	10.9801752343	2.68349078798
1170.0	26.0	1.0102325262	3.43670111587
1180.0	8.0	1.42253367596	6.84237645778
1180.0	21.0	0.507641844417	5.19586249956
1180.0	22.0	13.433146087	4.92259702889
1180.0	23.0	10.0878031695	5.70850374935
1180.0	24.0	10.4601159484	2.73265470672
1180.0	26.0	1.6092162282	3.5834768927
1190.0	8.0	1.44358018692	6.825431612
1190.0	22.0	13.953415838	4.79658465464
1190.0	23.0	9.62583225383	5.63571251043
1190.0	24.0	9.9400566625	2.78181862546
1190.0	26.0	2.17073714068	3.78705370185
1200.0	8.0	1.46483716299	6.80848676623
1200.0	22.0	14.4736855889	4.67057228039
1200.0	23.0	9.15523226871	5.54120322975
1200.0	24.0	9.42294388815	2.82692532761
1200.0	26.0	2.71605223972	4.01497381058
1210.0	8.0	1.59953483315	6.83903522059
1210.0	22.0	14.9939553399	4.54455990614
1210.0	23.0	8.66421716795	5.39657539112
1210.0	24.0	8.91256599731	2.86248563776
1210.0	26.0	3.29377896564	4.20637896995
1220.0	8.0	1.80999994278	6.90084810871
1220.0	23.0	8.17299160209	5.25194755249
1220.0	24.0	8.40197764136	2.89804594792
1220.0	26.0	3.90412778355	4.36150783976
1230.0	8.0	2.02046505241	6.96266099684
1230.0	23.0	7.68197650133	5.10731971387
1230.0	24.0	7.89159975052	2.93336759828
1230.0	26.0	4.48038125371	4.54002536995
1240.0	8.0	2.26881388176	6.98103780142
1240.0	23.0	7.22989744586	4.92164238969
1240.0	24.0	7.38101139457	2.96892790844
1240.0	26.0	5.02274984121	4.74193156051
1250.0	8.0	2.52137201331	6.9948800698
1250.0	23.0	6.77781839038	4.73596506551
1250.0	24.0	6.89041722403	2.99016863061
1250.0	26.0	5.56511842872	4.94383775106
1260.0	8.0	2.77393014486	7.00848367839
1260.0	23.0	6.32805445111	4.59611042288
1260.0	24.0	6.4130823554	3.0018629608
1260.0	26.0	6.10643469068	5.02545940257
1270.0	8.0	3.01933246269	7.02757646236
1270.0	23.0	5.88376260469	4.56293671072
1270.0	24.0	5.93553702166	3.01355729098
1270.0	26.0	6.64775095263	5.09371610528
1280.0	8.0	3.25379059481	7.05478367953
1280.0	23.0	5.43926029316	4.53000165836
1280.0	24.0	5.45820215303	3.02525162117
1280.0	26.0	7.18001721487	5.10731971387
1290.0	8.0	3.48824872693	7.0819908967
1290.0	23.0	4.99496844674	4.4968279462
1290.0	24.0	4.97560565666	3.02835419856
1290.0	26.0	7.70996836091	5.10731971387
1300.0	8.0	3.72291732417	7.10943677366
1300.0	23.0	4.5218428803	4.46962072903
1300.0	24.0	4.48774753255	3.02286502317
1300.0	26.0	8.23823578607	5.09371610528
1310.0	8.0	3.88034522617	7.12113110385
1310.0	23.0	4.03608940729	4.44527742946
1310.0	24.0	3.99988940843	3.01737584778
1310.0	26.0	8.7505078629	4.95863465865
1320.0	8.0	4.02956498889	7.13091615564
1320.0	23.0	3.55033593427	4.42069547009
1320.0	24.0	3.51182081921	3.01188667238
1320.0	26.0	9.26256947462	4.82331455221
1330.0	8.0	4.17857428651	7.14093986723
1330.0	23.0	3.06479292637	4.39635217052
1330.0	24.0	3.01975339291	3.00305625979
1330.0	26.0	9.77757759787	4.67940269298
1340.0	8.0	4.32758358412	7.15096357881
1340.0	23.0	2.61629177775	4.34766557138
1340.0	24.0	2.48980224687	2.96343873304
1340.0	26.0	10.3176310692	4.45649444005
1350.0	8.0	4.47091032378	7.163851208
1350.0	23.0	2.17747202419	4.29325113705
1350.0	24.0	1.95964063572	2.92358254649
1350.0	26.0	10.8578950056	4.23382484692
1360.0	8.0	4.56035799537	7.20442337395
1360.0	23.0	1.73844180551	4.23859804291
1360.0	24.0	1.42968948969	2.88372635994
1360.0	26.0	11.4046833604	4.01616710958
1370.0	8.0	4.65001613207	7.2449955399
1370.0	23.0	1.27057786681	4.17941041258
1370.0	24.0	0.89952787854	2.84410883319
1370.0	26.0	12.0108228761	3.84433205378
1380.0	8.0	4.73946380366	7.28580636565
1380.0	23.0	0.735786023251	4.10996041087
1380.0	24.0	0.369576732502	2.80425264663
1380.0	26.0	12.6169623918	3.67249699799
1390.0	8.0	4.82912194036	7.3263785316
1390.0	23.0	0.200783714583	4.04027174935
1390.0	26.0	13.2420437674	3.56462276852
1400.0	8.0	4.86048124169	7.34236873818
1400.0	26.0	13.8797530496	3.499707303
1410.0	8.0	4.80470798764	7.32112801601
1410.0	26.0	14.5176727969	3.43455317768
1420.0	8.0	4.7491451987	7.30012595363
1420.0	26.0	15.155382079	3.36939905235
1430.0	8.0	4.69337194465	7.27912389126
1440.0	8.0	4.53552311243	7.2466661585
1450.0	8.0	4.37767428021	7.21396976594
1460.0	8.0	4.21982544799	7.18151203318
1470.0	8.0	4.06197661577	7.14905430042
1480.0	8.0	3.90496964399	7.12113110385
1490.0	8.0	3.74838360243	7.09678780428
1500.0	8.0	3.59200802598	7.07220584491
1510.0	8.0	3.43542198442	7.04786254534
1520.0	8.0	3.27631036154	7.04762388554
1530.0	8.0	3.11635687823	7.05812491673
1540.0	8.0	2.9561929298	7.06838728811
1550.0	8.0	2.79602898138	7.0788883193
1550.0	28.0	0.117018600952	4.89348053332
1550.0	29.0	0.119123252048	5.75575838969
1560.0	8.0	2.64175805602	7.08915069069
1560.0	28.0	0.630553468438	4.88393414134
1560.0	29.0	0.612243003901	5.71494756394
1570.0	8.0	2.54115573362	7.09965172188
1570.0	28.0	1.14408833592	4.87438774935
1570.0	29.0	1.10515229064	5.67389807839
1580.0	8.0	2.44055341122	7.10991409326
1580.0	28.0	1.65046738968	4.85624960457
1580.0	29.0	1.5982720425	5.63308725264
1590.0	8.0	2.34647550722	7.11206203146
1590.0	28.0	2.14611272285	4.82546249041
1590.0	29.0	2.09749528253	5.60611869527
1600.0	8.0	2.25408132409	7.11206203146
1600.0	28.0	2.64175805602	4.79467537624
1600.0	29.0	2.60555805716	5.60039086008
1610.0	8.0	2.16168714096	7.11206203146
1610.0	28.0	3.14476966802	4.77725321086
1610.0	29.0	3.11383129691	5.59442436508
1620.0	8.0	2.06929295784	7.11206203146
1620.0	28.0	3.66503941902	4.79037949985
1620.0	29.0	3.62210453666	5.58869652989
1630.0	8.0	1.97605691427	7.0824682163
1630.0	28.0	4.18530917001	4.80374444863
1630.0	29.0	4.13395568326	5.5789114781
1640.0	8.0	1.88239994049	7.03998677195
1640.0	28.0	4.70557892101	4.81687073762
1640.0	29.0	4.65464636448	5.56005735392
1650.0	8.0	1.78895343182	6.9975053276
1650.0	28.0	5.22248123025	4.80947228383
1650.0	29.0	5.17512658058	5.54120322975
1660.0	8.0	1.69550692314	6.95502388325
1660.0	28.0	5.73769981861	4.79300475765
1660.0	29.0	5.6958172618	5.52234910557
1660.0	32.0	0.0391465103903	4.02595216137
1660.0	33.0	-0.0164162785508	4.84216867639
1670.0	8.0	1.62500111142	6.91994089269
1670.0	28.0	6.25291840697	4.77653723146
1670.0	29.0	6.2162974779	5.51972384777
1670.0	32.0	0.540053471299	4.05053412074
1670.0	33.0	0.459024404093	4.85099908898
1680.0	8.0	1.64709994793	6.9134970781
1680.0	28.0	6.74898467036	4.78584496365
1680.0	29.0	6.73656722889	5.53285013676
1680.0	32.0	1.0407499671	4.07535473991
1680.0	33.0	0.934675551847	4.85982950156
1690.0	8.0	1.66940924955	6.90729192331
1690.0	28.0	7.23999977112	4.80183517023
1690.0	29.0	7.257047445	5.54621508554
1690.0	32.0	1.5414464629	4.09993669928
1690.0	33.0	1.41011623449	4.86865991415
1700.0	8.0	1.69150808606	6.90108676851
1700.0	28.0	7.73101487187	4.81782537682
1700.0	29.0	7.77731719599	5.55934137453
1700.0	32.0	2.02888365679	4.13048515364
1700.0	33.0	1.89860575393	4.90278826551
1710.0	8.0	1.71360692257	6.89464295392
1710.0	28.0	8.24812764622	4.80135785064
1710.0	29.0	8.28495904041	5.52592900257
1710.0	32.0	2.51295340893	4.162226907
1710.0	33.0	2.38730573848	4.93691661687
1720.0	8.0	1.73570575908	6.88843779913
1720.0	28.0	8.77155437386	4.77677589126
1720.0	29.0	8.79112762906	5.48726611501
1720.0	32.0	2.99702316107	4.19396866036
1720.0	33.0	2.86590339777	4.9972975462
1730.0	8.0	1.7580150607	6.88223264434
1730.0	28.0	9.2949811015	4.75243259169
1730.0	29.0	9.29750668282	5.44860322746
1730.0	32.0	3.37438710263	4.37320216995
1730.0	33.0	3.30514408156	5.1634047668
1740.0	8.0	1.78011389721	6.87602748954
1740.0	28.0	9.81840782914	4.72785063232
1740.0	29.0	9.81693457337	5.40039394792
1740.0	32.0	3.72523244037	4.58918928869
1740.0	33.0	3.74438476535	5.3292733276
1750.0	8.0	1.84830459273	6.87053831415
1750.0	28.0	10.3832961834	4.61186196966
1750.0	29.0	10.3889787413	5.31471507982
1750.0	32.0	4.09228359156	4.7467047565
1750.0	33.0	4.19877893703	5.4175774535
1760.0	8.0	1.94743365937	6.86600377796
1760.0	28.0	10.95281477	4.48537227581
1760.0	29.0	10.9608124442	5.22903621172
1760.0	32.0	4.46649055647	4.87916094534
1760.0	33.0	4.65485682959	5.4970511668
1770.0	8.0	2.046562726	6.86123058196
1770.0	28.0	11.5223333567	4.35912124177
1770.0	29.0	11.5328566122	5.14335734362
1770.0	32.0	4.79165915084	4.89252589413
1770.0	33.0	4.97055449403	5.57175168411
1780.0	8.0	2.14548132752	6.85645738597
1780.0	28.0	12.0876426411	4.25602020829
1780.0	29.0	12.1049007801	5.06054239312
1780.0	32.0	5.11114518726	4.89252589413
1780.0	33.0	5.14587193034	5.64120168583
1790.0	8.0	2.24461039416	6.85192284977
1790.0	28.0	12.6489530885	4.17654649499
1790.0	29.0	12.676734483	4.98393259742
1790.0	32.0	5.37359517896	4.89538981172
1790.0	33.0	5.30477308811	5.70444653275
1800.0	8.0	2.26797202132	6.85812800457
1800.0	28.0	13.2102635359	4.09707278168
1800.0	29.0	13.2485681858	4.90732280171
1800.0	32.0	5.4072695965	4.90970939971
1800.0	33.0	5.31592773892	5.71017436794
1810.0	8.0	2.21598713925	6.87531151015
1810.0	28.0	13.7679960764	4.01354185178
1810.0	29.0	13.8204018887	4.8309516658
1810.0	32.0	5.44094401404	4.92402898769
1810.0	33.0	5.32687192462	5.71566354334
1820.0	8.0	2.16379179206	6.89249501572
1820.0	28.0	14.3116274545	3.9140207153
1820.0	29.0	14.3922355915	4.75434187009
1820.0	32.0	5.47461843158	4.93834857567
1820.0	33.0	5.33781611032	5.72115271873
1830.0	8.0	2.11180690998	6.9099171811
1830.0	28.0	14.8552588327	3.81449957882
1830.0	29.0	14.9640692944	4.67773207438
1830.0	32.0	5.50829284912	4.95266816365
1830.0	33.0	5.34897076113	5.72664189412
1840.0	8.0	2.05982202791	6.92710068668
1840.0	32.0	5.54196726666	4.96698775164
1840.0	33.0	5.35991494683	5.73236972932
1850.0	8.0	2.00762668072	6.94428419226
1850.0	32.0	5.5756416842	4.98130733962
1850.0	33.0	5.37085913253	5.73785890471
1860.0	8.0	1.95564179864	6.96146769784
1860.0	32.0	5.60931610174	4.9956269276
1860.0	33.0	5.38201378334	5.7433480801
1870.0	8.0	1.90344645145	6.97865120342
1870.0	32.0	5.64299051928	5.00994651558
1870.0	33.0	5.39295796904	5.7488372555
1880.0	8.0	1.85146156938	6.995834709
1880.0	32.0	5.67666493682	5.02426610357
1880.0	33.0	5.40390215475	5.75456509069
1890.0	8.0	1.79926622219	7.01325687438
1890.0	32.0	5.73159633043	5.04359754734
1890.0	33.0	5.41484634045	5.76005426608
1900.0	8.0	1.63026273916	6.96743419283
1900.0	32.0	5.87197655855	5.0834537339
1900.0	33.0	5.42600099126	5.76554344148
1910.0	8.0	1.43179414078	6.90609862431
1910.0	32.0	6.01235678667	5.12330992045
1910.0	33.0	5.43694517696	5.77103261687
1920.0	8.0	1.23332554241	6.84476305578
1920.0	32.0	6.07907422642	5.14359600342
1920.0	33.0	5.44788936266	5.77676045206
1930.0	8.0	1.01254764241	6.81158934362
1930.0	32.0	6.12727073653	5.15934755021
1930.0	33.0	5.45904401347	5.78224962746
1940.0	8.0	0.739574395224	6.84380841658
1940.0	32.0	6.17567771174	5.17509909699
1940.0	33.0	5.46998819917	5.78773880285
1950.0	8.0	0.46639068293	6.87602748954
1950.0	32.0	6.22387422185	5.19061198397
1950.0	33.0	5.48093238487	5.79322797824
1960.0	8.0	0.193417435746	6.90824656251
1960.0	32.0	6.27228119706	5.20636353075
1960.0	33.0	5.49208703568	5.79895581344
1970.0	32.0	6.32047770716	5.22187641773
1970.0	33.0	5.72191493539	5.79036406065
1980.0	32.0	6.48758700421	5.14908517882
1980.0	33.0	5.97636725293	5.78057900886
1990.0	32.0	6.70562885778	5.03834703175
1990.0	33.0	6.30974398657	5.71828880113
2000.0	32.0	6.92346024624	4.92737022488
2000.0	33.0	6.72225560144	5.60373209727
2010.0	32.0	7.29156372298	4.84240733619
2010.0	33.0	7.13476721631	5.48917539341
2020.0	32.0	7.67608347826	4.76006970528
2020.0	33.0	7.58053231849	5.45409240285
2030.0	32.0	8.06081369866	4.67773207438
2030.0	33.0	8.02608695557	5.41900941229
2040.0	32.0	8.51289275413	4.58942794849
2040.0	33.0	8.47185205776	5.38392642174
2050.0	32.0	8.96497180961	4.5008851628
2050.0	33.0	8.91467064841	5.34263827639
2060.0	32.0	9.41410435355	4.42475268669
2060.0	33.0	9.35559505307	5.29705425464
2070.0	32.0	9.85608108376	4.37702072674
2070.0	33.0	9.79672992285	5.25170889269
2080.0	32.0	10.298057814	4.3292887668
2080.0	33.0	10.2376543275	5.20612487095
2090.0	32.0	10.7459275673	4.29301247725
2090.0	33.0	10.670581058	5.14383466322
2100.0	32.0	11.2072670876	4.28394340486
2100.0	33.0	11.0915112773	5.05648517653
2110.0	32.0	11.6686066079	4.27487433247
2110.0	33.0	11.5124414965	4.96889703003
2120.0	32.0	12.1779321732	4.21353876394
2120.0	33.0	11.9617845056	4.89873104892
2130.0	32.0	12.707462389	4.13000783404
2130.0	33.0	12.454062397	4.85481764577
2140.0	32.0	13.2372030699	4.04647690414
2140.0	33.0	12.9461298233	4.81066558282
2150.0	32.0	13.7669437508	3.96294597424
2150.0	33.0	13.4384077147	4.76651351988
2160.0	32.0	14.2964739666	3.87941504434
2160.0	33.0	13.930475141	4.72260011673
2170.0	32.0	14.8262146476	3.79588411444
2170.0	33.0	14.4227530324	4.67844805378
2180.0	33.0	14.9148204587	4.63429599084
2520.0	38.0	14.9712251081	4.48107639942
2530.0	38.0	14.4778948911	4.53859341115
2540.0	38.0	13.9843542091	4.59634908268
2550.0	38.0	13.490813527	4.65386609441
2560.0	38.0	12.9278193587	4.67773207438
2570.0	38.0	12.3648251905	4.70159805435
2580.0	38.0	11.8018310223	4.72546403433
2590.0	38.0	11.238836854	4.7493300143
2600.0	38.0	10.7227764052	4.76627486008
2610.0	38.0	10.2065054913	4.78345836566
2620.0	38.0	9.69044504249	4.80040321144
2630.0	38.0	9.17417412858	4.81758671702
2640.0	38.0	8.64422298254	4.8297583668
2650.0	38.0	8.11069392964	4.84097537739
2660.0	38.0	7.57716487674	4.85195372817
2670.0	38.0	7.04363582384	4.86317073876
2680.0	38.0	6.51389514291	4.81520011902
2690.0	38.0	5.98773236885	4.70851918855
2700.0	38.0	5.46156959478	4.60183825807
2710.0	38.0	4.93540682072	4.4949186678
2720.0	38.0	4.41808358126	4.35601866437
2730.0	38.0	3.90454871377	4.20327639255
2740.0	38.0	3.38785686964	4.06413772932
2750.0	38.0	2.85832665382	3.97941350042
2760.0	38.0	2.32879643801	3.89468927152
2770.0	38.0	1.79610924554	3.81187432102
2780.0	38.0	1.23732437949	3.7462428761
2790.0	38.0	0.678539513433	3.68037277138
2800.0	38.0	0.119754647377	3.61450266666
2930.0	42.0	-0.0926046482352	5.76124756508
2940.0	42.0	0.454604636791	5.73738158511
2950.0	42.0	1.00181392182	5.71351560514
2960.0	42.0	1.54902320684	5.68964962517
2970.0	42.0	2.06866156251	5.69704807896
2980.0	42.0	2.57019991875	5.72497127553
2990.0	42.0	3.07152780987	5.75313313189
3000.0	42.0	3.56822546859	5.77676045206
3010.0	42.0	4.04598126744	5.78320426666
3020.0	42.0	4.5239475314	5.78964808125
3030.0	42.0	5.00170333025	5.79609189584
3040.0	42.0	5.49313936123	5.80229705063
3040.0	44.0	0.300754641655	4.86603465636
3050.0	42.0	5.99825562433	5.80826354563
3050.0	44.0	0.781667417149	4.84049805779
3060.0	42.0	6.50337188743	5.81423004062
3060.0	44.0	1.26279065775	4.81496145922
3070.0	42.0	7.00848815053	5.82019653561
3070.0	44.0	1.75633133983	4.78178774706
3080.0	42.0	7.50960557655	5.81995787581
3080.0	44.0	2.27933713724	4.73119186952
3090.0	42.0	8.00651370037	5.81327540142
3090.0	44.0	2.80234293466	4.68059599198
3100.0	42.0	8.5034218242	5.80683158683
3100.0	44.0	3.32534873208	4.63000011444
3110.0	42.0	9.00032994803	5.80014911244
3110.0	44.0	3.86392894762	4.57391506151
3120.0	42.0	9.4808217933	5.7457346781
3120.0	44.0	4.40250916315	4.51759134878
3130.0	42.0	9.9596299177	5.68606972817
3130.0	44.0	4.94087891357	4.46150629584
3140.0	42.0	10.4384380421	5.62640477824
3140.0	44.0	5.45672889726	4.42355938769
3150.0	42.0	10.9172461665	5.56673982832
3150.0	44.0	5.95721492795	4.39778412932
3160.0	42.0	11.4703484746	5.48201559942
3160.0	44.0	6.45791142375	4.37200887095
3170.0	42.0	12.031658922	5.39442745292
3170.0	44.0	6.95839745444	4.34623361258
3180.0	42.0	12.5927589042	5.30707796623
3180.0	44.0	7.49487301887	4.31449185922
3190.0	42.0	13.0989274929	5.2445490987
3190.0	44.0	8.03513695528	4.28227278626
3200.0	42.0	13.5987821282	5.18488414877
3200.0	44.0	8.5756113568	4.2500537133
3210.0	42.0	14.1041088564	5.08679497109
3210.0	44.0	9.10829854926	4.20423103175
3220.0	42.0	14.6153286077	4.95052022546
3220.0	44.0	9.61088923105	4.10423257567
3230.0	42.0	15.1263378939	4.81400682002
3230.0	44.0	10.1132694477	4.00399545979
3240.0	44.0	10.6194380364	3.90280370471
3250.0	44.0	11.1594915077	3.79158823805
3260.0	44.0	11.6997554441	3.68013411158
3270.0	44.0	12.2385461247	3.5815676143
3280.0	44.0	12.7647088988	3.59922843948
3290.0	44.0	13.2908716729	3.61712792446
3300.0	44.0	13.8170344469	3.63478874964
3310.0	44.0	14.343197221	3.65244957481
3320.0	44.0	14.869359995	3.67011039999
3340.0	51.0	0.429559288746	3.24219337911
3350.0	51.0	1.0298057814	3.23336296652
3360.0	51.0	1.62984180894	3.22453255393
3370.0	51.0	2.17368365221	3.19589337796
3380.0	51.0	2.69332200788	3.15842378941
3390.0	51.0	3.21296036354	3.12119286065
3400.0	51.0	3.74859406754	3.07680213791
3410.0	51.0	4.30022311987	3.02525162117
3420.0	51.0	4.85206263731	2.97346244463
3430.0	51.0	5.40390215475	2.92191192789
3440.0	51.0	5.99215213615	2.89327275193
3450.0	51.0	6.58966258238	2.87012275135
3460.0	51.0	7.18696256349	2.84697275078
3470.0	51.0	7.78173696329	2.8314598638
3480.0	51.0	8.37545903755	2.81928821401
3490.0	51.0	8.96897064669	2.80711656423
3500.0	51.0	9.56269272095	2.79470625464
3510.0	51.0	10.1825124688	2.77227223347
3520.0	51.0	10.8090671001	2.7474516143
3530.0	51.0	11.4356217315	2.72239233533
3540.0	51.0	12.0621763629	2.69733305636
3550.0	51.0	12.6885205291	2.67251243719
3560.0	51.0	13.3150751605	2.64745315822
3570.0	51.0	13.9416297918	2.62239387925
3580.0	51.0	14.5681844232	2.59757326008
3580.0	55.0	15.0432041756	4.67343619799
3590.0	51.0	15.1945285894	2.57251398111
3590.0	55.0	14.9503890622	4.50494237939
3600.0	55.0	14.8575739489	4.33668722059
3610.0	55.0	14.7647588356	4.168193402
3620.0	55.0	14.61006698	4.00304082059
3630.0	55.0	14.2082890857	3.85101452818
3630.0	58.0	14.8569425536	4.7459887771
3640.0	55.0	13.8065111914	3.69922689556
3640.0	58.0	14.4743169843	4.93047280228
3650.0	55.0	13.2677205108	3.73741246351
3650.0	58.0	14.0422321142	5.11113827066
3650.0	59.0	14.9975332468	4.38704443833
3660.0	55.0	12.7289298302	3.77559803147
3660.0	58.0	13.4950228292	5.28297332646
3660.0	59.0	14.4898914024	4.5837001133
3670.0	55.0	12.2151844976	3.80614648583
3670.0	58.0	12.9478135442	5.45480838225
3670.0	59.0	13.982249558	4.78011712846
3680.0	55.0	11.7262740479	3.8292964864
3680.0	58.0	12.4414344904	5.55051096194
3680.0	59.0	13.4748181787	4.97677280342
3690.0	55.0	11.2375740633	3.85244648697
3690.0	58.0	11.945368227	5.62735941744
3690.0	59.0	12.9541274975	5.07366868211
3700.0	55.0	10.7436124511	3.86628875536
3700.0	58.0	11.4493019636	5.70396921315
3700.0	59.0	12.4279647234	5.12784445664
3710.0	55.0	10.2422845599	3.86628875536
3710.0	58.0	11.0428938369	5.78630684405
3710.0	59.0	11.9207438092	5.17414445779
3720.0	55.0	9.74074620369	3.86628875536
3720.0	58.0	10.6364857103	5.86864447495
3720.0	59.0	11.4324647549	5.21233002574
3730.0	55.0	9.23941831256	3.86628875536
3730.0	58.0	10.2351287462	5.95575530185
3730.0	59.0	10.9441857005	5.2505155937
3740.0	55.0	8.77639507138	3.90614494191
3740.0	58.0	9.87944271093	6.08749551129
3740.0	59.0	10.5057868772	5.34001301859
3750.0	55.0	8.31337183021	3.94576246866
3750.0	58.0	9.52396714077	6.21923572073
3750.0	59.0	10.0671775887	5.42951044348
3760.0	55.0	7.85034858903	3.98561865521
3760.0	58.0	9.15249622229	6.35216922917
3760.0	59.0	9.63004155603	5.61375580886
3760.0	60.0	0.385151150615	4.07583205951
3770.0	55.0	7.40563581239	3.9992222638
3770.0	58.0	8.71809623602	6.49083057281
3770.0	59.0	9.19332645355	5.86124602116
3770.0	60.0	0.83723020609	4.04934082174
3780.0	55.0	6.96092303575	4.01258721258
3780.0	58.0	8.28348578464	6.62925325664
3780.0	59.0	8.75682181619	6.10873623347
3780.0	60.0	1.28930926157	4.02284958397
3790.0	55.0	6.51599979401	4.02619082117
3790.0	58.0	7.84045672888	6.75574295049
3790.0	59.0	8.27317299427	6.13355685264
3790.0	60.0	1.73528482886	4.00948463519
3800.0	55.0	6.07128701737	4.03955576995
3800.0	58.0	7.32144976854	6.77149449727
3800.0	59.0	7.7840520795	6.13355685264
3800.0	60.0	2.17536737309	4.00948463519
3810.0	55.0	5.62657424073	4.05315937853
3810.0	58.0	6.8022323431	6.78748470385
3810.0	59.0	7.29514162984	6.13355685264
3810.0	60.0	2.61544991732	4.00948463519
3820.0	55.0	5.17659983635	4.12523463805
3820.0	58.0	6.28301491765	6.80108831243
3820.0	59.0	6.81738583099	6.13021561544
3820.0	60.0	3.05721618242	4.00638205779
3830.0	55.0	4.72452078087	4.22260783633
3830.0	58.0	5.76400795731	6.79297387924
3830.0	59.0	6.35099514806	6.12377180085
3830.0	60.0	3.50529640081	3.99110783061
3840.0	55.0	4.2724417254	4.31974237481
3840.0	58.0	5.24479053187	6.78509810585
3840.0	59.0	5.88439400002	6.11732798626
3840.0	60.0	3.95337661921	3.97559494363
3850.0	55.0	3.8024731356	4.26413464148
3850.0	58.0	4.72873008307	6.78032490986
3850.0	59.0	5.41800331709	6.11088417166
3850.0	60.0	4.40314055848	3.96580989184
3860.0	55.0	3.3322940807	4.20828824835
3860.0	58.0	4.24108242406	6.80347491043
3860.0	59.0	4.94677193664	6.08415427409
3860.0	60.0	4.86763705542	4.00709803719
3870.0	55.0	2.86232549091	4.15268051501
3870.0	58.0	3.75343476506	6.8268635708
3870.0	59.0	4.47448823064	6.05241252073
3870.0	60.0	5.33192308725	4.04814752274
3880.0	55.0	2.37131039015	4.03693051215
3880.0	58.0	3.26578710606	6.85001357138
3880.0	59.0	4.00220452464	6.02067076737
3880.0	60.0	5.7943149331	4.09158360629
3890.0	55.0	1.88008482428	3.92118050929
3890.0	58.0	2.77813944706	6.87340223175
3890.0	59.0	3.52971035353	5.98869035421
3890.0	60.0	6.24807770945	4.14361144262
3900.0	55.0	1.38906972353	3.80543050643
3900.0	58.0	2.2761801606	6.75860686809
3900.0	59.0	3.05174408957	5.95122076565
3900.0	60.0	6.70205095092	4.19587793876
3910.0	55.0	0.869852298082	3.71521710214
3910.0	58.0	1.77443133925	6.64381150442
3910.0	59.0	2.56072898881	5.90062488812
3910.0	60.0	7.15581372727	4.2481444349
3920.0	55.0	0.338848826497	3.63550472903
3920.0	58.0	1.2724720528	6.52925480056
3920.0	59.0	2.06950342295	5.85002901058
3920.0	60.0	7.63925208408	4.30613876623
3930.0	58.0	0.770723231449	6.4144594369
3930.0	59.0	1.57848832219	5.79943313304
3930.0	60.0	8.122900906	4.36413309756
3940.0	58.0	0.268763944992	6.29966407324
3940.0	59.0	1.0824220588	5.68869498597
3940.0	60.0	8.60633926281	4.42236608869
3950.0	59.0	0.586355795417	5.5777181791
3950.0	60.0	9.10093227043	4.46675681144
3960.0	59.0	0.0902895320294	5.46698003204
3960.0	60.0	9.62162295164	4.47916712102
3970.0	60.0	10.1421031677	4.49181609041
3980.0	60.0	10.662793849	4.50446505979
3990.0	60.0	11.1704356934	4.52260320457
4000.0	60.0	11.665028701	4.54646918454
4010.0	60.0	12.1596217086	4.57033516451
4020.0	60.0	12.6542147162	4.59420114448
4030.0	60.0	13.1488077239	4.61806712446
4040.0	60.0	13.6434007315	4.64193310443
4050.0	60.0	14.1379937391	4.6657990844
4060.0	60.0	14.6325867467	4.68966506437
4070.0	60.0	15.1271797543	4.71353104434
4310.0	67.0	15.159170451	6.89941614992
4320.0	67.0	14.7190879068	6.81254398282
4330.0	67.0	14.2790053625	6.72591047552
4340.0	67.0	13.8391332834	6.63903830843
4350.0	67.0	13.4032600414	6.51445789298
4350.0	68.0	0.0822918578636	3.93263617968
4360.0	67.0	12.9739112178	6.3330764452
4360.0	68.0	0.521532541652	3.98466401602
4370.0	67.0	12.5445623941	6.15169499741
4370.0	68.0	0.960773225441	4.03645319255
4380.0	67.0	12.070174037	6.05002592274
4380.0	68.0	1.40253949054	4.04695422374
4390.0	67.0	11.5907345173	5.95718726065
4390.0	68.0	1.84598947653	4.03000937796
4400.0	67.0	11.1112949976	5.86434859856
4400.0	68.0	2.28964992762	4.01282587238
4410.0	67.0	10.6356438498	5.81518467982
4410.0	68.0	2.7265754952	3.98967587181
4420.0	67.0	10.1688322367	5.86721251616
4420.0	68.0	3.16202780701	3.96509391244
4430.0	67.0	9.70181015841	5.91947901229
4430.0	68.0	3.59748011883	3.94027329327
4440.0	67.0	9.23436714993	5.97890530242
4440.0	68.0	4.01988359385	3.91950989069
4450.0	67.0	8.76250437415	6.10229241887
4450.0	68.0	4.4408138131	3.89898514792
4460.0	67.0	8.29085206348	6.22567953533
4460.0	68.0	4.86174403235	3.87846040514
4460.0	70.0	5.12671960537	4.55148104034
4470.0	67.0	7.82109393879	6.32734861
4470.0	68.0	5.3131916925	3.85769700257
4470.0	70.0	5.57227424245	4.53740011215
4480.0	67.0	7.35891255806	6.34142953819
4480.0	68.0	5.81073121165	3.83597896079
4480.0	70.0	6.01803934463	4.52331918397
4490.0	67.0	6.89673117732	6.35527180657
4490.0	68.0	6.30827073081	3.81426091902
4490.0	70.0	6.46022653996	4.51138619398
4500.0	67.0	6.43454979658	6.36935273475
4500.0	68.0	6.79612885492	3.79970267124
4500.0	70.0	6.86979164329	4.51783000858
4510.0	67.0	5.97215795073	6.38343366294
4510.0	68.0	7.19790674919	3.85029854878
4510.0	70.0	7.27914628151	4.52427382317
4520.0	67.0	5.51102889554	6.40013984892
4520.0	68.0	7.59968464347	3.90089442632
4520.0	70.0	7.68871138484	4.53071763776
4530.0	67.0	5.05937077029	6.44095067467
4530.0	68.0	8.00146253774	3.95172896366
4530.0	70.0	8.08459625605	4.54646918454
4540.0	67.0	4.60771264503	6.48176150042
4540.0	68.0	8.39945206005	3.94528514906
4540.0	70.0	8.45943461629	4.57630165951
4550.0	67.0	4.15584405467	6.52233366637
4550.0	68.0	8.79617879169	3.92499906609
4550.0	70.0	8.83427297653	4.60613413447
4560.0	67.0	3.70418592941	6.56314449212
4560.0	68.0	9.19311598844	3.90447432331
4560.0	70.0	9.19037994202	4.64455836222
4570.0	67.0	3.29020105878	6.55932593532
4570.0	68.0	9.56753341847	3.90280370471
4570.0	70.0	9.47092993315	4.71758826094
4580.0	67.0	2.87621618814	6.55526871873
4580.0	68.0	9.88933457108	3.94480782946
4580.0	70.0	9.75147992428	4.79037949985
4590.0	67.0	2.4620208524	6.55145016193
4590.0	68.0	10.2113461888	3.98705061401
4590.0	70.0	10.0322403805	4.86340939856
4600.0	67.0	2.04803598177	6.54739294534
4600.0	68.0	10.5331473414	4.02905473876
4600.0	70.0	10.2940589769	4.94025785407
4610.0	67.0	1.63405111113	6.54357438854
4610.0	68.0	10.8345333784	4.15769237081
4610.0	70.0	10.5434601318	5.01973156737
4620.0	67.0	1.2200662405	6.53975583175
4620.0	68.0	11.1336042992	4.29587639484
4620.0	70.0	10.7928612867	5.09944394048
4630.0	67.0	0.799767416577	6.60180737967
4630.0	68.0	11.3680624313	4.44599340886
4630.0	70.0	11.0471031391	5.18655476737
4640.0	67.0	0.378837197326	6.67149604119
4640.0	68.0	11.6027310285	4.59587176308
4640.0	70.0	11.3019763869	5.27438157367
4650.0	67.0	-0.0420930219251	6.74118470271
4650.0	68.0	11.8371891607	4.7459887771
4650.0	70.0	11.5749496341	5.42282796909
4660.0	68.0	12.0886949667	4.90326558511
4660.0	70.0	11.8481333464	5.57103570471
4670.0	68.0	12.3572484466	5.06770218712
4670.0	70.0	12.1211065936	5.71948210013
4680.0	68.0	12.6258019264	5.23237744892
4680.0	70.0	12.3671403067	5.87413365035
4690.0	68.0	12.9337123818	5.42044137109
4690.0	70.0	12.5498240219	6.04382076794
4700.0	68.0	13.2679309759	5.62401818025
4700.0	70.0	12.732507737	6.21326922574
4710.0	68.0	13.60214957	5.8275949894
4710.0	70.0	12.9154019173	6.38295634334
4720.0	68.0	13.9359472339	6.01637489098
4720.0	70.0	13.1403891195	6.50634345979
4730.0	68.0	14.2676402466	6.14668314162
4730.0	70.0	13.4076798087	6.5836692349
4740.0	68.0	14.5993332594	6.27675273246
4740.0	70.0	13.675180963	6.6612336698
4750.0	68.0	14.9308158071	6.40682232331
4750.0	70.0	13.9424716523	6.73855944491
4760.0	70.0	14.2409111777	6.88127800514
4770.0	70.0	14.5469274471	7.04046409155
4780.0	70.0	14.8531541816	7.19965017796
4790.0	70.0	15.159170451	7.35859760456
5000.0	76.0	15.0240518506	3.88943875593
5010.0	76.0	14.6340600025	3.89635989012
5020.0	76.0	14.2440681543	3.90351968411
5030.0	76.0	13.8540763062	3.9104408183
5030.0	77.0	14.9165041796	7.48460997881
5040.0	76.0	13.6000449189	3.90280370471
5040.0	77.0	14.587126283	7.1628965688
5050.0	76.0	13.4815530622	3.88036968354
5050.0	77.0	14.2695344326	6.85454810757
5060.0	76.0	13.3632716706	3.85817432217
5060.0	77.0	14.059069323	6.6652908864
5070.0	76.0	13.2361507443	3.84242277539
5070.0	77.0	13.8486042134	6.47579500542
5080.0	76.0	13.0888251676	3.84242277539
5080.0	77.0	13.6452949175	6.29178829985
5090.0	76.0	12.9414995909	3.84242277539
5090.0	77.0	13.4710298067	6.12806767724
5100.0	76.0	12.7941740141	3.84242277539
5100.0	77.0	13.2965542308	5.96434705464
5110.0	76.0	12.6291693682	3.84385473418
5110.0	77.0	13.12228912	5.80086509184
5120.0	76.0	12.4231240259	3.84886658998
5120.0	77.0	12.9025635456	5.73356302832
5130.0	76.0	12.2168682184	3.85363978597
5130.0	77.0	12.6636856462	5.70778776995
5140.0	76.0	12.010612411	3.85841298197
5140.0	77.0	12.4248077467	5.68201251158
5150.0	76.0	11.8045670687	3.86342483776
5150.0	77.0	12.1859298473	5.65623725321
5160.0	76.0	11.5524298673	3.88776813733
5160.0	77.0	11.9022228795	5.63022333504
5170.0	76.0	11.2314705752	3.94146659227
5170.0	77.0	11.6185159118	5.60444807667
5180.0	76.0	10.910511283	3.9951650472
5180.0	77.0	11.3350194091	5.5784341585
5190.0	76.0	10.5895519908	4.04886350214
5190.0	77.0	11.0513124413	5.55242024033
5200.0	76.0	10.2734333962	4.10136865808
5200.0	77.0	10.7831798917	5.55838673533
5210.0	76.0	9.96447061522	4.15220319541
5210.0	77.0	10.5381985041	5.61184653046
5220.0	76.0	9.65550783429	4.20303773275
5220.0	77.0	10.2934275816	5.6655449854
5230.0	76.0	9.34654505336	4.25363361029
5230.0	77.0	10.0486566591	5.71900478053
5240.0	76.0	9.03737180732	4.30446814763
5240.0	77.0	9.80388573658	5.77270323547
5250.0	76.0	8.7768160016	4.37797536594
5250.0	77.0	9.57405783687	5.81852591701
5260.0	76.0	8.53709624174	4.46126763604
5260.0	77.0	9.35938342505	5.85671148497
5270.0	76.0	8.29716601677	4.54455990614
5270.0	77.0	9.14470901323	5.89489705292
5280.0	76.0	8.0574462569	4.62785217624
5280.0	77.0	8.93003460141	5.93308262088
5290.0	76.0	7.83477417092	4.69849547696
5290.0	77.0	8.71536018959	5.97126818883
5290.0	86.0	0.414195335743	3.61235472846
5300.0	76.0	7.63798929342	4.7502846535
5300.0	77.0	8.50279042887	6.07174396451
5300.0	86.0	0.947934853753	3.62929957424
5310.0	76.0	7.44141488103	4.80231248983
5310.0	77.0	8.29232531925	6.23450994791
5310.0	86.0	1.48146390665	3.64648307982
5320.0	76.0	7.24463000353	4.85410166637
5320.0	77.0	8.08186020962	6.39727593132
5320.0	86.0	1.95732551952	3.61569596566
5320.0	89.0	14.9202925516	6.82376099341
5330.0	76.0	7.04784512603	4.90612950271
5330.0	77.0	7.87139509999	6.55980325492
5330.0	86.0	2.40835224944	3.56462276852
5330.0	89.0	14.3852902429	6.69440738196
5340.0	76.0	6.81864862165	4.98536455621
5340.0	77.0	7.66050906015	6.71326150614
5340.0	86.0	2.85937897937	3.51331091158
5340.0	89.0	13.8502879342	6.56505377052
5350.0	76.0	6.58124397799	5.07175940371
5350.0	77.0	7.44478232278	6.78318882746
5350.0	86.0	3.32913710406	3.46915884863
5350.0	89.0	13.2765600454	6.40037850872
5360.0	76.0	6.34404979944	5.15815425121
5360.0	77.0	7.22926605053	6.85311614877
5360.0	86.0	3.80121034495	3.42596142489
5360.0	89.0	12.6929402964	6.22687283432
5370.0	76.0	6.10664515578	5.2443104389
5370.0	77.0	7.01353931316	6.92280481029
5370.0	86.0	4.27307312073	3.38252534134
5370.0	89.0	12.1156345007	6.09322334648
5380.0	76.0	5.86587307037	5.3302279668
5380.0	77.0	6.7980230409	6.9927321316
5380.0	86.0	4.69189868888	3.30376760743
5380.0	89.0	11.542117077	5.98630375621
5390.0	76.0	5.59479400918	5.4111336389
5390.0	77.0	6.52736490993	7.02686048296
5390.0	86.0	5.07515565351	3.20138255336
5390.0	89.0	10.9688101184	5.87914550614
5400.0	76.0	5.32371494798	5.49203931101
5400.0	77.0	6.25691724406	7.06098883432
5400.0	86.0	5.45862308325	3.09923615908
5400.0	89.0	10.3929775784	5.93881045607
5410.0	76.0	5.05263588678	5.57294498311
5410.0	77.0	5.98625911308	7.09511718568
5410.0	86.0	5.86755679125	3.12906863404
5410.0	89.0	9.81588224783	6.06959602631
5410.0	94.0	14.9196611562	3.3309748246
5420.0	76.0	4.78155682558	5.65385065521
5420.0	77.0	5.75601028315	7.12948419684
5420.0	86.0	6.28301491765	3.19183616137
5420.0	89.0	9.23878691723	6.20062025636
5420.0	94.0	14.4762111703	3.46748823004
5430.0	76.0	4.51047776438	5.73475632731
5430.0	77.0	5.56596028916	7.1645671874
5430.0	86.0	6.69826257894	3.25460368869
5430.0	89.0	8.67958112096	6.3292578884
5430.0	94.0	14.0327611843	3.60376297567
5430.0	96.0	0.316329059767	2.62979233304
5430.0	97.0	0.315697664438	3.5798969957
5440.0	76.0	4.26254986525	5.79633055564
5440.0	77.0	5.37612076027	7.19941151816
5440.0	86.0	7.11372070534	3.31737121602
5440.0	89.0	8.13237183593	6.45646356165
5440.0	94.0	13.6042542211	3.73621916451
5440.0	96.0	0.845859275585	2.65294233361
5440.0	97.0	0.806712765195	3.55340575793
5450.0	76.0	4.10827893989	5.78034034906
5450.0	77.0	5.18607076628	7.23425584891
5450.0	86.0	7.52265441335	3.27656039027
5450.0	89.0	7.5851625509	6.58390789469
5450.0	94.0	13.210474001	3.85936762117
5450.0	96.0	1.3753894914	2.67609233419
5450.0	97.0	1.29793833106	3.52691452017
5460.0	76.0	3.95400801453	5.76435014248
5460.0	77.0	4.97118588935	7.27912389126
5460.0	86.0	7.93158812135	3.23551090472
5460.0	89.0	7.07688931116	6.73617284691
5460.0	94.0	12.8166937809	3.98251607782
5460.0	96.0	1.90428831189	2.69685573676
5460.0	97.0	1.78895343182	3.5004232824
5470.0	76.0	3.79952662407	5.7485985957
5470.0	77.0	4.7186277578	7.33878884119
5470.0	86.0	8.34052182935	3.19470007896
5470.0	89.0	6.5945032799	6.90514398511
5470.0	94.0	12.4197565841	4.09874340028
5470.0	96.0	2.42539992332	2.69685573676
5470.0	97.0	2.27302318396	3.47918256022
5480.0	76.0	3.64525569871	5.73260838912
5480.0	77.0	4.46606962625	7.39845379112
5480.0	86.0	8.78376135022	3.161287707
5480.0	89.0	6.11043352776	7.07435378311
5480.0	94.0	12.0110333412	4.18752484577
5480.0	96.0	2.94651153476	2.69685573676
5480.0	97.0	2.74656968061	3.46581761144
5490.0	76.0	3.49098477336	5.71661818254
5490.0	77.0	4.2135114947	7.45811874105
5490.0	86.0	9.26151714907	3.13551244864
5490.0	89.0	5.619418427	7.2433249213
5490.0	94.0	11.6020996332	4.27606763147
5490.0	96.0	3.46762314619	2.69685573676
5490.0	97.0	3.22011617727	3.45269132245
5500.0	76.0	3.33650338289	5.70086663576
5500.0	77.0	3.93569755	7.50990791758
5500.0	86.0	9.73948341303	3.10973719027
5500.0	89.0	5.12840332625	7.4122960595
5500.0	94.0	11.1931659252	4.36484907696
5500.0	96.0	3.98873475762	2.69685573676
5500.0	97.0	3.69366267393	3.43932637367
5510.0	76.0	3.18223245754	5.68487642917
5510.0	77.0	3.61999988556	7.54952544434
5510.0	86.0	10.2172392119	3.0839619319
5510.0	89.0	4.69989636305	7.46098265864
5510.0	94.0	10.7833903568	4.48131505922
5510.0	96.0	4.48438009079	2.76511243948
5510.0	97.0	4.17520684475	3.47273874563
5520.0	76.0	2.96019176688	5.65862385121
5520.0	77.0	3.30430222112	7.58938163089
5520.0	86.0	10.7042554756	3.08825780829
5520.0	89.0	4.28696381796	7.47912080342
5520.0	94.0	10.3731938581	4.60971403147
5520.0	96.0	4.97707891242	2.84124491559
5520.0	97.0	4.65864520156	3.51808410758
5530.0	76.0	2.70889642599	5.62783673704
5530.0	77.0	2.98860455668	7.62923781744
5530.0	86.0	11.1935868554	3.10019079828
5530.0	89.0	3.88960569099	7.4924857522
5530.0	94.0	9.96299735945	4.73835166351
5530.0	96.0	5.46977773406	2.9171387319
5530.0	97.0	5.14208355837	3.56319080972
5540.0	76.0	2.4576010851	5.59704962288
5540.0	77.0	2.676274334	7.6609795708
5540.0	86.0	11.6829182353	3.11212378826
5540.0	89.0	3.55412430625	7.48508729841
5540.0	94.0	9.5530113259	4.86675063576
5540.0	96.0	5.96247655569	2.99303254821
5540.0	97.0	5.63499284511	3.60829751187
5550.0	76.0	2.20651620931	5.56626250872
5550.0	77.0	2.376782483	7.6609795708
5550.0	86.0	12.1722496152	3.12405677825
5550.0	89.0	3.21885338661	7.47745018482
5550.0	94.0	9.13923692038	5.0777258987
5550.0	96.0	6.47958933004	3.04124182775
5550.0	97.0	6.21208817571	3.65459751301
5560.0	76.0	1.95522086842	5.53547539455
5560.0	77.0	2.07750109711	7.6609795708
5560.0	86.0	12.6630542508	3.13694440743
5560.0	89.0	2.88337200187	7.47005173103
5560.0	94.0	8.72483111953	5.30898724463
5560.0	96.0	7.02153698733	3.06152791072
5560.0	97.0	6.7891835063	3.70065885436
5570.0	76.0	1.70413599264	5.50468828039
5570.0	77.0	1.77821971123	7.6609795708
5570.0	86.0	13.1540693516	3.15030935622
5570.0	89.0	2.61271387089	7.50418008239
5570.0	94.0	8.31021485356	5.54048725035
5570.0	96.0	7.5632741795	3.0818139937
5570.0	97.0	7.36627883689	3.7469588555
5580.0	76.0	1.43894995451	5.46149085664
5580.0	77.0	1.47893832534	7.6609795708
5580.0	86.0	13.6450844524	3.163674305
5580.0	89.0	2.34226620502	7.53830843375
5580.0	94.0	7.85308463546	5.69728673876
5580.0	96.0	8.10522183679	3.10210007668
5580.0	97.0	7.85097998436	3.76867689728
5590.0	76.0	1.16008368426	5.40588312331
5590.0	77.0	1.21501507787	7.63830688983
5590.0	86.0	14.1363100182	3.17680059399
5590.0	89.0	2.07202900426	7.56981152731
5590.0	94.0	7.35301953499	5.77938570986
5590.0	96.0	8.64695902896	3.12238615965
5590.0	97.0	8.33568113183	3.79039493905
5600.0	76.0	0.881006948892	5.35051404978
5600.0	77.0	0.966245318291	7.60561049727
5600.0	86.0	14.627325119	3.19016554277
5600.0	89.0	1.80431738482	7.59152956909
5600.0	94.0	6.85316489963	5.86124602116
5600.0	96.0	9.16344040799	3.12644337625
5600.0	97.0	8.8203822793	3.81211298082
5610.0	76.0	0.601930213529	5.29490631644
5610.0	77.0	0.717475558713	7.57315276451
5610.0	86.0	15.1183402197	3.20329183175
5610.0	89.0	1.53639530027	7.61324761086
5610.0	94.0	6.35246840383	5.94859550786
5610.0	96.0	9.67360783372	3.12644337625
5610.0	97.0	9.33770551876	3.81855679542
5620.0	76.0	0.323063943275	5.23929858311
5620.0	77.0	0.468705799136	7.54045637195
5620.0	89.0	1.26847321571	7.63496565263
5620.0	94.0	5.84966725693	6.04811664434
5620.0	96.0	10.1835647943	3.12644337625
5620.0	97.0	9.86870899034	3.81855679542
5630.0	77.0	0.219936039559	7.50799863919
5630.0	89.0	1.00644415423	7.88436514333
5630.0	94.0	5.34707657515	6.14739912102
5630.0	96.0	10.6937322201	3.12644337625
5630.0	97.0	10.399922927	3.81855679542
5640.0	89.0	0.744836022965	8.1593012326
5640.0	94.0	4.84427542825	6.2469202575
5640.0	96.0	11.2038996458	3.12644337625
5640.0	97.0	10.9311368637	3.81855679542
5650.0	89.0	0.48343835681	8.43399866207
5650.0	94.0	4.35368125771	6.27675273246
5650.0	96.0	11.7140670715	3.12644337625
5650.0	97.0	11.4619298702	3.80065731044
5660.0	89.0	0.270658130978	8.95308372645
5660.0	94.0	3.86855918003	6.27675273246
5660.0	96.0	12.2250763577	3.13670574763
5660.0	97.0	11.9925124116	3.76461968068
5670.0	89.0	0.0902895320294	9.63493477423
5670.0	94.0	3.38322663723	6.27675273246
5670.0	96.0	12.7360856439	3.14792275822
5670.0	97.0	12.5228844878	3.72858205092
5680.0	94.0	2.89747316421	6.28462850585
5680.0	96.0	13.2473053952	3.15937842861
5680.0	97.0	13.0534670292	3.69278308097
5690.0	94.0	2.40624759835	6.36434087896
5690.0	96.0	13.7583146813	3.17083409899
5690.0	97.0	13.5838391055	3.65674545121
5700.0	94.0	1.91523249759	6.44381459226
5700.0	96.0	14.2695344326	3.18205110958
5700.0	97.0	14.1144216468	3.62070782145
5710.0	94.0	1.44168600093	6.52853882116
5710.0	96.0	14.7807541839	3.19350677997
5710.0	97.0	14.6450041882	3.5849088515
5720.0	94.0	1.1259883365	6.6605176904
5720.0	97.0	15.1753762644	3.54887122174
5730.0	94.0	0.810290672058	6.79249655964
5740.0	94.0	0.49459300762	6.92423676909
5750.0	94.0	0.178895343182	7.05621563833
5860.0	99.0	0.479229054617	5.79680787524
5870.0	99.0	0.88816276262	5.78988674105
5880.0	99.0	1.29709647062	5.78296560686
5890.0	99.0	1.70603017862	5.77628313246
5900.0	99.0	2.10507202647	5.7443027193
5910.0	99.0	2.50306154878	5.70969704834
5920.0	99.0	2.90105107108	5.67485271759
5920.0	101.0	14.562080935	3.95411556165
5930.0	99.0	3.29904059338	5.64024704663
5930.0	101.0	13.8425007252	3.93860267467
5940.0	99.0	3.69681965057	5.60540271587
5940.0	101.0	13.1229205154	3.92332844749
5950.0	99.0	4.10912080033	5.57294498311
5950.0	101.0	12.4163891424	3.86628875536
5960.0	99.0	4.54309985638	5.54382848754
5960.0	101.0	11.7296414896	3.7469588555
5970.0	99.0	4.97686844731	5.51447333218
5970.0	101.0	11.0426833718	3.62762895564
5980.0	99.0	5.41063703825	5.48535683661
5980.0	101.0	10.3559357191	3.50829905579
5990.0	99.0	5.84440562919	5.45600168125
5990.0	101.0	9.6447741137	3.43264389928
6000.0	99.0	6.29753701022	5.43667023747
6000.0	101.0	8.91740669483	3.38586657853
6010.0	99.0	6.77003118132	5.42688518568
6010.0	101.0	8.18982881086	3.33908925779
6020.0	99.0	7.24252535243	5.4171001339
6020.0	101.0	7.46246139199	3.29255059685
6030.0	99.0	7.71501952354	5.40731508211
6030.0	101.0	6.73488350802	3.2457732761
6040.0	99.0	8.18751369465	5.39753003032
6040.0	101.0	6.06223701765	3.27679905007
6050.0	99.0	8.66337530752	5.4116109585
6050.0	101.0	5.3898009924	3.30806348383
6060.0	99.0	9.14113110637	5.44144343347
6060.0	101.0	4.71715450204	3.33908925779
6070.0	99.0	9.61909737033	5.47127590843
6070.0	101.0	4.04450801167	3.37035369155
6080.0	99.0	10.0970636343	5.5011083834
6080.0	101.0	3.36091733561	3.38705987753
6090.0	99.0	10.5750298982	5.53094085836
6090.0	101.0	2.660910381	3.38204802174
6100.0	99.0	10.9382926775	5.56626250872
6100.0	101.0	1.96069296127	3.37727482575
6110.0	99.0	11.2729322018	5.60301611787
6110.0	101.0	1.26068600666	3.37250162975
6120.0	99.0	11.607361261	5.63976972703
6120.0	101.0	0.560468586933	3.36748977396
6130.0	99.0	11.9420007853	5.67652333618
6130.0	101.0	-0.139538367682	3.36271657796
6140.0	99.0	12.3439891446	5.84263055678
6150.0	99.0	12.753554248	6.02329602517
6160.0	99.0	13.1631193513	6.20396149355
6170.0	99.0	13.5737367802	6.40013984892
6180.0	99.0	13.9887739764	6.6593243914
6190.0	99.0	14.4036007074	6.91850893389
6200.0	99.0	14.8186379036	7.17745481658
6280.0	107.0	0.142063948997	2.48062995822
6290.0	107.0	0.720843000467	2.46559439084
6300.0	107.0	1.29962205194	2.45079748326
6310.0	107.0	1.87840110341	2.43576191588
6320.0	107.0	2.4117196912	2.45175212246
6330.0	107.0	2.93998711636	2.47132222603
6340.0	107.0	3.46846500663	2.49089232961
6350.0	107.0	3.99673243179	2.51022377339
6360.0	107.0	4.52499985695	2.52979387696
6370.0	107.0	5.01917193435	2.56081965093
6380.0	107.0	5.51334401175	2.59208408469
6390.0	107.0	6.00730562404	2.62310985865
6400.0	107.0	6.50147770144	2.65437429241
6410.0	107.0	7.02553582441	2.67919491158
6420.0	107.0	7.59421255062	2.69423047897
6430.0	107.0	8.16288927683	2.70950470615
6440.0	107.0	8.73156600303	2.72477893333
6450.0	107.0	9.30024272924	2.74005316051
6460.0	107.0	9.87018224611	2.75341810929
6470.0	107.0	10.4407531583	2.76582841888
6480.0	107.0	11.0111136054	2.77847738826
6490.0	107.0	11.5816845176	2.79112635765
6500.0	107.0	12.1375228721	2.73504130472
6510.0	107.0	12.6916775057	2.67131913819
6520.0	107.0	13.2460426045	2.60783563147
6530.0	107.0	13.8001972381	2.54411346495
6540.0	107.0	14.3543518718	2.48039129842
6550.0	107.0	14.9087169705	2.4169077917
6770.0	119.0	14.9867995262	3.72213823633
6780.0	119.0	14.3722414061	3.71259184434
6790.0	119.0	13.757683286	3.70304545235
6800.0	119.0	13.1616460955	3.53646091215
6810.0	119.0	12.5782368117	3.26534337968
6810.0	120.0	0.708425559	3.95363824205
6820.0	119.0	12.0213461316	3.05054955994
6820.0	120.0	0.964772062523	4.00566607839
6830.0	119.0	11.5048647526	2.92024130929
6830.0	120.0	1.22132903116	4.05793257453
6840.0	119.0	10.9711252346	2.80807120343
6840.0	120.0	1.495565069	4.10566453447
6850.0	119.0	10.3687740908	2.76678305808
6850.0	120.0	1.93017552038	4.11330164806
6860.0	119.0	9.76621248195	2.72573357253
6860.0	120.0	2.36457550664	4.12117742145
6870.0	119.0	9.17754157033	2.69232120057
6870.0	120.0	2.79918595802	4.12881453504
6880.0	119.0	8.62086135537	2.67680831359
6880.0	120.0	3.22011617727	4.14050886523
6890.0	119.0	8.06418114041	2.6615340864
6890.0	120.0	3.64104639652	4.15220319541
6900.0	119.0	7.50813232078	2.64697583862
6900.0	120.0	4.06197661577	4.1636588658
6910.0	119.0	6.95439861736	2.63671346723
6910.0	120.0	4.48290683502	4.17535319599
6920.0	119.0	6.40087537904	2.62621243605
6920.0	120.0	4.97013356381	4.24098464091
6930.0	119.0	5.84735214073	2.61595006466
6930.0	120.0	5.46472657143	4.31258258082
6940.0	119.0	5.2936184373	2.60544903347
6940.0	120.0	5.95931957905	4.38418052074
6950.0	119.0	4.76345682615	2.62692841545
6950.0	120.0	6.45391258667	4.45577846065
6960.0	119.0	4.24908009823	2.6691712
6960.0	120.0	6.92156606025	4.53453619456
6970.0	119.0	3.7344929052	2.71165264434
6970.0	120.0	7.38648348742	4.61400990786
6980.0	119.0	3.22011617727	2.75413408869
6980.0	120.0	7.85119044947	4.69372228096
6990.0	119.0	2.70594991446	2.78205728526
6990.0	120.0	8.31610787663	4.77319599427
7000.0	119.0	2.19494062828	2.67991089098
7000.0	120.0	8.78418228044	4.84527125378
7010.0	119.0	1.683720877	2.57752583691
7010.0	120.0	9.28340552047	4.85099908898
7020.0	119.0	1.21669879875	2.64458924062
7020.0	120.0	9.7826287605	4.85648826437
7030.0	119.0	0.749676720486	2.71165264434
7030.0	120.0	10.2818520005	4.86197743976
7040.0	119.0	0.282865107337	2.77895470786
7040.0	120.0	10.7812857057	4.86746661516
7050.0	120.0	11.2802984806	4.84694187238
7060.0	120.0	11.7795217206	4.81949599541
7070.0	120.0	12.2785344956	4.79228877825
7080.0	120.0	12.7893333166	4.75481918969
7090.0	120.0	13.3279135321	4.69372228096
7100.0	120.0	13.8662832826	4.63286403204
