0.0	2.0	0.51	-6.94
0.0	4.0	2.74	-2.5
0.0	6.0	-1.72	1.32
0.0	8.0	-1.45	-0.76
0.0	10.0	-0.11	-9.9
10.0	1.0	1.28	-6.35
10.0	2.0	0.55	-7.59
10.0	4.0	2.76	-1.77
10.0	6.0	-1.72	1.32
10.0	8.0	-1.45	-0.76
10.0	10.0	-0.1	-9.88
20.0	4.0	2.73	-1.07
20.0	6.0	-1.72	1.32
20.0	8.0	-1.45	-0.76
30.0	4.0	2.73	-0.42
30.0	6.0	-1.72	1.32
30.0	8.0	-1.45	-0.76
40.0	4.0	2.71	0.34
40.0	6.0	-1.72	1.32
40.0	8.0	-1.45	-0.76
50.0	4.0	2.63	0.94
50.0	6.0	-1.72	1.32
50.0	8.0	-1.45	-0.76
60.0	4.0	2.59	1.68
60.0	6.0	-1.72	1.32
60.0	8.0	-1.45	-0.76
70.0	4.0	2.53	2.24
70.0	6.0	-1.72	1.32
70.0	8.0	-1.45	-0.76
80.0	6.0	-1.72	1.32
80.0	8.0	-1.45	-0.76
90.0	6.0	-1.72	1.32
90.0	8.0	-1.45	-0.76
100.0	6.0	-1.72	1.32
100.0	8.0	-1.45	-0.76
110.0	6.0	-1.7	1.32
110.0	8.0	-1.45	-0.76
120.0	6.0	-1.7	1.32
120.0	8.0	-1.45	-0.76
130.0	6.0	-1.7	1.32
130.0	8.0	-1.45	-0.76
140.0	6.0	-1.7	1.32
140.0	8.0	-1.45	-0.76
140.0	11.0	0.4	2.98
150.0	6.0	-1.7	1.32
150.0	8.0	-1.45	-0.76
150.0	11.0	0.34	2.2
160.0	6.0	-1.7	1.32
160.0	8.0	-1.45	-0.76
160.0	11.0	0.34	1.36
170.0	6.0	-1.7	1.32
170.0	8.0	-1.45	-0.76
170.0	11.0	0.4	0.55
170.0	14.0	4.0	-2.41
180.0	6.0	-1.7	1.32
180.0	8.0	-1.51	-0.65
180.0	11.0	0.42	-0.3
180.0	14.0	3.99	-1.8
190.0	6.0	-1.7	1.32
190.0	8.0	-1.45	-0.74
190.0	11.0	0.49	-1.14
190.0	14.0	3.92	-1.35
200.0	6.0	-1.7	1.32
200.0	8.0	-1.45	-0.76
200.0	11.0	0.53	-1.97
200.0	14.0	3.9	-0.88
210.0	6.0	-1.7	1.32
210.0	8.0	-1.55	-0.65
210.0	11.0	0.58	-2.8
210.0	14.0	3.89	-0.4
220.0	6.0	-1.7	1.32
220.0	8.0	-1.52	-0.61
220.0	11.0	0.6	-3.7
220.0	14.0	3.82	0.08
230.0	6.0	-1.7	1.32
230.0	8.0	-1.45	-0.74
230.0	11.0	0.74	-4.63
230.0	14.0	3.8	0.57
240.0	6.0	-1.72	1.32
240.0	8.0	-1.45	-0.76
240.0	11.0	0.71	-5.59
240.0	14.0	3.79	1.05
250.0	6.0	-1.72	1.32
250.0	8.0	-1.45	-0.76
250.0	11.0	0.7	-6.39
250.0	14.0	3.78	1.47
260.0	11.0	0.74	-7.26
260.0	14.0	3.72	1.99
270.0	11.0	0.8	-8.15
270.0	14.0	3.71	2.45
280.0	11.0	0.83	-9.02
280.0	14.0	3.7	2.92
950.0	34.0	-1.31	-7.49
960.0	34.0	-1.31	-7.49
960.0	35.0	0.55	1.93
970.0	34.0	-1.31	-7.49
970.0	35.0	0.48	1.3
980.0	34.0	-1.31	-7.49
980.0	35.0	0.35	0.66
990.0	35.0	0.27	-0.01
1000.0	37.0	0.05	-4.68
1010.0	37.0	-0.22	-4.31
1020.0	37.0	-0.52	-3.93
1030.0	37.0	-0.78	-3.5
1040.0	37.0	-1.05	-3.16
1050.0	37.0	-1.24	-2.85
1060.0	37.0	-1.37	-2.62
1070.0	37.0	-1.57	-2.52
1080.0	37.0	-1.66	-2.54
1080.0	42.0	-2.17	-8.63
1090.0	42.0	-2.18	-8.09
1100.0	42.0	-2.08	-7.59
1110.0	42.0	-2.02	-7.04
1120.0	42.0	-1.9	-6.54
1130.0	42.0	-1.7	-6.02
1140.0	42.0	-1.59	-5.64
1140.0	44.0	-2.39	-2.19
1150.0	42.0	-1.49	-5.32
1150.0	44.0	-2.39	-2.19
1160.0	42.0	-1.36	-4.87
1160.0	44.0	-2.39	-2.19
1170.0	42.0	-1.63	-4.78
1170.0	44.0	-2.39	-2.19
1670.0	56.0	1.48	0.55
1680.0	56.0	1.75	0.66
1690.0	56.0	1.98	0.86
1700.0	56.0	2.29	0.96
1710.0	56.0	2.64	1.08
1720.0	56.0	2.93	1.22
1730.0	56.0	3.19	1.45
1740.0	56.0	3.48	1.57
1750.0	56.0	3.86	1.73
1840.0	59.0	1.76	3.8
1850.0	59.0	1.73	3.27
1860.0	59.0	1.69	2.84
1870.0	59.0	1.68	2.38
1880.0	59.0	1.65	2.11
1890.0	59.0	1.82	1.81
1900.0	59.0	2.05	1.46
1910.0	59.0	1.97	1.12
1920.0	59.0	1.81	0.82
1930.0	59.0	1.81	0.47
1940.0	59.0	1.73	0.14
1950.0	59.0	1.53	-0.08
1960.0	59.0	1.41	-0.32
1970.0	59.0	1.37	-0.62
1980.0	59.0	1.25	-0.84
1990.0	59.0	1.11	-1.02
2000.0	64.0	1.02	-1.18
2000.0	66.0	2.63	-2.22
2010.0	64.0	0.98	-1.44
2010.0	66.0	2.57	-2.94
2020.0	64.0	0.87	-1.61
2020.0	66.0	2.59	-3.64
2030.0	64.0	0.67	-1.73
2030.0	66.0	2.56	-4.38
2040.0	64.0	0.57	-1.88
2040.0	66.0	2.47	-5.07
2050.0	64.0	0.44	-2.11
2050.0	66.0	2.45	-5.77
2060.0	64.0	0.17	-2.29
2060.0	66.0	2.33	-6.47
2100.0	67.0	3.13	-7.14
2110.0	67.0	3.21	-6.34
2120.0	67.0	3.21	-5.55
2130.0	67.0	3.17	-4.74
2130.0	69.0	3.07	-9.21
2140.0	67.0	3.1	-3.94
2140.0	69.0	3.04	-8.45
2150.0	67.0	2.99	-3.16
2150.0	69.0	2.94	-7.66
2160.0	67.0	2.91	-2.44
2160.0	69.0	2.73	-6.87
2170.0	67.0	2.78	-1.69
2170.0	69.0	2.55	-6.06
2180.0	67.0	2.76	-0.89
2180.0	69.0	2.29	-5.24
2190.0	67.0	2.61	-0.14
2190.0	69.0	2.12	-4.47
2200.0	67.0	2.53	0.6
2200.0	69.0	1.93	-3.66
2210.0	67.0	2.42	1.33
2210.0	69.0	1.83	-2.85
2220.0	67.0	2.36	2.12
2220.0	69.0	1.88	-2.04
2230.0	69.0	1.89	-1.23
2240.0	69.0	1.98	-0.45
2300.0	70.0	2.85	0.74
2310.0	70.0	2.93	0.25
2320.0	70.0	3.14	-0.23
2330.0	70.0	3.35	-0.73
2340.0	70.0	3.55	-1.23
2350.0	70.0	3.8	-1.87
2770.0	71.0	2.66	3.27
2770.0	72.0	1.95	3.46
2780.0	71.0	2.67	2.68
2780.0	72.0	1.86	2.86
2790.0	71.0	2.69	2.07
2790.0	72.0	1.83	2.27
2800.0	71.0	2.64	1.45
2800.0	72.0	1.79	1.72
2810.0	71.0	2.63	0.86
2810.0	72.0	1.75	1.16
2820.0	71.0	2.63	0.25
2820.0	72.0	1.79	0.55
2830.0	71.0	2.6	-0.34
2830.0	72.0	1.8	-0.06
2840.0	71.0	2.62	-0.93
2840.0	72.0	1.79	-0.66
2850.0	71.0	2.56	-1.51
2850.0	72.0	1.79	-1.27
2860.0	71.0	2.45	-2.13
2860.0	72.0	1.69	-1.91
2870.0	71.0	2.35	-2.71
2870.0	72.0	1.6	-2.54
2870.0	81.0	3.84	-6.31
2880.0	71.0	2.19	-3.29
2880.0	72.0	1.49	-3.15
2880.0	81.0	3.91	-5.92
2890.0	71.0	2.13	-3.91
2890.0	72.0	1.35	-3.77
2890.0	81.0	4.04	-5.4
2900.0	71.0	2.06	-4.54
2900.0	72.0	1.29	-4.42
2900.0	81.0	4.04	-5.02
2910.0	71.0	2.02	-5.18
2910.0	72.0	1.2	-5.06
2910.0	81.0	4.09	-4.53
2920.0	71.0	2.09	-5.8
2920.0	72.0	1.09	-5.73
2920.0	81.0	4.12	-3.99
2930.0	71.0	2.15	-6.46
2930.0	72.0	0.99	-6.42
2940.0	71.0	2.28	-7.13
2940.0	72.0	0.83	-7.1
2950.0	71.0	2.38	-7.77
2950.0	72.0	0.76	-7.76
2960.0	71.0	2.43	-8.43
2960.0	72.0	0.75	-8.58
2970.0	71.0	2.48	-9.09
2970.0	72.0	0.7	-9.28
2980.0	71.0	2.45	-9.73
2980.0	72.0	0.85	-9.9
3170.0	86.0	1.41	-9.28
3180.0	86.0	1.41	-9.28
3190.0	86.0	1.41	-9.28
3200.0	86.0	1.41	-9.28
3200.0	87.0	3.36	-8.77
3210.0	86.0	1.41	-9.28
3210.0	87.0	3.33	-8.02
3220.0	86.0	1.41	-9.28
3220.0	87.0	3.35	-7.3
3230.0	86.0	1.41	-9.28
3230.0	87.0	3.32	-6.61
3240.0	86.0	1.41	-9.28
3240.0	87.0	3.22	-5.88
3250.0	86.0	1.41	-9.28
3260.0	86.0	1.41	-9.28
3270.0	86.0	1.41	-9.27
3280.0	86.0	1.41	-9.26
3290.0	86.0	1.41	-9.26
3300.0	86.0	1.41	-9.26
3410.0	90.0	1.28	-0.65
3410.0	93.0	1.41	-9.2
3420.0	90.0	1.33	-1.16
3420.0	93.0	1.41	-9.2
3430.0	90.0	1.34	-1.68
3430.0	93.0	1.41	-9.2
3440.0	90.0	1.47	-2.2
3440.0	93.0	1.41	-9.2
3450.0	90.0	1.57	-2.71
3450.0	93.0	1.41	-9.2
3460.0	90.0	1.64	-3.29
3460.0	93.0	1.41	-9.2
3470.0	90.0	1.75	-3.82
3470.0	93.0	1.41	-9.2
3480.0	90.0	1.85	-4.35
3480.0	93.0	1.41	-9.2
3490.0	90.0	1.9	-4.9
3490.0	93.0	1.41	-9.2
3500.0	90.0	1.96	-5.4
3500.0	93.0	1.41	-9.2
3510.0	90.0	2.06	-5.93
3510.0	93.0	1.41	-9.2
3520.0	90.0	2.08	-6.43
3520.0	93.0	1.41	-9.2
3530.0	90.0	2.07	-6.97
3530.0	93.0	1.41	-9.2
3540.0	90.0	2.14	-7.51
3540.0	93.0	1.43	-9.19
3550.0	90.0	2.12	-8.08
3550.0	93.0	1.47	-9.15
3560.0	90.0	2.09	-8.66
3560.0	93.0	1.45	-9.14
3570.0	90.0	2.28	-9.11
3570.0	93.0	1.4	-9.14
3580.0	90.0	2.16	-9.65
3580.0	93.0	1.38	-9.14
4000.0	96.0	1.98	3.74
4000.0	98.0	3.51	1.98
4000.0	99.0	3.53	-4.78
4000.0	100.0	3.22	-8.86
4000.0	102.0	1.37	-9.2
4010.0	96.0	1.96	3.44
4010.0	98.0	3.53	1.61
4010.0	99.0	3.57	-4.14
4010.0	100.0	2.95	-8.25
4010.0	102.0	1.37	-9.2
4020.0	96.0	1.98	3.11
4020.0	98.0	3.62	1.19
4020.0	99.0	3.43	-3.63
4020.0	100.0	2.65	-7.64
4020.0	102.0	1.37	-9.2
4030.0	96.0	1.86	2.78
4030.0	98.0	3.71	0.79
4030.0	99.0	3.44	-3.09
4030.0	100.0	2.38	-6.99
4030.0	102.0	1.38	-9.18
4040.0	96.0	1.83	2.43
4040.0	98.0	3.8	0.52
4040.0	99.0	3.41	-2.58
4040.0	100.0	2.08	-6.34
4040.0	102.0	1.38	-9.18
4050.0	96.0	1.86	2.07
4050.0	98.0	3.82	0.43
4050.0	99.0	3.31	-2.06
4050.0	100.0	1.79	-5.74
4050.0	102.0	1.38	-9.18
4060.0	96.0	1.8	1.7
4060.0	98.0	3.82	0.37
4060.0	99.0	3.28	-1.54
4060.0	100.0	1.52	-5.09
4060.0	102.0	1.38	-9.18
4070.0	96.0	1.81	1.32
4070.0	98.0	3.82	0.34
4070.0	99.0	3.22	-1.06
4070.0	100.0	1.24	-4.5
4070.0	102.0	1.38	-9.18
4080.0	96.0	1.85	0.94
4080.0	98.0	3.82	0.25
4080.0	99.0	3.14	-0.56
4080.0	100.0	0.97	-3.91
4080.0	102.0	1.38	-9.18
4090.0	96.0	1.84	0.48
4090.0	98.0	3.82	0.25
4090.0	99.0	3.13	0.02
4090.0	100.0	0.68	-3.3
4090.0	102.0	1.38	-9.18
4100.0	96.0	1.86	0.01
4100.0	98.0	3.82	0.25
4100.0	99.0	3.1	0.54
4100.0	100.0	0.39	-2.73
4100.0	102.0	1.38	-9.18
4110.0	96.0	1.9	-0.5
4110.0	98.0	3.82	0.25
4110.0	99.0	3.17	1.02
4110.0	100.0	0.1	-2.15
4110.0	102.0	1.38	-9.18
4120.0	96.0	1.86	-0.92
4120.0	98.0	3.82	0.25
4120.0	99.0	3.22	1.48
4120.0	100.0	-0.21	-1.62
4120.0	102.0	1.38	-9.18
4130.0	96.0	1.9	-1.47
4130.0	98.0	3.82	0.28
4130.0	99.0	3.22	2.0
4130.0	100.0	-0.57	-1.12
4130.0	102.0	1.38	-9.18
4140.0	96.0	1.92	-1.94
4140.0	100.0	-0.88	-0.67
4140.0	102.0	1.38	-9.18
4150.0	96.0	1.87	-2.41
4150.0	100.0	-1.25	-0.36
4150.0	102.0	1.38	-9.18
4160.0	96.0	1.95	-2.91
4160.0	100.0	-1.55	0.04
4160.0	102.0	1.38	-9.18
4170.0	96.0	1.99	-3.4
4170.0	100.0	-1.84	0.49
4170.0	102.0	1.38	-9.18
4180.0	96.0	1.96	-3.89
4180.0	102.0	1.38	-9.18
4190.0	96.0	2.07	-4.38
4190.0	102.0	1.38	-9.18
4200.0	96.0	2.12	-4.88
4200.0	102.0	1.38	-9.18
4210.0	96.0	2.16	-5.35
4210.0	102.0	1.38	-9.18
4220.0	96.0	2.35	-5.82
4220.0	102.0	1.38	-9.18
4230.0	96.0	2.45	-6.3
4230.0	102.0	1.38	-9.18
4240.0	96.0	2.51	-6.75
4240.0	102.0	1.38	-9.18
4250.0	96.0	2.68	-7.2
4250.0	102.0	1.38	-9.18
4260.0	96.0	2.69	-7.62
4260.0	102.0	1.41	-9.18
4490.0	108.0	3.79	-3.58
4500.0	108.0	3.79	-4.26
4510.0	108.0	3.83	-4.98
4520.0	108.0	3.8	-5.78
4530.0	108.0	3.86	-6.44
4540.0	108.0	3.87	-7.12
5240.0	113.0	2.6	-4.18
5240.0	114.0	1.59	-4.09
5250.0	113.0	2.56	-3.84
5250.0	114.0	1.52	-3.76
5260.0	113.0	2.44	-3.44
5260.0	114.0	1.51	-3.39
5270.0	113.0	2.42	-3.09
5270.0	114.0	1.48	-3.04
5280.0	113.0	2.42	-2.68
5280.0	114.0	1.38	-2.62
5290.0	113.0	2.4	-2.37
5290.0	114.0	1.35	-2.25
5300.0	113.0	2.32	-1.99
5300.0	114.0	1.41	-1.84
5310.0	113.0	2.33	-1.62
5310.0	114.0	1.4	-1.44
5320.0	113.0	2.37	-1.21
5320.0	114.0	1.33	-1.03
5330.0	113.0	2.34	-0.83
5330.0	114.0	1.38	-0.71
5340.0	113.0	2.19	-0.38
5340.0	114.0	1.43	-0.34
5350.0	113.0	2.25	0.06
5350.0	114.0	1.41	0.04
5360.0	113.0	2.23	0.43
5360.0	114.0	1.32	0.39
5370.0	113.0	2.1	0.88
5370.0	114.0	1.33	0.75
5820.0	123.0	1.34	-8.38
5820.0	124.0	1.45	-9.23
5830.0	123.0	1.43	-8.32
5830.0	124.0	1.45	-9.23
5840.0	123.0	1.44	-8.32
5840.0	124.0	1.45	-9.23
5850.0	123.0	1.44	-8.32
5850.0	124.0	1.45	-9.23
5860.0	123.0	1.44	-8.32
5860.0	124.0	1.45	-9.23
5870.0	123.0	1.44	-8.32
5870.0	124.0	1.45	-9.23
5880.0	123.0	1.44	-8.32
5880.0	124.0	1.45	-9.23
5890.0	123.0	1.38	-8.31
5890.0	124.0	1.45	-9.23
5900.0	123.0	1.42	-8.3
5900.0	124.0	1.45	-9.23
6320.0	126.0	3.79	-4.9
6330.0	126.0	3.89	-4.25
6340.0	126.0	3.92	-3.49
6350.0	126.0	3.96	-2.8
6360.0	126.0	4.06	-2.13
6370.0	126.0	3.99	-1.39
6710.0	130.0	3.59	-4.85
6720.0	130.0	3.33	-4.13
6730.0	130.0	3.11	-3.4
6740.0	130.0	2.73	-2.76
6750.0	130.0	2.41	-2.11
6760.0	130.0	2.03	-1.48
6760.0	132.0	1.83	2.08
6770.0	130.0	1.62	-0.87
6770.0	132.0	1.78	1.45
6780.0	130.0	1.33	-0.23
6780.0	132.0	1.88	0.79
6790.0	130.0	1.06	0.39
6790.0	132.0	1.92	0.16
6800.0	130.0	0.98	0.98
6800.0	132.0	1.94	-0.49
6800.0	137.0	3.29	-3.01
6810.0	130.0	0.98	1.56
6810.0	132.0	2.05	-1.14
6810.0	137.0	3.08	-3.48
6820.0	132.0	2.06	-1.8
6820.0	137.0	2.86	-3.93
6830.0	132.0	2.21	-2.47
6830.0	137.0	2.61	-4.34
6840.0	132.0	2.28	-3.08
6840.0	137.0	2.43	-4.79
6850.0	132.0	2.35	-3.75
6850.0	137.0	2.26	-5.22
6860.0	132.0	2.57	-4.42
6860.0	137.0	2.1	-5.62
6870.0	132.0	2.72	-5.08
6870.0	137.0	2.08	-6.08
6880.0	132.0	2.96	-5.92
6880.0	137.0	2.13	-6.5
6890.0	132.0	3.16	-6.58
6890.0	137.0	2.11	-6.97
6890.0	142.0	0.6	-9.34
6900.0	132.0	3.26	-7.33
6900.0	137.0	2.17	-7.44
6900.0	142.0	0.6	-8.96
6910.0	132.0	3.42	-8.07
6910.0	137.0	2.22	-7.88
6910.0	142.0	0.59	-8.5
6920.0	132.0	3.42	-8.84
6920.0	137.0	2.23	-8.43
6920.0	142.0	0.82	-7.99
6930.0	132.0	3.48	-9.63
6930.0	137.0	2.32	-8.87
6930.0	142.0	0.99	-7.51
6940.0	142.0	1.21	-7.03
6950.0	142.0	1.31	-6.53
6960.0	142.0	1.28	-6.02
6970.0	142.0	1.33	-5.35
6970.0	145.0	2.46	2.98
6980.0	142.0	1.37	-4.86
6980.0	145.0	2.51	2.45
6990.0	142.0	1.32	-4.33
6990.0	145.0	2.6	1.9
7000.0	142.0	1.36	-3.72
7000.0	145.0	2.66	1.36
7010.0	142.0	1.33	-3.16
7010.0	145.0	2.68	0.84
7020.0	142.0	1.25	-2.6
7020.0	145.0	2.69	0.31
7020.0	148.0	2.08	-9.65
7030.0	142.0	1.34	-2.05
7030.0	145.0	2.53	-0.18
7030.0	148.0	2.21	-8.97
7040.0	142.0	1.45	-1.65
7040.0	145.0	2.36	-0.61
7040.0	148.0	2.2	-8.13
7050.0	142.0	1.44	-1.12
7050.0	145.0	2.17	-1.09
7050.0	148.0	2.16	-7.45
7060.0	142.0	1.41	-0.52
7060.0	145.0	1.95	-1.56
7060.0	148.0	2.11	-6.72
7070.0	142.0	1.45	-0.11
7070.0	145.0	1.85	-1.99
7070.0	148.0	1.96	-5.98
7080.0	142.0	1.38	0.42
7080.0	145.0	1.85	-2.54
7080.0	148.0	1.83	-5.29
7090.0	142.0	1.38	0.91
7090.0	145.0	1.82	-3.13
7090.0	148.0	1.64	-4.57
7100.0	142.0	1.41	1.44
7100.0	145.0	1.99	-3.67
7100.0	148.0	1.4	-3.87
7110.0	142.0	1.41	2.08
7110.0	145.0	2.1	-4.27
7110.0	148.0	1.28	-3.15
7120.0	142.0	1.43	2.45
7120.0	145.0	2.27	-4.96
7120.0	148.0	1.14	-2.35
7130.0	142.0	1.48	3.1
7130.0	145.0	2.44	-5.52
7130.0	148.0	1.12	-1.72
7140.0	142.0	1.51	3.59
7140.0	145.0	2.53	-6.17
7140.0	148.0	1.22	-1.03
7150.0	145.0	2.57	-6.81
7150.0	148.0	1.27	-0.3
7160.0	145.0	2.59	-7.47
7170.0	145.0	2.56	-8.12
7180.0	145.0	2.56	-8.78
7190.0	145.0	2.53	-9.4
7260.0	154.0	-1.83	-8.62
7270.0	154.0	-1.83	-8.6
7270.0	155.0	-0.41	-6.85
7280.0	154.0	-1.81	-8.6
7280.0	155.0	-0.41	-6.85
7290.0	154.0	-1.8	-8.62
7290.0	155.0	-0.62	-6.8
7300.0	154.0	-1.78	-8.64
7300.0	155.0	-0.64	-6.79
7480.0	156.0	1.42	-9.38
7480.0	157.0	2.25	-9.31
7480.0	159.0	2.08	-4.13
7490.0	156.0	1.45	-8.78
7490.0	157.0	2.17	-8.67
7490.0	159.0	2.08	-3.52
7500.0	156.0	1.46	-8.11
7500.0	157.0	2.12	-8.01
7500.0	159.0	2.03	-2.93
7510.0	156.0	1.34	-7.43
7510.0	157.0	2.04	-7.34
7510.0	159.0	1.93	-2.36
7520.0	156.0	1.36	-6.75
7520.0	157.0	2.05	-6.68
7520.0	159.0	1.92	-1.78
7530.0	156.0	1.47	-5.97
7530.0	157.0	2.11	-5.99
7530.0	159.0	1.85	-1.2
7540.0	156.0	1.45	-5.29
7540.0	157.0	2.06	-5.28
7540.0	159.0	1.78	-0.63
7550.0	156.0	1.45	-4.59
7550.0	157.0	2.08	-4.58
7550.0	159.0	1.76	-0.05
7560.0	156.0	1.38	-3.87
7560.0	157.0	2.13	-3.92
7560.0	159.0	1.67	0.55
7570.0	156.0	1.34	-3.2
7570.0	157.0	2.18	-3.24
7570.0	159.0	1.64	1.14
7580.0	156.0	1.24	-2.49
7580.0	157.0	2.16	-2.54
7580.0	159.0	1.55	1.71
7590.0	156.0	1.19	-1.82
7590.0	157.0	2.01	-1.81
7590.0	159.0	1.42	2.29
7600.0	156.0	1.27	-1.17
7600.0	157.0	1.97	-1.14
7600.0	159.0	1.35	2.87
7610.0	156.0	1.32	-0.52
7610.0	157.0	1.89	-0.48
7610.0	159.0	1.2	3.49
7620.0	156.0	1.32	0.11
7620.0	157.0	1.88	0.13
7630.0	156.0	1.33	0.72
7630.0	157.0	1.89	0.75
7640.0	156.0	1.23	1.36
7640.0	157.0	1.79	1.39
7650.0	156.0	1.15	1.93
7650.0	157.0	1.83	2.03
7660.0	156.0	1.09	2.57
7660.0	157.0	1.77	2.66
7670.0	156.0	1.01	3.19
7670.0	157.0	1.69	3.27
8050.0	164.0	2.18	-7.98
8050.0	167.0	1.12	1.03
8060.0	164.0	2.21	-7.44
8060.0	167.0	1.12	0.33
8070.0	164.0	2.23	-6.87
8070.0	167.0	1.06	-0.36
8080.0	164.0	2.23	-6.24
8080.0	167.0	1.08	-1.01
8090.0	164.0	2.31	-5.63
8090.0	167.0	1.13	-1.7
8090.0	168.0	0.9	1.86
8090.0	170.0	-0.55	-0.49
8100.0	164.0	2.23	-5.04
8100.0	167.0	1.11	-2.41
8100.0	168.0	0.96	1.55
8100.0	170.0	-0.55	-0.49
8110.0	164.0	2.2	-4.41
8110.0	167.0	1.16	-3.09
8110.0	168.0	0.97	1.12
8110.0	170.0	-0.55	-0.49
8120.0	164.0	2.2	-3.72
8120.0	167.0	1.17	-3.77
8120.0	168.0	0.9	0.68
8120.0	170.0	-0.56	-0.42
8130.0	164.0	2.13	-3.07
8130.0	167.0	1.15	-4.48
8130.0	168.0	0.95	0.23
8130.0	170.0	-0.56	-0.41
8140.0	164.0	2.12	-2.48
8140.0	167.0	1.21	-5.21
8140.0	168.0	0.94	-0.18
8140.0	170.0	-0.56	-0.41
8150.0	164.0	2.18	-1.88
8150.0	170.0	-0.56	-0.41
9260.0	175.0	1.64	2.0
9270.0	175.0	1.63	1.5
9280.0	175.0	1.62	1.01
9290.0	175.0	1.61	0.49
9300.0	175.0	1.64	-0.01
9310.0	175.0	1.6	-0.5
9320.0	175.0	1.58	-1.01
9330.0	175.0	1.64	-1.52
9340.0	175.0	1.66	-2.04
9350.0	175.0	1.76	-2.55
9360.0	175.0	1.83	-3.11
9370.0	175.0	1.83	-3.65
9380.0	175.0	1.9	-4.22
9390.0	175.0	1.8	-4.76
9400.0	175.0	1.76	-5.28
9400.0	181.0	1.17	-9.88
9410.0	175.0	1.61	-5.79
9410.0	181.0	1.21	-9.22
9410.0	185.0	-0.88	-1.08
9410.0	186.0	-0.11	-0.77
9420.0	175.0	1.58	-6.22
9420.0	181.0	1.39	-8.65
9420.0	185.0	-0.86	-1.04
9420.0	186.0	0.13	-1.28
9420.0	188.0	3.91	-5.44
9430.0	175.0	1.45	-6.7
9430.0	181.0	1.58	-8.14
9430.0	185.0	-0.85	-1.0
9430.0	186.0	0.39	-1.75
9430.0	188.0	3.92	-5.15
9440.0	175.0	1.33	-7.16
9440.0	181.0	1.54	-7.67
9440.0	185.0	-0.85	-1.0
9440.0	186.0	0.54	-2.26
9440.0	188.0	3.98	-4.88
9450.0	175.0	1.31	-7.57
9450.0	181.0	1.58	-7.1
9450.0	185.0	-0.87	-1.03
9450.0	186.0	0.56	-2.82
9450.0	188.0	4.02	-4.54
9460.0	175.0	1.29	-8.06
9460.0	181.0	1.73	-6.55
9460.0	185.0	-0.91	-1.07
9460.0	186.0	0.64	-3.38
9470.0	181.0	1.8	-5.92
9470.0	185.0	-0.93	-1.09
9470.0	186.0	0.63	-3.96
9480.0	181.0	1.88	-5.25
9480.0	185.0	-0.93	-1.07
9480.0	186.0	0.77	-4.61
9490.0	181.0	1.99	-4.66
9490.0	185.0	-0.92	-1.05
9490.0	186.0	0.82	-5.21
9500.0	181.0	2.06	-4.12
9500.0	185.0	-0.88	-1.04
9500.0	186.0	0.81	-5.87
9500.0	194.0	1.72	-8.94
9510.0	181.0	2.12	-3.45
9510.0	185.0	-0.86	-1.04
9510.0	194.0	1.78	-8.3
9520.0	181.0	2.14	-2.76
9520.0	185.0	-0.84	-1.04
9520.0	194.0	1.8	-7.81
9530.0	181.0	2.12	-2.17
9530.0	185.0	-0.85	-0.99
9530.0	194.0	1.88	-7.26
9540.0	181.0	2.22	-1.52
9540.0	185.0	-0.87	-1.0
9540.0	194.0	1.96	-6.65
9550.0	181.0	2.21	-0.82
9550.0	185.0	-0.91	-1.03
9550.0	194.0	1.98	-6.05
9550.0	200.0	2.01	-9.81
9560.0	181.0	2.16	-0.18
9560.0	185.0	-0.91	-0.98
9560.0	194.0	2.04	-5.44
9560.0	200.0	1.99	-9.27
9570.0	181.0	2.27	0.47
9570.0	185.0	-0.91	-0.99
9570.0	194.0	2.06	-4.85
9570.0	200.0	2.06	-8.71
9580.0	181.0	2.15	1.13
9580.0	185.0	-0.9	-1.03
9580.0	194.0	2.09	-4.22
9580.0	200.0	2.13	-8.19
9590.0	181.0	2.13	1.71
9590.0	185.0	-0.89	-1.05
9590.0	194.0	2.16	-3.62
9590.0	200.0	2.13	-7.64
9590.0	202.0	-0.04	-5.7
9600.0	181.0	2.13	2.37
9600.0	185.0	-0.88	-1.08
9600.0	194.0	2.15	-3.04
9600.0	200.0	2.14	-7.03
9600.0	202.0	-0.04	-5.7
9610.0	181.0	2.01	3.01
9610.0	185.0	-0.86	-1.08
9610.0	194.0	2.14	-2.5
9610.0	200.0	2.12	-6.46
9610.0	204.0	-0.12	-5.85
9620.0	185.0	-0.91	-1.0
9620.0	194.0	2.1	-1.94
9620.0	200.0	2.13	-5.9
9620.0	204.0	-0.12	-5.85
9630.0	185.0	-0.91	-1.06
9630.0	194.0	1.99	-1.37
9630.0	200.0	2.2	-5.32
9630.0	204.0	-0.43	-6.03
9630.0	205.0	3.5	0.27
9640.0	185.0	-0.94	-1.11
9640.0	194.0	1.92	-0.83
9640.0	200.0	2.15	-4.73
9640.0	204.0	-0.62	-6.04
9640.0	205.0	3.44	-0.23
9650.0	185.0	-0.94	-1.13
9650.0	194.0	1.84	-0.3
9650.0	200.0	2.04	-4.16
9650.0	204.0	-0.9	-5.92
9650.0	205.0	3.33	-0.65
9660.0	185.0	-0.92	-1.12
9660.0	194.0	1.79	0.24
9660.0	200.0	1.96	-3.54
9660.0	204.0	-1.1	-5.88
9660.0	205.0	3.34	-1.19
9670.0	185.0	-0.88	-1.08
9670.0	194.0	1.75	0.86
9670.0	200.0	1.85	-2.95
9670.0	204.0	-1.24	-5.88
9670.0	205.0	3.39	-1.62
9680.0	185.0	-0.89	-0.98
9680.0	194.0	1.69	1.29
9680.0	200.0	1.79	-2.42
9680.0	204.0	-1.36	-5.8
9680.0	205.0	3.4	-2.14
9690.0	185.0	-0.94	-0.95
9690.0	194.0	1.73	1.84
9690.0	200.0	1.78	-1.86
9690.0	204.0	-1.45	-5.69
9690.0	205.0	3.42	-2.51
9700.0	185.0	-0.95	-0.93
9700.0	194.0	1.77	2.35
9700.0	200.0	1.68	-1.2
9700.0	204.0	-1.46	-5.68
9700.0	205.0	3.44	-2.96
9710.0	185.0	-0.9	-1.02
9710.0	194.0	1.82	2.96
9710.0	200.0	1.73	-0.75
9710.0	204.0	-1.46	-5.68
9710.0	205.0	3.51	-3.43
9720.0	185.0	-0.89	-1.05
9720.0	200.0	1.86	-0.26
9720.0	204.0	-1.44	-5.68
9720.0	205.0	3.65	-3.92
9730.0	185.0	-0.9	-1.09
9730.0	200.0	1.79	0.32
9730.0	204.0	-1.44	-5.68
9740.0	185.0	-0.9	-1.11
9740.0	200.0	1.8	0.86
9740.0	204.0	-1.44	-5.68
9750.0	185.0	-0.92	-1.11
9750.0	200.0	1.76	1.26
9750.0	204.0	-1.44	-5.68
9760.0	185.0	-0.95	-1.11
9760.0	200.0	1.69	1.89
9760.0	204.0	-1.44	-5.68
9770.0	185.0	-0.96	-1.11
9770.0	200.0	1.7	2.39
9770.0	204.0	-1.44	-5.68
9770.0	213.0	0.36	-5.16
9780.0	185.0	-0.94	-1.11
9780.0	200.0	1.75	2.94
9780.0	204.0	-1.44	-5.68
9780.0	213.0	0.5	-5.45
9790.0	185.0	-0.94	-1.11
9790.0	204.0	-1.44	-5.68
9790.0	213.0	0.66	-5.5
9800.0	185.0	-0.94	-1.11
9800.0	204.0	-1.44	-5.68
9800.0	213.0	0.55	-5.65
9810.0	185.0	-0.94	-1.11
9810.0	204.0	-1.44	-5.68
9810.0	213.0	0.44	-5.93
9820.0	185.0	-0.94	-1.11
9820.0	204.0	-1.44	-5.68
9820.0	213.0	0.51	-6.24
9830.0	185.0	-0.94	-1.11
9830.0	204.0	-1.44	-5.68
9830.0	213.0	0.57	-6.64
9840.0	185.0	-0.94	-1.11
9840.0	204.0	-1.44	-5.68
9840.0	213.0	0.59	-6.98
9850.0	185.0	-0.94	-1.11
9850.0	204.0	-1.44	-5.68
9850.0	213.0	0.61	-7.32
9860.0	185.0	-0.97	-1.03
9860.0	204.0	-1.44	-5.68
9860.0	213.0	0.75	-7.71
9870.0	185.0	-0.92	-1.1
9870.0	204.0	-1.44	-5.68
9870.0	213.0	0.83	-8.05
9880.0	185.0	-0.92	-1.11
9880.0	204.0	-1.44	-5.68
9880.0	213.0	0.83	-8.44
9890.0	185.0	-0.92	-1.11
9890.0	204.0	-1.44	-5.68
9890.0	213.0	0.88	-8.83
9900.0	185.0	-0.92	-1.11
9900.0	204.0	-1.44	-5.68
9900.0	213.0	0.95	-9.26
9910.0	185.0	-0.94	-1.11
9910.0	204.0	-1.44	-5.68
9920.0	185.0	-0.94	-1.11
9930.0	185.0	-0.94	-1.11
9940.0	185.0	-0.94	-1.11
9950.0	185.0	-0.92	-1.13
9960.0	185.0	-0.9	-1.15
9970.0	185.0	-0.9	-1.08
9980.0	185.0	-0.91	-1.07
9990.0	185.0	-0.95	-1.05
10020.0	220.0	3.4	0.88
10030.0	220.0	3.4	0.25
10040.0	220.0	3.34	-0.34
10050.0	220.0	3.24	-0.92
10050.0	222.0	-0.94	-0.96
10060.0	220.0	3.24	-1.51
10060.0	222.0	-0.99	-1.05
10070.0	220.0	3.14	-2.12
10070.0	222.0	-1.02	-1.15
10080.0	220.0	3.14	-2.74
10080.0	222.0	-1.02	-1.2
10090.0	220.0	3.16	-3.32
10090.0	222.0	-1.06	-1.2
10100.0	220.0	3.23	-3.9
10100.0	222.0	-1.09	-1.17
10110.0	220.0	3.47	-4.41
10110.0	222.0	-1.11	-1.15
10120.0	220.0	3.54	-5.06
10120.0	222.0	-1.11	-1.13
10130.0	220.0	3.6	-5.66
10130.0	222.0	-1.13	-1.11
10140.0	220.0	3.58	-6.32
10140.0	222.0	-1.15	-1.08
10150.0	220.0	3.4	-6.92
10150.0	222.0	-1.15	-1.08
10160.0	220.0	3.32	-7.52
10160.0	222.0	-1.15	-1.08
10170.0	220.0	3.12	-8.05
10170.0	222.0	-1.15	-1.08
10180.0	220.0	2.93	-8.68
10180.0	222.0	-1.15	-1.08
10190.0	220.0	2.82	-9.24
10190.0	222.0	-1.15	-1.08
10200.0	222.0	-1.15	-1.08
10210.0	222.0	-1.15	-1.1
10220.0	222.0	-1.21	-1.19
10230.0	222.0	-1.33	-1.31
10240.0	222.0	-1.34	-1.32
10250.0	222.0	-1.69	-1.46
10260.0	222.0	-1.76	-1.4
10260.0	232.0	3.52	-10.01
10270.0	232.0	3.43	-9.55
10280.0	232.0	3.44	-9.17
10290.0	232.0	3.54	-8.78
10300.0	232.0	3.56	-8.35
10310.0	232.0	3.56	-7.92
10320.0	232.0	3.63	-7.49
10330.0	232.0	3.59	-7.11
10340.0	232.0	3.65	-6.6
10350.0	232.0	3.64	-6.25
10360.0	232.0	3.71	-5.78
10370.0	232.0	3.64	-5.35
10370.0	234.0	2.63	2.4
10370.0	235.0	4.0	-9.3
10380.0	232.0	3.63	-5.03
10380.0	234.0	2.53	1.59
10380.0	235.0	4.02	-8.91
10390.0	232.0	3.63	-4.68
10390.0	234.0	2.38	0.82
10390.0	235.0	4.04	-8.55
10400.0	232.0	3.64	-4.33
10400.0	234.0	2.26	-0.02
10400.0	235.0	3.97	-8.19
10410.0	232.0	3.58	-3.97
10410.0	234.0	2.04	-0.91
10410.0	235.0	3.92	-7.87
10420.0	232.0	3.48	-3.68
10420.0	234.0	1.94	-1.82
10420.0	235.0	3.98	-7.55
10430.0	232.0	3.52	-3.34
10430.0	234.0	1.75	-2.64
10430.0	235.0	3.94	-7.21
10440.0	232.0	3.64	-2.96
10440.0	234.0	1.67	-3.54
10440.0	235.0	3.87	-6.89
10440.0	239.0	1.13	4.18
10450.0	232.0	3.65	-2.58
10450.0	234.0	1.6	-4.5
10450.0	235.0	3.95	-6.5
10450.0	239.0	1.12	4.2
10460.0	232.0	3.65	-2.2
10460.0	234.0	1.5	-5.38
10460.0	235.0	3.89	-6.17
10460.0	239.0	1.13	4.19
10470.0	232.0	3.66	-1.81
10470.0	234.0	1.44	-6.28
10470.0	235.0	3.81	-5.81
10470.0	239.0	1.1	4.21
10480.0	232.0	3.68	-1.37
10480.0	234.0	1.36	-7.16
10480.0	235.0	3.82	-5.41
10480.0	239.0	1.09	4.19
10490.0	232.0	3.65	-0.98
10490.0	234.0	1.42	-8.07
10490.0	235.0	3.83	-4.95
10490.0	239.0	1.08	4.19
10500.0	232.0	3.65	-0.62
10500.0	235.0	3.77	-4.52
10500.0	239.0	1.09	4.19
10510.0	232.0	3.64	-0.13
10510.0	235.0	3.81	-4.12
10510.0	239.0	1.15	4.2
10520.0	232.0	3.56	0.21
10520.0	235.0	3.83	-3.76
10520.0	239.0	1.12	4.21
10530.0	232.0	3.49	0.61
10530.0	235.0	3.81	-3.39
10530.0	239.0	1.1	4.19
10540.0	232.0	3.57	1.02
10540.0	235.0	3.82	-3.02
10540.0	239.0	1.08	4.19
10550.0	232.0	3.58	1.36
10550.0	235.0	3.82	-2.65
10550.0	239.0	0.99	4.14
10560.0	232.0	3.42	1.73
10560.0	235.0	3.8	-2.26
10570.0	232.0	3.42	2.12
10570.0	235.0	3.75	-1.88
10580.0	232.0	3.53	2.47
10580.0	235.0	3.75	-1.46
10590.0	232.0	3.05	2.94
10590.0	235.0	3.68	-1.09
10600.0	235.0	3.64	-0.75
10610.0	235.0	3.66	-0.29
10620.0	235.0	3.61	-0.0
10620.0	253.0	4.02	-9.15
10630.0	235.0	3.55	0.37
10630.0	253.0	3.99	-8.68
10640.0	235.0	3.57	0.73
10640.0	253.0	3.99	-8.24
10650.0	235.0	3.51	1.04
10650.0	253.0	4.0	-7.78
10660.0	235.0	3.39	1.34
10660.0	253.0	4.0	-7.36
10670.0	235.0	3.41	1.75
10670.0	253.0	3.91	-6.96
10680.0	235.0	3.44	2.12
10680.0	253.0	3.9	-6.53
10690.0	235.0	3.41	2.47
10690.0	253.0	3.88	-6.07
10700.0	235.0	3.47	2.83
10700.0	253.0	3.94	-5.66
10710.0	235.0	3.51	3.19
10710.0	253.0	3.96	-5.19
10710.0	254.0	2.84	-9.9
10720.0	235.0	3.47	3.55
10720.0	253.0	3.96	-4.73
10720.0	254.0	2.77	-9.22
10720.0	255.0	1.6	4.1
10730.0	235.0	3.52	3.72
10730.0	253.0	4.03	-4.25
10730.0	254.0	2.78	-8.53
10730.0	255.0	1.46	3.51
10740.0	253.0	4.11	-3.86
10740.0	254.0	2.78	-7.89
10740.0	255.0	1.46	2.8
10750.0	253.0	4.12	-3.38
10750.0	254.0	2.76	-7.25
10750.0	255.0	1.39	2.07
10760.0	253.0	4.35	-2.84
10760.0	254.0	2.8	-6.59
10760.0	255.0	1.38	1.4
10770.0	254.0	2.79	-5.91
10770.0	255.0	1.41	0.68
10780.0	254.0	2.8	-5.3
10780.0	255.0	1.43	-0.07
10790.0	254.0	2.85	-4.63
10790.0	255.0	1.53	-0.82
10800.0	254.0	2.88	-3.93
10800.0	255.0	1.57	-1.58
10810.0	254.0	2.97	-3.34
10810.0	255.0	1.55	-2.25
10820.0	254.0	3.0	-2.72
10820.0	255.0	1.59	-2.82
10830.0	254.0	2.98	-2.08
10830.0	255.0	1.57	-3.56
10840.0	254.0	2.99	-1.44
10840.0	255.0	1.6	-4.31
10850.0	254.0	2.93	-0.8
10850.0	255.0	1.68	-5.16
10860.0	254.0	2.85	-0.2
10860.0	255.0	1.65	-5.91
10860.0	260.0	2.37	-1.43
10870.0	254.0	2.76	0.46
10870.0	255.0	1.74	-6.68
10870.0	260.0	2.73	-1.85
10880.0	254.0	2.64	1.07
10880.0	255.0	1.88	-7.54
10880.0	260.0	3.17	-2.21
10890.0	254.0	2.61	1.69
10890.0	255.0	1.83	-8.31
10890.0	260.0	3.66	-2.46
10900.0	254.0	2.58	2.28
10900.0	255.0	1.81	-9.03
10900.0	260.0	4.16	-2.73
10910.0	254.0	2.58	2.84
10920.0	254.0	2.47	3.39
11000.0	262.0	3.39	-9.44
11010.0	262.0	3.45	-8.86
11020.0	262.0	3.43	-8.25
11030.0	262.0	3.48	-7.66
11040.0	262.0	3.43	-6.99
11050.0	262.0	3.37	-6.35
11060.0	262.0	3.31	-5.75
11070.0	262.0	3.22	-5.17
11080.0	262.0	3.22	-4.62
11090.0	262.0	3.23	-4.02
11100.0	262.0	3.17	-3.38
11110.0	262.0	3.19	-2.78
11120.0	262.0	3.28	-2.23
11130.0	262.0	3.28	-1.47
11140.0	262.0	3.36	-0.82
11150.0	262.0	3.38	-0.27
11160.0	262.0	3.36	0.33
11170.0	262.0	3.36	0.94
11180.0	262.0	3.22	1.51
11190.0	262.0	3.17	1.98
11200.0	262.0	3.11	2.6
11210.0	262.0	3.0	3.15
11360.0	267.0	1.57	3.49
11360.0	268.0	1.98	3.77
11370.0	267.0	1.61	2.85
11370.0	268.0	2.13	3.11
11380.0	267.0	1.73	2.12
11380.0	268.0	2.26	2.49
11390.0	267.0	1.75	1.57
11390.0	268.0	2.3	1.9
11400.0	267.0	1.75	0.94
11400.0	268.0	2.43	1.23
11410.0	267.0	1.79	0.23
11410.0	268.0	2.39	0.52
11420.0	267.0	1.83	-0.42
11420.0	268.0	2.45	-0.24
11430.0	267.0	1.84	-1.06
11430.0	268.0	2.47	-0.87
11440.0	267.0	1.91	-1.72
11440.0	268.0	2.46	-1.51
11450.0	267.0	1.95	-2.4
11450.0	268.0	2.49	-2.21
11460.0	267.0	2.02	-3.05
11460.0	268.0	2.48	-2.86
11470.0	267.0	2.09	-3.76
11470.0	268.0	2.54	-3.63
11480.0	267.0	2.13	-4.5
11480.0	268.0	2.64	-4.34
11490.0	267.0	2.2	-5.17
11490.0	268.0	2.71	-5.06
11500.0	267.0	2.22	-5.9
11500.0	268.0	2.9	-5.77
11510.0	267.0	2.19	-6.55
11510.0	268.0	2.9	-6.49
11520.0	267.0	2.14	-7.32
11520.0	268.0	2.89	-7.23
11530.0	267.0	2.06	-7.97
11530.0	268.0	2.94	-7.96
11540.0	267.0	2.13	-8.67
11540.0	268.0	2.95	-8.57
11770.0	278.0	1.34	4.05
11770.0	279.0	1.4	-5.65
11770.0	280.0	2.89	-5.16
11770.0	281.0	3.44	-5.51
11780.0	278.0	1.24	3.41
11780.0	279.0	1.56	-6.2
11780.0	280.0	2.88	-4.59
11780.0	281.0	3.44	-4.92
11790.0	278.0	1.2	2.78
11790.0	279.0	1.63	-6.72
11790.0	280.0	2.89	-3.96
11790.0	281.0	3.39	-4.31
11800.0	278.0	1.15	2.14
11800.0	279.0	1.65	-7.24
11800.0	280.0	2.86	-3.33
11800.0	281.0	3.33	-3.68
11810.0	278.0	1.18	1.49
11810.0	279.0	1.74	-7.73
11810.0	280.0	2.81	-2.73
11810.0	281.0	3.29	-3.06
11820.0	278.0	1.19	0.89
11820.0	279.0	1.84	-8.23
11820.0	280.0	2.78	-2.12
11820.0	281.0	3.27	-2.47
11830.0	278.0	1.17	0.24
11830.0	279.0	1.89	-8.79
11830.0	280.0	2.73	-1.52
11830.0	281.0	3.24	-1.9
11840.0	278.0	1.22	-0.43
11840.0	279.0	2.02	-9.34
11840.0	280.0	2.71	-0.96
11840.0	281.0	3.24	-1.33
11850.0	278.0	1.22	-1.09
11850.0	280.0	2.69	-0.39
11850.0	281.0	3.22	-0.74
11860.0	278.0	1.26	-1.75
11860.0	280.0	2.64	0.21
11860.0	281.0	3.16	-0.16
11870.0	278.0	1.31	-2.42
11870.0	280.0	2.63	0.78
11870.0	281.0	3.24	0.62
11880.0	278.0	1.33	-3.1
11880.0	280.0	2.61	1.36
11880.0	281.0	3.22	1.24
11890.0	278.0	1.42	-3.81
11890.0	280.0	2.53	1.96
11890.0	281.0	3.18	1.83
11900.0	278.0	1.43	-4.51
11900.0	280.0	2.54	2.51
11900.0	281.0	3.22	2.41
11910.0	278.0	1.41	-5.21
11910.0	281.0	3.22	2.96
11920.0	278.0	1.42	-5.93
11920.0	283.0	3.6	-9.28
11930.0	278.0	1.37	-6.67
11930.0	283.0	3.61	-8.69
11940.0	278.0	1.38	-7.38
11940.0	283.0	3.58	-8.08
11950.0	278.0	1.32	-8.15
11950.0	283.0	3.59	-7.45
11960.0	278.0	1.28	-8.85
11960.0	283.0	3.56	-6.82
11970.0	283.0	3.52	-6.22
11980.0	283.0	3.46	-5.59
11990.0	283.0	3.37	-4.96
12450.0	286.0	-0.26	-3.22
12450.0	287.0	3.66	-5.24
12450.0	288.0	3.1	-7.4
12460.0	286.0	-0.27	-2.71
12460.0	287.0	3.56	-4.6
12460.0	288.0	3.03	-6.72
12470.0	286.0	-0.26	-2.15
12470.0	287.0	3.54	-4.03
12470.0	288.0	2.95	-6.06
12480.0	286.0	-0.29	-1.56
12480.0	287.0	3.52	-3.44
12480.0	288.0	2.91	-5.43
12490.0	286.0	-0.25	-1.01
12490.0	287.0	3.53	-2.87
12490.0	288.0	2.91	-4.79
12500.0	286.0	-0.18	-0.46
12500.0	287.0	3.54	-2.32
12500.0	288.0	2.86	-4.12
12510.0	286.0	-0.17	0.09
12510.0	287.0	3.5	-1.75
12510.0	288.0	2.77	-3.44
12520.0	286.0	-0.09	0.61
12520.0	287.0	3.46	-1.2
12520.0	288.0	2.59	-2.84
12520.0	293.0	-0.81	4.04
12530.0	286.0	-0.03	1.14
12530.0	287.0	3.45	-0.7
12530.0	288.0	2.36	-2.18
12530.0	293.0	-0.81	4.04
12540.0	286.0	-0.08	1.79
12540.0	287.0	3.41	-0.14
12540.0	288.0	2.15	-1.58
12540.0	293.0	-0.81	4.04
12550.0	286.0	-0.02	2.31
12550.0	287.0	3.4	0.43
12550.0	288.0	1.89	-1.02
12550.0	293.0	-0.81	4.04
12560.0	286.0	0.03	2.81
12560.0	287.0	3.38	0.96
12560.0	288.0	1.68	-0.46
12560.0	293.0	-0.81	4.04
12570.0	286.0	0.02	3.32
12570.0	287.0	3.44	1.55
12570.0	288.0	1.48	0.07
12570.0	293.0	-0.81	4.04
12580.0	286.0	0.1	3.79
12580.0	287.0	3.47	2.15
12580.0	288.0	1.26	0.62
12580.0	293.0	-0.81	4.04
12590.0	286.0	0.11	4.27
12590.0	287.0	3.43	2.63
12590.0	288.0	1.07	1.14
12590.0	293.0	-0.81	4.04
12600.0	287.0	3.41	3.17
12600.0	288.0	0.84	1.6
12600.0	293.0	-0.81	4.04
12610.0	287.0	3.39	3.62
12610.0	288.0	0.67	2.03
12610.0	293.0	-0.81	4.04
12620.0	288.0	0.47	2.48
12620.0	293.0	-0.81	4.04
12630.0	288.0	0.25	2.83
12630.0	293.0	-0.81	4.04
12640.0	288.0	0.18	3.06
12640.0	293.0	-0.81	4.04
12650.0	288.0	0.09	3.33
12650.0	293.0	-0.81	4.04
12660.0	288.0	0.02	3.33
12660.0	293.0	-0.81	4.04
12670.0	288.0	0.0	3.37
12670.0	293.0	-0.81	4.04
12680.0	288.0	0.0	3.39
12680.0	293.0	-0.81	4.04
12690.0	288.0	0.0	3.39
12690.0	293.0	-0.81	4.04
12700.0	288.0	0.0	3.39
12700.0	293.0	-0.81	4.04
12710.0	288.0	0.0	3.39
12710.0	293.0	-0.81	4.04
12720.0	288.0	0.0	3.39
12720.0	293.0	-0.81	4.04
12730.0	288.0	0.0	3.39
12730.0	293.0	-0.81	4.04
12740.0	288.0	0.0	3.39
12740.0	293.0	-0.81	4.04
12750.0	288.0	0.13	3.49
12750.0	293.0	-0.81	4.04
12790.0	299.0	3.46	-7.18
12800.0	299.0	3.5	-6.4
12810.0	299.0	3.52	-5.63
12820.0	299.0	3.51	-4.88
12830.0	299.0	3.48	-4.14
12840.0	299.0	3.27	-3.44
12850.0	299.0	3.01	-2.77
12860.0	299.0	2.59	-2.09
12870.0	299.0	2.05	-1.64
12880.0	299.0	1.54	-1.14
12890.0	299.0	1.0	-0.72
12900.0	299.0	0.38	-0.24
12910.0	299.0	-0.27	0.21
12920.0	299.0	-0.91	0.61
12930.0	299.0	-1.46	1.04
12940.0	299.0	-2.0	1.45
12950.0	299.0	-2.48	1.84
12960.0	299.0	-3.06	2.21
13060.0	307.0	2.6	-8.67
13070.0	307.0	2.49	-8.26
13080.0	307.0	2.47	-7.74
13090.0	307.0	2.5	-7.26
13100.0	307.0	2.47	-6.78
13110.0	307.0	2.46	-6.28
13120.0	307.0	2.53	-5.81
13130.0	307.0	2.55	-5.37
13130.0	309.0	-1.54	-6.73
13130.0	310.0	-1.49	-8.22
13140.0	307.0	2.55	-4.94
13140.0	309.0	-1.54	-6.73
13140.0	310.0	-1.49	-8.22
13150.0	307.0	2.56	-4.48
13150.0	309.0	-1.54	-6.73
13150.0	310.0	-1.49	-8.22
13160.0	307.0	2.48	-4.14
13160.0	309.0	-1.56	-6.71
13160.0	310.0	-1.47	-8.22
13170.0	307.0	2.35	-3.8
13170.0	309.0	-1.56	-6.71
13170.0	310.0	-1.45	-8.22
13180.0	307.0	2.29	-3.42
13180.0	309.0	-1.56	-6.71
13180.0	310.0	-1.45	-8.19
13190.0	307.0	2.24	-3.07
13190.0	309.0	-1.58	-6.69
13190.0	310.0	-1.45	-8.13
13200.0	307.0	2.12	-2.74
13200.0	309.0	-1.58	-6.68
13200.0	310.0	-1.45	-8.12
13210.0	307.0	2.07	-2.36
13210.0	309.0	-1.58	-6.68
13210.0	310.0	-1.45	-8.2
13220.0	307.0	2.1	-2.07
13220.0	309.0	-1.58	-6.68
13220.0	310.0	-1.47	-8.28
13230.0	307.0	2.1	-1.73
13230.0	309.0	-1.58	-6.68
13230.0	310.0	-1.48	-8.34
13240.0	307.0	2.03	-1.54
13240.0	309.0	-1.6	-6.68
13240.0	310.0	-1.48	-8.33
13250.0	307.0	2.04	-1.24
13250.0	309.0	-1.62	-6.68
13250.0	310.0	-1.48	-8.31
13260.0	307.0	2.03	-1.12
13260.0	309.0	-1.62	-6.68
13260.0	310.0	-1.46	-8.29
13270.0	307.0	2.02	-1.21
13270.0	309.0	-1.62	-6.68
13270.0	310.0	-1.44	-8.29
13280.0	307.0	2.02	-1.21
13280.0	309.0	-1.62	-6.68
13280.0	310.0	-1.44	-8.29
13290.0	307.0	2.02	-1.2
13290.0	309.0	-1.62	-6.68
13290.0	310.0	-1.44	-8.29
13300.0	307.0	2.01	-1.13
13300.0	309.0	-1.62	-6.68
13300.0	310.0	-1.44	-8.29
13310.0	307.0	2.01	-1.14
13310.0	309.0	-1.62	-6.68
13310.0	310.0	-1.44	-8.29
13320.0	307.0	2.0	-1.16
13320.0	309.0	-1.57	-6.72
13320.0	310.0	-1.33	-8.28
13320.0	320.0	1.82	2.92
13330.0	307.0	2.0	-1.18
13330.0	309.0	-1.56	-6.73
13330.0	310.0	-1.32	-8.27
13330.0	320.0	1.98	2.34
13340.0	307.0	1.98	-1.21
13340.0	309.0	-1.56	-6.74
13340.0	310.0	-1.32	-8.29
13340.0	320.0	2.15	1.76
13350.0	307.0	1.93	-1.21
13350.0	309.0	-1.56	-6.75
13350.0	310.0	-1.32	-8.31
13350.0	320.0	2.28	1.15
13360.0	307.0	1.8	-1.09
13360.0	309.0	-1.56	-6.73
13360.0	310.0	-1.36	-8.31
13360.0	320.0	2.46	0.53
13370.0	309.0	-1.56	-6.73
13370.0	310.0	-1.31	-8.37
13370.0	320.0	2.62	-0.23
13380.0	309.0	-1.56	-6.73
13380.0	310.0	-1.29	-8.36
13380.0	320.0	2.7	-0.97
13380.0	323.0	-0.73	-3.33
13390.0	309.0	-1.54	-6.73
13390.0	310.0	-1.26	-8.3
13390.0	320.0	2.69	-1.61
13390.0	323.0	-0.8	-3.22
13400.0	309.0	-1.54	-6.73
13400.0	310.0	-1.24	-8.23
13400.0	320.0	2.61	-2.26
13400.0	323.0	-0.88	-3.21
13410.0	320.0	2.5	-2.96
13420.0	320.0	2.34	-3.61
13430.0	320.0	2.21	-4.36
13440.0	320.0	2.07	-5.07
13450.0	320.0	1.99	-5.77
13460.0	320.0	1.95	-6.48
13470.0	320.0	1.88	-7.16
13480.0	320.0	1.9	-7.87
13490.0	320.0	1.89	-8.58
13500.0	320.0	1.95	-9.39
13750.0	327.0	0.62	0.23
13760.0	327.0	0.7	1.04
13770.0	327.0	0.75	1.8
13780.0	327.0	0.84	2.54
14160.0	331.0	1.92	1.63
14170.0	331.0	1.91	0.82
14180.0	331.0	1.87	-0.01
14190.0	331.0	1.84	-0.84
14200.0	331.0	1.77	-1.7
14210.0	331.0	1.7	-2.6
14220.0	331.0	1.7	-3.54
14230.0	331.0	1.73	-4.37
14240.0	331.0	1.8	-5.34
14250.0	331.0	1.73	-6.24
14260.0	331.0	1.76	-7.16
14270.0	331.0	1.68	-8.04
14280.0	331.0	1.68	-8.89
