80.0	3.0	4.03819405839	0.128876291845
90.0	3.0	4.43092195295	0.940319610871
100.0	3.0	4.84616961424	1.60737375107
110.0	3.0	5.27636029831	2.17800933218
120.0	3.0	5.73664749306	2.73098408812
130.0	3.0	6.26786142976	3.24243203891
140.0	3.0	6.79297187827	3.71521710214
150.0	3.0	7.29408930429	4.03335061516
160.0	3.0	7.81267533441	4.34360835478
170.0	3.0	8.48932066186	4.5822681545
180.0	3.0	9.15333808272	4.83548620199
190.0	3.0	9.81230434096	5.09490940428
200.0	3.0	10.4660089715	5.30970322402
210.0	3.0	11.1119263929	5.45791095965
210.0	6.0	6.69279048609	0.0954639198854
220.0	3.0	11.7578438143	5.60611869527
220.0	6.0	6.32847538133	0.820512391415
230.0	3.0	12.3963949569	5.83523210299
230.0	6.0	5.96416027657	1.54579952274
240.0	3.0	13.0277902858	6.14548984262
240.0	6.0	5.5910056372	2.23027582832
250.0	3.0	13.6065693373	6.47603366522
250.0	6.0	5.2039603006	2.85389388497
260.0	3.0	14.1327321114	6.8271022306
260.0	6.0	4.816914964	3.47751194162
270.0	3.0	14.6588948854	7.17793213618
270.0	6.0	4.42650218564	4.07010422431
280.0	3.0	15.1850576595	7.52900070156
280.0	6.0	4.02809173312	4.58990526809
290.0	6.0	3.6296812806	5.10994497166
300.0	6.0	3.20454175916	5.58630993189
310.0	6.0	2.75246270368	6.01947746837
320.0	6.0	2.30038364821	6.45264500485
330.0	6.0	1.8847150567	6.9144517173
340.0	6.0	1.47830693001	7.38365688353
350.0	6.0	1.07189880332	7.85262338997
360.0	6.0	0.723368581783	8.26669814247
370.0	6.0	0.381362778641	8.67432908039
380.0	6.0	0.160163948425	9.07002702831
390.0	6.0	0.059561626024	9.45403064605
400.0	6.0	-0.0412511614866	9.83803426379
560.0	15.0	15.2627192849	5.22402435593
570.0	15.0	14.7792809281	5.4097016801
580.0	15.0	14.2960530364	5.59514034448
590.0	15.0	13.8128251447	5.78081766866
600.0	15.0	13.2995007423	5.92305890929
610.0	15.0	12.7828088982	6.06052695392
620.0	15.0	12.2663275192	6.19799499856
620.0	17.0	0.223303481313	9.9105868429
630.0	15.0	11.7921496272	6.36648881716
630.0	17.0	0.333166268537	9.58887343289
640.0	15.0	11.3465949901	6.55622335793
640.0	17.0	0.459234869203	9.28171827066
650.0	15.0	10.9008298879	6.7457192389
650.0	17.0	0.650547653853	9.03208012016
660.0	15.0	10.4550647858	6.92471408869
660.0	17.0	0.841860438502	8.78268062945
670.0	15.0	10.0086682882	7.06218213332
670.0	17.0	1.12956624336	8.60774299626
680.0	15.0	9.56206132562	7.19965017796
680.0	17.0	1.41706158311	8.43256670328
690.0	15.0	9.1156648281	7.33687956279
690.0	17.0	1.70476738797	8.25762907009
700.0	15.0	8.62906949465	7.42947956508
700.0	17.0	2.12569760722	8.13448061343
710.0	15.0	8.13805439389	7.51706771157
710.0	17.0	2.54662782647	8.01133215678
720.0	15.0	7.64682882802	7.60441719827
720.0	17.0	2.96755804572	7.88818370013
730.0	15.0	7.18822535415	7.72350843833
730.0	17.0	3.41458593856	7.76455792388
740.0	15.0	6.73319978714	7.84617957538
740.0	17.0	3.86456034294	7.64117080743
750.0	15.0	6.27817422013	7.96861205263
750.0	17.0	4.31453474732	7.51778369097
760.0	15.0	5.82651609487	8.0755316429
760.0	17.0	4.70684171167	7.39845379112
770.0	15.0	5.38895913196	8.11944504605
770.0	17.0	5.0989382109	7.27912389126
780.0	15.0	4.95140216905	8.1633584492
780.0	17.0	5.54701842929	7.23401718911
790.0	15.0	4.51384520614	8.20727185235
790.0	17.0	6.00877887981	7.20752595135
800.0	15.0	4.05671498803	8.23089917252
800.0	17.0	6.47053933033	7.18103471358
810.0	15.0	3.56990918947	8.22326205893
810.0	17.0	6.93924512946	7.1597939914
820.0	15.0	3.08331385601	8.21586360514
820.0	17.0	7.43489046263	7.1597939914
830.0	15.0	2.6085045687	8.22636463632
830.0	17.0	7.9305357958	7.1597939914
840.0	15.0	2.18083946594	8.30846360742
840.0	17.0	8.42723345452	7.15645275421
850.0	15.0	1.75338482829	8.39032391873
850.0	17.0	8.93529622915	7.12351770185
860.0	15.0	1.32593019064	8.47242288983
860.0	17.0	9.44335900379	7.09058264949
870.0	15.0	1.01359996796	8.65714557481
870.0	17.0	9.94679154601	7.07148986551
880.0	15.0	0.701269745272	8.84186825978
880.0	17.0	10.4314926935	7.10776615507
890.0	15.0	0.388939522588	9.02682960456
890.0	17.0	10.9161938409	7.14380378482
900.0	15.0	0.310436036698	9.22778115592
900.0	17.0	11.4008949884	7.18008007438
910.0	15.0	0.257819759291	9.43064198568
910.0	17.0	11.8226670681	7.37959966694
920.0	15.0	0.205203481885	9.63350281543
920.0	17.0	12.2372833341	7.59701874448
930.0	15.0	0.152587204479	9.83636364519
930.0	17.0	12.6521100651	7.81467648182
940.0	17.0	13.0660949358	7.98746617681
950.0	17.0	13.4794484111	8.11538782946
960.0	17.0	13.8930123515	8.2430708223
970.0	17.0	14.3234135007	8.34163731958
980.0	17.0	14.7611809287	8.42755484748
990.0	17.0	15.1989483567	8.51347237538
1160.0	20.0	13.191321676	13.6477606466
1170.0	20.0	13.2075274894	13.2620864103
1180.0	20.0	13.2237333029	12.8766508337
1190.0	20.0	13.2332042328	12.4964657728
1200.0	20.0	13.1820612112	12.163774012
1200.0	24.0	-0.0172581389893	9.20463115535
1210.0	20.0	13.1311286546	11.8310822512
1210.0	24.0	0.250663945564	8.9117955811
1220.0	20.0	13.079985633	11.4983904904
1220.0	24.0	0.518586030117	8.61896000685
1220.0	25.0	0.105232554813	8.20989711014
1220.0	27.0	0.0930255784545	4.12881453504
1230.0	20.0	13.0016926122	11.1685626472
1230.0	24.0	0.800398811906	8.37170845435
1230.0	25.0	0.393569755	8.04188061114
1230.0	27.0	0.63518370085	4.12881453504
1230.0	28.0	0.383256964628	4.92331300829
1230.0	29.0	15.153487893	4.34360835478
1240.0	20.0	12.9162437777	10.8396894432
1240.0	24.0	1.09631275604	8.17027958339
1240.0	25.0	0.682117420296	7.87410277195
1240.0	27.0	1.17734182325	4.12881453504
1240.0	28.0	0.939516249368	4.88918465693
1240.0	29.0	14.5151472155	4.37535010815
1250.0	20.0	12.8310054083	10.5108162392
1250.0	24.0	1.39243716528	7.96908937223
1250.0	25.0	0.98371392239	7.71945122173
1250.0	27.0	1.71949994564	4.12881453504
1250.0	28.0	1.49577553411	4.85505630557
1250.0	29.0	13.8765960729	4.40733052131
1260.0	20.0	12.74787169	10.1771698392
1260.0	24.0	1.69213948139	7.81133524462
1260.0	25.0	1.31645926071	7.59630276508
1260.0	27.0	2.27912667213	4.14528206122
1260.0	28.0	2.03582900541	4.87438774935
1260.0	29.0	13.2382553954	4.43907227467
1270.0	20.0	12.6847321571	9.80342859283
1270.0	24.0	2.00089179721	7.75572751129
1270.0	25.0	1.64899413392	7.47315430843
1270.0	27.0	2.85032897966	4.17248927839
1270.0	28.0	2.5691475932	4.9168691937
1270.0	29.0	12.6285379729	4.45553980085
1280.0	20.0	12.6215926242	9.42944868668
1280.0	24.0	2.30943364792	7.69988111816
1280.0	25.0	1.9941569137	7.36623471816
1280.0	27.0	3.42153128718	4.19969649556
1280.0	28.0	3.10225571588	4.95935063805
1280.0	29.0	12.0190310154	4.47200732703
1290.0	20.0	12.5546647194	9.05857135792
1290.0	24.0	2.64428363734	7.65023987981
1290.0	25.0	2.38877899425	7.32446925321
1290.0	27.0	3.99946847821	4.23263154792
1290.0	28.0	3.63536383856	5.00183208239
1290.0	29.0	11.4109973137	4.48465629642
1300.0	20.0	12.4536414668	8.71490124634
1300.0	24.0	3.03953711321	7.61396359026
1300.0	25.0	2.7834010748	7.28270378826
1300.0	27.0	4.63654636505	4.31640113762
1300.0	28.0	4.19267544885	5.04670012474
1300.0	29.0	10.8179066348	4.46293825464
1310.0	20.0	12.3526182141	8.37123113475
1310.0	24.0	3.4350010542	7.5779259605
1310.0	25.0	3.17802315535	7.24093832331
1310.0	27.0	5.27362425189	4.40040938712
1310.0	28.0	4.84553821891	5.10183053847
1310.0	29.0	10.2248159558	4.44122021287
1320.0	20.0	12.1922438006	8.09772700428
1320.0	24.0	3.83046499518	7.54164967095
1320.0	25.0	3.57348709633	7.20012749756
1320.0	27.0	5.91070213872	4.48417897682
1320.0	28.0	5.49861145408	5.15696095221
1320.0	29.0	9.6317252769	4.41950217109
1330.0	20.0	11.9923019465	7.87100019455
1330.0	24.0	4.22592893617	7.4982135874
1330.0	25.0	3.9729498744	7.1633738884
1330.0	27.0	6.52778584015	4.57224444291
1330.0	28.0	6.15147422413	5.21185270614
1330.0	29.0	9.04326483039	4.32475423061
1340.0	20.0	11.768788	7.68269761258
1340.0	24.0	4.62139287716	7.45477750385
1340.0	25.0	4.37220218736	7.12685893904
1340.0	27.0	7.11477303089	4.6665150638
1340.0	28.0	6.79149862251	5.28178002746
1340.0	29.0	8.45627763964	4.21162948554
1350.0	20.0	11.5296996355	7.51993162917
1350.0	24.0	5.01664635303	7.4115800801
1350.0	25.0	4.77166496543	7.09010532989
1350.0	27.0	7.70197068675	4.76054702488
1350.0	28.0	7.4014265102	5.38583570013
1350.0	29.0	8.00819742125	4.18847948497
1350.0	31.0	0.174896506099	4.52284186437
1360.0	20.0	11.2144229013	7.4108641007
1360.0	24.0	5.37464750451	7.35143781057
1360.0	25.0	5.16039402291	7.03330429756
1360.0	27.0	8.28895787749	4.85481764577
1360.0	28.0	8.01114393279	5.48989137281
1360.0	29.0	7.56411603994	4.18203567038
1360.0	31.0	0.734312767483	4.5844160927
1370.0	20.0	10.7850740777	7.38222492474
1370.0	24.0	5.71665330765	7.28437440685
1370.0	25.0	5.52449866256	6.93020326408
1370.0	27.0	8.90267413716	4.89252589413
1370.0	28.0	8.62107182048	5.59370838568
1370.0	29.0	7.01690675492	4.23645010471
1370.0	31.0	1.29351856376	4.64575166122
1380.0	20.0	10.355725254	7.35358574877
1380.0	24.0	6.05865911079	7.21731100313
1380.0	25.0	5.8883928371	6.8268635708
1380.0	27.0	9.53406946604	4.89252589413
1380.0	28.0	9.23647180103	5.65623725321
1380.0	29.0	6.46969746989	4.29110319885
1380.0	31.0	1.85272436003	4.70708722975
1390.0	20.0	9.79862410884	7.51444245378
1390.0	24.0	6.41118816941	7.12996151644
1390.0	25.0	6.25249747676	6.72376253733
1390.0	27.0	10.1654647949	4.89252589413
1390.0	28.0	9.86029038596	5.65623725321
1390.0	29.0	5.92248818486	4.34575629298
1390.0	31.0	2.42960922552	4.77176403547
1400.0	20.0	9.22742180131	7.69630122116
1400.0	24.0	6.77424048352	7.02256460657
1400.0	25.0	6.60734165158	6.60872851387
1400.0	27.0	10.7888624496	4.87104651215
1400.0	28.0	10.4841089709	5.65623725321
1400.0	29.0	5.34581378449	4.34360835478
1400.0	31.0	3.01428130006	4.83811145979
1410.0	20.0	8.71809623602	7.82064297681
1410.0	24.0	7.13729279762	6.9151676967
1410.0	25.0	6.95608233823	6.48605737681
1410.0	27.0	11.4040519651	4.828326408
1410.0	28.0	11.0540484878	5.61781302545
1410.0	29.0	4.74956612892	4.30375216823
1410.0	31.0	3.5989533746	4.90445888411
1420.0	20.0	8.22434508884	7.93090380428
1420.0	24.0	7.50034511172	6.80777078683
1420.0	25.0	7.30503348999	6.36338623976
1420.0	27.0	12.0192414805	4.78536764405
1420.0	28.0	11.5879984709	5.55385219913
1420.0	29.0	4.14447893875	4.27749959026
1420.0	31.0	4.18362544914	4.96006661744
1420.0	32.0	0.285601153762	5.59490168468
1430.0	20.0	7.71986022106	8.03233421916
1430.0	24.0	7.84613928684	6.71326150614
1430.0	25.0	7.65651022307	6.2438176801
1430.0	27.0	12.6344309959	4.74264753991
1430.0	28.0	12.1217379889	5.48965271301
1430.0	29.0	3.5050859357	4.30494546723
1430.0	31.0	4.76829752368	4.92044909069
1430.0	32.0	0.688431373585	5.71089034734
1440.0	20.0	7.17265093604	8.09915896308
1440.0	24.0	8.17467532297	6.63187851444
1440.0	25.0	8.03429509484	6.15241097681
1440.0	27.0	13.2129995823	4.65219547581
1440.0	28.0	12.655687972	5.42569188669
1440.0	29.0	2.86548246755	4.332630004
1440.0	31.0	5.35275913311	4.88059290414
1440.0	32.0	1.09147205852	5.8266403502
1450.0	20.0	6.62544165101	8.165983707
1450.0	24.0	8.50321135909	6.55025686294
1450.0	25.0	8.41186950151	6.06124293332
1450.0	27.0	13.7675751462	4.52976299856
1450.0	28.0	13.1292344687	5.28297332646
1450.0	29.0	2.27154992819	4.37439546895
1450.0	31.0	5.93743120765	4.84073671759
1450.0	32.0	1.49430227834	5.94262901286
1460.0	20.0	6.09064980745	8.19152030556
1460.0	24.0	8.83174739522	6.46887387123
1460.0	25.0	8.78944390818	5.97007488983
1460.0	27.0	14.3219402449	4.40756918111
1460.0	28.0	13.542587944	5.06125837252
1460.0	29.0	1.7077138995	4.42546866609
1460.0	31.0	6.49916258524	4.80064187124
1460.0	32.0	1.94364528739	5.94907282746
1470.0	20.0	5.56111959164	8.19915741916
1470.0	24.0	9.1659659893	6.40443572531
1470.0	25.0	9.12366250227	5.92305890929
1470.0	27.0	14.8763053437	4.28537536365
1470.0	28.0	13.9561518844	4.83978207839
1470.0	29.0	1.14408833592	4.47654186323
1470.0	31.0	7.03816373099	4.75983104549
1470.0	32.0	2.39298829644	5.95551664205
1480.0	20.0	5.03137891071	8.20679453275
1480.0	24.0	9.50860318777	6.36553417796
1480.0	25.0	9.4393601667	5.89489705292
1480.0	27.0	15.4306704424	4.1631815462
1480.0	28.0	14.3747669874	4.61949908325
1480.0	29.0	0.588249981403	4.55720887553
1480.0	31.0	7.57716487674	4.71902021973
1480.0	32.0	2.84233130549	5.96196045664
1490.0	20.0	4.52626264761	8.18889504777
1490.0	24.0	9.85124038624	6.3266326306
1490.0	25.0	9.75505783114	5.86673519656
1490.0	28.0	14.7956972067	4.39993206752
1490.0	29.0	0.034305812869	4.64503568182
1490.0	31.0	8.11616602249	4.67820939398
1490.0	32.0	3.29967198871	5.96649499284
1500.0	20.0	4.03714173284	8.15381205721
1500.0	24.0	10.1938775847	6.28796974305
1500.0	25.0	10.0690717747	5.80372900943
1500.0	28.0	15.2166274259	4.18036505178
1500.0	31.0	8.64001368035	4.61305526866
1500.0	32.0	3.77553360157	5.96649499284
1510.0	20.0	3.54823128318	8.11872906665
1510.0	24.0	10.5331473414	6.23952180371
1510.0	25.0	10.3792973463	5.65933983061
1510.0	31.0	9.14113110637	4.51067021458
1510.0	32.0	4.25139521444	5.96649499284
1520.0	20.0	3.06353013571	8.07290638511
1520.0	24.0	10.8427415177	6.10611097567
1520.0	25.0	10.6893124528	5.51495065178
1520.0	31.0	9.64224853238	4.40828516051
1520.0	32.0	4.7272568273	5.96649499284
1520.0	35.0	15.218732077	6.1621960286
1530.0	20.0	2.59566619701	7.98460225921
1530.0	24.0	11.1521252288	5.97270014763
1530.0	25.0	10.9995380244	5.37056147295
1530.0	31.0	10.1433659584	4.30613876623
1530.0	32.0	5.20311844016	5.96649499284
1530.0	35.0	14.7205611625	6.30539190843
1540.0	20.0	2.12801272342	7.89605947352
1540.0	24.0	11.4617194051	5.83952797939
1540.0	25.0	11.3087112704	5.24287848011
1540.0	31.0	10.6587950119	4.20327639255
1540.0	32.0	5.66151144893	5.93308262088
1540.0	35.0	14.2226007132	6.44858778826
1550.0	20.0	1.63826041333	7.80680070843
1550.0	24.0	11.7830996275	5.69585477996
1550.0	25.0	11.6168321909	5.13214033304
1550.0	31.0	11.2312601101	4.09826608068
1550.0	32.0	6.11253817885	5.88535066093
1550.0	35.0	13.7244297987	6.59178366809
1560.0	20.0	1.12619880161	7.71634864434
1560.0	24.0	12.1097414776	5.54764704434
1560.0	25.0	11.9251635765	5.02116352617
1560.0	31.0	11.8037252082	3.99325576881
1560.0	32.0	6.56356490878	5.83761870099
1560.0	35.0	13.1839553972	6.73116099112
1570.0	20.0	0.614347654997	7.62613524004
1570.0	24.0	12.4363833278	5.39943930872
1570.0	25.0	12.2987391461	4.96269187524
1570.0	31.0	12.3911333292	3.93192020028
1570.0	32.0	6.95671373356	5.78654550385
1570.0	35.0	12.6253809962	6.86886769555
1580.0	20.0	0.102286043278	7.53592183575
1580.0	24.0	12.7973309908	5.35123002917
1580.0	25.0	12.7005170404	4.92641558569
1580.0	31.0	12.9848554035	3.88920009613
1580.0	32.0	7.11856140286	5.72234601773
1580.0	35.0	12.0571252002	7.00729037939
1590.0	24.0	13.1669077233	5.3278413688
1590.0	25.0	13.1025053997	4.89037795593
1590.0	31.0	13.5787879428	3.84671865178
1590.0	32.0	7.28040907217	5.65814653161
1590.0	35.0	11.4002635931	7.15191821801
1600.0	24.0	13.5364844558	5.30469136823
1600.0	25.0	13.490813527	4.87462640915
1600.0	31.0	14.1533576921	3.9111567977
1600.0	32.0	7.50560673947	5.5827300349
1600.0	35.0	10.7431915208	7.29654605664
1610.0	24.0	13.9060611883	5.28130270786
1610.0	25.0	13.8591274688	4.88942331673
1610.0	31.0	14.7258227903	3.98752793361
1610.0	32.0	7.77268696358	5.5001537442
1610.0	35.0	10.0863299137	7.44117389527
1620.0	24.0	14.2379646662	5.33476250299
1620.0	25.0	14.2274414107	4.90445888411
1620.0	31.0	15.2982878885	4.06389906952
1620.0	32.0	8.0397671877	5.4175774535
1620.0	35.0	9.42083923706	7.54236565034
1620.0	39.0	0.0732418581497	7.88889967953
1630.0	24.0	14.5536623306	5.42091869069
1630.0	25.0	14.5862844226	4.91877847209
1630.0	32.0	8.53078228845	5.37342539055
1630.0	35.0	8.75324390933	7.63305637424
1630.0	39.0	0.175317436318	7.78030947066
1640.0	24.0	14.869359995	5.50707487839
1640.0	25.0	14.9070332497	4.92999548268
1640.0	32.0	9.02200785432	5.3292733276
1640.0	35.0	8.08543811648	7.72350843833
1640.0	39.0	0.277393014486	7.67171926179
1650.0	24.0	15.1850576595	5.59323106608
1650.0	25.0	15.2275716116	4.94145115307
1650.0	32.0	9.53406946604	5.30230477023
1650.0	35.0	7.41784278875	7.85119143117
1650.0	39.0	0.379468592655	7.56336771272
1650.0	40.0	0.0715581372727	8.19486154276
1660.0	32.0	10.0953799134	5.31543105922
1660.0	35.0	6.75003699591	7.98269298082
1660.0	39.0	0.469968589794	7.50179348439
1660.0	40.0	0.155744181123	8.04355122974
1670.0	32.0	10.6564798957	5.328796008
1670.0	35.0	6.08244166818	8.11443319026
1670.0	39.0	0.557732540508	7.45215224605
1670.0	40.0	0.239930224973	7.89247957652
1680.0	32.0	11.217790343	5.34192229699
1680.0	35.0	5.43862889783	8.19868009956
1680.0	39.0	0.614137189887	7.41706925549
1680.0	40.0	0.318433710863	7.75739812989
1690.0	32.0	11.805198464	5.29371301744
1690.0	35.0	4.79481612749	8.28292700885
1690.0	39.0	0.623397654711	7.40418162631
1690.0	40.0	0.345583710005	7.76575122288
1700.0	32.0	12.4035507707	5.21925115993
1700.0	35.0	4.15121382225	8.36717391815
1700.0	39.0	0.632658119534	7.39129399713
1700.0	40.0	0.372944174256	7.77410431587
1710.0	32.0	13.0021135424	5.14455064262
1710.0	35.0	3.54717895763	8.46216051844
1710.0	39.0	0.642129049467	7.37840636794
1710.0	40.0	0.400094173398	7.78245740886
1720.0	32.0	13.6034123606	5.09586404348
1720.0	35.0	2.96987316193	8.56454557252
1720.0	39.0	0.651389514291	7.36551873876
1720.0	40.0	0.427454637649	7.79104916165
1730.0	32.0	14.2076576904	5.07271404291
1730.0	35.0	2.39277783133	8.66669196679
1730.0	39.0	0.660649979115	7.35239244977
1730.0	40.0	0.454604636791	7.79940225464
1740.0	32.0	14.8119030201	5.04956404234
1740.0	35.0	1.82178598892	8.76931568067
1740.0	39.0	0.670120909048	7.33950482059
1740.0	40.0	0.481754635933	7.80775534763
1750.0	32.0	15.4161483499	5.02641404176
1750.0	35.0	1.30719879588	8.87551929154
1750.0	39.0	0.679381373871	7.3266171914
1750.0	40.0	0.509115100184	7.81634710042
1760.0	35.0	0.792822067959	8.98148424262
1760.0	39.0	0.688641838695	7.31372956222
1760.0	40.0	0.536265099326	7.82470019341
1770.0	35.0	0.362420918775	9.16716156679
1770.0	39.0	0.698112768628	7.30084193303
1770.0	40.0	0.5619418427	7.82350689441
1780.0	35.0	0.0585093004759	9.47216879083
1780.0	39.0	0.707373233451	7.28771564405
1780.0	40.0	0.586566260526	7.81586978082
1790.0	39.0	0.716633698275	7.27482801487
1790.0	40.0	0.611190678353	7.80823266722
1800.0	39.0	0.726104628208	7.26194038568
1800.0	40.0	0.635815096179	7.80059555363
1810.0	39.0	0.735365093032	7.2490527565
1810.0	40.0	0.660439514005	7.79295844004
1820.0	39.0	0.744625557855	7.23616512731
1820.0	40.0	0.685063931831	7.78532132645
1830.0	39.0	0.754096487788	7.22327749813
1830.0	40.0	0.709688349657	7.77768421286
1840.0	39.0	0.763356952612	7.21015120914
1840.0	40.0	0.734312767483	7.77004709927
1850.0	39.0	0.772617417435	7.19726357996
1850.0	40.0	0.75893718531	7.76264864548
1860.0	39.0	0.782088347368	7.18437595077
1860.0	40.0	0.783561603136	7.75501153189
1870.0	39.0	0.791348812192	7.17148832159
1870.0	40.0	0.808186020962	7.7473744183
1880.0	39.0	0.800188346796	7.15597543461
1880.0	40.0	0.832810438788	7.73973730471
1890.0	39.0	0.805449974537	7.11826718625
1890.0	40.0	0.857434856614	7.73210019112
1900.0	39.0	0.810501137168	7.0803202781
1900.0	40.0	0.882059274441	7.72446307753
1910.0	39.0	0.815762764909	7.04261202974
1910.0	40.0	0.906894157376	7.71682596393
1920.0	39.0	0.82081392754	7.00466512159
1920.0	40.0	0.931518575203	7.70918885034
1930.0	39.0	0.825865090171	6.96671821344
1930.0	40.0	0.956142993029	7.70155173675
1940.0	39.0	0.831126717911	6.92900996508
1940.0	40.0	0.980767410855	7.69391462316
1950.0	39.0	0.836177880542	6.89106305693
1950.0	40.0	1.00539182868	7.68627750957
1960.0	39.0	0.841439508283	6.85335480857
1960.0	40.0	1.05969182696	7.57243678511
1970.0	39.0	0.79240113774	6.56934964691
1970.0	40.0	1.12156856919	7.43210482288
1980.0	39.0	0.737469744128	6.25813726809
1980.0	40.0	1.18365577653	7.29177286065
1990.0	39.0	0.57309649351	5.93499189927
1990.0	40.0	1.12956624336	7.11206203146
2000.0	39.0	0.335481384743	5.60397075707
2000.0	40.0	0.901422064526	6.87340223175
2010.0	39.0	0.0978662759759	5.27294961487
2010.0	40.0	0.673488350802	6.63474243203
2020.0	39.0	-0.139959297901	4.94168981287
2020.0	40.0	0.299281385888	6.26338778368
2030.0	40.0	-0.0749255790267	5.89227179513
2180.0	48.0	15.0693018492	6.30491458883
2180.0	49.0	15.0482553382	5.70396921315
2190.0	48.0	14.9640692944	6.3266326306
2190.0	49.0	14.7517099988	5.71470890414
2200.0	48.0	14.8588367396	6.34835067238
2200.0	49.0	14.4551646593	5.72568725493
2210.0	48.0	14.7447646501	6.19918829756
2210.0	49.0	14.2404902475	5.60301611787
2220.0	48.0	14.6309030258	6.05002592274
2220.0	49.0	14.0460204862	5.44693260886
2230.0	48.0	14.4021274517	5.94024241487
2230.0	49.0	13.7842018898	5.30254343003
2240.0	48.0	14.0969530427	5.85671148497
2240.0	49.0	13.2519356276	5.20421559255
2250.0	48.0	13.6932809625	5.78463622545
2250.0	49.0	12.7752321543	5.17891765378
2260.0	48.0	13.2237333029	5.72043673933
2260.0	49.0	12.354301935	5.22664961372
2270.0	48.0	12.7541856433	5.65623725321
2270.0	49.0	11.9369496226	5.24240116051
2280.0	48.0	12.2055031025	5.7500305545
2280.0	49.0	11.5233856822	5.22593363433
2290.0	48.0	11.6568205617	5.84382385578
2290.0	49.0	11.1096112767	5.20946610815
2300.0	48.0	11.1186612764	5.92950272388
2300.0	49.0	10.6693182674	5.20278363375
2310.0	48.0	10.6230159432	5.98343983862
2310.0	49.0	10.2113461888	5.20278363375
2320.0	48.0	10.1273706101	6.03737695335
2320.0	49.0	9.75316364516	5.20278363375
2320.0	50.0	14.9162937145	5.67270477939
2330.0	48.0	9.64330085793	6.09226870729
2330.0	49.0	9.29098226442	5.20994342774
2330.0	50.0	14.4063367539	5.72783519312
2340.0	48.0	9.26299040484	6.15646819341
2340.0	49.0	8.81217414002	5.2457423977
2340.0	50.0	13.8963797932	5.78296560686
2350.0	48.0	8.88246948664	6.22066767953
2350.0	49.0	8.33336601562	5.28154136766
2350.0	50.0	13.3996821345	5.84000529899
2360.0	48.0	8.43859857044	6.24214706151
2360.0	49.0	7.85455789122	5.31734033762
2360.0	50.0	12.9084565687	5.89776097052
2370.0	48.0	7.93158812135	6.22042901973
2370.0	49.0	7.39174511516	5.35218466837
2370.0	50.0	12.4174414679	5.95575530185
2380.0	48.0	7.40900325415	6.19775633876
2380.0	49.0	6.99291373242	5.38368776194
2380.0	50.0	11.9255845067	6.00515788039
2390.0	48.0	6.85021838809	6.17317437939
2390.0	49.0	6.59429281479	5.4149521957
2390.0	50.0	11.4322542897	6.04262746894
2400.0	48.0	6.29143352204	6.14835376022
2400.0	49.0	6.19546143205	5.44645528926
2400.0	50.0	10.9389240728	6.0798583977
2410.0	48.0	5.76905911995	6.17866355478
2410.0	49.0	5.77874051499	5.51423467238
2410.0	50.0	10.447908972	6.12019190385
2420.0	48.0	5.30140564636	6.29131098025
2420.0	49.0	5.3350800639	5.63690580943
2420.0	50.0	9.9661543361	6.17341303919
2430.0	48.0	4.83375217277	6.40395840571
2430.0	49.0	4.89141961281	5.75933828668
2430.0	50.0	9.48439970016	6.22639551472
2440.0	48.0	4.36588823407	6.51684449098
2440.0	49.0	4.44754869661	5.88200942374
2440.0	50.0	9.00285552934	6.27937799026
2450.0	48.0	3.95611266563	6.64333418482
2450.0	49.0	4.02388243093	5.96840427123
2450.0	50.0	8.52110089341	6.3323604658
2460.0	48.0	3.56064872464	6.77364243547
2460.0	49.0	3.60863476964	6.03928623175
2460.0	50.0	8.09280439532	6.37770582774
2470.0	48.0	3.16518478366	6.90371202631
2470.0	49.0	3.19338710835	6.11040685206
2470.0	50.0	7.68765905929	6.41947129269
2480.0	48.0	2.77119409844	6.9927321316
2480.0	49.0	2.77813944706	6.18128881258
2480.0	50.0	7.28251372326	6.46123675764
2480.0	54.0	0.00883953460427	5.13810682803
2490.0	48.0	2.37825573877	7.04046409155
2490.0	49.0	2.37425690169	6.23928314391
2490.0	50.0	6.87736838723	6.50276356279
2490.0	54.0	0.470389520013	5.11495682746
2500.0	48.0	1.9853173791	7.08819605149
2500.0	49.0	1.97037435631	6.29727747524
2500.0	50.0	6.43181375016	6.55717799713
2500.0	54.0	0.932149970531	5.09180682689
2510.0	48.0	1.55638948568	7.09010532989
2510.0	49.0	1.56649181094	6.35551046637
2510.0	50.0	5.96879050898	6.61684294706
2510.0	54.0	1.39391042105	5.06889548611
2520.0	48.0	1.0910511283	7.04619192674
2520.0	49.0	1.17018600952	6.38176304434
2520.0	50.0	5.5057672678	6.67650789698
2520.0	54.0	1.86408947595	5.06292899112
2530.0	48.0	0.625923236026	7.00203986379
2530.0	49.0	0.791348812192	6.33403108439
2530.0	50.0	5.04274402663	6.73617284691
2530.0	54.0	2.34016155393	5.06865682631
2540.0	48.0	0.160584878644	6.95812646065
2540.0	49.0	0.412511614866	6.28629912445
2540.0	50.0	4.58813938984	6.7461965585
2540.0	54.0	2.8162336319	5.07438466151
2550.0	49.0	0.0336744175401	6.23856716451
2550.0	50.0	4.13711265991	6.73474088811
2550.0	54.0	3.29230570987	5.0801124967
2560.0	50.0	3.68608592998	6.72328521773
2560.0	54.0	3.7673254623	5.11519548726
2570.0	50.0	3.23505920005	6.71206820714
2570.0	54.0	4.24087195895	5.19490786036
2580.0	50.0	2.78887316765	6.69750995936
2580.0	54.0	4.71441845561	5.27438157367
2590.0	50.0	2.34752783276	6.68008779398
2590.0	54.0	5.18796495227	5.35385528697
2600.0	50.0	1.90597203277	6.6626656286
2600.0	54.0	5.64425330994	5.45409240285
2610.0	50.0	1.46462669788	6.64524346322
2610.0	54.0	6.0961219003	5.55934137453
2620.0	50.0	1.0253860141	6.61493366866
2620.0	54.0	6.54799049067	5.6645903462
2630.0	50.0	0.58993370228	6.56553109012
2630.0	54.0	7.02069512689	5.7454960183
2640.0	50.0	0.154481390465	6.51612851158
2640.0	54.0	7.52475906444	5.78988674105
2650.0	50.0	-0.28076045624	6.46696459284
2650.0	54.0	8.0290334671	5.83451612359
2660.0	54.0	8.53309740466	5.87890684634
2670.0	54.0	9.03189971447	5.93236664148
2680.0	54.0	9.48124272352	6.06768674791
2690.0	54.0	9.93058573257	6.20324551415
2700.0	54.0	10.3799287416	6.33856562059
2710.0	54.0	10.7951764029	6.52639088296
2720.0	54.0	11.1594915077	6.79273521944
2730.0	54.0	11.5238066124	7.05884089612
2740.0	54.0	11.8016205571	7.39439657452
2750.0	54.0	12.0577565956	7.7471357585
2760.0	54.0	12.2911624021	8.11347855106
2770.0	54.0	12.5016275118	8.493663612
2780.0	54.0	12.7120926214	8.87361001315
2790.0	54.0	12.8909879646	9.21226826894
2800.0	54.0	13.0620960987	9.54042549355
2810.0	54.0	13.2329937677	9.86858271815
2820.0	54.0	13.3382263225	10.2222765413
2830.0	54.0	13.3998925996	10.5931538701
2840.0	54.0	13.4613484116	10.9640311988
2850.0	54.0	13.5228042237	11.3349085276
2860.0	54.0	13.5844705008	11.7057858563
2870.0	54.0	13.6459263128	12.0766631851
2880.0	54.0	13.7073821248	12.4473018541
2920.0	55.0	14.7089855815	8.19438422316
2930.0	55.0	13.9885635113	8.01992390957
2940.0	55.0	13.268141441	7.84546359598
2950.0	55.0	12.5016275118	7.64904658082
2960.0	55.0	11.7298519548	7.45024296765
2970.0	55.0	10.9949077919	7.31277492302
2980.0	55.0	10.2965845582	7.23688110671
2990.0	55.0	9.58247644125	7.1621805894
3000.0	55.0	8.83174739522	7.09058264949
3010.0	55.0	8.08122881429	7.01898470957
3020.0	55.0	7.33870790753	6.96218367724
3020.0	58.0	0.0420930219251	6.94500017166
3030.0	55.0	6.61512886064	6.93974965607
3030.0	58.0	0.412090684647	6.9087238821
3040.0	55.0	5.89176027886	6.91731563489
3040.0	58.0	0.781877882259	6.87268625235
3050.0	55.0	5.17133820861	6.90848522231
3050.0	58.0	1.15187554498	6.83640996279
3060.0	55.0	4.47785567239	7.02089398797
3060.0	58.0	1.52902902143	6.79345119884
3070.0	55.0	3.78458360129	7.13306409384
3070.0	58.0	1.90954993963	6.7476285173
3080.0	55.0	3.09131153018	7.2454728595
3080.0	58.0	2.28691388119	6.69822593876
3090.0	55.0	2.50516619987	7.30131925263
3090.0	58.0	2.63544410273	6.61612696766
3100.0	55.0	1.96511272857	7.3332996658
3100.0	58.0	2.98397432427	6.53402799655
3110.0	55.0	1.42484879216	7.36504141916
3110.0	58.0	3.33250454581	6.45192902545
3120.0	55.0	0.922889505708	7.41945585349
3120.0	58.0	3.73175685877	6.42185789069
3130.0	55.0	0.437136032692	7.48389399941
3130.0	58.0	4.13648126458	6.39727593132
3140.0	55.0	-0.0486174403235	7.54809348554
3140.0	58.0	4.54120567039	6.37293263175
3150.0	58.0	4.9459300762	6.34835067238
3160.0	58.0	5.36223006304	6.31660891902
3170.0	58.0	5.77853004988	6.28462850585
3180.0	58.0	6.19461957161	6.25288675249
3190.0	58.0	6.61091955845	6.22114499913
3200.0	58.0	7.02721954529	6.21279190614
3210.0	58.0	7.44372999724	6.22806613332
3220.0	58.0	7.86024044918	6.2433403605
3230.0	58.0	8.27675090113	6.25837592789
3240.0	58.0	8.69305088797	6.27365015507
3250.0	58.0	9.12113692095	6.2450109791
3260.0	58.0	9.55216946546	6.20515479255
3270.0	58.0	9.98299154487	6.165298606
3280.0	58.0	10.4140240894	6.12568107925
3290.0	58.0	10.8547380289	6.06673210872
3300.0	58.0	11.3019763869	5.9951341688
3300.0	64.0	0.102496508388	5.37294807095
3310.0	58.0	11.7492147448	5.92353622889
3310.0	64.0	0.706741838123	5.40373518511
3320.0	58.0	12.1964531028	5.85193828897
3320.0	64.0	1.31098716786	5.43452229927
3330.0	58.0	12.657582158	5.73905220371
3330.0	64.0	1.91523249759	5.46530941344
3340.0	58.0	13.127971678	5.59872024148
3340.0	64.0	2.52600224573	5.494425909
3350.0	58.0	13.5985716631	5.45838827925
3350.0	64.0	3.13698245897	5.52354240457
3360.0	58.0	14.0548600208	5.35552590557
3360.0	64.0	3.7477522071	5.55265890013
3370.0	58.0	14.4547437291	5.40325786551
3370.0	64.0	4.35873242034	5.5817753957
3380.0	58.0	14.8546274374	5.45098982546
3380.0	64.0	4.9394056578	5.55170426093
3390.0	58.0	15.2545111457	5.4987217854
3390.0	64.0	5.51692191861	5.51495065178
3400.0	64.0	6.09422771432	5.47819704262
3410.0	64.0	6.67174397513	5.44144343347
3420.0	64.0	7.30903232708	5.38177848354
3430.0	64.0	7.94632067902	5.32211353361
3440.0	64.0	8.58339856586	5.26244858368
3450.0	64.0	9.2162671505	5.21519394334
3460.0	64.0	9.84282178186	5.18679342717
3470.0	64.0	10.4691659481	5.15839291101
3480.0	64.0	11.0955101143	5.12999239484
3490.0	64.0	11.7191182342	5.10302383747
3500.0	64.0	12.3313612381	5.0813057957
3510.0	64.0	12.943604242	5.05958775393
3520.0	64.0	13.5558472459	5.03786971215
3530.0	64.0	14.0847460664	5.03572177395
3540.0	64.0	14.604384422	5.03572177395
3550.0	64.0	15.1238123126	5.03572177395
4470.0	78.0	15.0693018492	5.44144343347
4480.0	78.0	14.5201983782	5.51399601258
4490.0	78.0	13.9713053723	5.58678725149
4500.0	78.0	13.389158879	5.65862385121
4500.0	79.0	15.2212576583	5.44359137166
4510.0	78.0	12.7927007584	5.73022179112
4510.0	79.0	14.6721541873	5.43309034048
4510.0	80.0	-0.11217790343	4.69897279656
4520.0	78.0	12.1964531028	5.80181973103
4520.0	79.0	14.1230507163	5.42282796909
4520.0	80.0	0.402198824494	4.62832949584
4520.0	81.0	0.288968595516	3.9109181379
4530.0	78.0	11.6469287016	5.85026767038
4530.0	79.0	13.5375367813	5.36578827696
4530.0	80.0	0.916786017529	4.55744753533
4530.0	81.0	0.801240672344	3.90280370471
4540.0	78.0	11.1173984857	5.88869189813
4540.0	79.0	12.9151914522	5.26197126408
4540.0	80.0	1.43116274545	4.48680423461
4540.0	81.0	1.31330228406	3.89492793132
4550.0	78.0	10.5876578048	5.92711612588
4550.0	79.0	12.2962135648	5.1674619834
4550.0	80.0	1.95374761265	4.45386918225
4550.0	81.0	1.81378831475	3.87893772474
4560.0	78.0	10.0989578203	5.97484808583
4560.0	79.0	11.690074049	5.11018363146
4560.0	80.0	2.47633247985	4.42093412989
4560.0	81.0	2.29659527623	3.85077586838
4570.0	78.0	9.63719736975	6.02878520056
4570.0	79.0	11.0839345333	5.05290527953
4570.0	80.0	2.99681269596	4.39134031473
4570.0	81.0	2.77940223771	3.82285267181
4580.0	78.0	9.17564738434	6.0827223153
4580.0	79.0	10.5072601329	5.03572177395
4580.0	80.0	3.50045570329	4.39134031473
4580.0	81.0	3.2622091992	3.79469081544
4590.0	78.0	8.74566716538	6.13522747123
4590.0	79.0	9.94321363915	5.03572177395
4590.0	80.0	4.00409871063	4.39134031473
4590.0	81.0	3.76059057879	3.81354493962
4600.0	78.0	8.34725671286	6.18630066837
4600.0	79.0	9.37916714535	5.01853826837
4600.0	80.0	4.49911264846	4.39348825292
4600.0	81.0	4.25918242349	3.8323990638
4610.0	78.0	7.94884626034	6.23761252531
4610.0	79.0	8.81512065156	4.93262074048
4610.0	80.0	4.97413240089	4.40017072732
4610.0	81.0	4.75756380309	3.85125318798
4620.0	78.0	7.58579394623	6.33999757939
4620.0	79.0	8.25107415776	4.84670321258
4620.0	80.0	5.44915215331	4.40709186151
4620.0	81.0	5.25363006647	3.86270885836
4630.0	78.0	7.23810558513	6.46457799484
4630.0	79.0	7.80067882316	4.80565372703
4630.0	80.0	5.92438237085	4.4137743359
4630.0	81.0	5.73917307438	3.84433205378
4640.0	78.0	6.87715792212	6.61206975106
4640.0	79.0	7.39890092889	4.78393568526
4640.0	80.0	6.41224049496	4.35148412818
4640.0	81.0	6.22492654739	3.82595524921
4650.0	78.0	6.49642653881	6.79392851844
4650.0	79.0	6.9663951286	4.79706197424
4650.0	80.0	6.90325559572	4.27201041487
4650.0	81.0	6.71068002041	3.80757844463
4660.0	78.0	6.08349399373	6.95359192445
4660.0	79.0	6.50337188743	4.84479393418
4660.0	80.0	7.40837185882	4.23000629012
4660.0	81.0	7.23052884119	3.79111091845
4670.0	78.0	5.5954254045	7.06218213332
4670.0	79.0	6.04708352976	4.89586713132
4670.0	80.0	7.93453463288	4.2438485585
4670.0	81.0	7.83035440362	3.77917792846
4680.0	78.0	5.11282890813	7.15645275421
4680.0	79.0	5.59731959049	4.95004290586
4680.0	80.0	8.46069740695	4.25792948669
4680.0	81.0	8.43017996605	3.76724493848
4690.0	78.0	4.67737659632	7.12351770185
4690.0	79.0	5.10504169908	4.9958655874
4690.0	80.0	8.98686018101	4.27201041487
4690.0	81.0	9.03000552848	3.75531194849
4700.0	78.0	4.2419242845	7.09058264949
4700.0	79.0	4.51258241548	5.02235682517
4700.0	80.0	9.56879620912	4.27893154906
4700.0	81.0	9.63025202114	3.7503000927
4710.0	78.0	3.83214871606	7.05526099913
4710.0	79.0	3.92012313189	5.04908672274
4710.0	80.0	10.1505217721	4.28609134305
4710.0	81.0	10.2315508393	3.76175576308
4720.0	78.0	3.52444872579	7.00919965778
4720.0	79.0	3.30977431397	5.09061352789
4720.0	80.0	10.7324578002	4.29301247725
4720.0	81.0	10.8328496575	3.77321143347
4730.0	78.0	3.21695920063	6.96337697624
4730.0	79.0	2.68763944992	5.14264136423
4730.0	80.0	11.3080798751	4.332630004
4730.0	81.0	11.4343589408	3.78442844406
4740.0	78.0	2.92904293066	6.92017955249
4740.0	79.0	2.07413365536	5.19968105636
4740.0	80.0	11.8792821826	4.39396557252
4740.0	81.0	12.031658922	3.79922535164
4750.0	78.0	2.65459642771	6.87865274734
4750.0	79.0	1.48146390665	5.26865373847
4750.0	80.0	12.4504844901	4.45553980085
4750.0	81.0	12.5927589042	3.84528669298
4760.0	78.0	2.38204411074	6.83975119999
4760.0	79.0	0.889004623058	5.33786508039
4760.0	80.0	13.0170565652	4.51186351358
4760.0	81.0	13.1540693516	3.89134803433
4770.0	78.0	2.11412202619	6.80729346723
4770.0	79.0	0.296334874353	5.40683776251
4770.0	80.0	13.540693758	4.52284186437
4770.0	81.0	13.715379799	3.93740937567
4780.0	78.0	1.85945924354	6.77507439427
4780.0	79.0	-0.296334874353	5.47604910443
4780.0	80.0	14.0645414158	4.53405887496
4780.0	81.0	14.2764797812	3.98347071702
4780.0	86.0	15.1501204513	5.39466611272
4790.0	78.0	1.72181506185	6.7476285173
4790.0	80.0	14.5881786086	4.54503722574
4790.0	81.0	14.8377902286	4.02953205836
4790.0	86.0	14.5523995399	5.38511972073
4790.0	88.0	0.184788366251	8.45213680685
4800.0	78.0	1.58417088015	6.72018264033
4800.0	80.0	15.1118158013	4.55625423633
4800.0	81.0	15.399100676	4.07559339971
4800.0	86.0	13.9546786286	5.37557332875
4800.0	88.0	0.512061611719	8.36359402116
4810.0	78.0	1.48756739483	6.69297542316
4810.0	86.0	13.3434879503	5.33476250299
4810.0	88.0	0.839545322296	8.27528989526
4820.0	78.0	1.43200460589	6.6664841854
4820.0	86.0	12.7120926214	5.2474130163
4820.0	88.0	1.17565810237	8.15524401601
4830.0	78.0	1.37644181695	6.63999294763
4830.0	86.0	12.0806972925	5.1598248698
4830.0	88.0	1.51387553354	8.02756102316
4830.0	90.0	-0.0970244155374	4.12785989584
4840.0	78.0	1.32087902801	6.61350170986
4840.0	86.0	11.4337275455	5.07557796051
4840.0	88.0	1.8520929647	7.89963937052
4840.0	90.0	0.250663945564	4.19015010357
4850.0	78.0	1.26531623907	6.58701047209
4850.0	86.0	10.7633961714	4.9958655874
4850.0	88.0	2.20293830245	7.88197854534
4850.0	90.0	0.598352306665	4.25220165149
4860.0	78.0	1.20996391524	6.56051923432
4860.0	86.0	10.0930647972	4.9163918741
4860.0	88.0	2.55357317509	7.86431772016
4860.0	90.0	0.96119415566	4.30375216823
4860.0	93.0	0.030938371115	5.03954033075
4870.0	78.0	1.1544011263	6.53402799655
4870.0	86.0	9.45514504993	4.8268944492
4870.0	88.0	2.88758130406	7.8318599874
4870.0	90.0	1.35876274774	4.330243406
4870.0	93.0	0.507431379307	5.14001610643
4880.0	78.0	1.05969182696	6.46314603604
4880.0	86.0	8.831326465	4.73310114792
4880.0	88.0	3.18223245754	7.76503524348
4880.0	90.0	1.75612087472	4.35697330357
4880.0	93.0	0.98371392239	5.24049188211
4890.0	78.0	0.873430204946	6.28868572245
4890.0	86.0	8.20729741496	4.63930784663
4890.0	88.0	3.47688361101	7.69821049956
4890.0	90.0	2.1865220239	4.330243406
4890.0	91.0	15.0297344086	3.39589029012
4890.0	93.0	1.39369995594	5.21304600514
4900.0	78.0	0.687168582927	6.11422540886
4900.0	86.0	7.62578231706	4.63000011444
4900.0	88.0	3.66083011683	7.55931049612
4900.0	90.0	2.63860107938	4.26843051788
4900.0	91.0	14.4107565212	3.78896298025
4900.0	93.0	1.79631971065	5.17175785979
4910.0	78.0	0.520901146323	5.88797591873
4910.0	86.0	7.04910791669	4.63000011444
4910.0	88.0	3.81720569328	7.40251100771
4910.0	90.0	3.09068013485	4.20661762975
4910.0	91.0	13.7987239824	4.12976917424
4910.0	93.0	2.18041853572	5.13595888983
4920.0	78.0	0.363052314104	5.63929240743
4920.0	86.0	6.47390677208	4.64909289842
4920.0	88.0	3.97358126973	7.2457115193
4920.0	90.0	3.53370919061	4.15745371101
4920.0	91.0	13.1936367922	4.4180702123
4920.0	93.0	2.55231038443	5.10421713647
4930.0	78.0	0.22498720219	5.40707642231
4930.0	86.0	5.90565097609	4.7445568183
4930.0	88.0	4.11817080004	7.04833986494
4930.0	90.0	3.97568592083	4.10972175107
4930.0	91.0	12.5858135556	4.69968877596
4930.0	93.0	2.92399176803	5.07223672331
4940.0	78.0	0.132803484174	5.21328466494
4940.0	86.0	5.35444285398	4.86030682116
4940.0	88.0	4.23497893588	6.75669758969
4940.0	90.0	4.31453474732	4.04528360514
4940.0	91.0	11.9544182267	4.91997177109
4940.0	93.0	3.25315919948	5.02880063976
4950.0	78.0	0.0408302312674	5.01925424777
4950.0	86.0	4.8716358925	5.05672383633
4950.0	88.0	4.36715102473	6.52734552216
4950.0	90.0	4.64243938812	3.98275473762
4950.0	91.0	11.3230228979	5.14025476623
4950.0	93.0	3.52171267936	4.95362280285
4960.0	78.0	-0.0513534867486	4.82546249041
4960.0	86.0	4.40861265133	5.21781920114
4960.0	88.0	4.51447660147	6.36028366236
4960.0	90.0	4.97392193578	3.95387690185
4960.0	91.0	10.7112008242	5.38750631873
4960.0	93.0	3.66209290748	4.78107176766
4970.0	86.0	3.96558359556	5.34335425578
4970.0	88.0	4.61760450518	6.19560840056
4970.0	90.0	5.30561494855	3.92476040629
4970.0	91.0	10.1187415406	5.6614877688
4970.0	93.0	3.85382662235	4.6672310432
4980.0	86.0	3.47793593656	5.40564446351
4980.0	88.0	4.67653473588	6.03331973676
4980.0	90.0	5.63730796132	3.89588257052
4980.0	91.0	9.52628225698	5.93546921887
4980.0	93.0	4.12280103245	4.64050114563
4990.0	86.0	2.9606126971	5.42545322689
4990.0	88.0	4.73546496657	5.87103107295
4990.0	90.0	6.04034864625	3.95960473705
4990.0	91.0	8.98370320437	6.19536974076
4990.0	93.0	4.49343009051	4.6657990844
5000.0	86.0	2.44392085297	5.44908054706
5000.0	88.0	4.8453277538	5.65313467581
5000.0	90.0	6.4612788655	4.04647690414
5000.0	91.0	8.45375205833	6.45169036565
5000.0	93.0	4.93182891385	4.72546403433
5010.0	86.0	1.93038598549	5.48726611501
5010.0	88.0	4.95498007591	5.43523827867
5010.0	90.0	6.88220908475	4.13311041144
5010.0	91.0	7.92485323784	6.69989655736
5010.0	93.0	5.38411843444	4.78632228325
5020.0	86.0	1.416851118	5.52545168297
5020.0	88.0	5.04316495685	5.28631456365
5020.0	90.0	7.29977186225	4.21019752674
5020.0	91.0	7.40668813794	6.87435687095
5020.0	93.0	5.89112888353	4.85123774878
5030.0	86.0	0.84880578712	5.46530941344
5030.0	88.0	5.12208937296	5.1669846638
5030.0	90.0	7.7141776631	4.27726093046
5030.0	91.0	6.88873350315	7.04881718454
5030.0	93.0	6.39813933262	4.9163918741
5040.0	86.0	0.257609294182	5.36292435936
5040.0	88.0	5.16986495284	5.08894290929
5040.0	90.0	8.12858346396	4.34432433418
5040.0	91.0	6.31879398629	7.19010378597
5040.0	93.0	6.80349513375	5.04025631015
5050.0	88.0	5.14418820947	5.10684239427
5050.0	90.0	8.57056019417	4.39134031473
5050.0	91.0	5.69686958734	7.29869399484
5050.0	93.0	7.20885093489	5.1638820864
5060.0	88.0	5.1187219312	5.12498053905
5060.0	90.0	9.07693924793	4.39134031473
5060.0	91.0	5.09641262958	7.37458781115
5060.0	93.0	7.61673231735	5.26889239827
5070.0	88.0	5.09325565294	5.14311868382
5070.0	90.0	9.58331830169	4.39134031473
5070.0	91.0	4.54604636791	7.37458781115
5070.0	93.0	8.03092765309	5.3304666266
5080.0	88.0	5.06778937467	5.1612568286
5080.0	90.0	10.0882240997	4.39324959313
5080.0	91.0	3.99568010624	7.37458781115
5080.0	93.0	8.44512298883	5.39227951473
5090.0	88.0	5.04232309641	5.17939497338
5090.0	90.0	10.5794496655	4.4132970163
5090.0	91.0	3.46888593685	7.39487389412
5090.0	93.0	8.87678692868	5.45218312445
5100.0	88.0	5.01664635303	5.19729445836
5100.0	90.0	11.0704647663	4.43310577968
5100.0	91.0	2.95219409272	7.42375172989
5100.0	93.0	9.37937761046	5.50612023919
5110.0	88.0	5.00254519069	5.20779548955
5110.0	90.0	11.5614798671	4.45291454305
5110.0	91.0	2.4357127137	7.45262956565
5110.0	93.0	9.88175782714	5.56005735392
5120.0	88.0	4.99307426076	5.21495528354
5120.0	90.0	12.012506597	4.5008851628
5120.0	91.0	1.95101156623	7.50895327838
5120.0	93.0	10.3856112996	5.61256250986
5130.0	88.0	4.98360333082	5.22211507753
5130.0	90.0	12.4231240259	4.57654031931
5130.0	91.0	1.51450692887	7.60608781687
5130.0	93.0	10.902934539	5.65218003661
5130.0	96.0	0.28097092135	1.03196497396
5140.0	88.0	4.97413240089	5.22903621172
5140.0	90.0	12.8337414547	4.65219547581
5140.0	91.0	1.0780022915	7.70346101515
5140.0	93.0	11.4204682436	5.69203622317
5140.0	96.0	0.590565097609	1.90235726352
5140.0	97.0	1.14661391724	0.248922171101
5150.0	88.0	4.96487193607	5.23619600571
5150.0	90.0	13.2443588836	4.72785063232
5150.0	91.0	0.753465092459	7.87100019455
5150.0	93.0	11.8986449727	5.71470890414
5150.0	96.0	0.836809275871	2.73098408812
5150.0	97.0	1.45768134927	1.06871858312
5160.0	88.0	4.95540100613	5.2433557997
5160.0	90.0	13.6772856141	4.81448413962
5160.0	91.0	0.476913938411	8.06884916851
5160.0	93.0	12.3604054232	5.73022179112
5160.0	96.0	1.06726857091	3.54910988154
5160.0	97.0	1.76874878129	1.88851499513
5170.0	88.0	4.9459300762	5.2505155937
5170.0	90.0	14.1438867622	4.9175851731
5170.0	91.0	0.200152319254	8.26645948267
5170.0	93.0	12.8221658737	5.7454960183
5170.0	96.0	1.13651159198	4.2495763937
5170.0	97.0	1.93817319454	2.68611604577
5180.0	88.0	4.93645914627	5.25767538769
5180.0	90.0	14.6102774451	5.02092486637
5180.0	91.0	-0.0763988347941	8.46430845664
5180.0	93.0	13.2696146968	5.75742900829
5180.0	96.0	1.13651159198	4.89920836852
5180.0	97.0	2.07202900426	3.47798926122
5190.0	88.0	4.92698821633	5.26483518168
5190.0	90.0	15.076668128	5.12402589985
5190.0	93.0	13.707803055	5.76721406008
5190.0	96.0	0.975505783114	5.54406714734
5190.0	97.0	2.08718249216	4.12475731845
5200.0	88.0	4.91772775151	5.27199497567
5200.0	93.0	14.1457809482	5.77699911186
5200.0	96.0	0.796610439933	6.18844860657
5200.0	97.0	2.02320109883	4.67462949699
5210.0	88.0	4.90825682158	5.27891610986
5210.0	93.0	14.5839693064	5.78678416365
5210.0	96.0	0.599194167104	6.73903676451
5210.0	97.0	1.89292319597	5.14813053962
5220.0	88.0	4.89878589164	5.28607590385
5220.0	93.0	15.0221576646	5.79656921544
5220.0	96.0	0.399883708289	7.27912389126
5220.0	97.0	1.60816390265	5.44287539226
5230.0	88.0	4.88931496171	5.29323569784
5230.0	96.0	0.273604642513	7.9115723605
5230.0	97.0	1.3206685629	5.70396921315
5240.0	88.0	4.85122077687	5.31137384262
5240.0	96.0	0.147325576738	8.54402082974
5240.0	97.0	1.03127903717	5.94262901286
5250.0	88.0	4.74598822206	5.35457126637
5250.0	96.0	0.0841860438502	9.09293836908
5250.0	97.0	0.610348817914	6.09537128468
5260.0	88.0	4.63381031863	5.38368776194
5260.0	96.0	0.0210465109626	9.64185590842
5260.0	97.0	0.189418598663	6.2481135565
5270.0	88.0	4.4582824172	5.28440528526
5270.0	97.0	-0.231511620588	6.40085582831
5280.0	88.0	4.28296498088	5.18488414877
5290.0	88.0	4.00936033837	5.10493311587
5290.0	101.0	-0.244981387604	5.75170117309
5300.0	88.0	3.69366267393	5.03333517596
5300.0	101.0	0.472494171109	5.99036097281
5310.0	88.0	3.30430222112	5.12808311644
5310.0	101.0	1.19018019493	6.22902077252
5320.0	88.0	2.88337200187	5.29419033704
5320.0	101.0	1.87082435946	6.44381459226
5330.0	88.0	2.44749875984	5.44430735106
5330.0	101.0	2.49632666527	6.62280944205
5340.0	88.0	1.98952668129	5.57055838511
5340.0	101.0	3.12182897108	6.80180429183
5350.0	88.0	1.48377902286	5.63642848983
5350.0	101.0	3.74754174199	6.98079914162
5360.0	88.0	0.957616248796	5.67604601658
5360.0	101.0	4.33558125829	7.03258831816
5370.0	88.0	0.436715102473	5.69203622317
5370.0	101.0	4.91436030976	7.05239708153
5380.0	88.0	-0.0719790674919	5.65218003661
5380.0	101.0	5.51418587219	7.03067903976
5390.0	101.0	6.14558120107	6.94643213046
5390.0	104.0	15.1393867307	7.92517596908
5400.0	101.0	6.80791490106	6.84189913819
5400.0	104.0	14.8939844129	7.79773163604
5410.0	101.0	7.48371836806	6.72901305292
5410.0	104.0	14.6483716299	7.67052596279
5410.0	105.0	15.019000688	8.33328422659
5420.0	101.0	8.17214974165	6.6655295462
5420.0	104.0	14.402758847	7.54332028954
5420.0	105.0	14.7677053471	8.23376309011
5430.0	101.0	8.86352762677	6.61421768926
5430.0	104.0	14.1360995531	7.46193729784
5430.0	105.0	14.5161995411	8.13424195363
5440.0	101.0	9.555115977	6.56314449212
5440.0	104.0	13.8639681664	7.39200997652
5440.0	105.0	14.2649042002	8.03495947695
5450.0	101.0	10.2410217693	6.48367077882
5450.0	104.0	13.5918367796	7.32208265521
5450.0	105.0	13.9483646753	7.96121359884
5460.0	101.0	10.9271380266	6.40395840571
5460.0	104.0	13.319915858	7.25239399369
5460.0	105.0	13.5882588728	7.90465122631
5470.0	101.0	11.6100973074	6.38534294133
5470.0	104.0	13.014741449	7.17960275478
5470.0	105.0	13.2283635353	7.84808885378
5480.0	101.0	12.2861112395	6.50825273819
5480.0	104.0	12.6954658777	7.10537955707
5480.0	105.0	12.8682577327	7.79152648124
5490.0	101.0	12.9621251716	6.63116253504
5490.0	104.0	12.3759798413	7.03139501916
5490.0	105.0	12.5512972776	7.72255379913
5500.0	101.0	13.6381391037	6.75407233189
5500.0	104.0	12.0409193868	6.93712439827
5500.0	105.0	12.2452810082	7.65023987981
5510.0	101.0	14.2150239692	7.09869708268
5510.0	104.0	11.7018600952	6.83760326179
5510.0	105.0	11.9390542737	7.5779259605
5520.0	101.0	14.7916983696	7.44356049326
5520.0	104.0	11.3628008036	6.73808212531
5520.0	105.0	11.6155694002	7.52112492817
5530.0	101.0	15.3685832351	7.78818524405
5530.0	104.0	11.0325810466	6.65860841201
5530.0	105.0	11.2744054575	7.47983678282
5540.0	104.0	10.7379298931	6.65860841201
5540.0	105.0	10.9332415148	7.43878729727
5550.0	104.0	10.4432787396	6.65860841201
5550.0	105.0	10.5983915254	7.41730791529
5560.0	104.0	10.1486275861	6.65860841201
5560.0	105.0	10.2677508382	7.4087161625
5570.0	104.0	9.80556945745	6.68987284577
5570.0	105.0	9.93689968586	7.40012440971
5580.0	104.0	9.4414648178	6.73474088811
5580.0	105.0	9.62814737004	7.43783265807
5590.0	104.0	9.07757064326	6.77937027066
5590.0	105.0	9.32486714707	7.48699657681
5600.0	104.0	8.71367646872	6.82423831301
5600.0	105.0	9.0215869241	7.53592183575
5610.0	104.0	8.34978229417	6.86886769555
5610.0	105.0	8.70273228302	7.5793579193
5620.0	104.0	7.96168463202	6.95001202746
5620.0	105.0	8.36072647987	7.61420225006
5630.0	104.0	7.57064045834	7.03545223575
5630.0	105.0	8.01872067673	7.64904658082
5640.0	104.0	7.17980674977	7.12065378425
5640.0	105.0	7.67671487359	7.68389091157
5650.0	104.0	6.78897304119	7.20585533275
5650.0	105.0	7.33470907045	7.71873524233
5660.0	104.0	6.42507886665	7.23521048811
5660.0	105.0	6.98638931402	7.75047699569
5670.0	104.0	6.07254980803	7.24093832331
5670.0	105.0	6.6338602554	7.78030947066
5680.0	104.0	5.72023121451	7.2464274987
5680.0	105.0	6.28133119677	7.81014194562
5690.0	104.0	5.367912621	7.25191667409
5690.0	105.0	5.92880213815	7.83997442059
5700.0	104.0	5.02632774808	7.25167801429
5700.0	105.0	5.53249633673	7.84880483318
5710.0	104.0	4.7009486886	7.2430862615
5710.0	105.0	5.10672541995	7.84331565778
5720.0	104.0	4.37578009422	7.23449450871
5720.0	105.0	4.68116496829	7.83806514219
5730.0	104.0	4.05040103474	7.22566409612
5730.0	105.0	4.25560451663	7.8328146266
5740.0	104.0	3.72523244037	7.21707234333
5740.0	105.0	3.83593708803	7.82446153361
5750.0	104.0	3.400063846	7.20848059055
5750.0	105.0	3.46888593685	7.78770792445
5760.0	104.0	3.05174408957	7.19487698196
5760.0	105.0	3.10183478566	7.75095431529
5770.0	104.0	2.70089875182	7.18079605378
5770.0	105.0	2.73499409958	7.71420070614
5780.0	104.0	2.35026387919	7.1667151256
5780.0	105.0	2.38162318052	7.68794812817
5790.0	104.0	1.99941854144	7.15287285721
5790.0	105.0	2.08297318996	7.70322235535
5800.0	104.0	1.6485732037	7.13879192903
5800.0	105.0	1.7841127343	7.71873524233
5810.0	104.0	1.32824530685	7.14141718683
5810.0	105.0	1.49009297615	7.74045328411
5820.0	104.0	1.01570461905	7.14809966122
5820.0	105.0	1.2375348446	7.81801771901
5830.0	104.0	0.702953466149	7.15502079541
5830.0	105.0	0.984976713047	7.89558215392
5840.0	104.0	0.435662776925	7.19320636336
5840.0	105.0	0.732418581497	7.97314658883
5850.0	104.0	0.274236037842	7.30466048983
5850.0	105.0	0.4832278917	8.05524555993
5860.0	104.0	0.113019763869	7.4158759565
5860.0	105.0	0.26434417769	8.17934865578
5870.0	104.0	-0.0484069752139	7.52733008296
5870.0	105.0	0.0454604636791	8.30345175163
6010.0	118.0	0.350424407527	9.88672086293
6020.0	118.0	0.377995336887	9.56500745292
6030.0	118.0	0.422403475018	9.26954662087
6040.0	118.0	0.534581378449	9.0786187811
6050.0	118.0	0.646759281879	8.88769094133
6060.0	118.0	0.791769742411	8.72397031873
6070.0	118.0	1.06684764069	8.66883990499
6080.0	118.0	1.34213600408	8.61370949126
6090.0	118.0	1.68035343525	8.60106052187
6100.0	118.0	2.06045342323	8.61633474905
6110.0	118.0	2.44076387633	8.63184763604
6120.0	118.0	2.82465223628	8.64258732702
6130.0	118.0	3.21232896821	8.64879248182
6140.0	118.0	3.60000570014	8.65523629641
6140.0	120.0	15.1833739386	4.36031454076
6150.0	118.0	3.98768243207	8.6614414512
6150.0	120.0	14.7178251161	4.39635217052
6160.0	118.0	4.38946032635	8.61108423346
6160.0	120.0	14.2522762936	4.43262846008
6170.0	118.0	4.7973417088	8.53662237595
6170.0	120.0	13.7867274711	4.46866608983
6180.0	118.0	5.20501262615	8.46192185864
6180.0	120.0	13.308340277	4.51067021458
6190.0	118.0	5.60552772977	8.39008525893
6190.0	120.0	12.8173251762	4.55840217453
6200.0	118.0	5.99888701966	8.32111257681
6200.0	120.0	12.3263100754	4.60613413447
6210.0	118.0	6.39203584444	8.25190123489
6210.0	120.0	11.858867067	4.67510681659
6220.0	118.0	6.78518466922	8.18292855278
6220.0	120.0	11.4152066159	4.76555888068
6230.0	118.0	7.19790674919	8.0760089625
6230.0	120.0	10.9715461648	4.85577228497
6240.0	118.0	7.61883696844	7.95309916565
6240.0	120.0	10.5278857137	4.94598568926
6250.0	118.0	8.0397671877	7.8301893688
6250.0	120.0	10.0665461934	5.07414600171
6260.0	118.0	8.45564624432	7.71157544834
6260.0	120.0	9.6009973709	5.21137538654
6270.0	118.0	8.86436948721	7.59916668268
6270.0	120.0	9.13544854841	5.34884343118
6280.0	118.0	9.27288226499	7.48699657681
6280.0	120.0	8.70546832944	5.52783828096
6290.0	118.0	9.68139504277	7.37458781115
6290.0	120.0	8.31084624889	5.7485985957
6300.0	118.0	10.0751752629	7.27458935507
6300.0	120.0	7.91622416834	5.96935891043
6310.0	118.0	10.468955483	7.17435223919
6310.0	120.0	7.52139162269	6.19011922517
6320.0	118.0	10.8627357031	7.07435378311
6320.0	120.0	7.14002884405	6.38582026093
6330.0	118.0	11.3188135957	6.94977336766
6330.0	120.0	6.7717149022	6.55622335793
6340.0	118.0	11.7818368368	6.82256769441
6340.0	120.0	6.40340096036	6.72686511472
6350.0	118.0	12.244860078	6.69512336136
6350.0	120.0	6.03782306494	6.82280635421
6360.0	118.0	12.6916775057	6.51684449098
6360.0	120.0	5.67371842528	6.88724450013
6370.0	118.0	13.1366007475	6.3325991256
6370.0	120.0	5.3066672741	6.95096666665
6380.0	118.0	13.5815239892	6.14859242002
6380.0	120.0	4.91499170508	7.01063161658
6390.0	118.0	14.0285518821	5.96577901344
6390.0	120.0	4.52331613607	7.07029656651
6400.0	118.0	14.4785262865	5.78463622545
6400.0	120.0	4.13164056706	7.12996151644
6410.0	118.0	14.9285006908	5.60349343747
6410.0	120.0	3.70060802255	7.11993780485
6420.0	118.0	15.3784750952	5.42258930929
6420.0	120.0	3.23063943275	7.04046409155
6430.0	120.0	2.76067084296	6.96099037824
6440.0	120.0	2.30333015974	6.85932130356
6450.0	120.0	1.85903831332	6.73545686751
6450.0	126.0	14.9623855735	8.7487909379
6460.0	120.0	1.4147464669	6.61183109126
6460.0	126.0	14.606278608	9.03327341915
6470.0	120.0	0.971717411141	6.50133160399
6470.0	126.0	14.2501716425	9.31775590041
6480.0	120.0	0.529109285599	6.39441201372
6480.0	126.0	13.9740414187	9.67550694018
6490.0	120.0	0.0862906949465	6.28749242345
6490.0	126.0	13.7324274728	10.0642837539
6500.0	126.0	13.490813527	10.4532992274
6510.0	126.0	13.3674809728	10.8401667628
6520.0	126.0	13.2441484185	11.2267956383
6530.0	126.0	13.1309181895	11.6131858541
6540.0	126.0	13.1098716786	11.9950415336
6550.0	126.0	13.0888251676	12.3768972131
6560.0	126.0	13.0650426102	12.7546956761
6570.0	126.0	13.0157937746	13.0969338289
6580.0	126.0	12.966755404	13.4389333219
6590.0	126.0	12.9177170335	13.7809328149
6750.0	130.0	0.0210465109626	9.47479404862
6760.0	130.0	0.177001157195	9.19198218596
6770.0	130.0	0.332745338318	8.9091703233
6780.0	130.0	0.513324402377	8.66955588439
6790.0	130.0	0.750939511144	8.53089454076
6800.0	130.0	0.988554619911	8.39247185692
6810.0	130.0	1.24532205365	8.24975329669
6820.0	130.0	1.57848832219	8.09056721029
6830.0	130.0	1.91165459073	7.93138112388
6840.0	130.0	2.19494062828	7.85882854476
6850.0	130.0	2.46538829415	7.80751668783
6860.0	130.0	2.73604642513	7.75644349069
6870.0	130.0	3.00965106765	7.70083575735
6880.0	130.0	3.28325571016	7.64498936422
6890.0	130.0	3.55686035267	7.58938163089
6900.0	130.0	3.8134173213	7.51491977338
6910.0	130.0	4.06976382483	7.44021925607
6920.0	130.0	4.32632079346	7.36575739856
6930.0	130.0	4.59255915714	7.32446925321
6940.0	130.0	4.86111263702	7.29153420085
6950.0	130.0	5.12945565179	7.25859914848
6950.0	134.0	-0.144799995422	5.93666251787
6960.0	130.0	5.38643355065	7.26289502488
6960.0	134.0	0.427454637649	6.01112437538
6970.0	130.0	5.64193819373	7.27148677767
6970.0	134.0	0.999709270721	6.08582489269
6980.0	130.0	5.89723237171	7.28151048926
6980.0	134.0	1.57196390379	6.1602867502
6990.0	130.0	6.14979050326	7.30537646923
6990.0	134.0	2.14737551351	6.21804242173
7000.0	130.0	6.40234863481	7.3292424492
7000.0	134.0	2.72741735564	6.2502614947
7000.0	135.0	0.212148830503	5.7457346781
7010.0	130.0	6.65595909191	7.35072183117
7010.0	134.0	3.30766966287	6.28248056766
7010.0	135.0	0.650758118962	5.68606972817
7020.0	130.0	6.91904047894	7.35072183117
7020.0	134.0	3.88792197011	6.31469964062
7020.0	135.0	1.08915694231	5.62640477824
7030.0	130.0	7.18212186597	7.35072183117
7030.0	134.0	4.42818590652	6.35789706437
7030.0	135.0	1.55344297415	5.65170271701
7040.0	130.0	7.42499860248	7.33831152159
7040.0	134.0	4.95140216905	6.40562902431
7040.0	135.0	2.02867319168	5.71327694534
7050.0	130.0	7.62094161954	7.29726203604
7050.0	134.0	5.47440796647	6.45336098425
7050.0	135.0	2.50390340921	5.77485117367
7060.0	130.0	7.8168846366	7.25597389069
7060.0	134.0	5.99909748477	6.4934558306
7060.0	135.0	2.98586851026	5.90229550671
7070.0	130.0	7.98672998007	7.28604502545
7070.0	134.0	6.52946956102	6.50300222259
7070.0	135.0	3.47267430882	6.07389190271
7080.0	130.0	8.11700788293	7.42231977109
7080.0	134.0	7.05984163728	6.51254861458
7080.0	135.0	3.95926964228	6.2454882987
7090.0	130.0	8.20877067072	7.51706771157
7090.0	134.0	7.587267202	6.47364706723
7090.0	135.0	4.45281032435	6.34835067238
7100.0	130.0	8.2104543916	7.51515843318
7100.0	134.0	8.11342997606	6.4139821173
7100.0	135.0	4.95603240146	6.34835067238
7110.0	130.0	8.21234857759	7.51301049498
7110.0	134.0	8.63959275013	6.35431716737
7110.0	135.0	5.45883354836	6.33426974419
7120.0	130.0	8.21424276357	7.51086255678
7120.0	134.0	9.20027180217	6.28009396966
7120.0	135.0	5.95868818372	6.19250582316
7130.0	130.0	8.21613694956	7.50871461858
7130.0	134.0	9.7956775973	6.19155118397
7130.0	135.0	6.45854281908	6.05074190214
7140.0	130.0	8.21782067044	7.50680534019
7140.0	134.0	10.3908729273	6.10276973847
7140.0	135.0	6.95839745444	5.90897798111
7140.0	137.0	0.255504643085	4.38680577853
7150.0	130.0	8.21971485642	7.50465740199
7150.0	134.0	10.9862787225	6.01422695278
7150.0	135.0	7.48477069361	5.81518467982
7150.0	137.0	0.682327885406	4.47296196623
7160.0	130.0	8.22160904241	7.50250946379
7160.0	134.0	11.5635845182	5.94597025006
7160.0	135.0	8.01387997921	5.72640323432
7160.0	137.0	1.10894066262	4.55911815393
7170.0	130.0	8.2235032284	7.50036152559
7170.0	134.0	12.1408903139	5.87795220714
7170.0	135.0	8.54298926481	5.63786044863
7170.0	137.0	1.53576390494	4.64527434162
7180.0	130.0	8.22518694928	7.4984522472
7180.0	134.0	12.7181961096	5.80969550442
7180.0	135.0	9.09146134049	5.58463931329
7180.0	137.0	1.88850342867	4.84908981058
7190.0	130.0	8.22708113526	7.496304309
7190.0	134.0	13.2761391152	5.76983931787
7190.0	135.0	9.6687671362	5.58463931329
7190.0	137.0	2.23282434802	5.06603156852
7200.0	130.0	8.22897532125	7.4941563708
7200.0	134.0	13.8151402609	5.75814498769
7200.0	135.0	10.2460729319	5.58463931329
7200.0	137.0	2.68974410101	5.22306971673
7210.0	130.0	8.23086950724	7.4920084326
7210.0	134.0	14.3541414067	5.7464506575
7210.0	135.0	10.8233787276	5.58463931329
7210.0	137.0	3.19486036412	5.35433260657
7220.0	130.0	8.23255322811	7.49009915421
7220.0	134.0	14.8931425524	5.73475632731
7220.0	135.0	11.3670101058	5.59394704548
7220.0	137.0	3.72291732417	5.46172951644
7230.0	130.0	8.2344474141	7.48795121601
7230.0	134.0	15.4321436982	5.72306199713
7230.0	135.0	11.906853112	5.60444807667
7230.0	137.0	4.26065567926	5.55910271473
7240.0	130.0	8.23634160009	7.48580327781
7240.0	135.0	12.4466961181	5.61471044806
7240.0	137.0	4.79860449946	5.65623725321
7250.0	130.0	8.23823578607	7.48365533961
7250.0	135.0	12.9865391243	5.62521147925
7250.0	137.0	5.34854983091	5.7485985957
7260.0	130.0	8.23991950695	7.48174606122
7260.0	135.0	13.511860038	5.60253879827
7260.0	137.0	5.89849516237	5.84095993819
7270.0	130.0	8.24181369294	7.47959812302
7270.0	135.0	14.0028751387	5.50301766179
7270.0	137.0	6.44844049382	5.93332128068
7280.0	130.0	8.24370787892	7.47745018482
7280.0	135.0	14.4941007046	5.40373518511
7280.0	137.0	6.95797652422	5.86530323776
7290.0	130.0	8.24560206491	7.47530224662
7290.0	135.0	14.9851158053	5.30421404863
7290.0	137.0	7.46309278732	5.77938570986
7300.0	130.0	8.24728578579	7.47339296823
7300.0	137.0	7.9917811427	5.63237127324
7310.0	130.0	8.24917997177	7.47124503003
7310.0	137.0	8.5558276365	5.39371147352
7320.0	130.0	8.25107415776	7.46909709183
7320.0	137.0	9.11987413029	5.15505167381
7330.0	130.0	8.25296834375	7.46694915363
7330.0	137.0	9.68960318205	4.95099754506
7340.0	130.0	8.25465206462	7.46503987524
7340.0	137.0	10.259753164	4.7507619731
7350.0	130.0	8.25654625061	7.46289193704
7350.0	137.0	10.8301136111	4.55076506094
7360.0	130.0	8.2584404366	7.46074399884
7360.0	137.0	11.4267821969	4.44074289327
7370.0	130.0	8.26033462258	7.45859606064
7370.0	137.0	12.0301856662	4.35315474677
7380.0	130.0	8.26201834346	7.45668678225
7380.0	137.0	12.6335891355	4.26556660028
7390.0	130.0	8.26391252945	7.45453884405
7390.0	137.0	13.2376240001	4.23835938311
7400.0	130.0	8.26580671543	7.45239090585
7400.0	137.0	13.842079795	4.22618773333
7410.0	130.0	8.26770090142	7.45024296765
7410.0	137.0	14.4465355898	4.21377742374
7420.0	130.0	8.2693846223	7.44833368926
7420.0	137.0	15.0509913847	4.20160577396
7430.0	130.0	8.27127880828	7.44618575106
7440.0	130.0	8.27317299427	7.44403781286
7450.0	130.0	8.27506718026	7.44188987466
7460.0	130.0	8.27675090113	7.43998059627
7470.0	130.0	8.27864508712	7.43783265807
7480.0	130.0	8.28053927311	7.43568471987
7490.0	130.0	8.28243345909	7.43353678167
7490.0	146.0	14.8861972038	7.93591566007
7500.0	130.0	8.28411717997	7.43162750328
7500.0	146.0	14.519777448	7.86527235936
7510.0	130.0	8.28601136596	7.42947956508
7510.0	146.0	14.1533576921	7.79439039884
7520.0	130.0	8.28790555194	7.42733162688
7520.0	146.0	13.8182972376	7.69534658196
7530.0	130.0	8.28979973793	7.42518368868
7530.0	146.0	13.490813527	7.58938163089
7540.0	130.0	8.29148345881	7.42327441029
7540.0	146.0	13.1597519096	7.48747389641
7540.0	149.0	0.165846506385	9.63135487724
7550.0	130.0	8.36514624718	7.35072183117
7550.0	146.0	12.7962786652	7.42231977109
7550.0	149.0	0.190470924211	9.498182709
7560.0	130.0	8.48658461543	7.23139193132
7560.0	146.0	12.4328054209	7.35716564577
7560.0	149.0	0.214884876928	9.36501054076
7570.0	130.0	8.60802298368	7.11206203146
7570.0	146.0	12.2069763583	7.28246512846
7570.0	149.0	0.239298829644	9.23159971272
7580.0	130.0	8.83406251142	7.0767403811
7580.0	146.0	11.9965112487	7.20633265235
7580.0	149.0	0.263712782361	9.09842754448
7590.0	130.0	9.06010203916	7.04141873075
7590.0	146.0	11.786046139	7.20585533275
7590.0	149.0	0.178895343182	8.79461361944
7600.0	130.0	9.25372994002	6.9996532658
7600.0	146.0	11.6077821912	7.23282389012
7600.0	149.0	0.0210465109626	8.37695896994
7610.0	130.0	9.37116947119	6.94356821286
7610.0	146.0	11.5583228904	7.23974502431
7620.0	130.0	9.48881946747	6.88748315993
7620.0	146.0	11.5086531245	7.2469048183
7630.0	130.0	9.60646946375	6.831398107
7630.0	146.0	11.4591938238	7.25382595249
7630.0	151.0	0.324326733933	4.80851764463
7640.0	130.0	9.70517760016	6.63760634963
7640.0	146.0	11.2556740628	7.2457115193
7640.0	151.0	0.767145324585	4.95672538025
7650.0	130.0	9.80157062037	6.42877902488
7650.0	146.0	11.0136391867	7.23377852931
7650.0	151.0	1.20975345013	5.10493311587
7660.0	130.0	9.99498805612	6.27913933046
7660.0	146.0	10.7429810557	7.29248884004
7660.0	151.0	1.65572901742	5.21877384033
7670.0	130.0	10.2856403725	6.18820994677
7670.0	146.0	10.465167111	7.36885997595
7670.0	151.0	2.10465109626	5.29824755364
7680.0	130.0	10.6169124551	6.1595707708
7680.0	146.0	10.1684113064	7.44952698826
7680.0	151.0	2.55357317509	5.37772126694
7690.0	130.0	11.0092194194	6.22472489613
7690.0	146.0	9.82724736374	7.53997905235
7690.0	151.0	2.9780813012	5.46220683604
7690.0	153.0	14.9878518518	4.87605836795
7700.0	130.0	11.4118391741	6.29608417624
7700.0	146.0	9.48608342104	7.63043111644
7700.0	151.0	3.37796500949	5.55170426093
7700.0	153.0	14.4747379145	4.9132892967
7710.0	130.0	11.8561310205	6.39345737452
7710.0	146.0	9.13060785088	7.71443936594
7710.0	151.0	3.77784871778	5.64120168583
7710.0	153.0	13.9618344423	4.95075888526
7720.0	130.0	12.300422867	6.49059191301
7720.0	146.0	8.75324390933	7.78842390385
7720.0	151.0	4.17773242607	5.73069911072
7720.0	153.0	13.4487205051	4.98798981401
7730.0	130.0	12.7682868057	6.54333572874
7730.0	146.0	8.37587996777	7.86264710156
7730.0	151.0	4.60118822663	5.79036406065
7730.0	153.0	12.9467612186	4.9970588864
7740.0	130.0	13.2593019064	6.55121150213
7740.0	146.0	7.98778230562	7.9153909173
7740.0	151.0	5.04842658459	5.82019653561
7740.0	153.0	12.4450123973	5.00636661859
7750.0	130.0	13.7503170072	6.55908727552
7750.0	146.0	7.58895092288	7.94665535106
7750.0	151.0	5.49566494254	5.85002901058
7750.0	153.0	11.983672877	5.02736868096
7760.0	130.0	14.2026065277	6.51636717138
7760.0	146.0	7.19011954014	7.97815844462
7760.0	151.0	5.93827306808	5.88200942374
7760.0	153.0	11.5829473082	5.06579290872
7770.0	130.0	14.6159600031	6.42257387009
7770.0	146.0	6.7912881574	8.00966153818
7770.0	151.0	6.37014747304	5.91876303289
7770.0	153.0	11.1824322046	5.10421713647
7780.0	130.0	15.0295239435	6.3287805688
7780.0	146.0	6.38530096093	8.01896927037
7780.0	151.0	6.80181141288	5.95551664205
7780.0	153.0	10.7905461705	5.15505167381
7790.0	146.0	5.97594632271	8.01896927037
7790.0	151.0	7.23347535272	5.99227025121
7790.0	153.0	10.4186543218	5.23452538712
7800.0	146.0	5.5668021496	8.01896927037
7800.0	151.0	7.65629975796	6.04000221115
7800.0	153.0	10.0469729382	5.31423776022
7810.0	146.0	5.15934169736	8.01634401258
7810.0	151.0	8.06586486129	6.10444035707
7810.0	153.0	9.6994950422	5.36483363776
7820.0	146.0	4.76703473302	7.98913679541
7820.0	151.0	8.47542996462	6.16911716279
7820.0	153.0	9.40926365603	5.34836611158
7830.0	146.0	4.37472776868	7.96192957824
7830.0	151.0	8.88499506795	6.23355530872
7830.0	153.0	9.11903226985	5.3318985854
7840.0	146.0	3.98263126944	7.93496102087
7840.0	151.0	9.25351947491	6.35718108497
7840.0	153.0	8.84521716223	5.36554961716
7850.0	146.0	3.5903243051	7.90775380371
7850.0	151.0	9.60415434754	6.50634345979
7850.0	153.0	8.59644740265	5.47390116623
7860.0	146.0	3.17802315535	7.88436514333
7860.0	151.0	9.97983456822	6.63617439083
7860.0	153.0	8.35777996834	5.58607127209
7870.0	146.0	2.75709293609	7.86264710156
7870.0	151.0	10.4129717638	6.72042130013
7870.0	153.0	8.15910090485	5.71184498654
7880.0	146.0	2.33616271684	7.84116771959
7880.0	151.0	10.8349543086	6.72280789813
7880.0	153.0	7.96021137626	5.83785736079
7890.0	146.0	1.91523249759	7.81944967781
7890.0	151.0	11.2493601095	6.67054140199
7890.0	153.0	7.76153231277	5.96386973504
7900.0	146.0	1.52145227748	7.78508266665
7900.0	151.0	11.6637659103	6.61827490585
7900.0	153.0	7.49866139085	6.06506149012
7910.0	146.0	1.19060112515	7.72183781973
7910.0	151.0	12.0806972925	6.52662954276
7910.0	153.0	7.19306605167	6.14978571902
7920.0	146.0	0.85996043793	7.6585929728
7920.0	151.0	12.5016275118	6.37531922975
7920.0	153.0	6.88768117761	6.23450994791
7930.0	146.0	0.529109285599	7.59510946608
7930.0	151.0	12.922557731	6.22424757653
7930.0	153.0	6.56230211812	6.28629912445
7940.0	146.0	0.198468598377	7.53186461916
7940.0	151.0	13.3472763222	6.07508520171
7940.0	153.0	6.21713933834	6.30539190843
7950.0	146.0	-0.132382553954	7.46861977223
7950.0	151.0	13.7778879365	5.92854808468
7950.0	153.0	5.87197655855	6.32448469241
7960.0	151.0	14.2082890857	5.78201096766
7960.0	153.0	5.46178005989	6.39799191072
7970.0	151.0	14.6389007	5.63571251043
7970.0	153.0	5.05179402634	6.47126046923
7980.0	151.0	15.0693018492	5.48917539341
7980.0	153.0	4.64159752768	6.54476768754
7990.0	153.0	4.23582079632	6.62209346265
8000.0	153.0	3.8702429009	6.73521820771
8010.0	153.0	3.50487547059	6.84834295278
8020.0	153.0	3.13929757517	6.96122903804
8030.0	153.0	2.78508479567	7.09010532989
8040.0	153.0	2.45781155021	7.25597389069
8050.0	153.0	2.13032783963	7.42160379169
8060.0	153.0	1.80305459416	7.58747235249
8070.0	153.0	1.53092320742	7.81706307981
8080.0	153.0	1.28278484317	8.07409968411
8090.0	153.0	1.03443601381	8.3311362884
8100.0	153.0	0.786297649561	8.58817289269
8110.0	153.0	0.656440676922	8.80773990842
8120.0	153.0	0.55625928474	9.01799919197
8130.0	153.0	0.456077892559	9.22825847552
8140.0	153.0	0.355686035267	9.43851775907
8270.0	165.0	14.9386030161	2.58611758969
8280.0	165.0	14.494942565	3.22524853333
8290.0	165.0	14.051492579	3.86461813676
8300.0	165.0	13.5434298044	4.39134031473
8300.0	166.0	13.0212658674	13.4797441476
8310.0	165.0	12.9383426142	4.7493300143
8310.0	166.0	13.0936658651	13.0995590867
8310.0	167.0	14.1853483888	12.3148456652
8310.0	168.0	15.0528855706	7.95954298024
8310.0	170.0	-0.0812395323155	5.43810219627
8320.0	165.0	12.3332554241	5.10731971387
8320.0	166.0	13.1658553977	12.7191353659
8320.0	167.0	14.1563042036	11.8704611181
8320.0	168.0	14.6774158151	7.84355431758
8320.0	170.0	0.399883708289	5.60850529327
8330.0	165.0	11.7889926506	5.43643157767
8330.0	166.0	13.2382553954	12.3387116452
8330.0	167.0	14.1272600185	11.4260765711
8330.0	168.0	14.3019460595	7.72732699512
8330.0	170.0	0.881006948892	5.77890839026
8340.0	165.0	11.2447298771	5.76578210128
8340.0	166.0	13.2702460921	11.9554240068
8340.0	167.0	14.095479787	10.9800214054
8340.0	168.0	13.9264763039	7.61133833246
8340.0	170.0	1.36191972439	5.94955014706
8350.0	165.0	10.6949950107	6.07341458311
8350.0	166.0	13.3020263237	11.5721363685
8350.0	167.0	14.0394960678	10.5184533528
8350.0	168.0	13.5356425953	7.50465740199
8350.0	170.0	1.84199063944	6.10587231587
8360.0	165.0	10.0972740994	6.18797128697
8360.0	166.0	13.3340170203	11.1888487302
8360.0	167.0	13.9833018835	10.0571239599
8360.0	168.0	13.1214472596	7.4122960595
8360.0	170.0	2.31722085698	6.20587077195
8370.0	165.0	9.49955318806	6.30252799083
8370.0	166.0	13.3350693459	10.806515731
8370.0	167.0	13.9254239784	9.59412394848
8370.0	168.0	12.7072519239	7.31993471701
8370.0	170.0	2.79245107451	6.30610788783
8380.0	165.0	8.9014113465	6.45574758225
8380.0	166.0	13.3230728346	10.4246600515
8380.0	167.0	13.8515507249	9.11680434905
8380.0	168.0	12.2974763554	7.23616512731
8380.0	170.0	3.26978594314	6.39465067352
8390.0	165.0	8.30284857473	6.63474243203
8390.0	166.0	13.3110763234	10.0428043719
8390.0	167.0	13.7774670063	8.63948474963
8390.0	168.0	11.8975926471	7.17244296079
8390.0	170.0	3.7673254623	6.38009242574
8400.0	165.0	7.70428580295	6.81373728182
8400.0	166.0	13.2776123709	9.66739250699
8400.0	167.0	13.7035937528	8.1621651502
8400.0	168.0	11.4977089388	7.10895945406
8400.0	170.0	4.26486498145	6.36577283776
8410.0	165.0	7.12234977484	6.98294707982
8410.0	166.0	13.1582786538	9.31727858081
8410.0	167.0	13.6078321279	7.67148060199
8410.0	168.0	11.0891961611	7.07220584491
8410.0	170.0	4.7621940355	6.35121458997
