0.0	2.0	0.51	-6.94
0.0	4.0	2.74	-2.5
0.0	5.0	-1.59	0.93
0.0	6.0	-1.72	1.32
0.0	10.0	-0.11	-9.9
10.0	2.0	0.55	-7.59
10.0	4.0	2.76	-1.77
10.0	5.0	-1.59	0.93
10.0	6.0	-1.72	1.32
10.0	10.0	-0.1	-9.88
20.0	4.0	2.73	-1.07
20.0	5.0	-1.59	0.93
20.0	6.0	-1.72	1.32
30.0	4.0	2.73	-0.42
30.0	5.0	-1.59	0.93
30.0	6.0	-1.72	1.32
40.0	4.0	2.71	0.34
40.0	5.0	-1.59	0.93
40.0	6.0	-1.72	1.32
50.0	4.0	2.63	0.94
50.0	5.0	-1.59	0.93
50.0	6.0	-1.72	1.32
60.0	4.0	2.59	1.68
60.0	5.0	-1.59	0.93
60.0	6.0	-1.72	1.32
70.0	4.0	2.53	2.24
70.0	5.0	-1.59	0.93
70.0	6.0	-1.72	1.32
80.0	5.0	-1.59	0.93
80.0	6.0	-1.72	1.32
90.0	5.0	-1.59	0.93
90.0	6.0	-1.72	1.32
100.0	5.0	-1.59	0.93
100.0	6.0	-1.72	1.32
110.0	5.0	-1.59	0.93
110.0	6.0	-1.7	1.32
120.0	5.0	-1.59	0.93
120.0	6.0	-1.7	1.32
130.0	5.0	-1.59	0.93
130.0	6.0	-1.7	1.32
140.0	5.0	-1.59	0.93
140.0	6.0	-1.7	1.32
140.0	11.0	0.4	2.98
140.0	12.0	1.25	2.85
140.0	13.0	1.01	3.82
150.0	5.0	-1.59	0.93
150.0	6.0	-1.7	1.32
150.0	11.0	0.34	2.2
150.0	12.0	1.33	2.64
150.0	13.0	0.9	3.5
160.0	5.0	-1.59	0.93
160.0	6.0	-1.7	1.32
160.0	11.0	0.34	1.36
160.0	12.0	1.36	2.36
160.0	13.0	0.76	3.12
170.0	5.0	-1.59	0.93
170.0	6.0	-1.7	1.32
170.0	11.0	0.4	0.55
170.0	12.0	1.34	1.98
170.0	13.0	0.74	2.59
170.0	14.0	4.0	-2.41
180.0	5.0	-1.59	0.93
180.0	6.0	-1.7	1.32
180.0	11.0	0.42	-0.3
180.0	12.0	1.38	1.5
180.0	13.0	0.74	2.0
180.0	14.0	3.99	-1.8
190.0	5.0	-1.59	0.93
190.0	6.0	-1.7	1.32
190.0	11.0	0.49	-1.14
190.0	12.0	1.4	0.97
190.0	13.0	0.76	1.39
190.0	14.0	3.92	-1.35
200.0	5.0	-1.59	0.93
200.0	6.0	-1.7	1.32
200.0	11.0	0.53	-1.97
200.0	12.0	1.35	0.35
200.0	13.0	0.78	0.77
200.0	14.0	3.9	-0.88
210.0	5.0	-1.59	0.93
210.0	6.0	-1.7	1.32
210.0	11.0	0.58	-2.8
210.0	12.0	1.38	-0.29
210.0	13.0	0.77	0.1
210.0	14.0	3.89	-0.4
220.0	5.0	-1.59	0.93
220.0	6.0	-1.7	1.32
220.0	11.0	0.6	-3.7
220.0	12.0	1.32	-0.92
220.0	13.0	0.75	-0.6
220.0	14.0	3.82	0.08
230.0	5.0	-1.59	0.93
230.0	6.0	-1.7	1.32
230.0	11.0	0.74	-4.63
230.0	12.0	1.29	-1.63
230.0	13.0	0.72	-1.32
230.0	14.0	3.8	0.57
240.0	5.0	-1.6	0.93
240.0	6.0	-1.72	1.32
240.0	11.0	0.71	-5.59
240.0	12.0	1.3	-2.37
240.0	13.0	0.7	-2.13
240.0	14.0	3.79	1.05
250.0	5.0	-1.61	0.93
250.0	6.0	-1.72	1.32
250.0	11.0	0.7	-6.39
250.0	12.0	1.26	-3.13
250.0	13.0	0.72	-2.9
250.0	14.0	3.78	1.47
260.0	11.0	0.74	-7.26
260.0	12.0	1.24	-3.9
260.0	13.0	0.69	-3.56
260.0	14.0	3.72	1.99
270.0	11.0	0.8	-8.15
270.0	12.0	1.23	-4.67
270.0	13.0	0.69	-4.31
270.0	14.0	3.71	2.45
280.0	11.0	0.83	-9.02
280.0	12.0	1.24	-5.45
280.0	13.0	0.68	-5.1
280.0	14.0	3.7	2.92
290.0	12.0	1.31	-6.13
290.0	13.0	0.71	-5.87
300.0	12.0	1.26	-6.95
300.0	13.0	0.72	-6.6
310.0	12.0	1.3	-7.73
310.0	13.0	0.77	-7.35
320.0	12.0	1.3	-8.48
320.0	13.0	0.79	-8.19
320.0	19.0	0.36	1.64
330.0	19.0	0.44	2.06
340.0	19.0	0.57	2.5
350.0	19.0	0.61	2.96
530.0	27.0	2.38	-7.98
540.0	27.0	2.42	-7.33
550.0	27.0	2.49	-6.7
560.0	27.0	2.44	-6.02
570.0	27.0	2.44	-5.35
580.0	27.0	2.44	-4.73
590.0	27.0	2.35	-4.08
590.0	28.0	0.74	3.69
600.0	27.0	2.42	-3.44
600.0	28.0	0.78	3.36
610.0	27.0	2.46	-2.9
610.0	28.0	0.87	3.03
620.0	27.0	2.44	-2.36
620.0	28.0	0.92	2.66
630.0	27.0	2.62	-1.94
630.0	28.0	0.96	2.31
640.0	27.0	2.84	-1.61
640.0	28.0	1.07	1.96
650.0	27.0	3.04	-1.23
650.0	28.0	1.11	1.63
660.0	28.0	1.1	1.26
670.0	28.0	1.15	0.91
680.0	28.0	1.2	0.56
690.0	28.0	1.2	0.2
700.0	28.0	1.22	-0.14
710.0	28.0	1.32	-0.53
720.0	28.0	1.34	-0.97
720.0	29.0	-1.07	-5.69
720.0	30.0	-1.29	-7.53
730.0	28.0	1.31	-1.39
730.0	29.0	-0.89	-5.95
730.0	30.0	-1.29	-7.53
740.0	28.0	1.29	-1.88
740.0	29.0	-0.71	-6.25
740.0	30.0	-1.29	-7.53
750.0	28.0	1.2	-2.36
750.0	29.0	-0.47	-6.46
750.0	30.0	-1.29	-7.53
760.0	28.0	1.13	-2.86
760.0	29.0	-0.33	-6.79
760.0	30.0	-1.29	-7.53
770.0	28.0	1.13	-3.41
770.0	29.0	-0.14	-7.09
770.0	30.0	-1.29	-7.53
780.0	28.0	1.09	-3.95
780.0	29.0	0.08	-7.34
780.0	30.0	-1.29	-7.53
790.0	28.0	1.08	-4.42
790.0	29.0	0.14	-7.78
790.0	30.0	-1.29	-7.53
800.0	28.0	1.08	-4.94
800.0	29.0	0.28	-8.13
800.0	30.0	-1.29	-7.53
810.0	28.0	1.04	-5.4
810.0	30.0	-1.29	-7.53
870.0	31.0	3.3	-2.46
870.0	32.0	2.22	3.7
880.0	31.0	3.29	-1.78
880.0	32.0	2.16	3.0
890.0	31.0	3.3	-1.13
890.0	32.0	2.16	2.36
900.0	31.0	3.31	-0.5
900.0	32.0	2.09	1.72
910.0	31.0	3.33	0.16
910.0	32.0	2.04	1.11
920.0	31.0	3.37	0.81
920.0	32.0	2.05	0.46
930.0	31.0	3.37	1.46
930.0	32.0	2.04	-0.22
940.0	31.0	3.43	2.06
940.0	32.0	2.1	-0.86
950.0	31.0	3.45	2.64
950.0	32.0	2.16	-1.55
950.0	34.0	-1.31	-7.49
960.0	32.0	2.15	-2.24
960.0	34.0	-1.31	-7.49
960.0	35.0	0.55	1.93
970.0	32.0	2.26	-2.95
970.0	34.0	-1.31	-7.49
970.0	35.0	0.48	1.3
980.0	32.0	2.27	-3.64
980.0	34.0	-1.31	-7.49
980.0	35.0	0.35	0.66
990.0	35.0	0.27	-0.01
1010.0	39.0	-2.74	-3.22
1020.0	39.0	-2.71	-3.06
1030.0	39.0	-2.74	-2.76
1040.0	39.0	-2.7	-2.51
1050.0	39.0	-2.63	-2.3
1050.0	40.0	-1.6	0.95
1050.0	41.0	-1.74	1.3
1060.0	39.0	-2.64	-2.06
1060.0	40.0	-1.6	0.95
1060.0	41.0	-1.74	1.3
1070.0	39.0	-2.66	-1.97
1070.0	40.0	-1.6	0.95
1070.0	41.0	-1.74	1.3
1080.0	39.0	-2.59	-2.01
1080.0	41.0	-1.74	1.3
1080.0	42.0	-2.17	-8.63
1090.0	41.0	-1.74	1.3
1090.0	42.0	-2.18	-8.09
1100.0	41.0	-1.74	1.3
1100.0	42.0	-2.08	-7.59
1110.0	42.0	-2.02	-7.04
1120.0	42.0	-1.9	-6.54
1130.0	42.0	-1.7	-6.02
1140.0	42.0	-1.59	-5.64
1140.0	45.0	1.27	1.88
1150.0	42.0	-1.49	-5.32
1150.0	45.0	1.31	1.19
1150.0	47.0	-1.72	1.28
1160.0	42.0	-1.36	-4.87
1160.0	45.0	1.35	0.53
1160.0	47.0	-1.72	1.28
1170.0	42.0	-1.63	-4.78
1170.0	45.0	1.37	-0.17
1170.0	47.0	-1.72	1.28
1180.0	45.0	1.42	-0.91
1180.0	47.0	-1.72	1.28
1190.0	45.0	1.43	-1.67
1190.0	47.0	-1.72	1.28
1200.0	45.0	1.47	-2.58
1200.0	47.0	-1.72	1.28
1210.0	45.0	1.58	-3.22
1210.0	47.0	-1.72	1.28
1220.0	45.0	1.69	-3.99
1220.0	47.0	-1.72	1.28
1230.0	45.0	1.66	-4.93
1230.0	47.0	-1.72	1.28
1240.0	45.0	1.82	-5.74
1240.0	47.0	-1.72	1.28
1240.0	51.0	0.92	3.06
1250.0	45.0	1.97	-6.53
1250.0	47.0	-1.72	1.28
1250.0	51.0	1.01	2.49
1260.0	45.0	2.08	-7.32
1260.0	47.0	-1.72	1.28
1260.0	51.0	1.03	1.91
1270.0	45.0	2.26	-8.06
1270.0	47.0	-1.72	1.28
1270.0	51.0	1.02	1.33
1280.0	47.0	-1.72	1.28
1280.0	51.0	1.09	0.7
1290.0	47.0	-1.72	1.28
1290.0	51.0	1.08	0.07
1300.0	47.0	-1.72	1.28
1300.0	51.0	1.12	-0.52
1310.0	47.0	-1.72	1.28
1310.0	51.0	1.16	-1.15
1320.0	47.0	-1.72	1.28
1320.0	51.0	1.18	-1.79
1330.0	47.0	-1.72	1.28
1330.0	51.0	1.3	-2.42
1340.0	47.0	-1.72	1.28
1340.0	51.0	1.52	-3.16
1350.0	47.0	-1.72	1.28
1350.0	51.0	1.52	-3.83
1360.0	47.0	-1.72	1.28
1360.0	51.0	1.61	-4.39
1370.0	47.0	-1.72	1.28
1370.0	51.0	1.6	-5.09
1380.0	47.0	-1.72	1.28
1380.0	51.0	1.63	-5.78
1480.0	52.0	2.19	-1.87
1480.0	54.0	3.82	-1.39
1490.0	52.0	2.04	-1.14
1490.0	54.0	3.65	-0.6
1490.0	55.0	-0.6	2.73
1500.0	52.0	1.95	-0.43
1500.0	54.0	3.61	0.16
1500.0	55.0	-0.35	2.65
1510.0	52.0	1.97	0.3
1510.0	54.0	3.6	0.82
1510.0	55.0	-0.2	2.51
1520.0	52.0	1.93	0.98
1520.0	54.0	3.49	1.44
1520.0	55.0	-0.06	2.27
1530.0	52.0	2.01	1.66
1530.0	54.0	3.39	2.11
1530.0	55.0	0.03	2.07
1540.0	52.0	1.89	2.35
1540.0	54.0	3.24	2.77
1540.0	55.0	0.19	1.9
1550.0	52.0	1.82	3.04
1550.0	54.0	3.21	3.45
1550.0	55.0	0.35	1.75
1560.0	55.0	0.43	1.57
1570.0	55.0	0.47	1.29
1580.0	55.0	0.52	1.09
1590.0	55.0	0.58	0.92
1600.0	55.0	0.65	0.8
1610.0	55.0	0.65	0.7
1620.0	55.0	0.62	0.55
1850.0	62.0	3.24	-3.68
1860.0	62.0	3.23	-3.08
1870.0	62.0	3.21	-2.52
1880.0	62.0	3.2	-1.95
1890.0	62.0	3.28	-1.36
1900.0	62.0	3.31	-0.81
1900.0	63.0	1.18	3.75
1910.0	62.0	3.34	-0.25
1910.0	63.0	1.2	3.25
1920.0	62.0	3.46	0.32
1920.0	63.0	1.33	2.71
1930.0	62.0	3.49	0.86
1930.0	63.0	1.45	2.13
1940.0	62.0	3.52	1.4
1940.0	63.0	1.69	1.61
1950.0	62.0	3.63	1.93
1950.0	63.0	1.97	1.07
1960.0	62.0	3.63	2.42
1960.0	63.0	2.2	0.54
1970.0	62.0	3.63	2.93
1970.0	63.0	2.44	-0.08
1980.0	63.0	2.56	-0.76
1990.0	63.0	2.61	-1.41
2000.0	66.0	2.63	-2.22
2010.0	66.0	2.57	-2.94
2020.0	66.0	2.59	-3.64
2030.0	66.0	2.56	-4.38
2040.0	66.0	2.47	-5.07
2050.0	66.0	2.45	-5.77
2060.0	66.0	2.33	-6.47
2100.0	67.0	3.13	-7.14
2110.0	67.0	3.21	-6.34
2120.0	67.0	3.21	-5.55
2130.0	67.0	3.17	-4.74
2130.0	68.0	3.05	-7.32
2130.0	69.0	3.07	-9.21
2140.0	67.0	3.1	-3.94
2140.0	68.0	2.99	-6.46
2140.0	69.0	3.04	-8.45
2150.0	67.0	2.99	-3.16
2150.0	68.0	2.97	-5.73
2150.0	69.0	2.94	-7.66
2160.0	67.0	2.91	-2.44
2160.0	68.0	2.95	-4.97
2160.0	69.0	2.73	-6.87
2170.0	67.0	2.78	-1.69
2170.0	68.0	2.92	-4.22
2170.0	69.0	2.55	-6.06
2180.0	67.0	2.76	-0.89
2180.0	68.0	3.04	-3.5
2180.0	69.0	2.29	-5.24
2190.0	67.0	2.61	-0.14
2190.0	68.0	3.08	-2.77
2190.0	69.0	2.12	-4.47
2200.0	67.0	2.53	0.6
2200.0	68.0	3.12	-2.05
2200.0	69.0	1.93	-3.66
2210.0	67.0	2.42	1.33
2210.0	68.0	3.25	-1.42
2210.0	69.0	1.83	-2.85
2220.0	67.0	2.36	2.12
2220.0	68.0	3.33	-0.76
2220.0	69.0	1.88	-2.04
2230.0	68.0	3.45	-0.05
2230.0	69.0	1.89	-1.23
2240.0	69.0	1.98	-0.45
2840.0	77.0	3.45	-7.48
2840.0	80.0	1.48	-9.33
2850.0	77.0	3.35	-7.08
2850.0	80.0	1.48	-9.33
2860.0	80.0	1.48	-9.33
2870.0	80.0	1.48	-9.33
2880.0	80.0	1.48	-9.33
2890.0	80.0	1.48	-9.33
2900.0	80.0	1.48	-9.33
2910.0	80.0	1.48	-9.33
2920.0	80.0	1.48	-9.33
2930.0	80.0	1.48	-9.33
2940.0	80.0	1.48	-9.33
2950.0	80.0	1.48	-9.33
2960.0	80.0	1.48	-9.33
2970.0	80.0	1.48	-9.33
2980.0	80.0	1.5	-9.33
3170.0	86.0	1.41	-9.28
3180.0	86.0	1.41	-9.28
3190.0	86.0	1.41	-9.28
3200.0	86.0	1.41	-9.28
3200.0	87.0	3.36	-8.77
3210.0	86.0	1.41	-9.28
3210.0	87.0	3.33	-8.02
3220.0	86.0	1.41	-9.28
3220.0	87.0	3.35	-7.3
3230.0	86.0	1.41	-9.28
3230.0	87.0	3.32	-6.61
3240.0	86.0	1.41	-9.28
3240.0	87.0	3.22	-5.88
3250.0	86.0	1.41	-9.28
3260.0	86.0	1.41	-9.28
3270.0	86.0	1.41	-9.27
3280.0	86.0	1.41	-9.26
3290.0	86.0	1.41	-9.26
3300.0	86.0	1.41	-9.26
3410.0	89.0	1.83	-0.49
3410.0	90.0	1.28	-0.65
3410.0	91.0	1.97	-3.91
3410.0	92.0	1.28	-8.29
3410.0	93.0	1.41	-9.2
3420.0	89.0	1.88	-0.98
3420.0	90.0	1.33	-1.16
3420.0	91.0	2.09	-4.42
3420.0	92.0	1.26	-8.25
3420.0	93.0	1.41	-9.2
3430.0	89.0	1.89	-1.47
3430.0	90.0	1.34	-1.68
3430.0	91.0	2.2	-4.95
3430.0	92.0	1.24	-8.21
3430.0	93.0	1.41	-9.2
3440.0	89.0	2.0	-1.98
3440.0	90.0	1.47	-2.2
3440.0	91.0	2.27	-5.49
3440.0	92.0	1.24	-8.21
3440.0	93.0	1.41	-9.2
3450.0	89.0	2.1	-2.49
3450.0	90.0	1.57	-2.71
3450.0	91.0	2.34	-5.99
3450.0	92.0	1.24	-8.21
3450.0	93.0	1.41	-9.2
3460.0	89.0	2.18	-3.05
3460.0	90.0	1.64	-3.29
3460.0	91.0	2.4	-6.48
3460.0	92.0	1.24	-8.21
3460.0	93.0	1.41	-9.2
3470.0	89.0	2.3	-3.59
3470.0	90.0	1.75	-3.82
3470.0	91.0	2.47	-6.94
3470.0	92.0	1.24	-8.21
3470.0	93.0	1.41	-9.2
3480.0	89.0	2.4	-4.11
3480.0	90.0	1.85	-4.35
3480.0	91.0	2.52	-7.37
3480.0	92.0	1.24	-8.21
3480.0	93.0	1.41	-9.2
3490.0	89.0	2.46	-4.65
3490.0	90.0	1.9	-4.9
3490.0	91.0	2.5	-7.95
3490.0	92.0	1.24	-8.22
3490.0	93.0	1.41	-9.2
3500.0	89.0	2.56	-5.13
3500.0	90.0	1.96	-5.4
3500.0	91.0	2.38	-8.32
3500.0	92.0	1.24	-8.23
3500.0	93.0	1.41	-9.2
3510.0	89.0	2.59	-5.51
3510.0	90.0	2.06	-5.93
3510.0	91.0	2.37	-8.88
3510.0	92.0	1.24	-8.23
3510.0	93.0	1.41	-9.2
3520.0	89.0	2.67	-6.11
3520.0	90.0	2.08	-6.43
3520.0	91.0	2.21	-9.41
3520.0	92.0	1.24	-8.21
3520.0	93.0	1.41	-9.2
3530.0	89.0	2.81	-6.63
3530.0	90.0	2.07	-6.97
3530.0	91.0	2.25	-9.99
3530.0	92.0	1.24	-8.21
3530.0	93.0	1.41	-9.2
3540.0	89.0	2.79	-7.16
3540.0	90.0	2.14	-7.51
3540.0	92.0	1.24	-8.21
3540.0	93.0	1.43	-9.19
3550.0	89.0	2.9	-7.65
3550.0	90.0	2.12	-8.08
3550.0	92.0	1.24	-8.21
3550.0	93.0	1.47	-9.15
3560.0	89.0	2.9	-8.18
3560.0	90.0	2.09	-8.66
3560.0	92.0	1.24	-8.21
3560.0	93.0	1.45	-9.14
3570.0	89.0	2.89	-8.73
3570.0	90.0	2.28	-9.11
3570.0	92.0	1.24	-8.21
3570.0	93.0	1.4	-9.14
3580.0	89.0	2.86	-9.35
3580.0	90.0	2.16	-9.65
3580.0	92.0	1.24	-8.21
3580.0	93.0	1.38	-9.14
4000.0	96.0	1.98	3.74
4000.0	99.0	3.53	-4.78
4010.0	96.0	1.96	3.44
4010.0	99.0	3.57	-4.14
4020.0	96.0	1.98	3.11
4020.0	99.0	3.43	-3.63
4030.0	96.0	1.86	2.78
4030.0	99.0	3.44	-3.09
4040.0	96.0	1.83	2.43
4040.0	99.0	3.41	-2.58
4050.0	96.0	1.86	2.07
4050.0	99.0	3.31	-2.06
4060.0	96.0	1.8	1.7
4060.0	99.0	3.28	-1.54
4070.0	96.0	1.81	1.32
4070.0	99.0	3.22	-1.06
4080.0	96.0	1.85	0.94
4080.0	99.0	3.14	-0.56
4090.0	96.0	1.84	0.48
4090.0	99.0	3.13	0.02
4100.0	96.0	1.86	0.01
4100.0	99.0	3.1	0.54
4110.0	96.0	1.9	-0.5
4110.0	99.0	3.17	1.02
4120.0	96.0	1.86	-0.92
4120.0	99.0	3.22	1.48
4130.0	96.0	1.9	-1.47
4130.0	99.0	3.22	2.0
4140.0	96.0	1.92	-1.94
4150.0	96.0	1.87	-2.41
4160.0	96.0	1.95	-2.91
4170.0	96.0	1.99	-3.4
4180.0	96.0	1.96	-3.89
4190.0	96.0	2.07	-4.38
4200.0	96.0	2.12	-4.88
4210.0	96.0	2.16	-5.35
4220.0	96.0	2.35	-5.82
4230.0	96.0	2.45	-6.3
4240.0	96.0	2.51	-6.75
4240.0	103.0	3.92	-8.42
4250.0	96.0	2.68	-7.2
4250.0	103.0	3.7	-7.77
4260.0	96.0	2.69	-7.62
4260.0	103.0	3.68	-7.09
4430.0	104.0	1.34	-9.22
4430.0	106.0	2.59	-9.52
4440.0	104.0	1.34	-9.22
4440.0	106.0	2.62	-9.36
4450.0	104.0	1.34	-9.22
4450.0	106.0	2.61	-9.17
4460.0	104.0	1.34	-9.22
4460.0	106.0	2.53	-8.93
4470.0	104.0	1.34	-9.22
4470.0	106.0	2.48	-8.74
4480.0	104.0	1.34	-9.2
4480.0	106.0	2.49	-8.47
4490.0	104.0	1.34	-9.2
4490.0	106.0	2.51	-8.26
4500.0	104.0	1.34	-9.2
4500.0	106.0	2.46	-8.03
4510.0	104.0	1.34	-9.22
4510.0	106.0	2.35	-7.78
4510.0	109.0	2.8	2.27
4520.0	104.0	1.34	-9.22
4520.0	106.0	2.3	-7.57
4520.0	109.0	2.9	1.78
4530.0	104.0	1.34	-9.22
4530.0	106.0	2.29	-7.32
4530.0	109.0	3.02	1.31
4540.0	104.0	1.34	-9.22
4540.0	106.0	2.29	-7.11
4540.0	109.0	3.12	0.88
4550.0	104.0	1.34	-9.22
4550.0	106.0	2.19	-6.82
4550.0	109.0	3.27	0.43
4560.0	104.0	1.34	-9.22
4560.0	106.0	2.05	-6.54
4560.0	109.0	3.42	0.08
4570.0	104.0	1.34	-9.22
4570.0	106.0	2.1	-6.27
4570.0	109.0	3.53	-0.26
4570.0	110.0	2.56	2.43
4580.0	104.0	1.34	-9.22
4580.0	106.0	2.15	-6.07
4580.0	110.0	2.45	1.83
4590.0	104.0	1.34	-9.2
4590.0	106.0	2.11	-5.76
4590.0	110.0	2.51	1.23
4600.0	104.0	1.32	-9.2
4600.0	106.0	2.03	-5.49
4600.0	110.0	2.54	0.62
4610.0	104.0	1.3	-9.18
4610.0	106.0	2.04	-5.28
4610.0	110.0	2.56	-0.01
4620.0	104.0	1.29	-9.16
4620.0	106.0	2.1	-5.03
4620.0	110.0	2.66	-0.62
4630.0	104.0	1.27	-9.16
4630.0	106.0	2.12	-4.83
4630.0	110.0	2.63	-1.22
4640.0	104.0	1.21	-9.24
4640.0	106.0	2.03	-4.55
4640.0	110.0	2.8	-1.86
4650.0	104.0	1.14	-9.23
4650.0	106.0	1.98	-4.34
4650.0	110.0	2.87	-2.51
4660.0	104.0	1.11	-9.23
4660.0	106.0	2.02	-4.14
4660.0	110.0	3.04	-3.16
4670.0	104.0	1.09	-9.23
4670.0	106.0	2.05	-3.98
4670.0	110.0	3.19	-3.83
4680.0	104.0	1.13	-9.19
4680.0	106.0	1.97	-3.74
4680.0	110.0	3.17	-4.51
4690.0	104.0	1.2	-9.12
4690.0	106.0	1.85	-3.51
4690.0	110.0	3.26	-5.19
4690.0	112.0	3.72	-8.77
4700.0	104.0	1.36	-9.23
4700.0	106.0	1.85	-3.31
4700.0	110.0	3.08	-5.83
4700.0	112.0	3.71	-8.18
4710.0	104.0	1.4	-9.28
4710.0	106.0	1.91	-3.08
4710.0	110.0	3.03	-6.51
4710.0	112.0	3.72	-7.63
4720.0	104.0	1.4	-9.36
4720.0	106.0	1.94	-2.92
4720.0	110.0	2.83	-7.18
4720.0	112.0	3.73	-7.06
4730.0	104.0	1.37	-9.31
4730.0	106.0	1.89	-2.66
4730.0	110.0	2.71	-7.87
4730.0	112.0	3.57	-6.41
4740.0	104.0	1.37	-9.32
4740.0	106.0	1.83	-2.43
4740.0	110.0	2.63	-8.54
4740.0	112.0	3.44	-5.73
4750.0	104.0	1.32	-9.34
4750.0	106.0	1.87	-2.2
4750.0	110.0	2.41	-9.17
4750.0	112.0	3.41	-5.19
4760.0	104.0	1.39	-9.34
4760.0	106.0	1.95	-1.97
4760.0	110.0	2.39	-9.84
4760.0	112.0	3.29	-4.5
4770.0	104.0	1.4	-9.34
4770.0	106.0	1.97	-1.79
4770.0	112.0	3.43	-3.81
4780.0	104.0	1.42	-9.29
4780.0	106.0	1.88	-1.55
4780.0	112.0	3.39	-3.17
4790.0	104.0	1.41	-9.28
4790.0	106.0	1.83	-1.36
4790.0	112.0	3.39	-2.53
4800.0	104.0	1.42	-9.28
4800.0	106.0	1.87	-1.16
4800.0	112.0	3.47	-1.84
4810.0	104.0	1.41	-9.27
4810.0	106.0	1.92	-0.95
4810.0	112.0	3.44	-1.24
4820.0	104.0	1.43	-9.26
4820.0	106.0	1.91	-0.68
4820.0	112.0	3.5	-0.68
4830.0	104.0	1.41	-9.23
4830.0	106.0	1.83	-0.41
4830.0	112.0	3.53	-0.12
4840.0	104.0	1.44	-9.26
4840.0	106.0	1.77	-0.23
4840.0	112.0	3.49	0.42
4850.0	104.0	1.43	-9.25
4850.0	106.0	1.77	-0.06
4850.0	112.0	3.53	0.9
4860.0	104.0	1.43	-9.28
4860.0	106.0	1.81	0.13
4860.0	112.0	3.55	1.3
4870.0	104.0	1.41	-9.27
4870.0	106.0	1.8	0.35
4870.0	112.0	3.42	1.75
4880.0	104.0	1.38	-9.24
4880.0	106.0	1.77	0.54
4880.0	112.0	3.41	2.24
4890.0	104.0	1.36	-9.24
4890.0	106.0	1.76	0.69
4890.0	112.0	3.45	2.71
4900.0	104.0	1.29	-9.24
4900.0	106.0	1.82	0.87
4900.0	112.0	3.42	3.27
4910.0	104.0	1.38	-9.28
4910.0	106.0	1.9	1.05
4920.0	104.0	1.36	-9.24
4920.0	106.0	1.93	1.21
4930.0	104.0	1.35	-9.26
4930.0	106.0	1.88	1.47
4940.0	104.0	1.31	-9.19
4940.0	106.0	1.85	1.68
4950.0	104.0	1.3	-9.18
4950.0	106.0	1.88	1.89
4960.0	104.0	1.3	-9.18
4960.0	106.0	1.91	2.08
4970.0	104.0	1.3	-9.18
4970.0	106.0	1.9	2.26
4980.0	104.0	1.3	-9.18
4980.0	106.0	1.83	2.51
4990.0	104.0	1.3	-9.18
4990.0	106.0	1.8	2.68
5000.0	104.0	1.3	-9.18
5000.0	106.0	1.79	2.91
5010.0	104.0	1.33	-9.25
5010.0	106.0	1.76	3.1
5240.0	115.0	-0.41	0.66
5240.0	117.0	-1.47	-3.14
5250.0	115.0	-0.63	0.15
5250.0	117.0	-1.47	-3.14
5260.0	115.0	-0.89	-0.31
5260.0	117.0	-1.47	-3.14
5270.0	115.0	-1.12	-0.85
5270.0	117.0	-1.47	-3.14
5280.0	115.0	-1.32	-1.32
5280.0	117.0	-1.36	-3.1
5290.0	115.0	-1.61	-1.85
5290.0	117.0	-1.24	-3.14
5300.0	115.0	-1.79	-2.41
5300.0	117.0	-1.27	-3.14
5310.0	115.0	-1.89	-2.97
5310.0	117.0	-1.25	-3.11
5320.0	115.0	-1.88	-3.54
5320.0	117.0	-1.22	-3.14
5330.0	115.0	-2.12	-4.07
5330.0	117.0	-1.28	-3.14
5340.0	115.0	-2.29	-4.67
5340.0	117.0	-1.22	-3.09
5350.0	115.0	-2.08	-5.22
5350.0	117.0	-1.21	-3.09
5360.0	115.0	-2.09	-5.8
5360.0	117.0	-1.16	-3.11
5370.0	115.0	-2.05	-6.42
5370.0	117.0	-1.35	-3.11
5680.0	118.0	2.39	-0.56
5680.0	119.0	1.3	3.75
5690.0	118.0	2.54	0.03
5690.0	119.0	1.23	3.21
5700.0	118.0	2.58	0.66
5700.0	119.0	1.25	2.68
5710.0	118.0	2.73	1.27
5710.0	119.0	1.24	2.15
5720.0	118.0	2.82	1.85
5720.0	119.0	1.23	1.65
5730.0	118.0	2.79	2.46
5730.0	119.0	1.21	1.03
5740.0	119.0	1.23	0.42
5750.0	119.0	1.29	-0.06
5760.0	119.0	1.32	-0.61
5770.0	119.0	1.38	-1.18
5780.0	119.0	1.47	-1.86
5790.0	119.0	1.53	-2.46
5800.0	119.0	1.73	-3.04
5810.0	119.0	1.83	-3.68
5820.0	119.0	1.95	-4.21
5820.0	124.0	1.45	-9.23
5830.0	119.0	2.07	-4.79
5830.0	124.0	1.45	-9.23
5840.0	119.0	2.24	-5.45
5840.0	124.0	1.45	-9.23
5850.0	119.0	2.37	-5.91
5850.0	124.0	1.45	-9.23
5860.0	119.0	2.58	-6.61
5860.0	124.0	1.45	-9.23
5870.0	119.0	2.68	-7.26
5870.0	124.0	1.45	-9.23
5880.0	119.0	2.86	-7.87
5880.0	124.0	1.45	-9.23
5890.0	119.0	2.96	-8.47
5890.0	124.0	1.45	-9.23
5900.0	119.0	3.13	-9.2
5900.0	124.0	1.45	-9.23
6320.0	126.0	3.79	-4.9
6330.0	126.0	3.89	-4.25
6340.0	126.0	3.92	-3.49
6350.0	126.0	3.96	-2.8
6360.0	126.0	4.06	-2.13
6370.0	126.0	3.99	-1.39
6710.0	129.0	3.7	-2.88
6720.0	129.0	3.56	-2.61
6730.0	129.0	3.49	-2.28
6740.0	129.0	3.4	-2.04
6750.0	129.0	3.26	-1.82
6760.0	129.0	3.19	-1.63
6770.0	129.0	3.12	-1.47
6780.0	129.0	3.1	-1.43
6780.0	133.0	-1.35	-1.09
6780.0	134.0	-1.94	0.5
6790.0	133.0	-1.32	-0.93
6790.0	134.0	-1.83	0.96
6790.0	136.0	3.14	-1.41
6800.0	133.0	-1.34	-0.71
6800.0	134.0	-1.71	1.38
6800.0	136.0	3.15	-1.43
6800.0	137.0	3.29	-3.01
6810.0	133.0	-1.39	-0.48
6810.0	134.0	-1.67	1.82
6810.0	136.0	3.17	-1.46
6810.0	137.0	3.08	-3.48
6820.0	133.0	-1.37	-0.38
6820.0	134.0	-1.54	2.21
6820.0	136.0	3.17	-1.49
6820.0	137.0	2.86	-3.93
6830.0	133.0	-1.24	-0.28
6830.0	136.0	3.18	-1.52
6830.0	137.0	2.61	-4.34
6840.0	133.0	-1.09	-0.18
6840.0	136.0	3.2	-1.52
6840.0	137.0	2.43	-4.79
6840.0	139.0	1.23	-9.32
6850.0	133.0	-1.05	-0.05
6850.0	136.0	3.2	-1.54
6850.0	137.0	2.26	-5.22
6850.0	139.0	1.27	-9.3
6860.0	133.0	-1.06	0.17
6860.0	136.0	3.19	-1.56
6860.0	137.0	2.1	-5.62
6860.0	139.0	1.29	-9.28
6870.0	136.0	3.18	-1.56
6870.0	137.0	2.08	-6.08
6870.0	139.0	1.28	-9.28
6880.0	136.0	3.18	-1.56
6880.0	137.0	2.13	-6.5
6880.0	139.0	1.28	-9.29
6890.0	136.0	3.19	-1.54
6890.0	137.0	2.11	-6.97
6890.0	139.0	1.26	-9.28
6890.0	144.0	0.01	-6.93
6900.0	136.0	3.17	-1.52
6900.0	137.0	2.17	-7.44
6900.0	139.0	1.19	-9.27
6900.0	144.0	0.01	-6.93
6910.0	136.0	3.15	-1.5
6910.0	137.0	2.22	-7.88
6910.0	139.0	1.22	-9.27
6910.0	144.0	0.01	-6.93
6920.0	136.0	3.15	-1.49
6920.0	137.0	2.23	-8.43
6920.0	139.0	1.25	-9.29
6920.0	144.0	-0.14	-6.84
6930.0	136.0	3.17	-1.5
6930.0	137.0	2.32	-8.87
6930.0	139.0	1.29	-9.3
6930.0	144.0	-0.23	-6.9
6940.0	136.0	3.18	-1.52
6940.0	139.0	1.31	-9.3
6940.0	144.0	-0.29	-6.79
6950.0	136.0	3.18	-1.55
6950.0	139.0	1.31	-9.3
6950.0	144.0	-0.26	-6.82
6960.0	136.0	3.2	-1.59
6960.0	139.0	1.31	-9.3
6960.0	144.0	-0.26	-6.81
6970.0	136.0	3.22	-1.6
6970.0	139.0	1.31	-9.3
6970.0	144.0	-0.24	-6.9
6970.0	145.0	2.46	2.98
6980.0	136.0	3.23	-1.6
6980.0	139.0	1.31	-9.3
6980.0	144.0	-0.33	-6.83
6980.0	145.0	2.51	2.45
6980.0	147.0	3.73	-6.76
6990.0	136.0	3.25	-1.61
6990.0	139.0	1.31	-9.3
6990.0	144.0	-0.25	-6.9
6990.0	145.0	2.6	1.9
6990.0	147.0	3.72	-6.89
7000.0	136.0	3.25	-1.62
7000.0	139.0	1.31	-9.3
7000.0	144.0	-0.24	-6.91
7000.0	145.0	2.66	1.36
7000.0	147.0	3.73	-6.8
7010.0	136.0	3.2	-1.64
7010.0	139.0	1.31	-9.3
7010.0	144.0	-0.24	-6.91
7010.0	145.0	2.68	0.84
7010.0	147.0	3.67	-6.47
7020.0	136.0	3.1	-1.62
7020.0	139.0	1.31	-9.3
7020.0	144.0	-0.24	-6.91
7020.0	145.0	2.69	0.31
7020.0	148.0	2.08	-9.65
7020.0	149.0	3.73	-6.03
7030.0	139.0	1.31	-9.3
7030.0	144.0	-0.24	-6.91
7030.0	145.0	2.53	-0.18
7030.0	148.0	2.21	-8.97
7030.0	149.0	3.82	-5.61
7040.0	139.0	1.31	-9.3
7040.0	144.0	-0.24	-6.91
7040.0	145.0	2.36	-0.61
7040.0	148.0	2.2	-8.13
7040.0	149.0	3.73	-4.96
7050.0	139.0	1.31	-9.3
7050.0	144.0	-0.24	-6.91
7050.0	145.0	2.17	-1.09
7050.0	148.0	2.16	-7.45
7050.0	149.0	3.79	-4.42
7060.0	139.0	1.31	-9.3
7060.0	144.0	-0.24	-6.91
7060.0	145.0	1.95	-1.56
7060.0	148.0	2.11	-6.72
7060.0	149.0	3.88	-3.85
7070.0	139.0	1.31	-9.3
7070.0	144.0	-0.24	-6.91
7070.0	145.0	1.85	-1.99
7070.0	148.0	1.96	-5.98
7070.0	149.0	3.8	-3.24
7080.0	139.0	1.31	-9.3
7080.0	144.0	-0.24	-6.91
7080.0	145.0	1.85	-2.54
7080.0	148.0	1.83	-5.29
7080.0	149.0	3.79	-2.72
7090.0	139.0	1.31	-9.3
7090.0	144.0	-0.24	-6.91
7090.0	145.0	1.82	-3.13
7090.0	148.0	1.64	-4.57
7090.0	149.0	3.73	-2.22
7100.0	139.0	1.31	-9.3
7100.0	144.0	-0.26	-6.87
7100.0	145.0	1.99	-3.67
7100.0	148.0	1.4	-3.87
7100.0	149.0	3.79	-1.75
7110.0	139.0	1.31	-9.3
7110.0	144.0	-0.24	-6.9
7110.0	145.0	2.1	-4.27
7110.0	148.0	1.28	-3.15
7110.0	149.0	3.74	-1.15
7120.0	139.0	1.31	-9.3
7120.0	144.0	-0.24	-6.83
7120.0	145.0	2.27	-4.96
7120.0	148.0	1.14	-2.35
7120.0	149.0	3.61	-0.54
7130.0	139.0	1.31	-9.3
7130.0	144.0	-0.24	-6.9
7130.0	145.0	2.44	-5.52
7130.0	148.0	1.12	-1.72
7130.0	149.0	3.53	-0.03
7140.0	139.0	1.31	-9.3
7140.0	144.0	-0.24	-6.91
7140.0	145.0	2.53	-6.17
7140.0	148.0	1.22	-1.03
7150.0	139.0	1.31	-9.3
7150.0	144.0	-0.24	-6.91
7150.0	145.0	2.57	-6.81
7150.0	148.0	1.27	-0.3
7160.0	139.0	1.31	-9.3
7160.0	144.0	-0.24	-6.91
7160.0	145.0	2.59	-7.47
7170.0	139.0	1.31	-9.3
7170.0	144.0	-0.24	-6.91
7170.0	145.0	2.56	-8.12
7180.0	139.0	1.31	-9.3
7180.0	144.0	-0.24	-6.91
7180.0	145.0	2.56	-8.78
7180.0	152.0	-1.81	-4.14
7190.0	139.0	1.31	-9.3
7190.0	144.0	-0.24	-6.91
7190.0	145.0	2.53	-9.4
7190.0	152.0	-1.81	-4.14
7200.0	139.0	1.31	-9.3
7200.0	144.0	-0.24	-6.91
7200.0	152.0	-1.81	-4.14
7210.0	139.0	1.31	-9.3
7210.0	144.0	-0.24	-6.91
7210.0	152.0	-1.81	-4.14
7220.0	139.0	1.31	-9.3
7220.0	144.0	-0.24	-6.91
7220.0	152.0	-1.81	-4.14
7230.0	139.0	1.31	-9.3
7230.0	144.0	-0.24	-6.91
7230.0	152.0	-1.81	-4.14
7240.0	139.0	1.31	-9.3
7240.0	144.0	-0.24	-6.91
7240.0	152.0	-1.81	-4.14
7250.0	139.0	1.31	-9.3
7250.0	144.0	-0.24	-6.91
7250.0	152.0	-1.81	-4.14
7260.0	139.0	1.31	-9.3
7260.0	144.0	-0.24	-6.91
7260.0	152.0	-1.81	-4.14
7260.0	154.0	-1.83	-8.62
7270.0	139.0	1.31	-9.3
7270.0	152.0	-1.81	-4.14
7270.0	154.0	-1.83	-8.6
7280.0	139.0	1.31	-9.3
7280.0	152.0	-1.81	-4.14
7280.0	154.0	-1.81	-8.6
7290.0	139.0	1.31	-9.3
7290.0	152.0	-1.81	-4.14
7290.0	154.0	-1.8	-8.62
7300.0	139.0	1.31	-9.3
7300.0	152.0	-1.81	-4.14
7300.0	154.0	-1.78	-8.64
7310.0	139.0	1.31	-9.3
7320.0	139.0	1.31	-9.3
7330.0	139.0	1.31	-9.3
7340.0	139.0	1.31	-9.3
7350.0	139.0	1.31	-9.3
7360.0	139.0	1.31	-9.3
7370.0	139.0	1.31	-9.28
7480.0	156.0	1.42	-9.38
7490.0	156.0	1.45	-8.78
7500.0	156.0	1.46	-8.11
7510.0	156.0	1.34	-7.43
7520.0	156.0	1.36	-6.75
7520.0	160.0	2.27	-9.71
7530.0	156.0	1.47	-5.97
7530.0	160.0	2.29	-9.06
7540.0	156.0	1.45	-5.29
7540.0	160.0	2.31	-8.45
7550.0	156.0	1.45	-4.59
7550.0	160.0	2.28	-7.71
7560.0	156.0	1.38	-3.87
7560.0	160.0	2.38	-6.92
7570.0	156.0	1.34	-3.2
7570.0	160.0	2.39	-6.24
7570.0	162.0	3.44	2.52
7570.0	163.0	3.68	1.5
7580.0	156.0	1.24	-2.49
7580.0	160.0	2.41	-5.51
7580.0	162.0	3.4	2.02
7580.0	163.0	3.77	1.02
7590.0	156.0	1.19	-1.82
7590.0	160.0	2.36	-4.82
7590.0	162.0	3.56	1.54
7590.0	163.0	3.73	0.56
7600.0	156.0	1.27	-1.17
7600.0	160.0	2.35	-4.09
7600.0	162.0	3.66	1.13
7600.0	163.0	3.74	-0.02
7610.0	156.0	1.32	-0.52
7610.0	160.0	2.4	-3.37
7610.0	162.0	3.68	0.7
7610.0	163.0	3.81	-0.42
7620.0	156.0	1.32	0.11
7620.0	160.0	2.34	-2.63
7620.0	162.0	3.93	0.23
7620.0	163.0	3.7	-0.86
7630.0	156.0	1.33	0.72
7630.0	160.0	2.35	-1.9
7630.0	162.0	3.96	-0.36
7630.0	163.0	3.69	-1.32
7640.0	156.0	1.23	1.36
7640.0	160.0	2.35	-1.25
7640.0	162.0	3.99	-0.79
7640.0	163.0	3.7	-1.83
7650.0	156.0	1.15	1.93
7650.0	160.0	2.33	-0.64
7660.0	156.0	1.09	2.57
7660.0	160.0	2.36	0.01
7670.0	156.0	1.01	3.19
7670.0	160.0	2.35	0.66
8050.0	164.0	2.18	-7.98
8050.0	165.0	2.78	-8.31
8050.0	166.0	2.52	-5.1
8050.0	167.0	1.12	1.03
8060.0	164.0	2.21	-7.44
8060.0	165.0	2.84	-7.67
8060.0	166.0	2.6	-4.56
8060.0	167.0	1.12	0.33
8070.0	164.0	2.23	-6.87
8070.0	165.0	2.82	-7.06
8070.0	166.0	2.66	-3.92
8070.0	167.0	1.06	-0.36
8080.0	164.0	2.23	-6.24
8080.0	165.0	2.8	-6.44
8080.0	166.0	2.78	-3.26
8080.0	167.0	1.08	-1.01
8090.0	164.0	2.31	-5.63
8090.0	165.0	2.78	-5.84
8090.0	166.0	2.8	-2.72
8090.0	167.0	1.13	-1.7
8090.0	168.0	0.9	1.86
8100.0	164.0	2.23	-5.04
8100.0	165.0	2.77	-5.25
8100.0	166.0	2.81	-2.14
8100.0	167.0	1.11	-2.41
8100.0	168.0	0.96	1.55
8110.0	164.0	2.2	-4.41
8110.0	165.0	2.8	-4.64
8110.0	166.0	2.97	-1.55
8110.0	167.0	1.16	-3.09
8110.0	168.0	0.97	1.12
8120.0	164.0	2.2	-3.72
8120.0	165.0	2.8	-4.03
8120.0	166.0	3.03	-0.97
8120.0	167.0	1.17	-3.77
8120.0	168.0	0.9	0.68
8130.0	164.0	2.13	-3.07
8130.0	165.0	2.82	-3.37
8130.0	166.0	3.07	-0.38
8130.0	167.0	1.15	-4.48
8130.0	168.0	0.95	0.23
8140.0	164.0	2.12	-2.48
8140.0	165.0	2.9	-2.71
8140.0	166.0	3.09	0.25
8140.0	167.0	1.21	-5.21
8140.0	168.0	0.94	-0.18
8150.0	164.0	2.18	-1.88
8150.0	165.0	2.89	-2.06
8150.0	166.0	3.02	0.91
9260.0	174.0	0.95	1.71
9270.0	174.0	0.96	1.25
9280.0	174.0	0.95	0.75
9280.0	176.0	-0.41	-4.11
9280.0	177.0	-1.32	-1.22
9290.0	174.0	1.0	0.25
9290.0	176.0	-0.42	-3.72
9290.0	177.0	-1.32	-1.22
9300.0	174.0	0.99	-0.25
9300.0	176.0	-0.42	-3.34
9300.0	177.0	-1.32	-1.19
9310.0	174.0	0.97	-0.75
9310.0	176.0	-0.48	-3.05
9310.0	177.0	-1.3	-1.19
9320.0	174.0	1.04	-1.28
9320.0	177.0	-1.28	-1.19
9320.0	178.0	-0.63	-2.95
9330.0	174.0	1.02	-1.8
9330.0	177.0	-1.26	-1.21
9330.0	178.0	-0.83	-2.92
9340.0	174.0	1.01	-2.3
9350.0	174.0	1.03	-2.84
9360.0	174.0	0.96	-3.38
9370.0	174.0	0.97	-3.92
9370.0	179.0	0.54	-7.41
9370.0	180.0	-1.09	-6.72
9380.0	174.0	0.99	-4.48
9380.0	179.0	0.47	-7.24
9380.0	180.0	-1.09	-6.72
9390.0	174.0	0.95	-5.03
9390.0	179.0	0.39	-7.05
9390.0	180.0	-1.09	-6.72
9400.0	174.0	0.99	-5.57
9400.0	179.0	0.36	-6.9
9400.0	180.0	-1.09	-6.72
9400.0	181.0	1.17	-9.88
9400.0	182.0	1.89	-9.65
9410.0	174.0	1.05	-6.07
9410.0	179.0	0.35	-6.69
9410.0	180.0	-1.09	-6.72
9410.0	181.0	1.21	-9.22
9410.0	182.0	1.92	-9.05
9410.0	183.0	-1.0	-4.77
9420.0	174.0	1.0	-6.55
9420.0	179.0	0.3	-6.53
9420.0	180.0	-1.09	-6.72
9420.0	181.0	1.39	-8.65
9420.0	182.0	1.98	-8.51
9420.0	183.0	-0.55	-4.46
9420.0	187.0	1.71	2.67
9420.0	188.0	3.91	-5.44
9430.0	174.0	0.98	-7.08
9430.0	179.0	0.17	-6.38
9430.0	180.0	-1.09	-6.72
9430.0	181.0	1.58	-8.14
9430.0	182.0	2.15	-7.98
9430.0	183.0	0.11	-4.04
9430.0	187.0	1.75	2.05
9430.0	188.0	3.92	-5.15
9440.0	174.0	0.94	-7.57
9440.0	179.0	0.02	-6.23
9440.0	180.0	-1.09	-6.72
9440.0	181.0	1.54	-7.67
9440.0	182.0	2.17	-7.28
9440.0	183.0	0.64	-3.86
9440.0	187.0	1.81	1.48
9440.0	188.0	3.98	-4.88
9450.0	174.0	0.83	-8.09
9450.0	179.0	0.05	-6.05
9450.0	180.0	-1.09	-6.72
9450.0	181.0	1.58	-7.1
9450.0	182.0	2.21	-6.76
9450.0	183.0	1.18	-3.73
9450.0	187.0	1.89	0.91
9450.0	188.0	4.02	-4.54
9460.0	174.0	0.8	-8.61
9460.0	180.0	-1.09	-6.72
9460.0	181.0	1.73	-6.55
9460.0	182.0	2.28	-6.14
9460.0	183.0	1.73	-3.56
9460.0	187.0	1.9	0.32
9460.0	189.0	0.25	-5.95
9460.0	190.0	-1.1	-0.45
9460.0	192.0	2.07	3.85
9470.0	180.0	-1.09	-6.72
9470.0	181.0	1.8	-5.92
9470.0	182.0	2.39	-5.44
9470.0	183.0	2.28	-3.51
9470.0	187.0	1.92	-0.29
9470.0	189.0	0.08	-5.9
9470.0	190.0	-0.69	-0.58
9470.0	192.0	2.1	3.27
9480.0	180.0	-1.09	-6.72
9480.0	181.0	1.88	-5.25
9480.0	182.0	2.46	-4.86
9480.0	183.0	2.81	-3.47
9480.0	187.0	1.85	-1.01
9480.0	189.0	0.0	-5.79
9480.0	190.0	-0.32	-0.9
9480.0	192.0	2.18	2.63
9490.0	180.0	-1.09	-6.72
9490.0	181.0	1.99	-4.66
9490.0	182.0	2.51	-4.27
9490.0	183.0	3.37	-3.45
9490.0	187.0	1.7	-1.6
9490.0	189.0	0.09	-5.7
9490.0	190.0	-0.13	-1.34
9490.0	192.0	2.14	1.99
9500.0	180.0	-1.09	-6.72
9500.0	181.0	2.06	-4.12
9500.0	182.0	2.55	-3.65
9500.0	183.0	3.85	-3.55
9500.0	187.0	1.62	-2.24
9500.0	189.0	0.01	-5.68
9500.0	190.0	-0.08	-1.86
9500.0	192.0	2.1	1.29
9500.0	194.0	1.72	-8.94
9510.0	180.0	-1.09	-6.72
9510.0	181.0	2.12	-3.45
9510.0	182.0	2.66	-3.03
9510.0	187.0	1.51	-2.89
9510.0	189.0	-0.04	-5.75
9510.0	190.0	0.22	-2.46
9510.0	192.0	2.03	0.57
9510.0	194.0	1.78	-8.3
9510.0	199.0	-1.42	-3.51
9520.0	180.0	-1.09	-6.72
9520.0	181.0	2.14	-2.76
9520.0	182.0	2.7	-2.42
9520.0	187.0	1.46	-3.54
9520.0	189.0	-0.02	-5.74
9520.0	190.0	0.54	-2.92
9520.0	192.0	1.9	0.0
9520.0	194.0	1.8	-7.81
9520.0	199.0	-1.31	-3.57
9530.0	180.0	-1.09	-6.72
9530.0	181.0	2.12	-2.17
9530.0	182.0	2.71	-1.76
9530.0	187.0	1.44	-4.22
9530.0	189.0	-0.02	-5.74
9530.0	190.0	0.58	-3.49
9530.0	192.0	1.77	-0.57
9530.0	194.0	1.88	-7.26
9530.0	199.0	-1.12	-3.53
9540.0	180.0	-1.11	-6.79
9540.0	181.0	2.22	-1.52
9540.0	182.0	2.8	-1.12
9540.0	187.0	1.39	-4.91
9540.0	189.0	-0.02	-5.74
9540.0	190.0	0.71	-3.96
9540.0	192.0	1.64	-1.21
9540.0	194.0	1.96	-6.65
9540.0	199.0	-1.05	-3.55
9550.0	180.0	-1.09	-6.73
9550.0	181.0	2.21	-0.82
9550.0	182.0	2.81	-0.51
9550.0	187.0	1.35	-5.59
9550.0	189.0	-0.02	-5.74
9550.0	190.0	0.83	-4.49
9550.0	192.0	1.61	-1.93
9550.0	194.0	1.98	-6.05
9550.0	199.0	-0.98	-3.66
9550.0	201.0	2.78	-9.95
9560.0	180.0	-1.09	-6.72
9560.0	181.0	2.16	-0.18
9560.0	182.0	2.76	0.09
9560.0	187.0	1.3	-6.27
9560.0	189.0	-0.02	-5.74
9560.0	190.0	0.87	-5.06
9560.0	192.0	1.53	-2.53
9560.0	194.0	2.04	-5.44
9560.0	199.0	-0.74	-3.67
9560.0	201.0	2.74	-9.37
9570.0	180.0	-1.09	-6.72
9570.0	181.0	2.27	0.47
9570.0	182.0	2.84	0.81
9570.0	187.0	1.22	-6.91
9570.0	189.0	-0.02	-5.74
9570.0	190.0	1.04	-5.49
9570.0	192.0	1.47	-3.16
9570.0	194.0	2.06	-4.85
9570.0	199.0	-0.61	-3.72
9570.0	201.0	2.77	-8.83
9580.0	180.0	-1.09	-6.72
9580.0	181.0	2.15	1.13
9580.0	182.0	2.81	1.47
9580.0	187.0	1.25	-7.68
9580.0	189.0	-0.09	-5.79
9580.0	190.0	0.88	-6.01
9580.0	192.0	1.45	-3.85
9580.0	194.0	2.09	-4.22
9580.0	199.0	-0.49	-3.89
9580.0	201.0	2.84	-8.3
9590.0	180.0	-1.09	-6.72
9590.0	181.0	2.13	1.71
9590.0	182.0	2.81	2.05
9590.0	187.0	1.27	-8.34
9590.0	190.0	0.81	-6.64
9590.0	192.0	1.43	-4.52
9590.0	194.0	2.16	-3.62
9590.0	199.0	-0.4	-4.02
9590.0	201.0	2.84	-7.75
9590.0	202.0	-0.04	-5.7
9590.0	203.0	0.94	4.05
9600.0	180.0	-1.09	-6.72
9600.0	181.0	2.13	2.37
9600.0	182.0	2.77	2.62
9600.0	187.0	1.26	-8.9
9600.0	190.0	0.89	-7.25
9600.0	192.0	1.44	-5.16
9600.0	194.0	2.15	-3.04
9600.0	199.0	-0.31	-4.19
9600.0	201.0	2.82	-7.15
9600.0	202.0	-0.04	-5.7
9600.0	203.0	1.04	3.55
9610.0	180.0	-1.09	-6.72
9610.0	181.0	2.01	3.01
9610.0	182.0	2.76	3.23
9610.0	187.0	1.39	-9.67
9610.0	190.0	0.88	-7.88
9610.0	192.0	1.5	-5.79
9610.0	194.0	2.14	-2.5
9610.0	199.0	-0.3	-4.21
9610.0	201.0	2.86	-6.58
9610.0	203.0	0.95	3.07
9610.0	204.0	-0.12	-5.85
9620.0	180.0	-1.09	-6.72
9620.0	190.0	0.89	-8.47
9620.0	192.0	1.59	-6.47
9620.0	194.0	2.1	-1.94
9620.0	199.0	-0.3	-4.21
9620.0	201.0	2.86	-6.04
9620.0	203.0	0.91	2.62
9620.0	204.0	-0.12	-5.85
9630.0	180.0	-1.09	-6.72
9630.0	190.0	1.01	-9.06
9630.0	192.0	1.63	-7.19
9630.0	194.0	1.99	-1.37
9630.0	199.0	-0.06	-4.27
9630.0	201.0	2.79	-5.45
9630.0	203.0	0.93	2.13
9630.0	204.0	-0.43	-6.03
9640.0	180.0	-1.09	-6.72
9640.0	190.0	1.09	-9.65
9640.0	192.0	1.71	-7.9
9640.0	194.0	1.92	-0.83
9640.0	199.0	-0.03	-4.27
9640.0	201.0	2.76	-4.87
9640.0	203.0	0.85	1.67
9640.0	204.0	-0.62	-6.04
9650.0	180.0	-1.11	-6.7
9650.0	192.0	1.84	-8.56
9650.0	194.0	1.84	-0.3
9650.0	199.0	-0.03	-4.27
9650.0	201.0	2.65	-4.31
9650.0	203.0	0.83	1.17
9650.0	204.0	-0.9	-5.92
9660.0	180.0	-1.11	-6.7
9660.0	194.0	1.79	0.24
9660.0	199.0	-0.03	-4.27
9660.0	201.0	2.67	-3.65
9660.0	203.0	0.75	0.7
9660.0	204.0	-1.1	-5.88
9670.0	180.0	-1.11	-6.7
9670.0	194.0	1.75	0.86
9670.0	199.0	-0.03	-4.27
9670.0	201.0	2.65	-3.15
9670.0	203.0	0.58	0.17
9670.0	204.0	-1.24	-5.88
9670.0	207.0	-0.48	2.56
9670.0	208.0	-1.01	2.77
9680.0	180.0	-1.11	-6.7
9680.0	194.0	1.69	1.29
9680.0	199.0	-0.22	-4.18
9680.0	201.0	2.51	-2.62
9680.0	203.0	0.6	-0.43
9680.0	204.0	-1.36	-5.8
9680.0	207.0	-0.19	2.81
9680.0	208.0	-0.76	3.03
9690.0	180.0	-1.11	-6.7
9690.0	194.0	1.73	1.84
9690.0	199.0	-0.19	-4.29
9690.0	201.0	2.54	-2.01
9690.0	203.0	0.54	-0.97
9690.0	204.0	-1.45	-5.69
9690.0	207.0	0.04	3.09
9690.0	208.0	-0.49	3.3
9700.0	180.0	-1.11	-6.7
9700.0	194.0	1.77	2.35
9700.0	199.0	-0.11	-4.16
9700.0	201.0	2.59	-1.45
9700.0	203.0	0.59	-1.54
9700.0	204.0	-1.46	-5.68
9710.0	180.0	-1.11	-6.7
9710.0	194.0	1.82	2.96
9710.0	199.0	-0.19	-4.19
9710.0	201.0	2.57	-0.92
9710.0	203.0	0.72	-2.08
9710.0	204.0	-1.46	-5.68
9720.0	180.0	-1.11	-6.7
9720.0	199.0	-0.09	-4.35
9720.0	201.0	2.63	-0.36
9720.0	203.0	0.76	-2.7
9720.0	204.0	-1.44	-5.68
9730.0	180.0	-1.11	-6.7
9730.0	199.0	-0.13	-4.4
9730.0	201.0	2.63	0.19
9730.0	203.0	0.93	-3.24
9730.0	204.0	-1.44	-5.68
9730.0	212.0	3.94	0.86
9740.0	180.0	-1.11	-6.7
9740.0	199.0	-0.09	-4.52
9740.0	201.0	2.54	0.72
9740.0	203.0	0.97	-3.69
9740.0	204.0	-1.44	-5.68
9740.0	212.0	3.97	1.11
9750.0	180.0	-1.11	-6.7
9750.0	199.0	0.06	-4.69
9750.0	201.0	2.55	1.32
9750.0	203.0	0.98	-4.37
9750.0	204.0	-1.44	-5.68
9750.0	212.0	4.12	1.53
9760.0	180.0	-1.11	-6.7
9760.0	199.0	0.17	-4.87
9760.0	201.0	2.58	1.71
9760.0	203.0	1.11	-4.98
9760.0	204.0	-1.44	-5.68
9770.0	180.0	-1.11	-6.7
9770.0	201.0	2.4	2.31
9770.0	203.0	1.07	-5.54
9770.0	204.0	-1.44	-5.68
9780.0	180.0	-1.11	-6.7
9780.0	201.0	2.49	2.87
9780.0	203.0	1.11	-6.12
9780.0	204.0	-1.44	-5.68
9790.0	180.0	-1.11	-6.7
9790.0	203.0	1.1	-6.67
9790.0	204.0	-1.44	-5.68
9800.0	180.0	-1.11	-6.7
9800.0	203.0	0.96	-7.35
9800.0	204.0	-1.44	-5.68
9810.0	180.0	-1.11	-6.7
9810.0	203.0	0.98	-8.0
9810.0	204.0	-1.44	-5.68
9820.0	180.0	-1.11	-6.7
9820.0	203.0	0.93	-8.56
9820.0	204.0	-1.44	-5.68
9830.0	180.0	-1.11	-6.7
9830.0	203.0	0.94	-9.19
9830.0	204.0	-1.44	-5.68
9840.0	180.0	-1.11	-6.7
9840.0	203.0	0.93	-9.81
9840.0	204.0	-1.44	-5.68
9850.0	180.0	-1.11	-6.7
9850.0	204.0	-1.44	-5.68
9860.0	180.0	-1.11	-6.7
9860.0	204.0	-1.44	-5.68
9870.0	180.0	-1.11	-6.7
9870.0	204.0	-1.44	-5.68
9880.0	180.0	-1.11	-6.7
9880.0	204.0	-1.44	-5.68
9890.0	180.0	-1.11	-6.7
9890.0	204.0	-1.44	-5.68
9900.0	180.0	-1.11	-6.7
9900.0	204.0	-1.44	-5.68
9900.0	216.0	2.95	0.43
9910.0	180.0	-1.11	-6.7
9910.0	204.0	-1.44	-5.68
9910.0	216.0	2.77	0.53
9920.0	180.0	-1.11	-6.7
9920.0	216.0	2.53	0.67
9920.0	217.0	-1.42	-5.68
9930.0	180.0	-1.11	-6.7
9930.0	216.0	2.35	0.81
9930.0	217.0	-1.42	-5.68
9940.0	180.0	-1.11	-6.7
9940.0	216.0	2.23	1.07
9940.0	217.0	-1.42	-5.68
9950.0	180.0	-1.11	-6.7
9950.0	216.0	2.09	1.34
9950.0	217.0	-1.42	-5.68
9960.0	180.0	-1.11	-6.7
9960.0	216.0	1.92	1.62
9960.0	217.0	-1.42	-5.68
9970.0	180.0	-1.11	-6.7
9970.0	216.0	1.86	2.01
9970.0	217.0	-1.42	-5.68
9980.0	180.0	-1.11	-6.7
9980.0	216.0	1.76	2.32
9980.0	217.0	-1.42	-5.68
9990.0	180.0	-1.11	-6.7
9990.0	216.0	1.7	2.59
9990.0	217.0	-1.42	-5.68
10000.0	219.0	1.09	-3.46
10010.0	219.0	0.96	-3.1
10020.0	219.0	0.82	-2.71
10020.0	220.0	3.4	0.88
10030.0	219.0	0.84	-2.33
10030.0	220.0	3.4	0.25
10040.0	219.0	0.83	-1.91
10040.0	220.0	3.34	-0.34
10050.0	219.0	0.69	-1.54
10050.0	220.0	3.24	-0.92
10050.0	222.0	-0.94	-0.96
10060.0	219.0	0.54	-1.18
10060.0	220.0	3.24	-1.51
10060.0	222.0	-0.99	-1.05
10060.0	223.0	1.5	4.07
10070.0	219.0	0.51	-0.78
10070.0	220.0	3.14	-2.12
10070.0	222.0	-1.02	-1.15
10070.0	223.0	1.44	3.69
10080.0	219.0	0.46	-0.44
10080.0	220.0	3.14	-2.74
10080.0	222.0	-1.02	-1.2
10080.0	223.0	1.63	3.22
10080.0	225.0	3.95	-6.52
10090.0	219.0	0.32	-0.12
10090.0	220.0	3.16	-3.32
10090.0	222.0	-1.06	-1.2
10090.0	223.0	1.65	2.78
10090.0	225.0	3.64	-6.03
10100.0	219.0	0.18	0.21
10100.0	220.0	3.23	-3.9
10100.0	222.0	-1.09	-1.17
10100.0	223.0	1.62	2.32
10100.0	225.0	3.21	-5.57
10110.0	219.0	0.19	0.56
10110.0	220.0	3.47	-4.41
10110.0	222.0	-1.11	-1.15
10110.0	223.0	1.65	1.87
10110.0	225.0	2.9	-5.06
10110.0	227.0	1.72	3.87
10120.0	219.0	0.19	1.0
10120.0	220.0	3.54	-5.06
10120.0	222.0	-1.11	-1.13
10120.0	223.0	1.71	1.44
10120.0	225.0	2.64	-4.48
10120.0	227.0	1.8	3.32
10130.0	219.0	0.09	1.37
10130.0	220.0	3.6	-5.66
10130.0	222.0	-1.13	-1.11
10130.0	223.0	1.63	1.04
10130.0	225.0	2.4	-3.87
10130.0	227.0	1.83	2.82
10140.0	219.0	0.07	1.75
10140.0	220.0	3.58	-6.32
10140.0	222.0	-1.15	-1.08
10140.0	223.0	1.67	0.54
10140.0	225.0	2.41	-3.2
10140.0	227.0	2.02	2.31
10150.0	219.0	0.19	2.11
10150.0	220.0	3.4	-6.92
10150.0	222.0	-1.15	-1.08
10150.0	223.0	1.68	0.06
10150.0	225.0	2.42	-2.66
10150.0	227.0	2.09	1.82
10160.0	219.0	0.27	2.43
10160.0	220.0	3.32	-7.52
10160.0	222.0	-1.15	-1.08
10160.0	223.0	1.61	-0.44
10160.0	225.0	2.43	-2.05
10160.0	227.0	2.02	1.31
10170.0	219.0	0.26	2.75
10170.0	220.0	3.12	-8.05
10170.0	222.0	-1.15	-1.08
10170.0	223.0	1.62	-0.91
10170.0	225.0	2.64	-1.47
10170.0	227.0	2.03	0.8
10180.0	219.0	0.24	3.06
10180.0	220.0	2.93	-8.68
10180.0	222.0	-1.15	-1.08
10180.0	223.0	1.65	-1.37
10180.0	225.0	2.73	-0.87
10180.0	227.0	1.95	0.38
10190.0	220.0	2.82	-9.24
10190.0	222.0	-1.15	-1.08
10190.0	223.0	1.65	-1.86
10190.0	225.0	2.77	-0.25
10190.0	227.0	1.85	-0.03
10200.0	222.0	-1.15	-1.08
10200.0	223.0	1.72	-2.35
10200.0	225.0	2.75	0.42
10200.0	227.0	1.95	-0.51
10210.0	222.0	-1.15	-1.1
10210.0	223.0	1.83	-2.77
10210.0	225.0	2.57	1.03
10210.0	227.0	2.01	-1.01
10220.0	222.0	-1.21	-1.19
10220.0	223.0	1.88	-3.23
10220.0	225.0	2.56	1.62
10220.0	227.0	2.03	-1.53
10230.0	222.0	-1.33	-1.31
10230.0	223.0	1.93	-3.67
10230.0	225.0	2.46	2.21
10230.0	227.0	2.18	-2.01
10240.0	222.0	-1.34	-1.32
10240.0	223.0	2.01	-4.16
10240.0	225.0	2.3	2.81
10240.0	227.0	2.24	-2.44
10250.0	222.0	-1.69	-1.46
10250.0	223.0	2.01	-4.67
10250.0	227.0	2.19	-2.89
10260.0	222.0	-1.76	-1.4
10260.0	223.0	1.95	-5.25
10260.0	227.0	2.18	-3.29
10260.0	231.0	2.75	-9.51
10260.0	232.0	3.52	-10.01
10270.0	223.0	1.9	-5.74
10270.0	227.0	2.16	-3.75
10270.0	231.0	2.86	-9.17
10270.0	232.0	3.43	-9.55
10280.0	223.0	1.86	-6.25
10280.0	227.0	2.05	-4.24
10280.0	231.0	2.92	-8.79
10280.0	232.0	3.44	-9.17
10290.0	223.0	1.91	-6.77
10290.0	227.0	1.97	-4.65
10290.0	231.0	2.95	-8.32
10290.0	232.0	3.54	-8.78
10300.0	223.0	1.92	-7.24
10300.0	227.0	1.96	-5.16
10300.0	231.0	3.05	-7.92
10300.0	232.0	3.56	-8.35
10310.0	223.0	1.85	-7.72
10310.0	227.0	1.89	-5.6
10310.0	231.0	3.11	-7.53
10310.0	232.0	3.56	-7.92
10320.0	223.0	1.84	-8.19
10320.0	227.0	1.76	-6.07
10320.0	231.0	3.1	-7.14
10320.0	232.0	3.63	-7.49
10330.0	223.0	1.86	-8.71
10330.0	227.0	1.78	-6.48
10330.0	231.0	3.14	-6.78
10330.0	232.0	3.59	-7.11
10340.0	223.0	1.77	-9.18
10340.0	227.0	1.78	-6.95
10340.0	231.0	3.16	-6.41
10340.0	232.0	3.65	-6.6
10350.0	227.0	1.65	-7.47
10350.0	231.0	3.1	-5.96
10350.0	232.0	3.64	-6.25
10360.0	227.0	1.64	-7.98
10360.0	231.0	3.06	-5.59
10360.0	232.0	3.71	-5.78
10370.0	227.0	1.68	-8.56
10370.0	231.0	3.09	-5.22
10370.0	232.0	3.64	-5.35
10370.0	235.0	4.0	-9.3
10370.0	236.0	3.42	-9.44
10380.0	231.0	3.05	-4.82
10380.0	232.0	3.63	-5.03
10380.0	235.0	4.02	-8.91
10380.0	236.0	3.38	-9.1
10390.0	231.0	2.98	-4.46
10390.0	232.0	3.63	-4.68
10390.0	235.0	4.04	-8.55
10390.0	236.0	3.33	-8.76
10400.0	231.0	3.08	-4.1
10400.0	232.0	3.64	-4.33
10400.0	235.0	3.97	-8.19
10400.0	236.0	3.35	-8.41
10410.0	231.0	3.05	-3.75
10410.0	232.0	3.58	-3.97
10410.0	235.0	3.92	-7.87
10410.0	236.0	3.34	-8.07
10420.0	231.0	3.0	-3.38
10420.0	232.0	3.48	-3.68
10420.0	235.0	3.98	-7.55
10420.0	236.0	3.26	-7.66
10420.0	237.0	2.73	-9.75
10430.0	231.0	3.06	-3.06
10430.0	232.0	3.52	-3.34
10430.0	235.0	3.94	-7.21
10430.0	236.0	3.24	-7.32
10430.0	237.0	2.59	-8.95
10440.0	231.0	3.15	-2.74
10440.0	232.0	3.64	-2.96
10440.0	235.0	3.87	-6.89
10440.0	236.0	3.29	-6.88
10440.0	237.0	2.56	-8.17
10440.0	238.0	0.66	4.27
10440.0	239.0	1.13	4.18
10450.0	231.0	3.15	-2.36
10450.0	232.0	3.65	-2.58
10450.0	235.0	3.95	-6.5
10450.0	236.0	3.21	-6.56
10450.0	237.0	2.48	-7.4
10450.0	238.0	0.67	4.29
10450.0	239.0	1.12	4.2
10460.0	231.0	3.13	-2.0
10460.0	232.0	3.65	-2.2
10460.0	235.0	3.89	-6.17
10460.0	236.0	3.15	-6.12
10460.0	237.0	2.36	-6.62
10460.0	238.0	0.65	4.3
10460.0	239.0	1.13	4.19
10470.0	231.0	3.18	-1.6
10470.0	232.0	3.66	-1.81
10470.0	235.0	3.81	-5.81
10470.0	236.0	3.21	-5.74
10470.0	237.0	2.34	-5.81
10470.0	238.0	0.65	4.3
10470.0	239.0	1.1	4.21
10480.0	231.0	3.14	-1.25
10480.0	232.0	3.68	-1.37
10480.0	235.0	3.82	-5.41
10480.0	236.0	3.19	-5.31
10480.0	237.0	2.22	-4.98
10480.0	238.0	0.65	4.3
10480.0	239.0	1.09	4.19
10490.0	231.0	3.04	-0.89
10490.0	232.0	3.65	-0.98
10490.0	235.0	3.83	-4.95
10490.0	236.0	3.1	-4.93
10490.0	237.0	2.13	-4.14
10490.0	238.0	0.68	4.29
10490.0	239.0	1.08	4.19
10500.0	231.0	3.04	-0.53
10500.0	232.0	3.65	-0.62
10500.0	235.0	3.77	-4.52
10500.0	236.0	3.11	-4.57
10500.0	237.0	2.06	-3.35
10500.0	238.0	0.7	4.29
10500.0	239.0	1.09	4.19
10510.0	231.0	3.06	-0.15
10510.0	232.0	3.64	-0.13
10510.0	235.0	3.81	-4.12
10510.0	236.0	3.13	-4.2
10510.0	237.0	1.94	-2.58
10510.0	238.0	0.7	4.27
10510.0	239.0	1.15	4.2
10520.0	231.0	3.0	0.29
10520.0	232.0	3.56	0.21
10520.0	235.0	3.83	-3.76
10520.0	236.0	3.07	-3.8
10520.0	237.0	1.93	-1.82
10520.0	238.0	0.69	4.29
10520.0	239.0	1.12	4.21
10530.0	231.0	2.97	0.74
10530.0	232.0	3.49	0.61
10530.0	235.0	3.81	-3.39
10530.0	236.0	3.02	-3.42
10530.0	237.0	1.87	-1.1
10530.0	238.0	0.68	4.29
10530.0	239.0	1.1	4.19
10540.0	231.0	3.0	1.13
10540.0	232.0	3.57	1.02
10540.0	235.0	3.82	-3.02
10540.0	236.0	3.07	-3.03
10540.0	237.0	1.82	-0.27
10540.0	238.0	0.68	4.29
10540.0	239.0	1.08	4.19
10550.0	231.0	3.01	1.52
10550.0	232.0	3.58	1.36
10550.0	235.0	3.82	-2.65
10550.0	236.0	3.06	-2.68
10550.0	237.0	1.86	0.56
10550.0	238.0	0.63	4.28
10550.0	239.0	0.99	4.14
10560.0	231.0	3.0	1.9
10560.0	232.0	3.42	1.73
10560.0	235.0	3.8	-2.26
10560.0	236.0	2.94	-2.25
10560.0	237.0	1.79	1.33
10570.0	231.0	3.08	2.27
10570.0	232.0	3.42	2.12
10570.0	235.0	3.75	-1.88
10570.0	236.0	3.0	-1.87
10570.0	237.0	1.88	2.02
10570.0	241.0	0.95	4.15
10570.0	243.0	2.73	-9.7
10580.0	231.0	3.09	2.61
10580.0	232.0	3.53	2.47
10580.0	235.0	3.75	-1.46
10580.0	236.0	3.07	-1.5
10580.0	237.0	1.89	2.71
10580.0	241.0	0.86	4.23
10580.0	243.0	2.74	-8.97
10590.0	231.0	3.47	2.91
10590.0	232.0	3.05	2.94
10590.0	235.0	3.68	-1.09
10590.0	236.0	3.02	-1.12
10590.0	237.0	1.83	3.5
10590.0	243.0	2.8	-8.27
10600.0	235.0	3.64	-0.75
10600.0	236.0	2.96	-0.78
10600.0	243.0	2.83	-7.58
10610.0	235.0	3.66	-0.29
10610.0	236.0	3.04	-0.42
10610.0	243.0	2.78	-6.92
10620.0	235.0	3.61	-0.0
10620.0	236.0	3.03	-0.1
10620.0	243.0	2.82	-6.25
10620.0	253.0	4.02	-9.15
10630.0	235.0	3.55	0.37
10630.0	236.0	3.02	0.31
10630.0	243.0	2.8	-5.56
10630.0	253.0	3.99	-8.68
10640.0	235.0	3.57	0.73
10640.0	236.0	2.94	0.7
10640.0	243.0	2.92	-4.67
10640.0	253.0	3.99	-8.24
10650.0	235.0	3.51	1.04
10650.0	236.0	2.95	1.03
10650.0	243.0	2.79	-4.13
10650.0	253.0	4.0	-7.78
10660.0	235.0	3.39	1.34
10660.0	236.0	2.88	1.37
10660.0	243.0	2.87	-3.23
10660.0	253.0	4.0	-7.36
10670.0	235.0	3.41	1.75
10670.0	236.0	2.88	1.71
10670.0	243.0	2.74	-2.49
10670.0	253.0	3.91	-6.96
10680.0	235.0	3.44	2.12
10680.0	236.0	2.91	2.05
10680.0	243.0	2.62	-1.82
10680.0	253.0	3.9	-6.53
10690.0	235.0	3.41	2.47
10690.0	236.0	2.86	2.4
10690.0	243.0	2.58	-1.15
10690.0	253.0	3.88	-6.07
10700.0	235.0	3.47	2.83
10700.0	236.0	2.78	2.73
10700.0	243.0	2.49	-0.54
10700.0	253.0	3.94	-5.66
10710.0	235.0	3.51	3.19
10710.0	236.0	2.83	3.05
10710.0	243.0	2.4	0.05
10710.0	253.0	3.96	-5.19
10710.0	254.0	2.84	-9.9
10720.0	235.0	3.47	3.55
10720.0	236.0	2.88	3.44
10720.0	243.0	2.43	0.6
10720.0	253.0	3.96	-4.73
10720.0	254.0	2.77	-9.22
10730.0	235.0	3.52	3.72
10730.0	236.0	2.8	3.78
10730.0	243.0	2.44	1.1
10730.0	253.0	4.03	-4.25
10730.0	254.0	2.78	-8.53
10730.0	256.0	0.72	3.75
10740.0	243.0	2.48	1.55
10740.0	253.0	4.11	-3.86
10740.0	254.0	2.78	-7.89
10740.0	256.0	0.67	3.92
10750.0	243.0	2.62	2.03
10750.0	253.0	4.12	-3.38
10750.0	254.0	2.76	-7.25
10750.0	256.0	0.72	3.8
10760.0	253.0	4.35	-2.84
10760.0	254.0	2.8	-6.59
10770.0	254.0	2.79	-5.91
10780.0	254.0	2.8	-5.3
10780.0	257.0	-0.26	-2.83
10790.0	254.0	2.85	-4.63
10790.0	257.0	0.3	-2.89
10800.0	254.0	2.88	-3.93
10800.0	257.0	0.85	-3.06
10810.0	254.0	2.97	-3.34
10810.0	257.0	1.49	-3.31
10820.0	254.0	3.0	-2.72
10820.0	257.0	2.12	-3.51
10830.0	254.0	2.98	-2.08
10830.0	257.0	2.7	-3.74
10840.0	254.0	2.99	-1.44
10840.0	257.0	3.27	-3.89
10850.0	254.0	2.93	-0.8
10850.0	257.0	3.94	-3.9
10860.0	254.0	2.85	-0.2
10860.0	260.0	2.37	-1.43
10870.0	254.0	2.76	0.46
10870.0	260.0	2.73	-1.85
10880.0	254.0	2.64	1.07
10880.0	260.0	3.17	-2.21
10890.0	254.0	2.61	1.69
10890.0	260.0	3.66	-2.46
10900.0	254.0	2.58	2.28
10900.0	260.0	4.16	-2.73
10910.0	254.0	2.58	2.84
10920.0	254.0	2.47	3.39
11010.0	263.0	1.15	-10.15
11020.0	263.0	1.19	-9.46
11030.0	263.0	1.26	-8.82
11040.0	263.0	1.23	-8.21
11050.0	263.0	1.24	-7.58
11060.0	263.0	1.33	-6.89
11070.0	263.0	1.39	-6.21
11080.0	263.0	1.54	-5.58
11090.0	263.0	1.74	-4.92
11100.0	263.0	1.88	-4.29
11110.0	263.0	2.07	-3.69
11120.0	263.0	2.22	-3.04
11130.0	263.0	2.27	-2.39
11140.0	263.0	2.4	-1.76
11150.0	263.0	2.46	-1.09
11160.0	263.0	2.45	-0.44
11170.0	263.0	2.5	0.22
11180.0	263.0	2.47	0.88
11190.0	263.0	2.4	1.5
11200.0	263.0	2.4	2.08
11210.0	263.0	2.35	2.61
11350.0	265.0	0.78	3.0
11350.0	266.0	-0.83	2.36
11360.0	265.0	0.8	2.48
11360.0	266.0	-0.83	2.36
11360.0	267.0	1.57	3.49
11360.0	269.0	2.55	3.96
11370.0	265.0	0.8	1.96
11370.0	266.0	-0.83	2.36
11370.0	267.0	1.61	2.85
11370.0	269.0	2.61	3.34
11380.0	265.0	0.85	1.4
11380.0	266.0	-0.83	2.36
11380.0	267.0	1.73	2.12
11380.0	269.0	2.63	2.67
11390.0	265.0	0.85	0.87
11390.0	266.0	-0.83	2.36
11390.0	267.0	1.75	1.57
11390.0	269.0	2.7	2.01
11400.0	265.0	0.8	0.34
11400.0	266.0	-0.83	2.36
11400.0	267.0	1.75	0.94
11400.0	269.0	2.77	1.42
11410.0	265.0	0.82	-0.22
11410.0	266.0	-0.83	2.36
11410.0	267.0	1.79	0.23
11410.0	269.0	2.83	0.81
11420.0	265.0	0.8	-0.73
11420.0	266.0	-0.83	2.36
11420.0	267.0	1.83	-0.42
11420.0	269.0	2.9	0.14
11430.0	265.0	0.75	-1.26
11430.0	266.0	-0.83	2.36
11430.0	267.0	1.84	-1.06
11430.0	269.0	2.91	-0.57
11440.0	265.0	0.85	-1.92
11440.0	266.0	-0.83	2.36
11440.0	267.0	1.91	-1.72
11440.0	269.0	2.89	-1.24
11450.0	265.0	0.83	-2.48
11450.0	266.0	-0.83	2.36
11450.0	267.0	1.95	-2.4
11450.0	269.0	2.99	-1.88
11460.0	265.0	0.81	-3.05
11460.0	266.0	-0.83	2.36
11460.0	267.0	2.02	-3.05
11460.0	269.0	2.98	-2.61
11470.0	265.0	0.77	-3.63
11470.0	266.0	-0.83	2.36
11470.0	267.0	2.09	-3.76
11470.0	269.0	3.11	-3.31
11480.0	265.0	0.7	-4.23
11480.0	266.0	-0.83	2.36
11480.0	267.0	2.13	-4.5
11480.0	269.0	3.19	-3.98
11490.0	265.0	0.63	-4.77
11490.0	266.0	-0.83	2.36
11490.0	267.0	2.2	-5.17
11490.0	269.0	3.29	-4.72
11500.0	265.0	0.67	-5.45
11500.0	266.0	-0.83	2.36
11500.0	267.0	2.22	-5.9
11500.0	269.0	3.43	-5.44
11510.0	265.0	0.61	-6.1
11510.0	266.0	-0.83	2.36
11510.0	267.0	2.19	-6.55
11510.0	269.0	3.52	-6.19
11520.0	265.0	0.49	-6.7
11520.0	266.0	-0.83	2.36
11520.0	267.0	2.14	-7.32
11520.0	269.0	3.65	-6.93
11530.0	265.0	0.5	-7.29
11530.0	266.0	-0.83	2.36
11530.0	267.0	2.06	-7.97
11530.0	269.0	3.76	-7.59
11540.0	265.0	0.47	-7.82
11540.0	266.0	-0.83	2.36
11540.0	267.0	2.13	-8.67
11540.0	269.0	3.74	-8.27
11770.0	278.0	1.34	4.05
11770.0	281.0	3.44	-5.51
11780.0	278.0	1.24	3.41
11780.0	281.0	3.44	-4.92
11790.0	278.0	1.2	2.78
11790.0	281.0	3.39	-4.31
11800.0	278.0	1.15	2.14
11800.0	281.0	3.33	-3.68
11810.0	278.0	1.18	1.49
11810.0	281.0	3.29	-3.06
11820.0	278.0	1.19	0.89
11820.0	281.0	3.27	-2.47
11830.0	278.0	1.17	0.24
11830.0	281.0	3.24	-1.9
11840.0	278.0	1.22	-0.43
11840.0	281.0	3.24	-1.33
11850.0	278.0	1.22	-1.09
11850.0	281.0	3.22	-0.74
11860.0	278.0	1.26	-1.75
11860.0	281.0	3.16	-0.16
11870.0	278.0	1.31	-2.42
11870.0	281.0	3.24	0.62
11880.0	278.0	1.33	-3.1
11880.0	281.0	3.22	1.24
11890.0	278.0	1.42	-3.81
11890.0	281.0	3.18	1.83
11900.0	278.0	1.43	-4.51
11900.0	281.0	3.22	2.41
11910.0	278.0	1.41	-5.21
11910.0	281.0	3.22	2.96
11920.0	278.0	1.42	-5.93
11930.0	278.0	1.37	-6.67
11940.0	278.0	1.38	-7.38
11950.0	278.0	1.32	-8.15
11960.0	278.0	1.28	-8.85
12440.0	284.0	0.94	1.73
12440.0	285.0	1.43	1.75
12450.0	284.0	1.02	1.02
12450.0	285.0	1.5	1.05
12450.0	286.0	-0.26	-3.22
12450.0	287.0	3.66	-5.24
12450.0	288.0	3.1	-7.4
12460.0	284.0	1.02	0.29
12460.0	285.0	1.51	0.33
12460.0	286.0	-0.27	-2.71
12460.0	287.0	3.56	-4.6
12460.0	288.0	3.03	-6.72
12470.0	284.0	1.05	-0.4
12470.0	285.0	1.56	-0.36
12470.0	286.0	-0.26	-2.15
12470.0	287.0	3.54	-4.03
12470.0	288.0	2.95	-6.06
12480.0	284.0	1.02	-1.12
12480.0	285.0	1.53	-1.07
12480.0	286.0	-0.29	-1.56
12480.0	287.0	3.52	-3.44
12480.0	288.0	2.91	-5.43
12490.0	284.0	1.02	-1.8
12490.0	285.0	1.51	-1.73
12490.0	286.0	-0.25	-1.01
12490.0	287.0	3.53	-2.87
12490.0	288.0	2.91	-4.79
12500.0	284.0	0.94	-2.55
12500.0	285.0	1.48	-2.49
12500.0	286.0	-0.18	-0.46
12500.0	287.0	3.54	-2.32
12500.0	288.0	2.86	-4.12
12500.0	290.0	3.58	-7.57
12510.0	284.0	0.88	-3.27
12510.0	285.0	1.41	-3.19
12510.0	286.0	-0.17	0.09
12510.0	287.0	3.5	-1.75
12510.0	288.0	2.77	-3.44
12510.0	290.0	3.58	-6.92
12510.0	291.0	2.72	-8.62
12520.0	284.0	0.91	-4.01
12520.0	285.0	1.43	-3.95
12520.0	286.0	-0.09	0.61
12520.0	287.0	3.46	-1.2
12520.0	288.0	2.59	-2.84
12520.0	290.0	3.69	-6.25
12520.0	291.0	2.65	-7.96
12530.0	284.0	0.89	-4.79
12530.0	285.0	1.4	-4.7
12530.0	286.0	-0.03	1.14
12530.0	287.0	3.45	-0.7
12530.0	288.0	2.36	-2.18
12530.0	290.0	3.78	-5.64
12530.0	291.0	2.43	-7.24
12540.0	284.0	0.9	-5.54
12540.0	285.0	1.41	-5.43
12540.0	286.0	-0.08	1.79
12540.0	287.0	3.41	-0.14
12540.0	288.0	2.15	-1.58
12540.0	290.0	3.84	-5.0
12540.0	291.0	2.46	-6.47
12550.0	284.0	0.84	-6.3
12550.0	285.0	1.36	-6.19
12550.0	286.0	-0.02	2.31
12550.0	287.0	3.4	0.43
12550.0	288.0	1.89	-1.02
12550.0	290.0	3.99	-4.27
12550.0	291.0	2.37	-5.76
12560.0	284.0	0.77	-7.05
12560.0	285.0	1.29	-6.98
12560.0	286.0	0.03	2.81
12560.0	287.0	3.38	0.96
12560.0	288.0	1.68	-0.46
12560.0	290.0	4.04	-3.64
12560.0	291.0	2.31	-5.06
12570.0	284.0	0.73	-7.9
12570.0	285.0	1.31	-7.79
12570.0	286.0	0.02	3.32
12570.0	287.0	3.44	1.55
12570.0	288.0	1.48	0.07
12570.0	290.0	4.18	-3.07
12570.0	291.0	2.31	-4.35
12580.0	284.0	0.71	-8.65
12580.0	285.0	1.3	-8.47
12580.0	286.0	0.1	3.79
12580.0	287.0	3.47	2.15
12580.0	288.0	1.26	0.62
12580.0	291.0	2.31	-3.61
12590.0	284.0	0.82	-9.38
12590.0	285.0	1.39	-9.32
12590.0	286.0	0.11	4.27
12590.0	287.0	3.43	2.63
12590.0	288.0	1.07	1.14
12590.0	291.0	2.41	-2.93
12590.0	295.0	3.72	-2.8
12600.0	284.0	0.77	-10.06
12600.0	287.0	3.41	3.17
12600.0	288.0	0.84	1.6
12600.0	291.0	2.41	-2.18
12600.0	295.0	3.5	-2.13
12610.0	287.0	3.39	3.62
12610.0	288.0	0.67	2.03
12610.0	291.0	2.28	-1.54
12610.0	295.0	3.37	-1.43
12620.0	288.0	0.47	2.48
12620.0	291.0	2.38	-0.87
12620.0	295.0	3.24	-0.75
12630.0	288.0	0.25	2.83
12630.0	291.0	2.38	-0.18
12630.0	295.0	3.13	-0.07
12640.0	288.0	0.18	3.06
12640.0	291.0	2.37	0.48
12640.0	295.0	3.11	0.62
12650.0	288.0	0.09	3.33
12650.0	291.0	2.32	1.12
12650.0	295.0	3.09	1.34
12660.0	288.0	0.02	3.33
12660.0	291.0	2.36	1.73
12660.0	295.0	3.15	1.95
12670.0	288.0	0.0	3.37
12670.0	291.0	2.42	2.35
12670.0	295.0	3.18	2.58
12680.0	288.0	0.0	3.39
12690.0	288.0	0.0	3.39
12700.0	288.0	0.0	3.39
12700.0	297.0	1.85	3.28
12710.0	288.0	0.0	3.39
12710.0	297.0	1.79	2.68
12720.0	288.0	0.0	3.39
12720.0	297.0	1.77	2.07
12730.0	288.0	0.0	3.39
12730.0	297.0	1.8	1.36
12740.0	288.0	0.0	3.39
12740.0	297.0	1.78	0.72
12740.0	298.0	3.56	-4.17
12750.0	288.0	0.13	3.49
12750.0	297.0	1.77	0.07
12750.0	298.0	3.61	-3.55
12760.0	297.0	1.83	-0.7
12760.0	298.0	3.61	-2.96
12770.0	297.0	1.79	-1.35
12770.0	298.0	3.61	-2.39
12780.0	297.0	1.79	-2.0
12780.0	298.0	3.82	-1.73
12790.0	297.0	1.74	-2.67
12790.0	298.0	3.85	-1.12
12790.0	299.0	3.46	-7.18
12790.0	301.0	3.01	-8.85
12800.0	297.0	1.77	-3.35
12800.0	298.0	3.82	-0.57
12800.0	299.0	3.5	-6.4
12800.0	301.0	3.05	-8.1
12810.0	297.0	1.67	-4.06
12810.0	298.0	3.84	-0.03
12810.0	299.0	3.52	-5.63
12810.0	301.0	3.07	-7.35
12820.0	297.0	1.57	-4.71
12820.0	298.0	3.83	0.66
12820.0	299.0	3.51	-4.88
12820.0	301.0	3.1	-6.49
12830.0	297.0	1.51	-5.47
12830.0	298.0	3.91	1.13
12830.0	299.0	3.48	-4.14
12830.0	301.0	3.14	-5.72
12840.0	297.0	1.51	-6.24
12840.0	299.0	3.27	-3.44
12840.0	301.0	3.1	-4.96
12850.0	297.0	1.5	-6.98
12850.0	299.0	3.01	-2.77
12850.0	301.0	3.08	-4.21
12860.0	297.0	1.41	-7.66
12860.0	299.0	2.59	-2.09
12860.0	301.0	3.07	-3.48
12870.0	297.0	1.35	-8.35
12870.0	299.0	2.05	-1.64
12870.0	301.0	3.06	-2.59
12880.0	297.0	1.44	-9.11
12880.0	299.0	1.54	-1.14
12880.0	301.0	3.13	-1.82
12890.0	297.0	1.38	-9.82
12890.0	299.0	1.0	-0.72
12890.0	301.0	3.14	-1.06
12900.0	299.0	0.38	-0.24
12900.0	301.0	3.24	-0.35
12900.0	303.0	-2.0	0.22
12910.0	299.0	-0.27	0.21
12910.0	301.0	3.24	0.36
12910.0	303.0	-1.89	0.04
12920.0	299.0	-0.91	0.61
12920.0	301.0	3.26	1.08
12920.0	303.0	-1.82	-0.26
12930.0	299.0	-1.46	1.04
12930.0	301.0	3.32	1.75
12930.0	303.0	-1.67	-0.44
12940.0	299.0	-2.0	1.45
12940.0	301.0	3.38	2.41
12940.0	303.0	-1.45	-0.51
12950.0	299.0	-2.48	1.84
12950.0	303.0	-1.27	-0.5
12960.0	299.0	-3.06	2.21
12960.0	303.0	-1.22	-0.46
12970.0	303.0	-1.05	-0.41
12980.0	303.0	-1.03	-0.38
12980.0	304.0	2.26	3.62
12990.0	303.0	-1.08	-0.38
12990.0	304.0	2.28	3.0
13000.0	303.0	-1.14	-0.37
13000.0	304.0	2.38	2.5
13010.0	303.0	-1.18	-0.32
13010.0	304.0	2.39	1.89
13010.0	306.0	1.14	3.16
13020.0	303.0	-1.22	-0.26
13020.0	304.0	2.44	1.28
13020.0	306.0	1.15	2.66
13030.0	303.0	-1.22	-0.24
13030.0	304.0	2.53	0.61
13030.0	306.0	1.14	2.12
13040.0	303.0	-1.22	-0.23
13040.0	304.0	2.56	0.09
13040.0	306.0	1.17	1.6
13050.0	303.0	-1.22	-0.23
13050.0	304.0	2.68	-0.54
13050.0	306.0	1.18	1.1
13060.0	303.0	-1.22	-0.23
13060.0	304.0	2.69	-1.23
13060.0	306.0	1.12	0.54
13070.0	303.0	-1.22	-0.23
13070.0	304.0	2.66	-1.84
13070.0	306.0	1.04	-0.09
13080.0	303.0	-1.22	-0.23
13080.0	304.0	2.61	-2.46
13080.0	306.0	0.98	-0.63
13090.0	303.0	-1.22	-0.23
13090.0	304.0	2.46	-3.1
13090.0	306.0	0.82	-1.22
13100.0	303.0	-1.22	-0.23
13100.0	304.0	2.33	-3.73
13100.0	306.0	0.8	-1.86
13110.0	303.0	-1.22	-0.23
13110.0	304.0	2.17	-4.32
13110.0	306.0	0.79	-2.5
13120.0	303.0	-1.22	-0.23
13120.0	304.0	2.01	-4.9
13120.0	306.0	0.74	-3.05
13130.0	303.0	-1.22	-0.23
13130.0	304.0	2.02	-5.5
13130.0	306.0	0.88	-3.64
13130.0	310.0	-1.49	-8.22
13130.0	312.0	-1.05	3.09
13130.0	313.0	-0.52	3.4
13140.0	303.0	-1.22	-0.23
13140.0	304.0	1.99	-6.17
13140.0	306.0	1.0	-4.26
13140.0	310.0	-1.49	-8.22
13140.0	312.0	-1.03	3.09
13140.0	313.0	-0.52	3.4
13150.0	303.0	-1.22	-0.23
13150.0	304.0	2.08	-6.83
13150.0	306.0	1.1	-4.87
13150.0	310.0	-1.49	-8.22
13150.0	312.0	-1.23	3.14
13150.0	313.0	-0.52	3.4
13160.0	303.0	-1.22	-0.23
13160.0	304.0	2.11	-7.57
13160.0	306.0	1.34	-5.52
13160.0	310.0	-1.47	-8.22
13160.0	313.0	-0.52	3.4
13170.0	303.0	-1.22	-0.23
13170.0	304.0	2.14	-8.24
13170.0	306.0	1.45	-6.04
13170.0	310.0	-1.45	-8.22
13170.0	313.0	-0.52	3.4
13180.0	303.0	-1.22	-0.23
13180.0	304.0	2.2	-8.92
13180.0	306.0	1.54	-6.69
13180.0	310.0	-1.45	-8.19
13180.0	313.0	-0.52	3.4
13190.0	303.0	-1.22	-0.23
13190.0	304.0	2.2	-9.67
13190.0	306.0	1.7	-7.33
13190.0	310.0	-1.45	-8.13
13190.0	313.0	-0.52	3.4
13200.0	303.0	-1.22	-0.23
13200.0	304.0	2.19	-10.19
13200.0	306.0	1.75	-8.04
13200.0	310.0	-1.45	-8.12
13200.0	313.0	-0.52	3.4
13210.0	303.0	-1.22	-0.23
13210.0	306.0	1.72	-8.69
13210.0	310.0	-1.45	-8.2
13210.0	313.0	-0.52	3.4
13220.0	303.0	-1.22	-0.23
13220.0	306.0	1.75	-9.34
13220.0	310.0	-1.47	-8.28
13220.0	313.0	-0.52	3.4
13230.0	303.0	-1.22	-0.23
13230.0	306.0	1.71	-9.94
13230.0	310.0	-1.48	-8.34
13230.0	313.0	-0.52	3.4
13240.0	303.0	-1.22	-0.23
13240.0	310.0	-1.48	-8.33
13240.0	313.0	-0.52	3.4
13250.0	303.0	-1.22	-0.23
13250.0	310.0	-1.48	-8.31
13250.0	313.0	-0.52	3.4
13260.0	303.0	-1.22	-0.23
13260.0	310.0	-1.46	-8.29
13260.0	313.0	-0.52	3.4
13270.0	303.0	-1.22	-0.23
13270.0	310.0	-1.44	-8.29
13270.0	313.0	-0.52	3.4
13280.0	303.0	-1.22	-0.23
13280.0	310.0	-1.44	-8.29
13280.0	313.0	-0.52	3.4
13290.0	303.0	-1.22	-0.23
13290.0	310.0	-1.44	-8.29
13290.0	313.0	-0.52	3.4
13300.0	303.0	-1.22	-0.23
13300.0	310.0	-1.44	-8.29
13300.0	313.0	-0.52	3.4
13310.0	303.0	-1.22	-0.23
13310.0	310.0	-1.44	-8.29
13310.0	313.0	-0.52	3.4
13320.0	303.0	-1.22	-0.23
13320.0	310.0	-1.33	-8.28
13320.0	313.0	-0.52	3.4
13320.0	320.0	1.82	2.92
13330.0	303.0	-1.22	-0.23
13330.0	310.0	-1.32	-8.27
13330.0	313.0	-0.52	3.4
13330.0	320.0	1.98	2.34
13340.0	303.0	-1.22	-0.23
13340.0	310.0	-1.32	-8.29
13340.0	313.0	-0.52	3.4
13340.0	320.0	2.15	1.76
13350.0	303.0	-1.22	-0.23
13350.0	310.0	-1.32	-8.31
13350.0	313.0	-0.56	3.21
13350.0	320.0	2.28	1.15
13360.0	303.0	-1.22	-0.23
13360.0	310.0	-1.36	-8.31
13360.0	313.0	-0.57	3.19
13360.0	320.0	2.46	0.53
13370.0	303.0	-1.22	-0.23
13370.0	310.0	-1.31	-8.37
13370.0	313.0	-0.57	3.19
13370.0	320.0	2.62	-0.23
13380.0	303.0	-1.22	-0.23
13380.0	310.0	-1.29	-8.36
13380.0	313.0	-0.57	3.19
13380.0	320.0	2.7	-0.97
13380.0	321.0	1.39	-0.79
13380.0	322.0	-1.09	-4.11
13380.0	323.0	-0.73	-3.33
13390.0	303.0	-1.22	-0.23
13390.0	310.0	-1.26	-8.3
13390.0	313.0	-0.57	3.19
13390.0	320.0	2.69	-1.61
13390.0	321.0	1.21	-0.68
13390.0	322.0	-1.09	-4.11
13390.0	323.0	-0.8	-3.22
13400.0	303.0	-1.22	-0.23
13400.0	310.0	-1.24	-8.23
13400.0	313.0	-0.57	3.19
13400.0	320.0	2.61	-2.26
13400.0	322.0	-1.09	-4.11
13400.0	323.0	-0.88	-3.21
13410.0	320.0	2.5	-2.96
13420.0	320.0	2.34	-3.61
13430.0	320.0	2.21	-4.36
13440.0	320.0	2.07	-5.07
13450.0	320.0	1.99	-5.77
13460.0	320.0	1.95	-6.48
13470.0	320.0	1.88	-7.16
13480.0	320.0	1.9	-7.87
13490.0	320.0	1.89	-8.58
13500.0	320.0	1.95	-9.39
13730.0	325.0	3.07	-7.17
13740.0	325.0	3.01	-6.59
13750.0	325.0	3.06	-6.2
13750.0	327.0	0.62	0.23
13760.0	325.0	3.13	-5.76
13760.0	327.0	0.7	1.04
13770.0	325.0	3.18	-5.31
13770.0	327.0	0.75	1.8
13780.0	325.0	3.13	-4.8
13780.0	327.0	0.84	2.54
13790.0	325.0	3.34	-4.33
13800.0	325.0	3.33	-3.91
13810.0	325.0	3.27	-3.4
13820.0	325.0	3.24	-3.05
13830.0	325.0	3.22	-2.69
13840.0	325.0	3.07	-2.41
13850.0	325.0	3.05	-2.38
13860.0	325.0	2.99	-2.64
14390.0	335.0	1.09	2.95
