790.0	1.0	9.57	3.79
800.0	1.0	10.67	3.99
810.0	1.0	11.73	4.32
820.0	1.0	12.81	4.61
850.0	4.0	-1.32	5.11
860.0	4.0	-0.33	5.06
870.0	4.0	0.76	5.0
880.0	4.0	1.76	4.89
890.0	4.0	2.81	4.83
900.0	4.0	3.8	4.77
910.0	4.0	4.97	4.69
920.0	4.0	5.97	4.7
930.0	4.0	6.97	4.67
930.0	7.0	12.09	5.87
940.0	4.0	8.12	4.95
940.0	7.0	10.75	6.0
950.0	4.0	9.11	5.01
950.0	7.0	9.48	6.07
950.0	8.0	-2.48	-0.22
960.0	4.0	10.12	5.13
960.0	7.0	8.15	5.86
960.0	8.0	-1.67	0.53
970.0	4.0	11.01	5.32
970.0	7.0	6.86	5.83
970.0	8.0	-0.93	0.96
980.0	4.0	11.93	5.47
980.0	7.0	5.62	5.66
980.0	8.0	-0.14	1.5
990.0	7.0	4.31	5.44
990.0	8.0	0.82	1.83
1000.0	7.0	3.06	5.26
1000.0	8.0	1.59	2.13
1010.0	7.0	1.84	5.07
1010.0	8.0	2.63	2.49
1020.0	7.0	0.7	4.91
1020.0	8.0	3.67	2.83
1030.0	8.0	4.46	2.72
1040.0	8.0	5.47	3.02
1050.0	8.0	6.5	3.24
1050.0	10.0	12.78	5.29
1060.0	8.0	7.35	3.65
1060.0	10.0	12.78	5.29
1070.0	8.0	8.29	3.92
1070.0	10.0	12.78	5.29
1070.0	14.0	13.2	6.51
1080.0	8.0	9.23	4.15
1080.0	10.0	12.78	5.29
1080.0	14.0	12.54	7.0
1090.0	8.0	10.08	4.34
1090.0	10.0	12.8	5.26
1090.0	14.0	11.94	7.22
1090.0	15.0	12.61	6.38
1100.0	8.0	10.89	4.53
1100.0	10.0	12.91	5.25
1100.0	14.0	11.29	7.42
1100.0	15.0	11.91	6.65
1110.0	8.0	11.59	4.68
1110.0	14.0	10.58	7.56
1110.0	15.0	11.25	6.81
1120.0	8.0	12.28	4.93
1120.0	14.0	9.92	7.42
1120.0	15.0	10.43	6.82
1130.0	8.0	12.93	5.1
1130.0	14.0	9.11	7.34
1130.0	15.0	9.6	6.69
1140.0	14.0	8.35	7.32
1140.0	15.0	8.86	6.64
1150.0	14.0	7.75	7.43
1150.0	15.0	8.09	6.55
1150.0	21.0	11.33	5.2
1160.0	14.0	6.92	7.36
1160.0	15.0	7.32	6.51
1160.0	21.0	10.52	4.69
1170.0	14.0	6.02	7.19
1170.0	15.0	6.55	6.4
1170.0	21.0	9.65	4.34
1180.0	14.0	5.23	7.1
1180.0	15.0	5.77	6.26
1180.0	21.0	8.73	4.0
1190.0	14.0	4.43	7.0
1190.0	15.0	5.0	6.07
1190.0	21.0	7.79	3.79
1200.0	14.0	3.66	6.99
1200.0	15.0	4.16	6.01
1200.0	21.0	6.83	3.62
1210.0	14.0	2.87	6.86
1210.0	15.0	3.39	5.83
1210.0	21.0	5.85	3.4
1220.0	14.0	2.0	6.75
1220.0	15.0	2.37	5.98
1220.0	21.0	4.91	3.24
1220.0	22.0	11.86	5.17
1230.0	14.0	1.19	6.6
1230.0	15.0	1.53	5.83
1230.0	21.0	3.92	3.09
1230.0	22.0	10.95	4.94
1240.0	14.0	0.33	6.47
1240.0	15.0	0.68	5.71
1240.0	21.0	3.05	2.8
1240.0	22.0	9.91	4.75
1250.0	22.0	8.85	4.57
1260.0	22.0	7.86	4.39
1270.0	22.0	6.83	4.22
1280.0	22.0	5.63	3.98
1280.0	23.0	9.46	5.4
1280.0	24.0	11.07	4.94
1280.0	25.0	12.57	6.2
1290.0	22.0	4.67	3.78
1290.0	23.0	8.41	5.24
1290.0	24.0	10.07	4.77
1290.0	25.0	10.86	6.56
1300.0	22.0	3.67	3.55
1300.0	23.0	7.35	5.18
1300.0	24.0	9.03	4.52
1300.0	25.0	9.26	6.87
1310.0	22.0	2.7	3.31
1310.0	23.0	6.37	5.23
1310.0	24.0	8.03	4.27
1310.0	25.0	7.85	7.19
1320.0	22.0	1.81	2.84
1320.0	23.0	5.45	5.18
1320.0	24.0	6.82	4.33
1320.0	25.0	6.48	7.57
1330.0	22.0	0.82	2.5
1330.0	23.0	4.58	5.26
1330.0	24.0	5.74	4.36
1330.0	25.0	5.16	7.93
1340.0	22.0	-0.05	2.23
1340.0	23.0	3.55	5.29
1340.0	24.0	4.66	4.32
1340.0	25.0	3.92	8.25
1340.0	27.0	10.17	4.86
1350.0	22.0	-0.91	1.87
1350.0	23.0	2.59	5.42
1350.0	24.0	3.53	4.38
1350.0	25.0	2.68	8.71
1350.0	27.0	9.21	4.56
1360.0	22.0	-2.02	1.55
1360.0	23.0	1.52	5.42
1360.0	24.0	2.45	4.36
1360.0	25.0	1.38	9.14
1360.0	27.0	8.09	4.38
1370.0	23.0	0.48	5.34
1370.0	24.0	1.35	4.33
1370.0	25.0	0.37	9.73
1370.0	27.0	6.97	4.29
1380.0	27.0	5.8	4.23
1390.0	27.0	4.65	4.2
1450.0	28.0	10.02	4.29
1450.0	29.0	9.75	5.33
1460.0	28.0	8.88	4.1
1460.0	29.0	8.8	5.32
1470.0	28.0	7.93	4.1
1470.0	29.0	7.83	5.34
1480.0	28.0	7.01	4.1
1480.0	29.0	6.81	5.19
1490.0	28.0	5.86	4.08
1490.0	29.0	5.85	5.23
1500.0	28.0	4.87	4.04
1500.0	29.0	4.94	5.16
1510.0	28.0	3.96	3.87
1510.0	29.0	4.0	5.04
1520.0	28.0	2.96	3.82
1520.0	29.0	3.06	4.94
1530.0	28.0	2.03	3.74
1530.0	29.0	2.16	4.86
1540.0	28.0	1.13	3.62
1540.0	29.0	1.15	4.86
1540.0	34.0	12.56	5.64
1550.0	28.0	0.2	3.61
1550.0	29.0	0.2	4.89
1550.0	34.0	11.53	5.82
1560.0	28.0	-0.72	3.51
1560.0	29.0	-0.81	4.91
1560.0	34.0	10.55	5.83
1570.0	28.0	-1.79	3.53
1570.0	29.0	-1.7	5.02
1570.0	34.0	9.71	5.86
1580.0	34.0	8.85	6.02
1590.0	34.0	7.96	6.2
1600.0	34.0	7.14	6.22
1610.0	34.0	6.26	6.26
1620.0	34.0	5.2	6.39
1630.0	34.0	4.34	6.66
1640.0	34.0	3.47	6.93
1650.0	34.0	2.72	7.22
1660.0	34.0	1.65	7.59
1670.0	34.0	0.67	8.02
1680.0	34.0	0.01	8.48
1800.0	36.0	12.14	6.1
1810.0	36.0	10.99	6.46
1820.0	36.0	9.86	6.71
1830.0	36.0	8.79	6.97
1840.0	36.0	7.73	7.23
1850.0	36.0	6.65	7.42
1860.0	36.0	5.55	7.68
1870.0	36.0	4.46	7.96
1880.0	36.0	3.4	8.25
1890.0	36.0	2.9	8.43
1900.0	36.0	1.65	8.92
1910.0	36.0	0.55	9.49
1920.0	36.0	-0.28	9.98
1930.0	36.0	-1.31	10.3
1970.0	39.0	11.13	5.34
1980.0	39.0	9.81	5.26
1990.0	39.0	8.47	5.21
2000.0	39.0	7.17	5.13
2010.0	39.0	5.79	4.92
2020.0	39.0	4.52	4.83
2030.0	39.0	3.25	4.68
2040.0	39.0	1.99	4.55
2050.0	39.0	0.72	4.56
2060.0	39.0	-0.55	4.5
2110.0	41.0	12.61	5.88
2120.0	41.0	11.67	6.15
2130.0	41.0	10.91	5.93
2140.0	41.0	9.91	6.1
2150.0	41.0	9.01	5.97
2160.0	41.0	8.15	5.91
2170.0	41.0	7.25	5.76
2180.0	41.0	6.37	5.7
2190.0	41.0	5.47	5.61
2200.0	41.0	4.55	5.52
2210.0	41.0	3.67	5.44
2210.0	47.0	12.84	5.19
2220.0	41.0	2.77	5.24
2220.0	47.0	11.56	4.72
2230.0	41.0	1.95	5.14
2230.0	47.0	10.41	4.34
2240.0	41.0	1.06	4.93
2240.0	47.0	9.26	3.93
2240.0	48.0	-4.44	4.62
2250.0	41.0	0.11	4.65
2250.0	47.0	8.29	3.63
2250.0	48.0	-3.49	5.09
2260.0	41.0	-0.6	4.29
2260.0	47.0	6.9	3.22
2260.0	48.0	-2.54	5.45
2270.0	41.0	-1.5	3.87
2270.0	47.0	5.57	3.01
2270.0	48.0	-1.5	5.69
2280.0	41.0	-2.46	3.54
2280.0	47.0	4.52	2.82
2280.0	48.0	-0.43	5.77
2290.0	41.0	-3.12	3.39
2290.0	47.0	3.38	2.61
2290.0	48.0	0.55	5.66
2300.0	47.0	2.72	2.4
2300.0	48.0	1.63	5.58
2310.0	48.0	2.65	5.56
2320.0	48.0	3.64	5.53
2330.0	48.0	4.76	5.48
2340.0	48.0	5.92	5.51
2350.0	48.0	6.98	5.57
2360.0	48.0	8.05	5.65
2370.0	48.0	9.1	5.7
2380.0	48.0	10.2	5.63
2390.0	48.0	11.29	5.57
2860.0	52.0	8.09	8.84
2860.0	55.0	2.09	3.92
2860.0	56.0	12.32	3.35
2860.0	57.0	1.25	7.97
2870.0	52.0	8.09	8.84
2870.0	55.0	3.11	4.09
2870.0	56.0	12.42	3.22
2870.0	57.0	2.22	7.53
2880.0	52.0	8.09	8.84
2880.0	55.0	4.27	4.14
2880.0	56.0	12.49	3.21
2880.0	57.0	3.34	7.14
2890.0	52.0	8.09	8.84
2890.0	55.0	5.39	4.29
2890.0	56.0	12.65	3.36
2890.0	57.0	4.38	6.75
2900.0	52.0	8.09	8.84
2900.0	55.0	6.52	4.44
2900.0	56.0	12.79	3.45
2900.0	57.0	5.41	6.41
2910.0	52.0	8.09	8.84
2910.0	55.0	7.44	4.48
2910.0	56.0	12.79	3.47
2910.0	57.0	6.48	6.11
2910.0	58.0	12.56	5.46
2920.0	52.0	8.09	8.84
2920.0	55.0	8.88	4.54
2920.0	56.0	12.79	3.38
2920.0	57.0	7.72	6.04
2920.0	58.0	11.24	5.14
2930.0	52.0	8.09	8.84
2930.0	55.0	9.98	4.68
2930.0	56.0	12.78	3.16
2930.0	57.0	9.05	6.21
2930.0	58.0	9.96	5.28
2940.0	52.0	8.09	8.84
2940.0	55.0	11.25	4.85
2940.0	56.0	12.78	3.08
2940.0	57.0	10.46	6.39
2940.0	58.0	8.67	5.43
2950.0	52.0	8.09	8.84
2950.0	55.0	12.49	5.52
2950.0	56.0	12.78	3.08
2950.0	57.0	11.69	6.38
2950.0	58.0	7.33	5.5
2960.0	52.0	8.09	8.84
2960.0	56.0	12.78	3.08
2960.0	58.0	6.05	5.59
2970.0	52.0	8.09	8.84
2970.0	56.0	12.78	3.08
2970.0	58.0	4.74	5.64
2980.0	52.0	8.09	8.84
2980.0	56.0	12.78	3.08
2980.0	58.0	3.44	5.64
2990.0	52.0	8.09	8.84
2990.0	56.0	12.78	3.15
2990.0	58.0	2.15	5.65
3000.0	52.0	8.09	8.84
3000.0	56.0	12.82	3.24
3000.0	58.0	0.81	5.63
3010.0	52.0	8.09	8.84
3010.0	56.0	12.82	3.24
3010.0	58.0	-0.46	5.54
3020.0	52.0	8.09	8.84
3020.0	56.0	12.82	3.24
3030.0	52.0	8.09	8.84
3030.0	56.0	12.82	3.2
3040.0	52.0	8.09	8.84
3040.0	56.0	12.82	3.11
3050.0	52.0	8.09	8.84
3050.0	56.0	12.82	3.01
3060.0	52.0	8.09	8.84
3060.0	56.0	12.82	3.01
3070.0	52.0	8.07	8.84
3070.0	56.0	12.59	3.01
3080.0	52.0	8.05	8.83
3080.0	56.0	12.59	3.01
3090.0	52.0	8.05	8.8
3090.0	56.0	12.59	3.01
3100.0	52.0	8.05	8.8
3100.0	56.0	12.59	3.01
3110.0	52.0	8.05	8.8
3110.0	56.0	12.59	3.01
3120.0	52.0	8.05	8.8
3120.0	56.0	12.59	3.01
3130.0	52.0	8.05	8.8
3130.0	56.0	12.54	3.01
3140.0	52.0	8.05	8.8
3140.0	56.0	12.52	3.01
3150.0	52.0	8.05	8.8
3150.0	56.0	12.52	3.01
3160.0	52.0	8.05	8.8
3160.0	56.0	12.55	3.1
3170.0	52.0	8.05	8.8
3170.0	56.0	12.6	3.23
3180.0	52.0	8.05	8.8
3190.0	52.0	8.05	8.8
3200.0	52.0	7.99	8.8
3210.0	52.0	7.96	8.77
3220.0	52.0	7.96	8.77
3230.0	52.0	7.96	8.77
3240.0	52.0	7.96	8.77
3650.0	64.0	6.93	4.35
3650.0	67.0	1.21	8.43
3650.0	68.0	-2.14	0.04
3660.0	64.0	5.96	4.02
3660.0	67.0	0.4	8.89
3660.0	68.0	-1.28	0.68
3670.0	64.0	4.97	3.71
3670.0	67.0	-0.34	9.52
3670.0	68.0	-0.11	1.25
3680.0	64.0	3.85	3.46
3680.0	67.0	-1.06	10.11
3680.0	68.0	0.98	1.73
3690.0	64.0	2.74	3.33
3690.0	68.0	2.06	2.16
3700.0	64.0	1.64	3.02
3700.0	68.0	3.17	2.42
3710.0	64.0	0.72	2.76
3710.0	68.0	4.41	2.82
3720.0	64.0	-0.16	2.53
3720.0	68.0	5.69	3.21
3730.0	64.0	-1.03	2.18
3730.0	68.0	6.73	3.7
3740.0	68.0	7.86	4.11
3750.0	68.0	9.04	4.48
3760.0	68.0	10.11	4.9
3770.0	68.0	11.27	5.12
4160.0	69.0	9.85	4.8
4170.0	69.0	8.92	4.5
4180.0	69.0	7.79	4.22
4190.0	69.0	6.65	3.94
4200.0	69.0	5.38	3.61
4200.0	73.0	-2.45	6.8
4210.0	69.0	4.37	3.45
4210.0	73.0	-1.64	6.72
4220.0	69.0	3.22	3.32
4220.0	73.0	-0.67	6.63
4220.0	74.0	12.45	4.92
4220.0	76.0	11.93	5.99
4230.0	69.0	2.07	3.13
4230.0	73.0	0.26	6.57
4230.0	74.0	11.75	4.81
4230.0	76.0	11.23	6.01
4240.0	69.0	0.96	2.92
4240.0	73.0	1.2	6.6
4240.0	74.0	10.94	4.57
4240.0	76.0	10.22	5.9
4250.0	69.0	-0.28	2.76
4250.0	73.0	2.09	6.64
4250.0	74.0	10.01	4.39
4250.0	76.0	9.28	5.61
4260.0	69.0	-1.19	2.66
4260.0	73.0	2.97	6.55
4260.0	74.0	9.07	4.16
4260.0	76.0	8.41	5.42
4270.0	73.0	3.97	6.61
4270.0	74.0	8.22	3.88
4270.0	76.0	7.47	5.01
4280.0	73.0	4.93	6.79
4280.0	74.0	7.35	3.54
4280.0	76.0	6.58	4.78
4290.0	73.0	5.77	6.75
4290.0	74.0	6.4	3.13
4290.0	76.0	5.77	4.48
4300.0	73.0	6.88	6.75
4300.0	74.0	5.56	2.96
4300.0	76.0	4.88	4.32
4310.0	73.0	7.82	6.8
4310.0	74.0	4.51	2.67
4310.0	76.0	3.94	4.1
4310.0	77.0	12.07	4.37
4320.0	73.0	8.83	6.68
4320.0	74.0	3.64	2.42
4320.0	76.0	3.05	3.7
4320.0	77.0	10.97	4.17
4330.0	73.0	9.78	6.63
4330.0	74.0	2.66	2.27
4330.0	76.0	2.01	3.45
4330.0	77.0	9.63	3.83
4340.0	73.0	10.78	6.59
4340.0	74.0	1.7	2.07
4340.0	76.0	1.03	3.19
4340.0	77.0	8.46	3.63
4350.0	73.0	11.78	6.38
4350.0	74.0	0.86	1.71
4350.0	76.0	-0.0	2.9
4350.0	77.0	7.33	3.45
4360.0	73.0	12.66	6.2
4360.0	74.0	-0.12	1.35
4360.0	76.0	-0.88	2.48
4360.0	77.0	6.04	3.25
4370.0	74.0	-0.96	0.92
4370.0	76.0	-1.65	2.03
4370.0	77.0	5.05	3.17
4380.0	77.0	3.72	3.11
4390.0	77.0	2.58	2.93
4400.0	77.0	1.36	2.87
4410.0	77.0	0.25	2.74
4420.0	77.0	-0.86	2.63
4430.0	77.0	-1.98	2.65
4440.0	77.0	-3.16	2.63
4600.0	83.0	11.39	4.7
4610.0	83.0	10.34	4.58
4620.0	83.0	9.27	4.51
4630.0	83.0	8.27	4.54
4630.0	85.0	-0.45	9.88
4640.0	83.0	7.33	4.47
4640.0	85.0	0.46	9.56
4650.0	83.0	6.34	4.41
4650.0	85.0	1.17	9.24
4660.0	83.0	5.35	4.26
4660.0	85.0	1.89	8.89
4670.0	83.0	4.41	4.12
4670.0	85.0	2.74	8.49
4680.0	83.0	3.47	4.01
4680.0	85.0	3.56	8.13
4690.0	83.0	2.48	3.77
4690.0	85.0	4.32	7.75
4700.0	83.0	1.49	3.66
4700.0	85.0	5.2	7.41
4700.0	86.0	12.34	4.79
4710.0	83.0	0.54	3.59
4710.0	85.0	6.03	7.26
4710.0	86.0	11.33	4.49
4720.0	83.0	-0.46	3.52
4720.0	85.0	7.0	7.06
4720.0	86.0	10.11	4.23
4720.0	87.0	11.99	5.08
4730.0	83.0	-1.5	3.48
4730.0	85.0	7.64	7.06
4730.0	86.0	8.97	3.78
4730.0	87.0	10.88	4.72
4730.0	88.0	-1.99	5.65
4740.0	85.0	8.55	6.86
4740.0	86.0	7.82	3.49
4740.0	87.0	9.71	4.49
4740.0	88.0	-0.85	5.73
4750.0	85.0	9.19	6.65
4750.0	86.0	6.69	3.26
4750.0	87.0	8.67	4.07
4750.0	88.0	0.23	5.65
4750.0	91.0	12.18	5.35
4760.0	85.0	10.1	6.51
4760.0	86.0	5.47	2.95
4760.0	87.0	7.51	3.81
4760.0	88.0	1.32	5.68
4760.0	91.0	11.16	5.09
4770.0	85.0	11.13	6.29
4770.0	86.0	4.38	2.77
4770.0	87.0	6.36	3.69
4770.0	88.0	2.38	5.68
4770.0	91.0	10.21	4.73
4780.0	85.0	11.99	6.24
4780.0	86.0	3.13	2.55
4780.0	87.0	5.29	3.39
4780.0	88.0	3.48	5.82
4780.0	91.0	9.22	4.43
4790.0	86.0	2.03	2.18
4790.0	87.0	4.51	3.22
4790.0	88.0	4.57	5.82
4790.0	91.0	8.21	4.13
4800.0	86.0	0.99	1.77
4800.0	87.0	3.13	3.03
4800.0	88.0	5.62	5.66
4800.0	91.0	7.18	3.89
4810.0	86.0	0.17	1.22
4810.0	87.0	2.05	2.82
4810.0	88.0	6.66	5.72
4810.0	91.0	6.18	3.77
4820.0	86.0	-0.75	0.55
4820.0	87.0	1.21	2.55
4820.0	88.0	7.64	5.54
4820.0	91.0	5.17	3.62
4830.0	86.0	-1.75	0.04
4830.0	87.0	0.22	2.4
4830.0	88.0	8.65	5.47
4830.0	91.0	4.13	3.47
4840.0	86.0	-2.32	-0.63
4840.0	87.0	-0.65	2.05
4840.0	88.0	9.63	5.26
4840.0	91.0	3.12	3.3
4850.0	86.0	-2.96	-1.43
4850.0	87.0	-1.57	1.41
4850.0	88.0	10.54	5.09
4850.0	91.0	2.12	3.02
4860.0	86.0	-3.54	-2.3
4860.0	87.0	-2.41	0.9
4860.0	88.0	11.44	4.99
4860.0	91.0	1.15	2.72
4870.0	86.0	-4.16	-3.17
4870.0	87.0	-3.09	0.16
4870.0	88.0	12.14	4.83
4870.0	91.0	0.22	2.33
4880.0	87.0	-3.89	-0.7
4880.0	91.0	-0.7	1.82
4940.0	98.0	12.71	7.0
4940.0	99.0	12.92	6.28
4950.0	98.0	11.99	7.09
4950.0	99.0	12.12	6.43
4960.0	98.0	11.33	7.17
4960.0	99.0	11.39	6.5
4960.0	100.0	12.77	6.74
4970.0	98.0	10.55	7.25
4970.0	99.0	10.6	6.58
4970.0	100.0	12.13	6.85
4970.0	101.0	12.72	6.41
4980.0	98.0	9.82	7.29
4980.0	99.0	9.86	6.49
4980.0	100.0	11.45	7.19
4980.0	101.0	11.61	6.48
4990.0	98.0	9.01	7.28
4990.0	99.0	9.06	6.47
4990.0	100.0	10.55	7.25
4990.0	101.0	10.72	6.53
5110.0	105.0	3.54	6.15
5110.0	106.0	5.26	6.57
5110.0	107.0	5.02	7.18
5110.0	108.0	3.55	8.86
5110.0	109.0	-3.07	4.58
5120.0	105.0	2.68	5.6
5120.0	106.0	4.35	6.37
5120.0	107.0	4.15	6.96
5120.0	108.0	2.91	8.86
5120.0	109.0	-2.13	4.72
5130.0	105.0	1.86	5.08
5130.0	106.0	3.6	5.91
5130.0	107.0	3.31	6.34
5130.0	108.0	1.49	9.17
5130.0	109.0	-1.17	4.92
5140.0	105.0	1.07	4.58
5140.0	106.0	2.85	5.39
5140.0	107.0	2.59	5.93
5140.0	108.0	0.62	9.39
5140.0	109.0	-0.39	5.24
5150.0	105.0	0.24	4.05
5150.0	106.0	2.32	4.7
5150.0	107.0	1.89	5.23
5150.0	108.0	-0.12	9.74
5150.0	109.0	0.49	5.53
5150.0	111.0	-2.12	-0.54
5160.0	105.0	-0.62	3.57
5160.0	106.0	1.75	4.0
5160.0	107.0	1.12	4.55
5160.0	108.0	-0.94	10.2
5160.0	109.0	1.33	5.71
5160.0	111.0	-1.59	0.07
5170.0	105.0	-1.35	2.88
5170.0	106.0	0.87	3.45
5170.0	107.0	0.49	4.08
5170.0	108.0	-1.64	10.84
5170.0	109.0	2.04	5.75
5170.0	111.0	-0.75	0.49
5180.0	105.0	-2.14	2.15
5180.0	106.0	0.2	2.85
5180.0	107.0	-0.1	3.27
5180.0	109.0	2.95	5.76
5180.0	111.0	0.16	1.04
5190.0	109.0	3.86	5.77
5190.0	111.0	0.89	1.25
5200.0	109.0	4.75	5.76
5200.0	111.0	1.76	1.49
5210.0	109.0	5.66	5.71
5210.0	111.0	2.61	1.91
5220.0	109.0	6.56	5.68
5220.0	111.0	3.48	2.22
5220.0	112.0	12.64	5.35
5230.0	109.0	7.49	5.64
5230.0	111.0	4.4	2.41
5230.0	112.0	11.5	5.11
5240.0	109.0	8.41	5.61
5240.0	111.0	5.35	2.49
5240.0	112.0	10.21	4.79
5250.0	109.0	9.3	5.6
5250.0	111.0	6.29	2.54
5250.0	112.0	8.92	4.63
5260.0	109.0	10.17	5.53
5260.0	111.0	7.07	2.5
5260.0	112.0	7.63	4.67
5270.0	109.0	11.04	5.45
5270.0	111.0	8.07	2.63
5270.0	112.0	6.45	4.68
5280.0	109.0	11.95	5.4
5280.0	111.0	8.86	2.95
5280.0	112.0	5.25	4.71
5290.0	109.0	13.01	5.22
5290.0	111.0	9.87	3.25
5290.0	112.0	4.09	4.71
5300.0	111.0	10.62	3.75
5300.0	112.0	2.95	4.7
5310.0	111.0	11.61	4.17
5310.0	112.0	1.78	4.64
5320.0	112.0	0.59	4.56
5330.0	112.0	-0.56	4.49
5400.0	113.0	12.43	6.53
5410.0	113.0	11.74	6.57
5410.0	114.0	12.2	4.99
5420.0	113.0	11.01	6.55
5420.0	114.0	11.5	4.78
5430.0	113.0	10.22	6.55
5430.0	114.0	10.82	4.49
5440.0	113.0	9.35	6.56
5440.0	114.0	10.32	4.24
5440.0	116.0	-0.55	1.19
5450.0	113.0	8.52	6.54
5450.0	114.0	9.74	4.07
5450.0	116.0	0.59	1.83
5460.0	113.0	7.68	6.52
5460.0	114.0	9.18	3.89
5460.0	116.0	1.71	2.36
5470.0	113.0	6.89	6.39
5470.0	114.0	8.41	3.73
5470.0	116.0	2.95	2.92
5470.0	117.0	-2.57	0.9
5480.0	113.0	6.06	6.39
5480.0	114.0	7.8	3.62
5480.0	116.0	4.11	3.44
5480.0	117.0	-1.84	1.77
5490.0	113.0	5.22	6.47
5490.0	114.0	6.8	3.21
5490.0	116.0	5.35	3.85
5490.0	117.0	-1.21	2.35
5490.0	118.0	-2.63	-0.35
5500.0	113.0	4.42	6.48
5500.0	114.0	5.82	2.9
5500.0	116.0	6.63	4.07
5500.0	117.0	-0.32	2.93
5500.0	118.0	-1.87	0.36
5510.0	113.0	3.56	6.61
5510.0	114.0	4.88	2.71
5510.0	116.0	7.79	4.31
5510.0	117.0	0.45	3.38
5510.0	118.0	-1.0	1.07
5520.0	113.0	2.75	6.75
5520.0	114.0	4.03	2.51
5520.0	116.0	8.96	4.5
5520.0	117.0	1.47	3.73
5520.0	118.0	-0.2	1.73
5530.0	113.0	1.94	6.87
5530.0	114.0	3.01	2.33
5530.0	116.0	10.18	4.59
5530.0	117.0	2.47	3.9
5530.0	118.0	0.59	2.43
5540.0	113.0	1.12	7.05
5540.0	114.0	1.93	2.09
5540.0	116.0	11.38	4.8
5540.0	117.0	3.63	4.02
5540.0	118.0	1.49	2.91
5550.0	113.0	0.28	7.12
5550.0	114.0	0.82	1.73
5550.0	116.0	12.59	4.98
5550.0	117.0	4.61	4.1
5550.0	118.0	2.49	3.26
5560.0	113.0	-0.5	7.2
5560.0	114.0	-0.04	1.29
5560.0	117.0	5.68	4.19
5560.0	118.0	3.52	3.43
5570.0	113.0	-1.23	7.22
5570.0	114.0	-1.09	0.73
5570.0	117.0	6.69	4.34
5570.0	118.0	4.5	3.63
5580.0	117.0	7.8	4.45
5580.0	118.0	5.52	3.93
5590.0	117.0	8.86	4.63
5590.0	118.0	6.54	4.19
5600.0	117.0	9.95	4.89
5600.0	118.0	7.59	4.42
5610.0	117.0	11.02	5.1
5610.0	118.0	8.66	4.68
5620.0	117.0	12.04	5.13
5620.0	118.0	9.69	4.92
5630.0	117.0	13.25	4.97
5630.0	118.0	10.71	5.27
6230.0	121.0	10.73	5.96
6240.0	121.0	9.8	6.2
6250.0	121.0	8.86	6.38
6260.0	121.0	7.79	6.62
6270.0	121.0	6.88	6.85
6280.0	121.0	6.01	7.01
6290.0	121.0	5.14	7.18
6300.0	121.0	4.25	7.31
6310.0	121.0	3.29	7.63
6320.0	121.0	2.4	7.86
6330.0	121.0	1.52	8.07
6340.0	121.0	0.71	8.43
6340.0	124.0	9.9	6.58
6350.0	121.0	-0.1	8.8
6350.0	124.0	8.75	6.63
6360.0	121.0	-0.84	9.26
6360.0	124.0	7.57	6.61
6370.0	121.0	-1.6	9.7
6370.0	124.0	6.4	6.47
6380.0	124.0	5.26	6.28
6390.0	124.0	4.11	6.12
6400.0	124.0	2.99	6.0
6400.0	125.0	-2.25	4.53
6410.0	124.0	1.85	5.79
6410.0	125.0	-1.17	4.57
6420.0	124.0	0.75	5.5
6420.0	125.0	-0.07	4.51
6430.0	124.0	-0.28	5.05
6430.0	125.0	0.93	4.56
6440.0	124.0	-1.26	4.41
6440.0	125.0	2.01	4.58
6450.0	124.0	-2.33	3.58
6450.0	125.0	3.06	4.55
6460.0	125.0	4.05	4.45
6470.0	125.0	5.13	4.44
6480.0	125.0	6.19	4.44
6480.0	128.0	-1.72	4.83
6490.0	125.0	7.32	4.44
6490.0	128.0	-0.44	4.6
6500.0	125.0	8.39	4.42
6500.0	128.0	0.86	4.38
6510.0	125.0	9.43	4.43
6510.0	128.0	1.97	4.17
6520.0	125.0	10.47	4.47
6520.0	128.0	3.14	3.96
6530.0	125.0	11.52	4.72
6530.0	128.0	4.32	3.75
6540.0	125.0	12.58	5.08
6540.0	128.0	5.47	3.64
6550.0	128.0	6.59	3.66
6560.0	128.0	7.61	3.69
6570.0	128.0	8.6	3.76
6580.0	128.0	9.57	3.81
6590.0	128.0	10.73	4.13
6590.0	129.0	13.16	4.09
6600.0	128.0	11.97	4.52
6600.0	129.0	13.2	3.55
6610.0	128.0	13.11	4.93
6610.0	129.0	13.2	3.55
6810.0	132.0	11.98	5.84
6820.0	132.0	10.83	5.96
6820.0	133.0	12.27	5.34
6830.0	132.0	9.66	6.05
6830.0	133.0	11.11	5.13
6840.0	132.0	8.51	6.16
6840.0	133.0	9.87	5.07
6840.0	136.0	12.44	5.99
6850.0	132.0	7.34	6.15
6850.0	133.0	8.46	5.02
6850.0	136.0	11.54	6.36
6860.0	132.0	6.18	6.15
6860.0	133.0	7.2	4.93
6860.0	136.0	10.48	6.6
6870.0	132.0	4.99	6.22
6870.0	133.0	5.98	4.77
6870.0	136.0	9.41	6.77
6870.0	137.0	12.77	5.14
6880.0	132.0	3.86	6.24
6880.0	133.0	4.53	4.71
6880.0	136.0	8.39	6.83
6880.0	137.0	11.85	4.89
6890.0	132.0	2.58	6.29
6890.0	133.0	3.45	4.56
6890.0	136.0	7.29	6.94
6890.0	137.0	10.81	4.53
6890.0	138.0	11.95	5.6
6900.0	132.0	1.41	6.37
6900.0	133.0	2.39	4.3
6900.0	136.0	6.17	7.13
6900.0	137.0	9.8	4.38
6900.0	138.0	10.88	5.55
6910.0	132.0	0.31	6.42
6910.0	133.0	1.21	4.06
6910.0	136.0	5.1	7.48
6910.0	137.0	8.91	4.17
6910.0	138.0	9.83	5.66
6920.0	132.0	-0.93	6.39
6920.0	133.0	0.25	3.84
6920.0	136.0	3.98	7.81
6920.0	137.0	7.96	4.16
6920.0	138.0	8.77	5.69
6930.0	132.0	-2.03	6.35
6930.0	133.0	-0.91	3.49
6930.0	136.0	2.92	8.24
6930.0	137.0	6.98	4.15
6930.0	138.0	7.78	5.7
6940.0	132.0	-3.08	6.52
6940.0	133.0	-2.08	3.07
6940.0	136.0	1.86	8.69
6940.0	137.0	6.09	4.11
6940.0	138.0	6.74	5.65
6950.0	132.0	-4.13	6.77
6950.0	133.0	-3.14	2.56
6950.0	136.0	1.03	9.06
6950.0	137.0	4.95	4.15
6950.0	138.0	5.59	5.71
6960.0	136.0	-0.09	9.54
6960.0	137.0	4.07	4.02
6960.0	138.0	4.56	5.76
6970.0	136.0	-0.92	9.99
6970.0	137.0	3.04	4.08
6970.0	138.0	3.63	5.87
6980.0	136.0	-1.77	10.62
6980.0	137.0	2.06	3.92
6980.0	138.0	2.73	5.95
6980.0	143.0	-4.93	5.21
6990.0	136.0	-2.75	11.29
6990.0	137.0	1.21	3.91
6990.0	138.0	1.87	6.01
6990.0	143.0	-3.95	5.24
7000.0	136.0	-3.33	12.05
7000.0	137.0	0.05	3.86
7000.0	138.0	1.01	6.28
7000.0	143.0	-2.91	5.21
7010.0	137.0	-0.82	3.61
7010.0	138.0	0.05	6.48
7010.0	143.0	-2.01	5.18
7020.0	137.0	-1.98	3.28
7020.0	138.0	-1.12	6.79
7020.0	143.0	-1.24	5.07
7030.0	137.0	-3.06	3.13
7030.0	138.0	-1.96	6.95
7030.0	143.0	-0.26	5.12
7040.0	137.0	-4.0	3.34
7040.0	138.0	-2.86	7.01
7040.0	143.0	0.77	5.11
7050.0	143.0	1.84	5.16
7060.0	143.0	2.84	5.46
7070.0	143.0	3.89	5.42
7080.0	143.0	4.89	5.51
7090.0	143.0	5.95	5.57
7100.0	143.0	6.87	5.57
7100.0	144.0	-2.13	4.6
7110.0	143.0	7.45	5.61
7110.0	144.0	-0.56	4.64
7120.0	143.0	8.16	5.58
7120.0	144.0	0.62	4.8
7130.0	143.0	8.77	5.26
7130.0	144.0	1.91	4.94
7140.0	143.0	9.53	4.71
7140.0	144.0	3.12	5.06
7150.0	143.0	10.61	4.37
7150.0	144.0	4.28	5.27
7160.0	143.0	11.72	4.44
7160.0	144.0	5.79	5.34
7170.0	144.0	7.14	5.46
7180.0	144.0	8.41	5.4
7190.0	144.0	9.73	5.41
7200.0	144.0	11.01	5.42
7210.0	144.0	12.23	5.43
7300.0	145.0	-1.58	3.42
7310.0	145.0	-0.56	3.49
7320.0	145.0	0.55	3.54
7330.0	145.0	1.65	3.56
7340.0	145.0	2.73	3.57
7350.0	145.0	3.84	3.63
7360.0	145.0	4.97	3.72
7370.0	145.0	6.12	3.73
7370.0	148.0	-2.36	1.16
7370.0	149.0	12.67	6.34
7380.0	145.0	7.26	3.83
7380.0	148.0	-1.59	1.99
7380.0	149.0	11.58	6.88
7390.0	145.0	8.4	3.94
7390.0	148.0	-0.77	2.58
7390.0	149.0	10.56	7.08
7400.0	145.0	9.56	4.16
7400.0	148.0	0.3	3.11
7400.0	149.0	9.61	7.49
7400.0	151.0	12.46	5.79
7410.0	145.0	10.6	4.41
7410.0	148.0	1.37	3.47
7410.0	149.0	8.55	7.66
7410.0	151.0	11.28	6.05
7420.0	145.0	11.78	4.67
7420.0	148.0	2.51	3.79
7420.0	149.0	7.39	7.61
7420.0	151.0	10.27	6.03
7420.0	152.0	-4.42	5.4
7430.0	145.0	12.97	4.67
7430.0	148.0	3.38	3.94
7430.0	149.0	6.33	7.69
7430.0	151.0	9.24	6.07
7430.0	152.0	-3.4	5.45
7440.0	148.0	4.48	4.1
7440.0	149.0	5.37	7.91
7440.0	151.0	8.24	6.23
7440.0	152.0	-2.23	5.48
7450.0	148.0	5.63	4.18
7450.0	149.0	4.29	7.78
7450.0	151.0	7.25	6.28
7450.0	152.0	-1.01	5.47
7460.0	148.0	6.75	4.19
7460.0	149.0	3.19	7.76
7460.0	151.0	6.2	6.48
7460.0	152.0	0.18	5.47
7460.0	153.0	-3.01	4.24
7460.0	154.0	-2.94	4.95
7470.0	148.0	7.84	4.28
7470.0	149.0	2.08	7.81
7470.0	151.0	5.13	6.76
7470.0	152.0	1.37	5.48
7470.0	153.0	-1.82	4.28
7470.0	154.0	-1.84	5.0
7480.0	148.0	8.97	4.45
7480.0	149.0	1.05	7.92
7480.0	151.0	4.11	7.07
7480.0	152.0	2.53	5.47
7480.0	153.0	-0.62	4.17
7480.0	154.0	-0.78	4.85
7490.0	148.0	10.12	4.59
7490.0	149.0	-0.15	7.9
7490.0	151.0	3.09	7.31
7490.0	152.0	3.73	5.55
7490.0	153.0	0.54	4.21
7490.0	154.0	0.39	4.85
7500.0	148.0	11.23	4.7
7500.0	149.0	-1.28	7.96
7500.0	151.0	2.03	7.35
7500.0	152.0	4.96	5.7
7500.0	153.0	1.79	4.29
7500.0	154.0	1.62	4.96
7510.0	148.0	12.25	4.76
7510.0	149.0	-2.09	7.86
7510.0	151.0	0.96	7.34
7510.0	152.0	6.21	5.82
7510.0	153.0	3.02	4.3
7510.0	154.0	2.79	5.18
7520.0	152.0	7.41	6.04
7520.0	153.0	4.19	4.38
7520.0	154.0	3.99	5.28
7530.0	152.0	8.7	5.81
7530.0	153.0	5.43	4.46
7530.0	154.0	5.26	5.32
7540.0	152.0	10.03	5.81
7540.0	153.0	6.62	4.46
7540.0	154.0	6.45	5.31
7550.0	152.0	11.25	5.89
7550.0	153.0	7.8	4.49
7550.0	154.0	7.63	5.33
7560.0	152.0	12.48	5.79
7560.0	153.0	9.0	4.57
7560.0	154.0	8.83	5.39
7570.0	153.0	10.18	4.63
7570.0	154.0	10.02	5.41
7580.0	153.0	11.32	4.65
7580.0	154.0	11.17	5.36
7580.0	156.0	12.44	6.66
7590.0	153.0	12.31	4.71
7590.0	154.0	12.27	5.36
7590.0	156.0	11.16	6.91
7600.0	153.0	13.37	4.87
7600.0	154.0	13.09	5.78
7600.0	156.0	10.08	6.75
7610.0	156.0	8.78	6.75
7620.0	156.0	7.64	6.72
7630.0	156.0	6.47	6.55
7630.0	157.0	0.12	1.45
7640.0	156.0	5.29	6.36
7640.0	157.0	1.09	1.97
7650.0	156.0	4.15	6.29
7650.0	157.0	2.04	2.34
7660.0	156.0	2.88	6.25
7660.0	157.0	3.01	2.68
7670.0	156.0	1.64	6.22
7670.0	157.0	4.12	2.91
7680.0	156.0	0.68	6.23
7680.0	157.0	5.19	3.1
7690.0	156.0	-0.61	6.33
7690.0	157.0	6.3	3.48
7700.0	156.0	-1.73	6.5
7700.0	157.0	7.35	3.71
7710.0	157.0	8.37	4.04
7720.0	157.0	9.38	4.36
7730.0	157.0	10.42	4.56
7740.0	157.0	11.51	4.71
7750.0	157.0	12.6	4.93
7810.0	163.0	12.29	5.16
7820.0	163.0	11.09	4.81
7820.0	164.0	-2.88	4.74
7830.0	163.0	10.07	4.46
7830.0	164.0	-1.56	4.4
7840.0	163.0	8.56	4.23
7840.0	164.0	-0.42	4.17
7850.0	163.0	7.34	4.24
7850.0	164.0	0.92	4.17
7860.0	163.0	6.21	4.07
7860.0	164.0	2.29	4.31
7860.0	166.0	-1.77	0.26
7870.0	163.0	5.07	3.85
7870.0	164.0	3.56	4.61
7870.0	166.0	-0.72	1.0
7880.0	163.0	4.0	3.64
7880.0	164.0	4.76	4.89
7880.0	166.0	0.33	1.53
7890.0	163.0	2.88	3.44
7890.0	164.0	5.97	5.1
7890.0	166.0	1.46	2.16
7900.0	163.0	1.83	3.11
7900.0	164.0	7.07	5.1
7900.0	166.0	2.74	2.65
7910.0	163.0	0.8	2.64
7910.0	164.0	8.33	5.2
7910.0	166.0	3.9	3.07
7920.0	163.0	-0.17	2.1
7920.0	164.0	9.57	5.25
7920.0	166.0	5.05	3.47
7930.0	163.0	-0.97	1.63
7930.0	164.0	10.83	5.26
7930.0	166.0	6.31	3.8
7940.0	163.0	-1.91	0.62
7940.0	164.0	12.13	5.28
7940.0	166.0	7.56	4.02
7950.0	163.0	-2.63	-0.2
7950.0	164.0	13.26	5.64
7950.0	166.0	8.83	4.27
7960.0	166.0	10.13	4.53
7970.0	166.0	11.38	4.8
7980.0	166.0	12.6	5.06
8120.0	170.0	-2.04	0.21
8130.0	170.0	-1.28	0.73
8140.0	170.0	-0.39	1.2
8150.0	170.0	0.52	1.64
8150.0	172.0	-1.9	0.09
8160.0	170.0	1.42	2.07
8160.0	172.0	-1.01	0.97
8170.0	170.0	2.36	2.53
8170.0	172.0	-0.15	1.51
8180.0	170.0	3.21	3.01
8180.0	172.0	0.84	1.98
8190.0	170.0	4.04	3.44
8190.0	172.0	1.8	2.43
8200.0	170.0	4.94	3.81
8200.0	172.0	2.82	2.87
8210.0	170.0	5.87	4.15
8210.0	172.0	3.96	3.2
8220.0	170.0	6.95	4.31
8220.0	172.0	4.96	3.54
8230.0	170.0	7.98	4.49
8230.0	172.0	6.06	3.88
8240.0	170.0	9.07	4.73
8240.0	172.0	7.14	4.17
8250.0	170.0	10.33	4.92
8250.0	172.0	8.22	4.38
8260.0	170.0	11.45	5.1
8260.0	172.0	9.31	4.57
8270.0	170.0	12.62	5.21
8270.0	172.0	10.36	4.77
8280.0	170.0	13.68	5.47
8280.0	172.0	11.45	4.96
8290.0	172.0	12.54	5.23
8290.0	174.0	-3.14	13.21
8290.0	175.0	-1.98	0.1
8300.0	172.0	13.91	5.62
8300.0	174.0	-2.68	12.24
8300.0	175.0	-1.19	0.75
8310.0	174.0	-2.1	11.41
8310.0	175.0	-0.37	1.29
8320.0	174.0	-1.38	10.59
8320.0	175.0	0.53	1.7
8330.0	174.0	-0.71	10.15
8330.0	175.0	1.5	2.13
8340.0	174.0	0.08	9.64
8340.0	175.0	2.4	2.45
8350.0	174.0	0.99	9.2
8350.0	175.0	3.47	2.82
8360.0	174.0	2.17	8.84
8360.0	175.0	4.44	3.03
8370.0	174.0	3.15	8.54
8370.0	175.0	5.39	3.23
8370.0	176.0	12.82	5.69
8370.0	178.0	-1.79	5.43
8380.0	174.0	4.14	8.31
8380.0	175.0	6.43	3.44
8380.0	176.0	11.27	6.07
8380.0	178.0	-0.72	5.46
8390.0	174.0	5.2	8.09
8390.0	175.0	7.47	3.7
8390.0	176.0	9.83	6.14
8390.0	178.0	0.28	5.46
8400.0	174.0	6.25	7.82
8400.0	175.0	8.48	4.0
8400.0	176.0	8.42	6.28
8400.0	178.0	1.4	5.47
8400.0	183.0	-2.06	6.5
8400.0	184.0	-1.68	7.01
8410.0	174.0	7.27	7.53
8410.0	175.0	9.5	4.38
8410.0	176.0	7.06	6.38
8410.0	178.0	2.42	5.57
8410.0	183.0	-0.98	6.49
8410.0	184.0	-0.46	7.21
8420.0	174.0	8.28	7.22
8420.0	175.0	10.48	4.72
8420.0	176.0	5.67	6.53
8420.0	178.0	3.55	5.63
8420.0	183.0	0.29	6.39
8420.0	184.0	0.72	7.33
8430.0	174.0	9.31	6.83
8430.0	175.0	11.54	4.97
8430.0	176.0	4.37	6.71
8430.0	178.0	4.58	5.61
8430.0	183.0	1.54	6.23
8430.0	184.0	1.91	7.52
8440.0	174.0	10.33	6.48
8440.0	175.0	12.66	5.2
8440.0	176.0	2.98	6.81
8440.0	178.0	5.67	5.64
8440.0	183.0	2.83	6.14
8440.0	184.0	3.17	7.73
8450.0	174.0	11.32	6.16
8450.0	175.0	14.15	5.64
8450.0	176.0	1.54	6.74
8450.0	178.0	6.7	5.6
8450.0	183.0	4.15	6.25
8450.0	184.0	4.47	7.71
8460.0	174.0	12.18	5.82
8460.0	176.0	0.27	6.65
8460.0	178.0	7.77	5.57
8460.0	183.0	5.43	6.38
8460.0	184.0	5.7	7.52
8460.0	185.0	-1.98	6.4
8460.0	188.0	-2.8	9.5
8470.0	174.0	13.11	5.66
8470.0	176.0	-0.92	6.69
8470.0	178.0	8.78	5.56
8470.0	183.0	6.66	6.4
8470.0	184.0	6.9	7.38
8470.0	185.0	-1.15	6.14
8470.0	188.0	-1.84	9.34
8480.0	176.0	-2.37	6.69
8480.0	178.0	9.87	5.58
8480.0	183.0	7.81	6.44
8480.0	184.0	8.14	7.33
8480.0	185.0	0.02	5.85
8480.0	188.0	-0.83	9.14
8480.0	189.0	11.99	7.34
8490.0	176.0	-3.57	6.9
8490.0	178.0	10.88	5.67
8490.0	183.0	9.01	6.45
8490.0	184.0	9.35	7.23
8490.0	185.0	1.02	6.01
8490.0	188.0	0.15	8.94
8490.0	189.0	10.63	7.83
8490.0	190.0	-2.64	3.35
8500.0	178.0	11.88	5.74
8500.0	183.0	10.17	6.4
8500.0	184.0	10.44	7.22
8500.0	185.0	2.15	5.94
8500.0	188.0	1.14	8.69
8500.0	189.0	9.12	7.55
8500.0	190.0	-1.35	3.64
8510.0	178.0	13.0	5.78
8510.0	183.0	11.17	6.28
8510.0	184.0	11.72	6.94
8510.0	185.0	3.17	6.0
8510.0	188.0	2.08	8.5
8510.0	189.0	7.59	6.74
8510.0	190.0	-0.31	3.89
8510.0	191.0	1.19	1.87
8520.0	183.0	12.04	6.12
8520.0	184.0	12.53	6.79
8520.0	185.0	4.21	6.1
8520.0	188.0	3.08	8.22
8520.0	189.0	5.78	5.51
8520.0	190.0	0.67	4.18
8520.0	191.0	2.39	2.3
8530.0	183.0	12.85	5.96
8530.0	184.0	13.36	6.75
8530.0	185.0	5.29	6.07
8530.0	188.0	4.02	8.07
8530.0	189.0	3.79	4.2
8530.0	190.0	1.69	4.5
8530.0	191.0	3.36	2.52
8540.0	183.0	13.99	5.71
8540.0	185.0	6.44	5.97
8540.0	188.0	5.05	7.85
8540.0	189.0	1.63	3.01
8540.0	190.0	2.78	4.77
8540.0	191.0	4.69	2.92
8550.0	185.0	7.46	5.73
8550.0	188.0	6.02	7.58
8550.0	189.0	-0.52	1.78
8550.0	190.0	3.83	4.9
8550.0	191.0	5.89	3.18
8560.0	185.0	8.58	5.61
8560.0	188.0	6.96	7.36
8560.0	189.0	-2.55	0.26
8560.0	190.0	4.86	5.01
8560.0	191.0	7.1	3.34
8570.0	185.0	9.71	5.55
8570.0	188.0	7.87	7.16
8570.0	189.0	-4.58	-1.35
8570.0	190.0	5.92	5.15
8570.0	191.0	8.26	3.53
8580.0	185.0	10.78	5.64
8580.0	188.0	8.96	7.12
8580.0	190.0	6.92	5.25
8580.0	191.0	9.45	4.04
8590.0	185.0	11.92	5.71
8590.0	188.0	9.86	6.97
8590.0	190.0	7.93	5.35
8590.0	191.0	10.66	4.32
8600.0	185.0	13.06	5.59
8600.0	188.0	10.74	6.82
8600.0	190.0	8.98	5.4
8600.0	191.0	11.74	4.72
8610.0	188.0	11.51	6.66
8610.0	190.0	9.94	5.5
8610.0	191.0	12.86	5.08
8620.0	188.0	12.22	6.55
8620.0	190.0	10.73	5.55
8620.0	191.0	13.31	5.34
8710.0	192.0	9.83	7.07
8710.0	193.0	9.74	7.75
8720.0	192.0	8.82	7.21
8720.0	193.0	8.73	7.9
8730.0	192.0	7.8	7.32
8730.0	193.0	7.75	7.99
8740.0	192.0	6.8	7.29
8740.0	193.0	6.75	7.95
8750.0	192.0	5.8	7.18
8750.0	193.0	5.75	7.85
8760.0	192.0	4.79	7.14
8760.0	193.0	4.79	7.82
8770.0	192.0	3.77	7.22
8770.0	193.0	3.77	7.91
8780.0	192.0	2.79	7.46
8780.0	193.0	2.79	8.16
8790.0	192.0	1.76	7.9
8790.0	193.0	1.8	8.45
8800.0	192.0	0.88	8.36
8800.0	193.0	1.34	9.1
8810.0	192.0	0.03	8.91
8810.0	193.0	0.53	9.5
8890.0	195.0	12.71	4.95
8900.0	195.0	11.82	4.59
8900.0	196.0	13.43	5.21
8910.0	195.0	10.96	4.34
8910.0	196.0	12.66	5.11
8910.0	197.0	12.43	6.04
8920.0	195.0	9.86	4.25
8920.0	196.0	11.82	4.85
8920.0	197.0	11.5	6.03
8930.0	195.0	9.11	4.13
8930.0	196.0	10.98	4.75
8930.0	197.0	10.81	5.8
8930.0	198.0	12.76	6.28
8940.0	195.0	8.16	3.99
8940.0	196.0	10.18	4.55
8940.0	197.0	10.28	5.52
8940.0	198.0	11.83	6.52
8950.0	195.0	7.27	3.93
8950.0	196.0	9.41	4.41
8950.0	197.0	9.8	5.22
8950.0	198.0	10.89	6.9
8960.0	195.0	6.39	3.81
8960.0	196.0	8.72	4.26
8960.0	197.0	8.97	4.98
8960.0	198.0	9.99	7.22
8960.0	201.0	12.01	6.94
8970.0	195.0	5.51	3.66
8970.0	196.0	7.99	4.03
8970.0	197.0	8.18	4.88
8970.0	198.0	9.05	7.33
8970.0	201.0	10.89	7.38
8980.0	195.0	4.64	3.51
8980.0	196.0	7.2	3.96
8980.0	197.0	7.24	4.8
8980.0	198.0	8.09	7.41
8980.0	201.0	9.92	7.71
8990.0	195.0	3.69	3.38
8990.0	196.0	6.39	3.77
8990.0	197.0	6.35	4.58
8990.0	198.0	7.1	7.47
8990.0	201.0	8.79	8.03
8990.0	205.0	13.12	4.75
9000.0	195.0	2.82	3.19
9000.0	196.0	5.5	3.53
9000.0	197.0	5.42	4.35
9000.0	198.0	6.15	7.57
9000.0	201.0	7.68	8.2
9000.0	205.0	11.82	4.28
9010.0	195.0	1.98	2.77
9010.0	196.0	4.65	3.36
9010.0	197.0	4.42	4.2
9010.0	198.0	5.19	7.76
9010.0	201.0	6.53	8.51
9010.0	205.0	10.66	3.65
9020.0	195.0	1.2	2.43
9020.0	196.0	3.73	3.12
9020.0	197.0	3.5	4.0
9020.0	198.0	4.25	8.04
9020.0	201.0	5.63	8.76
9020.0	205.0	9.57	3.33
9030.0	195.0	0.29	2.04
9030.0	196.0	2.76	2.95
9030.0	197.0	2.6	3.85
9030.0	198.0	3.32	8.27
9030.0	201.0	4.6	8.51
9030.0	205.0	8.36	2.95
9040.0	195.0	-0.52	1.69
9040.0	196.0	1.92	2.82
9040.0	197.0	1.68	3.68
9040.0	198.0	2.38	8.53
9040.0	201.0	3.62	7.93
9040.0	205.0	7.22	2.79
9050.0	195.0	-1.13	1.29
9050.0	196.0	1.01	2.52
9050.0	197.0	0.78	3.47
9050.0	198.0	1.45	8.79
9050.0	201.0	2.51	7.5
9050.0	205.0	5.95	2.54
9060.0	195.0	-2.0	0.59
9060.0	196.0	0.07	2.2
9060.0	197.0	-0.11	3.23
9060.0	198.0	0.6	9.1
9060.0	201.0	1.34	7.24
9060.0	205.0	4.74	2.34
9070.0	195.0	-2.64	0.11
9070.0	196.0	-0.89	1.79
9070.0	197.0	-0.93	2.87
9070.0	198.0	-0.3	9.53
9070.0	201.0	0.03	7.06
9070.0	205.0	3.5	1.98
9080.0	195.0	-3.5	-0.44
9080.0	196.0	-1.65	1.35
9080.0	197.0	-1.75	2.32
9080.0	198.0	-1.09	10.05
9080.0	201.0	-1.12	6.97
9080.0	205.0	2.6	1.82
9090.0	195.0	-4.04	-1.06
9090.0	196.0	-2.33	0.88
9090.0	197.0	-3.09	1.52
9090.0	198.0	-1.86	10.49
9090.0	201.0	-2.46	7.17
9090.0	205.0	1.55	1.45
9100.0	195.0	-4.6	-1.81
9100.0	196.0	-2.92	0.35
9100.0	197.0	-3.83	0.91
9100.0	198.0	-2.62	11.08
9100.0	201.0	-3.69	7.19
9100.0	205.0	0.99	1.34
9110.0	196.0	-3.59	-0.24
9110.0	197.0	-4.47	0.28
9110.0	201.0	-4.75	7.13
9110.0	205.0	-0.2	1.13
9110.0	210.0	-3.15	5.55
9120.0	201.0	-5.84	6.95
9120.0	205.0	-1.09	0.97
9120.0	210.0	-2.09	5.54
9130.0	210.0	-0.97	5.66
9140.0	210.0	0.14	5.73
9150.0	210.0	1.18	5.8
9160.0	210.0	2.19	5.89
9170.0	210.0	3.25	5.95
9180.0	210.0	4.27	5.96
9190.0	210.0	5.36	6.04
9200.0	210.0	6.53	6.23
9210.0	210.0	7.54	6.33
9210.0	214.0	13.32	5.77
9220.0	210.0	8.46	6.37
9220.0	214.0	12.02	6.05
9230.0	210.0	9.14	6.07
9230.0	214.0	11.16	6.19
9240.0	210.0	9.98	5.88
9240.0	214.0	10.14	6.54
9250.0	210.0	10.97	5.82
9250.0	214.0	9.07	6.61
9260.0	210.0	11.93	5.81
9260.0	214.0	7.94	6.89
9270.0	210.0	12.79	5.58
9270.0	214.0	6.63	7.21
9280.0	214.0	5.38	7.15
9290.0	214.0	4.06	7.02
9300.0	214.0	2.87	7.0
9300.0	215.0	10.78	6.43
9310.0	214.0	1.71	6.97
9310.0	215.0	9.71	6.27
9320.0	214.0	0.57	7.0
9320.0	215.0	8.67	5.92
9330.0	214.0	-0.56	7.02
9330.0	215.0	7.68	5.41
9340.0	214.0	-1.73	7.15
9340.0	215.0	6.72	4.86
9350.0	214.0	-3.21	7.54
9350.0	215.0	5.8	4.25
9360.0	214.0	-4.26	7.54
9360.0	215.0	4.87	3.58
9370.0	215.0	3.89	3.04
9380.0	215.0	3.02	2.68
9390.0	215.0	2.1	2.34
9400.0	215.0	1.06	1.97
9410.0	215.0	0.2	1.46
9420.0	215.0	-0.59	0.93
9420.0	221.0	-2.45	0.24
9430.0	215.0	-1.43	0.46
9430.0	221.0	-1.79	1.08
9440.0	215.0	-2.22	-0.28
9440.0	221.0	-0.74	1.72
9450.0	221.0	0.23	2.23
9460.0	221.0	1.23	2.66
9470.0	221.0	2.23	3.11
9480.0	221.0	3.23	3.5
9490.0	221.0	4.26	3.81
9500.0	221.0	5.31	3.97
9510.0	221.0	6.46	4.11
9520.0	221.0	7.67	4.19
9530.0	221.0	8.84	4.27
9540.0	221.0	9.98	4.51
9550.0	221.0	11.13	4.79
9560.0	221.0	12.32	5.04
9570.0	221.0	13.5	5.21
9630.0	227.0	1.07	6.45
9640.0	227.0	2.45	6.36
9650.0	227.0	3.72	6.29
9660.0	227.0	5.03	6.19
9670.0	227.0	6.3	6.11
9680.0	227.0	7.55	5.84
9680.0	230.0	-3.11	5.32
9690.0	227.0	8.76	5.61
9690.0	230.0	-2.09	5.21
9700.0	227.0	10.03	5.57
9700.0	230.0	-1.28	5.33
9710.0	227.0	11.43	5.48
9710.0	230.0	-0.44	5.26
9720.0	227.0	12.6	5.57
9720.0	230.0	0.45	5.28
9730.0	227.0	13.48	5.38
9730.0	230.0	1.34	5.34
9740.0	230.0	2.28	5.27
9750.0	230.0	3.18	5.2
9750.0	232.0	12.66	6.61
9760.0	230.0	4.11	5.16
9760.0	232.0	11.56	6.67
9770.0	230.0	5.03	5.09
9770.0	232.0	10.43	6.68
9780.0	230.0	6.02	5.04
9780.0	232.0	9.3	6.63
9780.0	233.0	0.08	9.05
9790.0	230.0	7.01	5.03
9790.0	232.0	8.21	6.48
9790.0	233.0	1.16	8.69
9800.0	230.0	8.05	4.96
9800.0	232.0	7.05	6.06
9800.0	233.0	2.31	8.46
9810.0	230.0	8.94	4.89
9810.0	232.0	5.93	5.72
9810.0	233.0	3.43	8.17
9820.0	230.0	9.88	4.84
9820.0	232.0	4.87	5.45
9820.0	233.0	4.64	7.9
9830.0	230.0	10.74	4.75
9830.0	232.0	3.89	5.27
9830.0	233.0	5.83	7.6
9830.0	234.0	-2.62	-0.32
9830.0	235.0	-3.15	0.11
9840.0	230.0	11.7	4.6
9840.0	232.0	2.82	4.93
9840.0	233.0	6.94	7.29
9840.0	234.0	-2.06	0.21
9840.0	235.0	-2.61	0.63
9850.0	230.0	12.52	4.3
9850.0	232.0	1.74	4.55
9850.0	233.0	8.12	6.99
9850.0	234.0	-1.9	0.49
9850.0	235.0	-2.39	0.96
9860.0	230.0	13.01	4.26
9860.0	232.0	0.74	4.12
9860.0	233.0	9.24	6.75
9860.0	234.0	-1.89	0.61
9860.0	235.0	-2.08	1.37
9870.0	230.0	13.05	4.4
9870.0	232.0	-0.26	3.62
9870.0	233.0	10.39	6.65
9870.0	234.0	-1.38	0.82
9870.0	235.0	-2.04	1.43
9880.0	230.0	13.05	4.4
9880.0	232.0	-1.19	3.03
9880.0	233.0	11.72	6.46
9880.0	234.0	-1.38	0.82
9880.0	235.0	-2.07	1.55
9890.0	230.0	12.68	4.6
9890.0	232.0	-1.65	2.4
9890.0	233.0	12.99	6.22
9890.0	234.0	-1.7	0.82
9890.0	235.0	-2.57	2.14
9900.0	230.0	12.61	4.7
9900.0	232.0	-2.31	1.41
9900.0	234.0	-1.67	1.2
9900.0	235.0	-3.17	2.78
9910.0	230.0	12.62	4.76
9910.0	232.0	-2.96	0.51
9920.0	230.0	12.65	4.76
9920.0	237.0	-1.38	7.43
9920.0	240.0	-1.36	4.73
9920.0	241.0	-1.38	8.19
9930.0	230.0	12.65	4.76
9930.0	237.0	-0.43	7.28
9930.0	240.0	-0.48	4.76
9930.0	241.0	-0.08	8.1
9930.0	243.0	-2.56	5.74
9940.0	230.0	12.65	4.76
9940.0	237.0	0.45	7.18
9940.0	240.0	0.49	4.84
9940.0	241.0	1.16	7.94
9940.0	243.0	-1.65	6.2
9950.0	230.0	12.68	4.76
9950.0	237.0	1.3	7.13
9950.0	240.0	1.47	4.88
9950.0	241.0	2.39	7.74
9950.0	243.0	-0.51	6.6
9960.0	230.0	12.62	4.88
9960.0	237.0	2.15	7.13
9960.0	240.0	2.4	4.83
9960.0	241.0	3.65	7.49
9960.0	243.0	0.5	6.91
9970.0	230.0	13.18	5.24
9970.0	237.0	3.08	7.22
9970.0	240.0	3.31	4.79
9970.0	241.0	4.87	7.24
9970.0	243.0	1.52	7.11
9980.0	230.0	13.18	5.24
9980.0	237.0	3.88	7.28
9980.0	240.0	4.22	4.83
9980.0	241.0	6.06	6.99
9980.0	243.0	2.48	7.34
9990.0	237.0	4.79	7.18
9990.0	240.0	5.11	4.88
9990.0	241.0	7.28	6.75
9990.0	243.0	3.55	7.5
10000.0	237.0	5.73	7.14
10000.0	240.0	5.97	4.96
10000.0	241.0	8.51	6.47
10000.0	243.0	4.6	7.58
10010.0	237.0	6.53	6.85
10010.0	240.0	6.78	4.97
10010.0	241.0	9.76	6.13
10010.0	243.0	5.66	7.62
10020.0	237.0	7.37	6.73
10020.0	240.0	7.51	5.02
10020.0	241.0	11.28	5.73
10020.0	243.0	6.77	7.61
10030.0	237.0	8.19	6.6
10030.0	240.0	8.27	5.04
10030.0	241.0	12.63	5.51
10030.0	243.0	7.89	7.55
10040.0	237.0	9.05	6.51
10040.0	240.0	9.2	5.08
10040.0	241.0	13.98	5.64
10040.0	243.0	9.1	7.43
10050.0	237.0	9.86	6.38
10050.0	240.0	10.14	5.01
10050.0	243.0	10.35	7.26
10060.0	237.0	10.67	6.24
10060.0	240.0	11.0	4.93
10060.0	243.0	11.62	6.99
10070.0	237.0	11.38	6.14
10070.0	240.0	11.86	4.87
10070.0	243.0	12.82	6.72
10080.0	237.0	12.02	6.03
10080.0	240.0	12.71	4.91
10090.0	237.0	12.77	5.98
10090.0	240.0	13.46	5.1
10100.0	237.0	13.94	6.24
10100.0	245.0	4.12	6.31
10100.0	246.0	3.96	5.35
10100.0	247.0	2.31	4.06
10100.0	248.0	2.11	4.96
10110.0	245.0	5.17	6.31
10110.0	246.0	5.1	5.5
10110.0	247.0	3.16	3.92
10110.0	248.0	3.13	4.87
10120.0	245.0	6.21	6.27
10120.0	246.0	6.11	5.51
10120.0	247.0	4.11	3.84
10120.0	248.0	4.03	4.79
10130.0	245.0	7.26	6.31
10130.0	246.0	7.14	5.57
10130.0	247.0	4.99	3.78
10130.0	248.0	5.03	4.68
10140.0	245.0	8.28	6.37
10140.0	246.0	8.09	5.58
10140.0	247.0	5.95	3.82
10140.0	248.0	5.98	4.65
10150.0	245.0	9.36	6.48
10150.0	246.0	9.19	5.58
10150.0	247.0	6.93	3.76
10150.0	248.0	7.07	4.8
10160.0	245.0	10.37	6.62
10160.0	246.0	10.17	5.63
10160.0	247.0	7.87	3.88
10160.0	248.0	7.89	4.77
10170.0	245.0	11.32	6.57
10170.0	246.0	11.09	5.64
10170.0	247.0	8.72	3.95
10170.0	248.0	8.73	4.88
10180.0	245.0	12.15	6.55
10180.0	246.0	12.02	5.67
10180.0	247.0	9.5	4.05
10180.0	248.0	9.45	5.01
10190.0	245.0	12.97	6.24
10190.0	246.0	12.79	5.51
10190.0	247.0	10.25	4.13
10190.0	248.0	10.17	5.38
10200.0	245.0	13.23	6.08
10200.0	246.0	13.63	5.39
10200.0	247.0	10.9	4.38
10200.0	248.0	11.01	5.67
10200.0	250.0	12.87	7.34
10200.0	251.0	2.92	6.64
10200.0	252.0	2.39	5.77
10200.0	253.0	2.61	5.05
10210.0	247.0	11.43	4.87
10210.0	248.0	11.79	5.84
10210.0	250.0	11.86	7.82
10210.0	251.0	3.98	6.63
10210.0	252.0	3.45	5.79
10210.0	253.0	3.74	4.99
10220.0	247.0	11.89	5.35
10220.0	248.0	12.36	6.04
10220.0	250.0	11.01	7.96
10220.0	251.0	5.02	6.58
10220.0	252.0	4.55	5.74
10220.0	253.0	4.87	4.95
10220.0	255.0	13.59	6.31
10220.0	256.0	12.51	7.19
10230.0	247.0	12.28	5.47
10230.0	248.0	12.76	5.95
10230.0	250.0	10.24	7.8
10230.0	251.0	6.31	6.62
10230.0	252.0	5.61	5.6
10230.0	253.0	6.02	5.04
10230.0	255.0	12.0	6.67
10230.0	256.0	11.51	7.53
