0.0	3.0	9.3867438893	7.06433007152
0.0	4.0	7.89244161096	6.53927851215
0.0	6.0	6.58755793128	6.41994861229
0.0	7.0	7.32418581497	5.91876303289
0.0	9.0	7.02953466149	5.17891765378
10.0	1.0	12.419546119	7.19678626036
10.0	3.0	9.80767410855	6.8256702718
10.0	4.0	7.36227999981	6.76910789927
10.0	6.0	5.99699283367	6.45073572645
10.0	7.0	7.93642881887	5.96935891043
10.0	9.0	7.45572650848	5.17891765378
20.0	1.0	12.0640705488	7.11444862946
20.0	3.0	10.2286043278	6.58701047209
20.0	4.0	6.83232885377	6.9989372864
20.0	6.0	5.40621727095	6.48152284062
20.0	7.0	8.54867182277	6.01995478797
20.0	9.0	7.88191835548	5.17891765378
30.0	1.0	11.7031228858	7.03640687495
30.0	3.0	10.653322919	6.35694242517
30.0	4.0	6.28322538276	7.22375481773
30.0	6.0	4.81565217334	6.51230995478
30.0	7.0	9.16091482667	6.07055066551
30.0	9.0	8.30811020247	5.17891765378
40.0	1.0	11.2937682476	6.9967893482
40.0	3.0	11.0818298822	6.13522747123
40.0	4.0	5.6892928434	7.43687801887
40.0	6.0	4.26402312101	6.47245376823
40.0	7.0	9.76705434239	6.15264963661
40.0	9.0	8.73430204946	5.17891765378
50.0	1.0	10.8846240745	6.95693316165
50.0	3.0	11.5101263803	5.9137511771
50.0	4.0	5.09557076914	7.65000122001
50.0	6.0	3.71681383599	6.42472180829
50.0	7.0	10.3702473466	6.2481135565
50.0	9.0	9.20658575546	5.17891765378
60.0	1.0	10.4752694363	6.91707697509
60.0	3.0	11.9786217143	5.73785890471
60.0	4.0	4.48985218364	7.83997442059
60.0	6.0	3.16960455096	6.37698984834
60.0	7.0	10.9736508159	6.34357747638
60.0	9.0	9.67886946146	5.17891765378
70.0	1.0	10.0602322401	6.88366460314
70.0	3.0	12.4643751874	5.5817753957
70.0	4.0	3.87255801711	8.00703628039
70.0	6.0	2.67101270626	6.30515324863
70.0	7.0	11.6195682373	6.42973366408
70.0	9.0	10.1511531675	5.17891765378
80.0	1.0	9.63930202085	6.85645738597
80.0	3.0	12.9427623815	5.42115735049
80.0	4.0	3.25526385058	8.17409814019
80.0	6.0	2.1776824893	6.23045273132
80.0	7.0	12.2840065884	6.51159397538
80.0	9.0	10.6234368735	5.17891765378
90.0	1.0	9.2183718016	6.829011509
90.0	3.0	13.3559053917	5.21781920114
90.0	4.0	2.65249177661	8.3275563914
90.0	6.0	1.68435227233	6.15599087381
90.0	7.0	12.9482344744	6.59369294648
90.0	9.0	11.0576263946	5.17891765378
100.0	1.0	8.79744158235	6.80180429183
100.0	3.0	13.7690484019	5.01448105178
100.0	4.0	2.06466272543	8.46741103403
100.0	6.0	1.2156464732	6.09417798568
100.0	7.0	13.6065693373	6.62686665864
100.0	9.0	11.4878170787	5.17891765378
110.0	1.0	8.34788810819	6.80180429183
110.0	3.0	14.2021855975	4.84288465579
110.0	4.0	1.47683367424	8.60750433647
110.0	6.0	0.757674394652	6.03809293275
110.0	7.0	14.2590111771	6.61087645206
110.0	9.0	11.9177972977	5.17891765378
120.0	1.0	7.89812416892	6.80180429183
120.0	3.0	14.6652088387	4.71878155993
120.0	4.0	1.04032903688	8.82205949641
120.0	6.0	0.299702316107	5.98200787982
120.0	7.0	14.911453017	6.59488624548
120.0	9.0	12.3479879817	5.17891765378
130.0	1.0	7.44857069476	6.80180429183
130.0	3.0	15.1282320799	4.59467846408
130.0	4.0	0.704847652136	9.08649455449
130.0	6.0	-0.158480227548	5.92568416709
130.0	7.0	15.5638948568	6.5791346987
130.0	9.0	12.763235643	5.19156662317
140.0	1.0	6.9990172206	6.80180429183
140.0	4.0	0.369155802283	9.35092961257
140.0	9.0	13.1437565612	5.23357074792
150.0	1.0	6.53746723519	6.79440583804
150.0	4.0	0.0334639524305	9.61536467066
150.0	9.0	13.5244879445	5.27581353247
160.0	1.0	6.06791957561	6.78223418826
160.0	9.0	13.9052193278	5.31781765722
170.0	1.0	5.59837191604	6.77006253847
170.0	9.0	14.2859507112	5.36006044176
180.0	1.0	5.12882425646	6.75765222889
180.0	9.0	14.6666820945	5.40206456651
180.0	12.0	0.332324408099	4.94670166866
190.0	1.0	4.64812194608	6.71135222774
190.0	9.0	15.0474134778	5.44430735106
190.0	12.0	0.912576715336	5.05529187753
200.0	1.0	4.16236847306	6.65001665922
200.0	9.0	15.427934396	5.48631147581
200.0	12.0	1.49303948768	5.1636434266
210.0	1.0	3.67661500005	6.58891975049
210.0	12.0	2.0749755158	5.2505155937
220.0	1.0	3.19107199214	6.52758418196
220.0	12.0	2.6632254972	5.2505155937
230.0	1.0	2.70531851913	6.4958424286
230.0	12.0	3.2514754786	5.2505155937
240.0	1.0	2.21956504611	6.47126046923
240.0	12.0	3.83972546001	5.2505155937
250.0	1.0	1.7338115731	6.44691716966
250.0	12.0	4.4342893947	5.25409549069
260.0	1.0	1.24826856519	6.42233521029
260.0	12.0	5.0442172824	5.26650580028
270.0	1.0	0.78692904489	6.37388727095
270.0	12.0	5.65393470498	5.27867745006
280.0	1.0	0.328536036125	6.32281407381
280.0	12.0	6.26386259267	5.29084909985
290.0	1.0	-0.130067437749	6.27174087667
290.0	12.0	6.86495094577	5.32068157481
300.0	12.0	7.45299046206	5.37676662774
310.0	12.0	8.04102997835	5.43309034048
320.0	12.0	8.62906949465	5.48917539341
320.0	15.0	0.151113948711	4.30375216823
330.0	12.0	9.20784854612	5.58607127209
330.0	15.0	0.514166262815	4.2500537133
330.0	17.0	-0.141222088559	5.55552281773
340.0	12.0	9.78662759759	5.68296715078
340.0	15.0	0.877218576919	4.19635525836
340.0	17.0	0.259293015059	5.57294498311
340.0	18.0	0.0774511603422	4.77438929327
350.0	12.0	10.3654066491	5.78010168926
350.0	15.0	1.24027089102	4.14265680343
350.0	17.0	0.659597653566	5.59036714849
350.0	18.0	0.431453474732	4.78512898425
360.0	12.0	10.9568136071	5.80420632903
360.0	15.0	1.6026918098	4.10017535908
360.0	17.0	1.06011275718	5.60802797367
360.0	18.0	0.785455789122	4.79586867524
370.0	12.0	11.5513775418	5.81017282402
370.0	15.0	1.96427086814	4.0846624721
370.0	17.0	1.46041739569	5.62545013905
370.0	18.0	1.13945810351	4.80684702603
380.0	12.0	12.1459414765	5.81613931902
380.0	15.0	2.32563946136	4.06914958511
380.0	17.0	1.85672319712	5.62712075764
380.0	18.0	1.49324995279	4.81758671702
390.0	12.0	12.7405054112	5.82210581401
390.0	15.0	2.68700805459	4.05363669813
390.0	17.0	2.25050341723	5.61829034505
390.0	18.0	1.90071040503	4.82092795421
400.0	12.0	13.3043414399	5.80969550442
400.0	15.0	3.04858711293	4.03812381115
400.0	17.0	2.64407317223	5.60945993246
400.0	18.0	2.33111155421	4.82092795421
410.0	12.0	13.8606007246	5.79251199885
410.0	15.0	3.42342547317	4.02619082117
410.0	17.0	3.03764292723	5.60062951988
410.0	18.0	2.76130223829	4.82092795421
420.0	12.0	14.4168600093	5.77556715307
420.0	15.0	3.80394639137	4.01616710958
420.0	17.0	3.43142314733	5.59179910729
420.0	18.0	3.19149292236	4.82092795421
430.0	12.0	14.9731192941	5.75862230729
430.0	15.0	4.18467777468	4.00590473819
430.0	17.0	3.82793941387	5.58559395249
430.0	18.0	3.61558011826	4.82498517081
440.0	15.0	4.56519869289	3.9958810266
440.0	17.0	4.23687312187	5.59012848869
440.0	18.0	4.01399057078	4.84527125378
450.0	15.0	4.9459300762	3.98561865521
450.0	17.0	4.64559636476	5.59466302488
450.0	18.0	4.41261148841	4.86555733676
450.0	19.0	15.4100448617	4.22618773333
460.0	15.0	5.29530215818	3.98561865521
460.0	17.0	5.05431960766	5.59943622088
460.0	18.0	4.81123240604	4.88584341973
460.0	19.0	14.7161413952	4.1617495874
470.0	15.0	5.64446377505	3.98561865521
470.0	17.0	5.46325331566	5.60397075707
470.0	18.0	5.20964285856	4.90612950271
470.0	19.0	14.0220274637	4.09731144148
480.0	15.0	5.99383585703	3.98561865521
480.0	17.0	5.87197655855	5.60850529327
480.0	18.0	5.63478238	4.95362280285
480.0	19.0	13.3281239973	4.03263463576
490.0	15.0	6.34299747389	3.98561865521
490.0	17.0	6.29732654511	5.68797900657
490.0	18.0	6.08644050526	5.02832332016
490.0	19.0	12.6342205308	3.96819648984
500.0	15.0	6.69889397427	4.00447277939
500.0	17.0	6.72267653166	5.76769137967
500.0	18.0	6.53809863052	5.10278517767
500.0	19.0	11.9775693888	3.90447432331
510.0	15.0	7.06952303232	4.06676298712
510.0	17.0	7.14802651821	5.84716509298
510.0	18.0	6.98954629066	5.17748569498
510.0	19.0	11.3251275489	3.84075215679
520.0	15.0	7.44036255548	4.12929185464
520.0	17.0	7.57316603966	5.92663880628
520.0	18.0	7.44120441592	5.25194755249
520.0	19.0	10.6726857091	3.77726865006
530.0	15.0	7.81120207864	4.19182072217
530.0	17.0	7.99599044489	5.9970434472
530.0	18.0	7.87497300686	5.29419033704
530.0	19.0	10.0556020077	3.69612431816
540.0	15.0	8.18877648531	4.2476671153
540.0	17.0	8.40850205976	6.03045581916
540.0	18.0	8.30074392363	5.32259085321
540.0	19.0	9.44251714335	3.61307070786
550.0	15.0	8.62738577377	4.24265525951
550.0	17.0	8.82101367463	6.06386819112
550.0	18.0	8.72672530551	5.35099136938
550.0	19.0	8.80796483783	3.62762895564
560.0	15.0	9.06578459712	4.23764340371
560.0	17.0	9.23352528949	6.09728056308
560.0	18.0	9.15270668739	5.37939188554
560.0	19.0	8.15910090485	3.70710266895
570.0	15.0	9.50418342047	4.23263154792
570.0	17.0	9.64603690436	6.13069293504
570.0	18.0	9.59636713849	5.4113722987
570.0	19.0	7.51234162297	3.79755473304
580.0	15.0	9.94279270893	4.22785835192
580.0	17.0	10.0659147981	6.17126510099
580.0	18.0	10.0574961937	5.44693260886
580.0	19.0	6.87421141059	3.93192020028
590.0	15.0	10.3801392067	4.22594907353
590.0	17.0	10.5152578071	6.23999912331
590.0	18.0	10.518835714	5.48249291902
590.0	19.0	6.23629166331	4.06604700772
600.0	15.0	10.8147496581	4.23096092932
600.0	17.0	10.9643903511	6.30897180543
600.0	18.0	10.9799647692	5.51805322917
600.0	19.0	5.59837191604	4.20041247496
610.0	15.0	11.2493601095	4.23621144491
610.0	17.0	11.4137333601	6.37770582774
610.0	18.0	11.4413042895	5.55361353933
610.0	19.0	4.94782426219	4.22929031072
610.0	21.0	15.2561948665	2.82310677081
620.0	15.0	11.6839705609	4.24146196051
620.0	17.0	11.862865904	6.44667850986
620.0	18.0	11.8912786938	5.5805820967
620.0	19.0	4.29727660833	4.25816814649
620.0	21.0	14.7424495339	2.78802378025
620.0	22.0	14.9034553428	3.83955885779
630.0	15.0	12.1185810122	4.2464738163
630.0	17.0	12.3122089131	6.51541253218
630.0	18.0	12.3385170518	5.60540271587
630.0	19.0	3.64672895448	4.28728464205
630.0	21.0	14.2287042013	2.75294078969
630.0	22.0	14.3610867553	3.73860576251
640.0	15.0	12.5201484414	4.34838155078
640.0	17.0	12.7529228526	6.53784655335
640.0	18.0	12.7857554098	5.63046199484
640.0	19.0	2.9976545564	4.27773825006
640.0	21.0	13.7149588687	2.71785779914
640.0	22.0	13.8187181678	3.63765266723
650.0	15.0	12.9074042431	4.49157743061
650.0	17.0	13.1936367922	6.56004191472
650.0	18.0	13.2329937677	5.65528261401
650.0	19.0	2.34921155364	4.25196299169
650.0	21.0	13.1862705134	2.69112790157
650.0	22.0	13.3032891143	3.52500524177
660.0	15.0	13.2912926031	4.63071609384
660.0	17.0	13.6341402667	6.5824759359
660.0	18.0	13.6802321257	5.68010323318
660.0	19.0	1.70076855088	4.22618773333
660.0	21.0	12.6352728564	2.67728563319
660.0	22.0	12.7908065724	3.4106871977
670.0	15.0	13.6610798007	4.75362589069
670.0	17.0	14.0748542062	6.60490995707
670.0	18.0	14.0695925785	5.72783519312
670.0	19.0	1.05232554813	4.20041247496
670.0	21.0	12.0844856645	2.663204705
670.0	22.0	12.2490693802	3.40806193991
680.0	15.0	14.0310774634	4.87653568754
680.0	17.0	14.5155681458	6.62734397824
680.0	18.0	14.4589530313	5.77556715307
680.0	19.0	0.452499985695	4.15268051501
680.0	21.0	11.5334880075	2.64912377682
680.0	22.0	11.6877589328	3.47965987982
680.0	24.0	15.2751367264	4.22690371272
690.0	15.0	14.400864661	4.9994454844
690.0	17.0	14.9562820853	6.64953933962
690.0	18.0	14.8483134841	5.82329911301
690.0	19.0	-0.147325576738	4.10494855507
690.0	21.0	10.9898566293	2.71547120114
690.0	22.0	11.1266589506	3.55125781974
690.0	24.0	14.729190232	4.29778567324
700.0	15.0	14.671522792	5.11925270385
700.0	18.0	15.2376739369	5.87103107295
700.0	21.0	10.446014786	2.78181862546
700.0	22.0	10.5920775721	3.64075524463
700.0	24.0	14.1830332726	4.36866763375
710.0	15.0	14.9310262722	5.23858260371
710.0	21.0	9.90238340788	2.84792738998
710.0	22.0	10.0755961931	3.74194699971
710.0	24.0	13.6370867782	4.43978825407
720.0	15.0	15.1907402174	5.35791250357
720.0	21.0	9.36759156432	2.90735368011
720.0	22.0	9.55890434897	3.84313875479
720.0	24.0	13.0909298187	4.51067021458
730.0	21.0	8.84626948778	2.95604027925
730.0	22.0	9.03274157491	3.93478411788
730.0	24.0	12.5887600671	4.57033516451
740.0	21.0	8.32494741124	3.00496553819
740.0	22.0	8.48447996433	4.00375679999
740.0	24.0	12.0863798505	4.63000011444
750.0	21.0	7.80341486959	3.05365213733
750.0	22.0	7.93621835376	4.07296814191
750.0	24.0	11.5842100989	4.68966506437
750.0	29.0	0.203730226118	5.05863311473
750.0	30.0	0.0420930219251	5.53690735335
760.0	21.0	7.28209279304	3.10257739627
760.0	22.0	7.38795674318	4.14194082403
760.0	24.0	11.0820403473	4.7493300143
760.0	29.0	0.812605788264	5.13548157023
760.0	30.0	0.618977887409	5.63404189184
770.0	21.0	6.76624280935	3.0791887359
770.0	22.0	6.85063931831	4.17654649499
770.0	24.0	10.5786078051	4.79992589184
770.0	29.0	1.42148135041	5.21209136594
770.0	30.0	1.19565228778	5.73141509012
780.0	21.0	6.25039282566	3.05580007553
780.0	22.0	6.32447654425	4.17654649499
780.0	24.0	10.0743334024	4.84431661458
780.0	29.0	2.02656854058	5.31185116222
780.0	30.0	1.77632552524	5.828072309
790.0	21.0	5.73454284197	3.03241141516
790.0	22.0	5.79831377018	4.17654649499
790.0	24.0	9.57026946489	4.88870733733
790.0	29.0	2.62786735878	5.43452229927
790.0	30.0	2.36562783219	5.92353622889
800.0	21.0	5.21869285827	3.00902275479
800.0	22.0	5.27215099612	4.17654649499
800.0	24.0	9.06620552734	4.93309806008
800.0	29.0	3.22916617698	5.55743209613
800.0	30.0	2.95493013914	6.01900014877
810.0	21.0	4.70284287458	2.98563409442
810.0	22.0	4.74598822206	4.17654649499
810.0	24.0	8.56487763621	4.96078259684
810.0	29.0	3.83046499518	5.68010323318
810.0	30.0	3.54423244609	6.11446406866
820.0	21.0	4.19667428593	2.99183924921
820.0	22.0	4.25307893531	4.16007896881
820.0	24.0	8.07070555881	4.94980424606
820.0	29.0	4.42797544141	5.71852746093
820.0	30.0	4.11901266048	6.16768520399
830.0	21.0	3.69155802283	3.0013856412
830.0	22.0	3.77427081091	4.13669030843
830.0	24.0	7.5763230163	4.93858723547
830.0	29.0	5.02527542253	5.75719034849
830.0	30.0	4.69042543311	6.21016664834
840.0	21.0	3.18644175973	3.01093203318
840.0	22.0	3.29567315163	4.11330164806
840.0	24.0	7.08194047379	4.92760888468
840.0	29.0	5.62278586876	5.79561457624
840.0	30.0	5.26162774064	6.25288675249
850.0	21.0	2.68132549663	3.02047842517
850.0	22.0	2.81686502723	4.08991298769
850.0	24.0	6.58755793128	4.9163918741
850.0	29.0	6.18935794387	5.75122385349
850.0	30.0	5.87555446542	6.21303056594
860.0	21.0	2.17620923353	3.03002481716
860.0	22.0	2.33826736794	4.06652432732
860.0	24.0	6.11022306265	4.92211970929
860.0	29.0	6.75214164701	5.69752539856
860.0	30.0	6.48927072508	6.17341303919
870.0	21.0	1.66309529626	3.01594388898
870.0	22.0	1.82325924469	4.05029546094
870.0	24.0	5.63267772891	4.92808620428
870.0	29.0	7.31513581525	5.64382694362
870.0	30.0	7.07920442736	6.14429654362
880.0	21.0	1.14913949856	2.999237703
880.0	22.0	1.28425809893	4.03860113075
880.0	24.0	5.15534286028	4.93381403948
880.0	29.0	7.8781299835	5.59012848869
880.0	30.0	7.65335324642	6.12281716165
890.0	21.0	0.635394165959	2.98277017682
890.0	22.0	0.745256953184	4.02690680057
890.0	24.0	4.67800799165	4.93978053447
890.0	29.0	8.46785322067	5.55074962174
890.0	30.0	8.22729160037	6.10109911987
900.0	21.0	0.121438368254	2.96606399084
900.0	22.0	0.206255807433	4.01521247038
900.0	24.0	4.20046265791	4.93190476108
900.0	29.0	9.06052296938	5.51304137338
900.0	30.0	8.80796483783	6.06911870671
910.0	22.0	-0.332534873208	4.00375679999
910.0	24.0	3.72270685906	4.92283568869
910.0	29.0	9.65319271808	5.47533312503
910.0	30.0	9.4042124934	6.01351097338
920.0	24.0	3.24516152532	4.9135279565
920.0	29.0	10.2235531652	5.44860322746
920.0	30.0	10.0006706141	5.95766458025
930.0	24.0	2.76761619158	4.90445888411
930.0	29.0	10.5933403628	5.52091714677
930.0	30.0	10.5626124568	5.92067231129
940.0	24.0	2.29007085784	4.89538981172
940.0	29.0	10.9633380255	5.59323106608
940.0	30.0	11.0443670927	5.92687746608
950.0	24.0	1.8169452914	4.89610579112
950.0	29.0	11.3331252231	5.6655449854
950.0	30.0	11.5263321938	5.93332128068
960.0	24.0	1.34550344584	4.90135630672
960.0	29.0	11.6195682373	5.78797746265
960.0	30.0	12.0080868297	5.93952643547
970.0	24.0	0.874272065384	4.90660682231
970.0	29.0	11.8849647406	5.92282024949
970.0	30.0	12.3675612369	5.95265272445
980.0	24.0	0.403040684933	4.9116186781
980.0	29.0	12.0985868268	6.01780684977
980.0	30.0	12.6043344853	5.97246148783
990.0	24.0	-0.0681906955187	4.9168691937
990.0	29.0	12.2604344961	6.07293726351
990.0	30.0	12.8175356413	5.99036097281
1000.0	29.0	12.4222821654	6.12806767724
1000.0	30.0	12.818798432	5.99059963261
1010.0	29.0	12.4397507695	6.13403417224
1010.0	30.0	12.8202716877	5.99083829241
1020.0	29.0	12.4412240253	6.13451149183
1020.0	30.0	12.8215344784	5.99107695221
1030.0	29.0	12.4429077462	6.13522747123
1030.0	30.0	12.8230077342	5.99131561201
1040.0	29.0	12.4443810019	6.13570479083
1040.0	30.0	12.8244809899	5.99179293161
1050.0	29.0	12.4458542577	6.13642077023
1050.0	30.0	12.8257437806	5.99203159141
1060.0	29.0	12.4473275135	6.13689808983
1060.0	30.0	12.8272170363	5.99227025121
1070.0	29.0	12.4488007692	6.13737540943
1070.0	30.0	12.828479827	5.99250891101
1080.0	29.0	12.450274025	6.13809138883
1080.0	30.0	12.8299530828	5.9927475708
1090.0	29.0	12.4517472808	6.13856870843
1090.0	30.0	12.8312158734	5.9929862306
1100.0	29.0	12.4532205365	6.13904602803
1100.0	30.0	12.8326891292	5.9932248904
1110.0	29.0	12.4546937923	6.13976200743
1110.0	30.0	12.834162385	5.9934635502
1120.0	29.0	12.4561670481	6.14023932703
1120.0	30.0	12.8354251756	5.99370221
1130.0	29.0	12.4576403038	6.14071664663
1130.0	30.0	12.8368984314	5.9939408698
1140.0	29.0	12.4591135596	6.14143262603
1140.0	30.0	12.838161222	5.9944181894
1150.0	29.0	12.4605868154	6.14190994563
1150.0	30.0	12.8396344778	5.9946568492
1160.0	29.0	12.4622705363	6.14238726523
1160.0	30.0	12.8408972685	5.994895509
1170.0	29.0	12.463743792	6.14310324462
1170.0	30.0	12.8423705242	5.9951341688
1180.0	29.0	12.4652170478	6.14358056422
1180.0	30.0	12.84384378	5.9953728286
1190.0	29.0	12.4666903036	6.14429654362
1190.0	30.0	12.8451065707	5.9956114884
1190.0	31.0	-0.0858697647272	9.72944405492
1200.0	29.0	12.4681635593	6.14477386322
1200.0	30.0	12.8465798264	5.9958501482
1200.0	31.0	0.343689524018	9.29174198224
1210.0	29.0	12.4696368151	6.14525118282
1210.0	30.0	12.8478426171	5.996088808
1210.0	31.0	0.773459277874	8.85427856937
1220.0	29.0	12.4711100709	6.14596716222
1220.0	30.0	12.8493158729	5.9963274678
1220.0	31.0	1.23269414708	8.50321000399
1230.0	29.0	12.4725833266	6.14644448182
1230.0	30.0	12.8505786635	5.9965661276
1230.0	31.0	1.73633715441	8.28149505006
1240.0	29.0	12.4740565824	6.14692180142
1240.0	30.0	12.8520519193	5.9968047874
1240.0	31.0	2.23998016174	8.05978009612
1250.0	29.0	12.4755298382	6.14763778082
1250.0	30.0	12.8535251751	5.997282107
1250.0	31.0	2.81581270168	7.85763524577
1260.0	29.0	12.4770030939	6.14811510042
1260.0	30.0	12.8547879657	5.9975207668
1260.0	31.0	3.44005221683	7.66837802459
1270.0	29.0	12.4784763497	6.14859242002
1270.0	30.0	12.8562612215	5.9977594266
1270.0	31.0	4.06408126687	7.47912080342
1280.0	29.0	12.4799496055	6.14930839942
1280.0	30.0	12.8575240121	5.9979980864
1280.0	31.0	4.66117078288	7.27100945807
1280.0	32.0	-0.0841860438502	4.44599340886
1290.0	29.0	12.4814228612	6.14978571902
1290.0	30.0	12.8589972679	5.9982367462
1290.0	31.0	5.24647425275	7.05454501973
1290.0	32.0	0.547209285026	4.53119495736
1300.0	29.0	12.4831065821	6.15050169842
1300.0	30.0	12.8602600586	5.998475406
1300.0	31.0	5.83177772261	6.83831924119
1300.0	32.0	1.1786046139	4.61639650586
1310.0	29.0	12.4845798379	6.15097901801
1310.0	30.0	12.8617333143	5.9987140658
1310.0	31.0	6.43118235483	6.63474243203
1310.0	32.0	1.80999994278	4.70159805435
1320.0	29.0	12.4860530936	6.15145633761
1320.0	30.0	12.8632065701	5.9989527256
1320.0	31.0	7.04447768428	6.44381459226
1320.0	32.0	2.46938713124	4.7493300143
1330.0	29.0	12.4875263494	6.15217231701
1330.0	30.0	12.8644693608	5.9991913854
1330.0	31.0	7.65798347883	6.25288675249
1330.0	32.0	3.1289847848	4.79706197424
1340.0	29.0	12.4889996052	6.15264963661
1340.0	30.0	12.8659426165	5.9994300452
1340.0	31.0	8.27127880828	6.06195891272
1340.0	32.0	3.78837197326	4.84479393418
1350.0	29.0	12.4904728609	6.15312695621
1350.0	30.0	12.8672054072	5.9999073648
1350.0	31.0	8.92477297367	5.88606664033
1350.0	32.0	4.43386846448	4.85266970757
1360.0	29.0	12.4919461167	6.15384293561
1360.0	30.0	12.8686786629	6.0001460246
1360.0	31.0	9.57847760417	5.71017436794
1360.0	32.0	5.07915449059	4.86078414076
1370.0	29.0	12.4934193725	6.15432025521
1370.0	30.0	12.8699414536	6.0003846844
1370.0	31.0	10.2319717696	5.53428209556
1370.0	32.0	5.72465098181	4.86865991415
1380.0	29.0	12.4948926282	6.15479757481
1380.0	30.0	12.8714147094	6.0006233442
1380.0	31.0	10.8871496558	5.38177848354
1380.0	32.0	6.39203584444	4.88918465693
1390.0	29.0	12.496365884	6.15551355421
1390.0	30.0	12.8728879651	6.00086200399
1390.0	31.0	11.5484310303	5.32211353361
1390.0	32.0	7.05963117217	4.90947073991
1400.0	29.0	12.4978391398	6.15599087381
1400.0	30.0	12.8741507558	6.00110066379
1400.0	31.0	12.2099228698	5.26244858368
1400.0	32.0	7.72701603479	4.92999548268
1410.0	29.0	12.4993123956	6.15646819341
1410.0	30.0	12.8756240116	6.00133932359
1410.0	31.0	12.8659426165	5.27796147066
1410.0	32.0	8.39692647873	4.95362280285
1420.0	29.0	12.5007856513	6.15718417281
1420.0	30.0	12.8768868022	6.00157798339
1420.0	31.0	13.5135437588	5.40659910271
1420.0	32.0	9.06936250398	4.98011404062
1430.0	29.0	12.5024693722	6.15766149241
1430.0	30.0	12.878360058	6.00181664319
1430.0	31.0	14.1611449012	5.53499807495
1430.0	32.0	9.74158806413	5.00660527839
1440.0	29.0	12.503942628	6.15837747181
1440.0	30.0	12.8796228486	6.00205530299
1440.0	31.0	14.8087460435	5.663635707
1440.0	32.0	10.4140240894	5.03309651616
1450.0	29.0	12.5054158837	6.15885479141
1450.0	30.0	12.8810961044	6.00229396279
1450.0	31.0	15.4561367207	5.79203467925
1450.0	32.0	11.0746740685	5.09300012589
1460.0	29.0	12.5068891395	6.159332111
1460.0	30.0	12.8825693602	6.00277128239
1460.0	32.0	11.734061257	5.15672229241
1470.0	29.0	12.5083623953	6.1600480904
1470.0	30.0	12.8838321508	6.00300994219
1470.0	32.0	12.3936589105	5.22020579913
1480.0	29.0	12.509835651	6.16052541
1480.0	30.0	12.8853054066	6.00324860199
1480.0	32.0	13.0025344727	5.31734033762
1490.0	29.0	12.5113089068	6.1610027296
1490.0	30.0	12.8865681973	6.00348726179
1490.0	32.0	13.605937942	5.41805477309
1500.0	29.0	12.5127821626	6.161718709
1500.0	30.0	12.888041453	6.00372592159
1500.0	32.0	14.2091309461	5.51876920857
1510.0	29.0	12.5142554183	6.1621960286
1510.0	30.0	12.8893042437	6.00396458139
1510.0	32.0	14.8125344154	5.61972230385
1520.0	29.0	12.5157286741	6.1626733482
1520.0	30.0	12.8907774995	6.00420324119
1520.0	32.0	15.4159378847	5.72043673933
1530.0	29.0	12.5172019299	6.1633893276
1530.0	30.0	12.8922507552	6.00444190099
1530.0	33.0	0.0833441834117	8.76143990728
1540.0	29.0	12.5186751856	6.1638666472
1540.0	30.0	12.8935135459	6.00468056079
1540.0	33.0	0.496487193607	8.54927134534
1550.0	29.0	12.5201484414	6.1643439668
1550.0	30.0	12.8949868016	6.00491922059
1550.0	33.0	0.909630203802	8.33710278339
1560.0	29.0	12.5218321623	6.1650599462
1560.0	30.0	12.8962495923	6.00539654019
1560.0	33.0	1.33119181838	8.18006463518
1570.0	29.0	12.523305418	6.1655372658
1570.0	30.0	12.8977228481	6.00563519999
1570.0	33.0	1.76517087443	8.10560277767
1580.0	29.0	12.5247786738	6.1662532452
1580.0	30.0	12.8989856387	6.00587385979
1580.0	33.0	2.19936039559	8.03090226036
1590.0	29.0	12.5262519296	6.1667305648
1590.0	30.0	12.9004588945	6.00611251959
1590.0	33.0	2.62660456813	7.96813473303
1600.0	29.0	12.5277251853	6.1672078844
1600.0	30.0	12.9019321503	6.00635117939
1600.0	33.0	3.02648827642	7.95214452645
1610.0	29.0	12.5291984411	6.16792386379
1610.0	30.0	12.9031949409	6.00658983919
1610.0	33.0	3.4263719847	7.93615431987
1620.0	29.0	12.5306716969	6.16840118339
1620.0	30.0	12.9046681967	6.00682849899
1620.0	33.0	3.82899173942	7.90703782431
1630.0	29.0	12.5321449527	6.16887850299
1630.0	30.0	12.9059309873	6.00706715879
1630.0	33.0	4.24276614494	7.82470019341
1640.0	29.0	12.5336182084	6.16959448239
1640.0	30.0	12.9074042431	6.00730581859
1640.0	33.0	4.65633008536	7.7423625625
1640.0	37.0	0.139538367682	5.51566663118
1650.0	29.0	12.5350914642	6.17007180199
1650.0	30.0	12.9086670338	6.00754447839
1650.0	33.0	5.09704402491	7.67171926179
1650.0	36.0	0.190681389321	6.60037542088
1650.0	37.0	0.41608952173	5.76816869927
1660.0	29.0	12.53656472	6.17054912159
1660.0	30.0	12.9101402895	6.00778313819
1660.0	33.0	5.60089749735	7.62852183804
1660.0	36.0	0.487858124112	6.81803315821
1660.0	37.0	0.692640675778	6.02043210757
1670.0	29.0	12.5380379757	6.17126510099
1670.0	30.0	12.9116135453	6.00826045779
1670.0	33.0	6.1047509698	7.58508575449
1670.0	36.0	0.784824393794	7.03545223575
1670.0	37.0	0.969402294935	6.27269551587
1680.0	29.0	12.5395112315	6.17174242059
1680.0	30.0	12.912876336	6.00849911759
1680.0	33.0	6.60860444224	7.54164967095
1680.0	36.0	1.08389531457	7.25048471529
1680.0	37.0	1.13524880132	6.48939861401
1680.0	38.0	0.158269762438	5.75623570929
1680.0	39.0	0.136381391037	4.95600940085
1690.0	29.0	12.5411949524	6.17221974019
1690.0	30.0	12.9143495917	6.00873777739
1690.0	33.0	7.11372070534	7.39845379112
1690.0	36.0	1.39959297901	7.44141255507
1690.0	37.0	1.25353019293	6.69058882517
1690.0	38.0	0.634341840411	5.77890839026
1690.0	39.0	0.608244166818	4.9147212555
1700.0	29.0	12.5426682081	6.17293571959
1700.0	30.0	12.9156123824	6.00897643719
1700.0	33.0	7.61883696844	7.25525791129
1700.0	36.0	1.71529064345	7.63234039484
1700.0	37.0	1.37202204965	6.89201769612
1700.0	38.0	1.11041391838	5.80181973103
1700.0	39.0	1.07989647749	4.87367176995
1710.0	29.0	12.5441414639	6.17341303919
1710.0	30.0	12.9170856382	6.00921509698
1710.0	33.0	8.12395323155	7.11206203146
1710.0	36.0	2.03098830789	7.82326823461
1710.0	37.0	1.51177088244	7.02065532817
1710.0	38.0	1.58648599636	5.82449241201
1710.0	39.0	1.55260111371	4.83667950099
1720.0	29.0	12.5456147197	6.17412901859
1720.0	30.0	12.9183484288	6.00945375678
1720.0	33.0	8.59560554222	6.94738676966
1720.0	36.0	2.33553132151	8.01109349698
1720.0	37.0	1.67319762152	7.0762630615
1720.0	38.0	2.06255807433	5.84716509298
1720.0	39.0	2.02762086613	4.80923362403
1730.0	29.0	12.5470879754	6.17460633819
1730.0	30.0	12.9198216846	6.00969241658
1730.0	33.0	9.067468318	6.78295016766
1730.0	36.0	2.5407348034	8.17004092359
1730.0	37.0	1.83462436061	7.13187079484
1730.0	38.0	2.52663364105	5.90229550671
1730.0	39.0	2.50264061856	4.78202640686
1740.0	29.0	12.5485612312	6.17508365779
1740.0	30.0	12.9212949403	6.00993107638
1740.0	33.0	9.53575318691	6.60634191587
1740.0	36.0	2.74572782017	8.32922701
1740.0	37.0	1.96911156566	7.23330120972
1740.0	38.0	2.99070920778	5.95742592045
1740.0	39.0	2.97787083609	4.75481918969
1750.0	29.0	12.550034487	6.17579963718
1750.0	30.0	12.922557731	6.01016973618
1750.0	33.0	9.97373108004	6.32257541401
1750.0	36.0	2.95093130206	8.48841309641
1750.0	37.0	2.07708016689	7.38007698654
1750.0	38.0	3.4547847745	6.01231767438
1750.0	39.0	3.44110454238	4.8268944492
1760.0	29.0	12.5515077427	6.17627695678
1760.0	30.0	12.9240309868	6.01040839598
1760.0	33.0	10.4117089732	6.03880891215
1760.0	36.0	3.13782431941	8.62373320285
1760.0	37.0	2.18504876813	7.52685276336
1760.0	38.0	3.91759755057	6.06458417052
1760.0	39.0	3.90139173713	4.92379032789
1770.0	29.0	12.5529809985	6.17675427638
1770.0	30.0	12.9252937774	6.01088571558
1770.0	33.0	10.8496868663	5.75504241029
1770.0	36.0	3.25189640882	8.6647826884
1770.0	37.0	2.29301736937	7.67386719999
1770.0	38.0	4.36715102473	6.09179138769
1770.0	39.0	4.36188939699	5.02068620657
1780.0	29.0	12.5544542543	6.17747025578
1780.0	30.0	12.9267670332	6.01112437538
1780.0	33.0	11.2950310383	5.47962900142
1780.0	36.0	3.36617896335	8.70559351415
1780.0	37.0	2.37993945965	7.80417545063
1780.0	38.0	4.81670449889	6.11899860485
1780.0	39.0	4.81607310356	5.10397847667
1790.0	29.0	12.55592751	6.17794757538
1790.0	30.0	12.9280298239	6.01136303518
1790.0	33.0	11.7508984657	5.21710322174
1790.0	36.0	3.48046151788	8.7466429997
1790.0	37.0	2.45276038758	7.92350535049
1790.0	38.0	5.26646843816	6.14596716222
1790.0	39.0	5.26604750794	5.17820167438
1800.0	29.0	12.5574007658	6.17842489498
1800.0	30.0	12.9295030796	6.01160169498
1800.0	33.0	12.2069763583	4.95457744205
1800.0	36.0	3.51981849338	8.7416311439
1800.0	37.0	2.52558131551	8.04283525034
1800.0	38.0	5.71602191232	6.17317437939
1800.0	39.0	5.71602191232	5.25218621229
1810.0	29.0	12.5588740216	6.17914087438
1810.0	30.0	12.9309763354	6.01184035478
1810.0	33.0	12.6272751822	4.661503208
1810.0	36.0	3.52718477221	8.71681052473
1810.0	37.0	2.59840224344	8.1621651502
1810.0	38.0	6.15989282852	6.17723159598
1810.0	39.0	6.15484166589	5.2431171399
1820.0	29.0	12.5603472773	6.17961819398
1820.0	30.0	12.9322391261	6.01207901458
1820.0	33.0	12.9939054032	4.32284495221
1820.0	36.0	3.53434058594	8.69222856536
1820.0	37.0	2.67122317137	8.28149505006
1820.0	38.0	6.60144862851	6.17150376079
1820.0	39.0	6.58882072194	5.19824909756
1830.0	29.0	12.5620309982	6.18033417338
1830.0	30.0	12.9337123818	6.01231767438
1830.0	33.0	13.3605356241	3.98418669642
1830.0	36.0	3.54170686478	8.66740794619
1830.0	37.0	2.73057433228	8.35476360857
1830.0	38.0	7.0427939634	6.1655372658
1830.0	39.0	7.02301024309	5.15361971501
1840.0	29.0	12.563504254	6.18081149298
1840.0	30.0	12.9349751725	6.01255633418
1840.0	33.0	13.694333288	3.69516967896
1840.0	36.0	3.54886267851	8.64282598682
1840.0	37.0	2.76951037756	8.35929814476
1840.0	38.0	7.48434976339	6.1598094306
1840.0	39.0	7.47824627521	5.12068466265
1850.0	29.0	12.5498240219	6.16052541
1850.0	30.0	12.9364484282	6.01279499398
1850.0	33.0	13.951521652	3.52285730357
1850.0	36.0	3.55622895734	8.61800536765
1850.0	37.0	2.80844642284	8.36359402116
1850.0	38.0	7.92548463317	6.11995324405
1850.0	39.0	7.95494974852	5.09968260028
1860.0	29.0	12.400393794	5.95265272445
1860.0	30.0	12.9377112189	6.01303365378
1860.0	33.0	14.172299552	3.28753874105
1860.0	36.0	3.56338477107	8.59342340828
1860.0	37.0	2.84759293323	8.36812855735
1860.0	38.0	8.36640903783	6.05742437653
1860.0	39.0	8.43165322182	5.0784418781
1870.0	29.0	12.2511740313	5.7447800389
1870.0	30.0	12.9391844747	6.01327231358
1870.0	33.0	14.3564565229	2.98921399141
1870.0	36.0	3.57075104991	8.56860278911
1870.0	37.0	2.88652897851	8.37242443375
1870.0	38.0	8.80754390761	5.994895509
1870.0	39.0	8.90435785804	5.05362125893
1880.0	29.0	12.1017438035	5.53690735335
1880.0	30.0	12.9406577304	6.01374963318
1880.0	33.0	14.6008065152	2.59900521888
1880.0	36.0	3.57790686363	8.54402082974
1880.0	37.0	2.92546502379	8.37695896994
1880.0	38.0	9.24846831227	5.93236664148
1880.0	39.0	9.3429671465	4.993956309
1890.0	29.0	12.0813286878	4.88250218254
1890.0	30.0	12.9419205211	6.01398829298
1890.0	33.0	14.8521018561	2.19877273476
1890.0	36.0	3.69703011568	8.53041722116
1890.0	37.0	3.01217664896	8.34879711358
1890.0	38.0	9.70412527461	5.88463468153
1890.0	39.0	9.78136596985	4.93429135908
1890.0	42.0	-0.1683720877	5.45337642345
1900.0	29.0	12.0609135722	4.22809701172
1900.0	30.0	12.9433937769	6.01422695278
1900.0	33.0	15.1031867318	1.79830159084
1900.0	36.0	3.81615336773	8.51705227237
1900.0	37.0	3.09888827413	8.32087391701
1900.0	38.0	10.1818810735	5.85885942317
1900.0	39.0	10.2197647932	4.87462640915
1900.0	42.0	0.41040696377	5.42354394849
1910.0	29.0	12.0407089217	3.57369184091
1910.0	30.0	12.8326891292	6.10730427467
1910.0	36.0	3.93527661978	8.50344866379
1910.0	37.0	3.18538943418	8.29271206064
1910.0	38.0	10.6598473374	5.8330841648
1910.0	39.0	10.6495345471	4.82092795421
1910.0	42.0	0.98918601524	5.39371147352
1920.0	29.0	12.058598456	2.68301346838
1920.0	30.0	12.6942030871	6.22377025693
1920.0	36.0	4.05439987183	8.49008371501
1920.0	37.0	3.27210105935	8.26455020428
1920.0	38.0	11.1376031363	5.80707024663
1920.0	39.0	11.0704647663	4.77319599427
1920.0	42.0	1.57448948511	5.34216095679
1930.0	29.0	12.0806972925	1.76608251788
1930.0	30.0	12.5555065798	6.34023623919
1930.0	36.0	4.17352312387	8.47648010642
1930.0	37.0	3.35881268451	8.23662700771
1930.0	38.0	11.5717926574	5.81232076222
1930.0	39.0	11.4913949856	4.72546403433
1930.0	42.0	2.18546969835	5.20349961315
1930.0	48.0	1.55407436947	0.273981450071
1940.0	29.0	12.102796129	0.84915156738
1940.0	30.0	12.4170205377	6.45670222145
1940.0	36.0	4.36925567583	8.40559814591
1940.0	37.0	3.57327663122	8.19175896536
1940.0	38.0	11.9872507838	5.8306975668
1940.0	39.0	11.9123252048	4.67773207438
1940.0	42.0	2.79644991159	5.06507692932
1940.0	48.0	1.5372371607	0.808579401429
1950.0	29.0	12.1251054306	-0.0677793831186
1950.0	30.0	12.1996100794	6.53020943976
1950.0	36.0	4.59782078488	8.31013422602
1950.0	37.0	3.80205220539	8.14498164462
1950.0	38.0	12.4029193753	5.84907437138
1950.0	39.0	12.2806391466	4.76388826208
1950.0	42.0	3.40427314819	4.93118878168
1950.0	47.0	0.0616662771203	5.66769292359
1950.0	48.0	1.52039995193	1.34317735279
1960.0	30.0	11.9487356688	6.58510119369
1960.0	36.0	4.82617542882	8.21467030614
1960.0	37.0	4.03082777955	8.09844298368
1960.0	38.0	12.8183775017	5.86745117596
1960.0	39.0	12.6489530885	4.85004444978
1960.0	42.0	3.98305219966	4.84169135679
1960.0	47.0	0.498170914484	5.79155735965
1960.0	48.0	1.44884181466	1.76226396108
1970.0	30.0	11.6989135836	6.63999294763
1970.0	36.0	5.06652658402	8.11443319026
1970.0	37.0	4.25960335371	8.05166566293
1970.0	38.0	13.1972146991	5.96386973504
1970.0	39.0	13.0172670303	4.93620063747
1970.0	42.0	4.56183125113	4.75219393189
1970.0	47.0	0.934675551847	5.9151831359
1970.0	48.0	1.35371158511	2.13170933104
1970.0	50.0	-0.186893017347	5.18655476737
1980.0	30.0	11.4600356842	6.69154346437
1980.0	36.0	5.35339052843	7.9951032904
1980.0	37.0	4.48964171853	8.00226308439
1980.0	38.0	13.5670018967	6.0800970575
1980.0	39.0	13.3750577167	5.05553053733
1980.0	42.0	5.1406103026	4.662696507
1980.0	47.0	1.36297204993	6.01231767438
1980.0	48.0	1.25879182067	2.5013933608
1980.0	50.0	0.385572080834	5.1674619834
1980.0	52.0	15.1250751032	4.98703517481
1990.0	30.0	11.2211577848	6.7430939811
1990.0	36.0	5.64046493796	7.87577339054
1990.0	37.0	4.72241612978	7.94641669126
1990.0	38.0	13.9367890943	6.19608572016
1990.0	39.0	13.7170635198	5.22474033533
1990.0	42.0	5.72086260984	4.56914186551
1990.0	47.0	1.75864645603	6.00277128239
1990.0	48.0	1.10957205795	2.9183320309
1990.0	50.0	0.958037179015	5.14836919942
1990.0	52.0	14.5669216325	4.9972975462
2000.0	30.0	10.9822798854	6.79464449784
2000.0	36.0	5.92753934749	7.75644349069
2000.0	37.0	4.95540100613	7.89057029813
2000.0	38.0	14.3097332685	6.29083366065
2000.0	39.0	14.059069323	5.39371147352
2000.0	42.0	6.30111491708	4.47534856423
2000.0	47.0	2.15432086213	5.9932248904
2000.0	48.0	0.924362761475	3.36701245436
2000.0	50.0	1.53134413764	5.11877538425
2000.0	52.0	14.0087681618	5.00779857739
2010.0	30.0	10.7486636137	6.87220893275
2010.0	36.0	6.21440329191	7.63711359083
2010.0	37.0	5.18817541738	7.83472390499
2010.0	38.0	14.7115111628	6.19322180256
2010.0	39.0	14.425699544	5.27820013046
2010.0	42.0	6.88157768943	4.38131660314
2010.0	47.0	2.53357898967	5.9968047874
2010.0	48.0	0.738942999895	3.80352122803
2010.0	50.0	2.1122278402	4.9946722884
2010.0	52.0	13.4520879468	5.07486198111
2020.0	30.0	10.5228345511	6.98867491501
2020.0	36.0	6.52799630526	7.57339142431
2020.0	37.0	5.42094982862	7.77887751186
2020.0	38.0	15.1132890571	6.09560994448
2020.0	39.0	14.7923297649	5.1626887874
2020.0	42.0	7.48897999581	4.26580526008
2020.0	47.0	2.90610223371	6.00587385979
2020.0	48.0	0.552681377877	4.13096247324
2020.0	50.0	2.69311154277	4.87056919255
2020.0	52.0	12.8964600574	5.17987229298
2020.0	53.0	14.8142181363	6.96982079083
2030.0	30.0	10.2967950233	7.10514089727
2030.0	36.0	6.84790327189	7.52375018597
2030.0	37.0	5.68339982033	7.75357957309
2030.0	39.0	15.1589599859	5.04717744434
2030.0	42.0	8.1142718365	4.13621298883
2030.0	47.0	3.27231152446	6.03045581916
2030.0	48.0	0.366209290748	4.45816505865
2030.0	50.0	3.26536617584	4.76579754048
2030.0	52.0	12.3456728655	5.28058672846
2030.0	53.0	14.2617472236	7.01970068897
2040.0	30.0	10.0709659607	7.22160687953
2040.0	36.0	7.16802070363	7.47410894763
2040.0	37.0	5.96542306723	7.7488063771
2040.0	42.0	8.73977414231	4.00685937739
2040.0	47.0	3.5837998867	6.19274448296
2040.0	48.0	0.17973720362	4.78536764405
2040.0	50.0	3.83214871606	4.67415217739
2040.0	52.0	11.8390833467	5.34239961659
2040.0	53.0	13.7054879388	7.05860223632
2050.0	30.0	9.8306148055	7.36599605836
2050.0	36.0	7.48813813537	7.42422904949
2050.0	37.0	6.24744631412	7.7440331811
2050.0	42.0	9.37222179673	3.88514287954
2050.0	47.0	3.89528824895	6.35503314677
2050.0	48.0	0.0387255801711	5.13500425063
2050.0	50.0	4.39872079117	4.5822681545
2050.0	52.0	11.3322833627	5.40421250471
2050.0	53.0	13.1161856319	7.00132388439
2060.0	30.0	9.55637876766	7.5755393625
2060.0	36.0	7.80825556711	7.37458781115
2060.0	37.0	6.52946956102	7.73925998511
2060.0	42.0	10.0688613096	3.83574030099
2060.0	47.0	4.24950102845	6.53713057395
2060.0	48.0	-0.0719790674919	5.499199105
2060.0	50.0	5.00759635332	4.53954805035
2060.0	52.0	10.8475822152	5.45910425865
2060.0	53.0	12.5268833249	6.94404553246
2070.0	30.0	9.28214272981	7.78532132645
2070.0	36.0	8.16604625347	7.26313368468
2070.0	37.0	6.81149280792	7.73448678911
2070.0	42.0	10.7657112876	3.78657638225
2070.0	47.0	4.63212659775	6.73235429012
2070.0	50.0	5.61647191547	4.497066606
2070.0	52.0	10.3955031597	5.50325632159
2070.0	53.0	11.9365286924	6.94309089326
2080.0	30.0	9.00790669197	7.9951032904
2080.0	36.0	8.52383693983	7.15191821801
2080.0	37.0	7.13266256521	7.71109812874
2080.0	42.0	11.463403126	3.7517320515
2080.0	47.0	5.03011612005	6.9144517173
2080.0	50.0	6.22008584987	4.45744907925
2080.0	52.0	9.94321363915	5.54740838454
2080.0	53.0	11.3457531297	6.97984450242
2090.0	30.0	8.71072995718	8.10751205607
2090.0	36.0	8.8816276262	7.04046409155
2090.0	37.0	7.47992999609	7.67529915878
2090.0	42.0	12.1648833364	3.77559803147
2090.0	47.0	5.4510463393	7.0767403811
2090.0	50.0	6.80286373843	4.43000320228
2090.0	52.0	9.5376473729	5.65814653161
2090.0	53.0	10.7547671019	7.01659811158
2100.0	30.0	8.41355322239	8.21968216193
2100.0	36.0	9.2775124974	6.97220738883
2100.0	37.0	7.82719742697	7.63950018883
2100.0	42.0	12.8663635467	3.79946401144
2100.0	47.0	5.87197655855	7.23902904491
2100.0	50.0	7.38564162698	4.40231866551
2100.0	52.0	9.15165436185	5.79752385464
2100.0	53.0	10.2601740942	7.23139193132
2110.0	30.0	8.11658695271	8.3320909276
2110.0	36.0	9.67339736861	6.90418934591
2110.0	37.0	8.17446485786	7.60370121887
2110.0	42.0	13.5554263157	3.827387208
2110.0	47.0	6.33605212528	7.28461306665
2110.0	50.0	7.99346486358	4.33883515879
2110.0	52.0	8.77786832715	5.97150684863
2110.0	53.0	9.76558108662	7.44618575106
2120.0	30.0	7.82677649675	8.35595690757
2120.0	36.0	10.0692822398	6.83593264319
2120.0	37.0	8.54782996233	7.53830843375
2120.0	42.0	14.1946088536	3.87153927095
2120.0	47.0	6.80475792441	7.31707079941
2120.0	50.0	8.61791484384	4.2512470123
2120.0	52.0	8.43207415204	6.22735015392
2120.0	53.0	9.34465086737	7.65310379741
2130.0	30.0	7.54201720343	8.32087391701
2130.0	36.0	10.465167111	6.76767594047
2130.0	37.0	8.93866367091	7.45310688525
2130.0	42.0	14.8337913915	3.9156913339
2130.0	47.0	7.23263349228	7.29344347924
2130.0	50.0	9.24215435899	4.1638975256
2130.0	52.0	8.0944881162	6.35312386837
2130.0	53.0	8.90456832315	7.80536874963
2140.0	30.0	7.25725791011	8.28579092645
2140.0	36.0	10.8764159352	6.65598315421
2140.0	37.0	9.32970784459	7.36766667695
2140.0	42.0	15.4731843946	3.96008205665
2140.0	47.0	7.64304045605	7.2457115193
2140.0	50.0	9.86239503705	4.11926814305
2140.0	52.0	7.67439975739	6.43307490128
2140.0	53.0	8.44533345394	7.90298060771
2150.0	30.0	6.96471140773	8.26311824548
2150.0	36.0	11.2916635965	6.53355067696
2150.0	37.0	9.72054155316	7.28246512846
2150.0	47.0	8.09280439532	7.1588393522
2150.0	50.0	10.4796892036	4.10327793647
2150.0	52.0	7.12908465835	6.46553263404
2150.0	53.0	7.98715091029	7.94140483547
2160.0	30.0	6.64101606912	8.29056412245
2160.0	36.0	11.7069112578	6.4108795399
2160.0	37.0	10.13684154	7.17936409498
2160.0	47.0	8.55961600847	7.05502233933
2160.0	50.0	11.0971938352	4.08752638969
2160.0	52.0	6.5749300247	6.46481665464
2160.0	53.0	7.53107301773	7.84188369898
2170.0	30.0	6.31711026541	8.31824865921
2170.0	36.0	12.1227903144	6.29107232045
2170.0	37.0	10.5912357117	7.04905584434
2170.0	47.0	9.03358343535	6.98032182202
2170.0	50.0	11.7155403273	4.07678669871
2170.0	52.0	5.98562771775	6.3311671668
2170.0	53.0	7.07520559028	7.7426012223
2180.0	30.0	5.99825562433	8.34712649498
2180.0	36.0	12.5437205337	6.19560840056
2180.0	37.0	11.0456298834	6.91898625349
2180.0	47.0	9.51849504792	6.94905738826
2180.0	50.0	12.3345182147	4.06986556451
2180.0	52.0	5.3963254108	6.19751767896
2180.0	53.0	6.52694397971	7.65811565321
2190.0	30.0	5.68255795989	8.37695896994
2190.0	36.0	12.9646507529	6.10014448068
2190.0	37.0	11.500024055	6.78867800285
2190.0	47.0	10.0071950325	6.92877130528
2190.0	50.0	12.9534961021	4.06294443032
2190.0	52.0	4.80491845275	6.12639705864
2190.0	53.0	5.96836957876	7.5755393625
2200.0	30.0	5.36686029545	8.40679144491
2200.0	36.0	13.3855809722	6.00468056079
2200.0	37.0	11.9544182267	6.65860841201
2200.0	47.0	10.5291485043	7.00514244119
2200.0	50.0	13.5815239892	4.07201350271
2200.0	52.0	4.21245916915	6.0822449957
2200.0	53.0	5.39001145751	7.52017028897
2210.0	30.0	5.11493355923	8.46168319884
2210.0	36.0	13.8065111914	5.90921664091
2210.0	37.0	12.4227030956	6.5810439771
2210.0	47.0	11.0511019762	7.0815135771
2210.0	50.0	14.245330945	4.14528206122
2210.0	52.0	3.61999988556	6.03809293275
2210.0	53.0	4.76598240747	7.52852338196
2220.0	30.0	4.95876844789	8.55404454133
2220.0	36.0	14.2230216434	5.87103107295
2220.0	37.0	12.8909879646	6.50347954219
2220.0	47.0	11.5583228904	7.2421316223
2220.0	50.0	14.9089274357	4.21878927953
2220.0	52.0	2.98860455668	5.88248674334
2220.0	53.0	4.14174289232	7.53663781515
2230.0	30.0	4.80260333654	8.64640588382
2230.0	36.0	14.6363751187	5.87103107295
2230.0	37.0	13.3592728335	6.42591510728
2230.0	47.0	12.0558624096	7.45931204004
2230.0	52.0	2.35720922781	5.72688055392
2230.0	53.0	3.51750337717	7.55119606293
2240.0	30.0	4.69779171195	8.71418526694
2240.0	36.0	15.049728594	5.87103107295
2240.0	37.0	13.8275577024	6.34835067238
2240.0	47.0	12.5296193713	7.6609795708
2240.0	52.0	1.74496622391	5.56387591072
2240.0	53.0	2.89326386202	7.5750620429
2250.0	30.0	4.71231380452	8.72468629812
2250.0	37.0	14.2002914115	6.35527180657
2250.0	47.0	12.9682286598	7.83997442059
2250.0	52.0	1.14114182439	5.39776869012
2250.0	53.0	2.26881388176	7.59892802288
2260.0	30.0	4.72704636219	8.73494866951
2260.0	37.0	14.5732355858	6.36195428096
2260.0	47.0	13.4066274831	8.01896927037
2260.0	52.0	0.537317424874	5.2474130163
2260.0	53.0	1.67530227262	7.61324761086
2270.0	30.0	4.74177891986	8.7452110409
2270.0	37.0	14.9459692949	6.36887541515
2270.0	47.0	13.9142693276	8.04713112674
2270.0	52.0	-0.0658755793128	5.11996868325
2270.0	53.0	1.12809298759	7.61324761086
2280.0	30.0	4.75630101243	8.75571207209
2280.0	37.0	15.3189134692	6.37555788955
2280.0	47.0	14.421911172	8.0750543233
2280.0	53.0	0.580883702566	7.61324761086
2290.0	30.0	4.7710335701	8.76597444348
2290.0	47.0	14.9293425513	8.10321617967
2290.0	53.0	0.0336744175401	7.61324761086
2300.0	30.0	4.78555566267	8.77647547466
2310.0	30.0	4.80028822034	8.78673784605
2320.0	30.0	4.8148103129	8.79723887724
2330.0	30.0	4.82954287058	8.80750124863
2340.0	30.0	4.84427542825	8.81800227981
2350.0	30.0	4.85879752081	8.8282646512
2360.0	30.0	4.84680100957	8.828503311
2370.0	30.0	4.82828007992	8.826116713
2380.0	30.0	4.80975915027	8.82396877481
2390.0	30.0	4.79123822063	8.82158217681
2400.0	30.0	4.77250682587	8.81919557881
2410.0	30.0	4.75398589622	8.81680898081
2420.0	30.0	4.73546496657	8.81442238282
2430.0	30.0	4.71694403693	8.81227444462
2440.0	30.0	4.69842310728	8.80988784662
2450.0	30.0	4.67969171252	8.80750124863
2460.0	30.0	4.58350915742	8.77933939226
2470.0	30.0	4.43576265047	8.73423269011
2480.0	30.0	4.2878056784	8.68912598797
2490.0	30.0	4.13984870633	8.64401928582
2500.0	30.0	4.03566847707	8.5798197997
2510.0	30.0	3.93632894533	8.51347237538
2520.0	30.0	3.83698941358	8.44712495106
2530.0	30.0	3.76753592741	8.40273422831
2540.0	30.0	3.76837778785	8.4094167027
2550.0	30.0	3.76900918317	8.4160991771
2560.0	30.0	3.7696405785	8.42278165149
2570.0	30.0	3.77048243894	8.42922546608
2580.0	30.0	3.77111383427	8.43590794047
2590.0	30.0	3.77195569471	8.44259041486
2600.0	30.0	3.77258709004	8.44927288926
2610.0	30.0	3.77342895048	8.45595536365
2620.0	30.0	3.7740603458	8.46239917824
2630.0	30.0	3.77490220624	8.46908165263
2640.0	30.0	3.77553360157	8.47576412702
2650.0	30.0	3.77637546201	8.48244660142
2660.0	30.0	3.77700685734	8.48889041601
2670.0	30.0	3.77784871778	8.4955728904
2680.0	30.0	3.77848011311	8.50225536479
2690.0	30.0	3.77932197355	8.50893783918
2700.0	30.0	3.77995336887	8.51562031358
2710.0	30.0	3.78079522931	8.52206412817
2720.0	30.0	3.78142662464	8.52874660256
2730.0	30.0	3.78205801997	8.53542907695
2740.0	30.0	3.78289988041	8.54211155134
2750.0	30.0	3.78353127574	8.54855536594
2760.0	30.0	3.78437313618	8.55523784033
2770.0	30.0	3.78500453151	8.56192031472
2780.0	30.0	3.78584639194	8.56860278911
2790.0	30.0	3.78647778727	8.5752852635
2790.0	57.0	0.57877905147	9.29388992044
2800.0	30.0	3.78731964771	8.5817290781
2800.0	57.0	0.684011606283	8.92921774648
2810.0	30.0	3.78795104304	8.58841155249
2810.0	57.0	0.789244161096	8.56454557252
2820.0	30.0	3.80857662378	8.59175278968
2820.0	57.0	0.894476715908	8.19987339855
2830.0	30.0	3.84898592483	8.59175278968
2830.0	57.0	1.20596507815	7.94570071186
2840.0	30.0	3.88918476077	8.59175278968
2840.0	57.0	1.60584878644	7.73902132531
2850.0	30.0	3.92959406182	8.59175278968
2850.0	57.0	2.00573249473	7.53210327896
2860.0	30.0	3.97000336287	8.59175278968
2860.0	57.0	2.41634992361	7.43401410127
2870.0	30.0	4.01041266391	8.59175278968
2870.0	57.0	2.8315975849	7.38222492474
2880.0	30.0	4.05082196496	8.59175278968
2880.0	57.0	3.24684524619	7.330674408
2890.0	30.0	4.09207312645	8.58674093389
2890.0	57.0	3.66209290748	7.27912389126
2900.0	30.0	4.13711265991	8.56096567552
2900.0	57.0	3.80773476335	7.2423702821
2910.0	30.0	4.18215219337	8.53542907695
2910.0	57.0	3.95358708432	7.20561667295
2920.0	30.0	4.22740219194	8.50989247838
2920.0	57.0	4.04492894189	7.18342131158
2930.0	30.0	4.2724417254	8.48435587981
2930.0	57.0	4.05482080205	7.18246667238
2940.0	30.0	4.31748125886	8.45881928124
2940.0	57.0	4.0647126622	7.18151203318
2950.0	30.0	4.36273125743	8.43328268267
2950.0	57.0	4.07460452235	7.18079605378
2960.0	30.0	4.40777079089	8.40774608411
2960.0	57.0	4.0844963825	7.17984141458
2970.0	30.0	4.45281032435	8.38197082574
2970.0	57.0	4.09438824266	7.17888677538
2980.0	30.0	4.76387775637	8.2478440183
2980.0	57.0	4.10428010281	7.17817079598
2980.0	61.0	15.028682083	5.4159068349
2980.0	62.0	14.7565506963	4.51067021458
2990.0	30.0	5.14145216304	8.08627133389
2990.0	57.0	4.11438242807	7.17721615678
2990.0	61.0	14.4128611723	5.39824600972
2990.0	62.0	14.1312588556	4.51067021458
3000.0	30.0	5.51923703482	7.92493730928
3000.0	57.0	4.12427428822	7.17650017738
3000.0	61.0	13.7972507266	5.38034652474
3000.0	62.0	13.5057565498	4.51067021458
3010.0	30.0	5.92017306866	7.70871153074
3010.0	57.0	4.13416614837	7.17554553818
3010.0	61.0	13.1751158626	5.35648054477
3010.0	62.0	12.8804647091	4.51067021458
3020.0	30.0	6.35604631069	7.4103867811
3020.0	57.0	4.14405800853	7.17459089899
3020.0	61.0	12.5437205337	5.32354549241
3020.0	62.0	12.3256786801	4.50518103919
3030.0	30.0	6.79191955273	7.11206203146
3030.0	57.0	4.15394986868	7.17387491959
3030.0	61.0	11.9123252048	5.29037178025
3030.0	62.0	11.770682186	4.4999305236
3040.0	30.0	7.10719628694	6.7450032595
3040.0	57.0	4.16384172883	7.17292028039
3040.0	61.0	11.2809298759	5.25719806809
3040.0	62.0	11.2158961571	4.4944413482
3050.0	30.0	7.34207534929	6.3318831462
3050.0	57.0	4.17373358898	7.17196564119
3050.0	61.0	10.6754217555	5.22116043833
3050.0	62.0	10.6611101281	4.48895217281
3060.0	30.0	7.57674394652	5.91876303289
3060.0	57.0	4.18362544914	7.17124966179
3060.0	61.0	10.0764380535	5.18440682918
3060.0	62.0	10.134947354	4.47367794563
3070.0	30.0	7.54012301744	5.38965425693
3070.0	57.0	4.19351730929	7.17029502259
3070.0	61.0	9.47240318892	5.15815425121
3070.0	62.0	9.62772643982	4.45219856365
3080.0	30.0	7.50350208837	4.86030682116
3080.0	57.0	4.20340916944	7.16957904319
3080.0	61.0	8.84795320866	5.17414445779
3080.0	62.0	9.08598924764	4.43907227467
3090.0	30.0	7.39427069647	4.42308206809
3090.0	57.0	4.2135114947	7.16862440399
3090.0	61.0	8.2235032284	5.19013466437
3090.0	62.0	8.49163577806	4.43907227467
3100.0	30.0	7.25410093346	4.02547484177
3100.0	57.0	4.22340335486	7.16766976479
3100.0	61.0	7.61189161983	5.21758054134
3100.0	62.0	7.91559277302	4.44456145006
3110.0	30.0	7.11372070534	3.62762895564
3110.0	57.0	4.23329521501	7.16695378539
3110.0	61.0	7.05058117246	5.29084909985
3110.0	62.0	7.34733697703	4.45267588325
3120.0	30.0	7.12571721659	3.57297586151
3120.0	57.0	4.24318707516	7.1659991462
3120.0	61.0	6.48927072508	5.36435631816
3120.0	62.0	6.77908118104	4.46055165664
3130.0	30.0	7.13771372784	3.51856142718
3130.0	57.0	4.25307893531	7.165044507
3130.0	61.0	5.92817074282	5.43786353647
3130.0	62.0	6.23145096579	4.56317537052
3140.0	30.0	7.14971023909	3.46390833304
3140.0	57.0	4.26297079547	7.1643285276
3140.0	61.0	5.37296378363	5.4953805482
3140.0	62.0	5.69266028515	4.70637125035
3150.0	30.0	7.15960209924	3.44839544606
3150.0	57.0	4.27286265562	7.1633738884
3150.0	61.0	4.83164752167	5.51566663118
3150.0	62.0	5.15218588363	4.84002073819
3160.0	30.0	7.1673893083	3.47154544663
3160.0	57.0	4.28275451577	7.162657909
3160.0	61.0	4.29054172483	5.53619137395
3160.0	62.0	4.60497659861	4.93548465807
3170.0	30.0	7.17496605224	3.494934107
3170.0	57.0	4.29264637592	7.1617032698
3170.0	61.0	3.74922546287	5.55671611673
3170.0	62.0	4.04492894189	4.9982521854
3180.0	30.0	7.1827532613	3.51808410758
3180.0	57.0	4.30253823607	7.1607486306
3180.0	61.0	3.19717548032	5.52020116737
3180.0	62.0	3.43352779843	4.92999548268
3190.0	30.0	7.19054047036	3.54147276795
3190.0	57.0	4.31264056134	7.1600326512
3190.0	61.0	2.64238945135	5.46960528983
3190.0	62.0	2.82444177117	4.86293207896
3190.0	67.0	1.20870112458	0.514789187982
3200.0	30.0	7.1981172143	3.56486142832
3200.0	57.0	4.30548474761	7.16146461
3200.0	61.0	2.08739295727	5.41900941229
3200.0	62.0	2.23513946422	4.80565372703
3200.0	67.0	1.09841740714	1.27635260887
3210.0	30.0	7.20590442336	3.58801142889
3210.0	57.0	4.2943300968	7.1633738884
3210.0	61.0	1.5437615791	5.4147135359
3210.0	62.0	1.64583715727	4.7483753751
3210.0	67.0	1.03401508359	2.02646035937
3220.0	30.0	7.21348116731	3.61140008926
3220.0	57.0	4.28317544599	7.1652831668
3220.0	61.0	1.01149531686	5.45695632045
3220.0	62.0	1.07989647749	4.74193156051
3220.0	67.0	1.15292787053	2.73217738712
3230.0	30.0	7.19264512145	3.65555215221
3230.0	57.0	4.27202079518	7.16719244519
3230.0	61.0	0.479018589508	5.4989604452
3230.0	62.0	0.529319750708	4.76961609727
3230.0	67.0	1.27184065747	3.43765575507
3240.0	30.0	7.10488117074	3.7483908143
3240.0	57.0	4.26065567926	7.16910172359
3240.0	61.0	-0.0532476727353	5.54120322975
3240.0	62.0	-0.0210465109626	4.79706197424
3240.0	67.0	1.52902902143	3.78633772245
3250.0	30.0	7.01732768513	3.84099081659
3250.0	57.0	4.24950102845	7.17124966179
3250.0	67.0	1.84409529054	4.06270577052
3260.0	30.0	6.92956373442	3.93382947868
3260.0	57.0	4.23834637764	7.17315894019
3260.0	67.0	2.32963829844	4.20948154735
3260.0	69.0	0.0	4.22427845493
3270.0	30.0	6.92219745558	3.97511762403
3270.0	57.0	4.22698126172	7.17506821859
3270.0	67.0	2.92651734934	4.26938515707
3270.0	69.0	0.508694169965	4.28394340486
3280.0	30.0	6.94934745473	3.9944490678
3280.0	57.0	4.21582661091	7.17697749698
3280.0	67.0	3.53581384171	4.31974237481
3280.0	69.0	1.01717787482	4.34360835478
3290.0	30.0	6.97649745387	4.01378051158
3290.0	57.0	4.2046719601	7.17888677538
3290.0	67.0	4.09712428908	4.29706969384
3290.0	69.0	1.5153487893	4.40088670672
3300.0	30.0	7.00364745301	4.03287329556
3300.0	57.0	4.19351730929	7.18103471358
3300.0	67.0	4.65822427134	4.27439701287
3300.0	69.0	2.00636389006	4.45649444005
3310.0	30.0	7.03079745215	4.05220473933
3310.0	57.0	4.18215219337	7.18294399198
3310.0	67.0	5.19238471957	4.15960164921
3310.0	69.0	2.49758945593	4.51234083318
3320.0	30.0	7.05794745129	4.07153618311
3320.0	57.0	4.17099754256	7.18485327037
3320.0	67.0	5.72359865627	4.03454391416
3320.0	69.0	3.00965106765	4.5791655771
3330.0	30.0	7.23389628294	4.12093876165
3330.0	57.0	4.15984289175	7.18676254877
3330.0	67.0	6.14263468953	3.94576246866
3330.0	69.0	3.53581384171	4.65386609441
3340.0	30.0	7.55822301687	4.20041247496
3340.0	57.0	4.14847777583	7.18867182717
3340.0	67.0	6.53346839811	3.86628875536
3340.0	69.0	4.06197661577	4.72832795192
3350.0	30.0	7.8825497508	4.27344237367
3350.0	57.0	4.13732312502	7.19081976537
3350.0	67.0	6.9531358267	3.88633617853
3350.0	69.0	4.580773111	4.81520011902
3360.0	30.0	8.20477183364	4.28847794105
3360.0	57.0	4.12616847421	7.19272904376
3360.0	67.0	7.38501023165	3.94910370586
3360.0	69.0	5.08820449031	4.92068775049
3370.0	30.0	8.52720438159	4.30327484863
3370.0	57.0	4.1150138234	7.19463832216
3370.0	67.0	7.75206138284	4.1617495874
3370.0	69.0	5.59584633472	5.02593672217
3370.0	71.0	0.164373250618	9.20940435134
3380.0	30.0	8.84942646442	4.31831041602
3380.0	57.0	4.10364870748	7.19654760056
3380.0	67.0	8.10290672058	4.4118650575
3380.0	69.0	6.10348817914	5.13118569384
3380.0	71.0	0.431453474732	8.96167547924
3390.0	30.0	9.01085320351	4.27081711587
3390.0	57.0	4.09249405667	7.19845687896
3390.0	67.0	8.3941904323	4.4956346472
3390.0	69.0	6.63554397627	5.19753311816
3390.0	71.0	0.698533698847	8.71394660714
3400.0	30.0	9.15417994316	4.21664134134
3400.0	57.0	4.08133940586	7.20036615735
3400.0	67.0	8.66000786576	4.50804495679
3400.0	69.0	7.16759977341	5.26388054248
3400.0	71.0	0.996973224296	8.41681515649
3400.0	72.0	0.189418598663	4.70708722975
3410.0	30.0	9.1987985464	4.20136711416
3410.0	57.0	4.07018475505	7.20251409555
3410.0	67.0	8.71493925937	4.5016011422
3410.0	69.0	7.69944510543	5.329989307
3410.0	71.0	1.30888251676	8.09844298368
3410.0	72.0	0.82081392754	4.85386300657
3420.0	30.0	9.20111366261	4.20256041315
3420.0	57.0	4.05881963913	7.20442337395
3420.0	67.0	8.71725437558	4.49014547181
3420.0	69.0	8.23276369322	5.38893827753
3420.0	71.0	1.62058134412	7.78030947066
3420.0	72.0	1.45220925642	5.0008774432
3430.0	30.0	9.20321831371	4.20375371215
3430.0	57.0	4.04766498832	7.20633265235
3430.0	67.0	8.71956949179	4.47892846122
3430.0	69.0	8.767976467	5.43667023747
3430.0	71.0	2.0006813321	7.59558678568
3430.0	72.0	2.09328598034	5.12020734305
3440.0	30.0	9.2053229648	4.20494701115
3440.0	57.0	4.12511614866	7.21396976594
3440.0	67.0	8.72167414288	4.46747279084
3440.0	69.0	9.30318924078	5.48440219742
3440.0	71.0	2.38099178519	7.4108641007
3440.0	72.0	2.74088712265	5.22116043833
3450.0	30.0	9.20763808101	4.20614031015
3450.0	57.0	4.33558125829	7.22972131272
3450.0	67.0	8.72398925909	4.45601712045
3450.0	69.0	9.83840201455	5.53213415736
3450.0	71.0	2.76109177318	7.22590275592
3450.0	72.0	3.38848826497	5.32211353361
3460.0	30.0	9.2097427321	4.20757226895
3460.0	57.0	4.54604636791	7.2457115193
3460.0	67.0	8.72609391018	4.44480010986
3460.0	69.0	10.4154973451	5.49275529041
3460.0	71.0	3.20075338719	7.00991563718
3460.0	72.0	4.04619173255	5.4116109585
3470.0	30.0	9.2118473832	4.20876556795
3470.0	57.0	4.80281380165	7.23186925092
3470.0	67.0	8.72840902639	4.43334443948
3470.0	69.0	10.9974333733	5.44359137166
3470.0	71.0	3.64693941959	6.79034862145
3470.0	72.0	4.70389520013	5.5011083834
3480.0	30.0	9.21416249941	4.20995886695
3480.0	57.0	5.12924518668	7.17339759999
3480.0	67.0	8.7307241426	4.42212742889
3480.0	69.0	11.5793694014	5.39442745292
3480.0	71.0	4.09922894018	6.62471872045
3480.0	72.0	5.36159866771	5.59060580829
3490.0	30.0	9.2162671505	4.21115216594
3490.0	57.0	5.45567657171	7.11492594906
3490.0	67.0	8.73282879369	4.4106717585
3490.0	69.0	12.1497298485	5.35337796737
3490.0	71.0	4.56098939069	6.53999449155
3490.0	72.0	6.02077539106	5.65933983061
3500.0	30.0	9.21858226671	4.21234546494
3500.0	57.0	5.78210795674	7.05645429813
3500.0	67.0	8.7351439099	4.39921608812
3500.0	69.0	12.7085147145	5.32044291501
3500.0	71.0	5.02274984121	6.45527026265
3500.0	72.0	6.68016257951	5.72306199713
3510.0	30.0	9.2206869178	4.21353876394
3510.0	57.0	6.10853934177	6.9979826472
3510.0	67.0	8.73724856099	4.38799907753
3510.0	69.0	13.2672995806	5.28750786265
3510.0	71.0	5.50176843072	6.36243160056
3510.0	72.0	7.33954976797	5.78678416365
3520.0	30.0	9.2227915689	4.21497072274
3520.0	57.0	6.51410560802	6.95502388325
3520.0	67.0	8.7395636772	4.37654340715
3520.0	69.0	13.8696507243	5.29084909985
3520.0	71.0	6.02182771661	6.2500228349
3520.0	72.0	7.94379509771	5.92138829069
3530.0	30.0	9.22510668511	4.21616402174
3530.0	57.0	6.99859629038	6.92733934648
3530.0	67.0	8.7416683283	4.36508773676
3530.0	69.0	14.5010460532	5.31853363661
3530.0	71.0	6.54167653738	6.13785272903
3530.0	72.0	8.53436019532	6.07389190271
3540.0	30.0	9.2272113362	4.21735732074
3540.0	57.0	7.48329743785	6.89941614992
3540.0	67.0	8.7439834445	4.35387072617
3540.0	69.0	15.1324413821	5.34597951358
3540.0	71.0	7.06173582327	6.02544396337
3540.0	72.0	9.12492529292	6.22639551472
3550.0	30.0	9.2293159873	4.21855061973
3550.0	57.0	7.9677881202	6.87173161315
3550.0	67.0	8.74629856071	4.34241505579
3550.0	71.0	7.60073696902	5.92210427009
3550.0	72.0	9.70307294907	6.39751459112
3560.0	30.0	9.2316311035	4.21974391873
3560.0	57.0	8.44638577949	6.8333073854
3560.0	67.0	8.7484032118	4.3311980452
3560.0	71.0	8.14205323097	5.81995787581
3560.0	72.0	10.2321822347	6.64285686522
3570.0	30.0	9.2337357546	4.22117587753
3570.0	57.0	8.90077995117	6.75192439369
3570.0	67.0	8.75071832801	4.31974237481
3570.0	71.0	8.68315902782	5.71757282174
3570.0	72.0	10.7612915203	6.88843779913
3580.0	30.0	9.2358404057	4.22236917653
3580.0	57.0	9.35517412285	6.67054140199
3580.0	67.0	8.75282297911	4.30828670443
3580.0	71.0	9.22405435956	5.62115426265
3580.0	72.0	11.290611271	7.13378007323
3590.0	30.0	9.2381555219	4.22356247553
3590.0	57.0	9.80956829454	6.58915841029
3590.0	67.0	8.75513809531	4.29706969384
3590.0	71.0	9.76410783086	5.53380477596
3590.0	72.0	11.6987031185	7.50298678339
3600.0	30.0	9.33370668167	4.23573412531
3600.0	57.0	10.2639624662	6.50777541859
3600.0	67.0	8.87847064955	4.167000103
3600.0	71.0	10.3043717673	5.44621662946
3600.0	72.0	12.054810084	7.92541462888
3610.0	30.0	9.56942760445	4.26437330128
3610.0	57.0	10.7463484975	6.44262129326
3610.0	67.0	9.01527297081	4.02380422317
3610.0	71.0	10.845267099	5.35600322517
3610.0	72.0	12.3938693756	8.35022907237
3620.0	30.0	9.80514852723	4.29301247725
3620.0	57.0	11.2358903425	6.38176304434
3620.0	67.0	9.52501946632	3.92762432388
3620.0	71.0	11.3874252214	5.26197126408
3620.0	72.0	12.5780263466	8.79771619684
3630.0	30.0	10.2414426995	4.35721196337
3630.0	57.0	11.7254321875	6.32066613561
3630.0	67.0	10.0762275884	3.83669494019
3630.0	71.0	11.9295833438	5.16817796279
3630.0	72.0	12.7621833175	9.2452033213
3640.0	30.0	10.6998357083	4.42546866609
3640.0	57.0	12.2147635673	6.25956922688
3640.0	67.0	10.6653194303	3.84838927038
3640.0	71.0	12.4727937917	5.0770099193
3640.0	72.0	12.9463402884	9.69269044576
3650.0	30.0	11.1647531354	4.4961119668
3650.0	57.0	12.7322972719	6.19011922517
3650.0	67.0	11.263882202	3.88562019913
3650.0	71.0	13.0271588905	5.01352641258
3650.0	72.0	13.0976647022	10.1377909722
3660.0	30.0	11.6875484677	4.58847330929
3660.0	57.0	13.2778228361	6.11207747066
3660.0	67.0	11.8624449738	3.92285112789
3660.0	71.0	13.5813135241	4.94980424606
3660.0	72.0	13.2456216743	10.5828914987
3670.0	30.0	12.2103438	4.68083465178
3670.0	57.0	13.8233484002	6.03427437595
3670.0	67.0	12.419546119	3.99230112961
3670.0	71.0	14.1337844369	4.89133259513
3670.0	72.0	13.3935786463	11.0279920252
3680.0	30.0	12.7331391323	4.77319599427
3680.0	57.0	14.3686634992	5.95623262145
3680.0	67.0	12.949497265	4.0827531937
3680.0	71.0	14.6704704664	4.87939960514
3680.0	72.0	13.5350112	11.4671260566
3690.0	30.0	13.2593019064	4.80994960342
3690.0	57.0	14.9141890634	5.87842952674
3690.0	67.0	13.479237946	4.17320525779
3690.0	71.0	15.207156496	4.86746661516
3690.0	72.0	13.6503460801	11.8828714277
3700.0	30.0	13.7854646805	4.84670321258
3700.0	67.0	14.0256053706	4.25602020829
3700.0	72.0	13.7656809602	12.2986167988
3710.0	30.0	14.3055239664	4.89133259513
3710.0	67.0	14.5789181438	4.33573258139
3710.0	72.0	13.8812263054	12.7143621699
3720.0	30.0	14.8167437176	4.94813362746
3720.0	67.0	15.1324413821	4.4152062947
3730.0	30.0	15.3279634689	5.00493465979
4120.0	76.0	14.8430518563	4.80589238683
4130.0	76.0	14.2249158294	4.76866145807
4140.0	76.0	13.6065693373	4.73143052932
4150.0	76.0	12.991590287	4.70159805435
4160.0	76.0	12.3892391432	4.70159805435
4170.0	76.0	11.7866775344	4.70159805435
4180.0	76.0	11.181169414	4.70565527095
4190.0	76.0	10.5676636194	4.71925887953
4190.0	78.0	14.942180923	5.78702282345
4190.0	79.0	15.1806378922	4.93524599827
4200.0	76.0	9.95436828996	4.73286248812
4200.0	78.0	14.4480088456	5.7454960183
4200.0	79.0	14.6243786074	4.96078259684
4210.0	76.0	9.34107296051	4.7467047565
4210.0	78.0	13.9538367682	5.70396921315
4210.0	79.0	14.0681193227	4.98631919541
4220.0	76.0	8.7002067017	4.80064187124
4220.0	78.0	13.4211495757	5.73380168812
4220.0	79.0	13.511860038	5.01185579398
4230.0	76.0	8.05281602449	4.86508001716
4230.0	78.0	12.8884623832	5.76363416308
4230.0	79.0	12.9791728455	5.0789191977
4240.0	76.0	7.41826371897	4.9178238329
4240.0	78.0	12.3555647257	5.79346663804
4240.0	79.0	12.446485653	5.14598260142
4250.0	76.0	6.83632769086	4.92474496709
4250.0	78.0	11.8664438109	5.89776097052
4250.0	79.0	11.9135879955	5.21328466494
4260.0	76.0	6.25460212785	4.93190476108
4260.0	78.0	11.3880566167	6.02067076737
4260.0	79.0	11.3937391747	5.27294961487
4270.0	76.0	5.67266609974	4.93882589527
4270.0	78.0	10.9096694225	6.14358056422
4270.0	79.0	10.8772577957	5.3307052864
4280.0	76.0	5.07852309526	4.9144825957
4280.0	78.0	10.4397008328	6.27150221687
4280.0	79.0	10.3605659515	5.38869961773
4290.0	76.0	4.48122311415	4.88226352274
4290.0	78.0	9.97772991713	6.40395840571
4290.0	79.0	9.87270782742	5.46817333103
4290.0	81.0	14.9253437142	5.64000838683
4300.0	76.0	3.88392313303	4.85004444978
4300.0	78.0	9.51596946661	6.53665325435
4300.0	79.0	9.41347295822	5.56936508611
4300.0	81.0	14.4454832643	5.7450186987
4300.0	82.0	15.232201844	5.0013547628
4310.0	76.0	3.29020105878	4.82021197481
4310.0	78.0	9.05399855098	6.66910944319
4310.0	79.0	8.95423808902	5.67079550099
4310.0	81.0	13.9656228143	5.85002901058
4310.0	82.0	14.7333995342	5.05433723833
4320.0	76.0	2.72910107651	4.81305218082
4320.0	78.0	8.61328461142	6.77793831186
4320.0	79.0	8.48911019675	5.77222591587
4320.0	81.0	13.4992321314	5.96005117824
4320.0	82.0	14.2343867593	5.10731971387
4330.0	76.0	2.16779062914	4.80565372703
4330.0	78.0	8.17488578807	6.88390326293
4330.0	79.0	7.99998928198	5.87556560915
4330.0	81.0	13.0362088902	6.07150530471
4330.0	82.0	13.7347425891	5.1657913648
4340.0	76.0	1.60648018177	4.79849393304
4340.0	78.0	7.73627649962	6.99010687381
4340.0	79.0	7.5106579021	5.97866664262
4340.0	81.0	12.573185649	6.18295943118
4340.0	82.0	13.2266798144	5.27271095507
4350.0	76.0	1.06137554784	4.75625114849
4350.0	78.0	7.28735442078	7.09559450528
4350.0	79.0	7.02153698733	6.0820063359
4350.0	81.0	12.1183705471	6.31517696022
4350.0	82.0	12.7186170398	5.37963054534
4360.0	76.0	0.520059285885	4.70493929155
4360.0	78.0	6.81380792413	7.20012749756
4360.0	79.0	6.55367304863	6.18773262717
4360.0	81.0	11.6654496312	6.45240634505
4360.0	82.0	12.2097124047	5.48440219742
4370.0	76.0	-0.0210465109626	4.65386609441
4370.0	78.0	6.34026142747	7.30442183003
4370.0	79.0	6.10727655111	6.29632283604
4370.0	81.0	11.2127391804	6.58987438969
4370.0	82.0	11.697650793	5.5798661173
4380.0	78.0	5.87387074454	7.40585224491
4380.0	79.0	5.6608800536	6.40467438511
4380.0	81.0	10.7728671013	6.71350016594
4380.0	82.0	11.1855891813	5.67533003719
4390.0	78.0	5.47083005961	7.48103008182
4390.0	79.0	5.21953471871	6.52185634677
4390.0	81.0	10.3462543241	6.82304501401
4390.0	82.0	10.6891019877	5.76506612188
4400.0	78.0	5.06799983978	7.55596925893
4400.0	79.0	4.79860449946	6.67292799999
4400.0	81.0	9.91964154687	6.93282852188
4400.0	82.0	10.2549124665	5.8321295256
4410.0	78.0	4.66516961996	7.63090843604
4410.0	79.0	4.37767428021	6.82399965321
4410.0	81.0	9.49302876966	7.04237336994
4410.0	82.0	9.82093341046	5.89943158912
4420.0	78.0	4.23645219165	7.70298369555
4420.0	79.0	3.96495220024	6.96218367724
4420.0	81.0	9.07104622486	7.12638161944
4420.0	82.0	9.3867438893	5.96649499284
4430.0	78.0	3.79089755458	7.77338833647
4430.0	79.0	3.58485221225	7.04833986494
4430.0	81.0	8.65011600561	7.20394605435
4430.0	82.0	8.98917529722	6.12568107925
4440.0	78.0	3.34513245239	7.84355431758
4440.0	79.0	3.20496268938	7.13449605263
4440.0	81.0	8.22918578636	7.28151048926
4440.0	82.0	8.59160670513	6.28462850585
4450.0	78.0	2.91220572189	7.9115723605
4450.0	79.0	2.82486270139	7.22089090013
4450.0	81.0	7.80825556711	7.35907492416
4450.0	82.0	8.19403811305	6.44381459226
4460.0	78.0	2.53084294325	7.97123731043
4460.0	79.0	2.43339759749	7.32446925321
4460.0	81.0	7.39174511516	7.43329812188
4460.0	82.0	7.79878463717	6.5788960389
4470.0	78.0	2.1492696995	8.03090226036
4470.0	79.0	2.03435574964	7.43950327667
4470.0	81.0	6.97607652365	7.50680534019
4470.0	82.0	7.40689860305	6.67746253618
4480.0	78.0	1.76790692085	8.09056721029
4480.0	79.0	1.63510343668	7.55477595993
4480.0	81.0	6.56061839725	7.5803125585
4480.0	82.0	7.01501256893	6.77626769326
4490.0	78.0	1.43621390808	8.19915741916
4490.0	79.0	1.25184647205	7.67553781858
4490.0	81.0	6.14494980574	7.65358111701
4490.0	82.0	6.65701141746	6.89010841773
4500.0	78.0	1.10452089531	8.30750896823
4500.0	79.0	0.875745321152	7.79844761544
4500.0	81.0	5.75874632957	7.7490450369
4500.0	82.0	6.33268468352	7.01922336937
4500.0	84.0	-0.0648232537647	5.23404806752
4510.0	78.0	0.773038347655	8.4160991771
4510.0	79.0	0.499433705141	7.92135741229
4510.0	81.0	5.37548936495	7.84689555478
4510.0	82.0	6.0085684147	7.14809966122
4510.0	84.0	0.412932545085	5.21567126294
4520.0	78.0	0.51690230924	8.55308990213
4520.0	79.0	0.154270925356	8.05071102373
4520.0	81.0	4.99244286543	7.94498473246
4520.0	82.0	5.68424168077	7.27721461286
4520.0	84.0	0.890477878826	5.19729445836
4530.0	78.0	0.293388362818	8.70225227695
4530.0	79.0	-0.143747669874	8.19008834677
4530.0	81.0	4.6091859008	8.04283525034
4530.0	82.0	5.35970448172	7.38485018253
4530.0	84.0	1.36802321257	5.17891765378
4540.0	78.0	0.069663951286	8.85141465177
4540.0	81.0	4.29117312015	8.05882545692
4540.0	82.0	5.03495681757	7.48699657681
4540.0	84.0	1.86093249931	5.17891765378
4550.0	78.0	-0.153849995136	9.00057702659
4550.0	81.0	3.97316033951	8.07457700371
4550.0	82.0	4.71020915342	7.58938163089
4550.0	84.0	2.35384178605	5.17891765378
4560.0	81.0	3.65514755887	8.09056721029
4560.0	82.0	4.39009172168	7.68412957137
4560.0	84.0	2.84675107279	5.17891765378
4570.0	81.0	3.33713477822	8.10655741687
4570.0	82.0	4.08049754542	7.76145534648
4570.0	84.0	3.34576384772	5.17366713819
4580.0	81.0	3.03995804343	8.12565020084
4580.0	82.0	3.77111383427	7.83854246179
4580.0	84.0	3.86919057536	5.14789187982
4590.0	81.0	2.76361735449	8.14808422202
4590.0	82.0	3.46151965801	7.9158682369
4590.0	84.0	4.39240683788	5.12211662145
4600.0	81.0	2.48748713066	8.17027958339
4600.0	82.0	3.18812548061	7.92350535049
4600.0	84.0	4.91583356552	5.09634136308
4610.0	81.0	2.20483248844	8.20297597595
4610.0	82.0	2.91873014029	7.92350535049
4610.0	84.0	5.43378820031	5.14455064262
4620.0	81.0	1.90786621876	8.25906102888
4620.0	82.0	2.65838479968	7.93161978368
4620.0	84.0	5.94648120736	5.26698311988
4630.0	81.0	1.61068948396	8.31514608182
4630.0	82.0	2.41193015631	7.95214452645
4630.0	84.0	6.45917421441	5.38941559713
4640.0	81.0	1.31351274917	8.37123113475
4640.0	82.0	2.16547551294	7.97266926923
4640.0	84.0	6.97186722146	5.51184807438
4650.0	81.0	1.04874764126	8.55476052073
4650.0	82.0	1.91881040446	7.9929553522
4650.0	84.0	7.48561255405	5.61256250986
4660.0	81.0	0.787349975109	8.75213217509
4660.0	82.0	1.57848832219	8.02111720857
4660.0	84.0	7.99998928198	5.69871869756
4670.0	81.0	0.526162774064	8.94974248925
4670.0	82.0	1.22764298445	8.04999504433
4670.0	84.0	8.51457647501	5.78487488525
4680.0	81.0	0.389570917917	9.17551465978
4680.0	82.0	0.87700811181	8.0791115399
4680.0	84.0	9.02895320294	5.87103107295
4690.0	81.0	0.25318952688	9.40128683031
4690.0	82.0	0.560889517152	8.22135278053
4690.0	84.0	9.54396132619	5.9149444761
4690.0	86.0	15.3117576555	8.19390690356
4700.0	81.0	0.116597670733	9.62705900084
4700.0	82.0	0.268132549663	8.43924917767
4700.0	84.0	10.0591799146	5.95885787925
4700.0	86.0	14.8106402295	8.11443319026
4710.0	81.0	-0.0199941854144	9.85283117137
4710.0	82.0	-0.0246244178262	8.65714557481
4710.0	84.0	10.5741880378	6.00300994219
4710.0	86.0	14.3095228034	8.03495947695
4720.0	84.0	11.0921426726	6.05408313933
4720.0	86.0	13.8189286329	7.92064143289
4730.0	84.0	11.620831028	6.13355685264
4730.0	86.0	13.3388577178	7.77147905807
4740.0	84.0	12.1497298485	6.21303056594
4740.0	86.0	12.8587868028	7.62231668325
4750.0	84.0	12.678628669	6.29274293904
4750.0	86.0	12.3700868182	7.48198472102
4760.0	84.0	13.1961623735	6.3314058266
4760.0	86.0	11.8613926483	7.36265482116
4770.0	84.0	13.6871774743	6.27436613447
4770.0	86.0	11.3529089434	7.2433249213
4780.0	84.0	14.1784030401	6.21756510213
4780.0	86.0	10.8078043095	7.24069966351
4790.0	84.0	14.6694181409	6.1607640698
4790.0	86.0	10.2587008385	7.25120069469
4800.0	84.0	15.1604332417	6.10396303747
4800.0	86.0	9.75611015669	7.31611616022
4810.0	86.0	9.2840369158	7.41730791529
4820.0	86.0	8.81217414002	7.51849967037
4830.0	86.0	8.34031136424	7.62398730185
4840.0	86.0	7.86844858846	7.73925998511
4850.0	86.0	7.39679627779	7.85429400857
4860.0	86.0	6.92156606025	7.95333782545
4870.0	86.0	6.4414951452	8.02803834276
4870.0	89.0	0.248348829358	5.45337642345
4880.0	86.0	5.96142423014	8.10250020027
4880.0	89.0	0.725473232879	5.49323261
4890.0	86.0	5.48914052414	8.163597109
4890.0	89.0	1.20238717129	5.53285013676
4900.0	86.0	5.04842658459	8.17123422259
4900.0	89.0	1.66477901714	5.55838673533
4910.0	86.0	4.60792311014	8.17863267638
4910.0	89.0	2.0924441199	5.55074962174
4920.0	86.0	4.16720917059	8.18603113017
4920.0	89.0	2.52010922266	5.54311250814
4930.0	86.0	3.67808825582	8.17910999598
4930.0	89.0	2.94482781388	5.51304137338
4930.0	93.0	15.0903483602	9.09293836908
4940.0	86.0	3.18917780616	8.17195020199
4940.0	89.0	3.35691849853	5.39371147352
4940.0	93.0	14.8798832505	9.06644713131
4950.0	86.0	2.70005689139	8.1650290678
4950.0	89.0	3.76900918317	5.27438157367
4950.0	93.0	14.6694181409	9.03995589355
4960.0	86.0	2.24797783591	8.20249865635
4960.0	89.0	4.1434266132	5.1614954884
4960.0	93.0	14.4467460549	8.98363218081
4970.0	86.0	1.82052319826	8.26956206007
4970.0	89.0	4.53447078688	5.10493311587
4970.0	93.0	14.1952402489	8.85761980656
4980.0	86.0	1.39306856061	8.33662546379
4980.0	89.0	4.98697077258	5.17653105578
4980.0	93.0	13.943944908	8.73160743232
4990.0	86.0	1.02833252563	8.47504814762
4990.0	89.0	5.47609168735	5.24049188211
4990.0	93.0	13.692439102	8.60559505807
5000.0	86.0	0.757674394652	8.72062908153
5000.0	89.0	6.05087190173	5.28631456365
5000.0	93.0	13.4836577133	8.40607546551
5010.0	86.0	0.487016263673	8.96621001543
5010.0	89.0	6.62565211612	5.3321372452
5010.0	93.0	13.2927658588	8.17481411958
5020.0	86.0	0.216568597805	9.21155228954
5020.0	89.0	7.1587602388	5.328796008
5020.0	93.0	13.1020844695	7.94355277366
5020.0	94.0	14.7887518581	5.38965425693
5030.0	86.0	0.150482553382	9.46357703804
5030.0	89.0	7.67397882717	5.30397538883
5030.0	93.0	12.8533147099	7.71372338654
5030.0	94.0	14.1853483888	5.38177848354
5040.0	86.0	0.107126740799	9.71631776593
5040.0	89.0	8.18919741553	5.27939342946
5040.0	93.0	12.5464565801	7.48508729841
5040.0	94.0	13.5819449195	5.37390271015
5050.0	86.0	0.0637709282165	9.96905849383
5050.0	89.0	8.66569042372	5.2495609545
5050.0	93.0	12.237072869	7.26766822087
5050.0	94.0	13.0124263328	5.40230322631
5060.0	86.0	0.0204151156337	10.2215605619
5060.0	89.0	9.13229157176	5.21829652073
5060.0	93.0	11.9062217166	7.15406615621
5060.0	94.0	12.4767926288	5.46745735164
5070.0	89.0	9.60015551046	5.19204394277
5070.0	93.0	11.5755810294	7.04046409155
5070.0	94.0	11.9323193902	5.54693106494
5080.0	89.0	10.0688613096	5.17032590099
5080.0	93.0	11.2247356917	7.04046409155
5080.0	94.0	11.367431036	5.66005581
5090.0	89.0	10.5417764109	5.15505167381
5090.0	93.0	10.874100819	7.04046409155
5090.0	94.0	10.7758136128	5.71781148153
5100.0	89.0	11.0245833724	5.15505167381
5100.0	93.0	10.5232554813	7.04046409155
5100.0	94.0	10.144418284	5.69275220256
5110.0	89.0	11.5073903339	5.15505167381
5110.0	93.0	10.2351287462	7.03425893675
5110.0	94.0	9.51723225727	5.63237127324
5120.0	89.0	11.9904077605	5.15505167381
5120.0	93.0	9.97415201026	7.02542852416
5120.0	94.0	8.89425553277	5.53690735335
5130.0	89.0	12.5058368139	5.19085064377
5130.0	93.0	9.71296480922	7.01659811158
5130.0	94.0	8.27127880828	5.44144343347
5140.0	89.0	13.0250542394	5.23070683032
5140.0	93.0	9.45177760817	7.00776769899
5140.0	94.0	7.66261371125	5.40278054591
5140.0	95.0	0.116597670733	7.93138112388
5150.0	89.0	13.5440611997	5.27032435707
5150.0	93.0	9.19080087224	6.9989372864
5150.0	94.0	7.05394861421	5.36411765836
5150.0	95.0	0.384098825067	7.97123731043
5160.0	89.0	14.0138193244	5.29967951244
5160.0	93.0	8.91382878797	7.00943831758
5160.0	94.0	6.44528351717	5.32545477081
5160.0	95.0	0.651599979401	8.01109349698
5170.0	89.0	14.4781053562	5.3278413688
5170.0	93.0	8.60065670485	7.06480739112
5170.0	94.0	5.83430330393	5.30087281144
5170.0	95.0	0.919101133735	8.05071102373
5180.0	89.0	14.9423913881	5.35576456537
5180.0	93.0	8.28748462172	7.12041512445
5180.0	94.0	5.21806146295	5.30922590443
5180.0	95.0	1.18639182296	8.09056721029
5180.0	96.0	13.786517006	12.1511250426
5190.0	89.0	15.4066774199	5.38392642174
5190.0	93.0	7.97410207349	7.17578419798
5190.0	94.0	4.60160915685	5.31781765722
5190.0	95.0	1.43116274545	8.14140174762
5190.0	96.0	13.719378636	11.6845451342
5200.0	93.0	7.66092999037	7.23139193132
5200.0	94.0	4.02240917516	5.39084755593
5200.0	95.0	1.64162785508	8.20894247094
5200.0	96.0	13.6478204988	11.2179652257
5200.0	98.0	0.347898826211	4.59014392789
5210.0	93.0	7.38564162698	7.21301512674
5210.0	94.0	3.48025105277	5.52831560056
5210.0	95.0	1.8520929647	8.27624453446
5210.0	96.0	13.5345902698	10.7497146987
5210.0	98.0	0.797031370152	4.55052640114
5220.0	93.0	7.1105637287	7.19463832216
5220.0	94.0	2.93830339548	5.6655449854
5220.0	95.0	2.06255807433	8.34378525778
5220.0	96.0	13.4211495757	10.2817028315
5220.0	98.0	1.24595344898	4.51067021458
5230.0	93.0	6.83527536531	7.17626151758
5230.0	94.0	2.39235690111	5.76769137967
5230.0	95.0	2.27302318396	8.4110873213
5230.0	96.0	13.2847681847	9.84996725377
5230.0	98.0	1.72244645718	4.46365423404
5240.0	93.0	6.55998700192	7.15788471301
5240.0	94.0	1.83104645374	5.72783519312
5240.0	95.0	2.43529178348	8.45595536365
5240.0	96.0	13.1250251665	9.45498528525
5240.0	98.0	2.23998016174	4.40542124291
5250.0	93.0	6.28490910364	7.13950790843
5250.0	94.0	1.26973600637	5.68797900657
5250.0	95.0	2.58577433686	8.494856911
5250.0	96.0	12.9652821483	9.06000331672
5250.0	98.0	2.75772433142	4.34742691158
5260.0	93.0	5.95784632328	7.10657285607
5260.0	94.0	0.677697652994	5.56554652932
5260.0	95.0	2.73604642513	8.53375845835
5260.0	96.0	12.7472402947	8.66860124519
5260.0	98.0	3.27525803599	4.28943258025
5270.0	93.0	5.61773470612	7.06981924691
5270.0	94.0	0.0778720905614	5.42235064949
5270.0	95.0	2.8863185134	8.57266000571
5270.0	96.0	12.4898414656	8.27982443146
5270.0	98.0	3.81004987955	4.2469511359
5280.0	93.0	5.27783355408	7.03306563776
5280.0	95.0	3.03680106679	8.61180021286
5280.0	96.0	12.2326531017	7.89080895793
5280.0	98.0	4.35199753684	4.21115216594
5290.0	93.0	4.93793240203	6.9963120286
5290.0	95.0	3.19949059653	8.63662083203
5290.0	96.0	11.8367682304	7.64689864262
5290.0	98.0	4.89394519412	4.17535319599
5300.0	93.0	4.611501017	6.9130197585
5300.0	95.0	3.36386384714	8.6597708326
5300.0	96.0	11.4253089411	7.41897853389
5300.0	98.0	5.43589285141	4.13955422603
5310.0	93.0	4.28696381796	6.82423831301
5310.0	95.0	3.52802663265	8.68315949297
5310.0	96.0	10.9214554687	7.37864502774
5310.0	98.0	5.97257888095	4.12427999885
5320.0	93.0	3.96221615381	6.73569552731
5320.0	95.0	3.69239988327	8.70630949355
5320.0	96.0	10.3776136254	7.41826255449
5320.0	98.0	6.50737072451	4.11783618426
5330.0	93.0	3.62652430396	6.65311923661
5330.0	95.0	3.88518592369	8.69676310156
5330.0	96.0	9.83566596813	7.45143626665
5330.0	98.0	7.04195210296	4.11139236966
5340.0	93.0	3.27441617555	6.5796120183
5340.0	95.0	4.08512777783	8.67886361658
5340.0	96.0	9.29792761304	7.46909709183
5340.0	98.0	7.57674394652	4.10494855507
5350.0	93.0	2.92230804715	6.50634345979
5350.0	95.0	4.28506963198	8.6609641316
5350.0	96.0	8.75997879283	7.48675791701
5350.0	98.0	8.1361602079	4.14886195822
5360.0	93.0	2.57019991875	6.43283624148
5360.0	95.0	4.48501148612	8.64306464662
5360.0	96.0	8.19972067101	7.51301049498
5360.0	98.0	8.69557646929	4.19277536137
5370.0	93.0	2.21788132523	6.35932902316
5370.0	95.0	4.65401496915	8.63542753303
5370.0	96.0	7.6245195264	7.54475224834
5370.0	98.0	9.25499273067	4.23692742431
5380.0	93.0	1.87061389435	6.28271922746
5380.0	95.0	4.81523124312	8.63041567724
5380.0	96.0	7.04910791669	7.5767326615
5380.0	98.0	9.81251480607	4.27081711587
5390.0	93.0	1.54249878845	6.19393778196
5390.0	95.0	4.9764475171	8.62516516164
5390.0	96.0	6.48232537647	7.62279400285
5390.0	98.0	10.3628810677	4.26461196108
5400.0	93.0	1.21417321743	6.10491767667
5400.0	95.0	5.13766379107	8.62015330585
5400.0	96.0	5.92101492909	7.67840173618
5400.0	98.0	10.9134577945	4.25864546609
5410.0	93.0	0.886058111523	6.01589757138
5410.0	95.0	5.29698587906	8.61418681086
5410.0	96.0	5.35991494683	7.73424812931
5410.0	98.0	11.4638240562	4.25244031129
5410.0	100.0	0.122911624021	9.00415692359
5420.0	93.0	0.557943005617	5.92687746608
5420.0	95.0	5.43989168849	8.60082186207
5420.0	96.0	4.81165333626	7.77887751186
5420.0	98.0	12.0194519456	4.23955268211
5420.0	100.0	0.392306964342	8.70821877194
5430.0	93.0	0.229827899711	5.83785736079
5430.0	95.0	5.58279749793	8.58721825349
5430.0	96.0	4.2724417254	7.81610844062
5430.0	98.0	12.5870763463	4.21043618654
5430.0	100.0	0.661702304663	8.4122806203
5440.0	93.0	-0.0984976713047	5.7488372555
5440.0	95.0	5.72591377247	8.57385330471
5440.0	96.0	3.73301964943	7.85333936937
5440.0	98.0	13.1547007469	4.18155835078
5440.0	100.0	1.0298057814	8.15572133561
5440.0	101.0	0.336744175401	7.62183936365
5450.0	95.0	5.86881958191	8.56024969612
5450.0	96.0	3.22201036326	7.93305174248
5450.0	98.0	13.7223251476	4.15268051501
5450.0	100.0	1.42274414107	7.9091857625
5450.0	101.0	0.757674394652	7.40012440971
5460.0	95.0	6.01172539134	8.54664608754
5460.0	96.0	2.7528836339	8.0762476223
5460.0	98.0	14.2947902458	4.12404133905
5460.0	100.0	1.81568250074	7.6626501894
5460.0	101.0	1.1786046139	7.17864811558
5470.0	95.0	5.98562771775	8.56621619111
5470.0	96.0	2.28375690455	8.21944350213
5470.0	98.0	14.8672553439	4.09540216308
5470.0	100.0	2.20546388377	7.497497608
5470.0	101.0	1.58396041504	6.97578728582
5480.0	95.0	5.91701609201	8.59390072788
5480.0	96.0	1.8148406403	8.36263938196
5480.0	98.0	15.4397204421	4.06676298712
5480.0	100.0	2.59440340635	7.35286976937
5480.0	101.0	1.98279179778	6.78104088926
5490.0	95.0	5.84840446627	8.62182392445
5490.0	96.0	1.4431592567	8.53805433475
5490.0	100.0	2.98355339405	7.20824193075
5490.0	101.0	2.38162318052	6.58629449269
5500.0	95.0	5.78000330565	8.64950846121
5500.0	96.0	1.0824220588	8.71704918453
5500.0	100.0	3.38554175344	7.0779336801
5500.0	101.0	2.78045456326	6.39178675593
5510.0	95.0	5.66782540222	8.64783784262
5510.0	96.0	0.739784860334	8.89843063232
5510.0	100.0	3.80036848451	6.96194501744
5510.0	101.0	3.21674873552	6.19775633876
5520.0	95.0	5.5122916862	8.61657340885
5520.0	96.0	0.560889517152	9.10129146207
5520.0	100.0	4.21540568069	6.84619501458
5520.0	101.0	3.65746267507	6.00372592159
5530.0	95.0	5.35675797019	8.58554763489
5530.0	96.0	0.38199417397	9.30415229183
5530.0	100.0	4.63023241176	6.73020635192
5530.0	101.0	4.09817661463	5.80993416422
5540.0	95.0	5.20122425418	8.55428320113
5540.0	96.0	0.203098830789	9.50701312159
5540.0	100.0	4.93582775094	6.65311923661
5540.0	101.0	4.532787066	5.70778776995
5550.0	95.0	5.04569053816	8.52325742717
5550.0	96.0	0.0242034876069	9.70987395134
5550.0	100.0	5.241212625	6.5762707811
5550.0	101.0	4.96466147096	5.64502024262
5560.0	95.0	4.90488937982	8.55476052073
5560.0	100.0	5.54680796418	6.4991836658
5560.0	101.0	5.39674634102	5.5820140555
5570.0	95.0	4.76598240747	8.59294608868
5570.0	100.0	5.85029865226	6.46004345864
5570.0	101.0	5.82883121108	5.51924652817
5580.0	95.0	4.62686497001	8.63137031644
5580.0	100.0	6.15357887523	6.42496046809
5580.0	101.0	6.22029631498	5.52688364176
5590.0	95.0	4.48774753255	8.66979454419
5590.0	100.0	6.4568590982	6.38987747753
5590.0	101.0	6.60734165158	5.54239652875
5600.0	95.0	4.34863009508	8.70821877194
5600.0	100.0	6.79191955273	6.35861304377
5600.0	101.0	6.99417652308	5.55767075593
5610.0	95.0	4.20383009966	8.72564093732
5610.0	100.0	7.1587602388	6.3314058266
5610.0	101.0	7.34396953527	5.60564137567
5620.0	95.0	4.045139407	8.69437650356
5620.0	100.0	7.52560092488	6.30395994963
5620.0	101.0	7.68450208265	5.6619650884
5630.0	95.0	3.88644871435	8.66287341
5630.0	100.0	7.89244161096	6.27675273246
5630.0	101.0	8.02482416491	5.71805014133
5630.0	103.0	14.3333053608	12.013656998
5630.0	104.0	13.6859146836	12.1160420521
5640.0	95.0	3.72754755658	8.63160897624
5640.0	100.0	8.30726834203	6.23594190671
5640.0	101.0	8.38703461858	5.7457346781
5640.0	103.0	14.2825832694	11.6186750294
5640.0	104.0	13.594572826	11.7976698792
5650.0	95.0	3.56885686392	8.60034454247
5650.0	100.0	8.72230553821	6.19489242116
5650.0	101.0	8.78165669913	5.73069911072
5650.0	103.0	14.231861178	11.2236930609
5650.0	104.0	13.5034414336	11.4795363662
5660.0	95.0	3.41016617126	8.56908010871
5660.0	100.0	9.13713226928	6.15408159541
5660.0	101.0	9.17627877967	5.71590220314
5660.0	103.0	14.1678797847	10.8430306804
5660.0	104.0	13.4270425988	11.1439806878
5670.0	95.0	3.25273826926	8.53351979855
5670.0	100.0	9.56563923248	6.11374808926
5670.0	101.0	9.58310783658	5.68678570757
5670.0	103.0	14.0906390894	10.4771652074
5670.0	104.0	13.3729530656	10.7826497511
5680.0	95.0	3.09951966946	8.48149196222
5680.0	100.0	10.0076159627	6.07389190271
5680.0	101.0	10.0391857291	5.60062951988
5680.0	103.0	14.0133983942	10.1112997345
5680.0	104.0	13.3188635324	10.4213188143
5690.0	95.0	2.94651153476	8.42946412588
5690.0	100.0	10.4495926929	6.03403571616
5690.0	101.0	10.4952636217	5.51447333218
5690.0	103.0	13.895958863	9.76619766407
5690.0	104.0	13.2647739993	10.0597492177
5700.0	95.0	2.79350340006	8.37743628954
5700.0	100.0	10.9267170964	5.9944181894
5700.0	101.0	10.9511310491	5.42807848468
5700.0	103.0	13.7381100308	9.44233631586
5700.0	104.0	13.1780623741	9.73994508611
5710.0	95.0	2.64028480025	8.3254084532
5710.0	100.0	11.4387787081	5.95456200285
5710.0	101.0	11.426992662	5.35170734877
5710.0	103.0	13.5802611986	9.11847496765
5710.0	104.0	13.0879833072	9.42443683088
5720.0	95.0	2.48727666555	8.27314195707
5720.0	100.0	11.9508403199	5.9147058163
5720.0	101.0	11.9161135768	5.28130270786
5720.0	103.0	13.4203077153	8.78554454705
5720.0	104.0	12.9913798219	9.11322445206
5730.0	95.0	2.33321620531	8.25237855449
5730.0	100.0	12.4862635588	5.85814344377
5730.0	101.0	12.4050240264	5.21113672674
5730.0	103.0	13.2593019064	8.44855690986
5730.0	104.0	12.8375298267	8.83781104319
5740.0	95.0	2.17873481484	8.2449801007
5740.0	100.0	13.0448379597	5.78463622545
5740.0	101.0	12.8973019179	5.14240270443
5740.0	103.0	13.0982960975	8.11156927266
5740.0	104.0	12.6836798316	8.56239763432
5750.0	95.0	2.02404295927	8.23758164691
5750.0	100.0	13.6034123606	5.71136766694
5750.0	101.0	13.402418181	5.0786805379
5750.0	103.0	12.8756240116	7.80178885263
5750.0	104.0	12.5226740227	8.32922701
5760.0	95.0	1.8695615688	8.22994453332
5760.0	100.0	14.1097914144	5.71136766694
5760.0	101.0	13.9075344441	5.01495837138
5760.0	103.0	12.5089937906	7.55549193933
5760.0	104.0	12.354301935	8.13829917023
5770.0	95.0	1.71486971323	8.22254607953
5770.0	100.0	14.6106983753	5.71972075993
5770.0	101.0	14.4126507072	4.95147486465
5770.0	103.0	12.1425740347	7.30919502602
5770.0	104.0	12.2656961239	7.97815844462
5780.0	95.0	1.56038832276	8.21514762574
5780.0	100.0	15.1113948711	5.72783519312
5780.0	101.0	14.9177669703	4.88775269813
5780.0	103.0	11.8161426497	7.0810362575
5780.0	104.0	12.2570670544	7.84904349298
5790.0	95.0	1.41285228092	8.20989711014
5790.0	103.0	11.651558934	6.92519140829
5790.0	104.0	12.2572775195	7.72326977853
5800.0	95.0	1.28173251762	8.20989711014
5800.0	103.0	11.4867647531	6.76958521887
5800.0	104.0	12.3399903076	7.62947647724
5810.0	95.0	1.15061275432	8.20989711014
5810.0	103.0	11.7018600952	6.64667542202
5810.0	104.0	12.4227030956	7.53568317595
5820.0	95.0	1.01949299103	8.20989711014
5820.0	103.0	11.9754647377	6.52519758397
5820.0	104.0	12.5527705334	7.4113414203
5830.0	95.0	0.888373227729	8.20989711014
5830.0	103.0	12.3963949569	6.38367232274
5830.0	104.0	12.7933321537	7.21516306494
5840.0	95.0	0.757253464433	8.20989711014
5840.0	103.0	12.8173251762	6.2423857213
5840.0	104.0	13.033893774	7.01922336937
5850.0	95.0	0.665701141746	8.20225999655
5850.0	103.0	13.2513042322	6.12973829584
5850.0	104.0	13.3540112057	6.88939243833
5860.0	95.0	0.732208116387	8.164790408
5860.0	103.0	13.7050670086	6.06100427352
5860.0	104.0	13.753894914	6.8256702718
5870.0	95.0	0.798715091029	8.12708215964
5870.0	103.0	14.1586193198	5.99203159141
5870.0	104.0	14.1537786223	6.76194810528
5880.0	95.0	0.865222065671	8.08937391129
5880.0	103.0	14.6123820962	5.92305890929
5880.0	104.0	14.5536623306	6.71230686694
5890.0	95.0	0.931518575203	8.05166566293
5890.0	103.0	15.0659344074	5.85408622717
5890.0	104.0	14.9535460389	6.67650789698
5900.0	95.0	0.998025549844	8.01395741458
5900.0	104.0	15.3534297472	6.64070892703
5910.0	95.0	1.11588601123	7.99987648639
5920.0	95.0	1.28509995937	8.00918421858
5930.0	95.0	1.45431390751	8.01849195077
5940.0	95.0	1.62352785565	8.02779968296
5950.0	95.0	1.79274180379	8.03710741515
5960.0	95.0	1.97837203048	8.06049607552
5970.0	95.0	2.18883714011	8.10488679827
5980.0	95.0	2.39930224973	8.14951618082
5990.0	95.0	2.60976735936	8.19390690356
6000.0	95.0	2.81454991102	8.23614968811
6010.0	95.0	2.9692417666	8.26049298768
6020.0	95.0	3.12393362217	8.28483628725
