0.0	2.0	13.3434879503	4.43907227467
0.0	3.0	11.9123252048	4.43907227467
0.0	4.0	11.828139161	5.15505167381
0.0	7.0	6.31395328877	3.84242277539
0.0	8.0	4.33558125829	7.35072183117
10.0	1.0	12.9351856376	3.93788669527
10.0	2.0	12.8253228504	4.43000320228
10.0	3.0	11.5046542875	4.51353413218
10.0	4.0	11.3823740588	5.21113672674
10.0	7.0	6.78539513433	3.68968050357
10.0	8.0	4.5544649723	7.27435069527
20.0	1.0	12.4216507701	3.93788669527
20.0	2.0	12.3073682156	4.42069547009
20.0	3.0	11.096772905	4.58823464949
20.0	4.0	10.9368194217	5.26746043948
20.0	7.0	7.25683697989	3.53693823175
20.0	8.0	4.77334868631	7.19797955936
30.0	1.0	11.9192705534	3.95769545865
30.0	2.0	11.8144589288	4.43358309928
30.0	3.0	10.6891019877	4.662696507
30.0	4.0	10.4910543195	5.32354549241
30.0	7.0	7.7467997551	3.4173696721
30.0	8.0	4.95540100613	7.17124966179
40.0	1.0	11.4282554527	3.9975516452
40.0	2.0	11.3596438269	4.47988310042
40.0	3.0	10.2799578145	4.70947382775
40.0	4.0	10.0709659607	5.34597951358
40.0	7.0	8.25549392506	3.3312134844
40.0	8.0	5.10083239688	7.19392234276
50.0	1.0	10.9372403519	4.03740783175
50.0	2.0	10.904828725	4.52618310157
50.0	3.0	9.87081364144	4.7493300143
50.0	4.0	9.66792527576	5.34597951358
50.0	7.0	8.76418809503	3.2450572967
50.0	8.0	5.24605332253	7.21659502374
60.0	1.0	10.4674822272	3.99182381001
60.0	2.0	10.4384380421	4.52642176137
60.0	3.0	9.46166946833	4.78918620085
60.0	4.0	9.26488459083	5.34597951358
60.0	7.0	9.27267179988	3.15890110901
60.0	8.0	5.39148471328	7.23926770471
70.0	1.0	10.0194020088	3.86079957996
70.0	2.0	9.94489736003	4.41926351129
70.0	3.0	9.05084157434	4.8297583668
70.0	4.0	8.86184390589	5.34597951358
70.0	7.0	9.7782089932	3.04291244635
70.0	8.0	5.54217773177	7.25931512788
80.0	1.0	9.57132179044	3.73001400972
80.0	2.0	9.45135667795	4.31234392102
80.0	3.0	8.63433112239	4.87462640915
80.0	4.0	8.45880322096	5.34597951358
80.0	7.0	10.2833252563	2.92358254649
80.0	8.0	5.70591958706	7.27244141687
90.0	1.0	9.09356599159	3.59493256308
90.0	2.0	8.94624041485	4.18800216537
90.0	3.0	8.21782067044	4.91925579169
90.0	4.0	8.03176951353	5.39633673132
90.0	7.0	10.8339019831	2.86009903977
90.0	8.0	5.86966144235	7.28580636565
100.0	1.0	8.57140205461	3.45340730185
100.0	2.0	8.42407647787	4.03788515135
100.0	3.0	7.80131021849	4.96412383404
100.0	4.0	7.60178929456	5.45218312445
100.0	7.0	11.3895298725	2.80282068783
100.0	8.0	6.03340329764	7.29893265464
110.0	1.0	8.04902765252	3.31212070042
110.0	2.0	7.90170207578	3.88752947753
110.0	3.0	7.38458930143	5.00875321659
110.0	4.0	7.17201954071	5.50802951759
110.0	7.0	11.9192705534	2.76845367668
110.0	8.0	6.13505794558	7.3328223462
120.0	1.0	7.51928697159	3.23622688411
120.0	2.0	7.38353697588	3.80710112503
120.0	3.0	6.97207768656	5.03786971215
120.0	4.0	6.74203932174	5.56387591072
120.0	7.0	12.4104961193	2.76845367668
120.0	8.0	6.21019398972	7.37554245034
120.0	10.0	0.344741849567	6.98294707982
130.0	1.0	6.9859683838	3.18849492417
130.0	2.0	6.86684513175	3.75626658769
130.0	3.0	6.56503816455	5.04312022774
130.0	4.0	6.32089863738	5.61638106666
130.0	7.0	12.90151122	2.76845367668
130.0	8.0	6.28533003386	7.41802389469
130.0	10.0	0.63497323574	6.88414192273
140.0	1.0	6.45286026112	3.14076296423
140.0	2.0	6.35036375273	3.70567071015
140.0	3.0	6.15820910764	5.04837074334
140.0	4.0	5.93511609144	5.65623725321
140.0	7.0	13.4188344595	2.83933563719
140.0	8.0	6.27943701079	7.46838111243
140.0	10.0	0.925415087023	6.78533676565
150.0	1.0	5.90986027828	3.10973719027
150.0	2.0	5.84209051299	3.67536091559
150.0	3.0	5.75138005074	5.05385991873
150.0	4.0	5.5493335455	5.69609343976
150.0	7.0	13.9755146745	3.01642120858
150.0	8.0	6.26428352289	7.51945430957
150.0	10.0	1.25542437892	6.68939552617
160.0	1.0	5.36265099326	3.08587121029
160.0	2.0	5.34644517982	3.67536091559
160.0	3.0	5.34434052872	5.05911043433
160.0	4.0	5.16334053444	5.73571096651
160.0	7.0	14.5321948894	3.19350677997
160.0	8.0	6.22703119849	7.56360637252
160.0	10.0	1.74433482858	6.60514861687
170.0	1.0	4.81544170823	3.06200523032
170.0	2.0	4.85079984665	3.67536091559
170.0	3.0	4.96276728497	5.07390734191
170.0	4.0	4.7775579885	5.77556715307
170.0	7.0	15.0890855695	3.37059235135
170.0	8.0	5.98962655483	7.54522956794
170.0	10.0	2.23345574335	6.52114036737
180.0	1.0	4.30338009651	2.98515677482
180.0	2.0	4.34610451377	3.65483617281
180.0	3.0	4.58393008764	5.08989754849
180.0	4.0	4.40293009337	5.82091251501
180.0	8.0	5.75222191118	7.52685276336
180.0	10.0	2.72236619301	6.43689345807
190.0	1.0	3.80647197269	2.88587429814
190.0	2.0	3.8199417397	3.58681812989
190.0	3.0	4.20509289032	5.10564909527
190.0	4.0	4.045139407	5.87461096995
190.0	8.0	5.51481726752	7.50871461858
190.0	10.0	3.20706734047	6.37340995135
200.0	1.0	3.30956384886	2.78635316165
200.0	2.0	3.29377896564	3.51856142718
200.0	3.0	3.82625569299	5.12163930185
200.0	4.0	3.68734872064	5.92830942488
200.0	8.0	5.28625215846	7.50060018539
200.0	10.0	3.69050569728	6.31541562002
200.0	11.0	0.473546496657	7.30298987123
210.0	1.0	2.81644409701	2.69041192217
210.0	2.0	2.79308246984	3.46128307524
210.0	3.0	3.44405105391	5.1636434266
210.0	4.0	3.32955803428	5.98200787982
210.0	8.0	5.09325565294	7.53377389755
210.0	10.0	4.17394405409	6.25742128869
210.0	11.0	0.999709270721	7.06433007152
220.0	1.0	2.35805108824	2.62645109585
220.0	2.0	2.31785225231	3.4152217339
220.0	3.0	3.05658478709	5.2450264183
220.0	4.0	2.99618130063	6.03809293275
220.0	8.0	4.90025914741	7.56694760971
220.0	10.0	4.65654055046	6.19727901916
220.0	11.0	1.56249297386	6.88294862374
230.0	1.0	1.89944761437	2.56249026952
230.0	2.0	1.84262203477	3.36892173276
230.0	3.0	2.66911852027	5.32640941
230.0	4.0	2.69963596117	6.09775788268
230.0	8.0	4.70747310699	7.59988266208
230.0	10.0	5.13008704712	6.11756664605
230.0	11.0	2.21072551151	6.83521666379
240.0	1.0	1.4408441405	2.498768103
240.0	2.0	1.37160111943	3.30830214363
240.0	3.0	2.28165225345	5.40779240171
240.0	4.0	2.4030906217	6.15742283261
240.0	8.0	4.50942543884	7.59773472388
240.0	10.0	5.60363354378	6.03809293275
240.0	11.0	2.85895804915	6.78748470385
250.0	1.0	0.982451131732	2.43480727668
250.0	2.0	0.907104622486	3.22596451273
250.0	3.0	1.89418598663	5.48917539341
250.0	4.0	2.10654528224	6.21708778254
250.0	8.0	4.30822079403	7.57172080571
250.0	10.0	6.07718004044	5.95861921945
250.0	11.0	3.53897081835	6.63116253504
260.0	1.0	0.523847657858	2.37084645035
260.0	2.0	0.442608125542	3.14362688183
260.0	3.0	1.55133832305	5.6664996246
260.0	4.0	1.80999994278	6.27675273246
260.0	8.0	4.10680568412	7.54570688754
260.0	10.0	6.54188700249	5.9120805585
260.0	11.0	4.22719172683	6.44739448926
270.0	1.0	0.0654546490935	2.30688562403
270.0	2.0	-0.0216779062914	3.06152791072
270.0	3.0	1.20870112458	5.84382385578
270.0	4.0	1.57385808978	6.4163687153
270.0	8.0	3.90560103932	7.51993162917
270.0	10.0	6.99796489505	5.89895426952
270.0	11.0	4.91520217019	6.25479603089
280.0	3.0	0.865853460999	6.02114808697
280.0	4.0	1.33771623678	6.55622335793
280.0	8.0	3.70418592941	7.493917711
280.0	10.0	7.45404278761	5.88558932073
280.0	11.0	5.60321261356	6.02520530357
290.0	3.0	0.552470912767	6.19918829756
290.0	4.0	1.10157438378	6.69583934076
290.0	8.0	3.52529058623	7.48795121601
290.0	10.0	7.90991021506	5.87246303175
290.0	11.0	6.29122305693	5.79585323604
300.0	3.0	0.268343014773	6.37818314734
300.0	4.0	0.86543253078	6.83545532359
300.0	8.0	3.34639524305	7.48198472102
300.0	10.0	8.40324043202	5.83690272159
300.0	11.0	6.97902303518	5.55600013733
310.0	3.0	-0.0157848832219	6.55717799713
310.0	4.0	0.580252307238	7.01325687438
310.0	8.0	3.16749989986	7.47601822602
310.0	10.0	8.90077995117	5.79895581344
310.0	11.0	7.66661254833	5.30946456423
320.0	4.0	0.289599990845	7.19511564176
320.0	8.0	2.98860455668	7.47005173103
320.0	10.0	9.39831947033	5.76100890528
320.0	11.0	8.35399159637	5.06269033132
330.0	8.0	2.95282548805	7.41921719369
330.0	10.0	9.89564852437	5.72306199713
330.0	11.0	9.06915203887	4.92951816308
330.0	12.0	15.0366797572	3.79898669184
340.0	8.0	2.91704641941	7.36838265635
340.0	10.0	10.3818229276	5.72067539913
340.0	11.0	9.80262294592	4.87152383175
340.0	12.0	14.5010460532	3.84242277539
350.0	8.0	2.88105688566	7.31778677881
350.0	10.0	10.8566322149	5.75384911129
350.0	11.0	10.536093853	4.81376816022
350.0	12.0	13.9654123492	3.88585885893
360.0	8.0	2.84527781703	7.26695224147
360.0	10.0	11.3314415022	5.78726148325
360.0	11.0	11.2626194114	4.7462274369
360.0	12.0	13.4295681801	3.92929494248
370.0	8.0	2.79308246984	7.22733471472
370.0	10.0	11.8060403244	5.82043519541
370.0	11.0	11.9729391564	4.65673001201
370.0	12.0	12.8695205234	3.97082174763
380.0	8.0	2.70300340292	7.21373110614
380.0	10.0	12.2915833324	5.84477849498
380.0	11.0	12.6832589014	4.56723258712
380.0	12.0	12.3035798436	4.01187123318
390.0	8.0	2.61271387089	7.20012749756
390.0	10.0	12.8204821528	5.8330841648
390.0	11.0	13.3921053906	4.48036042002
390.0	12.0	11.7374286987	4.05315937853
400.0	8.0	2.52263480397	7.18628522917
400.0	10.0	13.3491705082	5.82162849441
400.0	11.0	14.0881135081	4.4161609339
400.0	12.0	11.2072670876	4.15745371101
410.0	8.0	2.40582666813	7.13759863003
410.0	10.0	13.8778588636	5.80993416422
410.0	11.0	14.7843320908	4.35196144777
410.0	12.0	10.6811043135	4.26890783747
420.0	8.0	2.28249411389	7.0800816183
420.0	10.0	14.3922355915	5.82186715421
420.0	11.0	15.4805506734	4.28752330185
420.0	12.0	10.1549415394	4.38012330414
430.0	8.0	2.15916155965	7.02232594677
430.0	10.0	14.7782286026	6.04740066494
430.0	12.0	9.66034853181	4.46890474963
440.0	8.0	2.08360458529	7.02304192617
440.0	10.0	15.1640111485	6.27269551587
440.0	12.0	9.16933343106	4.55506093733
450.0	8.0	2.01351970379	7.03044037996
450.0	12.0	8.67810786519	4.64121712503
460.0	8.0	1.94322435717	7.03760017395
460.0	12.0	8.18604043888	4.72832795192
470.0	8.0	1.85040924383	7.02566718396
470.0	12.0	7.69144743126	4.81782537682
480.0	8.0	1.74244064259	7.00132388439
480.0	12.0	7.19685442364	4.90732280171
490.0	8.0	1.63468250646	6.97674192502
490.0	12.0	6.70226141602	4.9968202266
490.0	16.0	0.261397666155	7.2440409007
500.0	8.0	1.52671390522	6.95239862545
500.0	12.0	6.22976724492	5.09538672388
500.0	16.0	0.350003477307	7.13091615564
510.0	8.0	1.48419995308	7.03712285435
510.0	12.0	5.80883702566	5.21471662374
510.0	16.0	0.43860928846	7.01779141057
520.0	8.0	1.46967786052	7.16886306379
520.0	12.0	5.38790680641	5.3340465236
520.0	16.0	0.527215099612	6.90490532531
520.0	17.0	0.218041853572	6.45622490185
530.0	8.0	1.45515576795	7.30060327323
530.0	12.0	4.96697658716	5.45337642345
530.0	16.0	0.611822073681	6.8256702718
530.0	17.0	0.504274402663	6.34166819799
540.0	8.0	1.45263018664	7.33353832559
540.0	12.0	4.53952194951	5.56315993132
540.0	16.0	0.686958117818	6.8256702718
540.0	17.0	0.790506951753	6.22711149412
550.0	8.0	1.45305111685	7.34189141858
550.0	12.0	4.05397894161	5.58774189069
550.0	16.0	0.762094161954	6.8256702718
550.0	17.0	1.02201857234	6.22377025693
560.0	8.0	1.45368251218	7.35000585178
560.0	12.0	3.56822546859	5.61208519026
560.0	16.0	0.84880578712	6.81445326122
560.0	17.0	1.21669879875	6.29441355764
570.0	8.0	1.4541034424	7.35835894477
570.0	12.0	3.08247199558	5.63666714963
570.0	16.0	0.946672063096	6.79225789984
570.0	17.0	1.41158949026	6.36505685836
580.0	8.0	1.45473483773	7.36671203776
580.0	12.0	2.61103015001	5.67175014019
580.0	16.0	1.04453833907	6.77006253847
580.0	17.0	1.55954646233	6.44834912846
590.0	8.0	1.45515576795	7.37482647095
590.0	12.0	2.19704527938	5.7485985957
590.0	16.0	1.14240461505	6.7478671771
590.0	17.0	1.70203134154	6.53307335736
600.0	8.0	1.45578716328	7.38317956394
600.0	12.0	1.78284994364	5.82568571101
600.0	16.0	1.25184647205	6.73474088811
600.0	17.0	1.84472668587	6.61779758625
610.0	8.0	1.4562080935	7.39153265693
610.0	12.0	1.37854646805	5.89083983633
610.0	16.0	1.40716972296	6.75741356909
610.0	17.0	1.96384993792	6.63975428783
620.0	8.0	1.45683948883	7.39988574992
620.0	12.0	1.06284880361	5.85122230957
620.0	16.0	1.56249297386	6.78032490986
620.0	17.0	2.07708016689	6.64572078282
630.0	8.0	1.45726041905	7.40800018311
630.0	12.0	0.747151139171	5.81136612302
630.0	16.0	1.71781622476	6.80299759083
630.0	17.0	2.19052086098	6.65192593761
630.0	20.0	0.163531390179	6.4144594369
640.0	8.0	1.45789181438	7.4163532761
640.0	12.0	0.347898826211	5.92186561029
640.0	16.0	1.87313947567	6.8256702718
640.0	17.0	2.30375108996	6.65789243261
640.0	20.0	0.438819753569	6.2493068555
650.0	8.0	1.4583127446	7.42470636909
650.0	12.0	-0.0869220902753	6.09704190328
650.0	16.0	2.1318010954	6.92113419169
650.0	17.0	2.50453480454	6.68462233017
650.0	20.0	0.71389765185	6.0839156143
660.0	8.0	1.45894413992	7.43305946208
660.0	16.0	2.39025225002	7.01659811158
660.0	17.0	2.71499991417	6.71350016594
660.0	20.0	0.98918601524	5.91876303289
670.0	8.0	1.45936507014	7.44117389527
670.0	16.0	2.64891386975	7.11206203146
670.0	17.0	2.92546502379	6.7426166615
670.0	20.0	1.11546508102	5.64430426322
680.0	8.0	1.45999646547	7.44952698826
680.0	16.0	2.92483362847	7.18151203318
680.0	17.0	3.12603827327	6.77292645607
680.0	20.0	1.24174414679	5.36984549355
690.0	8.0	1.46041739569	7.45788008125
690.0	16.0	3.21822199128	7.22494811673
690.0	17.0	3.31987663923	6.80442954963
690.0	20.0	1.28320577339	5.38941559713
700.0	8.0	1.46104879102	7.46623317424
700.0	16.0	3.5116103541	7.26838420027
700.0	17.0	3.5137150052	6.83569398339
700.0	20.0	1.32445693487	5.40898570071
710.0	8.0	1.46146972124	7.47434760743
710.0	16.0	3.8045777867	7.30155791243
710.0	17.0	3.70755337116	6.86719707695
710.0	20.0	1.36591856147	5.42855580428
720.0	8.0	1.46210111657	7.48270070042
720.0	16.0	4.09670335886	7.29368213904
720.0	17.0	3.99610103646	6.80562284863
720.0	20.0	1.40738018807	5.44812590786
730.0	8.0	1.46252204679	7.49105379341
730.0	16.0	4.38861846591	7.28604502545
730.0	17.0	4.30843125914	6.72089861973
730.0	20.0	1.44884181466	5.46769601144
740.0	8.0	1.46315344212	7.4994068864
740.0	16.0	4.6834800845	7.27578265406
740.0	17.0	4.62076148183	6.63617439083
740.0	20.0	1.49009297615	5.48726611501
750.0	8.0	1.46357437234	7.50752131959
750.0	16.0	5.005070772	7.2426089419
750.0	17.0	4.92677775122	6.61588830786
750.0	20.0	1.49430227834	5.27438157367
760.0	8.0	1.46420576766	7.51587441258
760.0	16.0	5.3264509944	7.20943522974
760.0	17.0	5.23005797419	6.62280944205
760.0	20.0	1.45978600036	4.94455373046
770.0	8.0	1.46462669788	7.52422750557
770.0	16.0	5.64804168191	7.17626151758
770.0	17.0	5.53333819716	6.62973057624
770.0	20.0	1.40253949054	4.55410629813
780.0	8.0	1.46525809321	7.53258059856
780.0	16.0	5.94921725378	7.14332646522
780.0	17.0	5.83851260612	6.62567335964
780.0	20.0	1.28720461047	4.17081865979
790.0	8.0	1.46567902343	7.54069503175
790.0	16.0	6.22976724492	7.11015275306
790.0	17.0	6.14747538705	6.59584088468
790.0	20.0	1.08515810523	3.79850937224
800.0	8.0	1.46631041876	7.54904812474
800.0	16.0	6.51031723605	7.0769790409
800.0	17.0	6.45664863309	6.56600840972
800.0	20.0	0.883111599989	3.42620008469
810.0	8.0	1.46673134898	7.55740121773
810.0	16.0	6.79107769229	7.04380532874
810.0	17.0	6.76350676293	6.52806150156
810.0	20.0	0.64086625881	3.06295986952
820.0	8.0	1.4671522792	7.56551565092
820.0	16.0	7.13097884433	6.89512027352
820.0	17.0	7.04994977713	6.4154140761
820.0	20.0	0.393990685219	2.70091295336
830.0	8.0	1.46778367453	7.57386874391
830.0	16.0	7.47761487989	6.73378624891
830.0	17.0	7.33639279133	6.30252799083
830.0	20.0	0.147325576738	2.33886603719
840.0	8.0	1.46820460475	7.5822218369
840.0	16.0	7.82425091544	6.57221356451
840.0	17.0	7.62283580553	6.18988056537
850.0	8.0	1.46883600008	7.59057492989
850.0	16.0	8.18098927625	6.39942386952
850.0	17.0	7.93221951668	6.06458417052
860.0	8.0	1.4692569303	7.59868936308
860.0	16.0	8.54782996233	6.21541716394
860.0	17.0	8.26454392478	5.92640014648
870.0	8.0	1.46988832562	7.60704245607
870.0	16.0	8.91467064841	6.03117179856
870.0	17.0	8.59686833287	5.78821612245
880.0	8.0	1.47030925584	7.61539554906
880.0	16.0	9.28151133449	5.84716509298
880.0	17.0	8.92919274097	5.65003209842
890.0	8.0	1.47094065117	7.62374864205
890.0	16.0	9.61930783543	5.73404034792
890.0	17.0	9.25983342819	5.5001537442
900.0	8.0	1.47136158139	7.63186307524
900.0	16.0	9.95731480149	5.62115426265
900.0	17.0	9.58984272009	5.34526353418
910.0	8.0	1.47199297672	7.64021616823
910.0	16.0	10.2951113024	5.50802951759
910.0	17.0	9.91964154687	5.19061198397
920.0	8.0	1.47241390694	7.64856926122
920.0	16.0	10.6427996635	5.39108621573
920.0	17.0	10.2496508388	5.03572177395
930.0	8.0	1.47304530227	7.65692235421
930.0	16.0	11.0306868606	5.25934600629
930.0	17.0	10.5701892007	4.9109026987
940.0	8.0	1.45999646547	7.63114709584
940.0	16.0	11.4183635925	5.12736713704
940.0	17.0	10.8905170976	4.78632228325
950.0	8.0	1.43368832677	7.57148214591
950.0	16.0	11.8060403244	4.9956269276
950.0	17.0	11.2110554595	4.661503208
960.0	8.0	1.40738018807	7.51181719598
960.0	16.0	12.1705658943	4.88536610013
960.0	17.0	11.5315938215	4.53668413275
970.0	8.0	1.37644181695	7.45573214305
970.0	16.0	12.5005751862	4.80804032503
970.0	17.0	11.9058007864	4.40971711931
980.0	8.0	1.33434879503	7.40800018311
980.0	16.0	12.830374013	4.73071454992
980.0	17.0	12.3159972851	4.28107948726
990.0	8.0	1.2922557731	7.36026822316
990.0	16.0	13.1603833049	4.65315011501
990.0	17.0	12.7261937837	4.15268051501
1000.0	8.0	1.25121507672	7.30800172703
1000.0	16.0	13.4874460852	4.60040629928
1000.0	17.0	13.1361798173	4.02428154277
1010.0	8.0	1.21248949655	7.2452341997
1010.0	16.0	13.8134565401	4.55840217453
1010.0	17.0	13.4844995737	3.96676453104
1020.0	8.0	1.17355345127	7.18246667238
1020.0	16.0	14.1394669949	4.51639804978
1020.0	17.0	13.8060902612	3.93979597367
1030.0	8.0	1.1348278711	7.11969914505
1030.0	16.0	14.4654774497	4.47415526523
1030.0	17.0	14.1276809487	3.9125887565
1040.0	8.0	1.1259883365	7.0796042987
1040.0	16.0	14.7914879045	4.43215114048
1040.0	17.0	14.4494821013	3.88562019913
1050.0	8.0	1.14724531257	7.06265945292
1050.0	17.0	14.7710727888	3.85865164177
1060.0	8.0	1.16829182353	7.04571460714
1060.0	17.0	15.0926634764	3.8316830844
1070.0	8.0	1.1895487996	7.02876976136
1080.0	8.0	1.21080577568	7.01182491558
1080.0	23.0	14.8630460418	6.60514861687
1090.0	8.0	1.23185228664	6.9948800698
1090.0	23.0	14.4000228006	6.47149912903
1090.0	24.0	15.3130204461	2.90854697911
1100.0	8.0	1.25310926271	6.97793522402
1100.0	23.0	13.9369995594	6.33784964119
1100.0	24.0	14.7563402312	2.9161840927
1110.0	8.0	1.27415577367	6.96099037824
1110.0	23.0	13.4104158551	6.30921046522
1110.0	24.0	14.1996600162	2.92405986609
1120.0	8.0	1.29541274975	6.94404553246
1120.0	23.0	12.8766763371	6.29202695965
1120.0	24.0	13.6429798013	2.93169697968
1130.0	8.0	1.31666972582	6.92710068668
1130.0	23.0	12.3517763537	6.26338778368
1130.0	24.0	13.0987170278	2.89780728812
1140.0	8.0	1.33771623678	6.9101558409
1140.0	23.0	11.9045379957	6.12902231644
1140.0	24.0	12.5670821608	2.82239079141
1150.0	8.0	1.35897321285	6.89321099512
1150.0	23.0	11.4572996378	5.994895509
1150.0	24.0	12.0352368288	2.7472129545
1160.0	8.0	1.38001972381	6.87626614934
1160.0	23.0	11.0100612798	5.86053004176
1160.0	24.0	11.5036019619	2.67179645779
1170.0	8.0	1.40127669989	6.85932130356
1170.0	23.0	10.54956362	5.78153364806
1170.0	24.0	10.9801752343	2.68349078798
1180.0	8.0	1.42253367596	6.84237645778
1180.0	23.0	10.0878031695	5.70850374935
1180.0	24.0	10.4601159484	2.73265470672
1190.0	8.0	1.44358018692	6.825431612
1190.0	23.0	9.62583225383	5.63571251043
1190.0	24.0	9.9400566625	2.78181862546
1200.0	8.0	1.46483716299	6.80848676623
1200.0	23.0	9.15523226871	5.54120322975
1200.0	24.0	9.42294388815	2.82692532761
1210.0	8.0	1.59953483315	6.83903522059
1210.0	23.0	8.66421716795	5.39657539112
1210.0	24.0	8.91256599731	2.86248563776
1220.0	8.0	1.80999994278	6.90084810871
1220.0	23.0	8.17299160209	5.25194755249
1220.0	24.0	8.40197764136	2.89804594792
1230.0	8.0	2.02046505241	6.96266099684
1230.0	23.0	7.68197650133	5.10731971387
1230.0	24.0	7.89159975052	2.93336759828
1240.0	8.0	2.26881388176	6.98103780142
1240.0	23.0	7.22989744586	4.92164238969
1240.0	24.0	7.38101139457	2.96892790844
1250.0	8.0	2.52137201331	6.9948800698
1250.0	23.0	6.77781839038	4.73596506551
1250.0	24.0	6.89041722403	2.99016863061
1260.0	8.0	2.77393014486	7.00848367839
1260.0	23.0	6.32805445111	4.59611042288
1260.0	24.0	6.4130823554	3.0018629608
1270.0	8.0	3.01933246269	7.02757646236
1270.0	23.0	5.88376260469	4.56293671072
1270.0	24.0	5.93553702166	3.01355729098
1280.0	8.0	3.25379059481	7.05478367953
1280.0	23.0	5.43926029316	4.53000165836
1280.0	24.0	5.45820215303	3.02525162117
1290.0	8.0	3.48824872693	7.0819908967
1290.0	23.0	4.99496844674	4.4968279462
1290.0	24.0	4.97560565666	3.02835419856
1300.0	8.0	3.72291732417	7.10943677366
1300.0	23.0	4.5218428803	4.46962072903
1300.0	24.0	4.48774753255	3.02286502317
1310.0	8.0	3.88034522617	7.12113110385
1310.0	23.0	4.03608940729	4.44527742946
1310.0	24.0	3.99988940843	3.01737584778
1320.0	8.0	4.02956498889	7.13091615564
1320.0	23.0	3.55033593427	4.42069547009
1320.0	24.0	3.51182081921	3.01188667238
1330.0	8.0	4.17857428651	7.14093986723
1330.0	23.0	3.06479292637	4.39635217052
1330.0	24.0	3.01975339291	3.00305625979
1340.0	8.0	4.32758358412	7.15096357881
1340.0	23.0	2.61629177775	4.34766557138
1340.0	24.0	2.48980224687	2.96343873304
1350.0	8.0	4.47091032378	7.163851208
1350.0	23.0	2.17747202419	4.29325113705
1350.0	24.0	1.95964063572	2.92358254649
1360.0	8.0	4.56035799537	7.20442337395
1360.0	23.0	1.73844180551	4.23859804291
1360.0	24.0	1.42968948969	2.88372635994
1370.0	8.0	4.65001613207	7.2449955399
1370.0	23.0	1.27057786681	4.17941041258
1370.0	24.0	0.89952787854	2.84410883319
1380.0	8.0	4.73946380366	7.28580636565
1380.0	23.0	0.735786023251	4.10996041087
1380.0	24.0	0.369576732502	2.80425264663
1390.0	8.0	4.82912194036	7.3263785316
1390.0	23.0	0.200783714583	4.04027174935
1400.0	8.0	4.86048124169	7.34236873818
1410.0	8.0	4.80470798764	7.32112801601
1420.0	8.0	4.7491451987	7.30012595363
1430.0	8.0	4.69337194465	7.27912389126
1440.0	8.0	4.53552311243	7.2466661585
1450.0	8.0	4.37767428021	7.21396976594
1460.0	8.0	4.21982544799	7.18151203318
1470.0	8.0	4.06197661577	7.14905430042
1480.0	8.0	3.90496964399	7.12113110385
1490.0	8.0	3.74838360243	7.09678780428
1500.0	8.0	3.59200802598	7.07220584491
1510.0	8.0	3.43542198442	7.04786254534
1520.0	8.0	3.27631036154	7.04762388554
1530.0	8.0	3.11635687823	7.05812491673
1540.0	8.0	2.9561929298	7.06838728811
1550.0	8.0	2.79602898138	7.0788883193
1550.0	28.0	0.117018600952	4.89348053332
1560.0	8.0	2.64175805602	7.08915069069
1560.0	28.0	0.630553468438	4.88393414134
1560.0	30.0	15.0097402232	4.55935681373
1570.0	8.0	2.54115573362	7.09965172188
1570.0	28.0	1.14408833592	4.87438774935
1570.0	30.0	14.343197221	4.54933310214
1570.0	31.0	14.6123820962	3.77774596966
1580.0	8.0	2.44055341122	7.10991409326
1580.0	28.0	1.65046738968	4.85624960457
1580.0	30.0	13.6766542188	4.53954805035
1580.0	31.0	13.9433135127	3.85435576537
1590.0	8.0	2.34647550722	7.11206203146
1590.0	28.0	2.14611272285	4.82546249041
1590.0	30.0	13.0362088902	4.56794856652
1590.0	31.0	13.2742449292	3.93096556108
1600.0	8.0	2.25408132409	7.11206203146
1600.0	28.0	2.64175805602	4.79467537624
1600.0	30.0	12.4216507701	4.63477331044
1600.0	31.0	12.6232763451	3.96175267524
1610.0	8.0	2.16168714096	7.11206203146
1610.0	28.0	3.14476966802	4.77725321086
1610.0	30.0	11.80709265	4.70159805435
1610.0	31.0	11.9840938072	3.96175267524
1620.0	8.0	2.06929295784	7.11206203146
1620.0	28.0	3.66503941902	4.79037949985
1620.0	30.0	11.1931659252	4.71162176594
1620.0	31.0	11.3449112693	3.96175267524
1630.0	8.0	1.97605691427	7.0824682163
1630.0	28.0	4.18530917001	4.80374444863
1630.0	30.0	10.5794496655	4.72140681773
1630.0	31.0	10.7196194286	3.93788669527
1640.0	8.0	1.88239994049	7.03998677195
1640.0	28.0	4.70557892101	4.81687073762
1640.0	30.0	9.96510201055	4.67964135278
1640.0	31.0	10.0960113087	3.9113954575
1650.0	8.0	1.78895343182	6.9975053276
1650.0	28.0	5.22248123025	4.80947228383
1650.0	30.0	9.35054389044	4.60327021687
1650.0	31.0	9.48187411885	3.88800679713
1660.0	8.0	1.69550692314	6.95502388325
1660.0	28.0	5.73769981861	4.79300475765
1660.0	30.0	8.73766949121	4.52689908096
1660.0	31.0	8.90541018358	3.87774442574
1660.0	33.0	-0.0164162785508	4.84216867639
1670.0	8.0	1.62500111142	6.91994089269
1670.0	28.0	6.25291840697	4.77653723146
1670.0	30.0	8.13952764966	4.45172124405
1670.0	31.0	8.32894624832	3.86724339456
1670.0	33.0	0.459024404093	4.85099908898
1680.0	8.0	1.64709994793	6.9134970781
1680.0	28.0	6.74898467036	4.78584496365
1680.0	30.0	7.55296138913	4.39134031473
1680.0	31.0	7.76321603365	3.78824700085
1680.0	33.0	0.934675551847	4.85982950156
1690.0	8.0	1.66940924955	6.90729192331
1690.0	28.0	7.23999977112	4.80183517023
1690.0	30.0	7.01374977827	4.39134031473
1690.0	31.0	7.19895907474	3.70137483376
1690.0	33.0	1.41011623449	4.86865991415
1700.0	8.0	1.69150808606	6.90108676851
1700.0	28.0	7.73101487187	4.81782537682
1700.0	30.0	6.44212654053	4.40446660371
1700.0	31.0	6.65069746417	3.5798969957
1700.0	33.0	1.89860575393	4.90278826551
1710.0	8.0	1.71360692257	6.89464295392
1710.0	28.0	8.24812764622	4.80135785064
1710.0	30.0	5.8490358616	4.42594598569
1710.0	31.0	6.10959166732	3.44362225007
1710.0	33.0	2.38730573848	4.93691661687
1720.0	8.0	1.73570575908	6.88843779913
1720.0	28.0	8.77155437386	4.77677589126
1720.0	30.0	5.29109285599	4.38943103633
1720.0	31.0	5.56827540536	3.30710884463
1720.0	33.0	2.86590339777	4.9972975462
1730.0	8.0	1.7580150607	6.88223264434
1730.0	28.0	9.2949811015	4.75243259169
1730.0	30.0	4.78597659288	4.26532794048
1730.0	31.0	4.99896728383	3.2505464721
1730.0	33.0	3.30514408156	5.1634047668
1740.0	8.0	1.78011389721	6.87602748954
1740.0	28.0	9.81840782914	4.72785063232
1740.0	30.0	4.28086032978	4.14122484463
1740.0	31.0	4.42650218564	3.20281451215
1740.0	33.0	3.74438476535	5.3292733276
1750.0	8.0	1.84830459273	6.87053831415
1750.0	28.0	10.3832961834	4.61186196966
1750.0	30.0	3.74691034666	4.09182226609
1750.0	31.0	3.83677894847	3.18825626437
1750.0	33.0	4.19877893703	5.4175774535
1760.0	8.0	1.94743365937	6.86600377796
1760.0	28.0	10.95281477	4.48537227581
1760.0	30.0	3.21001385201	4.05053412074
1760.0	31.0	3.22095803771	3.22357791473
1760.0	33.0	4.65485682959	5.4970511668
1770.0	8.0	2.046562726	6.86123058196
1770.0	28.0	11.5223333567	4.35912124177
1770.0	30.0	2.67290689224	4.00948463519
1770.0	31.0	2.60513712694	3.25913822489
1770.0	33.0	4.97055449403	5.57175168411
1780.0	8.0	2.14548132752	6.85645738597
1780.0	28.0	12.0876426411	4.25602020829
1780.0	30.0	2.0989685383	4.04194236795
1780.0	31.0	2.01120458758	3.26510471988
1780.0	33.0	5.14587193034	5.64120168583
1790.0	8.0	2.24461039416	6.85192284977
1790.0	28.0	12.6489530885	4.17654649499
1790.0	30.0	1.52481971924	4.07463876051
1790.0	31.0	1.42653251304	3.25842224549
1790.0	33.0	5.30477308811	5.70444653275
1800.0	8.0	2.26797202132	6.85812800457
1800.0	28.0	13.2102635359	4.09707278168
1800.0	30.0	0.950881365288	4.10709649327
1800.0	31.0	0.841860438502	3.2517397711
1800.0	33.0	5.31592773892	5.71017436794
1810.0	8.0	2.21598713925	6.87531151015
1810.0	28.0	13.7679960764	4.01354185178
1810.0	30.0	0.376943011339	4.13955422603
1810.0	31.0	0.257188363962	3.2450572967
1810.0	33.0	5.32687192462	5.71566354334
1820.0	8.0	2.16379179206	6.89249501572
1820.0	28.0	14.3116274545	3.9140207153
1820.0	33.0	5.33781611032	5.72115271873
1820.0	34.0	0.20814999342	7.03067903976
1830.0	8.0	2.11180690998	6.9099171811
1830.0	28.0	14.8552588327	3.81449957882
1830.0	33.0	5.34897076113	5.72664189412
1830.0	34.0	0.395253475877	6.93354450128
1840.0	8.0	2.05982202791	6.92710068668
1840.0	33.0	5.35991494683	5.73236972932
1840.0	34.0	0.582356958334	6.83617130299
1850.0	8.0	2.00762668072	6.94428419226
1850.0	33.0	5.37085913253	5.73785890471
1850.0	34.0	0.774090673203	6.71421614534
1850.0	35.0	0.1683720877	5.76745271988
1860.0	8.0	1.95564179864	6.96146769784
1860.0	33.0	5.38201378334	5.7433480801
1860.0	34.0	0.972769736689	6.55526871873
1860.0	35.0	0.378837197326	5.66840890299
1870.0	8.0	1.90344645145	6.97865120342
1870.0	33.0	5.39295796904	5.7488372555
1870.0	34.0	1.17165926529	6.39608263232
1870.0	35.0	0.589302306951	5.56960374591
1880.0	8.0	1.85146156938	6.995834709
1880.0	33.0	5.40390215475	5.75456509069
1880.0	34.0	1.37033832877	6.23689654591
1880.0	35.0	0.799767416577	5.47055992903
1890.0	8.0	1.79926622219	7.01325687438
1890.0	33.0	5.41484634045	5.76005426608
1890.0	34.0	1.53534297472	6.1660145854
1890.0	35.0	1.0102325262	5.37151611215
1900.0	8.0	1.63026273916	6.96743419283
1900.0	33.0	5.42600099126	5.76554344148
1900.0	34.0	1.69171855117	6.11708932646
1900.0	35.0	1.23122089131	5.32617075021
1910.0	8.0	1.43179414078	6.90609862431
1910.0	33.0	5.43694517696	5.77103261687
1910.0	34.0	1.84830459273	6.06816406751
1910.0	35.0	1.4627325119	5.3340465236
1920.0	8.0	1.23332554241	6.84476305578
1920.0	33.0	5.44788936266	5.77676045206
1920.0	34.0	2.00489063429	6.01923880857
1920.0	35.0	1.69424413249	5.34192229699
1930.0	8.0	1.01254764241	6.81158934362
1930.0	33.0	5.45904401347	5.78224962746
1930.0	34.0	2.21451388348	5.9982367462
1930.0	35.0	1.88555691714	5.34979807038
1940.0	8.0	0.739574395224	6.84380841658
1940.0	33.0	5.46998819917	5.78773880285
1940.0	34.0	2.43024062085	5.98033726122
1940.0	35.0	2.03688133096	5.35719652417
1950.0	8.0	0.46639068293	6.87602748954
1950.0	33.0	5.48093238487	5.79322797824
1950.0	34.0	2.64596735821	5.96243777624
1950.0	35.0	2.18820574478	5.36459497796
1960.0	8.0	0.193417435746	6.90824656251
1960.0	33.0	5.49208703568	5.79895581344
1960.0	34.0	2.86169409558	5.94453829126
1960.0	35.0	2.35720922781	5.38297178254
1970.0	33.0	5.72191493539	5.79036406065
1970.0	34.0	3.04037897365	6.00539654019
1970.0	35.0	2.56767433743	5.42616920628
1980.0	33.0	5.97636725293	5.78057900886
1980.0	34.0	3.21506501464	6.07532386151
1980.0	35.0	2.77813944706	5.46960528983
1990.0	33.0	6.30974398657	5.71828880113
1990.0	34.0	3.38954059052	6.14525118282
1990.0	35.0	2.98860455668	5.51304137338
2000.0	33.0	6.72225560144	5.60373209727
2000.0	34.0	3.5640161664	6.21493984434
2000.0	35.0	3.15697664438	5.56673982832
2010.0	33.0	7.13476721631	5.48917539341
2010.0	34.0	3.63052314104	6.26171716508
2010.0	35.0	3.32534873208	5.62043828325
2020.0	33.0	7.58053231849	5.45409240285
2020.0	34.0	3.66988011654	6.30276665063
2020.0	35.0	3.49372081978	5.67413673819
2030.0	33.0	8.02608695557	5.41900941229
2030.0	34.0	3.70944755715	6.34381613618
2030.0	35.0	3.66209290748	5.72783519312
2030.0	36.0	0.41040696377	5.26674446008
2040.0	33.0	8.47185205776	5.38392642174
2040.0	34.0	3.74880453265	6.38486562173
2040.0	35.0	3.77321848537	5.74120014191
2040.0	36.0	1.14703484746	5.06078105292
2050.0	33.0	8.91467064841	5.34263827639
2050.0	34.0	3.78837197326	6.42591510728
2050.0	35.0	3.88434406325	5.75432643089
2050.0	36.0	1.86472087128	4.88059290414
2060.0	33.0	9.35559505307	5.29705425464
2060.0	34.0	3.82772894876	6.46696459284
2060.0	35.0	3.99525917602	5.76769137967
2060.0	36.0	2.53820922208	4.76126300428
2070.0	33.0	9.79672992285	5.25170889269
2070.0	34.0	3.97652778126	6.49417181
2070.0	35.0	4.18530917001	5.76005426608
2070.0	36.0	3.21317082865	4.65124083662
2080.0	33.0	10.2376543275	5.20612487095
2080.0	34.0	4.28927893417	6.50109294419
2080.0	35.0	4.49364055561	5.72115271873
2080.0	36.0	3.89128941187	4.56293671072
2080.0	37.0	14.7140367441	4.72546403433
2090.0	33.0	10.670581058	5.14383466322
2090.0	34.0	4.60203008707	6.50801407839
2090.0	35.0	4.80197194122	5.68225117138
2090.0	36.0	4.56940799508	4.47439392503
2090.0	37.0	14.0453890909	4.96412383404
2100.0	33.0	11.0915112773	5.05648517653
2100.0	34.0	4.91457077487	6.51469655278
2100.0	35.0	5.11030332682	5.64358828382
2100.0	36.0	5.27509750765	4.39324959313
2100.0	37.0	13.4449321331	5.15075579742
2110.0	33.0	11.5124414965	4.96889703003
2110.0	34.0	5.28688355379	6.46720325264
2110.0	35.0	5.42010796819	5.60039086008
2110.0	36.0	5.99909748477	4.31687845722
2110.0	37.0	12.8613123841	5.32426147181
2120.0	33.0	11.9617845056	4.89873104892
2120.0	34.0	5.66572075112	6.4135047977
2120.0	35.0	5.74127772547	5.51876920857
2120.0	36.0	6.72478118275	4.23979134191
2120.0	37.0	12.2720100772	5.4977671462
2130.0	33.0	12.454062397	4.85481764577
2130.0	34.0	6.04455794845	6.35980634276
2130.0	35.0	6.06244748276	5.43714755707
2130.0	36.0	7.4647765082	4.15506711301
2130.0	37.0	11.6789193982	5.67151148039
2140.0	33.0	12.9461298233	4.81066558282
2140.0	34.0	6.42339514577	6.30610788783
2140.0	35.0	6.38382770516	5.35528724577
2140.0	36.0	8.20477183364	4.07034288411
2140.0	37.0	11.0864601146	5.81184344262
2150.0	33.0	13.4384077147	4.76651351988
2150.0	34.0	6.76161257694	6.21159860714
2150.0	35.0	6.69784164872	5.26722177968
2150.0	36.0	8.94476715908	3.98561865521
2150.0	37.0	10.4952636217	5.90277282631
2160.0	33.0	13.930475141	4.72260011673
2160.0	34.0	7.0951997757	6.11255479026
2160.0	35.0	6.99522884862	5.1634047668
2160.0	36.0	9.72643457623	3.90041710672
2160.0	37.0	9.90953922161	6.01804550957
2170.0	33.0	14.4227530324	4.67844805378
2170.0	34.0	7.42899743956	6.01374963318
2170.0	35.0	7.29261604852	5.05958775393
2170.0	36.0	10.5083124585	3.81521555822
2170.0	37.0	9.33707412343	6.18988056537
2180.0	33.0	14.9148204587	4.63429599084
2180.0	34.0	7.76258463832	5.9147058163
2180.0	35.0	7.59000324843	4.95577074105
2180.0	36.0	11.2937682476	3.71903565893
2180.0	37.0	8.76460902525	6.36171562116
2190.0	34.0	8.09659276729	5.82425375221
2190.0	35.0	7.88739044833	4.85195372817
2190.0	36.0	12.0943775246	3.5789423565
2190.0	37.0	8.17867416005	6.46600995364
2200.0	34.0	8.43060089627	5.73618828611
2200.0	35.0	8.19024974108	4.7500459937
2200.0	36.0	12.8951972668	3.43884905407
2200.0	37.0	7.5893718531	6.55359810013
2210.0	34.0	8.76439856014	5.64788416022
2210.0	35.0	8.49542415003	4.64861557882
2210.0	36.0	13.6958065438	3.29875575164
2210.0	37.0	7.00006954615	6.64118624663
2220.0	34.0	9.09840668911	5.55981869412
2220.0	35.0	8.80059855899	4.54718516394
2220.0	36.0	14.4964158208	3.15866244921
2220.0	37.0	6.42928816884	6.69822593876
2230.0	34.0	9.42104970217	5.48225425922
2230.0	35.0	9.10577296795	4.44575474906
2230.0	37.0	5.86334748906	6.7473898575
2240.0	34.0	9.69844271665	5.44836456766
2240.0	35.0	9.44714737576	4.34981350958
2240.0	37.0	5.29719634416	6.79679243604
2250.0	34.0	9.97562526603	5.4142362163
2250.0	35.0	9.80409620169	4.25649752789
2250.0	37.0	4.69526613064	6.86695841716
2260.0	34.0	10.2530182805	5.38010786494
2260.0	35.0	10.1608345625	4.1629428864
2260.0	37.0	4.08933708002	6.93927233647
2270.0	34.0	10.5302008299	5.34597951358
2270.0	35.0	10.5177833884	4.06962690471
2270.0	37.0	3.48361849452	7.01158625578
2280.0	34.0	10.8075938444	5.31185116222
2280.0	35.0	10.870312447	3.98585731501
2280.0	37.0	2.93977665125	7.11444862946
2290.0	34.0	11.0847763938	5.27772281086
2290.0	35.0	11.1828531348	3.98943721201
2290.0	37.0	2.43739643457	7.23759708611
2300.0	34.0	11.3390182462	5.21543260314
2300.0	35.0	11.4953938226	3.99301710901
2300.0	37.0	1.9350162179	7.36074554276
2310.0	34.0	11.5909449824	5.14980115822
2310.0	35.0	11.8079345104	3.996597006
2310.0	37.0	1.49745925499	7.48651925721
2320.0	34.0	11.8426612535	5.0844083731
2320.0	35.0	12.1206856633	3.9999382432
2320.0	37.0	1.12514647606	7.61515688926
2330.0	34.0	12.0943775246	5.01877692817
2330.0	35.0	12.4332263511	4.00351814019
2330.0	37.0	0.752833697131	7.7435558615
2340.0	34.0	12.3460937957	4.95338414305
2340.0	35.0	12.7457670389	4.00709803719
2340.0	37.0	0.6800127692	7.92756256708
2350.0	34.0	12.6603182044	4.88608207953
2350.0	35.0	13.0496786572	3.98561865521
2350.0	37.0	0.6406557937	8.11777442745
2360.0	34.0	12.9903274963	4.81830269641
2360.0	35.0	13.333385625	3.90614494191
2360.0	37.0	0.601088353091	8.30798628782
2370.0	34.0	13.3201263231	4.7505233133
2370.0	35.0	13.6170925928	3.82643256881
2370.0	37.0	0.561731377591	8.4981981482
2380.0	34.0	13.650135615	4.68298258998
2380.0	35.0	13.9007995605	3.7469588555
2380.0	37.0	0.522163936981	8.68841000857
2390.0	34.0	13.9799344418	4.61520320686
2390.0	35.0	14.1845065283	3.6674851422
2390.0	37.0	0.482806961481	8.87862186894
2400.0	34.0	14.3099437337	4.54742382374
2400.0	35.0	14.468003031	3.58777276909
2400.0	37.0	0.443239520871	9.06859506951
2410.0	34.0	14.6397425604	4.47964444062
2410.0	35.0	14.7517099988	3.50829905579
2420.0	34.0	14.9697518523	4.4118650575
2420.0	35.0	15.0354169665	3.42882534248
2520.0	38.0	14.9712251081	4.48107639942
2530.0	38.0	14.4778948911	4.53859341115
2530.0	39.0	14.7205611625	5.03906301115
2540.0	38.0	13.9843542091	4.59634908268
2540.0	39.0	14.2169181552	5.10731971387
2550.0	38.0	13.490813527	4.65386609441
2550.0	39.0	13.7132751479	5.17557641659
2560.0	38.0	12.9278193587	4.67773207438
2560.0	39.0	13.1403891195	5.25337951129
2570.0	38.0	12.3648251905	4.70159805435
2570.0	39.0	12.5214112321	5.33762642059
2580.0	38.0	11.8018310223	4.72546403433
2580.0	39.0	11.9024333447	5.42187332989
2590.0	38.0	11.238836854	4.7493300143
2590.0	39.0	11.3030287124	5.4970511668
2600.0	38.0	10.7227764052	4.76627486008
2600.0	39.0	10.781917101	5.53690735335
2610.0	38.0	10.2065054913	4.78345836566
2610.0	39.0	10.2605950245	5.5767635399
2620.0	38.0	9.69044504249	4.80040321144
2620.0	39.0	9.73948341303	5.61638106666
2630.0	38.0	9.17417412858	4.81758671702
2630.0	39.0	9.2183718016	5.65623725321
2640.0	38.0	8.64422298254	4.8297583668
2640.0	39.0	8.71914856157	5.65074807782
2650.0	38.0	8.11069392964	4.84097537739
2650.0	39.0	8.21992532153	5.64502024262
2660.0	38.0	7.57716487674	4.85195372817
2660.0	39.0	7.7207020815	5.63953106723
2670.0	38.0	7.04363582384	4.86317073876
2670.0	39.0	7.22147884147	5.63404189184
2680.0	38.0	6.51389514291	4.81520011902
2680.0	39.0	6.73362071736	5.65194137681
2690.0	38.0	5.98773236885	4.70851918855
2690.0	39.0	6.25081375588	5.68010323318
2700.0	38.0	5.46156959478	4.60183825807
2700.0	39.0	5.7680067944	5.70826508955
2710.0	38.0	4.93540682072	4.4949186678
2710.0	39.0	5.26709983349	5.67890993418
2720.0	38.0	4.41808358126	4.35601866437
2720.0	39.0	4.72431031576	5.51566663118
2730.0	38.0	3.90454871377	4.20327639255
2730.0	39.0	4.18152079804	5.35218466837
2740.0	38.0	3.38785686964	4.06413772932
2740.0	39.0	3.63873128032	5.18894136537
2750.0	38.0	2.85832665382	3.97941350042
2750.0	39.0	3.10246618099	5.03667641315
2760.0	38.0	2.32879643801	3.89468927152
2760.0	39.0	2.57230456984	4.89515115192
2770.0	38.0	1.79610924554	3.81187432102
2770.0	39.0	2.04235342381	4.75386455049
2780.0	38.0	1.23732437949	3.7462428761
2780.0	39.0	1.50251041762	4.65601403261
2790.0	38.0	0.678539513433	3.68037277138
2790.0	39.0	0.960562760331	4.56914186551
2800.0	38.0	0.119754647377	3.61450266666
2800.0	39.0	0.418404637936	4.48250835822
2810.0	39.0	-0.12375348446	4.39563619112
2880.0	41.0	15.0236309204	4.25530422889
2890.0	41.0	14.567763493	4.3269021688
2900.0	41.0	14.1116856004	4.39850010872
2910.0	41.0	13.6532925916	4.47272330643
2920.0	41.0	13.1732216766	4.56961918511
2930.0	41.0	12.6929402964	4.6665150638
2930.0	42.0	-0.0926046482352	5.76124756508
2940.0	41.0	12.2128693814	4.76341094248
2940.0	42.0	0.454604636791	5.73738158511
2950.0	41.0	11.7765752091	4.8321449648
2950.0	42.0	1.00181392182	5.71351560514
2960.0	41.0	11.3451217344	4.89777640972
2960.0	42.0	1.54902320684	5.68964962517
2970.0	41.0	10.9136682596	4.96340785464
2970.0	42.0	2.06866156251	5.69704807896
2980.0	41.0	10.4822147849	5.02903929956
2980.0	42.0	2.57019991875	5.72497127553
2990.0	41.0	10.0448682871	5.00660527839
2990.0	42.0	3.07152780987	5.75313313189
3000.0	41.0	9.60689039397	4.97438620543
3000.0	42.0	3.56822546859	5.77676045206
3010.0	41.0	9.16891250084	4.94216713247
3010.0	42.0	4.04598126744	5.78320426666
3020.0	41.0	8.73787995632	4.92999548268
3020.0	42.0	4.5239475314	5.78964808125
3030.0	41.0	8.3350497365	4.9982521854
3030.0	42.0	5.00170333025	5.79609189584
3030.0	43.0	14.7361355807	4.60207691787
3040.0	41.0	7.93221951668	5.06650888812
3040.0	42.0	5.49313936123	5.80229705063
3040.0	43.0	14.0611739741	4.65147949642
3050.0	41.0	7.52917883174	5.13452693104
3050.0	42.0	5.99825562433	5.80826354563
3050.0	43.0	13.3862123675	4.70088207496
3060.0	41.0	7.10951140315	5.18369084978
3060.0	42.0	6.50337188743	5.81423004062
3060.0	43.0	12.7331391323	4.68560784777
3070.0	41.0	6.68247769572	5.22450167553
3070.0	42.0	7.00848815053	5.82019653561
3070.0	43.0	12.1017438035	4.60613413447
3080.0	41.0	6.2556544534	5.26555116108
3080.0	42.0	7.50960557655	5.81995787581
3080.0	43.0	11.4703484746	4.52666042116
3090.0	41.0	5.82988353663	5.31304446122
3090.0	42.0	8.00651370037	5.81327540142
3090.0	43.0	10.812645007	4.50374908039
3100.0	41.0	5.40895331738	5.38631301973
3100.0	42.0	8.5034218242	5.80683158683
3100.0	43.0	10.1286334007	4.53787743175
3110.0	41.0	4.98802309813	5.45982023804
3110.0	42.0	9.00032994803	5.80014911244
3110.0	43.0	9.44462179445	4.57200578311
3120.0	41.0	4.56709287887	5.53332745636
3120.0	42.0	9.4808217933	5.7457346781
3120.0	43.0	8.78355088511	4.67630011559
3130.0	41.0	4.15942196153	5.60922127267
3130.0	42.0	9.9596299177	5.68606972817
3130.0	43.0	8.13258230104	4.81042692302
3140.0	41.0	3.78289988041	5.69084292417
3140.0	42.0	10.4384380421	5.62640477824
3140.0	43.0	7.48140325186	4.94479239026
3150.0	41.0	3.40616733418	5.77246457567
3150.0	42.0	10.9172461665	5.56673982832
3150.0	43.0	6.82306838895	5.04264290815
3160.0	41.0	3.02964525306	5.85408622717
3160.0	42.0	11.4703484746	5.48201559942
3160.0	43.0	6.15778817742	5.10421713647
3170.0	41.0	2.66680340407	5.94525427066
3170.0	42.0	12.031658922	5.39442745292
3170.0	43.0	5.4925079659	5.1657913648
3180.0	41.0	2.31785225231	6.04573004634
3180.0	42.0	12.5927589042	5.30707796623
3180.0	43.0	4.82701728926	5.21829652073
3190.0	41.0	1.96890110055	6.14620582202
3190.0	42.0	13.0989274929	5.2445490987
3190.0	43.0	4.16173707774	5.25672074849
3200.0	41.0	1.61994994879	6.2466815977
3200.0	42.0	13.5987821282	5.18488414877
3200.0	43.0	3.49645686621	5.29514497624
3210.0	41.0	1.27962786652	6.39369603432
3210.0	42.0	14.1041088564	5.08679497109
3210.0	43.0	2.82844060826	5.32044291501
3220.0	41.0	0.942883691122	6.56075789412
3220.0	42.0	14.6153286077	4.95052022546
3220.0	43.0	2.15389993191	5.31495373962
3230.0	41.0	0.606139515722	6.72781975392
3230.0	42.0	15.1263378939	4.81400682002
3230.0	43.0	1.47956972067	5.30970322402
3240.0	41.0	0.269395340321	6.89488161372
3240.0	43.0	0.805029044318	5.30421404863
3250.0	43.0	0.130488367968	5.29872487324
3340.0	51.0	0.429559288746	3.24219337911
3350.0	51.0	1.0298057814	3.23336296652
3360.0	51.0	1.62984180894	3.22453255393
3370.0	51.0	2.17368365221	3.19589337796
3380.0	51.0	2.69332200788	3.15842378941
3390.0	51.0	3.21296036354	3.12119286065
3400.0	51.0	3.74859406754	3.07680213791
3410.0	51.0	4.30022311987	3.02525162117
3420.0	51.0	4.85206263731	2.97346244463
3430.0	51.0	5.40390215475	2.92191192789
3440.0	51.0	5.99215213615	2.89327275193
3450.0	51.0	6.58966258238	2.87012275135
3460.0	51.0	7.18696256349	2.84697275078
3470.0	51.0	7.78173696329	2.8314598638
3480.0	51.0	8.37545903755	2.81928821401
3490.0	51.0	8.96897064669	2.80711656423
3500.0	51.0	9.56269272095	2.79470625464
3510.0	51.0	10.1825124688	2.77227223347
3520.0	51.0	10.8090671001	2.7474516143
3530.0	51.0	11.4356217315	2.72239233533
3540.0	51.0	12.0621763629	2.69733305636
3550.0	51.0	12.6885205291	2.67251243719
3560.0	51.0	13.3150751605	2.64745315822
3570.0	51.0	13.9416297918	2.62239387925
3570.0	54.0	15.1021344063	3.9149753545
3580.0	51.0	14.5681844232	2.59757326008
3580.0	54.0	14.832739066	4.02953205836
3580.0	55.0	15.0432041756	4.67343619799
3590.0	51.0	15.1945285894	2.57251398111
3590.0	54.0	14.5633437256	4.14408876222
3590.0	55.0	14.9503890622	4.50494237939
3600.0	54.0	14.3564565229	4.25649752789
3600.0	55.0	14.8575739489	4.33668722059
3610.0	54.0	14.2954216411	4.36437175736
3610.0	55.0	14.7647588356	4.168193402
3620.0	54.0	14.2341762942	4.47224598683
3620.0	55.0	14.61006698	4.00304082059
3630.0	54.0	14.1152635073	4.56436866952
3630.0	55.0	14.2082890857	3.85101452818
3630.0	58.0	14.8569425536	4.7459887771
3640.0	54.0	13.7644181695	4.59420114448
3640.0	55.0	13.8065111914	3.69922689556
3640.0	58.0	14.4743169843	4.93047280228
3650.0	54.0	13.4135728318	4.62403361945
3650.0	55.0	13.2677205108	3.73741246351
3650.0	58.0	14.0422321142	5.11113827066
3650.0	59.0	14.9975332468	4.38704443833
3660.0	54.0	12.9577054043	4.61400990786
3660.0	55.0	12.7289298302	3.77559803147
3660.0	57.0	0.211096504954	6.31135840342
3660.0	58.0	13.4950228292	5.28297332646
3660.0	59.0	14.4898914024	4.5837001133
3670.0	54.0	12.4753193731	4.59420114448
3670.0	55.0	12.2151844976	3.80614648583
3670.0	57.0	0.639393003042	5.94095839427
3670.0	58.0	12.9478135442	5.45480838225
3670.0	59.0	13.982249558	4.78011712846
3680.0	54.0	11.9653624124	4.58895062889
3680.0	55.0	11.7262740479	3.8292964864
3680.0	57.0	1.06747903602	5.57055838511
3680.0	58.0	12.4414344904	5.55051096194
3680.0	59.0	13.4748181787	4.97677280342
3690.0	54.0	11.4137333601	4.60541815507
3690.0	55.0	11.2375740633	3.85244648697
3690.0	57.0	1.51892669617	5.23667332531
3690.0	58.0	11.945368227	5.62735941744
3690.0	59.0	12.9541274975	5.07366868211
3700.0	54.0	10.8621043078	4.62188568125
3700.0	55.0	10.7436124511	3.86628875536
3700.0	57.0	2.06255807433	5.04765476394
3700.0	58.0	11.4493019636	5.70396921315
3700.0	59.0	12.4279647234	5.12784445664
3710.0	54.0	10.3565671145	4.61735114506
3710.0	55.0	10.2422845599	3.86628875536
3710.0	57.0	2.60618945249	4.85863620257
3710.0	58.0	11.0428938369	5.78630684405
3710.0	59.0	11.9207438092	5.17414445779
3720.0	54.0	9.89691131503	4.59229186609
3720.0	55.0	9.74074620369	3.86628875536
3720.0	57.0	3.11004292494	4.5786882575
3720.0	58.0	10.6364857103	5.86864447495
3720.0	59.0	11.4324647549	5.21233002574
3730.0	54.0	9.4370450505	4.56723258712
3730.0	55.0	9.23941831256	3.86628875536
3730.0	57.0	3.60379407212	4.27559031187
3730.0	58.0	10.2351287462	5.95575530185
3730.0	59.0	10.9441857005	5.2505155937
3740.0	54.0	8.97738925108	4.54217330815
3740.0	55.0	8.77639507138	3.90614494191
3740.0	57.0	4.09712428908	3.99039185121
3740.0	58.0	9.87944271093	6.08749551129
3740.0	59.0	10.5057868772	5.34001301859
3750.0	54.0	8.52320554451	4.55911815393
3750.0	55.0	8.31337183021	3.94576246866
3750.0	57.0	4.58813938984	3.77559803147
3750.0	58.0	9.52396714077	6.21923572073
3750.0	59.0	10.0671775887	5.42951044348
3760.0	54.0	8.07133695414	4.59420114448
3760.0	55.0	7.85034858903	3.98561865521
3760.0	57.0	5.07915449059	3.56080421172
3760.0	58.0	9.15249622229	6.35216922917
3760.0	59.0	9.63004155603	5.61375580886
3760.0	61.0	0.153218599807	3.56581606752
3770.0	54.0	7.61946836377	4.62928413504
3770.0	55.0	7.40563581239	3.9992222638
3770.0	57.0	5.59332075341	3.36987637195
3770.0	58.0	8.71809623602	6.49083057281
3770.0	59.0	9.19332645355	5.86124602116
3770.0	61.0	0.624870910478	3.53288101516
3780.0	54.0	7.17538698246	4.67820939398
3780.0	55.0	6.96092303575	4.01258721258
3780.0	57.0	6.19946026913	3.27441245207
3780.0	58.0	8.28348578464	6.62925325664
3780.0	59.0	8.75682181619	6.10873623347
3780.0	61.0	1.09652322115	3.5001846226
3790.0	54.0	6.74919513547	4.75983104549
3790.0	55.0	6.51599979401	4.02619082117
3790.0	57.0	6.80559978485	3.17894853218
3790.0	58.0	7.84045672888	6.75574295049
3790.0	59.0	8.27317299427	6.13355685264
3790.0	61.0	1.56838599693	3.46724957024
3800.0	54.0	6.32321375359	4.84121403719
3800.0	55.0	6.07128701737	4.03955576995
3800.0	57.0	7.38037999924	3.2505464721
3800.0	58.0	7.32144976854	6.77149449727
3800.0	59.0	7.7840520795	6.13355685264
3800.0	61.0	2.00825807605	3.43550781688
3800.0	63.0	15.2928157956	2.79780883204
3810.0	54.0	5.89723237171	4.92283568869
3810.0	55.0	5.62657424073	4.05315937853
3810.0	57.0	7.9414799815	3.39374235193
3810.0	58.0	6.8022323431	6.78748470385
3810.0	59.0	7.29514162984	6.13355685264
3810.0	61.0	2.44034294611	3.40400472331
3810.0	63.0	14.8394739495	2.72430161373
3820.0	54.0	5.4596754088	4.9937176492
3820.0	55.0	5.17659983635	4.12523463805
3820.0	57.0	8.50279042887	3.53693823175
3820.0	58.0	6.28301491765	6.80108831243
3820.0	59.0	6.81738583099	6.13021561544
3820.0	61.0	2.87221735106	3.37274028955
3820.0	63.0	14.3852902429	2.67298975679
3830.0	54.0	4.97686844731	5.02164084577
3830.0	55.0	4.72452078087	4.22260783633
3830.0	57.0	9.07104622486	3.66939442059
3830.0	58.0	5.76400795731	6.79297387924
3830.0	59.0	6.35099514806	6.12377180085
3830.0	61.0	3.30430222112	3.34123719599
3830.0	63.0	13.9292123503	2.67298975679
3840.0	54.0	4.49406148583	5.04980270214
3840.0	55.0	4.2724417254	4.31974237481
3840.0	57.0	9.64224853238	3.79731607324
3840.0	58.0	5.24479053187	6.78509810585
3840.0	59.0	5.88439400002	6.11732798626
3840.0	61.0	3.76206383456	3.335270701
3840.0	63.0	13.5259612003	2.59351604349
3850.0	54.0	4.01125452435	5.0777258987
3850.0	55.0	3.8024731356	4.26413464148
3850.0	57.0	10.213661305	3.92499906609
3850.0	58.0	4.72873008307	6.78032490986
3850.0	59.0	5.41800331709	6.11088417166
3850.0	61.0	4.21982544799	3.329304206
3850.0	63.0	13.1751158626	2.43432995708
3860.0	54.0	3.54107546945	5.02378878397
3860.0	55.0	3.3322940807	4.20828824835
3860.0	57.0	10.6747903602	4.03096401716
3860.0	58.0	4.24108242406	6.80347491043
3860.0	59.0	4.94677193664	6.08415427409
3860.0	61.0	4.67758706143	3.32333771101
3860.0	63.0	12.8474216869	2.2517552103
3870.0	54.0	3.07405339119	4.94908826666
3870.0	55.0	2.86232549091	4.15268051501
3870.0	57.0	11.123712439	4.13430371044
3870.0	58.0	3.75343476506	6.8268635708
3870.0	59.0	4.47448823064	6.05241252073
3870.0	61.0	5.13534867486	3.31737121602
3870.0	63.0	12.5546647194	2.03385881316
3880.0	54.0	2.60703131293	4.87462640915
3880.0	55.0	2.37131039015	4.03693051215
3880.0	57.0	11.572844983	4.23788206351
3880.0	58.0	3.26578710606	6.85001357138
3880.0	59.0	4.00220452464	6.02067076737
3880.0	61.0	5.58511261413	3.38300266094
3880.0	63.0	12.2675903099	1.81858767382
3890.0	54.0	2.14800690884	4.77749187066
3890.0	55.0	1.88008482428	3.92118050929
3890.0	57.0	12.1070054312	4.24217793991
3890.0	58.0	2.77813944706	6.87340223175
3890.0	59.0	3.52971035353	5.98869035421
3890.0	61.0	6.03508701851	3.44839544606
3890.0	63.0	12.0318693871	1.62765983405
3900.0	54.0	1.69403366738	4.665083105
3900.0	55.0	1.38906972353	3.80543050643
3900.0	57.0	12.6506368094	4.23549546551
3900.0	58.0	2.2761801606	6.75860686809
3900.0	59.0	3.05174408957	5.95122076565
3900.0	61.0	6.48485095778	3.51402689098
3900.0	63.0	11.7961484643	1.43673199427
3910.0	54.0	1.24006042591	4.55267433933
3910.0	55.0	0.869852298082	3.71521710214
3910.0	57.0	13.1944786526	4.22881299112
3910.0	58.0	1.77443133925	6.64381150442
3910.0	59.0	2.56072898881	5.90062488812
3910.0	61.0	6.93461489705	3.5794196761
3910.0	63.0	11.6406147483	1.18685518397
3920.0	54.0	0.786087184451	4.44050423347
3920.0	55.0	0.338848826497	3.63550472903
3920.0	57.0	13.7252716591	4.17988773218
3920.0	58.0	1.2724720528	6.52925480056
3920.0	59.0	2.06950342295	5.85002901058
3920.0	61.0	7.38437883632	3.64505112102
3920.0	63.0	11.5385391701	0.897599506722
3930.0	54.0	0.332113942989	4.3280954678
3930.0	57.0	14.2259681549	4.03167999656
3930.0	58.0	0.770723231449	6.4144594369
3930.0	59.0	1.57848832219	5.79943313304
3930.0	61.0	7.88549626234	3.66891710099
3930.0	63.0	11.4364635919	0.60810516967
3940.0	54.0	-0.121648833364	4.21592536194
3940.0	57.0	14.7266646507	3.88347226094
3940.0	58.0	0.268763944992	6.29966407324
3940.0	59.0	1.0824220588	5.68869498597
3940.0	61.0	8.39250671143	3.68848720457
3940.0	63.0	11.3316519673	0.348920627181
3950.0	57.0	15.2275716116	3.73550318511
3950.0	59.0	0.586355795417	5.5777181791
3950.0	61.0	8.89930669541	3.70805730815
3950.0	63.0	11.2203159244	0.159424746209
3960.0	59.0	0.0902895320294	5.46698003204
3960.0	61.0	9.40610667938	3.72738875192
3960.0	63.0	11.1087694163	-0.0300711347639
3970.0	61.0	9.91290666336	3.7469588555
3970.0	63.0	10.9974333733	-0.219805675536
3980.0	61.0	10.4342287399	3.75769854649
3990.0	61.0	10.9557612816	3.76867689728
4000.0	61.0	11.4770833581	3.77941658826
4010.0	61.0	11.9984054346	3.79039493905
4010.0	65.0	12.6228554149	12.3427688618
4010.0	66.0	13.3811612049	12.2842972109
4020.0	61.0	12.5134135579	3.81068102202
4020.0	65.0	12.7099879703	12.0110317402
4020.0	66.0	13.3958937626	12.0678327725
4030.0	61.0	13.0237914487	3.83717225979
4030.0	65.0	12.7973309908	11.6792946186
4030.0	66.0	13.4106263202	11.8513683342
4040.0	61.0	13.5343798047	3.86366349756
4040.0	65.0	12.8846740113	11.3473188372
4040.0	66.0	13.4251484128	11.6349038958
4050.0	61.0	14.0449681606	3.89015473533
4050.0	65.0	12.9718065667	11.0155817156
4050.0	66.0	13.4398809705	11.4184394575
4060.0	61.0	14.5555565166	3.9166459731
4060.0	65.0	13.0042181935	10.7339631519
4060.0	66.0	13.4706088765	11.1661760492
4070.0	61.0	15.0661448725	3.94313721087
4070.0	65.0	12.9997984262	10.4855183004
4070.0	66.0	13.5255402701	10.8599755262
4080.0	65.0	12.995589124	10.2370734489
4080.0	66.0	13.5804716637	10.5540136629
4090.0	65.0	12.9913798219	9.98862859741
4090.0	66.0	13.6354030573	10.2478131399
4100.0	65.0	12.9869600546	9.74018374591
4100.0	66.0	13.6903344509	9.94185127666
4110.0	65.0	12.987801915	9.48648837881
4110.0	66.0	13.7090658457	9.6628579708
4120.0	65.0	12.9909588916	9.23016775392
4120.0	66.0	13.7189577058	9.39102445892
4130.0	65.0	12.9941158683	8.97384712903
4130.0	66.0	13.7286391009	9.11895228725
4140.0	65.0	12.9970623798	8.71776516393
4140.0	66.0	13.738530961	8.84711877538
4150.0	65.0	13.0002193565	8.46144453904
4150.0	66.0	13.7412670075	8.56788680971
4160.0	65.0	13.0033763331	8.20536257395
4160.0	66.0	13.7370577053	8.28149505006
4170.0	65.0	13.0065333097	7.94904194906
4170.0	66.0	13.7328484031	7.9951032904
4180.0	65.0	12.9492867999	7.663127509
4180.0	66.0	13.7286391009	7.70871153074
4190.0	65.0	12.8855158717	7.37387183175
4190.0	66.0	13.7244297987	7.42231977109
4200.0	65.0	12.8217449435	7.08461615449
4200.0	66.0	13.6583437543	7.12566564004
4210.0	65.0	12.6973600637	6.8256702718
4210.0	66.0	13.5305914327	6.81874913761
4220.0	65.0	12.532776348	6.58701047209
4220.0	66.0	13.4028391112	6.51207129498
4230.0	65.0	12.3300984474	6.37985376594
4230.0	66.0	13.1435460961	6.22711149412
4240.0	65.0	12.0392356659	6.2466815977
4240.0	66.0	12.8278484317	5.95169808525
4250.0	65.0	11.7483728844	6.11327076966
4250.0	66.0	12.5009961164	5.69394550156
4260.0	65.0	11.4572996378	5.97985994162
4260.0	66.0	12.0733310137	5.59394704548
4270.0	65.0	11.0955101143	5.97818932302
4270.0	66.0	11.6454554458	5.4937099296
4280.0	65.0	10.7257229167	5.99107695221
4280.0	66.0	11.217790343	5.39371147352
4290.0	65.0	10.3559357191	6.00396458139
4290.0	66.0	10.7785496593	5.40922436051
4300.0	65.0	9.98846363772	6.02973983976
4300.0	66.0	10.3393089755	5.42473724749
4310.0	65.0	9.63025202114	6.10706561487
4310.0	66.0	9.90006829168	5.44048879427
4320.0	65.0	9.27182993944	6.18463004977
4320.0	66.0	9.46082760789	5.45600168125
4330.0	65.0	8.91340785775	6.26195582488
4330.0	66.0	9.02705901695	5.4987217854
4340.0	65.0	8.54698810189	6.34357747638
4340.0	66.0	8.60107763507	5.5817753957
4350.0	65.0	8.17236020676	6.42949500428
4350.0	66.0	8.17530671829	5.6650676658
4350.0	68.0	0.0822918578636	3.93263617968
4360.0	65.0	7.79773231163	6.51541253218
4360.0	66.0	7.74953580152	5.7483599359
4360.0	68.0	0.521532541652	3.98466401602
4370.0	65.0	7.42310441649	6.60133006007
4370.0	66.0	7.32776372183	5.8309362266
4370.0	68.0	0.960773225441	4.03645319255
4380.0	65.0	7.04847652136	6.68724758797
4380.0	66.0	6.94282303633	5.90659138311
4380.0	68.0	1.40253949054	4.04695422374
4390.0	65.0	6.6645881614	6.75526563089
4390.0	66.0	6.55788235082	5.98224653962
4390.0	68.0	1.84598947653	4.03000937796
4400.0	65.0	6.27122887151	6.80562284863
4400.0	66.0	6.17273120021	6.05790169613
4400.0	68.0	2.28964992762	4.01282587238
4410.0	65.0	5.87808004673	6.85574140657
4410.0	66.0	5.7877905147	6.13355685264
4410.0	68.0	2.7265754952	3.98967587181
4420.0	65.0	5.48493122195	6.90609862431
4420.0	66.0	5.39885099211	6.16983314219
4420.0	68.0	3.16202780701	3.96509391244
4430.0	65.0	5.10904053616	6.94905738826
4430.0	66.0	5.00991146953	6.20610943175
4430.0	68.0	3.59748011883	3.94027329327
4440.0	65.0	4.74072659432	6.98867491501
4440.0	66.0	4.62118241205	6.2426243811
4440.0	68.0	4.01988359385	3.91950989069
4450.0	65.0	4.37241265247	7.02853110156
4450.0	66.0	4.23224288946	6.27890067066
4450.0	68.0	4.4408138131	3.89898514792
4460.0	65.0	4.00409871063	7.06838728811
4460.0	66.0	3.85572080834	6.29894809384
4460.0	68.0	4.86174403235	3.87846040514
4460.0	70.0	5.12671960537	4.55148104034
4470.0	65.0	3.63578476878	7.10800481487
4470.0	66.0	3.49793012198	6.29512953704
4470.0	68.0	5.3131916925	3.85769700257
4470.0	70.0	5.57227424245	4.53740011215
4480.0	65.0	3.25463245525	7.0827068761
4480.0	66.0	3.14013943561	6.29107232045
4480.0	68.0	5.81073121165	3.83597896079
4480.0	70.0	6.01803934463	4.52331918397
4490.0	65.0	2.87179642084	7.05024914334
4490.0	66.0	2.78234874925	6.28701510385
4490.0	68.0	6.30827073081	3.81426091902
4490.0	70.0	6.46022653996	4.51138619398
4500.0	65.0	2.48917085154	7.01779141057
4500.0	66.0	2.42455806289	6.28319654706
4500.0	68.0	6.79612885492	3.79970267124
4500.0	70.0	6.86979164329	4.51783000858
4510.0	65.0	2.10654528224	6.98509501801
4510.0	66.0	2.06676737652	6.27913933046
4510.0	68.0	7.19790674919	3.85029854878
4510.0	70.0	7.27914628151	4.52427382317
4520.0	65.0	1.75338482829	7.01254089498
4520.0	66.0	1.72328831761	6.30109603203
4520.0	68.0	7.59968464347	3.90089442632
4520.0	70.0	7.68871138484	4.53071763776
4530.0	65.0	1.42947902458	7.09965172188
4530.0	66.0	1.401487165	6.36195428096
4530.0	68.0	8.00146253774	3.95172896366
4530.0	70.0	8.08459625605	4.54646918454
4540.0	65.0	1.10578368597	7.18676254877
4540.0	66.0	1.07947554727	6.42281252989
4540.0	68.0	8.39945206005	3.94528514906
4540.0	70.0	8.45943461629	4.57630165951
4550.0	65.0	0.781877882259	7.27411203547
4550.0	66.0	0.757674394652	6.48367077882
4550.0	68.0	8.79617879169	3.92499906609
4550.0	70.0	8.83427297653	4.60613413447
4560.0	65.0	0.458182543655	7.36122286236
4560.0	66.0	0.435873242034	6.54452902774
4560.0	68.0	9.19311598844	3.90447432331
4560.0	70.0	9.19037994202	4.64455836222
4570.0	65.0	0.134276739941	7.44857234906
4570.0	66.0	0.113861624307	6.60514861687
4570.0	68.0	9.56753341847	3.90280370471
4570.0	70.0	9.47092993315	4.71758826094
4580.0	68.0	9.88933457108	3.94480782946
4580.0	70.0	9.75147992428	4.79037949985
4590.0	68.0	10.2113461888	3.98705061401
4590.0	70.0	10.0322403805	4.86340939856
4600.0	68.0	10.5331473414	4.02905473876
4600.0	70.0	10.2940589769	4.94025785407
4610.0	68.0	10.8345333784	4.15769237081
4610.0	70.0	10.5434601318	5.01973156737
4620.0	68.0	11.1336042992	4.29587639484
4620.0	70.0	10.7928612867	5.09944394048
4630.0	68.0	11.3680624313	4.44599340886
4630.0	70.0	11.0471031391	5.18655476737
4640.0	68.0	11.6027310285	4.59587176308
4640.0	70.0	11.3019763869	5.27438157367
4650.0	68.0	11.8371891607	4.7459887771
4650.0	70.0	11.5749496341	5.42282796909
4660.0	68.0	12.0886949667	4.90326558511
4660.0	70.0	11.8481333464	5.57103570471
4670.0	68.0	12.3572484466	5.06770218712
4670.0	70.0	12.1211065936	5.71948210013
4670.0	72.0	0.523847657858	4.11091505006
4680.0	68.0	12.6258019264	5.23237744892
4680.0	70.0	12.3671403067	5.87413365035
4680.0	72.0	1.1085197324	4.17057999999
4690.0	68.0	12.9337123818	5.42044137109
4690.0	70.0	12.5498240219	6.04382076794
4690.0	72.0	1.69298134183	4.23024494992
4700.0	68.0	13.2679309759	5.62401818025
4700.0	70.0	12.732507737	6.21326922574
4700.0	72.0	2.27765341637	4.28990989985
4710.0	68.0	13.60214957	5.8275949894
4710.0	70.0	12.9154019173	6.38295634334
4710.0	72.0	2.82086386431	4.20112845436
4720.0	68.0	13.9359472339	6.01637489098
4720.0	70.0	13.1403891195	6.50634345979
4720.0	72.0	3.35944407984	4.09587948268
4730.0	68.0	14.2676402466	6.14668314162
4730.0	70.0	13.4076798087	6.5836692349
4730.0	72.0	3.89802429537	3.99063051101
4740.0	68.0	14.5993332594	6.27675273246
4740.0	70.0	13.675180963	6.6612336698
4740.0	72.0	4.43786730156	3.95483154105
4750.0	68.0	14.9308158071	6.40682232331
4750.0	70.0	13.9424716523	6.73855944491
4750.0	72.0	4.97897309841	3.98895989241
4750.0	73.0	14.7205611625	4.65171815621
4750.0	74.0	15.0482553382	5.17891765378
4760.0	70.0	14.2409111777	6.88127800514
4760.0	72.0	5.52028936037	4.02308824377
4760.0	73.0	14.1074762982	4.59992897968
4760.0	74.0	14.5023088439	5.20875012875
4770.0	70.0	14.5469274471	7.04046409155
4770.0	72.0	6.06139515722	4.05721659513
4770.0	73.0	13.5091239915	4.54098000915
4770.0	74.0	13.9565728146	5.23858260371
4780.0	70.0	14.8531541816	7.19965017796
4780.0	72.0	6.60649979115	4.09062896709
4780.0	73.0	12.9688600551	4.45339186265
4780.0	74.0	13.4106263202	5.26841507867
4790.0	70.0	15.159170451	7.35859760456
4790.0	72.0	7.16065442479	4.12237072045
4790.0	73.0	12.4285961187	4.36580371616
4790.0	74.0	12.8316368036	5.29944085264
4800.0	72.0	7.71501952354	4.15435113361
4800.0	73.0	11.882018229	4.32117433361
4800.0	74.0	12.2446496129	5.3309439462
4810.0	72.0	8.26622764565	4.15339649441
4810.0	73.0	11.3089217355	4.44694804806
4810.0	74.0	11.657451957	5.36220837996
4820.0	72.0	8.81112181447	4.07607071931
4820.0	73.0	10.7360357071	4.57296042231
4820.0	74.0	11.0704647663	5.39371147352
4830.0	72.0	9.35580551818	3.998983604
4830.0	73.0	10.1631496787	4.69897279656
4830.0	74.0	10.5074705981	5.39967796852
4840.0	72.0	9.90048922189	3.92165782889
4840.0	73.0	9.59931365002	4.70995114734
4840.0	74.0	9.94447642981	5.40564446351
4850.0	72.0	10.4447519954	3.98203875822
4850.0	73.0	9.04158110951	4.64431970242
4850.0	74.0	9.38148226156	5.4116109585
4860.0	72.0	10.9888043038	4.05769391473
4860.0	73.0	8.48384856901	4.5786882575
4860.0	74.0	8.81848809331	5.4175774535
4870.0	72.0	11.5330670773	4.13358773104
4870.0	73.0	7.9261160285	4.51305681258
4870.0	74.0	8.26664857587	5.40707642231
4880.0	72.0	12.0771193856	4.20924288755
4880.0	73.0	7.38732534786	4.4111490781
4880.0	74.0	7.71480905843	5.39633673132
4890.0	72.0	12.6283275078	4.28800062145
4890.0	73.0	6.86116257379	4.28537536365
4890.0	74.0	7.16275907589	5.38583570013
4900.0	72.0	13.1812193507	4.36747433476
4900.0	73.0	6.33499979973	4.15936298941
4900.0	74.0	6.61091955845	5.37509600915
4910.0	72.0	13.7343216588	4.44694804806
4910.0	73.0	5.80883702566	4.03335061516
4910.0	74.0	6.04182190202	5.34717281258
4920.0	72.0	14.2872135018	4.52666042116
4920.0	73.0	5.25489285713	3.98299339742
4920.0	74.0	5.4554661066	5.30158879083
4930.0	72.0	14.8403158099	4.60613413447
4930.0	73.0	4.70115915371	3.93287483948
4930.0	74.0	4.8693207763	5.25624342889
4940.0	73.0	4.14721498517	3.88251762174
4940.0	74.0	4.28296498088	5.21065940714
4950.0	73.0	3.59811151416	3.8281031874
4950.0	74.0	3.72102313818	5.15433569441
4960.0	73.0	3.06710804257	3.75698256709
4960.0	74.0	3.21590687508	5.07247538311
4970.0	73.0	2.5363150361	3.68562328697
4970.0	74.0	2.71079061198	4.99061507181
4980.0	73.0	2.00531156451	3.61450266666
4980.0	74.0	2.20567434888	4.90899342031
4990.0	73.0	1.47451855804	3.54314338655
4990.0	74.0	1.69508599292	4.86675063576
5000.0	73.0	0.943725551561	3.47202276623
5000.0	74.0	1.18323484631	4.8345315628
5000.0	76.0	15.0240518506	3.88943875593
5010.0	73.0	0.412722079976	3.40066348612
5010.0	74.0	0.671173234596	4.80231248983
5010.0	76.0	14.6340600025	3.89635989012
5020.0	73.0	-0.1180709265	3.3295428658
5020.0	74.0	0.159322087987	4.76985475707
5020.0	76.0	14.2440681543	3.90351968411
5030.0	76.0	13.8540763062	3.9104408183
5040.0	76.0	13.6000449189	3.90280370471
5050.0	76.0	13.4815530622	3.88036968354
5060.0	76.0	13.3632716706	3.85817432217
5070.0	76.0	13.2361507443	3.84242277539
5080.0	76.0	13.0888251676	3.84242277539
5090.0	76.0	12.9414995909	3.84242277539
5090.0	81.0	15.1680099856	6.98676563661
5100.0	76.0	12.7941740141	3.84242277539
5100.0	81.0	14.8390530193	6.92710068668
5110.0	76.0	12.6291693682	3.84385473418
5110.0	81.0	14.510306518	6.86743573675
5120.0	76.0	12.4231240259	3.84886658998
5120.0	81.0	14.1813495517	6.80777078683
5130.0	76.0	12.2168682184	3.85363978597
5130.0	81.0	13.9056402581	6.7438099605
5140.0	76.0	12.010612411	3.85841298197
5140.0	81.0	13.6831786372	6.67555325778
5150.0	76.0	11.8045670687	3.86342483776
5150.0	81.0	13.4607170163	6.60753521487
5160.0	76.0	11.5524298673	3.88776813733
5160.0	81.0	13.2382553954	6.53927851215
5170.0	76.0	11.2314705752	3.94146659227
5170.0	81.0	12.9410786607	6.39178675593
5180.0	76.0	10.910511283	3.9951650472
5180.0	81.0	12.6439019259	6.2445336595
5190.0	76.0	10.5895519908	4.04886350214
5190.0	81.0	12.3469356562	6.09704190328
5200.0	76.0	10.2734333962	4.10136865808
5200.0	81.0	12.0487065958	5.98725839541
5210.0	76.0	9.96447061522	4.15220319541
5210.0	81.0	11.7500566053	5.90253416651
5220.0	76.0	9.65550783429	4.20303773275
5220.0	81.0	11.4514066147	5.81780993761
5230.0	76.0	9.34654505336	4.25363361029
5230.0	81.0	11.158228717	5.69991199656
5240.0	76.0	9.03737180732	4.30446814763
5240.0	81.0	10.8705229122	5.54884034334
5250.0	76.0	8.7768160016	4.37797536594
5250.0	81.0	10.5828171073	5.39776869012
5260.0	76.0	8.53709624174	4.46126763604
5260.0	81.0	10.3014252557	5.21662590214
5270.0	76.0	8.29716601677	4.54455990614
5270.0	81.0	10.0261368923	5.00541197939
5280.0	76.0	8.0574462569	4.62785217624
5280.0	81.0	9.75105899406	4.79419805664
5290.0	76.0	7.83477417092	4.69849547696
5290.0	81.0	9.45430318949	4.79014084005
5290.0	86.0	0.414195335743	3.61235472846
5300.0	76.0	7.63798929342	4.7502846535
5300.0	81.0	9.15523226871	4.80899496423
5300.0	86.0	0.947934853753	3.62929957424
5310.0	76.0	7.44141488103	4.80231248983
5310.0	81.0	8.85616134793	4.8278490884
5310.0	86.0	1.48146390665	3.64648307982
5320.0	76.0	7.24463000353	4.85410166637
5320.0	81.0	8.55477531095	4.83715682059
5320.0	86.0	1.95732551952	3.61569596566
5320.0	88.0	0.516691844131	4.33525526179
5320.0	89.0	14.9202925516	6.82376099341
5330.0	76.0	7.04784512603	4.90612950271
5330.0	81.0	8.23360555366	4.76197898368
5330.0	86.0	2.40835224944	3.56462276852
5330.0	88.0	1.08705229122	4.36604237596
5330.0	89.0	14.3852902429	6.69440738196
5340.0	76.0	6.81864862165	4.98536455621
5340.0	81.0	7.91243579637	4.68656248697
5340.0	86.0	2.85937897937	3.51331091158
5340.0	88.0	1.65720227319	4.39682949012
5340.0	89.0	13.8502879342	6.56505377052
5350.0	76.0	6.58124397799	5.07175940371
5350.0	81.0	7.59105557397	4.61114599026
5350.0	86.0	3.32913710406	3.46915884863
5350.0	88.0	2.18420690769	4.39921608812
5350.0	89.0	13.2765600454	6.40037850872
5360.0	76.0	6.34404979944	5.15815425121
5360.0	81.0	7.26315093318	4.56532330872
5360.0	86.0	3.80121034495	3.42596142489
5360.0	88.0	2.64596735821	4.35959856137
5360.0	89.0	12.6929402964	6.22687283432
5370.0	76.0	6.10664515578	5.2443104389
5370.0	81.0	6.91925094405	4.58871196909
5370.0	86.0	4.27307312073	3.38252534134
5370.0	88.0	3.10793827384	4.31974237481
5370.0	89.0	12.1156345007	6.09322334648
5380.0	76.0	5.86587307037	5.3302279668
5380.0	81.0	6.57514048981	4.61186196966
5380.0	86.0	4.69189868888	3.30376760743
5380.0	88.0	3.56969872436	4.27988618826
5380.0	89.0	11.542117077	5.98630375621
5390.0	76.0	5.59479400918	5.4111336389
5390.0	81.0	6.23124050068	4.63525063003
5390.0	86.0	5.07515565351	3.20138255336
5390.0	88.0	3.98578824609	4.14719133962
5390.0	89.0	10.9688101184	5.87914550614
5400.0	76.0	5.32371494798	5.49203931101
5400.0	81.0	5.88544632557	4.661503208
5400.0	86.0	5.45862308325	3.09923615908
5400.0	88.0	4.39072311701	3.99110783061
5400.0	89.0	10.3929775784	5.93881045607
5410.0	76.0	5.05263588678	5.57294498311
5410.0	81.0	5.5318649414	4.69968877596
5410.0	86.0	5.86755679125	3.12906863404
5410.0	88.0	4.79860449946	3.87225525035
5410.0	89.0	9.81588224783	6.06959602631
5420.0	76.0	4.78155682558	5.65385065521
5420.0	81.0	5.17828355723	4.73787434391
5420.0	86.0	6.28301491765	3.19183616137
5420.0	88.0	5.21953471871	3.90208772531
5420.0	89.0	9.23878691723	6.20062025636
5430.0	76.0	4.51047776438	5.73475632731
5430.0	81.0	4.82470217306	4.77605991187
5430.0	86.0	6.69826257894	3.25460368869
5430.0	88.0	5.65098819345	3.94981968526
5430.0	89.0	8.67958112096	6.3292578884
5430.0	97.0	0.315697664438	3.5798969957
5440.0	76.0	4.26254986525	5.79633055564
5440.0	81.0	4.47112078888	4.81424547982
5440.0	86.0	7.11372070534	3.31737121602
5440.0	88.0	6.0893870168	4.00948463519
5440.0	89.0	8.13237183593	6.45646356165
5440.0	97.0	0.806712765195	3.55340575793
5450.0	76.0	4.10827893989	5.78034034906
5450.0	81.0	4.09565103331	4.84121403719
5450.0	86.0	7.52265441335	3.27656039027
5450.0	88.0	6.51621025912	4.06175113132
5450.0	89.0	7.5851625509	6.58390789469
5450.0	97.0	1.29793833106	3.52691452017
5460.0	76.0	3.95400801453	5.76435014248
5460.0	81.0	3.63262779214	4.82331455221
5460.0	86.0	7.93158812135	3.23551090472
5460.0	88.0	6.89652071221	4.0849011319
5460.0	89.0	7.07688931116	6.73617284691
5460.0	97.0	1.78895343182	3.5004232824
5470.0	76.0	3.79952662407	5.7485985957
5470.0	81.0	3.16960455096	4.80541506723
5470.0	86.0	8.34052182935	3.19470007896
5470.0	88.0	7.27662070019	4.10805113247
5470.0	89.0	6.5945032799	6.90514398511
5470.0	97.0	2.27302318396	3.47918256022
5480.0	76.0	3.64525569871	5.73260838912
5480.0	81.0	2.70658130978	4.78751558225
5480.0	86.0	8.78376135022	3.161287707
5480.0	88.0	7.65356371153	4.12260938025
5480.0	89.0	6.11043352776	7.07435378311
5480.0	97.0	2.74656968061	3.46581761144
5490.0	76.0	3.49098477336	5.71661818254
5490.0	81.0	2.25197667299	4.7500459937
5490.0	86.0	9.26151714907	3.13551244864
5490.0	88.0	8.00125207263	4.06031917252
5490.0	89.0	5.619418427	7.2433249213
5490.0	97.0	3.22011617727	3.45269132245
5500.0	76.0	3.33650338289	5.70086663576
5500.0	81.0	1.83104645374	4.63429599084
5500.0	86.0	9.73948341303	3.10973719027
5500.0	88.0	8.34915089884	3.9980289648
5500.0	89.0	5.12840332625	7.4122960595
5500.0	97.0	3.69366267393	3.43932637367
5510.0	76.0	3.18223245754	5.68487642917
5510.0	81.0	1.41011623449	4.51854598797
5510.0	86.0	10.2172392119	3.0839619319
5510.0	88.0	8.77302762963	3.92523772589
5510.0	89.0	4.69989636305	7.46098265864
5510.0	97.0	4.17520684475	3.47273874563
5520.0	76.0	2.96019176688	5.65862385121
5520.0	81.0	0.98918601524	4.40279598511
5520.0	86.0	10.7042554756	3.08825780829
5520.0	88.0	9.21605668539	3.85005988898
5520.0	89.0	4.28696381796	7.47912080342
5520.0	97.0	4.65864520156	3.51808410758
5530.0	76.0	2.70889642599	5.62783673704
5530.0	81.0	0.586355795417	4.25840680629
5530.0	86.0	11.1935868554	3.10019079828
5530.0	88.0	9.66371597357	3.93239751988
5530.0	89.0	3.88960569099	7.4924857522
5530.0	97.0	5.14208355837	3.56319080972
5540.0	76.0	2.4576010851	5.59704962288
5540.0	81.0	0.18541976158	4.11067639026
5540.0	86.0	11.6829182353	3.11212378826
5540.0	88.0	10.111796192	4.03263463576
5540.0	89.0	3.55412430625	7.48508729841
5540.0	97.0	5.63499284511	3.60829751187
5550.0	76.0	2.20651620931	5.56626250872
5550.0	86.0	12.1722496152	3.12405677825
5550.0	88.0	10.5598764104	4.13263309184
5550.0	89.0	3.21885338661	7.47745018482
5550.0	97.0	6.21208817571	3.65459751301
5560.0	76.0	1.95522086842	5.53547539455
5560.0	86.0	12.6630542508	3.13694440743
5560.0	88.0	11.0536275575	4.21640268154
5560.0	89.0	2.88337200187	7.47005173103
5560.0	97.0	6.7891835063	3.70065885436
5570.0	76.0	1.70413599264	5.50468828039
5570.0	86.0	13.1540693516	3.15030935622
5570.0	88.0	11.5587438206	4.29587639484
5570.0	89.0	2.61271387089	7.50418008239
5570.0	97.0	7.36627883689	3.7469588555
5580.0	76.0	1.43894995451	5.46149085664
5580.0	86.0	13.6450844524	3.163674305
5580.0	88.0	12.0638600837	4.37535010815
5580.0	89.0	2.34226620502	7.53830843375
5580.0	97.0	7.85097998436	3.76867689728
5590.0	76.0	1.16008368426	5.40588312331
5590.0	86.0	14.1363100182	3.17680059399
5590.0	88.0	12.55592751	4.4961119668
5590.0	89.0	2.07202900426	7.56981152731
5590.0	97.0	8.33568113183	3.79039493905
5600.0	76.0	0.881006948892	5.35051404978
5600.0	86.0	14.627325119	3.19016554277
5600.0	88.0	13.0448379597	4.62689753704
5600.0	89.0	1.80431738482	7.59152956909
5600.0	97.0	8.8203822793	3.81211298082
5610.0	76.0	0.601930213529	5.29490631644
5610.0	86.0	15.1183402197	3.20329183175
5610.0	88.0	13.5335379443	4.75768310729
5610.0	89.0	1.53639530027	7.61324761086
5610.0	97.0	9.33770551876	3.81855679542
5620.0	76.0	0.323063943275	5.23929858311
5620.0	88.0	14.051492579	4.84383929498
5620.0	89.0	1.26847321571	7.63496565263
5620.0	97.0	9.86870899034	3.81855679542
5630.0	88.0	14.5818646553	4.9106640389
5630.0	89.0	1.00644415423	7.88436514333
5630.0	97.0	10.399922927	3.81855679542
5640.0	88.0	15.1122367316	4.97748878282
5640.0	89.0	0.744836022965	8.1593012326
5640.0	97.0	10.9311368637	3.81855679542
5650.0	89.0	0.48343835681	8.43399866207
5650.0	97.0	11.4619298702	3.80065731044
5660.0	89.0	0.270658130978	8.95308372645
5660.0	97.0	11.9925124116	3.76461968068
5670.0	89.0	0.0902895320294	9.63493477423
5670.0	97.0	12.5228844878	3.72858205092
5680.0	97.0	13.0534670292	3.69278308097
5690.0	97.0	13.5838391055	3.65674545121
5700.0	97.0	14.1144216468	3.62070782145
5710.0	97.0	14.6450041882	3.5849088515
5710.0	98.0	14.9640692944	2.52979387696
5720.0	97.0	15.1753762644	3.54887122174
5720.0	98.0	14.4856821002	2.63098563204
5730.0	98.0	14.0075053711	2.73217738712
5740.0	98.0	13.5291181769	2.833607802
5750.0	98.0	13.0620960987	2.86033769957
5760.0	98.0	12.599914718	2.85508718397
5770.0	98.0	12.1379438023	2.84983666838
5780.0	98.0	11.6757624216	2.84482481258
5790.0	98.0	11.2133705757	2.83718769899
5800.0	98.0	10.7478217532	2.80830986323
5810.0	98.0	10.2822729308	2.77919336766
5820.0	98.0	9.81651364315	2.7503155319
5830.0	98.0	9.38379737776	2.77036295507
5840.0	98.0	8.95928925165	2.80282068783
5850.0	98.0	8.53499159064	2.8352784206
5860.0	98.0	8.11048346453	2.86749749356
5860.0	99.0	0.479229054617	5.79680787524
5860.0	100.0	0.261818596374	4.93524599827
5870.0	98.0	7.68597533841	2.89995522632
5870.0	99.0	0.88816276262	5.78988674105
5870.0	100.0	0.623397654711	4.9109026987
5880.0	98.0	7.2614672123	2.93217429928
5880.0	99.0	1.29709647062	5.78296560686
5880.0	100.0	0.984766247938	4.88632073933
5890.0	98.0	6.79107769229	2.88372635994
5890.0	99.0	1.70603017862	5.77628313246
5890.0	100.0	1.34634530627	4.86197743976
5900.0	98.0	6.31542654453	2.82644800801
5900.0	99.0	2.10507202647	5.7443027193
5900.0	100.0	1.73296971266	4.8333382638
5910.0	98.0	5.83998586189	2.76893099628
5910.0	99.0	2.50306154878	5.70969704834
5910.0	100.0	2.1778929544	4.79539135564
5920.0	98.0	5.36454517925	2.71141398454
5920.0	99.0	2.90105107108	5.67485271759
5920.0	100.0	2.62260573104	4.75744444749
5920.0	101.0	14.562080935	3.95411556165
5930.0	98.0	4.8891044966	2.65389697281
5930.0	99.0	3.29904059338	5.64024704663
5930.0	100.0	3.06752897279	4.71949753933
5930.0	101.0	13.8425007252	3.93860267467
5940.0	98.0	4.39766846563	2.64435058083
5940.0	99.0	3.69681965057	5.60540271587
5940.0	100.0	3.51245221454	4.68155063118
5940.0	101.0	13.1229205154	3.92332844749
5950.0	98.0	3.89065801654	2.68229748898
5950.0	99.0	4.10912080033	5.57294498311
5950.0	100.0	3.95926964228	4.64646764062
5950.0	101.0	12.4163891424	3.86628875536
5960.0	98.0	3.38364756745	2.72024439713
5960.0	99.0	4.54309985638	5.54382848754
5960.0	100.0	4.40650800023	4.61162330986
5960.0	101.0	11.7296414896	3.7469588555
5970.0	98.0	2.87663711836	2.75819130529
5970.0	99.0	4.97686844731	5.51447333218
5970.0	100.0	4.85374635818	4.5767789791
5970.0	101.0	11.0426833718	3.62762895564
5980.0	98.0	2.37257318081	2.78969439885
5980.0	99.0	5.41063703825	5.48535683661
5980.0	100.0	5.30098471614	4.54193464835
5980.0	101.0	10.3559357191	3.50829905579
5990.0	98.0	1.8956592424	2.76320316108
5990.0	99.0	5.84440562919	5.45600168125
5990.0	100.0	5.74885446942	4.50828361659
5990.0	101.0	9.6447741137	3.43264389928
6000.0	98.0	1.41853483888	2.73671192331
6000.0	99.0	6.29753701022	5.43667023747
6000.0	100.0	6.20030212957	4.48322433762
6000.0	101.0	8.91740669483	3.38586657853
6010.0	98.0	0.941410435355	2.71022068555
6010.0	99.0	6.77003118132	5.42688518568
6010.0	100.0	6.65196025482	4.45840371845
6010.0	101.0	8.18982881086	3.33908925779
6020.0	98.0	0.464496496944	2.68349078798
6020.0	99.0	7.24252535243	5.4171001339
6020.0	100.0	7.10361838008	4.43358309928
6020.0	101.0	7.46246139199	3.29255059685
6030.0	99.0	7.71501952354	5.40731508211
6030.0	100.0	7.55527650534	4.40876248011
6030.0	101.0	6.73488350802	3.2457732761
6040.0	99.0	8.18751369465	5.39753003032
6040.0	100.0	8.02103579294	4.40733052131
6040.0	101.0	6.06223701765	3.27679905007
6050.0	99.0	8.66337530752	5.4116109585
6050.0	100.0	8.51983810275	4.46031299684
6050.0	101.0	5.3898009924	3.30806348383
6060.0	99.0	9.14113110637	5.44144343347
6060.0	100.0	9.01885087767	4.51329547238
6060.0	101.0	4.71715450204	3.33908925779
6070.0	99.0	9.61909737033	5.47127590843
6070.0	100.0	9.51765318749	4.56627794792
6070.0	101.0	4.04450801167	3.37035369155
6070.0	104.0	0.363262779214	8.04378988954
6080.0	99.0	10.0970636343	5.5011083834
6080.0	100.0	10.0166659624	4.61949908325
6080.0	101.0	3.36091733561	3.38705987753
6080.0	104.0	0.729682535072	7.79629967724
6090.0	99.0	10.5750298982	5.53094085836
6090.0	100.0	10.5154682722	4.67248155879
6090.0	101.0	2.660910381	3.38204802174
6090.0	104.0	1.09589182582	7.54880946494
6100.0	99.0	10.9382926775	5.56626250872
6100.0	100.0	10.9772287227	4.73381712732
6100.0	101.0	1.96069296127	3.37727482575
6100.0	104.0	1.47704413935	7.31707079941
6110.0	99.0	11.2729322018	5.60301611787
6110.0	100.0	11.434569406	4.79610733504
6110.0	101.0	1.26068600666	3.37250162975
6110.0	104.0	1.91649528825	7.14857698082
6120.0	99.0	11.607361261	5.63976972703
6120.0	100.0	11.8921205543	4.85839754277
6120.0	101.0	0.560468586933	3.36748977396
6120.0	104.0	2.35594643715	6.98008316222
6130.0	99.0	11.9420007853	5.67652333618
6130.0	100.0	12.3496717026	4.92044909069
6130.0	101.0	-0.139538367682	3.36271657796
6130.0	104.0	2.79539758605	6.81158934362
6140.0	99.0	12.3439891446	5.84263055678
6140.0	100.0	12.7916484328	5.03572177395
6140.0	104.0	3.27862547775	6.68653160857
6150.0	99.0	12.753554248	6.02329602517
6150.0	100.0	13.1965833037	5.27438157367
6150.0	104.0	3.77279755515	6.57245222431
6160.0	99.0	13.1631193513	6.20396149355
6160.0	100.0	13.6017286398	5.51304137338
6160.0	104.0	4.26696963255	6.45837284005
6170.0	99.0	13.5737367802	6.40013984892
6170.0	100.0	14.0068739758	5.75170117309
6170.0	104.0	4.76114170995	6.34429345578
6180.0	99.0	13.9887739764	6.6593243914
6180.0	100.0	14.3958134984	5.96649499284
6180.0	104.0	5.26373239173	6.23498726751
6190.0	99.0	14.4036007074	6.91850893389
6190.0	100.0	14.7466588361	6.12568107925
6190.0	104.0	5.80041842128	6.14548984262
6200.0	99.0	14.8186379036	7.17745481658
6200.0	100.0	15.0972937088	6.28462850585
6200.0	104.0	6.33710445082	6.05599241773
6210.0	104.0	6.87379048037	5.96649499284
6220.0	104.0	7.40163697531	5.88797591873
6230.0	104.0	7.89454626205	5.85289292817
6240.0	104.0	8.38724508369	5.81804859741
6250.0	104.0	8.88015437043	5.78320426666
6260.0	104.0	9.37453691294	5.7457346781
6270.0	104.0	9.8830206178	5.68606972817
6280.0	104.0	10.3917147878	5.62640477824
6290.0	104.0	10.9004089577	5.56673982832
6290.0	108.0	0.222672085984	3.0779954369
6300.0	104.0	11.3920554538	5.43595425807
6300.0	108.0	0.765882533927	3.07035832331
6310.0	104.0	11.8670752062	5.23404806752
6310.0	108.0	1.30888251676	3.06248254992
6320.0	104.0	12.3418844936	5.03214187696
6320.0	108.0	1.8520929647	3.05484543633
6330.0	104.0	12.8166937809	4.8299970266
6330.0	108.0	2.40624759835	3.08897378769
6340.0	104.0	13.2828739987	4.71591764234
6340.0	108.0	2.96019176688	3.12310213905
6350.0	104.0	13.7429507283	4.6605485688
6350.0	108.0	3.51434640053	3.15723049041
6360.0	104.0	14.203027458	4.60494083547
6360.0	108.0	4.06850103417	3.19112018197
6370.0	104.0	14.6631041876	4.54957176194
6370.0	108.0	4.62034055161	3.22644183233
6380.0	104.0	15.1231809173	4.4939640286
6380.0	108.0	5.15239634874	3.27154853447
6390.0	108.0	5.68445214588	3.31641657682
6400.0	108.0	6.21671840812	3.36152327896
6400.0	109.0	0.448080218393	3.4128351359
6410.0	108.0	6.74877420525	3.40662998111
6410.0	109.0	0.936990668053	3.4128351359
6420.0	108.0	7.28083000239	3.45149802346
6420.0	109.0	1.4256906526	3.4128351359
6430.0	108.0	7.84214044976	3.47727328182
6430.0	109.0	1.91965226489	3.4171310123
6440.0	108.0	8.41081717596	3.4982753442
6440.0	109.0	2.42518945821	3.43097328068
6450.0	108.0	8.97949390217	3.51927740657
6450.0	109.0	2.93072665154	3.44505420886
6460.0	108.0	9.54817062838	3.54004080915
6460.0	109.0	3.43605337975	3.45913513705
6470.0	108.0	10.1166368895	3.56104287152
6470.0	109.0	3.94159057307	3.47321606523
6480.0	108.0	10.6823671042	3.5794196761
6480.0	109.0	4.44712776639	3.48729699341
6490.0	108.0	11.2217891801	3.57440782031
6490.0	109.0	4.95266495971	3.5013779216
6500.0	108.0	11.761000791	3.56939596451
6500.0	109.0	5.45820215303	3.51522018998
6510.0	108.0	12.300422867	3.56438410872
6510.0	109.0	5.96373934635	3.52930111816
6510.0	112.0	14.8771472041	4.44074289327
6520.0	108.0	12.8396344778	3.55961091273
6520.0	109.0	6.46927653967	3.54338204635
6520.0	112.0	14.4490611711	4.62355629985
6520.0	113.0	15.0088983627	5.19204394277
6530.0	108.0	13.3908425999	3.55603101573
6530.0	109.0	6.97649745387	3.55841761373
6530.0	112.0	14.0211856033	4.80660836623
6530.0	113.0	14.6151181426	5.32282951301
6530.0	114.0	0.315697664438	6.22902077252
6530.0	115.0	0.210465109626	6.94500017166
6540.0	108.0	13.9696216514	3.55603101573
6540.0	109.0	7.49824046063	3.5818062741
6540.0	112.0	13.5577414319	4.90493620371
6540.0	113.0	14.2213379225	5.45385374305
6540.0	114.0	0.751149976254	6.17961819398
6540.0	115.0	0.759568580639	6.92423676909
6550.0	108.0	14.5484007029	3.55603101573
6550.0	109.0	8.01998346739	3.60543359427
6550.0	112.0	13.0412600528	4.87581970815
6550.0	113.0	13.8275577024	5.58463931329
6550.0	114.0	1.18660228807	6.13021561544
6550.0	115.0	1.30846158654	6.90347336651
6560.0	108.0	15.1271797543	3.55603101573
6560.0	109.0	8.54172647415	3.62906091444
6560.0	112.0	12.5245682087	4.84694187238
6560.0	113.0	13.3855809722	5.56864910671
6560.0	114.0	1.62394878587	6.0824836555
6560.0	115.0	1.82683715155	6.86385583976
6570.0	109.0	9.0632590158	3.65244957481
6570.0	112.0	12.0131379923	4.81734805722
6570.0	113.0	12.943604242	5.55289755993
6570.0	114.0	2.07897435288	6.05026458254
6570.0	115.0	2.33195341465	6.81612387982
6580.0	109.0	9.58500202257	3.67607689499
6580.0	112.0	11.5490624256	4.78059444806
6580.0	113.0	12.5016275118	5.53690735335
6580.0	114.0	2.534210385	6.01804550957
6580.0	115.0	2.83706967775	6.76839191987
6590.0	109.0	10.1067450293	3.69946555536
6590.0	112.0	11.0849868589	4.7438408389
6590.0	113.0	11.9678879937	5.4941872492
6590.0	114.0	2.98923595201	5.98582643661
6590.0	115.0	3.29251617498	6.7488218163
6600.0	109.0	10.6284880361	3.72309287553
6600.0	112.0	10.6209112921	4.70708722975
6600.0	113.0	11.4343589408	5.45170580485
6600.0	114.0	3.44468244924	5.96649499284
6600.0	115.0	3.72649523103	6.74142336251
6600.0	117.0	0.527215099612	4.67653877539
6610.0	109.0	11.1982170878	3.68180473018
6610.0	112.0	10.1698845622	4.68393722918
6610.0	113.0	10.9174566316	5.42139601029
6610.0	114.0	3.90054987669	5.96649499284
6610.0	115.0	4.16068475219	6.73402490871
6610.0	117.0	0.953196481494	4.67081094019
6620.0	109.0	11.7677356745	3.64027792503
6620.0	112.0	9.77042178415	4.71448568354
6620.0	113.0	10.4681136226	5.44072745407
6620.0	114.0	4.35662776925	5.96649499284
6620.0	115.0	4.6112905519	6.72447851673
6620.0	117.0	1.37938832849	4.6648444452
6630.0	109.0	12.3374647262	3.59898977968
6630.0	112.0	9.37116947119	4.7450341379
6630.0	113.0	10.0187706135	5.46005889784
6630.0	114.0	4.81270566181	5.96649499284
6630.0	115.0	5.07831263015	6.71278418654
6630.0	117.0	1.80536971037	4.65911661001
6640.0	109.0	12.907193778	3.55770163433
6640.0	112.0	8.97170669312	4.77558259227
6640.0	113.0	9.56942760445	5.47939034162
6640.0	114.0	5.26373239173	5.98511045721
6640.0	115.0	5.54554517352	6.70108985635
6640.0	117.0	2.23408713867	4.64885423862
6650.0	109.0	13.4767123647	3.51617482918
6650.0	112.0	8.56929740351	4.79706197424
6650.0	113.0	9.14744505965	5.45934291845
6650.0	114.0	5.69497540136	6.0781877791
6650.0	115.0	6.01256725178	6.68939552617
6650.0	117.0	2.68742898481	4.59992897968
6660.0	109.0	14.0464414164	3.47488668383
6660.0	112.0	8.15931136996	4.79706197424
6660.0	113.0	8.75282297911	5.39967796852
6660.0	114.0	6.12600794587	6.17150376079
6660.0	115.0	6.49011258552	6.67984913418
6660.0	117.0	3.14077083094	4.55100372074
6670.0	109.0	14.6161704682	3.43359853848
6670.0	112.0	7.74953580152	4.79706197424
6670.0	113.0	8.35820089856	5.34001301859
6670.0	114.0	6.55725095549	6.26458108268
6670.0	115.0	6.98302187227	6.67364397939
6670.0	117.0	3.59411267708	4.50207846179
6680.0	109.0	15.1856890548	3.39207173333
6680.0	112.0	7.33976023308	4.79706197424
6680.0	113.0	7.97178695729	5.30063415164
6680.0	114.0	6.99080908132	6.34095221859
6680.0	115.0	7.47593115901	6.66743882459
6680.0	117.0	4.04324522102	4.44312949127
6690.0	112.0	6.92009280449	4.80636970643
6690.0	113.0	7.60515673632	5.30827126523
6690.0	114.0	7.44457185767	6.26625170128
6690.0	115.0	7.96884044575	6.6612336698
6690.0	117.0	4.47596148641	4.34360835478
6700.0	112.0	6.49095444596	4.82522383061
6700.0	113.0	7.23873698046	5.31590837882
6700.0	114.0	7.89833463403	6.19178984377
6700.0	115.0	8.44764857015	6.59798882288
6700.0	117.0	4.90846728669	4.2440872183
6710.0	112.0	6.06181608743	4.84383929498
6710.0	113.0	6.86011024824	5.32211353361
6710.0	114.0	8.35209741038	6.11708932646
6710.0	115.0	8.91719622972	6.4970357276
6710.0	117.0	5.34118355208	4.14480474162
6720.0	112.0	5.63267772891	4.86269341916
6720.0	113.0	6.43412886636	5.32211353361
6720.0	114.0	8.84816367377	5.98367849842
6720.0	115.0	9.3867438893	6.39608263232
6720.0	117.0	5.8008393515	4.11091505006
6730.0	112.0	5.20353937038	4.88130888354
6730.0	113.0	6.00835794959	5.32211353361
6730.0	114.0	9.34907063468	5.84382385578
6730.0	115.0	9.90343573343	6.34190685779
6730.0	117.0	6.27880561546	4.12093876165
6740.0	112.0	4.77945217449	4.88393414134
6740.0	113.0	5.58237656771	5.32211353361
6740.0	114.0	9.84976713047	5.70396921315
6740.0	115.0	10.4199171125	6.28749242345
6740.0	117.0	6.75677187942	4.13072381344
6750.0	112.0	4.36336265276	4.86221609956
6750.0	113.0	5.15639518583	5.32211353361
6750.0	114.0	10.3449915334	5.70396921315
6750.0	115.0	10.9237705849	6.27007025807
6750.0	117.0	7.23473814338	4.14074752503
6760.0	112.0	3.94727313103	4.84049805779
6760.0	113.0	4.73546496657	5.35194600857
6760.0	114.0	10.8402159364	5.70396921315
6760.0	115.0	11.4246775458	6.26195582488
6760.0	117.0	7.71270440734	4.15077123662
6770.0	112.0	3.53097314419	4.81878001601
6770.0	113.0	4.31453474732	5.38177848354
6770.0	114.0	11.3354403393	5.70396921315
6770.0	115.0	11.9253740416	6.25360273189
6770.0	117.0	8.17930555538	4.18394494878
6770.0	119.0	14.9867995262	3.72213823633
6780.0	112.0	3.11488362246	4.79706197424
6780.0	113.0	3.89360452807	5.4116109585
6780.0	114.0	11.8270868354	5.73404034792
6780.0	115.0	12.4742670475	6.31016510442
6780.0	117.0	8.64317065699	4.22284649613
6780.0	119.0	14.3722414061	3.71259184434
6790.0	112.0	2.68595572904	4.82450785121
6790.0	113.0	3.47267430882	5.44144343347
6790.0	114.0	12.3166286804	5.78392024606
6790.0	115.0	13.0284216811	6.37388727095
6790.0	117.0	9.10703575861	4.26174804348
6790.0	119.0	13.757683286	3.70304545235
6800.0	112.0	2.25681737051	4.85219238797
6800.0	113.0	3.05847897308	5.46530941344
6800.0	114.0	12.8061705254	5.8338001442
6800.0	115.0	13.5827867799	6.43737077767
6800.0	117.0	9.57111132533	4.30064959084
6800.0	119.0	13.1616460955	3.53646091215
6810.0	112.0	1.8278894771	4.87963826494
6810.0	113.0	2.67059177604	5.46530941344
6810.0	114.0	13.2955019053	5.88368004234
6810.0	115.0	13.9811972324	6.5831919153
6810.0	117.0	10.0349764269	4.33978979799
6810.0	119.0	12.5782368117	3.26534337968
6810.0	121.0	0.160374413535	3.22477121373
6820.0	112.0	1.39875111857	4.90732280171
6820.0	113.0	2.28291504411	5.46530941344
6820.0	114.0	13.7589460767	5.95456200285
6820.0	115.0	14.362349546	6.73784346551
6820.0	117.0	10.5358833879	4.35220010757
6820.0	119.0	12.0213461316	3.05054955994
6820.0	121.0	0.548472075684	3.21737275994
6830.0	112.0	0.969823225154	4.93476867867
6830.0	113.0	1.89523831218	5.46530941344
6830.0	114.0	14.1611449012	6.07389190271
6830.0	115.0	14.7432913944	6.89273367552
6830.0	117.0	11.040999651	4.36174649956
6830.0	119.0	11.5048647526	2.92024130929
6830.0	121.0	0.936569737834	3.20997430615
6840.0	112.0	0.631395328877	4.80135785064
6840.0	113.0	1.50840344069	5.42807848468
6840.0	114.0	14.5635541908	6.19322180256
6840.0	115.0	15.1244437079	7.04762388554
6840.0	117.0	11.5461159141	4.37129289155
6840.0	119.0	10.9711252346	2.80807120343
6840.0	121.0	1.32466739998	3.20257585235
6850.0	112.0	0.315697664438	4.62785217624
6850.0	113.0	1.12241042963	5.33547848239
6850.0	114.0	14.9659634804	6.31255170242
6850.0	117.0	12.0512321772	4.38083928354
6850.0	119.0	10.3687740908	2.76678305808
6850.0	121.0	1.762434828	3.19565471816
6860.0	113.0	0.736627883689	5.24263982031
6860.0	117.0	12.5563484403	4.39038567553
6860.0	119.0	9.76621248195	2.72573357253
6860.0	121.0	2.27512783505	3.18944956337
6870.0	113.0	0.350845337746	5.14980115822
6870.0	117.0	13.0303158671	4.37439546895
6870.0	119.0	9.17754157033	2.69232120057
6870.0	121.0	2.7878208421	3.18324440858
6880.0	117.0	13.5007053871	4.35578000457
6880.0	119.0	8.62086135537	2.67680831359
6880.0	121.0	3.30051384915	3.17727791359
6890.0	117.0	13.9710949072	4.33716454019
6890.0	119.0	8.06418114041	2.6615340864
6890.0	121.0	3.79594871721	3.20949698655
6900.0	117.0	14.4416948923	4.31831041602
6900.0	119.0	7.50813232078	2.64697583862
6900.0	121.0	4.27433591138	3.27990162746
6910.0	117.0	14.9120844123	4.29969495164
6910.0	119.0	6.95439861736	2.63671346723
6910.0	121.0	4.75272310556	3.35054492818
6920.0	119.0	6.40087537904	2.62621243605
6920.0	121.0	5.23111029974	3.42094956909
6930.0	119.0	5.84735214073	2.61595006466
6930.0	121.0	5.71518005188	3.48443307582
6940.0	119.0	5.2936184373	2.60544903347
6940.0	121.0	6.25207654654	3.48443307582
6950.0	119.0	4.76345682615	2.62692841545
6950.0	121.0	6.78897304119	3.48443307582
6960.0	119.0	4.24908009823	2.6691712
6960.0	121.0	7.32586953585	3.48443307582
6970.0	119.0	3.7344929052	2.71165264434
6970.0	121.0	7.8627660305	3.48443307582
6980.0	119.0	3.22011617727	2.75413408869
6980.0	121.0	8.38934973478	3.48920627181
6990.0	119.0	2.70594991446	2.78205728526
6990.0	121.0	8.87468227758	3.51354957138
7000.0	119.0	2.19494062828	2.67991089098
7000.0	121.0	9.36001482038	3.53789287095
7010.0	119.0	1.683720877	2.57752583691
7010.0	121.0	9.84555782828	3.56247483032
7010.0	124.0	0.403672080262	3.90757690071
7020.0	119.0	1.21669879875	2.64458924062
7020.0	121.0	10.3308903711	3.58681812989
7020.0	124.0	0.907525552705	3.96533257224
7030.0	119.0	0.749676720486	2.71165264434
7030.0	121.0	10.8290612856	3.59421658368
7030.0	124.0	1.41137902515	4.02332690357
7040.0	119.0	0.282865107337	2.77895470786
7040.0	121.0	11.3575391758	3.56247483032
7040.0	124.0	1.91523249759	4.0810825751
7050.0	121.0	11.8862275312	3.53049441716
7050.0	124.0	2.42245341179	4.20351505235
7060.0	121.0	12.4147054215	3.4987526638
7060.0	124.0	2.9298847911	4.32594752961
7070.0	121.0	12.9431833118	3.46701091044
7070.0	124.0	3.43710570529	4.44814134706
7080.0	121.0	13.4565077141	3.4956500864
7080.0	124.0	3.94853592168	4.56556196852
7090.0	121.0	13.9660437445	3.53980214935
7090.0	124.0	4.4976393927	4.63835320743
7100.0	121.0	14.4755797749	3.5837155525
7100.0	124.0	5.0465323986	4.71090578654
