0.0	5.0	-1.59	0.93
0.0	6.0	-1.72	1.32
0.0	7.0	-2.45	2.26
0.0	8.0	-1.45	-0.76
10.0	1.0	1.28	-6.35
10.0	5.0	-1.59	0.93
10.0	6.0	-1.72	1.32
10.0	7.0	-2.43	2.46
10.0	8.0	-1.45	-0.76
20.0	5.0	-1.59	0.93
20.0	6.0	-1.72	1.32
20.0	7.0	-2.43	2.59
20.0	8.0	-1.45	-0.76
30.0	5.0	-1.59	0.93
30.0	6.0	-1.72	1.32
30.0	7.0	-2.38	2.82
30.0	8.0	-1.45	-0.76
40.0	5.0	-1.59	0.93
40.0	6.0	-1.72	1.32
40.0	7.0	-2.41	3.35
40.0	8.0	-1.45	-0.76
50.0	5.0	-1.59	0.93
50.0	6.0	-1.72	1.32
50.0	7.0	-2.41	3.76
50.0	8.0	-1.45	-0.76
60.0	5.0	-1.59	0.93
60.0	6.0	-1.72	1.32
60.0	8.0	-1.45	-0.76
70.0	5.0	-1.59	0.93
70.0	6.0	-1.72	1.32
70.0	8.0	-1.45	-0.76
80.0	5.0	-1.59	0.93
80.0	6.0	-1.72	1.32
80.0	8.0	-1.45	-0.76
90.0	5.0	-1.59	0.93
90.0	6.0	-1.72	1.32
90.0	8.0	-1.45	-0.76
100.0	5.0	-1.59	0.93
100.0	6.0	-1.72	1.32
100.0	8.0	-1.45	-0.76
110.0	5.0	-1.59	0.93
110.0	6.0	-1.7	1.32
110.0	8.0	-1.45	-0.76
120.0	5.0	-1.59	0.93
120.0	6.0	-1.7	1.32
120.0	8.0	-1.45	-0.76
130.0	5.0	-1.59	0.93
130.0	6.0	-1.7	1.32
130.0	8.0	-1.45	-0.76
140.0	5.0	-1.59	0.93
140.0	6.0	-1.7	1.32
140.0	8.0	-1.45	-0.76
140.0	12.0	1.25	2.85
140.0	13.0	1.01	3.82
150.0	5.0	-1.59	0.93
150.0	6.0	-1.7	1.32
150.0	8.0	-1.45	-0.76
150.0	12.0	1.33	2.64
150.0	13.0	0.9	3.5
160.0	5.0	-1.59	0.93
160.0	6.0	-1.7	1.32
160.0	8.0	-1.45	-0.76
160.0	12.0	1.36	2.36
160.0	13.0	0.76	3.12
170.0	5.0	-1.59	0.93
170.0	6.0	-1.7	1.32
170.0	8.0	-1.45	-0.76
170.0	12.0	1.34	1.98
170.0	13.0	0.74	2.59
170.0	14.0	4.0	-2.41
170.0	16.0	3.58	-5.93
180.0	5.0	-1.59	0.93
180.0	6.0	-1.7	1.32
180.0	8.0	-1.51	-0.65
180.0	12.0	1.38	1.5
180.0	13.0	0.74	2.0
180.0	14.0	3.99	-1.8
180.0	16.0	3.44	-5.17
190.0	5.0	-1.59	0.93
190.0	6.0	-1.7	1.32
190.0	8.0	-1.45	-0.74
190.0	12.0	1.4	0.97
190.0	13.0	0.76	1.39
190.0	14.0	3.92	-1.35
190.0	16.0	3.35	-4.43
200.0	5.0	-1.59	0.93
200.0	6.0	-1.7	1.32
200.0	8.0	-1.45	-0.76
200.0	12.0	1.35	0.35
200.0	13.0	0.78	0.77
200.0	14.0	3.9	-0.88
200.0	16.0	3.25	-3.64
210.0	5.0	-1.59	0.93
210.0	6.0	-1.7	1.32
210.0	8.0	-1.55	-0.65
210.0	12.0	1.38	-0.29
210.0	13.0	0.77	0.1
210.0	14.0	3.89	-0.4
210.0	16.0	3.15	-2.85
220.0	5.0	-1.59	0.93
220.0	6.0	-1.7	1.32
220.0	8.0	-1.52	-0.61
220.0	12.0	1.32	-0.92
220.0	13.0	0.75	-0.6
220.0	14.0	3.82	0.08
220.0	16.0	3.13	-2.04
230.0	5.0	-1.59	0.93
230.0	6.0	-1.7	1.32
230.0	8.0	-1.45	-0.74
230.0	12.0	1.29	-1.63
230.0	13.0	0.72	-1.32
230.0	14.0	3.8	0.57
230.0	16.0	3.0	-1.24
230.0	18.0	3.29	-6.77
240.0	5.0	-1.6	0.93
240.0	6.0	-1.72	1.32
240.0	8.0	-1.45	-0.76
240.0	12.0	1.3	-2.37
240.0	13.0	0.7	-2.13
240.0	14.0	3.79	1.05
240.0	16.0	2.87	-0.36
240.0	18.0	3.29	-6.04
250.0	5.0	-1.61	0.93
250.0	6.0	-1.72	1.32
250.0	8.0	-1.45	-0.76
250.0	12.0	1.26	-3.13
250.0	13.0	0.72	-2.9
250.0	14.0	3.78	1.47
250.0	16.0	2.74	0.34
250.0	18.0	3.24	-5.34
260.0	12.0	1.24	-3.9
260.0	13.0	0.69	-3.56
260.0	14.0	3.72	1.99
260.0	16.0	2.62	1.08
260.0	18.0	3.25	-4.66
270.0	12.0	1.23	-4.67
270.0	13.0	0.69	-4.31
270.0	14.0	3.71	2.45
270.0	16.0	2.48	1.83
270.0	18.0	3.24	-3.93
280.0	12.0	1.24	-5.45
280.0	13.0	0.68	-5.1
280.0	14.0	3.7	2.92
280.0	16.0	2.27	2.56
280.0	18.0	3.27	-3.24
290.0	12.0	1.31	-6.13
290.0	13.0	0.71	-5.87
290.0	18.0	3.26	-2.57
300.0	12.0	1.26	-6.95
300.0	13.0	0.72	-6.6
300.0	18.0	3.21	-1.88
310.0	12.0	1.3	-7.73
310.0	13.0	0.77	-7.35
310.0	18.0	3.22	-1.22
320.0	12.0	1.3	-8.48
320.0	13.0	0.79	-8.19
320.0	18.0	3.22	-0.53
320.0	19.0	0.36	1.64
330.0	18.0	3.29	0.12
330.0	19.0	0.44	2.06
340.0	18.0	3.43	0.85
340.0	19.0	0.57	2.5
350.0	18.0	3.44	1.44
350.0	19.0	0.61	2.96
410.0	20.0	1.56	2.44
420.0	20.0	1.49	1.84
430.0	20.0	1.45	1.21
440.0	20.0	1.36	0.57
450.0	20.0	1.29	-0.06
460.0	20.0	1.22	-0.71
470.0	20.0	1.13	-1.34
480.0	20.0	1.1	-2.0
490.0	20.0	1.05	-2.65
500.0	20.0	1.08	-3.32
500.0	25.0	-0.67	2.78
510.0	20.0	1.06	-4.14
510.0	25.0	-0.45	2.56
520.0	20.0	1.04	-4.73
520.0	25.0	-0.29	2.33
530.0	20.0	1.07	-5.4
530.0	25.0	-0.09	2.1
530.0	27.0	2.38	-7.98
540.0	20.0	1.11	-6.11
540.0	25.0	0.05	1.83
540.0	27.0	2.42	-7.33
550.0	20.0	1.26	-6.86
550.0	25.0	0.15	1.52
550.0	27.0	2.49	-6.7
560.0	20.0	1.36	-7.58
560.0	25.0	0.27	1.22
560.0	27.0	2.44	-6.02
570.0	20.0	1.48	-8.26
570.0	25.0	0.26	0.9
570.0	27.0	2.44	-5.35
580.0	20.0	1.6	-8.94
580.0	25.0	0.3	0.59
580.0	27.0	2.44	-4.73
590.0	20.0	1.66	-9.65
590.0	25.0	0.27	0.28
590.0	27.0	2.35	-4.08
600.0	25.0	0.26	-0.05
600.0	27.0	2.42	-3.44
610.0	25.0	0.3	-0.39
610.0	27.0	2.46	-2.9
620.0	25.0	0.26	-0.78
620.0	27.0	2.44	-2.36
630.0	25.0	0.34	-1.18
630.0	27.0	2.62	-1.94
640.0	25.0	0.37	-1.57
640.0	27.0	2.84	-1.61
650.0	25.0	0.42	-1.96
650.0	27.0	3.04	-1.23
660.0	25.0	0.5	-2.33
670.0	25.0	0.54	-2.74
680.0	25.0	0.66	-3.14
690.0	25.0	0.71	-3.52
700.0	25.0	0.8	-3.9
710.0	25.0	0.89	-4.27
720.0	25.0	0.88	-4.65
720.0	30.0	-1.29	-7.53
730.0	25.0	0.94	-5.06
730.0	30.0	-1.29	-7.53
740.0	25.0	0.93	-5.46
740.0	30.0	-1.29	-7.53
750.0	25.0	0.97	-5.87
750.0	30.0	-1.29	-7.53
760.0	25.0	0.99	-6.24
760.0	30.0	-1.29	-7.53
770.0	25.0	0.97	-6.62
770.0	30.0	-1.29	-7.53
780.0	25.0	1.07	-6.99
780.0	30.0	-1.29	-7.53
790.0	25.0	1.13	-7.34
790.0	30.0	-1.29	-7.53
800.0	25.0	1.22	-7.67
800.0	30.0	-1.29	-7.53
810.0	30.0	-1.29	-7.53
870.0	32.0	2.22	3.7
880.0	32.0	2.16	3.0
890.0	32.0	2.16	2.36
900.0	32.0	2.09	1.72
910.0	32.0	2.04	1.11
920.0	32.0	2.05	0.46
930.0	32.0	2.04	-0.22
940.0	32.0	2.1	-0.86
950.0	32.0	2.16	-1.55
960.0	32.0	2.15	-2.24
960.0	35.0	0.55	1.93
970.0	32.0	2.26	-2.95
970.0	35.0	0.48	1.3
980.0	32.0	2.27	-3.64
980.0	35.0	0.35	0.66
990.0	35.0	0.27	-0.01
1000.0	37.0	0.05	-4.68
1000.0	38.0	-1.4	-7.32
1010.0	37.0	-0.22	-4.31
1010.0	38.0	-1.4	-7.3
1020.0	37.0	-0.52	-3.93
1020.0	38.0	-1.4	-7.28
1030.0	37.0	-0.78	-3.5
1030.0	38.0	-1.4	-7.28
1040.0	37.0	-1.05	-3.16
1040.0	38.0	-1.4	-7.28
1050.0	37.0	-1.24	-2.85
1050.0	38.0	-1.4	-7.28
1050.0	41.0	-1.74	1.3
1060.0	37.0	-1.37	-2.62
1060.0	38.0	-1.4	-7.28
1060.0	41.0	-1.74	1.3
1070.0	37.0	-1.57	-2.52
1070.0	38.0	-1.4	-7.28
1070.0	41.0	-1.74	1.3
1080.0	37.0	-1.66	-2.54
1080.0	38.0	-1.4	-7.28
1080.0	41.0	-1.74	1.3
1080.0	42.0	-2.17	-8.63
1090.0	38.0	-1.36	-7.32
1090.0	41.0	-1.74	1.3
1090.0	42.0	-2.18	-8.09
1100.0	38.0	-1.33	-7.38
1100.0	41.0	-1.74	1.3
1100.0	42.0	-2.08	-7.59
1110.0	38.0	-1.31	-7.42
1110.0	42.0	-2.02	-7.04
1120.0	38.0	-1.31	-7.43
1120.0	42.0	-1.9	-6.54
1130.0	38.0	-1.31	-7.43
1130.0	42.0	-1.7	-6.02
1140.0	38.0	-1.31	-7.43
1140.0	42.0	-1.59	-5.64
1140.0	43.0	-1.69	-2.56
1150.0	38.0	-1.31	-7.43
1150.0	42.0	-1.49	-5.32
1150.0	43.0	-1.69	-2.56
1160.0	38.0	-1.31	-7.43
1160.0	42.0	-1.36	-4.87
1160.0	43.0	-1.69	-2.56
1170.0	38.0	-1.31	-7.43
1170.0	42.0	-1.63	-4.78
1170.0	43.0	-1.69	-2.56
1180.0	38.0	-1.31	-7.43
1190.0	38.0	-1.31	-7.43
1200.0	38.0	-1.31	-7.43
1210.0	38.0	-1.37	-7.53
1220.0	38.0	-1.43	-7.56
1230.0	38.0	-1.32	-7.44
1240.0	38.0	-1.31	-7.43
1240.0	51.0	0.92	3.06
1250.0	38.0	-1.31	-7.43
1250.0	51.0	1.01	2.49
1260.0	38.0	-1.31	-7.43
1260.0	51.0	1.03	1.91
1270.0	38.0	-1.32	-7.41
1270.0	51.0	1.02	1.33
1280.0	38.0	-1.34	-7.37
1280.0	51.0	1.09	0.7
1290.0	38.0	-1.36	-7.34
1290.0	51.0	1.08	0.07
1300.0	38.0	-1.36	-7.3
1300.0	51.0	1.12	-0.52
1310.0	38.0	-1.36	-7.32
1310.0	51.0	1.16	-1.15
1320.0	38.0	-1.33	-7.38
1320.0	51.0	1.18	-1.79
1330.0	38.0	-1.29	-7.44
1330.0	51.0	1.3	-2.42
1340.0	38.0	-1.27	-7.47
1340.0	51.0	1.52	-3.16
1350.0	38.0	-1.27	-7.47
1350.0	51.0	1.52	-3.83
1360.0	38.0	-1.27	-7.47
1360.0	51.0	1.61	-4.39
1370.0	38.0	-1.27	-7.47
1370.0	51.0	1.6	-5.09
1380.0	38.0	-1.31	-7.58
1380.0	51.0	1.63	-5.78
1390.0	38.0	-1.29	-7.52
1400.0	38.0	-1.27	-7.47
1410.0	38.0	-1.27	-7.47
1420.0	38.0	-1.27	-7.47
1430.0	38.0	-1.27	-7.47
1440.0	38.0	-1.27	-7.47
1450.0	38.0	-1.27	-7.47
1460.0	38.0	-1.27	-7.47
1470.0	38.0	-1.27	-7.47
1480.0	38.0	-1.27	-7.47
1480.0	54.0	3.82	-1.39
1490.0	38.0	-1.27	-7.47
1490.0	54.0	3.65	-0.6
1500.0	38.0	-1.29	-7.47
1500.0	54.0	3.61	0.16
1510.0	38.0	-1.38	-7.43
1510.0	54.0	3.6	0.82
1520.0	38.0	-1.47	-7.34
1520.0	54.0	3.49	1.44
1530.0	38.0	-1.51	-7.27
1530.0	54.0	3.39	2.11
1540.0	38.0	-1.52	-7.27
1540.0	54.0	3.24	2.77
1550.0	38.0	-1.52	-7.27
1550.0	54.0	3.21	3.45
1560.0	38.0	-1.52	-7.27
1570.0	38.0	-1.52	-7.27
1580.0	38.0	-1.52	-7.27
1590.0	38.0	-1.52	-7.27
1600.0	38.0	-1.52	-7.27
1610.0	38.0	-1.52	-7.27
1620.0	38.0	-1.52	-7.27
1630.0	38.0	-1.52	-7.27
1640.0	38.0	-1.52	-7.27
1650.0	38.0	-1.52	-7.27
1660.0	38.0	-1.52	-7.27
1670.0	38.0	-1.52	-7.27
1670.0	56.0	1.48	0.55
1670.0	57.0	3.14	-3.22
1680.0	38.0	-1.52	-7.27
1680.0	56.0	1.75	0.66
1680.0	57.0	3.07	-2.62
1690.0	38.0	-1.52	-7.27
1690.0	56.0	1.98	0.86
1690.0	57.0	2.96	-2.04
1700.0	38.0	-1.52	-7.27
1700.0	56.0	2.29	0.96
1700.0	57.0	2.97	-1.5
1710.0	38.0	-1.52	-7.27
1710.0	56.0	2.64	1.08
1710.0	57.0	2.94	-0.93
1720.0	38.0	-1.52	-7.27
1720.0	56.0	2.93	1.22
1720.0	57.0	2.78	-0.38
1730.0	38.0	-1.52	-7.27
1730.0	56.0	3.19	1.45
1730.0	57.0	2.69	0.13
1740.0	38.0	-1.52	-7.27
1740.0	56.0	3.48	1.57
1740.0	57.0	2.65	0.72
1750.0	38.0	-1.52	-7.27
1750.0	56.0	3.86	1.73
1750.0	57.0	2.57	1.34
1760.0	38.0	-1.52	-7.27
1770.0	38.0	-1.52	-7.27
1780.0	38.0	-1.52	-7.27
1790.0	38.0	-1.52	-7.27
1790.0	58.0	2.43	-4.16
1800.0	38.0	-1.52	-7.27
1800.0	58.0	2.44	-3.27
1810.0	38.0	-1.52	-7.27
1810.0	58.0	2.44	-2.38
1820.0	38.0	-1.52	-7.27
1820.0	58.0	2.47	-1.49
1830.0	38.0	-1.52	-7.27
1830.0	58.0	2.54	-0.61
1840.0	38.0	-1.52	-7.27
1840.0	58.0	2.56	0.27
1850.0	38.0	-1.52	-7.27
1850.0	58.0	2.64	1.14
1860.0	38.0	-1.52	-7.27
1860.0	58.0	2.67	1.99
1870.0	38.0	-1.52	-7.27
1870.0	58.0	2.72	2.94
1880.0	38.0	-1.52	-7.27
1890.0	38.0	-1.52	-7.27
1900.0	38.0	-1.52	-7.27
1910.0	38.0	-1.52	-7.27
1920.0	38.0	-1.52	-7.27
1930.0	38.0	-1.52	-7.27
1940.0	38.0	-1.52	-7.27
1950.0	38.0	-1.52	-7.27
1960.0	38.0	-1.52	-7.27
1970.0	38.0	-1.52	-7.27
1980.0	38.0	-1.52	-7.27
1990.0	38.0	-1.52	-7.27
2000.0	65.0	0.7	-0.86
2000.0	66.0	2.63	-2.22
2010.0	65.0	0.66	-1.11
2010.0	66.0	2.57	-2.94
2020.0	65.0	0.55	-1.31
2020.0	66.0	2.59	-3.64
2030.0	65.0	0.58	-1.37
2030.0	66.0	2.56	-4.38
2040.0	65.0	0.5	-1.52
2040.0	66.0	2.47	-5.07
2050.0	65.0	0.49	-1.5
2050.0	66.0	2.45	-5.77
2060.0	65.0	0.49	-1.5
2060.0	66.0	2.33	-6.47
2100.0	67.0	3.13	-7.14
2110.0	67.0	3.21	-6.34
2120.0	67.0	3.21	-5.55
2130.0	67.0	3.17	-4.74
2130.0	69.0	3.07	-9.21
2140.0	67.0	3.1	-3.94
2140.0	69.0	3.04	-8.45
2150.0	67.0	2.99	-3.16
2150.0	69.0	2.94	-7.66
2160.0	67.0	2.91	-2.44
2160.0	69.0	2.73	-6.87
2170.0	67.0	2.78	-1.69
2170.0	69.0	2.55	-6.06
2180.0	67.0	2.76	-0.89
2180.0	69.0	2.29	-5.24
2190.0	67.0	2.61	-0.14
2190.0	69.0	2.12	-4.47
2200.0	67.0	2.53	0.6
2200.0	69.0	1.93	-3.66
2210.0	67.0	2.42	1.33
2210.0	69.0	1.83	-2.85
2220.0	67.0	2.36	2.12
2220.0	69.0	1.88	-2.04
2230.0	69.0	1.89	-1.23
2240.0	69.0	1.98	-0.45
2300.0	70.0	2.85	0.74
2310.0	70.0	2.93	0.25
2320.0	70.0	3.14	-0.23
2330.0	70.0	3.35	-0.73
2340.0	70.0	3.55	-1.23
2350.0	70.0	3.8	-1.87
2770.0	71.0	2.66	3.27
2770.0	73.0	3.66	0.82
2780.0	71.0	2.67	2.68
2780.0	73.0	3.63	1.38
2790.0	71.0	2.69	2.07
2790.0	73.0	3.61	1.99
2800.0	71.0	2.64	1.45
2800.0	73.0	3.59	2.57
2810.0	71.0	2.63	0.86
2820.0	71.0	2.63	0.25
2830.0	71.0	2.6	-0.34
2840.0	71.0	2.62	-0.93
2840.0	75.0	2.29	-6.96
2840.0	76.0	2.88	-7.74
2840.0	77.0	3.45	-7.48
2840.0	78.0	3.59	-6.43
2850.0	71.0	2.56	-1.51
2850.0	75.0	2.32	-6.52
2850.0	76.0	2.78	-7.31
2850.0	77.0	3.35	-7.08
2850.0	78.0	3.63	-6.0
2860.0	71.0	2.45	-2.13
2860.0	75.0	2.36	-6.09
2860.0	76.0	2.82	-6.86
2860.0	78.0	3.7	-5.54
2870.0	71.0	2.35	-2.71
2870.0	75.0	2.57	-5.62
2870.0	76.0	2.92	-6.43
2870.0	78.0	3.76	-5.04
2870.0	81.0	3.84	-6.31
2880.0	71.0	2.19	-3.29
2880.0	75.0	2.69	-5.17
2880.0	76.0	2.96	-5.99
2880.0	78.0	3.79	-4.57
2880.0	81.0	3.91	-5.92
2890.0	71.0	2.13	-3.91
2890.0	75.0	2.73	-4.7
2890.0	76.0	3.13	-5.56
2890.0	78.0	3.87	-3.99
2890.0	81.0	4.04	-5.4
2900.0	71.0	2.06	-4.54
2900.0	75.0	2.8	-4.22
2900.0	76.0	3.25	-5.18
2900.0	78.0	3.87	-3.45
2900.0	81.0	4.04	-5.02
2910.0	71.0	2.02	-5.18
2910.0	75.0	2.86	-3.8
2910.0	76.0	3.29	-4.54
2910.0	78.0	3.86	-2.98
2910.0	81.0	4.09	-4.53
2920.0	71.0	2.09	-5.8
2920.0	75.0	2.79	-3.36
2920.0	76.0	3.39	-4.04
2920.0	78.0	3.85	-2.46
2920.0	81.0	4.12	-3.99
2930.0	71.0	2.15	-6.46
2940.0	71.0	2.28	-7.13
2950.0	71.0	2.38	-7.77
2960.0	71.0	2.43	-8.43
2970.0	71.0	2.48	-9.09
2980.0	71.0	2.45	-9.73
3200.0	87.0	3.36	-8.77
3210.0	87.0	3.33	-8.02
3220.0	87.0	3.35	-7.3
3230.0	87.0	3.32	-6.61
3240.0	87.0	3.22	-5.88
3410.0	89.0	1.83	-0.49
3410.0	90.0	1.28	-0.65
3410.0	91.0	1.97	-3.91
3410.0	92.0	1.28	-8.29
3420.0	89.0	1.88	-0.98
3420.0	90.0	1.33	-1.16
3420.0	91.0	2.09	-4.42
3420.0	92.0	1.26	-8.25
3430.0	89.0	1.89	-1.47
3430.0	90.0	1.34	-1.68
3430.0	91.0	2.2	-4.95
3430.0	92.0	1.24	-8.21
3440.0	89.0	2.0	-1.98
3440.0	90.0	1.47	-2.2
3440.0	91.0	2.27	-5.49
3440.0	92.0	1.24	-8.21
3450.0	89.0	2.1	-2.49
3450.0	90.0	1.57	-2.71
3450.0	91.0	2.34	-5.99
3450.0	92.0	1.24	-8.21
3460.0	89.0	2.18	-3.05
3460.0	90.0	1.64	-3.29
3460.0	91.0	2.4	-6.48
3460.0	92.0	1.24	-8.21
3470.0	89.0	2.3	-3.59
3470.0	90.0	1.75	-3.82
3470.0	91.0	2.47	-6.94
3470.0	92.0	1.24	-8.21
3480.0	89.0	2.4	-4.11
3480.0	90.0	1.85	-4.35
3480.0	91.0	2.52	-7.37
3480.0	92.0	1.24	-8.21
3490.0	89.0	2.46	-4.65
3490.0	90.0	1.9	-4.9
3490.0	91.0	2.5	-7.95
3490.0	92.0	1.24	-8.22
3490.0	95.0	3.7	-10.21
3500.0	89.0	2.56	-5.13
3500.0	90.0	1.96	-5.4
3500.0	91.0	2.38	-8.32
3500.0	92.0	1.24	-8.23
3500.0	95.0	3.79	-9.6
3510.0	89.0	2.59	-5.51
3510.0	90.0	2.06	-5.93
3510.0	91.0	2.37	-8.88
3510.0	92.0	1.24	-8.23
3510.0	95.0	3.78	-8.92
3520.0	89.0	2.67	-6.11
3520.0	90.0	2.08	-6.43
3520.0	91.0	2.21	-9.41
3520.0	92.0	1.24	-8.21
3520.0	95.0	3.79	-8.29
3530.0	89.0	2.81	-6.63
3530.0	90.0	2.07	-6.97
3530.0	91.0	2.25	-9.99
3530.0	92.0	1.24	-8.21
3530.0	95.0	3.74	-7.73
3540.0	89.0	2.79	-7.16
3540.0	90.0	2.14	-7.51
3540.0	92.0	1.24	-8.21
3540.0	95.0	3.8	-7.11
3550.0	89.0	2.9	-7.65
3550.0	90.0	2.12	-8.08
3550.0	92.0	1.24	-8.21
3560.0	89.0	2.9	-8.18
3560.0	90.0	2.09	-8.66
3560.0	92.0	1.24	-8.21
3570.0	89.0	2.89	-8.73
3570.0	90.0	2.28	-9.11
3570.0	92.0	1.24	-8.21
3580.0	89.0	2.86	-9.35
3580.0	90.0	2.16	-9.65
3580.0	92.0	1.24	-8.21
4000.0	96.0	1.98	3.74
4000.0	100.0	3.22	-8.86
4000.0	101.0	1.26	-8.15
4000.0	102.0	1.37	-9.2
4010.0	96.0	1.96	3.44
4010.0	100.0	2.95	-8.25
4010.0	101.0	1.26	-8.15
4010.0	102.0	1.37	-9.2
4020.0	96.0	1.98	3.11
4020.0	100.0	2.65	-7.64
4020.0	101.0	1.25	-8.13
4020.0	102.0	1.37	-9.2
4030.0	96.0	1.86	2.78
4030.0	100.0	2.38	-6.99
4030.0	101.0	1.25	-8.13
4030.0	102.0	1.38	-9.18
4040.0	96.0	1.83	2.43
4040.0	100.0	2.08	-6.34
4040.0	101.0	1.31	-8.2
4040.0	102.0	1.38	-9.18
4050.0	96.0	1.86	2.07
4050.0	100.0	1.79	-5.74
4050.0	101.0	1.36	-8.29
4050.0	102.0	1.38	-9.18
4060.0	96.0	1.8	1.7
4060.0	100.0	1.52	-5.09
4060.0	101.0	1.37	-8.31
4060.0	102.0	1.38	-9.18
4070.0	96.0	1.81	1.32
4070.0	100.0	1.24	-4.5
4070.0	101.0	1.37	-8.31
4070.0	102.0	1.38	-9.18
4080.0	96.0	1.85	0.94
4080.0	100.0	0.97	-3.91
4080.0	101.0	1.37	-8.31
4080.0	102.0	1.38	-9.18
4090.0	96.0	1.84	0.48
4090.0	100.0	0.68	-3.3
4090.0	101.0	1.37	-8.31
4090.0	102.0	1.38	-9.18
4100.0	96.0	1.86	0.01
4100.0	100.0	0.39	-2.73
4100.0	101.0	1.37	-8.31
4100.0	102.0	1.38	-9.18
4110.0	96.0	1.9	-0.5
4110.0	100.0	0.1	-2.15
4110.0	101.0	1.37	-8.31
4110.0	102.0	1.38	-9.18
4120.0	96.0	1.86	-0.92
4120.0	100.0	-0.21	-1.62
4120.0	101.0	1.38	-8.32
4120.0	102.0	1.38	-9.18
4130.0	96.0	1.9	-1.47
4130.0	100.0	-0.57	-1.12
4130.0	101.0	1.39	-8.32
4130.0	102.0	1.38	-9.18
4140.0	96.0	1.92	-1.94
4140.0	100.0	-0.88	-0.67
4140.0	101.0	1.39	-8.32
4140.0	102.0	1.38	-9.18
4150.0	96.0	1.87	-2.41
4150.0	100.0	-1.25	-0.36
4150.0	101.0	1.39	-8.32
4150.0	102.0	1.38	-9.18
4160.0	96.0	1.95	-2.91
4160.0	100.0	-1.55	0.04
4160.0	101.0	1.39	-8.32
4160.0	102.0	1.38	-9.18
4170.0	96.0	1.99	-3.4
4170.0	100.0	-1.84	0.49
4170.0	101.0	1.39	-8.32
4170.0	102.0	1.38	-9.18
4180.0	96.0	1.96	-3.89
4180.0	101.0	1.39	-8.32
4180.0	102.0	1.38	-9.18
4190.0	96.0	2.07	-4.38
4190.0	101.0	1.39	-8.32
4190.0	102.0	1.38	-9.18
4200.0	96.0	2.12	-4.88
4200.0	101.0	1.39	-8.32
4200.0	102.0	1.38	-9.18
4210.0	96.0	2.16	-5.35
4210.0	101.0	1.39	-8.32
4210.0	102.0	1.38	-9.18
4220.0	96.0	2.35	-5.82
4220.0	101.0	1.39	-8.32
4220.0	102.0	1.38	-9.18
4230.0	96.0	2.45	-6.3
4230.0	101.0	1.39	-8.32
4230.0	102.0	1.38	-9.18
4240.0	96.0	2.51	-6.75
4240.0	101.0	1.39	-8.32
4240.0	102.0	1.38	-9.18
4250.0	96.0	2.68	-7.2
4250.0	101.0	1.39	-8.32
4250.0	102.0	1.38	-9.18
4260.0	96.0	2.69	-7.62
4260.0	101.0	1.39	-8.32
4260.0	102.0	1.41	-9.18
4430.0	105.0	1.37	-8.27
4440.0	105.0	1.37	-8.27
4450.0	105.0	1.37	-8.27
4460.0	105.0	1.37	-8.27
4470.0	105.0	1.37	-8.27
4480.0	105.0	1.37	-8.27
4490.0	105.0	1.37	-8.27
4490.0	108.0	3.79	-3.58
4500.0	105.0	1.37	-8.27
4500.0	108.0	3.79	-4.26
4510.0	105.0	1.37	-8.27
4510.0	108.0	3.83	-4.98
4510.0	109.0	2.8	2.27
4520.0	105.0	1.37	-8.27
4520.0	108.0	3.8	-5.78
4520.0	109.0	2.9	1.78
4530.0	105.0	1.37	-8.27
4530.0	108.0	3.86	-6.44
4530.0	109.0	3.02	1.31
4540.0	105.0	1.37	-8.27
4540.0	108.0	3.87	-7.12
4540.0	109.0	3.12	0.88
4550.0	105.0	1.37	-8.27
4550.0	109.0	3.27	0.43
4560.0	105.0	1.37	-8.27
4560.0	109.0	3.42	0.08
4570.0	105.0	1.37	-8.27
4570.0	109.0	3.53	-0.26
4570.0	110.0	2.56	2.43
4580.0	105.0	1.37	-8.27
4580.0	110.0	2.45	1.83
4590.0	105.0	1.37	-8.27
4590.0	110.0	2.51	1.23
4600.0	105.0	1.37	-8.27
4600.0	110.0	2.54	0.62
4610.0	105.0	1.37	-8.27
4610.0	110.0	2.56	-0.01
4620.0	105.0	1.37	-8.27
4620.0	110.0	2.66	-0.62
4630.0	105.0	1.37	-8.27
4630.0	110.0	2.63	-1.22
4640.0	105.0	1.37	-8.27
4640.0	110.0	2.8	-1.86
4650.0	105.0	1.37	-8.27
4650.0	110.0	2.87	-2.51
4660.0	105.0	1.37	-8.27
4660.0	110.0	3.04	-3.16
4670.0	105.0	1.37	-8.27
4670.0	110.0	3.19	-3.83
4680.0	105.0	1.37	-8.27
4680.0	110.0	3.17	-4.51
4690.0	105.0	1.37	-8.27
4690.0	110.0	3.26	-5.19
4700.0	105.0	1.37	-8.27
4700.0	110.0	3.08	-5.83
4710.0	105.0	1.37	-8.27
4710.0	110.0	3.03	-6.51
4720.0	105.0	1.37	-8.27
4720.0	110.0	2.83	-7.18
4730.0	105.0	1.37	-8.27
4730.0	110.0	2.71	-7.87
4740.0	105.0	1.37	-8.27
4740.0	110.0	2.63	-8.54
4750.0	105.0	1.37	-8.27
4750.0	110.0	2.41	-9.17
4760.0	105.0	1.33	-8.34
4760.0	110.0	2.39	-9.84
4770.0	105.0	1.36	-8.37
4780.0	105.0	1.37	-8.32
4790.0	105.0	1.37	-8.28
4800.0	105.0	1.37	-8.27
4810.0	105.0	1.37	-8.27
4820.0	105.0	1.37	-8.27
4830.0	105.0	1.37	-8.27
4840.0	105.0	1.37	-8.27
4850.0	105.0	1.35	-8.27
4860.0	105.0	1.33	-8.27
4870.0	105.0	1.33	-8.27
4880.0	105.0	1.33	-8.34
4890.0	105.0	1.35	-8.28
4900.0	105.0	1.35	-8.27
4910.0	105.0	1.38	-8.35
4920.0	105.0	1.35	-8.28
4930.0	105.0	1.35	-8.27
4940.0	105.0	1.35	-8.27
4950.0	105.0	1.35	-8.27
4960.0	105.0	1.35	-8.27
4970.0	105.0	1.33	-8.29
4980.0	105.0	1.31	-8.29
4990.0	105.0	1.23	-8.23
5000.0	105.0	1.17	-8.26
5010.0	105.0	1.13	-8.22
5240.0	116.0	-1.97	0.45
5240.0	117.0	-1.47	-3.14
5250.0	116.0	-1.97	0.45
5250.0	117.0	-1.47	-3.14
5260.0	116.0	-1.97	0.45
5260.0	117.0	-1.47	-3.14
5270.0	116.0	-1.97	0.45
5270.0	117.0	-1.47	-3.14
5280.0	116.0	-1.97	0.45
5280.0	117.0	-1.36	-3.1
5290.0	116.0	-1.97	0.45
5290.0	117.0	-1.24	-3.14
5300.0	116.0	-1.95	0.45
5300.0	117.0	-1.27	-3.14
5310.0	116.0	-1.95	0.45
5310.0	117.0	-1.25	-3.11
5320.0	116.0	-1.95	0.45
5320.0	117.0	-1.22	-3.14
5330.0	116.0	-1.95	0.45
5330.0	117.0	-1.28	-3.14
5340.0	116.0	-1.95	0.45
5340.0	117.0	-1.22	-3.09
5350.0	116.0	-1.95	0.45
5350.0	117.0	-1.21	-3.09
5360.0	116.0	-1.95	0.45
5360.0	117.0	-1.16	-3.11
5370.0	116.0	-1.95	0.45
5370.0	117.0	-1.35	-3.11
5680.0	118.0	2.39	-0.56
5690.0	118.0	2.54	0.03
5700.0	118.0	2.58	0.66
5710.0	118.0	2.73	1.27
5720.0	118.0	2.82	1.85
5730.0	118.0	2.79	2.46
5820.0	123.0	1.34	-8.38
5820.0	124.0	1.45	-9.23
5830.0	123.0	1.43	-8.32
5830.0	124.0	1.45	-9.23
5840.0	123.0	1.44	-8.32
5840.0	124.0	1.45	-9.23
5850.0	123.0	1.44	-8.32
5850.0	124.0	1.45	-9.23
5860.0	123.0	1.44	-8.32
5860.0	124.0	1.45	-9.23
5870.0	123.0	1.44	-8.32
5870.0	124.0	1.45	-9.23
5880.0	123.0	1.44	-8.32
5880.0	124.0	1.45	-9.23
5890.0	123.0	1.38	-8.31
5890.0	124.0	1.45	-9.23
5900.0	123.0	1.42	-8.3
5900.0	124.0	1.45	-9.23
6320.0	126.0	3.79	-4.9
6330.0	126.0	3.89	-4.25
6340.0	126.0	3.92	-3.49
6350.0	126.0	3.96	-2.8
6360.0	126.0	4.06	-2.13
6370.0	126.0	3.99	-1.39
6710.0	129.0	3.7	-2.88
6710.0	130.0	3.59	-4.85
6720.0	129.0	3.56	-2.61
6720.0	130.0	3.33	-4.13
6730.0	129.0	3.49	-2.28
6730.0	130.0	3.11	-3.4
6740.0	129.0	3.4	-2.04
6740.0	130.0	2.73	-2.76
6750.0	129.0	3.26	-1.82
6750.0	130.0	2.41	-2.11
6760.0	129.0	3.19	-1.63
6760.0	130.0	2.03	-1.48
6770.0	129.0	3.12	-1.47
6770.0	130.0	1.62	-0.87
6780.0	129.0	3.1	-1.43
6780.0	130.0	1.33	-0.23
6790.0	130.0	1.06	0.39
6790.0	136.0	3.14	-1.41
6800.0	130.0	0.98	0.98
6800.0	136.0	3.15	-1.43
6810.0	130.0	0.98	1.56
6810.0	136.0	3.17	-1.46
6820.0	136.0	3.17	-1.49
6830.0	136.0	3.18	-1.52
6840.0	136.0	3.2	-1.52
6840.0	139.0	1.23	-9.32
6850.0	136.0	3.2	-1.54
6850.0	139.0	1.27	-9.3
6860.0	136.0	3.19	-1.56
6860.0	139.0	1.29	-9.28
6870.0	136.0	3.18	-1.56
6870.0	139.0	1.28	-9.28
6870.0	141.0	2.61	3.32
6880.0	136.0	3.18	-1.56
6880.0	139.0	1.28	-9.29
6880.0	141.0	2.65	2.7
6890.0	136.0	3.19	-1.54
6890.0	139.0	1.26	-9.28
6890.0	141.0	2.59	2.11
6890.0	144.0	0.01	-6.93
6900.0	136.0	3.17	-1.52
6900.0	139.0	1.19	-9.27
6900.0	141.0	2.49	1.55
6900.0	144.0	0.01	-6.93
6910.0	136.0	3.15	-1.5
6910.0	139.0	1.22	-9.27
6910.0	141.0	2.43	0.95
6910.0	144.0	0.01	-6.93
6920.0	136.0	3.15	-1.49
6920.0	139.0	1.25	-9.29
6920.0	141.0	2.32	0.38
6920.0	144.0	-0.14	-6.84
6930.0	136.0	3.17	-1.5
6930.0	139.0	1.29	-9.3
6930.0	141.0	2.29	-0.32
6930.0	144.0	-0.23	-6.9
6940.0	136.0	3.18	-1.52
6940.0	139.0	1.31	-9.3
6940.0	141.0	2.25	-0.95
6940.0	144.0	-0.29	-6.79
6950.0	136.0	3.18	-1.55
6950.0	139.0	1.31	-9.3
6950.0	141.0	2.24	-1.53
6950.0	144.0	-0.26	-6.82
6960.0	136.0	3.2	-1.59
6960.0	139.0	1.31	-9.3
6960.0	141.0	2.31	-2.1
6960.0	144.0	-0.26	-6.81
6970.0	136.0	3.22	-1.6
6970.0	139.0	1.31	-9.3
6970.0	141.0	2.39	-2.7
6970.0	144.0	-0.24	-6.9
6970.0	145.0	2.46	2.98
6970.0	146.0	2.21	-9.27
6980.0	136.0	3.23	-1.6
6980.0	139.0	1.31	-9.3
6980.0	141.0	2.42	-3.44
6980.0	144.0	-0.33	-6.83
6980.0	145.0	2.51	2.45
6980.0	146.0	2.21	-8.78
6980.0	147.0	3.73	-6.76
6990.0	136.0	3.25	-1.61
6990.0	139.0	1.31	-9.3
6990.0	141.0	2.52	-4.15
6990.0	144.0	-0.25	-6.9
6990.0	145.0	2.6	1.9
6990.0	146.0	2.11	-8.2
6990.0	147.0	3.72	-6.89
7000.0	136.0	3.25	-1.62
7000.0	139.0	1.31	-9.3
7000.0	141.0	2.58	-4.83
7000.0	144.0	-0.24	-6.91
7000.0	145.0	2.66	1.36
7000.0	146.0	2.0	-7.57
7000.0	147.0	3.73	-6.8
7010.0	136.0	3.2	-1.64
7010.0	139.0	1.31	-9.3
7010.0	141.0	2.62	-5.49
7010.0	144.0	-0.24	-6.91
7010.0	145.0	2.68	0.84
7010.0	146.0	1.82	-6.96
7010.0	147.0	3.67	-6.47
7020.0	136.0	3.1	-1.62
7020.0	139.0	1.31	-9.3
7020.0	141.0	2.72	-6.15
7020.0	144.0	-0.24	-6.91
7020.0	145.0	2.69	0.31
7020.0	146.0	1.68	-6.28
7020.0	149.0	3.73	-6.03
7030.0	139.0	1.31	-9.3
7030.0	141.0	2.77	-6.84
7030.0	144.0	-0.24	-6.91
7030.0	145.0	2.53	-0.18
7030.0	146.0	1.55	-5.62
7030.0	149.0	3.82	-5.61
7040.0	139.0	1.31	-9.3
7040.0	141.0	2.93	-7.57
7040.0	144.0	-0.24	-6.91
7040.0	145.0	2.36	-0.61
7040.0	146.0	1.54	-4.96
7040.0	149.0	3.73	-4.96
7050.0	139.0	1.31	-9.3
7050.0	141.0	3.03	-8.29
7050.0	144.0	-0.24	-6.91
7050.0	145.0	2.17	-1.09
7050.0	146.0	1.52	-4.32
7050.0	149.0	3.79	-4.42
7060.0	139.0	1.31	-9.3
7060.0	144.0	-0.24	-6.91
7060.0	145.0	1.95	-1.56
7060.0	146.0	1.47	-3.67
7060.0	149.0	3.88	-3.85
7070.0	139.0	1.31	-9.3
7070.0	144.0	-0.24	-6.91
7070.0	145.0	1.85	-1.99
7070.0	146.0	1.42	-3.06
7070.0	149.0	3.8	-3.24
7080.0	139.0	1.31	-9.3
7080.0	144.0	-0.24	-6.91
7080.0	145.0	1.85	-2.54
7080.0	146.0	1.23	-2.44
7080.0	149.0	3.79	-2.72
7090.0	139.0	1.31	-9.3
7090.0	144.0	-0.24	-6.91
7090.0	145.0	1.82	-3.13
7090.0	146.0	1.21	-1.83
7090.0	149.0	3.73	-2.22
7100.0	139.0	1.31	-9.3
7100.0	144.0	-0.26	-6.87
7100.0	145.0	1.99	-3.67
7100.0	146.0	1.26	-1.24
7100.0	149.0	3.79	-1.75
7110.0	139.0	1.31	-9.3
7110.0	144.0	-0.24	-6.9
7110.0	145.0	2.1	-4.27
7110.0	146.0	1.31	-0.65
7110.0	149.0	3.74	-1.15
7120.0	139.0	1.31	-9.3
7120.0	144.0	-0.24	-6.83
7120.0	145.0	2.27	-4.96
7120.0	146.0	1.39	-0.04
7120.0	149.0	3.61	-0.54
7130.0	139.0	1.31	-9.3
7130.0	144.0	-0.24	-6.9
7130.0	145.0	2.44	-5.52
7130.0	146.0	1.49	0.63
7130.0	149.0	3.53	-0.03
7140.0	139.0	1.31	-9.3
7140.0	144.0	-0.24	-6.91
7140.0	145.0	2.53	-6.17
7140.0	146.0	1.59	1.17
7150.0	139.0	1.31	-9.3
7150.0	144.0	-0.24	-6.91
7150.0	145.0	2.57	-6.81
7150.0	146.0	1.68	1.74
7160.0	139.0	1.31	-9.3
7160.0	144.0	-0.24	-6.91
7160.0	145.0	2.59	-7.47
7170.0	139.0	1.31	-9.3
7170.0	144.0	-0.24	-6.91
7170.0	145.0	2.56	-8.12
7180.0	139.0	1.31	-9.3
7180.0	144.0	-0.24	-6.91
7180.0	145.0	2.56	-8.78
7180.0	152.0	-1.81	-4.14
7190.0	139.0	1.31	-9.3
7190.0	144.0	-0.24	-6.91
7190.0	145.0	2.53	-9.4
7190.0	152.0	-1.81	-4.14
7200.0	139.0	1.31	-9.3
7200.0	144.0	-0.24	-6.91
7200.0	152.0	-1.81	-4.14
7210.0	139.0	1.31	-9.3
7210.0	144.0	-0.24	-6.91
7210.0	152.0	-1.81	-4.14
7220.0	139.0	1.31	-9.3
7220.0	144.0	-0.24	-6.91
7220.0	152.0	-1.81	-4.14
7230.0	139.0	1.31	-9.3
7230.0	144.0	-0.24	-6.91
7230.0	152.0	-1.81	-4.14
7240.0	139.0	1.31	-9.3
7240.0	144.0	-0.24	-6.91
7240.0	152.0	-1.81	-4.14
7250.0	139.0	1.31	-9.3
7250.0	144.0	-0.24	-6.91
7250.0	152.0	-1.81	-4.14
7260.0	139.0	1.31	-9.3
7260.0	144.0	-0.24	-6.91
7260.0	152.0	-1.81	-4.14
7270.0	139.0	1.31	-9.3
7270.0	152.0	-1.81	-4.14
7280.0	139.0	1.31	-9.3
7280.0	152.0	-1.81	-4.14
7290.0	139.0	1.31	-9.3
7290.0	152.0	-1.81	-4.14
7300.0	139.0	1.31	-9.3
7300.0	152.0	-1.81	-4.14
7310.0	139.0	1.31	-9.3
7320.0	139.0	1.31	-9.3
7330.0	139.0	1.31	-9.3
7340.0	139.0	1.31	-9.3
7350.0	139.0	1.31	-9.3
7360.0	139.0	1.31	-9.3
7370.0	139.0	1.31	-9.28
7480.0	156.0	1.42	-9.38
7490.0	156.0	1.45	-8.78
7500.0	156.0	1.46	-8.11
7510.0	156.0	1.34	-7.43
7520.0	156.0	1.36	-6.75
7520.0	160.0	2.27	-9.71
7530.0	156.0	1.47	-5.97
7530.0	160.0	2.29	-9.06
7540.0	156.0	1.45	-5.29
7540.0	160.0	2.31	-8.45
7550.0	156.0	1.45	-4.59
7550.0	160.0	2.28	-7.71
7560.0	156.0	1.38	-3.87
7560.0	160.0	2.38	-6.92
7570.0	156.0	1.34	-3.2
7570.0	160.0	2.39	-6.24
7570.0	162.0	3.44	2.52
7570.0	163.0	3.68	1.5
7580.0	156.0	1.24	-2.49
7580.0	160.0	2.41	-5.51
7580.0	162.0	3.4	2.02
7580.0	163.0	3.77	1.02
7590.0	156.0	1.19	-1.82
7590.0	160.0	2.36	-4.82
7590.0	162.0	3.56	1.54
7590.0	163.0	3.73	0.56
7600.0	156.0	1.27	-1.17
7600.0	160.0	2.35	-4.09
7600.0	162.0	3.66	1.13
7600.0	163.0	3.74	-0.02
7610.0	156.0	1.32	-0.52
7610.0	160.0	2.4	-3.37
7610.0	162.0	3.68	0.7
7610.0	163.0	3.81	-0.42
7620.0	156.0	1.32	0.11
7620.0	160.0	2.34	-2.63
7620.0	162.0	3.93	0.23
7620.0	163.0	3.7	-0.86
7630.0	156.0	1.33	0.72
7630.0	160.0	2.35	-1.9
7630.0	162.0	3.96	-0.36
7630.0	163.0	3.69	-1.32
7640.0	156.0	1.23	1.36
7640.0	160.0	2.35	-1.25
7640.0	162.0	3.99	-0.79
7640.0	163.0	3.7	-1.83
7650.0	156.0	1.15	1.93
7650.0	160.0	2.33	-0.64
7660.0	156.0	1.09	2.57
7660.0	160.0	2.36	0.01
7670.0	156.0	1.01	3.19
7670.0	160.0	2.35	0.66
8050.0	164.0	2.18	-7.98
8050.0	166.0	2.52	-5.1
8060.0	164.0	2.21	-7.44
8060.0	166.0	2.6	-4.56
8070.0	164.0	2.23	-6.87
8070.0	166.0	2.66	-3.92
8080.0	164.0	2.23	-6.24
8080.0	166.0	2.78	-3.26
8090.0	164.0	2.31	-5.63
8090.0	166.0	2.8	-2.72
8090.0	168.0	0.9	1.86
8100.0	164.0	2.23	-5.04
8100.0	166.0	2.81	-2.14
8100.0	168.0	0.96	1.55
8110.0	164.0	2.2	-4.41
8110.0	166.0	2.97	-1.55
8110.0	168.0	0.97	1.12
8120.0	164.0	2.2	-3.72
8120.0	166.0	3.03	-0.97
8120.0	168.0	0.9	0.68
8130.0	164.0	2.13	-3.07
8130.0	166.0	3.07	-0.38
8130.0	168.0	0.95	0.23
8140.0	164.0	2.12	-2.48
8140.0	166.0	3.09	0.25
8140.0	168.0	0.94	-0.18
8150.0	164.0	2.18	-1.88
8150.0	166.0	3.02	0.91
9260.0	174.0	0.95	1.71
9260.0	175.0	1.64	2.0
9270.0	174.0	0.96	1.25
9270.0	175.0	1.63	1.5
9280.0	174.0	0.95	0.75
9280.0	175.0	1.62	1.01
9280.0	176.0	-0.41	-4.11
9280.0	177.0	-1.32	-1.22
9290.0	174.0	1.0	0.25
9290.0	175.0	1.61	0.49
9290.0	176.0	-0.42	-3.72
9290.0	177.0	-1.32	-1.22
9300.0	174.0	0.99	-0.25
9300.0	175.0	1.64	-0.01
9300.0	176.0	-0.42	-3.34
9300.0	177.0	-1.32	-1.19
9310.0	174.0	0.97	-0.75
9310.0	175.0	1.6	-0.5
9310.0	176.0	-0.48	-3.05
9310.0	177.0	-1.3	-1.19
9320.0	174.0	1.04	-1.28
9320.0	175.0	1.58	-1.01
9320.0	177.0	-1.28	-1.19
9330.0	174.0	1.02	-1.8
9330.0	175.0	1.64	-1.52
9330.0	177.0	-1.26	-1.21
9340.0	174.0	1.01	-2.3
9340.0	175.0	1.66	-2.04
9350.0	174.0	1.03	-2.84
9350.0	175.0	1.76	-2.55
9360.0	174.0	0.96	-3.38
9360.0	175.0	1.83	-3.11
9370.0	174.0	0.97	-3.92
9370.0	175.0	1.83	-3.65
9370.0	180.0	-1.09	-6.72
9380.0	174.0	0.99	-4.48
9380.0	175.0	1.9	-4.22
9380.0	180.0	-1.09	-6.72
9390.0	174.0	0.95	-5.03
9390.0	175.0	1.8	-4.76
9390.0	180.0	-1.09	-6.72
9400.0	174.0	0.99	-5.57
9400.0	175.0	1.76	-5.28
9400.0	180.0	-1.09	-6.72
9400.0	182.0	1.89	-9.65
9410.0	174.0	1.05	-6.07
9410.0	175.0	1.61	-5.79
9410.0	180.0	-1.09	-6.72
9410.0	182.0	1.92	-9.05
9410.0	183.0	-1.0	-4.77
9420.0	174.0	1.0	-6.55
9420.0	175.0	1.58	-6.22
9420.0	180.0	-1.09	-6.72
9420.0	182.0	1.98	-8.51
9420.0	183.0	-0.55	-4.46
9420.0	188.0	3.91	-5.44
9430.0	174.0	0.98	-7.08
9430.0	175.0	1.45	-6.7
9430.0	180.0	-1.09	-6.72
9430.0	182.0	2.15	-7.98
9430.0	183.0	0.11	-4.04
9430.0	188.0	3.92	-5.15
9440.0	174.0	0.94	-7.57
9440.0	175.0	1.33	-7.16
9440.0	180.0	-1.09	-6.72
9440.0	182.0	2.17	-7.28
9440.0	183.0	0.64	-3.86
9440.0	188.0	3.98	-4.88
9450.0	174.0	0.83	-8.09
9450.0	175.0	1.31	-7.57
9450.0	180.0	-1.09	-6.72
9450.0	182.0	2.21	-6.76
9450.0	183.0	1.18	-3.73
9450.0	188.0	4.02	-4.54
9460.0	174.0	0.8	-8.61
9460.0	175.0	1.29	-8.06
9460.0	180.0	-1.09	-6.72
9460.0	182.0	2.28	-6.14
9460.0	183.0	1.73	-3.56
9460.0	190.0	-1.1	-0.45
9470.0	180.0	-1.09	-6.72
9470.0	182.0	2.39	-5.44
9470.0	183.0	2.28	-3.51
9470.0	190.0	-0.69	-0.58
9480.0	180.0	-1.09	-6.72
9480.0	182.0	2.46	-4.86
9480.0	183.0	2.81	-3.47
9480.0	190.0	-0.32	-0.9
9480.0	193.0	0.45	3.7
9490.0	180.0	-1.09	-6.72
9490.0	182.0	2.51	-4.27
9490.0	183.0	3.37	-3.45
9490.0	190.0	-0.13	-1.34
9490.0	193.0	0.56	3.02
9500.0	180.0	-1.09	-6.72
9500.0	182.0	2.55	-3.65
9500.0	183.0	3.85	-3.55
9500.0	190.0	-0.08	-1.86
9500.0	193.0	0.57	2.26
9500.0	195.0	2.24	-9.13
9510.0	180.0	-1.09	-6.72
9510.0	182.0	2.66	-3.03
9510.0	190.0	0.22	-2.46
9510.0	193.0	0.63	1.51
9510.0	195.0	2.31	-8.51
9510.0	197.0	0.8	-6.49
9510.0	199.0	-1.42	-3.51
9520.0	180.0	-1.09	-6.72
9520.0	182.0	2.7	-2.42
9520.0	190.0	0.54	-2.92
9520.0	193.0	0.63	0.75
9520.0	195.0	2.35	-7.95
9520.0	197.0	0.72	-7.17
9520.0	199.0	-1.31	-3.57
9530.0	180.0	-1.09	-6.72
9530.0	182.0	2.71	-1.76
9530.0	190.0	0.58	-3.49
9530.0	193.0	0.63	0.0
9530.0	195.0	2.43	-7.42
9530.0	197.0	0.68	-7.88
9530.0	199.0	-1.12	-3.53
9540.0	180.0	-1.11	-6.79
9540.0	182.0	2.8	-1.12
9540.0	190.0	0.71	-3.96
9540.0	193.0	0.59	-0.73
9540.0	195.0	2.48	-6.87
9540.0	197.0	0.61	-8.45
9540.0	199.0	-1.05	-3.55
9550.0	180.0	-1.09	-6.73
9550.0	182.0	2.81	-0.51
9550.0	190.0	0.83	-4.49
9550.0	193.0	0.51	-1.51
9550.0	195.0	2.47	-6.2
9550.0	197.0	0.49	-9.09
9550.0	199.0	-0.98	-3.66
9560.0	180.0	-1.09	-6.72
9560.0	182.0	2.76	0.09
9560.0	190.0	0.87	-5.06
9560.0	193.0	0.48	-2.29
9560.0	195.0	2.53	-5.6
9560.0	199.0	-0.74	-3.67
9570.0	180.0	-1.09	-6.72
9570.0	182.0	2.84	0.81
9570.0	190.0	1.04	-5.49
9570.0	193.0	0.49	-3.09
9570.0	195.0	2.56	-5.01
9570.0	199.0	-0.61	-3.72
9580.0	180.0	-1.09	-6.72
9580.0	182.0	2.81	1.47
9580.0	190.0	0.88	-6.01
9580.0	193.0	0.55	-3.93
9580.0	195.0	2.58	-4.42
9580.0	199.0	-0.49	-3.89
9590.0	180.0	-1.09	-6.72
9590.0	182.0	2.81	2.05
9590.0	190.0	0.81	-6.64
9590.0	193.0	0.62	-4.64
9590.0	195.0	2.61	-3.85
9590.0	199.0	-0.4	-4.02
9590.0	202.0	-0.04	-5.7
9600.0	180.0	-1.09	-6.72
9600.0	182.0	2.77	2.62
9600.0	190.0	0.89	-7.25
9600.0	193.0	0.62	-5.51
9600.0	195.0	2.59	-3.29
9600.0	199.0	-0.31	-4.19
9600.0	202.0	-0.04	-5.7
9610.0	180.0	-1.09	-6.72
9610.0	182.0	2.76	3.23
9610.0	190.0	0.88	-7.88
9610.0	193.0	0.63	-6.29
9610.0	195.0	2.55	-2.75
9610.0	199.0	-0.3	-4.21
9610.0	204.0	-0.12	-5.85
9620.0	180.0	-1.09	-6.72
9620.0	190.0	0.89	-8.47
9620.0	193.0	0.49	-6.99
9620.0	195.0	2.51	-2.18
9620.0	199.0	-0.3	-4.21
9620.0	204.0	-0.12	-5.85
9630.0	180.0	-1.09	-6.72
9630.0	190.0	1.01	-9.06
9630.0	193.0	0.52	-7.8
9630.0	195.0	2.43	-1.59
9630.0	199.0	-0.06	-4.27
9630.0	204.0	-0.43	-6.03
9630.0	205.0	3.5	0.27
9640.0	180.0	-1.09	-6.72
9640.0	190.0	1.09	-9.65
9640.0	193.0	0.47	-8.55
9640.0	195.0	2.42	-1.02
9640.0	199.0	-0.03	-4.27
9640.0	204.0	-0.62	-6.04
9640.0	205.0	3.44	-0.23
9650.0	180.0	-1.11	-6.7
9650.0	193.0	0.42	-9.37
9650.0	195.0	2.38	-0.44
9650.0	199.0	-0.03	-4.27
9650.0	204.0	-0.9	-5.92
9650.0	205.0	3.33	-0.65
9660.0	180.0	-1.11	-6.7
9660.0	195.0	2.36	0.12
9660.0	199.0	-0.03	-4.27
9660.0	204.0	-1.1	-5.88
9660.0	205.0	3.34	-1.19
9670.0	180.0	-1.11	-6.7
9670.0	195.0	2.33	0.62
9670.0	199.0	-0.03	-4.27
9670.0	204.0	-1.24	-5.88
9670.0	205.0	3.39	-1.62
9680.0	180.0	-1.11	-6.7
9680.0	195.0	2.24	1.29
9680.0	199.0	-0.22	-4.18
9680.0	204.0	-1.36	-5.8
9680.0	205.0	3.4	-2.14
9690.0	180.0	-1.11	-6.7
9690.0	195.0	2.23	1.8
9690.0	199.0	-0.19	-4.29
9690.0	204.0	-1.45	-5.69
9690.0	205.0	3.42	-2.51
9700.0	180.0	-1.11	-6.7
9700.0	195.0	2.23	2.27
9700.0	199.0	-0.11	-4.16
9700.0	204.0	-1.46	-5.68
9700.0	205.0	3.44	-2.96
9710.0	180.0	-1.11	-6.7
9710.0	195.0	2.24	2.82
9710.0	199.0	-0.19	-4.19
9710.0	204.0	-1.46	-5.68
9710.0	205.0	3.51	-3.43
9720.0	180.0	-1.11	-6.7
9720.0	199.0	-0.09	-4.35
9720.0	204.0	-1.44	-5.68
9720.0	205.0	3.65	-3.92
9730.0	180.0	-1.11	-6.7
9730.0	199.0	-0.13	-4.4
9730.0	204.0	-1.44	-5.68
9740.0	180.0	-1.11	-6.7
9740.0	199.0	-0.09	-4.52
9740.0	204.0	-1.44	-5.68
9750.0	180.0	-1.11	-6.7
9750.0	199.0	0.06	-4.69
9750.0	204.0	-1.44	-5.68
9760.0	180.0	-1.11	-6.7
9760.0	199.0	0.17	-4.87
9760.0	204.0	-1.44	-5.68
9770.0	180.0	-1.11	-6.7
9770.0	204.0	-1.44	-5.68
9770.0	213.0	0.36	-5.16
9780.0	180.0	-1.11	-6.7
9780.0	204.0	-1.44	-5.68
9780.0	213.0	0.5	-5.45
9790.0	180.0	-1.11	-6.7
9790.0	204.0	-1.44	-5.68
9790.0	213.0	0.66	-5.5
9800.0	180.0	-1.11	-6.7
9800.0	204.0	-1.44	-5.68
9800.0	213.0	0.55	-5.65
9810.0	180.0	-1.11	-6.7
9810.0	204.0	-1.44	-5.68
9810.0	213.0	0.44	-5.93
9820.0	180.0	-1.11	-6.7
9820.0	204.0	-1.44	-5.68
9820.0	213.0	0.51	-6.24
9830.0	180.0	-1.11	-6.7
9830.0	204.0	-1.44	-5.68
9830.0	213.0	0.57	-6.64
9840.0	180.0	-1.11	-6.7
9840.0	204.0	-1.44	-5.68
9840.0	213.0	0.59	-6.98
9850.0	180.0	-1.11	-6.7
9850.0	204.0	-1.44	-5.68
9850.0	213.0	0.61	-7.32
9860.0	180.0	-1.11	-6.7
9860.0	204.0	-1.44	-5.68
9860.0	213.0	0.75	-7.71
9870.0	180.0	-1.11	-6.7
9870.0	204.0	-1.44	-5.68
9870.0	213.0	0.83	-8.05
9880.0	180.0	-1.11	-6.7
9880.0	204.0	-1.44	-5.68
9880.0	213.0	0.83	-8.44
9890.0	180.0	-1.11	-6.7
9890.0	204.0	-1.44	-5.68
9890.0	213.0	0.88	-8.83
9900.0	180.0	-1.11	-6.7
9900.0	204.0	-1.44	-5.68
9900.0	213.0	0.95	-9.26
9900.0	216.0	2.95	0.43
9910.0	180.0	-1.11	-6.7
9910.0	204.0	-1.44	-5.68
9910.0	216.0	2.77	0.53
9920.0	180.0	-1.11	-6.7
9920.0	216.0	2.53	0.67
9930.0	180.0	-1.11	-6.7
9930.0	216.0	2.35	0.81
9940.0	180.0	-1.11	-6.7
9940.0	216.0	2.23	1.07
9950.0	180.0	-1.11	-6.7
9950.0	216.0	2.09	1.34
9960.0	180.0	-1.11	-6.7
9960.0	216.0	1.92	1.62
9970.0	180.0	-1.11	-6.7
9970.0	216.0	1.86	2.01
9980.0	180.0	-1.11	-6.7
9980.0	216.0	1.76	2.32
9990.0	180.0	-1.11	-6.7
9990.0	216.0	1.7	2.59
10000.0	219.0	1.09	-3.46
10010.0	219.0	0.96	-3.1
10020.0	219.0	0.82	-2.71
10020.0	220.0	3.4	0.88
10030.0	219.0	0.84	-2.33
10030.0	220.0	3.4	0.25
10040.0	219.0	0.83	-1.91
10040.0	220.0	3.34	-0.34
10050.0	219.0	0.69	-1.54
10050.0	220.0	3.24	-0.92
10050.0	222.0	-0.94	-0.96
10060.0	219.0	0.54	-1.18
10060.0	220.0	3.24	-1.51
10060.0	222.0	-0.99	-1.05
10070.0	219.0	0.51	-0.78
10070.0	220.0	3.14	-2.12
10070.0	222.0	-1.02	-1.15
10080.0	219.0	0.46	-0.44
10080.0	220.0	3.14	-2.74
10080.0	222.0	-1.02	-1.2
10080.0	225.0	3.95	-6.52
10080.0	226.0	1.62	-9.94
10090.0	219.0	0.32	-0.12
10090.0	220.0	3.16	-3.32
10090.0	222.0	-1.06	-1.2
10090.0	225.0	3.64	-6.03
10090.0	226.0	1.72	-9.5
10100.0	219.0	0.18	0.21
10100.0	220.0	3.23	-3.9
10100.0	222.0	-1.09	-1.17
10100.0	225.0	3.21	-5.57
10100.0	226.0	1.71	-8.99
10110.0	219.0	0.19	0.56
10110.0	220.0	3.47	-4.41
10110.0	222.0	-1.11	-1.15
10110.0	225.0	2.9	-5.06
10110.0	226.0	1.7	-8.5
10110.0	227.0	1.72	3.87
10120.0	219.0	0.19	1.0
10120.0	220.0	3.54	-5.06
10120.0	222.0	-1.11	-1.13
10120.0	225.0	2.64	-4.48
10120.0	226.0	1.64	-8.02
10120.0	227.0	1.8	3.32
10130.0	219.0	0.09	1.37
10130.0	220.0	3.6	-5.66
10130.0	222.0	-1.13	-1.11
10130.0	225.0	2.4	-3.87
10130.0	226.0	1.5	-7.49
10130.0	227.0	1.83	2.82
10140.0	219.0	0.07	1.75
10140.0	220.0	3.58	-6.32
10140.0	222.0	-1.15	-1.08
10140.0	225.0	2.41	-3.2
10140.0	226.0	1.45	-6.96
10140.0	227.0	2.02	2.31
10150.0	219.0	0.19	2.11
10150.0	220.0	3.4	-6.92
10150.0	222.0	-1.15	-1.08
10150.0	225.0	2.42	-2.66
10150.0	226.0	1.4	-6.46
10150.0	227.0	2.09	1.82
10160.0	219.0	0.27	2.43
10160.0	220.0	3.32	-7.52
10160.0	222.0	-1.15	-1.08
10160.0	225.0	2.43	-2.05
10160.0	226.0	1.31	-5.96
10160.0	227.0	2.02	1.31
10170.0	219.0	0.26	2.75
10170.0	220.0	3.12	-8.05
10170.0	222.0	-1.15	-1.08
10170.0	225.0	2.64	-1.47
10170.0	226.0	1.27	-5.46
10170.0	227.0	2.03	0.8
10180.0	219.0	0.24	3.06
10180.0	220.0	2.93	-8.68
10180.0	222.0	-1.15	-1.08
10180.0	225.0	2.73	-0.87
10180.0	226.0	1.21	-4.99
10180.0	227.0	1.95	0.38
10190.0	220.0	2.82	-9.24
10190.0	222.0	-1.15	-1.08
10190.0	225.0	2.77	-0.25
10190.0	226.0	1.12	-4.52
10190.0	227.0	1.85	-0.03
10200.0	222.0	-1.15	-1.08
10200.0	225.0	2.75	0.42
10200.0	226.0	1.1	-4.04
10200.0	227.0	1.95	-0.51
10210.0	222.0	-1.15	-1.1
10210.0	225.0	2.57	1.03
10210.0	226.0	0.97	-3.58
10210.0	227.0	2.01	-1.01
10220.0	222.0	-1.21	-1.19
10220.0	225.0	2.56	1.62
10220.0	226.0	0.85	-3.14
10220.0	227.0	2.03	-1.53
10230.0	222.0	-1.33	-1.31
10230.0	225.0	2.46	2.21
10230.0	226.0	0.76	-2.65
10230.0	227.0	2.18	-2.01
10240.0	222.0	-1.34	-1.32
10240.0	225.0	2.3	2.81
10240.0	226.0	0.67	-2.19
10240.0	227.0	2.24	-2.44
10250.0	222.0	-1.69	-1.46
10250.0	226.0	0.67	-1.75
10250.0	227.0	2.19	-2.89
10260.0	222.0	-1.76	-1.4
10260.0	226.0	0.74	-1.28
10260.0	227.0	2.18	-3.29
10260.0	230.0	0.93	-9.76
10260.0	231.0	2.75	-9.51
10260.0	233.0	-1.11	-6.76
10270.0	226.0	0.81	-0.75
10270.0	227.0	2.16	-3.75
10270.0	230.0	0.76	-9.2
10270.0	231.0	2.86	-9.17
10270.0	233.0	-1.11	-6.76
10280.0	226.0	0.96	-0.34
10280.0	227.0	2.05	-4.24
10280.0	230.0	0.63	-8.65
10280.0	231.0	2.92	-8.79
10280.0	233.0	-1.11	-6.76
10290.0	226.0	1.12	0.22
10290.0	227.0	1.97	-4.65
10290.0	230.0	0.58	-8.08
10290.0	231.0	2.95	-8.32
10290.0	233.0	-1.11	-6.76
10300.0	226.0	1.25	0.73
10300.0	227.0	1.96	-5.16
10300.0	230.0	0.45	-7.48
10300.0	231.0	3.05	-7.92
10300.0	233.0	-1.09	-6.76
10310.0	226.0	1.45	1.21
10310.0	227.0	1.89	-5.6
10310.0	230.0	0.41	-6.95
10310.0	231.0	3.11	-7.53
10310.0	233.0	-1.09	-6.76
10320.0	226.0	1.58	1.69
10320.0	227.0	1.76	-6.07
10320.0	230.0	0.41	-6.36
10320.0	231.0	3.1	-7.14
10320.0	233.0	-1.09	-6.76
10330.0	227.0	1.78	-6.48
10330.0	230.0	0.35	-5.75
10330.0	231.0	3.14	-6.78
10330.0	233.0	-1.09	-6.76
10340.0	227.0	1.78	-6.95
10340.0	230.0	0.43	-5.1
10340.0	231.0	3.16	-6.41
10340.0	233.0	-1.09	-6.76
10350.0	227.0	1.65	-7.47
10350.0	230.0	0.52	-4.55
10350.0	231.0	3.1	-5.96
10350.0	233.0	-1.09	-6.76
10360.0	227.0	1.64	-7.98
10360.0	230.0	0.56	-3.91
10360.0	231.0	3.06	-5.59
10360.0	233.0	-1.09	-6.76
10370.0	227.0	1.68	-8.56
10370.0	230.0	0.73	-3.38
10370.0	231.0	3.09	-5.22
10370.0	233.0	-1.09	-6.76
10370.0	235.0	4.0	-9.3
10370.0	236.0	3.42	-9.44
10380.0	230.0	0.79	-2.81
10380.0	231.0	3.05	-4.82
10380.0	233.0	-1.09	-6.76
10380.0	235.0	4.02	-8.91
10380.0	236.0	3.38	-9.1
10390.0	230.0	0.84	-2.26
10390.0	231.0	2.98	-4.46
10390.0	233.0	-1.09	-6.76
10390.0	235.0	4.04	-8.55
10390.0	236.0	3.33	-8.76
10400.0	230.0	0.94	-1.72
10400.0	231.0	3.08	-4.1
10400.0	233.0	-1.09	-6.76
10400.0	235.0	3.97	-8.19
10400.0	236.0	3.35	-8.41
10410.0	230.0	0.95	-1.14
10410.0	231.0	3.05	-3.75
10410.0	233.0	-1.09	-6.76
10410.0	235.0	3.92	-7.87
10410.0	236.0	3.34	-8.07
10420.0	230.0	1.02	-0.6
10420.0	231.0	3.0	-3.38
10420.0	233.0	-1.09	-6.76
10420.0	235.0	3.98	-7.55
10420.0	236.0	3.26	-7.66
10430.0	230.0	1.13	-0.06
10430.0	231.0	3.06	-3.06
10430.0	233.0	-1.09	-6.76
10430.0	235.0	3.94	-7.21
10430.0	236.0	3.24	-7.32
10440.0	230.0	1.19	0.53
10440.0	231.0	3.15	-2.74
10440.0	233.0	-1.09	-6.76
10440.0	235.0	3.87	-6.89
10440.0	236.0	3.29	-6.88
10440.0	238.0	0.66	4.27
10450.0	230.0	1.34	1.07
10450.0	231.0	3.15	-2.36
10450.0	233.0	-1.09	-6.76
10450.0	235.0	3.95	-6.5
10450.0	236.0	3.21	-6.56
10450.0	238.0	0.67	4.29
10460.0	230.0	1.45	1.61
10460.0	231.0	3.13	-2.0
10460.0	233.0	-1.09	-6.76
10460.0	235.0	3.89	-6.17
10460.0	236.0	3.15	-6.12
10460.0	238.0	0.65	4.3
10470.0	230.0	1.5	2.15
10470.0	231.0	3.18	-1.6
10470.0	233.0	-1.09	-6.76
10470.0	235.0	3.81	-5.81
10470.0	236.0	3.21	-5.74
10470.0	238.0	0.65	4.3
10480.0	230.0	1.65	2.67
10480.0	231.0	3.14	-1.25
10480.0	233.0	-1.07	-6.76
10480.0	235.0	3.82	-5.41
10480.0	236.0	3.19	-5.31
10480.0	238.0	0.65	4.3
10490.0	230.0	1.73	3.21
10490.0	231.0	3.04	-0.89
10490.0	233.0	-1.07	-6.76
10490.0	235.0	3.83	-4.95
10490.0	236.0	3.1	-4.93
10490.0	238.0	0.68	4.29
10500.0	230.0	1.76	3.75
10500.0	231.0	3.04	-0.53
10500.0	233.0	-1.07	-6.76
10500.0	235.0	3.77	-4.52
10500.0	236.0	3.11	-4.57
10500.0	238.0	0.7	4.29
10510.0	231.0	3.06	-0.15
10510.0	233.0	-1.11	-6.74
10510.0	235.0	3.81	-4.12
10510.0	236.0	3.13	-4.2
10510.0	238.0	0.7	4.27
10520.0	231.0	3.0	0.29
10520.0	233.0	-1.2	-6.7
10520.0	235.0	3.83	-3.76
10520.0	236.0	3.07	-3.8
10520.0	238.0	0.69	4.29
10530.0	231.0	2.97	0.74
10530.0	235.0	3.81	-3.39
10530.0	236.0	3.02	-3.42
10530.0	238.0	0.68	4.29
10540.0	231.0	3.0	1.13
10540.0	235.0	3.82	-3.02
10540.0	236.0	3.07	-3.03
10540.0	238.0	0.68	4.29
10550.0	231.0	3.01	1.52
10550.0	235.0	3.82	-2.65
10550.0	236.0	3.06	-2.68
10550.0	238.0	0.63	4.28
10560.0	231.0	3.0	1.9
10560.0	235.0	3.8	-2.26
10560.0	236.0	2.94	-2.25
10570.0	231.0	3.08	2.27
10570.0	235.0	3.75	-1.88
10570.0	236.0	3.0	-1.87
10580.0	231.0	3.09	2.61
10580.0	235.0	3.75	-1.46
10580.0	236.0	3.07	-1.5
10590.0	231.0	3.47	2.91
10590.0	235.0	3.68	-1.09
10590.0	236.0	3.02	-1.12
10600.0	235.0	3.64	-0.75
10600.0	236.0	2.96	-0.78
10600.0	247.0	0.82	4.04
10610.0	235.0	3.66	-0.29
10610.0	236.0	3.04	-0.42
10610.0	247.0	0.8	3.88
10620.0	235.0	3.61	-0.0
10620.0	236.0	3.03	-0.1
10620.0	247.0	0.79	3.78
10620.0	253.0	4.02	-9.15
10630.0	235.0	3.55	0.37
10630.0	236.0	3.02	0.31
10630.0	247.0	0.82	4.02
10630.0	253.0	3.99	-8.68
10640.0	235.0	3.57	0.73
10640.0	236.0	2.94	0.7
10640.0	247.0	0.84	4.13
10640.0	253.0	3.99	-8.24
10650.0	235.0	3.51	1.04
10650.0	236.0	2.95	1.03
10650.0	247.0	0.79	3.82
10650.0	253.0	4.0	-7.78
10660.0	235.0	3.39	1.34
10660.0	236.0	2.88	1.37
10660.0	247.0	0.82	4.02
10660.0	253.0	4.0	-7.36
10670.0	235.0	3.41	1.75
10670.0	236.0	2.88	1.71
10670.0	247.0	0.87	4.07
10670.0	253.0	3.91	-6.96
10680.0	235.0	3.44	2.12
10680.0	236.0	2.91	2.05
10680.0	247.0	0.83	4.13
10680.0	253.0	3.9	-6.53
10690.0	235.0	3.41	2.47
10690.0	236.0	2.86	2.4
10690.0	247.0	0.76	3.81
10690.0	253.0	3.88	-6.07
10700.0	235.0	3.47	2.83
10700.0	236.0	2.78	2.73
10700.0	247.0	0.8	3.84
10700.0	253.0	3.94	-5.66
10710.0	235.0	3.51	3.19
10710.0	236.0	2.83	3.05
10710.0	247.0	0.76	3.85
10710.0	253.0	3.96	-5.19
10710.0	254.0	2.84	-9.9
10720.0	235.0	3.47	3.55
10720.0	236.0	2.88	3.44
10720.0	253.0	3.96	-4.73
10720.0	254.0	2.77	-9.22
10720.0	255.0	1.6	4.1
10730.0	235.0	3.52	3.72
10730.0	236.0	2.8	3.78
10730.0	253.0	4.03	-4.25
10730.0	254.0	2.78	-8.53
10730.0	255.0	1.46	3.51
10730.0	256.0	0.72	3.75
10740.0	253.0	4.11	-3.86
10740.0	254.0	2.78	-7.89
10740.0	255.0	1.46	2.8
10740.0	256.0	0.67	3.92
10750.0	253.0	4.12	-3.38
10750.0	254.0	2.76	-7.25
10750.0	255.0	1.39	2.07
10750.0	256.0	0.72	3.8
10760.0	253.0	4.35	-2.84
10760.0	254.0	2.8	-6.59
10760.0	255.0	1.38	1.4
10770.0	254.0	2.79	-5.91
10770.0	255.0	1.41	0.68
10780.0	254.0	2.8	-5.3
10780.0	255.0	1.43	-0.07
10790.0	254.0	2.85	-4.63
10790.0	255.0	1.53	-0.82
10790.0	258.0	1.73	2.53
10800.0	254.0	2.88	-3.93
10800.0	255.0	1.57	-1.58
10800.0	258.0	1.71	1.92
10810.0	254.0	2.97	-3.34
10810.0	255.0	1.55	-2.25
10810.0	258.0	1.79	1.25
10820.0	254.0	3.0	-2.72
10820.0	255.0	1.59	-2.82
10820.0	258.0	1.84	0.65
10830.0	254.0	2.98	-2.08
10830.0	255.0	1.57	-3.56
10830.0	258.0	1.92	0.22
10840.0	254.0	2.99	-1.44
10840.0	255.0	1.6	-4.31
10840.0	258.0	2.03	-0.48
10850.0	254.0	2.93	-0.8
10850.0	255.0	1.68	-5.16
10850.0	258.0	2.09	-1.06
10850.0	259.0	3.58	2.97
10860.0	254.0	2.85	-0.2
10860.0	255.0	1.65	-5.91
10860.0	259.0	3.46	2.39
10870.0	254.0	2.76	0.46
10870.0	255.0	1.74	-6.68
10870.0	259.0	3.45	1.84
10880.0	254.0	2.64	1.07
10880.0	255.0	1.88	-7.54
10880.0	259.0	3.48	1.32
10890.0	254.0	2.61	1.69
10890.0	255.0	1.83	-8.31
10890.0	259.0	3.45	0.77
10900.0	254.0	2.58	2.28
10900.0	255.0	1.81	-9.03
10900.0	259.0	3.45	0.2
10900.0	261.0	1.27	3.92
10910.0	254.0	2.58	2.84
10910.0	259.0	3.43	-0.36
10910.0	261.0	1.35	3.26
10920.0	254.0	2.47	3.39
10920.0	259.0	3.4	-0.94
10920.0	261.0	1.41	2.68
10930.0	259.0	3.45	-1.53
10930.0	261.0	1.47	2.08
10940.0	259.0	3.45	-2.16
10940.0	261.0	1.68	1.46
10950.0	259.0	3.47	-2.77
10950.0	261.0	1.79	0.85
10960.0	259.0	3.45	-3.35
10960.0	261.0	1.89	0.26
10970.0	259.0	3.33	-3.96
10970.0	261.0	2.05	-0.34
10980.0	259.0	3.23	-4.58
10980.0	261.0	2.07	-0.95
10990.0	259.0	3.04	-5.18
10990.0	261.0	2.14	-1.59
11000.0	259.0	2.88	-5.77
11000.0	261.0	2.11	-2.24
11000.0	262.0	3.39	-9.44
11010.0	259.0	2.77	-6.39
11010.0	261.0	2.04	-2.91
11010.0	262.0	3.45	-8.86
11010.0	263.0	1.15	-10.15
11020.0	259.0	2.67	-7.16
11020.0	261.0	2.08	-3.59
11020.0	262.0	3.43	-8.25
11020.0	263.0	1.19	-9.46
11030.0	259.0	2.71	-7.8
11030.0	261.0	2.04	-4.29
11030.0	262.0	3.48	-7.66
11030.0	263.0	1.26	-8.82
11040.0	259.0	2.74	-8.45
11040.0	261.0	2.1	-4.96
11040.0	262.0	3.43	-6.99
11040.0	263.0	1.23	-8.21
11050.0	259.0	2.85	-9.1
11050.0	261.0	2.15	-5.64
11050.0	262.0	3.37	-6.35
11050.0	263.0	1.24	-7.58
11060.0	259.0	3.06	-9.78
11060.0	261.0	2.06	-6.31
11060.0	262.0	3.31	-5.75
11060.0	263.0	1.33	-6.89
11070.0	261.0	2.06	-7.01
11070.0	262.0	3.22	-5.17
11070.0	263.0	1.39	-6.21
11080.0	261.0	1.93	-7.66
11080.0	262.0	3.22	-4.62
11080.0	263.0	1.54	-5.58
11090.0	261.0	1.77	-8.3
11090.0	262.0	3.23	-4.02
11090.0	263.0	1.74	-4.92
11100.0	262.0	3.17	-3.38
11100.0	263.0	1.88	-4.29
11110.0	262.0	3.19	-2.78
11110.0	263.0	2.07	-3.69
11120.0	262.0	3.28	-2.23
11120.0	263.0	2.22	-3.04
11130.0	262.0	3.28	-1.47
11130.0	263.0	2.27	-2.39
11140.0	262.0	3.36	-0.82
11140.0	263.0	2.4	-1.76
11150.0	262.0	3.38	-0.27
11150.0	263.0	2.46	-1.09
11160.0	262.0	3.36	0.33
11160.0	263.0	2.45	-0.44
11170.0	262.0	3.36	0.94
11170.0	263.0	2.5	0.22
11180.0	262.0	3.22	1.51
11180.0	263.0	2.47	0.88
11190.0	262.0	3.17	1.98
11190.0	263.0	2.4	1.5
11200.0	262.0	3.11	2.6
11200.0	263.0	2.4	2.08
11210.0	262.0	3.0	3.15
11210.0	263.0	2.35	2.61
11350.0	265.0	0.78	3.0
11360.0	265.0	0.8	2.48
11370.0	265.0	0.8	1.96
11370.0	270.0	3.47	-5.26
11370.0	271.0	3.69	-7.91
11380.0	265.0	0.85	1.4
11380.0	270.0	3.5	-4.62
11380.0	271.0	3.54	-7.24
11390.0	265.0	0.85	0.87
11390.0	270.0	3.51	-3.97
11390.0	271.0	3.51	-6.6
11400.0	265.0	0.8	0.34
11400.0	270.0	3.57	-3.33
11400.0	271.0	3.46	-5.91
11410.0	265.0	0.82	-0.22
11410.0	270.0	3.58	-2.69
11410.0	271.0	3.44	-5.24
11420.0	265.0	0.8	-0.73
11420.0	270.0	3.67	-2.06
11420.0	271.0	3.52	-4.57
11430.0	265.0	0.75	-1.26
11430.0	270.0	3.71	-1.44
11430.0	271.0	3.53	-3.86
11440.0	265.0	0.85	-1.92
11440.0	270.0	3.71	-0.81
11440.0	271.0	3.56	-3.23
11450.0	265.0	0.83	-2.48
11450.0	270.0	3.82	-0.21
11450.0	271.0	3.6	-2.54
11460.0	265.0	0.81	-3.05
11460.0	270.0	3.8	0.45
11460.0	271.0	3.6	-1.86
11470.0	265.0	0.77	-3.63
11470.0	270.0	3.81	1.11
11470.0	271.0	3.63	-1.27
11480.0	265.0	0.7	-4.23
11480.0	270.0	3.78	1.74
11480.0	271.0	3.59	-0.57
11490.0	265.0	0.63	-4.77
11500.0	265.0	0.67	-5.45
11510.0	265.0	0.61	-6.1
11520.0	265.0	0.49	-6.7
11530.0	265.0	0.5	-7.29
11540.0	265.0	0.47	-7.82
11610.0	272.0	1.57	2.8
11610.0	273.0	1.24	-9.96
11610.0	274.0	3.75	-8.15
11620.0	272.0	1.6	2.28
11620.0	273.0	1.25	-9.19
11620.0	274.0	3.75	-7.49
11630.0	272.0	1.59	1.79
11630.0	273.0	1.23	-8.6
11630.0	274.0	3.62	-6.76
11640.0	272.0	1.65	1.26
11640.0	273.0	1.32	-7.97
11640.0	274.0	3.61	-6.08
11650.0	272.0	1.65	0.78
11650.0	273.0	1.38	-7.32
11650.0	274.0	3.53	-5.39
11660.0	272.0	1.61	0.3
11660.0	273.0	1.52	-6.73
11660.0	274.0	3.46	-4.63
11670.0	272.0	1.59	-0.22
11670.0	273.0	1.7	-6.01
11670.0	274.0	3.45	-3.97
11680.0	272.0	1.53	-0.71
11680.0	273.0	1.78	-5.42
11680.0	274.0	3.34	-3.25
11690.0	272.0	1.47	-1.2
11690.0	273.0	1.91	-4.78
11690.0	274.0	3.35	-2.6
11700.0	272.0	1.47	-1.73
11700.0	273.0	1.97	-4.11
11700.0	274.0	3.38	-1.91
11710.0	272.0	1.46	-2.27
11710.0	273.0	2.04	-3.46
11710.0	274.0	3.24	-1.2
11720.0	272.0	1.46	-2.81
11720.0	273.0	2.1	-2.74
11720.0	274.0	3.27	-0.59
11730.0	272.0	1.54	-3.41
11730.0	273.0	2.06	-2.07
11730.0	274.0	3.24	0.09
11740.0	274.0	3.22	0.69
11770.0	276.0	2.12	0.66
11770.0	277.0	0.28	1.49
11770.0	278.0	1.34	4.05
11770.0	281.0	3.44	-5.51
11780.0	276.0	2.04	1.3
11780.0	277.0	0.23	0.93
11780.0	278.0	1.24	3.41
11780.0	281.0	3.44	-4.92
11790.0	276.0	2.05	1.9
11790.0	277.0	0.21	0.37
11790.0	278.0	1.2	2.78
11790.0	281.0	3.39	-4.31
11800.0	276.0	2.03	2.46
11800.0	277.0	0.2	-0.19
11800.0	278.0	1.15	2.14
11800.0	281.0	3.33	-3.68
11810.0	276.0	1.99	3.06
11810.0	277.0	0.14	-0.71
11810.0	278.0	1.18	1.49
11810.0	281.0	3.29	-3.06
11820.0	276.0	2.1	3.66
11820.0	277.0	0.1	-1.27
11820.0	278.0	1.19	0.89
11820.0	281.0	3.27	-2.47
11830.0	277.0	0.2	-1.85
11830.0	278.0	1.17	0.24
11830.0	281.0	3.24	-1.9
11840.0	277.0	0.24	-2.39
11840.0	278.0	1.22	-0.43
11840.0	281.0	3.24	-1.33
11850.0	277.0	0.25	-2.95
11850.0	278.0	1.22	-1.09
11850.0	281.0	3.22	-0.74
11860.0	277.0	0.34	-3.51
11860.0	278.0	1.26	-1.75
11860.0	281.0	3.16	-0.16
11870.0	277.0	0.42	-4.19
11870.0	278.0	1.31	-2.42
11870.0	281.0	3.24	0.62
11880.0	277.0	0.28	-4.67
11880.0	278.0	1.33	-3.1
11880.0	281.0	3.22	1.24
11890.0	277.0	0.32	-5.26
11890.0	278.0	1.42	-3.81
11890.0	281.0	3.18	1.83
11900.0	277.0	0.28	-5.87
11900.0	278.0	1.43	-4.51
11900.0	281.0	3.22	2.41
11910.0	277.0	0.19	-6.45
11910.0	278.0	1.41	-5.21
11910.0	281.0	3.22	2.96
11920.0	277.0	0.21	-6.99
11920.0	278.0	1.42	-5.93
11920.0	283.0	3.6	-9.28
11930.0	277.0	0.09	-7.62
11930.0	278.0	1.37	-6.67
11930.0	283.0	3.61	-8.69
11940.0	277.0	0.06	-8.33
11940.0	278.0	1.38	-7.38
11940.0	283.0	3.58	-8.08
11950.0	277.0	0.1	-8.91
11950.0	278.0	1.32	-8.15
11950.0	283.0	3.59	-7.45
11960.0	277.0	0.17	-9.49
11960.0	278.0	1.28	-8.85
11960.0	283.0	3.56	-6.82
11970.0	283.0	3.52	-6.22
11980.0	283.0	3.46	-5.59
11990.0	283.0	3.37	-4.96
12440.0	284.0	0.94	1.73
12450.0	284.0	1.02	1.02
12450.0	286.0	-0.26	-3.22
12460.0	284.0	1.02	0.29
12460.0	286.0	-0.27	-2.71
12470.0	284.0	1.05	-0.4
12470.0	286.0	-0.26	-2.15
12480.0	284.0	1.02	-1.12
12480.0	286.0	-0.29	-1.56
12480.0	289.0	2.98	-7.11
12490.0	284.0	1.02	-1.8
12490.0	286.0	-0.25	-1.01
12490.0	289.0	2.98	-6.5
12500.0	284.0	0.94	-2.55
12500.0	286.0	-0.18	-0.46
12500.0	289.0	2.88	-5.87
12500.0	290.0	3.58	-7.57
12510.0	284.0	0.88	-3.27
12510.0	286.0	-0.17	0.09
12510.0	289.0	2.81	-5.27
12510.0	290.0	3.58	-6.92
12510.0	291.0	2.72	-8.62
12520.0	284.0	0.91	-4.01
12520.0	286.0	-0.09	0.61
12520.0	289.0	2.79	-4.61
12520.0	290.0	3.69	-6.25
12520.0	291.0	2.65	-7.96
12520.0	293.0	-0.81	4.04
12520.0	294.0	-0.39	4.31
12530.0	284.0	0.89	-4.79
12530.0	286.0	-0.03	1.14
12530.0	289.0	2.65	-4.01
12530.0	290.0	3.78	-5.64
12530.0	291.0	2.43	-7.24
12530.0	293.0	-0.81	4.04
12530.0	294.0	-0.4	4.15
12540.0	284.0	0.9	-5.54
12540.0	286.0	-0.08	1.79
12540.0	289.0	2.54	-3.41
12540.0	290.0	3.84	-5.0
12540.0	291.0	2.46	-6.47
12540.0	293.0	-0.81	4.04
12540.0	294.0	-0.4	4.06
12550.0	284.0	0.84	-6.3
12550.0	286.0	-0.02	2.31
12550.0	289.0	2.39	-2.81
12550.0	290.0	3.99	-4.27
12550.0	291.0	2.37	-5.76
12550.0	293.0	-0.81	4.04
12550.0	294.0	-0.41	4.2
12560.0	284.0	0.77	-7.05
12560.0	286.0	0.03	2.81
12560.0	289.0	2.15	-2.28
12560.0	290.0	4.04	-3.64
12560.0	291.0	2.31	-5.06
12560.0	293.0	-0.81	4.04
12560.0	294.0	-0.42	4.11
12570.0	284.0	0.73	-7.9
12570.0	286.0	0.02	3.32
12570.0	289.0	2.01	-1.68
12570.0	290.0	4.18	-3.07
12570.0	291.0	2.31	-4.35
12570.0	293.0	-0.81	4.04
12570.0	294.0	-0.42	4.04
12580.0	284.0	0.71	-8.65
12580.0	286.0	0.1	3.79
12580.0	289.0	1.86	-1.12
12580.0	291.0	2.31	-3.61
12580.0	293.0	-0.81	4.04
12580.0	294.0	-0.42	4.02
12590.0	284.0	0.82	-9.38
12590.0	286.0	0.11	4.27
12590.0	289.0	1.7	-0.59
12590.0	291.0	2.41	-2.93
12590.0	293.0	-0.81	4.04
12590.0	294.0	-0.46	4.22
12590.0	295.0	3.72	-2.8
12600.0	284.0	0.77	-10.06
12600.0	289.0	1.64	0.07
12600.0	291.0	2.41	-2.18
12600.0	293.0	-0.81	4.04
12600.0	294.0	-0.47	4.28
12600.0	295.0	3.5	-2.13
12610.0	289.0	1.53	0.64
12610.0	291.0	2.28	-1.54
12610.0	293.0	-0.81	4.04
12610.0	294.0	-0.42	4.22
12610.0	295.0	3.37	-1.43
12620.0	289.0	1.53	1.2
12620.0	291.0	2.38	-0.87
12620.0	293.0	-0.81	4.04
12620.0	294.0	-0.45	4.13
12620.0	295.0	3.24	-0.75
12630.0	289.0	1.52	1.74
12630.0	291.0	2.38	-0.18
12630.0	293.0	-0.81	4.04
12630.0	294.0	-0.44	4.15
12630.0	295.0	3.13	-0.07
12640.0	289.0	1.41	2.27
12640.0	291.0	2.37	0.48
12640.0	293.0	-0.81	4.04
12640.0	294.0	-0.44	4.12
12640.0	295.0	3.11	0.62
12650.0	289.0	1.36	2.83
12650.0	291.0	2.32	1.12
12650.0	293.0	-0.81	4.04
12650.0	294.0	-0.44	4.06
12650.0	295.0	3.09	1.34
12660.0	289.0	1.22	3.36
12660.0	291.0	2.36	1.73
12660.0	293.0	-0.81	4.04
12660.0	294.0	-0.42	4.14
12660.0	295.0	3.15	1.95
12670.0	289.0	0.92	3.9
12670.0	291.0	2.42	2.35
12670.0	293.0	-0.81	4.04
12670.0	294.0	-0.42	4.08
12670.0	295.0	3.18	2.58
12680.0	293.0	-0.81	4.04
12680.0	294.0	-0.42	4.04
12690.0	293.0	-0.81	4.04
12690.0	294.0	-0.42	4.02
12700.0	293.0	-0.81	4.04
12700.0	294.0	-0.42	4.0
12710.0	293.0	-0.81	4.04
12710.0	294.0	-0.42	3.99
12720.0	293.0	-0.81	4.04
12720.0	294.0	-0.42	3.99
12730.0	293.0	-0.81	4.04
12730.0	294.0	-0.42	3.99
12740.0	293.0	-0.81	4.04
12740.0	294.0	-0.42	3.99
12750.0	293.0	-0.81	4.04
12750.0	294.0	-0.42	3.99
12870.0	302.0	2.74	-10.19
12880.0	302.0	2.91	-9.54
12890.0	302.0	2.96	-8.71
12900.0	302.0	3.0	-8.04
12900.0	303.0	-2.0	0.22
12910.0	302.0	3.07	-7.36
12910.0	303.0	-1.89	0.04
12920.0	302.0	3.08	-6.65
12920.0	303.0	-1.82	-0.26
12930.0	302.0	3.11	-5.96
12930.0	303.0	-1.67	-0.44
12940.0	302.0	3.12	-5.26
12940.0	303.0	-1.45	-0.51
12950.0	302.0	3.09	-4.53
12950.0	303.0	-1.27	-0.5
12960.0	302.0	3.15	-3.8
12960.0	303.0	-1.22	-0.46
12970.0	302.0	3.14	-3.08
12970.0	303.0	-1.05	-0.41
12980.0	302.0	3.23	-2.5
12980.0	303.0	-1.03	-0.38
12990.0	302.0	3.31	-1.82
12990.0	303.0	-1.08	-0.38
13000.0	302.0	3.4	-1.15
13000.0	303.0	-1.14	-0.37
13010.0	302.0	3.42	-0.57
13010.0	303.0	-1.18	-0.32
13010.0	305.0	1.06	-6.54
13020.0	302.0	3.53	0.01
13020.0	303.0	-1.22	-0.26
13020.0	305.0	0.82	-5.88
13030.0	302.0	3.48	0.7
13030.0	303.0	-1.22	-0.24
13030.0	305.0	0.52	-5.28
13040.0	302.0	3.69	1.2
13040.0	303.0	-1.22	-0.23
13040.0	305.0	-0.1	-4.87
13050.0	302.0	3.69	1.81
13050.0	303.0	-1.22	-0.23
13060.0	303.0	-1.22	-0.23
13060.0	307.0	2.6	-8.67
13070.0	303.0	-1.22	-0.23
13070.0	307.0	2.49	-8.26
13080.0	303.0	-1.22	-0.23
13080.0	307.0	2.47	-7.74
13090.0	303.0	-1.22	-0.23
13090.0	307.0	2.5	-7.26
13100.0	303.0	-1.22	-0.23
13100.0	307.0	2.47	-6.78
13100.0	308.0	3.11	-8.24
13110.0	303.0	-1.22	-0.23
13110.0	307.0	2.46	-6.28
13110.0	308.0	3.42	-7.47
13120.0	303.0	-1.22	-0.23
13120.0	307.0	2.53	-5.81
13120.0	308.0	3.57	-6.66
13130.0	303.0	-1.22	-0.23
13130.0	307.0	2.55	-5.37
13130.0	308.0	3.73	-5.84
13130.0	310.0	-1.49	-8.22
13130.0	311.0	-1.36	-2.68
13130.0	312.0	-1.05	3.09
13130.0	313.0	-0.52	3.4
13140.0	303.0	-1.22	-0.23
13140.0	307.0	2.55	-4.94
13140.0	308.0	3.82	-5.04
13140.0	310.0	-1.49	-8.22
13140.0	311.0	-1.36	-2.68
13140.0	312.0	-1.03	3.09
13140.0	313.0	-0.52	3.4
13150.0	303.0	-1.22	-0.23
13150.0	307.0	2.56	-4.48
13150.0	308.0	3.87	-4.19
13150.0	310.0	-1.49	-8.22
13150.0	311.0	-1.36	-2.68
13150.0	312.0	-1.23	3.14
13150.0	313.0	-0.52	3.4
13160.0	303.0	-1.22	-0.23
13160.0	307.0	2.48	-4.14
13160.0	308.0	3.88	-3.33
13160.0	310.0	-1.47	-8.22
13160.0	311.0	-1.36	-2.68
13160.0	313.0	-0.52	3.4
13170.0	303.0	-1.22	-0.23
13170.0	307.0	2.35	-3.8
13170.0	308.0	3.88	-2.56
13170.0	310.0	-1.45	-8.22
13170.0	311.0	-1.36	-2.68
13170.0	313.0	-0.52	3.4
13170.0	315.0	1.13	-10.03
13180.0	303.0	-1.22	-0.23
13180.0	307.0	2.29	-3.42
13180.0	308.0	3.88	-1.66
13180.0	310.0	-1.45	-8.19
13180.0	311.0	-1.36	-2.68
13180.0	313.0	-0.52	3.4
13180.0	315.0	1.12	-9.54
13180.0	317.0	0.66	-9.8
13190.0	303.0	-1.22	-0.23
13190.0	307.0	2.24	-3.07
13190.0	308.0	3.87	-0.89
13190.0	310.0	-1.45	-8.13
13190.0	311.0	-1.36	-2.68
13190.0	313.0	-0.52	3.4
13190.0	315.0	1.0	-9.05
13190.0	317.0	0.54	-9.33
13200.0	303.0	-1.22	-0.23
13200.0	307.0	2.12	-2.74
13200.0	310.0	-1.45	-8.12
13200.0	311.0	-1.36	-2.68
13200.0	313.0	-0.52	3.4
13200.0	315.0	0.79	-8.66
13200.0	317.0	0.55	-8.84
13210.0	303.0	-1.22	-0.23
13210.0	307.0	2.07	-2.36
13210.0	310.0	-1.45	-8.2
13210.0	311.0	-1.36	-2.68
13210.0	313.0	-0.52	3.4
13210.0	315.0	0.77	-8.24
13210.0	317.0	0.5	-8.41
13220.0	303.0	-1.22	-0.23
13220.0	307.0	2.1	-2.07
13220.0	310.0	-1.47	-8.28
13220.0	311.0	-1.36	-2.68
13220.0	313.0	-0.52	3.4
13220.0	315.0	0.83	-7.78
13220.0	317.0	0.38	-7.97
13230.0	303.0	-1.22	-0.23
13230.0	307.0	2.1	-1.73
13230.0	310.0	-1.48	-8.34
13230.0	311.0	-1.36	-2.68
13230.0	313.0	-0.52	3.4
13230.0	315.0	0.79	-7.3
13230.0	317.0	0.36	-7.52
13240.0	303.0	-1.22	-0.23
13240.0	307.0	2.03	-1.54
13240.0	310.0	-1.48	-8.33
13240.0	311.0	-1.36	-2.68
13240.0	313.0	-0.52	3.4
13240.0	315.0	0.69	-6.89
13240.0	317.0	0.33	-7.11
13250.0	303.0	-1.22	-0.23
13250.0	307.0	2.04	-1.24
13250.0	310.0	-1.48	-8.31
13250.0	311.0	-1.36	-2.68
13250.0	313.0	-0.52	3.4
13250.0	315.0	0.73	-6.46
13250.0	317.0	0.24	-6.68
13260.0	303.0	-1.22	-0.23
13260.0	307.0	2.03	-1.12
13260.0	310.0	-1.46	-8.29
13260.0	311.0	-1.36	-2.68
13260.0	313.0	-0.52	3.4
13260.0	315.0	0.75	-5.98
13260.0	317.0	0.2	-6.25
13270.0	303.0	-1.22	-0.23
13270.0	307.0	2.02	-1.21
13270.0	310.0	-1.44	-8.29
13270.0	311.0	-1.36	-2.68
13270.0	313.0	-0.52	3.4
13270.0	315.0	0.62	-5.55
13270.0	317.0	0.22	-5.79
13280.0	303.0	-1.22	-0.23
13280.0	307.0	2.02	-1.21
13280.0	310.0	-1.44	-8.29
13280.0	311.0	-1.36	-2.68
13280.0	313.0	-0.52	3.4
13280.0	315.0	0.57	-5.14
13280.0	317.0	0.16	-5.43
13290.0	303.0	-1.22	-0.23
13290.0	307.0	2.02	-1.2
13290.0	310.0	-1.44	-8.29
13290.0	311.0	-1.36	-2.68
13290.0	313.0	-0.52	3.4
13290.0	315.0	0.59	-4.67
13290.0	317.0	0.03	-5.1
13300.0	303.0	-1.22	-0.23
13300.0	307.0	2.01	-1.13
13300.0	310.0	-1.44	-8.29
13300.0	311.0	-1.36	-2.68
13300.0	313.0	-0.52	3.4
13300.0	315.0	0.39	-4.29
13300.0	317.0	-0.09	-4.84
13310.0	303.0	-1.22	-0.23
13310.0	307.0	2.01	-1.14
13310.0	310.0	-1.44	-8.29
13310.0	311.0	-1.36	-2.68
13310.0	313.0	-0.52	3.4
13310.0	315.0	0.16	-3.96
13310.0	317.0	-0.18	-4.63
13320.0	303.0	-1.22	-0.23
13320.0	307.0	2.0	-1.16
13320.0	310.0	-1.33	-8.28
13320.0	311.0	-1.36	-2.68
13320.0	313.0	-0.52	3.4
13320.0	315.0	-0.05	-3.54
13320.0	317.0	-0.44	-4.45
13330.0	303.0	-1.22	-0.23
13330.0	307.0	2.0	-1.18
13330.0	310.0	-1.32	-8.27
13330.0	311.0	-1.36	-2.68
13330.0	313.0	-0.52	3.4
13330.0	315.0	-0.27	-3.46
13330.0	317.0	-0.65	-4.27
13340.0	303.0	-1.22	-0.23
13340.0	307.0	1.98	-1.21
13340.0	310.0	-1.32	-8.29
13340.0	311.0	-1.36	-2.68
13340.0	313.0	-0.52	3.4
13340.0	315.0	-0.45	-3.49
13340.0	317.0	-0.79	-4.2
13350.0	303.0	-1.22	-0.23
13350.0	307.0	1.93	-1.21
13350.0	310.0	-1.32	-8.31
13350.0	311.0	-1.36	-2.59
13350.0	313.0	-0.56	3.21
13350.0	315.0	-0.56	-3.5
13350.0	317.0	-0.98	-4.18
13360.0	303.0	-1.22	-0.23
13360.0	307.0	1.8	-1.09
13360.0	310.0	-1.36	-8.31
13360.0	311.0	-1.36	-2.67
13360.0	313.0	-0.57	3.19
13360.0	315.0	-0.57	-3.51
13360.0	317.0	-1.02	-4.18
13370.0	303.0	-1.22	-0.23
13370.0	310.0	-1.31	-8.37
13370.0	311.0	-1.36	-2.68
13370.0	313.0	-0.57	3.19
13370.0	315.0	-0.6	-3.43
13370.0	317.0	-0.86	-4.19
13380.0	303.0	-1.22	-0.23
13380.0	310.0	-1.29	-8.36
13380.0	311.0	-1.36	-2.68
13380.0	313.0	-0.57	3.19
13380.0	321.0	1.39	-0.79
13380.0	322.0	-1.09	-4.11
13380.0	323.0	-0.73	-3.33
13390.0	303.0	-1.22	-0.23
13390.0	310.0	-1.26	-8.3
13390.0	311.0	-1.36	-2.68
13390.0	313.0	-0.57	3.19
13390.0	321.0	1.21	-0.68
13390.0	322.0	-1.09	-4.11
13390.0	323.0	-0.8	-3.22
13400.0	303.0	-1.22	-0.23
13400.0	310.0	-1.24	-8.23
13400.0	311.0	-1.36	-2.68
13400.0	313.0	-0.57	3.19
13400.0	322.0	-1.09	-4.11
13400.0	323.0	-0.88	-3.21
13490.0	324.0	1.68	1.09
13500.0	324.0	1.73	0.43
13510.0	324.0	1.72	-0.28
13520.0	324.0	1.69	-0.92
13530.0	324.0	1.71	-1.63
13540.0	324.0	1.66	-2.32
13550.0	324.0	1.69	-3.0
13560.0	324.0	1.81	-3.7
13570.0	324.0	1.66	-4.36
13580.0	324.0	1.7	-5.1
13590.0	324.0	1.67	-5.83
13750.0	327.0	0.62	0.23
13750.0	328.0	2.75	1.15
13760.0	327.0	0.7	1.04
13760.0	328.0	2.73	0.39
13770.0	327.0	0.75	1.8
13770.0	328.0	2.66	-0.35
13780.0	327.0	0.84	2.54
13780.0	328.0	2.63	-1.11
13790.0	328.0	2.5	-1.9
13800.0	328.0	2.45	-2.81
13810.0	328.0	2.37	-3.62
13820.0	328.0	2.37	-4.44
13830.0	328.0	2.36	-5.27
13840.0	328.0	2.46	-6.04
13850.0	328.0	2.52	-6.87
13860.0	328.0	2.63	-7.64
13870.0	328.0	2.79	-8.46
13880.0	328.0	3.01	-9.39
14160.0	330.0	0.8	0.05
14160.0	331.0	1.92	1.63
14170.0	330.0	0.75	-0.57
14170.0	331.0	1.91	0.82
14180.0	330.0	0.72	-1.15
14180.0	331.0	1.87	-0.01
14190.0	330.0	0.73	-1.77
14190.0	331.0	1.84	-0.84
14200.0	330.0	0.72	-2.41
14200.0	331.0	1.77	-1.7
14210.0	330.0	0.8	-3.17
14210.0	331.0	1.7	-2.6
14220.0	330.0	0.81	-3.74
14220.0	331.0	1.7	-3.54
14230.0	330.0	0.83	-4.32
14230.0	331.0	1.73	-4.37
14240.0	330.0	0.92	-5.01
14240.0	331.0	1.8	-5.34
14250.0	330.0	0.94	-5.71
14250.0	331.0	1.73	-6.24
14260.0	330.0	0.82	-6.26
14260.0	331.0	1.76	-7.16
14270.0	330.0	0.79	-6.84
14270.0	331.0	1.68	-8.04
14280.0	330.0	0.71	-7.41
14280.0	331.0	1.68	-8.89
14290.0	330.0	0.67	-8.04
14340.0	334.0	0.65	1.14
14350.0	334.0	0.69	0.6
14360.0	334.0	0.76	0.06
14370.0	334.0	0.78	-0.53
14380.0	334.0	0.92	-1.14
14390.0	334.0	0.96	-1.74
