800.0	2.0	13.64	5.8
810.0	2.0	12.09	5.75
820.0	2.0	11.37	5.8
830.0	2.0	10.31	5.97
830.0	3.0	12.49	6.6
840.0	2.0	9.57	6.24
840.0	3.0	11.94	6.77
850.0	2.0	8.73	6.34
850.0	3.0	11.03	6.84
850.0	4.0	-1.32	5.11
860.0	2.0	7.94	6.5
860.0	3.0	10.21	6.81
860.0	4.0	-0.33	5.06
870.0	2.0	7.17	6.62
870.0	3.0	9.36	6.85
870.0	4.0	0.76	5.0
880.0	2.0	6.47	6.68
880.0	3.0	8.59	6.85
880.0	4.0	1.76	4.89
890.0	2.0	5.86	6.82
890.0	3.0	7.78	6.84
890.0	4.0	2.81	4.83
900.0	2.0	5.24	6.98
900.0	3.0	6.96	6.84
900.0	4.0	3.8	4.77
910.0	2.0	4.87	7.16
910.0	3.0	6.29	7.0
910.0	4.0	4.97	4.69
920.0	2.0	4.51	7.58
920.0	3.0	5.62	7.1
920.0	4.0	5.97	4.7
930.0	2.0	4.2	7.3
930.0	3.0	5.06	7.04
930.0	4.0	6.97	4.67
940.0	2.0	3.95	7.71
940.0	3.0	4.69	7.0
940.0	4.0	8.12	4.95
950.0	2.0	3.47	7.86
950.0	3.0	4.35	7.01
950.0	4.0	9.11	5.01
950.0	8.0	-2.48	-0.22
960.0	2.0	2.82	8.0
960.0	3.0	3.76	6.99
960.0	4.0	10.12	5.13
960.0	8.0	-1.67	0.53
970.0	2.0	2.01	8.0
970.0	3.0	3.19	6.89
970.0	4.0	11.01	5.32
970.0	8.0	-0.93	0.96
980.0	2.0	1.28	7.82
980.0	3.0	2.62	7.13
980.0	4.0	11.93	5.47
980.0	8.0	-0.14	1.5
990.0	2.0	0.54	7.4
990.0	3.0	1.78	7.15
990.0	8.0	0.82	1.83
1000.0	2.0	-0.18	7.06
1000.0	3.0	1.01	6.96
1000.0	8.0	1.59	2.13
1010.0	2.0	-0.83	6.43
1010.0	3.0	0.07	6.91
1010.0	8.0	2.63	2.49
1020.0	2.0	-1.52	6.05
1020.0	3.0	-0.72	6.66
1020.0	8.0	3.67	2.83
1030.0	8.0	4.46	2.72
1040.0	8.0	5.47	3.02
1050.0	8.0	6.5	3.24
1050.0	9.0	12.83	4.68
1050.0	11.0	12.51	6.19
1060.0	8.0	7.35	3.65
1060.0	9.0	12.83	4.68
1060.0	11.0	11.54	6.03
1070.0	8.0	8.29	3.92
1070.0	9.0	12.83	4.68
1070.0	11.0	10.96	5.97
1070.0	14.0	13.2	6.51
1080.0	8.0	9.23	4.15
1080.0	9.0	12.83	4.64
1080.0	11.0	10.29	6.12
1080.0	14.0	12.54	7.0
1090.0	8.0	10.08	4.34
1090.0	9.0	12.83	4.57
1090.0	11.0	9.88	6.21
1090.0	14.0	11.94	7.22
1090.0	15.0	12.61	6.38
1100.0	8.0	10.89	4.53
1100.0	9.0	12.88	4.55
1100.0	11.0	9.54	6.09
1100.0	14.0	11.29	7.42
1100.0	15.0	11.91	6.65
1110.0	8.0	11.59	4.68
1110.0	11.0	8.87	5.99
1110.0	14.0	10.58	7.56
1110.0	15.0	11.25	6.81
1120.0	8.0	12.28	4.93
1120.0	11.0	8.04	5.66
1120.0	14.0	9.92	7.42
1120.0	15.0	10.43	6.82
1130.0	8.0	12.93	5.1
1130.0	11.0	7.17	5.45
1130.0	14.0	9.11	7.34
1130.0	15.0	9.6	6.69
1140.0	11.0	6.43	5.23
1140.0	14.0	8.35	7.32
1140.0	15.0	8.86	6.64
1150.0	11.0	5.67	5.16
1150.0	14.0	7.75	7.43
1150.0	15.0	8.09	6.55
1160.0	11.0	4.94	4.95
1160.0	14.0	6.92	7.36
1160.0	15.0	7.32	6.51
1170.0	11.0	4.26	4.71
1170.0	14.0	6.02	7.19
1170.0	15.0	6.55	6.4
1180.0	11.0	3.54	4.54
1180.0	14.0	5.23	7.1
1180.0	15.0	5.77	6.26
1190.0	11.0	2.82	4.35
1190.0	14.0	4.43	7.0
1190.0	15.0	5.0	6.07
1200.0	11.0	2.16	4.19
1200.0	14.0	3.66	6.99
1200.0	15.0	4.16	6.01
1210.0	11.0	1.39	3.97
1210.0	14.0	2.87	6.86
1210.0	15.0	3.39	5.83
1220.0	11.0	0.71	3.72
1220.0	14.0	2.0	6.75
1220.0	15.0	2.37	5.98
1220.0	22.0	11.86	5.17
1230.0	11.0	0.01	3.41
1230.0	14.0	1.19	6.6
1230.0	15.0	1.53	5.83
1230.0	22.0	10.95	4.94
1240.0	11.0	-0.63	3.08
1240.0	14.0	0.33	6.47
1240.0	15.0	0.68	5.71
1240.0	22.0	9.91	4.75
1250.0	22.0	8.85	4.57
1260.0	22.0	7.86	4.39
1270.0	22.0	6.83	4.22
1280.0	22.0	5.63	3.98
1280.0	25.0	12.57	6.2
1290.0	22.0	4.67	3.78
1290.0	25.0	10.86	6.56
1300.0	22.0	3.67	3.55
1300.0	25.0	9.26	6.87
1310.0	22.0	2.7	3.31
1310.0	25.0	7.85	7.19
1320.0	22.0	1.81	2.84
1320.0	25.0	6.48	7.57
1330.0	22.0	0.82	2.5
1330.0	25.0	5.16	7.93
1340.0	22.0	-0.05	2.23
1340.0	25.0	3.92	8.25
1340.0	26.0	-3.51	-1.63
1340.0	27.0	10.17	4.86
1350.0	22.0	-0.91	1.87
1350.0	25.0	2.68	8.71
1350.0	26.0	-2.97	-0.87
1350.0	27.0	9.21	4.56
1360.0	22.0	-2.02	1.55
1360.0	25.0	1.38	9.14
1360.0	26.0	-2.36	-0.36
1360.0	27.0	8.09	4.38
1370.0	25.0	0.37	9.73
1370.0	27.0	6.97	4.29
1380.0	27.0	5.8	4.23
1390.0	27.0	4.65	4.2
1450.0	28.0	10.02	4.29
1450.0	30.0	3.08	2.76
1460.0	28.0	8.88	4.1
1460.0	30.0	3.84	3.11
1470.0	28.0	7.93	4.1
1470.0	30.0	4.4	3.13
1480.0	28.0	7.01	4.1
1480.0	30.0	5.15	3.33
1490.0	28.0	5.86	4.08
1490.0	30.0	5.91	3.45
1500.0	28.0	4.87	4.04
1500.0	30.0	6.78	3.53
1510.0	28.0	3.96	3.87
1510.0	30.0	7.64	3.7
1520.0	28.0	2.96	3.82
1520.0	30.0	8.42	3.89
1530.0	28.0	2.03	3.74
1530.0	30.0	9.18	4.03
1530.0	33.0	13.1	6.2
1540.0	28.0	1.13	3.62
1540.0	30.0	9.92	4.16
1540.0	33.0	12.12	6.46
1550.0	28.0	0.2	3.61
1550.0	30.0	10.67	4.32
1550.0	33.0	11.31	6.59
1560.0	28.0	-0.72	3.51
1560.0	30.0	11.47	4.53
1560.0	33.0	10.51	6.7
1570.0	28.0	-1.79	3.53
1570.0	30.0	12.22	4.83
1570.0	33.0	9.66	6.78
1580.0	33.0	8.81	6.95
1590.0	33.0	7.96	7.14
1600.0	33.0	7.11	7.21
1610.0	33.0	6.29	7.28
1620.0	33.0	5.36	7.44
1630.0	33.0	4.48	7.73
1640.0	33.0	3.57	8.01
1650.0	33.0	2.85	8.3
1660.0	33.0	2.02	8.57
1670.0	33.0	0.96	9.03
1680.0	33.0	0.19	9.45
1750.0	35.0	3.03	2.72
1760.0	35.0	3.84	3.05
1770.0	35.0	4.73	3.26
1780.0	35.0	5.6	3.49
1790.0	35.0	6.57	3.75
1800.0	35.0	7.45	3.94
1810.0	35.0	8.38	4.13
1810.0	37.0	13.06	5.51
1820.0	35.0	9.28	4.35
1820.0	37.0	11.87	5.44
1830.0	35.0	10.14	4.49
1830.0	37.0	10.66	5.55
1840.0	35.0	11.03	4.71
1840.0	37.0	9.48	5.73
1850.0	35.0	11.88	4.87
1850.0	37.0	8.3	5.82
1860.0	37.0	7.17	5.95
1870.0	37.0	6.03	5.92
1880.0	37.0	4.96	5.9
1890.0	37.0	3.83	5.9
1900.0	37.0	2.75	5.89
1910.0	37.0	1.68	6.0
1920.0	37.0	0.54	6.14
1930.0	37.0	-0.55	6.21
1930.0	38.0	10.9	4.26
1940.0	38.0	9.56	3.88
1950.0	38.0	8.21	3.63
1960.0	38.0	6.86	3.4
1970.0	38.0	5.58	3.13
1970.0	39.0	11.13	5.34
1980.0	38.0	4.39	3.0
1980.0	39.0	9.81	5.26
1980.0	40.0	-2.42	-0.46
1990.0	38.0	2.93	2.94
1990.0	39.0	8.47	5.21
1990.0	40.0	-1.9	0.3
2000.0	38.0	1.61	2.86
2000.0	39.0	7.17	5.13
2000.0	40.0	-1.01	0.95
2010.0	38.0	0.37	2.62
2010.0	39.0	5.79	4.92
2010.0	40.0	-0.1	1.36
2020.0	38.0	-0.8	1.92
2020.0	39.0	4.52	4.83
2020.0	40.0	0.91	1.73
2030.0	38.0	-1.74	1.01
2030.0	39.0	3.25	4.68
2030.0	40.0	1.84	2.14
2040.0	39.0	1.99	4.55
2040.0	40.0	2.83	2.52
2050.0	39.0	0.72	4.56
2050.0	40.0	3.9	2.96
2060.0	39.0	-0.55	4.5
2060.0	40.0	4.87	3.24
2070.0	40.0	5.84	3.5
2080.0	40.0	6.85	3.54
2090.0	40.0	7.85	3.65
2100.0	40.0	8.84	3.75
2110.0	40.0	9.86	3.79
2110.0	41.0	12.61	5.88
2120.0	40.0	10.88	3.93
2120.0	41.0	11.67	6.15
2120.0	42.0	12.54	5.16
2130.0	40.0	11.88	4.16
2130.0	41.0	10.91	5.93
2130.0	42.0	11.73	5.34
2140.0	40.0	12.78	4.47
2140.0	41.0	9.91	6.1
2140.0	42.0	10.95	5.36
2150.0	41.0	9.01	5.97
2150.0	42.0	10.19	5.49
2160.0	41.0	8.15	5.91
2160.0	42.0	9.25	5.45
2170.0	41.0	7.25	5.76
2170.0	42.0	8.38	5.43
2180.0	41.0	6.37	5.7
2180.0	42.0	7.61	5.28
2180.0	45.0	12.38	5.2
2190.0	41.0	5.47	5.61
2190.0	42.0	6.74	5.18
2190.0	45.0	11.22	5.05
2200.0	41.0	4.55	5.52
2200.0	42.0	5.85	5.13
2200.0	45.0	10.23	4.79
2210.0	41.0	3.67	5.44
2210.0	42.0	5.0	4.91
2210.0	45.0	9.17	4.62
2210.0	47.0	12.84	5.19
2220.0	41.0	2.77	5.24
2220.0	42.0	4.18	4.88
2220.0	45.0	8.08	4.51
2220.0	47.0	11.56	4.72
2230.0	41.0	1.95	5.14
2230.0	42.0	3.33	4.74
2230.0	45.0	7.03	4.31
2230.0	47.0	10.41	4.34
2240.0	41.0	1.06	4.93
2240.0	42.0	2.4	4.59
2240.0	45.0	5.93	4.19
2240.0	47.0	9.26	3.93
2240.0	48.0	-4.44	4.62
2250.0	41.0	0.11	4.65
2250.0	42.0	1.42	4.39
2250.0	45.0	4.79	4.13
2250.0	47.0	8.29	3.63
2250.0	48.0	-3.49	5.09
2260.0	41.0	-0.6	4.29
2260.0	42.0	0.51	4.2
2260.0	45.0	3.76	3.96
2260.0	47.0	6.9	3.22
2260.0	48.0	-2.54	5.45
2270.0	41.0	-1.5	3.87
2270.0	42.0	-0.32	4.03
2270.0	45.0	2.72	3.76
2270.0	47.0	5.57	3.01
2270.0	48.0	-1.5	5.69
2270.0	49.0	11.67	6.02
2280.0	41.0	-2.46	3.54
2280.0	42.0	-1.25	3.61
2280.0	45.0	1.72	3.61
2280.0	47.0	4.52	2.82
2280.0	48.0	-0.43	5.77
2280.0	49.0	10.36	5.96
2290.0	41.0	-3.12	3.39
2290.0	42.0	-1.74	3.15
2290.0	45.0	0.72	3.46
2290.0	47.0	3.38	2.61
2290.0	48.0	0.55	5.66
2290.0	49.0	9.13	6.05
2300.0	45.0	-0.3	3.4
2300.0	47.0	2.72	2.4
2300.0	48.0	1.63	5.58
2300.0	49.0	7.99	6.26
2310.0	48.0	2.65	5.56
2310.0	49.0	6.67	6.23
2320.0	48.0	3.64	5.53
2320.0	49.0	5.48	6.3
2330.0	48.0	4.76	5.48
2330.0	49.0	4.26	6.41
2340.0	48.0	5.92	5.51
2350.0	48.0	6.98	5.57
2360.0	48.0	8.05	5.65
2370.0	48.0	9.1	5.7
2380.0	48.0	10.2	5.63
2390.0	48.0	11.29	5.57
2860.0	51.0	7.05	8.44
2860.0	53.0	4.66	6.69
2860.0	54.0	4.71	6.09
2860.0	55.0	2.09	3.92
2860.0	56.0	12.32	3.35
2870.0	51.0	7.05	8.44
2870.0	53.0	5.88	6.59
2870.0	54.0	5.93	6.0
2870.0	55.0	3.11	4.09
2870.0	56.0	12.42	3.22
2880.0	51.0	7.05	8.44
2880.0	53.0	7.16	6.58
2880.0	54.0	7.22	5.99
2880.0	55.0	4.27	4.14
2880.0	56.0	12.49	3.21
2890.0	51.0	7.05	8.44
2890.0	53.0	8.37	6.64
2890.0	54.0	8.42	6.07
2890.0	55.0	5.39	4.29
2890.0	56.0	12.65	3.36
2900.0	51.0	7.05	8.44
2900.0	53.0	9.59	6.68
2900.0	54.0	9.64	6.11
2900.0	55.0	6.52	4.44
2900.0	56.0	12.79	3.45
2910.0	51.0	7.05	8.44
2910.0	53.0	10.83	6.8
2910.0	54.0	10.84	6.25
2910.0	55.0	7.44	4.48
2910.0	56.0	12.79	3.47
2910.0	58.0	12.56	5.46
2920.0	51.0	7.05	8.44
2920.0	53.0	12.24	6.7
2920.0	54.0	12.11	5.97
2920.0	55.0	8.88	4.54
2920.0	56.0	12.79	3.38
2920.0	58.0	11.24	5.14
2930.0	51.0	7.05	8.44
2930.0	55.0	9.98	4.68
2930.0	56.0	12.78	3.16
2930.0	58.0	9.96	5.28
2940.0	51.0	7.05	8.44
2940.0	55.0	11.25	4.85
2940.0	56.0	12.78	3.08
2940.0	58.0	8.67	5.43
2950.0	51.0	7.05	8.44
2950.0	55.0	12.49	5.52
2950.0	56.0	12.78	3.08
2950.0	58.0	7.33	5.5
2960.0	51.0	7.05	8.44
2960.0	56.0	12.78	3.08
2960.0	58.0	6.05	5.59
2970.0	51.0	7.05	8.44
2970.0	56.0	12.78	3.08
2970.0	58.0	4.74	5.64
2980.0	51.0	7.05	8.44
2980.0	56.0	12.78	3.08
2980.0	58.0	3.44	5.64
2990.0	51.0	7.05	8.44
2990.0	56.0	12.78	3.15
2990.0	58.0	2.15	5.65
3000.0	51.0	7.05	8.44
3000.0	56.0	12.82	3.24
3000.0	58.0	0.81	5.63
3010.0	51.0	6.93	8.26
3010.0	56.0	12.82	3.24
3010.0	58.0	-0.46	5.54
3010.0	60.0	-1.16	1.71
3020.0	51.0	6.87	8.09
3020.0	56.0	12.82	3.24
3020.0	60.0	-0.23	2.16
3030.0	51.0	7.02	7.91
3030.0	56.0	12.82	3.2
3030.0	60.0	0.72	2.57
3040.0	51.0	7.07	7.78
3040.0	56.0	12.82	3.11
3040.0	60.0	1.68	2.95
3050.0	51.0	7.1	7.82
3050.0	56.0	12.82	3.01
3050.0	60.0	2.7	3.27
3060.0	51.0	6.77	8.09
3060.0	56.0	12.82	3.01
3060.0	60.0	3.76	3.54
3070.0	51.0	6.77	8.09
3070.0	56.0	12.59	3.01
3070.0	60.0	4.66	3.84
3080.0	51.0	6.77	8.09
3080.0	56.0	12.59	3.01
3080.0	60.0	5.63	4.02
3090.0	51.0	6.77	8.13
3090.0	56.0	12.59	3.01
3090.0	60.0	6.69	4.21
3100.0	51.0	6.78	8.17
3100.0	56.0	12.59	3.01
3100.0	60.0	7.71	4.44
3100.0	61.0	12.65	5.17
3100.0	62.0	13.26	6.28
3110.0	51.0	6.62	8.55
3110.0	56.0	12.59	3.01
3110.0	60.0	8.72	4.63
3110.0	61.0	11.91	4.78
3110.0	62.0	12.16	6.41
3120.0	51.0	6.41	8.7
3120.0	56.0	12.59	3.01
3120.0	60.0	9.79	4.82
3120.0	61.0	11.19	4.22
3120.0	62.0	11.08	6.27
3130.0	51.0	6.36	8.76
3130.0	56.0	12.54	3.01
3130.0	60.0	10.86	5.06
3130.0	61.0	10.19	3.71
3130.0	62.0	10.0	6.03
3140.0	51.0	6.35	8.69
3140.0	56.0	12.52	3.01
3140.0	60.0	11.89	5.22
3140.0	61.0	9.11	3.67
3140.0	62.0	8.98	5.74
3150.0	51.0	6.4	8.49
3150.0	56.0	12.52	3.01
3150.0	61.0	8.21	3.76
3150.0	62.0	7.95	5.34
3160.0	51.0	6.4	8.49
3160.0	56.0	12.55	3.1
3160.0	61.0	7.24	3.75
3160.0	62.0	6.9	5.19
3170.0	51.0	6.4	8.49
3170.0	56.0	12.6	3.23
3170.0	61.0	6.24	3.71
3170.0	62.0	5.87	4.97
3180.0	51.0	6.4	8.49
3180.0	61.0	5.26	3.6
3180.0	62.0	4.87	4.73
3190.0	51.0	6.4	8.49
3190.0	61.0	4.19	3.4
3190.0	62.0	3.84	4.43
3200.0	51.0	6.4	8.49
3200.0	61.0	3.24	3.19
3200.0	62.0	2.84	4.11
3210.0	51.0	6.4	8.49
3210.0	61.0	2.47	3.11
3210.0	62.0	1.88	3.84
3220.0	51.0	6.4	8.49
3220.0	61.0	1.45	2.8
3220.0	62.0	0.85	3.54
3230.0	51.0	6.4	8.49
3230.0	61.0	0.52	2.39
3230.0	62.0	-0.1	3.18
3240.0	51.0	6.4	8.49
3240.0	61.0	-0.48	1.97
3240.0	62.0	-1.05	2.77
3250.0	61.0	-1.24	1.33
3250.0	62.0	-1.82	2.14
3650.0	67.0	1.21	8.43
3660.0	67.0	0.4	8.89
3670.0	67.0	-0.34	9.52
3680.0	67.0	-1.06	10.11
4160.0	69.0	9.85	4.8
4170.0	69.0	8.92	4.5
4180.0	69.0	7.79	4.22
4190.0	69.0	6.65	3.94
4200.0	69.0	5.38	3.61
4200.0	72.0	-2.46	6.05
4210.0	69.0	4.37	3.45
4210.0	72.0	-1.37	6.01
4220.0	69.0	3.22	3.32
4220.0	72.0	-0.42	5.89
4220.0	75.0	12.7	5.68
4220.0	76.0	11.93	5.99
4230.0	69.0	2.07	3.13
4230.0	72.0	0.45	5.81
4230.0	75.0	11.75	5.48
4230.0	76.0	11.23	6.01
4240.0	69.0	0.96	2.92
4240.0	72.0	1.4	5.96
4240.0	75.0	10.78	5.42
4240.0	76.0	10.22	5.9
4250.0	69.0	-0.28	2.76
4250.0	72.0	2.33	5.95
4250.0	75.0	9.84	5.12
4250.0	76.0	9.28	5.61
4260.0	69.0	-1.19	2.66
4260.0	72.0	3.13	5.86
4260.0	75.0	8.98	4.85
4260.0	76.0	8.41	5.42
4270.0	72.0	3.93	6.0
4270.0	75.0	8.17	4.5
4270.0	76.0	7.47	5.01
4280.0	72.0	5.09	6.08
4280.0	75.0	7.3	4.22
4280.0	76.0	6.58	4.78
4290.0	72.0	6.05	6.1
4290.0	75.0	6.49	3.99
4290.0	76.0	5.77	4.48
4300.0	72.0	6.96	6.05
4300.0	75.0	5.58	3.83
4300.0	76.0	4.88	4.32
4310.0	72.0	7.89	6.14
4310.0	75.0	4.59	3.59
4310.0	76.0	3.94	4.1
4320.0	72.0	8.72	6.08
4320.0	75.0	3.7	3.34
4320.0	76.0	3.05	3.7
4330.0	72.0	9.71	6.13
4330.0	75.0	2.72	3.13
4330.0	76.0	2.01	3.45
4330.0	79.0	-3.78	5.15
4340.0	72.0	10.71	5.92
4340.0	75.0	1.79	2.89
4340.0	76.0	1.03	3.19
4340.0	79.0	-3.09	5.12
4350.0	72.0	11.64	5.68
4350.0	75.0	0.85	2.58
4350.0	76.0	-0.0	2.9
4350.0	79.0	-2.34	5.19
4360.0	72.0	12.52	5.51
4360.0	75.0	0.0	2.19
4360.0	76.0	-0.88	2.48
4360.0	79.0	-1.61	5.17
4360.0	80.0	-2.27	5.91
4370.0	75.0	-0.84	1.71
4370.0	76.0	-1.65	2.03
4370.0	79.0	-0.84	5.31
4370.0	80.0	-1.17	6.1
4380.0	79.0	-0.13	5.27
4380.0	80.0	-0.05	6.16
4390.0	79.0	0.61	5.36
4390.0	80.0	0.99	6.37
4400.0	79.0	1.38	5.43
4400.0	80.0	2.36	6.36
4410.0	79.0	2.19	5.68
4410.0	80.0	3.48	6.2
4420.0	79.0	2.94	5.83
4420.0	80.0	4.62	6.28
4420.0	81.0	-4.98	5.09
4430.0	79.0	3.73	5.95
4430.0	80.0	5.82	6.19
4430.0	81.0	-3.95	5.06
4440.0	79.0	4.53	6.04
4440.0	80.0	7.0	6.02
4440.0	81.0	-2.81	5.08
4450.0	79.0	5.37	6.03
4450.0	80.0	8.09	5.86
4450.0	81.0	-1.57	5.15
4460.0	79.0	6.19	6.0
4460.0	80.0	9.32	5.73
4460.0	81.0	-0.39	5.22
4460.0	82.0	-3.79	6.99
4470.0	79.0	7.09	6.0
4470.0	80.0	10.55	5.79
4470.0	81.0	0.74	5.28
4470.0	82.0	-3.09	7.02
4480.0	79.0	7.95	5.99
4480.0	80.0	11.69	5.87
4480.0	81.0	1.83	5.31
4480.0	82.0	-1.93	7.07
4490.0	79.0	8.8	6.04
4490.0	81.0	2.99	5.3
4490.0	82.0	-0.92	7.11
4500.0	79.0	9.68	6.04
4500.0	81.0	4.22	5.27
4500.0	82.0	0.2	7.0
4510.0	79.0	10.51	5.99
4510.0	81.0	5.34	5.27
4510.0	82.0	1.21	6.83
4520.0	79.0	11.33	5.98
4520.0	81.0	6.52	5.29
4520.0	82.0	2.24	6.75
4530.0	81.0	7.72	5.23
4530.0	82.0	3.27	6.62
4540.0	81.0	8.91	5.18
4540.0	82.0	4.37	6.56
4550.0	81.0	10.09	5.25
4550.0	82.0	5.48	6.48
4560.0	81.0	11.27	5.37
4560.0	82.0	6.56	6.35
4570.0	81.0	12.43	5.45
4570.0	82.0	7.6	6.12
4580.0	82.0	8.68	5.94
4590.0	82.0	9.78	5.78
4600.0	82.0	10.9	5.63
4600.0	83.0	11.39	4.7
4610.0	82.0	11.99	5.62
4610.0	83.0	10.34	4.58
4620.0	83.0	9.27	4.51
4630.0	83.0	8.27	4.54
4630.0	85.0	-0.45	9.88
4640.0	83.0	7.33	4.47
4640.0	85.0	0.46	9.56
4650.0	83.0	6.34	4.41
4650.0	85.0	1.17	9.24
4660.0	83.0	5.35	4.26
4660.0	85.0	1.89	8.89
4670.0	83.0	4.41	4.12
4670.0	85.0	2.74	8.49
4680.0	83.0	3.47	4.01
4680.0	85.0	3.56	8.13
4690.0	83.0	2.48	3.77
4690.0	85.0	4.32	7.75
4700.0	83.0	1.49	3.66
4700.0	85.0	5.2	7.41
4700.0	86.0	12.34	4.79
4710.0	83.0	0.54	3.59
4710.0	85.0	6.03	7.26
4710.0	86.0	11.33	4.49
4720.0	83.0	-0.46	3.52
4720.0	85.0	7.0	7.06
4720.0	86.0	10.11	4.23
4730.0	83.0	-1.5	3.48
4730.0	85.0	7.64	7.06
4730.0	86.0	8.97	3.78
4730.0	88.0	-1.99	5.65
4730.0	89.0	-1.74	6.64
4740.0	85.0	8.55	6.86
4740.0	86.0	7.82	3.49
4740.0	88.0	-0.85	5.73
4740.0	89.0	-0.68	6.48
4750.0	85.0	9.19	6.65
4750.0	86.0	6.69	3.26
4750.0	88.0	0.23	5.65
4750.0	89.0	0.41	6.5
4750.0	91.0	12.18	5.35
4760.0	85.0	10.1	6.51
4760.0	86.0	5.47	2.95
4760.0	88.0	1.32	5.68
4760.0	89.0	1.49	6.57
4760.0	91.0	11.16	5.09
4770.0	85.0	11.13	6.29
4770.0	86.0	4.38	2.77
4770.0	88.0	2.38	5.68
4770.0	89.0	2.48	6.54
4770.0	91.0	10.21	4.73
4780.0	85.0	11.99	6.24
4780.0	86.0	3.13	2.55
4780.0	88.0	3.48	5.82
4780.0	89.0	3.53	6.52
4780.0	91.0	9.22	4.43
4790.0	86.0	2.03	2.18
4790.0	88.0	4.57	5.82
4790.0	89.0	4.61	6.51
4790.0	91.0	8.21	4.13
4800.0	86.0	0.99	1.77
4800.0	88.0	5.62	5.66
4800.0	89.0	5.69	6.5
4800.0	91.0	7.18	3.89
4810.0	86.0	0.17	1.22
4810.0	88.0	6.66	5.72
4810.0	89.0	6.8	6.47
4810.0	91.0	6.18	3.77
4810.0	92.0	-1.3	4.98
4810.0	93.0	-1.39	5.59
4810.0	94.0	-1.99	7.08
4820.0	86.0	-0.75	0.55
4820.0	88.0	7.64	5.54
4820.0	89.0	7.86	6.39
4820.0	91.0	5.17	3.62
4820.0	92.0	-0.35	5.08
4820.0	93.0	-0.44	5.66
4820.0	94.0	-1.15	6.96
4830.0	86.0	-1.75	0.04
4830.0	88.0	8.65	5.47
4830.0	89.0	9.06	6.25
4830.0	91.0	4.13	3.47
4830.0	92.0	0.44	4.92
4830.0	93.0	0.54	5.65
4830.0	94.0	-0.36	6.78
4840.0	86.0	-2.32	-0.63
4840.0	88.0	9.63	5.26
4840.0	89.0	10.03	6.13
4840.0	91.0	3.12	3.3
4840.0	92.0	1.37	4.93
4840.0	93.0	1.48	5.65
4840.0	94.0	0.54	6.69
4850.0	86.0	-2.96	-1.43
4850.0	88.0	10.54	5.09
4850.0	89.0	10.97	6.0
4850.0	91.0	2.12	3.02
4850.0	92.0	2.36	4.92
4850.0	93.0	2.46	5.61
4850.0	94.0	1.42	6.66
4860.0	86.0	-3.54	-2.3
4860.0	88.0	11.44	4.99
4860.0	89.0	11.97	5.85
4860.0	91.0	1.15	2.72
4860.0	92.0	3.37	4.89
4860.0	93.0	3.46	5.59
4860.0	94.0	2.32	6.59
4870.0	86.0	-4.16	-3.17
4870.0	88.0	12.14	4.83
4870.0	89.0	13.03	5.61
4870.0	91.0	0.22	2.33
4870.0	92.0	4.28	5.0
4870.0	93.0	4.48	5.51
4870.0	94.0	3.21	6.5
4880.0	91.0	-0.7	1.82
4880.0	92.0	5.18	4.87
4880.0	93.0	5.46	5.48
4880.0	94.0	4.09	6.36
4890.0	92.0	6.06	4.82
4890.0	93.0	6.37	5.56
4890.0	94.0	5.0	6.27
4900.0	92.0	7.05	4.78
4900.0	93.0	7.25	5.6
4900.0	94.0	5.87	6.19
4900.0	97.0	12.76	6.78
4910.0	92.0	8.03	4.84
4910.0	93.0	8.2	5.55
4910.0	94.0	6.74	6.04
4910.0	97.0	12.0	6.96
4920.0	92.0	8.95	4.89
4920.0	93.0	9.19	5.57
4920.0	94.0	7.6	5.96
4920.0	97.0	11.21	7.13
4930.0	92.0	9.9	4.89
4930.0	93.0	10.13	5.53
4930.0	94.0	8.44	5.85
4930.0	97.0	10.34	7.26
4940.0	92.0	10.78	4.87
4940.0	93.0	10.83	5.46
4940.0	94.0	9.31	5.79
4940.0	97.0	9.47	7.22
4940.0	99.0	12.92	6.28
4950.0	92.0	11.69	4.85
4950.0	93.0	11.71	5.4
4950.0	94.0	10.11	5.73
4950.0	97.0	8.59	7.12
4950.0	99.0	12.12	6.43
4960.0	92.0	12.57	4.81
4960.0	93.0	12.09	5.42
4960.0	94.0	10.86	5.63
4960.0	97.0	7.74	6.94
4960.0	99.0	11.39	6.5
4970.0	93.0	12.85	5.18
4970.0	94.0	11.57	5.56
4970.0	97.0	6.92	6.82
4970.0	99.0	10.6	6.58
4980.0	94.0	12.21	5.42
4980.0	97.0	6.12	6.62
4980.0	99.0	9.86	6.49
4990.0	97.0	5.3	6.53
4990.0	99.0	9.06	6.47
5110.0	103.0	3.76	4.07
5110.0	105.0	3.54	6.15
5110.0	106.0	5.26	6.57
5110.0	107.0	5.02	7.18
5110.0	108.0	3.55	8.86
5110.0	109.0	-3.07	4.58
5120.0	103.0	2.8	3.57
5120.0	105.0	2.68	5.6
5120.0	106.0	4.35	6.37
5120.0	107.0	4.15	6.96
5120.0	108.0	2.91	8.86
5120.0	109.0	-2.13	4.72
5130.0	103.0	2.16	3.16
5130.0	105.0	1.86	5.08
5130.0	106.0	3.6	5.91
5130.0	107.0	3.31	6.34
5130.0	108.0	1.49	9.17
5130.0	109.0	-1.17	4.92
5140.0	103.0	1.46	2.71
5140.0	105.0	1.07	4.58
5140.0	106.0	2.85	5.39
5140.0	107.0	2.59	5.93
5140.0	108.0	0.62	9.39
5140.0	109.0	-0.39	5.24
5150.0	103.0	0.73	2.3
5150.0	105.0	0.24	4.05
5150.0	106.0	2.32	4.7
5150.0	107.0	1.89	5.23
5150.0	108.0	-0.12	9.74
5150.0	109.0	0.49	5.53
5160.0	103.0	-0.1	1.84
5160.0	105.0	-0.62	3.57
5160.0	106.0	1.75	4.0
5160.0	107.0	1.12	4.55
5160.0	108.0	-0.94	10.2
5160.0	109.0	1.33	5.71
5170.0	103.0	-0.92	1.52
5170.0	105.0	-1.35	2.88
5170.0	106.0	0.87	3.45
5170.0	107.0	0.49	4.08
5170.0	108.0	-1.64	10.84
5170.0	109.0	2.04	5.75
5180.0	103.0	-1.61	0.91
5180.0	105.0	-2.14	2.15
5180.0	106.0	0.2	2.85
5180.0	107.0	-0.1	3.27
5180.0	109.0	2.95	5.76
5190.0	109.0	3.86	5.77
5200.0	109.0	4.75	5.76
5210.0	109.0	5.66	5.71
5220.0	109.0	6.56	5.68
5230.0	109.0	7.49	5.64
5240.0	109.0	8.41	5.61
5250.0	109.0	9.3	5.6
5260.0	109.0	10.17	5.53
5270.0	109.0	11.04	5.45
5280.0	109.0	11.95	5.4
5290.0	109.0	13.01	5.22
5410.0	114.0	12.2	4.99
5420.0	114.0	11.5	4.78
5430.0	114.0	10.82	4.49
5440.0	114.0	10.32	4.24
5440.0	116.0	-0.55	1.19
5450.0	114.0	9.74	4.07
5450.0	116.0	0.59	1.83
5460.0	114.0	9.18	3.89
5460.0	116.0	1.71	2.36
5470.0	114.0	8.41	3.73
5470.0	116.0	2.95	2.92
5470.0	117.0	-2.57	0.9
5480.0	114.0	7.8	3.62
5480.0	116.0	4.11	3.44
5480.0	117.0	-1.84	1.77
5490.0	114.0	6.8	3.21
5490.0	116.0	5.35	3.85
5490.0	117.0	-1.21	2.35
5500.0	114.0	5.82	2.9
5500.0	116.0	6.63	4.07
5500.0	117.0	-0.32	2.93
5510.0	114.0	4.88	2.71
5510.0	116.0	7.79	4.31
5510.0	117.0	0.45	3.38
5520.0	114.0	4.03	2.51
5520.0	116.0	8.96	4.5
5520.0	117.0	1.47	3.73
5530.0	114.0	3.01	2.33
5530.0	116.0	10.18	4.59
5530.0	117.0	2.47	3.9
5540.0	114.0	1.93	2.09
5540.0	116.0	11.38	4.8
5540.0	117.0	3.63	4.02
5550.0	114.0	0.82	1.73
5550.0	116.0	12.59	4.98
5550.0	117.0	4.61	4.1
5560.0	114.0	-0.04	1.29
5560.0	117.0	5.68	4.19
5570.0	114.0	-1.09	0.73
5570.0	117.0	6.69	4.34
5580.0	117.0	7.8	4.45
5590.0	117.0	8.86	4.63
5600.0	117.0	9.95	4.89
5610.0	117.0	11.02	5.1
5620.0	117.0	12.04	5.13
5620.0	120.0	12.13	6.5
5630.0	117.0	13.25	4.97
5630.0	120.0	11.31	6.81
6400.0	125.0	-2.25	4.53
6410.0	125.0	-1.17	4.57
6420.0	125.0	-0.07	4.51
6420.0	126.0	-5.19	6.38
6420.0	127.0	-5.45	7.31
6430.0	125.0	0.93	4.56
6430.0	126.0	-4.3	6.5
6430.0	127.0	-4.56	7.42
6440.0	125.0	2.01	4.58
6440.0	126.0	-3.36	6.56
6440.0	127.0	-3.66	7.48
6450.0	125.0	3.06	4.55
6450.0	126.0	-2.42	6.51
6450.0	127.0	-2.72	7.42
6460.0	125.0	4.05	4.45
6460.0	126.0	-1.39	6.39
6460.0	127.0	-1.59	7.31
6470.0	125.0	5.13	4.44
6470.0	126.0	-0.56	6.38
6470.0	127.0	-0.59	7.22
6480.0	125.0	6.19	4.44
6480.0	126.0	0.26	6.18
6480.0	127.0	0.36	7.14
6480.0	128.0	-1.72	4.83
6490.0	125.0	7.32	4.44
6490.0	126.0	1.27	6.02
6490.0	127.0	1.32	7.05
6490.0	128.0	-0.44	4.6
6500.0	125.0	8.39	4.42
6500.0	126.0	2.25	5.84
6500.0	127.0	2.28	6.9
6500.0	128.0	0.86	4.38
6510.0	125.0	9.43	4.43
6510.0	126.0	3.14	5.65
6510.0	127.0	3.16	6.66
6510.0	128.0	1.97	4.17
6520.0	125.0	10.47	4.47
6520.0	126.0	4.08	5.47
6520.0	127.0	4.1	6.43
6520.0	128.0	3.14	3.96
6530.0	125.0	11.52	4.72
6530.0	126.0	5.0	5.31
6530.0	127.0	5.01	6.31
6530.0	128.0	4.32	3.75
6540.0	125.0	12.58	5.08
6540.0	126.0	5.9	5.29
6540.0	127.0	5.92	6.23
6540.0	128.0	5.47	3.64
6550.0	126.0	6.75	5.23
6550.0	127.0	6.84	6.22
6550.0	128.0	6.59	3.66
6560.0	126.0	7.65	5.14
6560.0	127.0	7.72	6.19
6560.0	128.0	7.61	3.69
6570.0	126.0	8.49	5.03
6570.0	127.0	8.67	6.17
6570.0	128.0	8.6	3.76
6580.0	126.0	9.31	4.97
6580.0	127.0	9.53	6.23
6580.0	128.0	9.57	3.81
6590.0	126.0	10.08	5.01
6590.0	127.0	10.39	6.23
6590.0	128.0	10.73	4.13
6600.0	126.0	10.86	4.96
6600.0	127.0	11.2	6.25
6600.0	128.0	11.97	4.52
6610.0	126.0	11.57	4.74
6610.0	127.0	12.02	6.08
6610.0	128.0	13.11	4.93
6870.0	137.0	12.77	5.14
6880.0	137.0	11.85	4.89
6890.0	137.0	10.81	4.53
6890.0	139.0	12.58	4.94
6900.0	137.0	9.8	4.38
6900.0	139.0	11.48	4.82
6910.0	137.0	8.91	4.17
6910.0	139.0	10.31	4.8
6920.0	137.0	7.96	4.16
6920.0	139.0	9.18	4.78
6920.0	140.0	-3.83	-2.44
6930.0	137.0	6.98	4.15
6930.0	139.0	8.04	4.87
6930.0	140.0	-3.44	-1.6
6940.0	137.0	6.09	4.11
6940.0	139.0	7.0	4.83
6940.0	140.0	-2.84	-0.75
6950.0	137.0	4.95	4.15
6950.0	139.0	5.86	4.89
6950.0	140.0	-2.07	0.08
6960.0	137.0	4.07	4.02
6960.0	139.0	4.78	5.0
6960.0	140.0	-1.04	0.7
6970.0	137.0	3.04	4.08
6970.0	139.0	3.73	5.07
6970.0	140.0	-0.23	1.27
6970.0	141.0	-3.48	11.52
6980.0	137.0	2.06	3.92
6980.0	139.0	2.7	5.2
6980.0	140.0	0.86	1.65
6980.0	141.0	-3.0	10.65
6980.0	142.0	-5.15	4.12
6980.0	143.0	-4.93	5.21
6990.0	137.0	1.21	3.91
6990.0	139.0	1.69	5.24
6990.0	140.0	1.84	2.07
6990.0	141.0	-1.88	9.81
6990.0	142.0	-4.25	4.15
6990.0	143.0	-3.95	5.24
7000.0	137.0	0.05	3.86
7000.0	139.0	0.68	5.32
7000.0	140.0	2.81	2.37
7000.0	141.0	-0.73	9.29
7000.0	142.0	-3.43	4.22
7000.0	143.0	-2.91	5.21
7010.0	137.0	-0.82	3.61
7010.0	139.0	-0.37	5.56
7010.0	140.0	3.83	2.78
7010.0	141.0	0.44	8.78
7010.0	142.0	-2.38	4.37
7010.0	143.0	-2.01	5.18
7020.0	137.0	-1.98	3.28
7020.0	139.0	-1.26	5.82
7020.0	140.0	4.89	3.08
7020.0	141.0	1.6	8.32
7020.0	142.0	-1.45	4.36
7020.0	143.0	-1.24	5.07
7030.0	137.0	-3.06	3.13
7030.0	139.0	-2.59	5.72
7030.0	140.0	5.94	3.42
7030.0	141.0	2.8	8.05
7030.0	142.0	-0.26	4.33
7030.0	143.0	-0.26	5.12
7040.0	137.0	-4.0	3.34
7040.0	139.0	-3.64	5.62
7040.0	140.0	7.16	3.69
7040.0	141.0	4.02	7.74
7040.0	142.0	0.78	4.31
7040.0	143.0	0.77	5.11
7050.0	140.0	8.2	3.96
7050.0	141.0	5.26	7.43
7050.0	142.0	1.83	4.35
7050.0	143.0	1.84	5.16
7060.0	140.0	9.29	4.21
7060.0	141.0	6.51	7.13
7060.0	142.0	2.9	4.47
7060.0	143.0	2.84	5.46
7070.0	140.0	10.43	4.5
7070.0	141.0	7.75	6.75
7070.0	142.0	3.88	4.61
7070.0	143.0	3.89	5.42
7080.0	140.0	11.52	4.58
7080.0	141.0	8.92	6.25
7080.0	142.0	4.88	4.69
7080.0	143.0	4.89	5.51
7090.0	140.0	12.51	4.87
7090.0	141.0	10.19	5.91
7090.0	142.0	5.94	4.73
7090.0	143.0	5.95	5.57
7100.0	141.0	11.44	5.76
7100.0	142.0	6.89	4.75
7100.0	143.0	6.87	5.57
7100.0	144.0	-2.13	4.6
7110.0	141.0	12.7	5.68
7110.0	142.0	7.58	4.77
7110.0	143.0	7.45	5.61
7110.0	144.0	-0.56	4.64
7120.0	142.0	8.47	4.88
7120.0	143.0	8.16	5.58
7120.0	144.0	0.62	4.8
7130.0	142.0	9.53	4.93
7130.0	143.0	8.77	5.26
7130.0	144.0	1.91	4.94
7140.0	142.0	10.5	5.17
7140.0	143.0	9.53	4.71
7140.0	144.0	3.12	5.06
7150.0	142.0	11.59	5.09
7150.0	143.0	10.61	4.37
7150.0	144.0	4.28	5.27
7160.0	142.0	12.37	5.33
7160.0	143.0	11.72	4.44
7160.0	144.0	5.79	5.34
7170.0	144.0	7.14	5.46
7180.0	144.0	8.41	5.4
7190.0	144.0	9.73	5.41
7200.0	144.0	11.01	5.42
7210.0	144.0	12.23	5.43
7300.0	145.0	-1.58	3.42
7310.0	145.0	-0.56	3.49
7320.0	145.0	0.55	3.54
7330.0	145.0	1.65	3.56
7340.0	145.0	2.73	3.57
7350.0	145.0	3.84	3.63
7360.0	145.0	4.97	3.72
7370.0	145.0	6.12	3.73
7370.0	148.0	-2.36	1.16
7380.0	145.0	7.26	3.83
7380.0	148.0	-1.59	1.99
7380.0	150.0	13.04	6.06
7390.0	145.0	8.4	3.94
7390.0	148.0	-0.77	2.58
7390.0	150.0	11.87	6.35
7400.0	145.0	9.56	4.16
7400.0	148.0	0.3	3.11
7400.0	150.0	10.6	6.46
7410.0	145.0	10.6	4.41
7410.0	148.0	1.37	3.47
7410.0	150.0	9.44	6.57
7420.0	145.0	11.78	4.67
7420.0	148.0	2.51	3.79
7420.0	150.0	8.21	6.71
7430.0	145.0	12.97	4.67
7430.0	148.0	3.38	3.94
7430.0	150.0	7.02	6.69
7440.0	148.0	4.48	4.1
7440.0	150.0	5.99	6.57
7450.0	148.0	5.63	4.18
7450.0	150.0	4.83	6.7
7460.0	148.0	6.75	4.19
7460.0	150.0	3.66	6.95
7460.0	154.0	-2.94	4.95
7460.0	155.0	-4.31	6.75
7470.0	148.0	7.84	4.28
7470.0	150.0	2.57	7.1
7470.0	154.0	-1.84	5.0
7470.0	155.0	-3.18	6.63
7480.0	148.0	8.97	4.45
7480.0	150.0	1.59	7.2
7480.0	154.0	-0.78	4.85
7480.0	155.0	-1.95	6.49
7490.0	148.0	10.12	4.59
7490.0	150.0	0.49	7.16
7490.0	154.0	0.39	4.85
7490.0	155.0	-0.84	6.25
7500.0	148.0	11.23	4.7
7500.0	150.0	-0.62	6.91
7500.0	154.0	1.62	4.96
7500.0	155.0	0.54	6.11
7510.0	148.0	12.25	4.76
7510.0	150.0	-1.96	6.83
7510.0	154.0	2.79	5.18
7510.0	155.0	1.6	6.14
7520.0	154.0	3.99	5.28
7520.0	155.0	2.76	6.17
7530.0	154.0	5.26	5.32
7530.0	155.0	3.91	6.18
7540.0	154.0	6.45	5.31
7540.0	155.0	5.12	6.3
7550.0	154.0	7.63	5.33
7550.0	155.0	6.38	6.33
7560.0	154.0	8.83	5.39
7560.0	155.0	7.61	6.31
7570.0	154.0	10.02	5.41
7570.0	155.0	8.8	6.31
7580.0	154.0	11.17	5.36
7580.0	155.0	9.89	6.22
7590.0	154.0	12.27	5.36
7590.0	155.0	11.09	6.13
7600.0	154.0	13.09	5.78
7600.0	155.0	12.86	5.39
7630.0	157.0	0.12	1.45
7640.0	157.0	1.09	1.97
7650.0	157.0	2.04	2.34
7660.0	157.0	3.01	2.68
7670.0	157.0	4.12	2.91
7680.0	157.0	5.19	3.1
7690.0	157.0	6.3	3.48
7700.0	157.0	7.35	3.71
7710.0	157.0	8.37	4.04
7720.0	157.0	9.38	4.36
7730.0	157.0	10.42	4.56
7740.0	157.0	11.51	4.71
7750.0	157.0	12.6	4.93
7750.0	159.0	-1.09	5.33
7760.0	159.0	-0.07	5.35
7770.0	159.0	1.04	5.35
7780.0	159.0	2.08	5.27
7780.0	162.0	12.88	5.97
7790.0	159.0	3.18	5.27
7790.0	162.0	11.72	6.08
7800.0	159.0	4.17	5.24
7800.0	162.0	10.57	6.15
7810.0	159.0	5.29	5.23
7810.0	162.0	9.34	6.25
7820.0	159.0	6.3	5.26
7820.0	162.0	8.11	6.34
7830.0	159.0	7.36	5.24
7830.0	162.0	6.9	6.33
7840.0	159.0	8.32	5.31
7840.0	162.0	5.69	6.29
7850.0	159.0	9.37	5.38
7850.0	162.0	4.46	6.32
7860.0	159.0	10.44	5.49
7860.0	162.0	3.27	6.41
7870.0	159.0	11.52	5.6
7870.0	162.0	2.1	6.5
7870.0	167.0	12.54	4.31
7880.0	159.0	12.53	5.69
7880.0	162.0	0.96	6.66
7880.0	167.0	11.66	3.83
7890.0	162.0	-0.25	6.82
7890.0	167.0	10.78	3.48
7900.0	162.0	-1.44	6.92
7900.0	167.0	9.7	3.23
7910.0	162.0	-2.49	6.89
7910.0	167.0	8.75	3.25
7920.0	162.0	-3.69	6.98
7920.0	167.0	7.56	2.88
7930.0	162.0	-4.76	6.88
7930.0	167.0	6.6	2.75
7940.0	167.0	5.7	2.64
7950.0	167.0	4.64	2.59
7960.0	167.0	3.77	2.41
7970.0	167.0	2.88	2.3
7980.0	167.0	1.77	1.98
8120.0	170.0	-2.04	0.21
8130.0	170.0	-1.28	0.73
8140.0	170.0	-0.39	1.2
8150.0	170.0	0.52	1.64
8150.0	172.0	-1.9	0.09
8160.0	170.0	1.42	2.07
8160.0	172.0	-1.01	0.97
8170.0	170.0	2.36	2.53
8170.0	172.0	-0.15	1.51
8180.0	170.0	3.21	3.01
8180.0	172.0	0.84	1.98
8190.0	170.0	4.04	3.44
8190.0	172.0	1.8	2.43
8200.0	170.0	4.94	3.81
8200.0	172.0	2.82	2.87
8210.0	170.0	5.87	4.15
8210.0	172.0	3.96	3.2
8220.0	170.0	6.95	4.31
8220.0	172.0	4.96	3.54
8230.0	170.0	7.98	4.49
8230.0	172.0	6.06	3.88
8230.0	173.0	-2.8	5.27
8240.0	170.0	9.07	4.73
8240.0	172.0	7.14	4.17
8240.0	173.0	-1.7	5.23
8250.0	170.0	10.33	4.92
8250.0	172.0	8.22	4.38
8250.0	173.0	-0.48	5.43
8260.0	170.0	11.45	5.1
8260.0	172.0	9.31	4.57
8260.0	173.0	0.71	5.43
8270.0	170.0	12.62	5.21
8270.0	172.0	10.36	4.77
8270.0	173.0	1.93	5.53
8280.0	170.0	13.68	5.47
8280.0	172.0	11.45	4.96
8280.0	173.0	3.02	5.67
8290.0	172.0	12.54	5.23
8290.0	173.0	4.12	5.72
8300.0	172.0	13.91	5.62
8300.0	173.0	5.35	5.77
8310.0	173.0	6.55	5.79
8320.0	173.0	7.75	5.71
8330.0	173.0	8.97	5.52
8340.0	173.0	10.17	5.31
8350.0	173.0	11.38	5.12
8360.0	173.0	12.68	5.13
8400.0	181.0	-1.11	4.92
8400.0	182.0	-1.33	5.83
8400.0	183.0	-2.06	6.5
8400.0	184.0	-1.68	7.01
8410.0	181.0	-0.09	4.8
8410.0	182.0	-0.03	5.9
8410.0	183.0	-0.98	6.49
8410.0	184.0	-0.46	7.21
8420.0	181.0	0.91	4.81
8420.0	182.0	1.21	5.92
8420.0	183.0	0.29	6.39
8420.0	184.0	0.72	7.33
8430.0	181.0	2.02	4.73
8430.0	182.0	2.48	5.89
8430.0	183.0	1.54	6.23
8430.0	184.0	1.91	7.52
8440.0	181.0	3.16	4.62
8440.0	182.0	3.76	5.87
8440.0	183.0	2.83	6.14
8440.0	184.0	3.17	7.73
8450.0	181.0	4.12	4.66
8450.0	182.0	5.0	5.88
8450.0	183.0	4.15	6.25
8450.0	184.0	4.47	7.71
8460.0	181.0	5.12	4.68
8460.0	182.0	6.21	5.92
8460.0	183.0	5.43	6.38
8460.0	184.0	5.7	7.52
8460.0	186.0	-3.14	7.07
8460.0	188.0	-2.8	9.5
8470.0	181.0	6.11	4.7
8470.0	182.0	7.42	5.96
8470.0	183.0	6.66	6.4
8470.0	184.0	6.9	7.38
8470.0	186.0	-2.18	7.19
8470.0	188.0	-1.84	9.34
8480.0	181.0	7.14	4.77
8480.0	182.0	8.66	6.07
8480.0	183.0	7.81	6.44
8480.0	184.0	8.14	7.33
8480.0	186.0	-0.95	7.39
8480.0	188.0	-0.83	9.14
8490.0	181.0	8.2	4.81
8490.0	182.0	9.93	6.18
8490.0	183.0	9.01	6.45
8490.0	184.0	9.35	7.23
8490.0	186.0	0.19	7.2
8490.0	188.0	0.15	8.94
8490.0	190.0	-2.64	3.35
8500.0	181.0	9.2	4.89
8500.0	182.0	11.06	6.2
8500.0	183.0	10.17	6.4
8500.0	184.0	10.44	7.22
8500.0	186.0	1.29	6.99
8500.0	188.0	1.14	8.69
8500.0	190.0	-1.35	3.64
8510.0	181.0	10.22	4.99
8510.0	182.0	12.2	6.11
8510.0	183.0	11.17	6.28
8510.0	184.0	11.72	6.94
8510.0	186.0	2.35	6.75
8510.0	188.0	2.08	8.5
8510.0	190.0	-0.31	3.89
8520.0	181.0	11.18	5.09
8520.0	182.0	13.05	6.11
8520.0	183.0	12.04	6.12
8520.0	184.0	12.53	6.79
8520.0	186.0	3.23	6.56
8520.0	188.0	3.08	8.22
8520.0	190.0	0.67	4.18
8530.0	181.0	12.0	5.3
8530.0	183.0	12.85	5.96
8530.0	184.0	13.36	6.75
8530.0	186.0	4.05	6.39
8530.0	188.0	4.02	8.07
8530.0	190.0	1.69	4.5
8540.0	181.0	12.69	5.47
8540.0	183.0	13.99	5.71
8540.0	186.0	5.06	6.38
8540.0	188.0	5.05	7.85
8540.0	190.0	2.78	4.77
8550.0	181.0	13.47	5.74
8550.0	186.0	6.15	6.07
8550.0	188.0	6.02	7.58
8550.0	190.0	3.83	4.9
8560.0	186.0	7.14	5.8
8560.0	188.0	6.96	7.36
8560.0	190.0	4.86	5.01
8570.0	186.0	8.05	5.51
8570.0	188.0	7.87	7.16
8570.0	190.0	5.92	5.15
8580.0	186.0	8.92	5.48
8580.0	188.0	8.96	7.12
8580.0	190.0	6.92	5.25
8590.0	186.0	9.79	5.34
8590.0	188.0	9.86	6.97
8590.0	190.0	7.93	5.35
8600.0	186.0	10.6	5.04
8600.0	188.0	10.74	6.82
8600.0	190.0	8.98	5.4
8610.0	186.0	11.45	5.1
8610.0	188.0	11.51	6.66
8610.0	190.0	9.94	5.5
8620.0	186.0	12.3	4.95
8620.0	188.0	12.22	6.55
8620.0	190.0	10.73	5.55
8710.0	192.0	9.83	7.07
8720.0	192.0	8.82	7.21
8730.0	192.0	7.8	7.32
8740.0	192.0	6.8	7.29
8750.0	192.0	5.8	7.18
8760.0	192.0	4.79	7.14
8770.0	192.0	3.77	7.22
8780.0	192.0	2.79	7.46
8790.0	192.0	1.76	7.9
8800.0	192.0	0.88	8.36
8810.0	192.0	0.03	8.91
8930.0	198.0	12.76	6.28
8940.0	198.0	11.83	6.52
8940.0	200.0	13.26	5.37
8950.0	198.0	10.89	6.9
8950.0	200.0	12.39	4.74
8960.0	198.0	9.99	7.22
8960.0	200.0	11.65	4.3
8970.0	198.0	9.05	7.33
8970.0	200.0	10.84	3.93
8970.0	202.0	12.87	5.37
8970.0	203.0	12.86	4.81
8980.0	198.0	8.09	7.41
8980.0	200.0	10.01	3.66
8980.0	202.0	11.94	5.24
8980.0	203.0	12.03	4.64
8990.0	198.0	7.1	7.47
8990.0	200.0	9.19	3.51
8990.0	202.0	11.07	5.14
8990.0	203.0	11.17	4.48
8990.0	205.0	13.12	4.75
9000.0	198.0	6.15	7.57
9000.0	200.0	8.21	3.32
9000.0	202.0	10.18	5.01
9000.0	203.0	10.29	4.3
9000.0	205.0	11.82	4.28
9010.0	198.0	5.19	7.76
9010.0	200.0	7.32	3.14
9010.0	202.0	9.25	4.81
9010.0	203.0	9.37	4.01
9010.0	205.0	10.66	3.65
9020.0	198.0	4.25	8.04
9020.0	200.0	6.36	2.9
9020.0	202.0	8.31	4.64
9020.0	203.0	8.41	3.97
9020.0	205.0	9.57	3.33
9030.0	198.0	3.32	8.27
9030.0	200.0	5.2	2.65
9030.0	202.0	7.37	4.49
9030.0	203.0	7.47	3.84
9030.0	205.0	8.36	2.95
9040.0	198.0	2.38	8.53
9040.0	200.0	4.46	2.6
9040.0	202.0	6.38	4.37
9040.0	203.0	6.52	3.69
9040.0	205.0	7.22	2.79
9050.0	198.0	1.45	8.79
9050.0	200.0	3.55	2.53
9050.0	202.0	5.48	4.18
9050.0	203.0	5.62	3.53
9050.0	205.0	5.95	2.54
9060.0	198.0	0.6	9.1
9060.0	200.0	2.91	2.39
9060.0	202.0	4.55	4.11
9060.0	203.0	4.64	3.37
9060.0	205.0	4.74	2.34
9070.0	198.0	-0.3	9.53
9070.0	200.0	1.96	2.13
9070.0	202.0	3.6	3.97
9070.0	203.0	3.69	3.21
9070.0	205.0	3.5	1.98
9080.0	198.0	-1.09	10.05
9080.0	200.0	1.05	1.86
9080.0	202.0	2.63	3.87
9080.0	203.0	2.68	3.11
9080.0	205.0	2.6	1.82
9090.0	198.0	-1.86	10.49
9090.0	200.0	0.18	1.55
9090.0	202.0	1.7	3.68
9090.0	203.0	1.74	2.96
9090.0	205.0	1.55	1.45
9090.0	209.0	-3.41	-1.97
9100.0	198.0	-2.62	11.08
9100.0	200.0	-0.66	1.36
9100.0	202.0	0.75	3.61
9100.0	203.0	0.81	2.87
9100.0	205.0	0.99	1.34
9100.0	209.0	-2.5	-0.82
9110.0	200.0	-1.5	0.99
9110.0	202.0	-0.3	3.51
9110.0	203.0	-0.16	2.72
9110.0	205.0	-0.2	1.13
9110.0	209.0	-1.85	-0.27
9110.0	211.0	-3.28	4.75
9120.0	200.0	-2.34	0.54
9120.0	202.0	-1.29	3.4
9120.0	203.0	-1.04	2.62
9120.0	205.0	-1.09	0.97
9120.0	209.0	-0.83	0.28
9120.0	211.0	-2.24	4.74
9130.0	202.0	-2.3	3.29
9130.0	203.0	-2.24	2.57
9130.0	209.0	0.29	0.83
9130.0	211.0	-1.4	4.87
9140.0	202.0	-3.23	3.22
9140.0	203.0	-3.08	2.5
9140.0	209.0	1.17	1.58
9140.0	211.0	-0.08	4.83
9150.0	209.0	2.26	2.27
9150.0	211.0	1.03	4.88
9160.0	209.0	3.45	2.88
9160.0	211.0	2.07	4.95
9170.0	209.0	4.62	3.3
9170.0	211.0	3.1	5.03
9180.0	209.0	5.86	3.74
9180.0	211.0	4.17	5.04
9190.0	209.0	7.1	4.03
9190.0	211.0	5.19	5.17
9200.0	209.0	8.37	4.34
9200.0	211.0	6.25	5.27
9210.0	209.0	9.62	4.58
9210.0	211.0	7.25	5.3
9210.0	213.0	12.89	6.34
9210.0	214.0	13.32	5.77
9220.0	209.0	10.82	4.84
9220.0	211.0	8.31	5.33
9220.0	213.0	11.86	6.49
9220.0	214.0	12.02	6.05
9230.0	209.0	12.14	5.09
9230.0	211.0	9.3	5.26
9230.0	213.0	10.62	6.83
9230.0	214.0	11.16	6.19
9240.0	209.0	13.32	5.31
9240.0	211.0	10.37	5.22
9240.0	213.0	9.46	6.88
9240.0	214.0	10.14	6.54
9250.0	211.0	11.41	5.16
9250.0	213.0	8.37	6.64
9250.0	214.0	9.07	6.61
9260.0	211.0	12.51	5.09
9260.0	213.0	7.26	6.4
9260.0	214.0	7.94	6.89
9270.0	211.0	13.68	5.26
9270.0	213.0	6.12	6.26
9270.0	214.0	6.63	7.21
9280.0	213.0	5.02	6.11
9280.0	214.0	5.38	7.15
9290.0	213.0	3.87	6.16
9290.0	214.0	4.06	7.02
9300.0	213.0	2.7	6.24
9300.0	214.0	2.87	7.0
9300.0	217.0	-6.49	5.93
9310.0	213.0	1.55	6.23
9310.0	214.0	1.71	6.97
9310.0	217.0	-5.23	5.72
9320.0	213.0	0.41	6.24
9320.0	214.0	0.57	7.0
9320.0	217.0	-4.08	5.55
9330.0	213.0	-0.72	6.34
9330.0	214.0	-0.56	7.02
9330.0	217.0	-2.85	5.38
9340.0	213.0	-1.83	6.38
9340.0	214.0	-1.73	7.15
9340.0	217.0	-1.59	5.29
9350.0	213.0	-3.02	6.4
9350.0	214.0	-3.21	7.54
9350.0	217.0	-0.46	5.44
9360.0	213.0	-4.07	6.45
9360.0	214.0	-4.26	7.54
9360.0	217.0	0.84	5.4
9370.0	217.0	2.17	5.36
9380.0	217.0	3.38	5.35
9390.0	217.0	4.58	5.33
9400.0	217.0	5.81	5.36
9400.0	220.0	12.45	4.75
9410.0	217.0	7.03	5.48
9410.0	220.0	11.2	4.34
9420.0	217.0	8.22	5.66
9420.0	220.0	9.97	3.91
9430.0	217.0	9.47	5.82
9430.0	220.0	8.71	3.56
9440.0	217.0	10.61	5.9
9440.0	220.0	7.5	3.33
9450.0	217.0	11.64	5.99
9450.0	220.0	6.29	3.09
9460.0	217.0	12.52	6.05
9460.0	220.0	5.05	2.85
9470.0	220.0	3.87	2.64
9480.0	220.0	2.57	2.41
9490.0	220.0	1.38	2.2
9500.0	220.0	0.12	2.0
9500.0	222.0	-3.28	-2.0
9510.0	220.0	-1.06	1.68
9510.0	222.0	-2.79	-1.06
9520.0	220.0	-2.2	1.21
9520.0	222.0	-2.05	-0.04
9530.0	220.0	-3.16	0.42
9530.0	222.0	-1.19	1.01
9540.0	222.0	-0.02	1.41
9550.0	222.0	1.08	1.84
9560.0	222.0	2.37	2.27
9570.0	222.0	3.65	2.61
9580.0	222.0	4.78	2.91
9590.0	222.0	6.02	3.29
9600.0	222.0	7.52	3.58
9610.0	222.0	8.82	3.86
9620.0	222.0	10.19	4.13
9620.0	226.0	12.81	6.56
9630.0	222.0	11.56	4.46
9630.0	226.0	11.73	6.86
9630.0	227.0	1.07	6.45
9630.0	228.0	0.95	7.09
9640.0	222.0	13.03	5.0
9640.0	226.0	10.65	7.09
9640.0	227.0	2.45	6.36
9640.0	228.0	2.3	7.03
9650.0	226.0	9.53	7.27
9650.0	227.0	3.72	6.29
9650.0	228.0	3.62	6.95
9660.0	226.0	8.38	7.46
9660.0	227.0	5.03	6.19
9660.0	228.0	5.0	6.83
9670.0	226.0	7.24	7.65
9670.0	227.0	6.3	6.11
9670.0	228.0	6.24	6.66
9680.0	226.0	6.08	7.73
9680.0	227.0	7.55	5.84
9680.0	228.0	7.43	6.53
9680.0	229.0	1.76	2.48
9680.0	231.0	-3.38	4.31
9690.0	226.0	4.94	7.74
9690.0	227.0	8.76	5.61
9690.0	228.0	8.72	6.49
9690.0	229.0	2.77	2.84
9690.0	231.0	-2.48	4.25
9700.0	226.0	3.78	7.66
9700.0	227.0	10.03	5.57
9700.0	228.0	10.04	6.37
9700.0	229.0	3.9	3.26
9700.0	231.0	-1.51	4.28
9710.0	226.0	2.61	7.56
9710.0	227.0	11.43	5.48
9710.0	228.0	11.43	6.26
9710.0	229.0	5.05	3.61
9710.0	231.0	-0.43	4.34
9720.0	226.0	1.48	7.43
9720.0	227.0	12.6	5.57
9720.0	228.0	12.72	6.18
9720.0	229.0	6.15	3.86
9720.0	231.0	0.48	4.39
9730.0	226.0	0.32	7.31
9730.0	227.0	13.48	5.38
9730.0	228.0	13.48	6.13
9730.0	229.0	7.28	4.05
9730.0	231.0	1.36	4.49
9740.0	226.0	-0.83	7.11
9740.0	229.0	8.49	4.23
9740.0	231.0	2.24	4.5
9750.0	229.0	9.65	4.44
9750.0	231.0	3.05	4.41
9750.0	232.0	12.66	6.61
9760.0	229.0	10.82	4.65
9760.0	231.0	3.89	4.27
9760.0	232.0	11.56	6.67
9770.0	229.0	12.01	4.91
9770.0	231.0	4.7	4.11
9770.0	232.0	10.43	6.68
9780.0	229.0	13.1	5.24
9780.0	231.0	5.54	4.15
9780.0	232.0	9.3	6.63
9790.0	231.0	6.36	4.2
9790.0	232.0	8.21	6.48
9800.0	231.0	7.17	4.25
9800.0	232.0	7.05	6.06
9810.0	231.0	8.09	4.24
9810.0	232.0	5.93	5.72
9820.0	231.0	8.97	4.1
9820.0	232.0	4.87	5.45
9830.0	231.0	9.76	4.21
9830.0	232.0	3.89	5.27
9830.0	235.0	-3.15	0.11
9840.0	231.0	10.5	4.2
9840.0	232.0	2.82	4.93
9840.0	235.0	-2.61	0.63
9850.0	231.0	11.12	4.05
9850.0	232.0	1.74	4.55
9850.0	235.0	-2.39	0.96
9860.0	231.0	11.67	4.0
9860.0	232.0	0.74	4.12
9860.0	235.0	-2.08	1.37
9870.0	231.0	12.02	3.8
9870.0	232.0	-0.26	3.62
9870.0	235.0	-2.04	1.43
9880.0	231.0	12.2	3.83
9880.0	232.0	-1.19	3.03
9880.0	235.0	-2.07	1.55
9890.0	231.0	12.29	3.76
9890.0	232.0	-1.65	2.4
9890.0	235.0	-2.57	2.14
9900.0	231.0	12.26	3.82
9900.0	232.0	-2.31	1.41
9900.0	235.0	-3.17	2.78
9910.0	231.0	12.25	3.84
9910.0	232.0	-2.96	0.51
9920.0	231.0	12.25	3.84
9920.0	237.0	-1.38	7.43
9920.0	238.0	-2.36	6.64
9920.0	240.0	-1.36	4.73
9920.0	242.0	-0.92	9.05
9930.0	231.0	12.25	3.84
9930.0	237.0	-0.43	7.28
9930.0	238.0	-1.3	6.46
9930.0	240.0	-0.48	4.76
9930.0	242.0	0.43	8.91
9940.0	231.0	12.25	3.84
9940.0	237.0	0.45	7.18
9940.0	238.0	-0.52	6.38
9940.0	240.0	0.49	4.84
9940.0	242.0	1.62	8.69
9950.0	231.0	12.25	3.84
9950.0	237.0	1.3	7.13
9950.0	238.0	0.43	6.41
9950.0	240.0	1.47	4.88
9950.0	242.0	2.83	8.41
9960.0	231.0	12.25	3.93
9960.0	237.0	2.15	7.13
9960.0	238.0	1.29	6.33
9960.0	240.0	2.4	4.83
9960.0	242.0	4.11	8.12
9970.0	231.0	12.58	4.26
9970.0	237.0	3.08	7.22
9970.0	238.0	2.26	6.48
9970.0	240.0	3.31	4.79
9970.0	242.0	5.42	7.89
9980.0	231.0	13.53	5.0
9980.0	237.0	3.88	7.28
9980.0	238.0	3.12	6.62
9980.0	240.0	4.22	4.83
9980.0	242.0	6.58	7.59
9990.0	237.0	4.79	7.18
9990.0	238.0	4.01	6.58
9990.0	240.0	5.11	4.88
9990.0	242.0	7.78	7.26
10000.0	237.0	5.73	7.14
10000.0	238.0	4.87	6.44
10000.0	240.0	5.97	4.96
10000.0	242.0	8.99	6.94
10010.0	237.0	6.53	6.85
10010.0	238.0	5.7	6.4
10010.0	240.0	6.78	4.97
10010.0	242.0	10.19	6.7
10020.0	237.0	7.37	6.73
10020.0	238.0	6.56	6.34
10020.0	240.0	7.51	5.02
10020.0	242.0	11.51	6.62
10030.0	237.0	8.19	6.6
10030.0	238.0	7.4	6.31
10030.0	240.0	8.27	5.04
10030.0	242.0	12.75	6.4
10040.0	237.0	9.05	6.51
10040.0	238.0	8.18	6.3
10040.0	240.0	9.2	5.08
10040.0	242.0	13.9	6.27
10050.0	237.0	9.86	6.38
10050.0	238.0	8.79	6.2
10050.0	240.0	10.14	5.01
10060.0	237.0	10.67	6.24
10060.0	238.0	9.4	6.11
10060.0	240.0	11.0	4.93
10070.0	237.0	11.38	6.14
10070.0	238.0	9.77	5.93
10070.0	240.0	11.86	4.87
10080.0	237.0	12.02	6.03
10080.0	238.0	10.15	5.81
10080.0	240.0	12.71	4.91
10090.0	237.0	12.77	5.98
10090.0	238.0	10.53	5.52
10090.0	240.0	13.46	5.1
10100.0	237.0	13.94	6.24
10100.0	238.0	10.95	5.31
10100.0	245.0	4.12	6.31
10100.0	246.0	3.96	5.35
10100.0	247.0	2.31	4.06
10110.0	238.0	11.39	5.02
10110.0	245.0	5.17	6.31
10110.0	246.0	5.1	5.5
10110.0	247.0	3.16	3.92
10120.0	238.0	11.78	4.76
10120.0	245.0	6.21	6.27
10120.0	246.0	6.11	5.51
10120.0	247.0	4.11	3.84
10130.0	238.0	12.07	4.78
10130.0	245.0	7.26	6.31
10130.0	246.0	7.14	5.57
10130.0	247.0	4.99	3.78
10140.0	238.0	12.29	4.67
10140.0	245.0	8.28	6.37
10140.0	246.0	8.09	5.58
10140.0	247.0	5.95	3.82
10150.0	238.0	12.34	4.69
10150.0	245.0	9.36	6.48
10150.0	246.0	9.19	5.58
10150.0	247.0	6.93	3.76
10160.0	238.0	12.31	4.69
10160.0	245.0	10.37	6.62
10160.0	246.0	10.17	5.63
10160.0	247.0	7.87	3.88
10170.0	238.0	12.31	4.67
10170.0	245.0	11.32	6.57
10170.0	246.0	11.09	5.64
10170.0	247.0	8.72	3.95
10180.0	238.0	12.31	4.62
10180.0	245.0	12.15	6.55
10180.0	246.0	12.02	5.67
10180.0	247.0	9.5	4.05
10190.0	238.0	12.31	4.62
10190.0	245.0	12.97	6.24
10190.0	246.0	12.79	5.51
10190.0	247.0	10.25	4.13
10200.0	238.0	12.31	4.62
10200.0	245.0	13.23	6.08
10200.0	246.0	13.63	5.39
10200.0	247.0	10.9	4.38
10200.0	251.0	2.92	6.64
10200.0	253.0	2.61	5.05
10210.0	238.0	12.31	4.57
10210.0	247.0	11.43	4.87
10210.0	251.0	3.98	6.63
10210.0	253.0	3.74	4.99
10220.0	238.0	12.37	4.5
10220.0	247.0	11.89	5.35
10220.0	251.0	5.02	6.58
10220.0	253.0	4.87	4.95
10220.0	255.0	13.59	6.31
10230.0	238.0	12.51	4.49
10230.0	247.0	12.28	5.47
10230.0	251.0	6.31	6.62
10230.0	253.0	6.02	5.04
10230.0	255.0	12.0	6.67
