80.0	3.0	0.0782930207807	8.75213217509
90.0	3.0	0.659176723347	8.45619402345
100.0	3.0	1.24006042591	8.1602558718
110.0	3.0	1.8278894771	7.87052287495
120.0	3.0	2.44371038786	7.60537183747
130.0	3.0	3.05953129863	7.34022079999
140.0	3.0	3.6865068602	7.0769790409
150.0	3.0	4.32442660748	6.81588522002
160.0	3.0	4.96234635475	6.55503005893
170.0	3.0	5.59079517209	6.30061871244
180.0	3.0	6.19651375759	6.06195891272
190.0	3.0	6.80244280821	5.82329911301
200.0	3.0	7.40837185882	5.58463931329
210.0	3.0	8.11763927826	5.37247075135
220.0	3.0	8.8271171628	5.1603021894
230.0	3.0	9.53638458224	4.94813362746
230.0	4.0	15.2940785863	9.09723424548
240.0	4.0	14.6149076775	9.1623883708
250.0	4.0	13.9357367687	9.22754249612
260.0	4.0	13.2403600465	9.33828064319
270.0	4.0	12.5291984411	9.494602812
280.0	4.0	11.8180368357	9.65092498081
290.0	4.0	11.1394973223	9.85092189297
300.0	4.0	10.4828461802	10.0800353007
310.0	4.0	9.82956247995	10.3074780898
320.0	4.0	9.20595436013	10.5196466518
330.0	4.0	8.58234624031	10.7318152137
340.0	4.0	7.94716253946	10.9131966615
350.0	4.0	7.29472069962	11.0482781081
360.0	4.0	6.64227885978	11.1835982146
370.0	4.0	6.00393818229	11.3155770838
380.0	4.0	5.38643355065	11.4430214169
390.0	4.0	4.76913938411	11.5702270901
400.0	4.0	4.1413219621	11.6928982272
410.0	4.0	3.49793012198	11.8088868898
420.0	4.0	2.85453828185	11.9248755525
430.0	4.0	2.21114644173	12.0406255553
440.0	4.0	1.57301622934	12.1628193728
450.0	4.0	0.935727877395	12.2854905098
460.0	4.0	0.298229060339	12.4081616469
470.0	4.0	-0.339059291607	12.5310714438
610.0	7.0	11.2819822015	8.09844298368
610.0	8.0	0.182683715155	11.7411075067
620.0	7.0	10.8208531463	8.25762907009
620.0	8.0	0.780404626491	11.6170044109
630.0	7.0	10.3927671133	8.44545433246
630.0	8.0	1.37812553783	11.492901315
640.0	7.0	10.013929916	8.67599969898
640.0	8.0	1.96890110055	11.4096090449
650.0	7.0	9.63509271866	8.90678372531
650.0	8.0	2.55673015173	11.3437389402
660.0	7.0	9.25267761447	9.14973940141
660.0	8.0	3.14455920292	11.2778688355
670.0	7.0	8.86457995232	9.4105945625
670.0	8.0	3.74017546316	11.2339554323
680.0	7.0	8.47648229017	9.67168838339
680.0	8.0	4.33768590938	11.1955312046
680.0	9.0	15.1147623129	9.12730538024
690.0	7.0	8.074914861	9.93421416307
690.0	8.0	4.9349858905	11.156868317
690.0	9.0	14.4496925665	9.26095486808
700.0	7.0	7.61883696844	10.2027064377
700.0	8.0	5.49734866342	11.1203533676
700.0	9.0	13.78462282	9.39460435592
710.0	7.0	7.16275907589	10.4711987124
710.0	8.0	6.04455794845	11.0845543977
710.0	9.0	13.1264984222	9.53350435935
720.0	7.0	6.65427537103	10.665945109
720.0	8.0	6.54946374644	11.000784808
720.0	9.0	12.4788972799	9.68051879598
730.0	7.0	6.13274282938	10.842314701
730.0	8.0	7.02953466149	10.9041275891
730.0	9.0	11.8312961376	9.8272945728
740.0	7.0	5.6128940086	10.9857492406
740.0	8.0	7.45046488074	10.8790683101
740.0	9.0	11.1643322052	9.89340333732
750.0	7.0	5.09493937381	11.0957714083
750.0	8.0	7.88781137855	10.8342002678
750.0	9.0	10.4925275753	9.93922601887
750.0	11.0	0.0883953460427	7.70393833475
760.0	7.0	4.57677427392	11.2060322357
760.0	8.0	8.39124392077	10.7096198523
760.0	9.0	9.81924968958	9.9934017934
760.0	11.0	0.635604631069	7.44141255507
770.0	7.0	4.08849521959	11.133002337
770.0	8.0	8.89446599788	10.5850394369
770.0	9.0	9.13986831571	10.0800353007
770.0	11.0	1.1828139161	7.17888677538
780.0	7.0	3.60358360701	11.0396863553
780.0	8.0	9.3867438893	10.365711081
780.0	9.0	8.46069740695	10.1669074678
780.0	11.0	1.73318017777	6.9103945007
790.0	7.0	3.12540687794	10.9575873842
790.0	8.0	9.87775899005	10.1358816938
790.0	9.0	7.82930207807	10.2996023164
790.0	11.0	2.29680574134	6.61779758625
800.0	7.0	2.65186038128	10.8828868669
800.0	8.0	10.3795078114	9.89053941972
800.0	9.0	7.19790674919	10.4320585053
800.0	11.0	2.86022083981	6.32520067181
810.0	7.0	2.17831388462	10.8084250094
810.0	8.0	10.9231391896	9.58219095849
810.0	9.0	6.55640909505	10.5850394369
810.0	11.0	3.42700338003	6.03880891215
820.0	7.0	1.69403366738	10.7404069665
820.0	8.0	11.4667705677	9.27384249727
820.0	9.0	5.89091841842	10.7850363491
820.0	11.0	4.02346150071	5.80683158683
830.0	7.0	1.19333717158	10.6821739754
830.0	8.0	12.0200833409	9.01370331558
830.0	9.0	5.22563820689	10.985271921
830.0	11.0	4.61970915628	5.57461560171
840.0	7.0	0.692851140887	10.624179644
840.0	8.0	12.5757112303	8.76549712388
840.0	9.0	4.56583008822	11.1857461528
840.0	11.0	5.21595681185	5.34263827639
850.0	7.0	0.192365110198	10.5661853127
850.0	8.0	13.147124003	8.55595381973
850.0	9.0	3.92769987583	11.3871750237
850.0	11.0	5.84840446627	5.14240270443
860.0	8.0	13.7551577047	8.43662391987
860.0	9.0	3.28978012856	11.5883652349
860.0	11.0	6.51705211955	4.97390888583
870.0	8.0	14.3629809413	8.31729402001
870.0	9.0	2.65186038128	11.7897941058
870.0	11.0	7.18548930773	4.80541506723
880.0	8.0	14.971014643	8.19796412016
880.0	9.0	2.03519761008	11.956378646
880.0	11.0	7.85413696101	4.64670630042
890.0	9.0	1.41853483888	12.1227245264
890.0	11.0	8.52215321896	4.57510836051
900.0	9.0	0.801661602564	12.2893090666
900.0	11.0	9.19037994202	4.50351042059
910.0	9.0	0.184998831361	12.4558936068
910.0	11.0	9.85860666508	4.43191248068
920.0	11.0	10.5268333881	4.36484907696
930.0	11.0	11.1931659252	4.33835783919
940.0	11.0	11.8597089274	4.31186660142
950.0	11.0	12.5262519296	4.28537536365
960.0	11.0	13.1359693522	4.37200887095
960.0	14.0	8.76713460656	7.02709914276
970.0	11.0	13.6890716603	4.57176712331
970.0	14.0	8.32263229503	7.05382904033
980.0	11.0	14.2421739684	4.77152537567
980.0	14.0	7.87834044861	7.0803202781
990.0	11.0	14.7952762765	4.97128362803
990.0	14.0	7.43404860219	7.10681151587
1000.0	11.0	15.3483785846	5.17104188039
1000.0	14.0	6.89231141002	7.09225326808
1010.0	14.0	6.32637073023	7.06767130871
1020.0	14.0	5.76021958534	7.04285068954
1030.0	14.0	5.22332309069	7.06337543232
1040.0	14.0	4.68958357268	7.08915069069
1050.0	14.0	4.16447312416	7.11802852645
1060.0	14.0	3.71723476621	7.17769347638
1070.0	14.0	3.26999640825	7.23735842631
1080.0	14.0	2.92314990759	7.34189141858
1090.0	14.0	2.61902782418	7.46551719484
1100.0	14.0	2.31511620588	7.58938163089
1130.0	18.0	15.4262506751	8.39294917652
1140.0	18.0	14.6391111651	8.47242288983
1140.0	21.0	1.13588019665	7.65238781801
1150.0	18.0	13.85176119	8.55189660313
1150.0	21.0	1.55154878816	7.80536874963
1160.0	18.0	13.0644112149	8.63160897624
1160.0	19.0	12.2421240316	7.49105379341
1160.0	21.0	1.96700691456	7.95834968124
1170.0	18.0	12.2701158912	8.79867083604
1170.0	19.0	11.8912786938	7.51993162917
1170.0	21.0	2.38267550607	8.11133061286
1180.0	18.0	11.474978707	8.97527908782
1180.0	19.0	11.5404333561	7.54880946494
1180.0	21.0	2.81328712036	8.26717546207
1190.0	18.0	10.682156639	9.13494249383
1190.0	19.0	11.1897984835	7.5779259605
1190.0	21.0	3.30430222112	8.43423732187
1200.0	18.0	9.8983845708	9.22539455792
1200.0	19.0	10.762764776	7.63353369383
1200.0	20.0	11.9906182256	8.161210511
1200.0	21.0	3.79531732188	8.60129918167
1210.0	18.0	9.11461250255	9.31584662201
1210.0	19.0	10.2852194423	7.70680225235
1210.0	20.0	11.4349903362	8.27576721486
1210.0	21.0	4.28128126	8.75380279369
1220.0	18.0	8.33041950409	9.41799301629
1220.0	19.0	9.80767410855	7.78030947066
1220.0	20.0	10.8793624468	8.39032391873
1220.0	21.0	4.7470405476	8.84783475478
1230.0	18.0	7.54517418008	9.54639198854
1230.0	19.0	9.16786017529	7.96169091844
1230.0	20.0	10.3580403702	8.4927089728
1230.0	21.0	5.2125893701	8.94186671586
1230.0	25.0	3.84940685505	4.59014392789
1240.0	18.0	6.75992885606	9.67479096078
1240.0	19.0	8.52804624203	8.14307236622
1240.0	20.0	9.85124038624	8.59008217109
1240.0	21.0	5.67813819259	9.03589867695
1240.0	25.0	4.03924638393	4.66842434219
1250.0	18.0	5.98036609001	9.81631622201
1250.0	19.0	7.99220207292	8.44091979627
1250.0	20.0	9.34465086737	8.68721670957
1250.0	21.0	6.233766082	9.17957187638
1250.0	25.0	4.22887544771	4.7467047565
1260.0	18.0	5.20332890527	9.96309199884
1260.0	19.0	7.56011720286	8.85547186837
1260.0	20.0	8.7658718159	8.73494866951
1260.0	21.0	6.74014513576	9.30892548782
1260.0	25.0	4.41871497659	4.82474651101
1270.0	18.0	4.42629172053	10.1043786003
1270.0	19.0	7.02048466178	9.17145744319
1270.0	20.0	8.18709276443	8.78268062945
1270.0	21.0	7.1084590776	9.39245641772
1270.0	25.0	4.60855450547	4.90302692531
1280.0	18.0	3.65030686135	10.1938760252
1280.0	19.0	6.40908351832	9.42133425349
1280.0	20.0	7.68387068732	8.82420743461
1280.0	21.0	7.50350208837	9.48505642001
1280.0	25.0	4.79818356924	4.98130733962
1290.0	18.0	2.87411153705	10.2833734501
1290.0	19.0	5.7745312128	9.67574559998
1290.0	20.0	7.18043814509	8.86573423976
1290.0	21.0	7.9610532367	9.59937446407
1290.0	25.0	4.98802309813	5.05958775393
1300.0	18.0	2.09812667786	10.3728708749
1300.0	19.0	5.11682774522	9.93421416307
1300.0	20.0	6.66648234739	8.96764197423
1300.0	21.0	8.41860438502	9.71345384834
1300.0	25.0	5.22542774178	5.10015991988
1310.0	18.0	1.32108949312	10.5055657236
1310.0	19.0	4.46501730071	10.1972172624
1310.0	20.0	6.14789631727	9.09556362688
1310.0	21.0	8.798704373	9.71345384834
1310.0	25.0	5.46262192033	5.14073208583
1320.0	18.0	0.544052308382	10.643272428
1320.0	19.0	3.86603359871	10.5000765482
1320.0	20.0	5.62909982204	9.22324661973
1320.0	21.0	9.1790148261	9.71345384834
1320.0	25.0	5.70002656399	5.18154291158
1330.0	18.0	-0.233195341465	10.7809791325
1330.0	19.0	3.26704989672	10.802935834
1330.0	20.0	5.05453007277	9.4079693047
1330.0	21.0	9.55911481408	9.71345384834
1330.0	25.0	5.93743120765	5.22211507753
1340.0	19.0	2.67648479911	11.0141497568
1340.0	20.0	4.4736463702	9.59889714447
1340.0	21.0	9.80620085278	9.61727394905
1340.0	25.0	6.17525678152	5.29108775965
1350.0	19.0	2.09412784077	11.1334796566
1350.0	20.0	3.91465103903	9.7475821997
1350.0	21.0	10.0385543338	9.51011569898
1350.0	25.0	6.41434514606	5.42688518568
1360.0	19.0	1.51177088244	11.2528095565
1360.0	20.0	3.38848826497	9.83278374819
1360.0	21.0	10.2706973497	9.40319610871
1360.0	25.0	6.6536439757	5.56244395192
1370.0	19.0	0.959720899892	11.3745260543
1370.0	20.0	2.86232549091	9.91798529669
1370.0	25.0	6.89273234024	5.69800271816
1380.0	19.0	0.437767428021	11.4986291502
1380.0	20.0	2.32963829844	10.02132499
1380.0	25.0	7.13182070477	5.8335614844
1390.0	19.0	-0.0841860438502	11.622732246
1390.0	20.0	1.79253133868	10.1363590134
1390.0	25.0	7.36101720915	5.94262901286
1400.0	20.0	1.25563484403	10.2516316967
1400.0	25.0	7.58895092288	6.04859396394
1410.0	20.0	0.739574395224	10.3924409785
1410.0	25.0	7.81709510171	6.15479757481
1420.0	20.0	0.232563946136	10.5444672709
1420.0	25.0	8.02145672316	6.25169345349
1430.0	20.0	-0.274656968061	10.6962549036
1430.0	25.0	8.1710974161	6.3271099502
1440.0	25.0	8.32052764394	6.40228778711
1450.0	25.0	8.47016833688	6.47770428382
1460.0	25.0	8.61096949522	6.54596098654
1470.0	25.0	8.74314158406	6.60705789527
1480.0	25.0	8.87531367291	6.66815480399
1490.0	25.0	9.00748576175	6.72901305292
1500.0	25.0	9.10051134021	6.78080222946
1510.0	25.0	9.03800320265	6.79488315764
1520.0	25.0	8.97528459998	6.80920274562
1530.0	25.0	8.91277646242	6.82328367381
1540.0	25.0	8.85005785975	6.83760326179
1550.0	25.0	8.78733925709	6.85192284977
1560.0	25.0	8.72483111953	6.86600377796
1560.0	28.0	0.844175554708	7.50895327838
1570.0	25.0	8.66211251686	6.88032336594
1570.0	28.0	1.04895810637	7.35191513017
1580.0	25.0	8.5996043793	6.89440429412
1580.0	28.0	1.25395112315	7.19487698196
1590.0	25.0	8.45669856986	6.85765068497
1590.0	28.0	1.45894413992	7.03783883375
1600.0	25.0	8.29400904012	6.80800944663
1600.0	28.0	1.66372669159	6.88103934534
1610.0	25.0	8.13110904527	6.75860686809
1610.0	28.0	1.96721737967	6.75980016708
1620.0	25.0	7.96820905042	6.70896562974
1620.0	28.0	2.29533248558	6.64739140142
1630.0	25.0	7.80551952068	6.6595630512
1630.0	28.0	2.62344759148	6.53498263575
1640.0	25.0	7.69544626835	6.55526871873
1640.0	28.0	2.96755804572	6.47555634563
1650.0	25.0	7.63798929342	6.39608263232
1650.0	28.0	3.33587198756	6.4956037688
1660.0	25.0	7.58053231849	6.23689654591
1660.0	28.0	3.70418592941	6.51541253218
1670.0	25.0	7.54664743584	6.06028829412
1670.0	28.0	4.07249987125	6.53522129555
1680.0	25.0	7.6068404572	5.81303674162
1680.0	28.0	4.50774171796	6.5786573791
1690.0	25.0	7.66703347855	5.56578518912
1690.0	28.0	4.95961030833	6.62782129784
1700.0	25.0	7.70765324471	5.31423776022
1700.0	28.0	5.41147889869	6.67674655678
1710.0	25.0	7.71943929085	5.05553053733
1710.0	28.0	5.83767074568	6.69440738196
1720.0	25.0	7.73101487187	4.79706197424
1720.0	28.0	6.22576840783	6.664574907
1730.0	25.0	7.74280091801	4.53859341115
1730.0	28.0	6.61386606998	6.63474243203
1740.0	25.0	7.64830208379	4.40088670672
1740.0	28.0	6.98407419781	6.5755548017
1750.0	25.0	7.52728464576	4.29348979684
1750.0	28.0	7.28272418837	6.39846923032
1760.0	25.0	7.40626720772	4.18609288697
1760.0	28.0	7.58158464404	6.22138365893
1770.0	25.0	7.28524976969	4.0786959771
1770.0	28.0	7.8802346346	6.04429808754
1780.0	30.0	12.813115874	9.162149711
1780.0	31.0	1.78432319941	11.0604497579
1790.0	30.0	12.2379147294	9.39293373732
1790.0	31.0	2.40014411017	10.8573502684
1800.0	30.0	11.6625031197	9.62347910385
1800.0	31.0	3.01596502093	10.654012119
1810.0	30.0	11.0908798819	9.86118426436
1810.0	31.0	3.59137663065	10.4499579903
1820.0	30.0	10.5272543184	10.1153569511
1820.0	31.0	4.14005917144	10.2454265419
1830.0	30.0	9.96383921989	10.3692909779
1830.0	31.0	4.68895217735	10.0406564337
1840.0	30.0	9.39789854011	10.6220317058
1840.0	31.0	5.32139983177	9.89936983231
1850.0	30.0	8.8226973955	10.868567279
1850.0	31.0	5.97489399716	9.77383477766
1860.0	30.0	8.2474962509	11.1151028521
1860.0	31.0	6.60860444224	9.6585620944
1870.0	30.0	7.67545208293	11.334431208
1870.0	31.0	7.23999977112	9.54424405034
1880.0	30.0	7.11687768199	11.4446920355
1880.0	31.0	7.8583462632	9.36524920056
1890.0	30.0	6.55851374615	11.5547142031
1890.0	31.0	8.46785322067	9.14305692702
1900.0	30.0	6.01193585645	11.5862172967
1900.0	31.0	9.07757064326	8.92086465349
1910.0	30.0	5.47335564092	11.5652152343
1910.0	31.0	9.74369271522	8.69389918396
1920.0	30.0	4.93477542539	11.5442131719
1920.0	31.0	10.4340182748	8.46478577624
1930.0	30.0	4.4037719538	11.513187398
1930.0	31.0	11.1281322063	8.27624453446
1940.0	30.0	3.90223359757	11.4430214169
1940.0	31.0	11.8373996258	8.24975329669
1950.0	30.0	3.40090570644	11.3728554357
1950.0	31.0	12.5468775103	8.22326205893
1960.0	30.0	2.8993673502	11.3026894546
1960.0	31.0	13.2426751627	8.20273731615
1970.0	30.0	2.38646387804	11.3933801785
1970.0	31.0	13.9252135133	8.18817906837
1980.0	30.0	1.87040342924	11.5241657488
1980.0	31.0	14.6075413987	8.17362082059
1990.0	30.0	1.35434298044	11.654951319
1990.0	31.0	15.2898692841	8.1593012326
2000.0	30.0	0.851962763764	11.7477899811
2010.0	30.0	0.355265105048	11.824161117
2020.0	30.0	-0.141432553668	11.9005322529
2040.0	33.0	0.14585232097	10.3521074724
2050.0	33.0	0.762725557283	10.2943518008
2060.0	33.0	1.3795987936	10.2368347891
2070.0	33.0	1.99647202991	10.1544971582
2080.0	33.0	2.61334526622	9.97359303003
2090.0	33.0	3.23021850253	9.79245024204
2100.0	33.0	3.82541383255	9.61870590785
2110.0	33.0	4.36967660605	9.46238373904
2110.0	34.0	15.2614564943	8.65404299741
2110.0	35.0	0.182473250045	8.36096876336
2120.0	33.0	4.91393937954	9.30606157023
2120.0	34.0	14.3006832688	8.82015021801
2120.0	35.0	0.638340677494	8.32135123661
2130.0	33.0	5.44473238601	9.12539610184
2130.0	34.0	13.3399100434	8.98601877881
2130.0	35.0	1.09441857005	8.28149505006
2140.0	33.0	5.95489981174	8.9084543439
2140.0	34.0	12.3980786778	9.160956412
2140.0	35.0	1.55996739254	8.22779659512
2150.0	33.0	6.46506723748	8.69151258596
2150.0	34.0	11.4751891721	9.34448579798
2150.0	35.0	2.04024877271	8.15333473761
2150.0	36.0	14.8588367396	6.12496509985
2160.0	33.0	6.97586605854	8.48363990041
2160.0	34.0	10.5522996664	9.52801518396
2160.0	35.0	2.52031968777	8.0786342203
2160.0	36.0	14.2274414107	6.20181355535
2170.0	33.0	7.49087418179	8.35810484576
2170.0	34.0	9.61909737033	9.64949302201
2170.0	35.0	2.99302432398	8.02398112617
2170.0	36.0	13.5960460818	6.27842335106
2180.0	33.0	8.00588230505	8.23256979112
2180.0	34.0	8.68463228359	9.76404972588
2180.0	35.0	3.43668477508	8.04975638453
2180.0	36.0	12.9747530782	6.34357747638
2190.0	33.0	8.52110089341	8.10679607667
2190.0	34.0	7.76700440562	9.89388065692
2190.0	35.0	3.88013476106	8.0752929831
2190.0	36.0	12.3686135625	6.39130943633
2200.0	33.0	9.01653576147	7.996773909
2200.0	34.0	6.87463234081	10.0466229287
2200.0	35.0	4.33242428164	8.11085329326
2200.0	36.0	11.7624740468	6.43904139627
2210.0	33.0	9.46651016585	7.92278937109
2210.0	34.0	5.982260276	10.1993652006
2210.0	35.0	4.79797310413	8.1614491708
2210.0	36.0	11.1032973234	6.48677335621
2220.0	33.0	9.91648457023	7.84856617338
2220.0	34.0	5.12798239603	10.363324483
2220.0	35.0	5.26352192662	8.21204504834
2220.0	36.0	10.438227577	6.53450531615
2230.0	33.0	10.3948717644	7.76360328468
2230.0	34.0	4.27812428336	10.5284770644
2230.0	35.0	5.72949167934	8.25046927609
2230.0	36.0	9.75863573801	6.59106768869
2240.0	33.0	10.9157729107	7.6621728698
2240.0	34.0	3.42531965916	10.7010280996
2240.0	35.0	6.19967073424	8.17887133618
2240.0	36.0	9.05694506252	6.6605176904
2250.0	33.0	11.4366740571	7.56074245492
2250.0	34.0	2.56599061655	10.8898080011
2250.0	35.0	6.66963932403	8.10727339627
2250.0	36.0	8.35546485213	6.73020635192
2260.0	33.0	11.9575752034	7.45931204004
2260.0	34.0	1.70645110884	11.0788265625
2260.0	35.0	7.14297535558	8.03495947695
2260.0	36.0	7.72406952326	6.85955996336
2270.0	33.0	12.4868949541	7.39845379112
2270.0	34.0	0.799767416577	11.2647425465
2270.0	35.0	7.64682882802	7.95524710385
2270.0	36.0	7.09267419438	6.98867491501
2280.0	33.0	13.0290530765	7.39845379112
2280.0	34.0	-0.11217790343	11.4504198707
2280.0	35.0	8.15068230047	7.87577339054
2280.0	36.0	6.44675677294	7.12304038225
2290.0	33.0	13.5712111989	7.39845379112
2290.0	35.0	8.65453577291	7.79629967724
2290.0	36.0	5.79094749135	7.26074708668
2300.0	33.0	14.1057925773	7.4108641007
2300.0	35.0	9.1375531995	7.62040740485
2300.0	36.0	5.13534867486	7.39845379112
2310.0	33.0	14.5723937254	7.53544451615
2310.0	35.0	9.61530899835	7.42041049269
2310.0	36.0	4.50395334599	7.50871461858
2320.0	33.0	15.0392053385	7.6600249316
2320.0	35.0	10.0932752623	7.22041358053
2320.0	36.0	3.87255801711	7.61873678625
2330.0	35.0	10.5714519914	7.01922336937
2330.0	36.0	3.22495687479	7.72517905692
2340.0	35.0	11.0523647669	6.80800944663
2340.0	36.0	2.55315224487	7.8261321522
2350.0	35.0	11.5334880075	6.59655686408
2350.0	36.0	1.88113714983	7.92708524748
2360.0	35.0	12.0146112481	6.38510428153
2360.0	36.0	1.2354301935	8.04641514734
2370.0	35.0	12.4969972793	6.15217231701
2370.0	36.0	0.596247655569	8.17004092359
2380.0	35.0	12.980225171	5.90468210471
2380.0	36.0	-0.0429348823636	8.29390535964
2390.0	35.0	13.4634530627	5.65719189241
2400.0	35.0	13.9517321171	5.44526199026
2410.0	35.0	14.4406425667	5.23738930471
2420.0	35.0	14.9293425513	5.02951661916
2440.0	39.0	8.66190205175	6.27412747467
2450.0	39.0	9.24636366118	6.38009242574
2460.0	39.0	9.83103573572	6.48629603661
2470.0	39.0	10.4026589735	6.56672438912
2480.0	39.0	10.9612333744	6.62185480285
2490.0	39.0	11.5198077754	6.67698521658
2500.0	39.0	11.8144589288	6.75717490929
2510.0	39.0	12.0798554321	6.84022851959
2570.0	42.0	14.6942530238	8.64926980142
2580.0	42.0	13.9864588602	8.57337598511
2590.0	42.0	13.2668786504	8.55595381973
2600.0	42.0	12.5207798367	8.67528371958
2610.0	42.0	11.7734182325	8.79389764004
2620.0	42.0	11.0157438378	8.90511310671
2630.0	42.0	10.2580694431	9.01656723317
2640.0	42.0	9.50376249025	9.12539610184
2650.0	42.0	8.77976251314	9.21131362974
2660.0	42.0	8.05576253603	9.29723115764
2670.0	42.0	7.31724046635	9.39532033532
2680.0	42.0	6.56882653652	9.50128528639
2690.0	42.0	5.8206230718	9.60748889726
2730.0	43.0	15.2345169602	9.04711568754
2730.0	44.0	10.0490775893	6.89249501572
2740.0	43.0	14.51409489	9.03780795535
2740.0	44.0	9.99982875364	7.15502079541
2750.0	43.0	13.7934623546	9.02873888296
2750.0	44.0	9.95079038309	7.41754657509
2760.0	43.0	13.0825112143	9.04997960513
2760.0	44.0	9.90175201255	7.68007235478
2770.0	43.0	12.4090228635	9.19317548496
2770.0	44.0	9.84071713076	7.9982058678
2780.0	43.0	11.7355345127	9.33637136479
2780.0	44.0	9.77652527233	8.3301816492
2790.0	43.0	11.0732008127	9.60199972187
2790.0	44.0	9.7060194606	8.58769557309
2800.0	43.0	10.4154973451	9.92037189469
2800.0	44.0	9.62877876537	8.77074763947
2810.0	43.0	9.75211131961	10.2096275719
2810.0	44.0	9.55153807014	8.95379970585
2820.0	43.0	9.07546599216	10.4311038661
2820.0	44.0	9.36211947147	9.08673321429
2830.0	43.0	8.39903112983	10.65281882
2830.0	44.0	9.06010203916	9.16978682459
2840.0	43.0	7.74511603422	10.8998317127
2840.0	44.0	8.78165669913	9.23016775392
2840.0	45.0	-0.0380941848422	13.2785539365
2850.0	43.0	7.11372070534	11.1726198638
2850.0	44.0	8.5974997282	9.20033527895
2850.0	45.0	0.57330695862	12.9945487748
2860.0	43.0	6.48232537647	11.4454080149
2860.0	44.0	8.41334275728	9.17050280399
2860.0	45.0	1.18470810208	12.7103049533
2870.0	43.0	5.86797772147	11.6878863714
2870.0	44.0	8.22918578636	9.14067032903
2870.0	45.0	1.82767901199	12.4246291731
2880.0	43.0	5.2607858802	11.9174770987
2880.0	44.0	8.06691718684	9.01799919197
2880.0	45.0	2.48433015402	12.1382374134
2890.0	43.0	4.64896380652	12.1408626712
2890.0	44.0	7.90443812221	8.89508939512
2890.0	45.0	3.1376138543	11.8556642106
2900.0	43.0	3.99504871091	12.311504428
2900.0	44.0	7.74216952268	8.77241825807
2900.0	45.0	3.77742778756	11.5883652349
2910.0	43.0	3.34113361531	12.481907525
2910.0	44.0	7.67334743184	8.65141773961
2910.0	45.0	4.41724172082	11.3210662592
2920.0	43.0	2.6960580543	12.6530266014
2920.0	44.0	7.69797184966	8.53208783976
2920.0	45.0	5.13366495399	11.0938621299
2930.0	43.0	2.07202900426	12.8258162964
2930.0	44.0	7.7228067326	8.4127579399
2930.0	45.0	5.88292074425	10.8838415061
2940.0	43.0	1.44778948911	12.9988446512
2940.0	44.0	7.74764161553	8.29342804004
2940.0	45.0	6.61386606998	10.6740595422
2950.0	43.0	0.823760439074	13.1716343462
2950.0	45.0	7.27156953756	10.4652322174
3010.0	49.0	8.89130902124	8.48149196222
3020.0	49.0	9.19900901151	8.33471618539
3030.0	49.0	9.50649853668	8.18794040857
3040.0	49.0	9.86176364172	8.11968370585
3040.0	50.0	0.111546508102	10.1883868498
3050.0	49.0	10.2643833964	8.12994607724
3050.0	50.0	0.469337194465	9.97359303003
3060.0	49.0	10.6615310583	8.13662855163
3060.0	50.0	0.827127880828	9.75879921028
3070.0	49.0	11.0374217441	8.12803679884
3070.0	50.0	1.18491856719	9.54400539054
3080.0	49.0	11.4133124299	8.11944504605
3080.0	50.0	1.54733948597	9.35952136536
3090.0	49.0	11.8453972999	8.13615123203
3090.0	50.0	1.91018133496	9.17861723718
3100.0	49.0	12.361878679	8.19032700657
3100.0	50.0	2.27302318396	8.9974744492
3100.0	52.0	0.11828139161	12.9160297007
3110.0	49.0	12.8261647108	8.26383422488
3110.0	50.0	2.59229875526	8.89055485893
3110.0	51.0	14.7830693001	8.32922701
3110.0	52.0	0.441976730214	12.8518302146
3120.0	49.0	13.0810379586	8.4146672183
3120.0	50.0	2.91157432656	8.78339660885
3120.0	51.0	13.6057274769	7.97672648582
3120.0	52.0	0.765672068818	12.7876307284
3130.0	49.0	13.3274926019	8.48578783861
3130.0	50.0	3.21885338661	8.68101155478
3130.0	51.0	12.602019369	7.16886306379
3130.0	52.0	1.07673950084	12.7468199027
3140.0	49.0	13.5547949203	8.37123113475
3140.0	50.0	3.41563826411	8.61943732645
3140.0	51.0	11.7439531171	6.95597852245
3140.0	52.0	1.38233484002	12.7160327885
3150.0	49.0	13.7820972387	8.25667443089
3150.0	50.0	3.61263360672	8.55786309812
3150.0	51.0	11.0433147672	6.93927233647
3150.0	52.0	1.68771971409	12.6852456744
3160.0	49.0	13.6286681738	8.18603113017
3160.0	50.0	3.80941848422	8.4962888698
3160.0	51.0	10.4365438561	7.00967697738
3160.0	52.0	1.93985691542	12.6410936114
3170.0	49.0	13.3798984142	8.12636618024
3170.0	50.0	3.85887778498	8.48793577681
3170.0	51.0	10.4232845542	7.14189450642
3170.0	52.0	2.156004583	12.5878724761
3180.0	49.0	13.1311286546	8.06670123031
3180.0	50.0	3.90854755086	8.47934402402
3180.0	51.0	10.4759008316	7.28103316966
3180.0	52.0	2.3723627157	12.5348900005
3190.0	49.0	12.8823588951	8.00703628039
3190.0	50.0	3.95800685162	8.47099093103
3190.0	51.0	10.8017008213	7.50680534019
3190.0	52.0	2.58872084839	12.481907525
3200.0	49.0	12.6335891355	7.94737133046
3200.0	50.0	4.00746615238	8.46263783804
3200.0	51.0	11.4282554527	7.68794812817
3200.0	52.0	2.73815107623	12.3740332955
3200.0	53.0	14.7016193027	9.06334455392
3210.0	50.0	4.05692545314	8.45428474505
3210.0	51.0	12.1648833364	7.34475533618
3210.0	52.0	2.88737083895	12.2663977259
3210.0	53.0	14.0453890909	9.04950228553
3220.0	50.0	4.10659521901	8.44569299226
3220.0	51.0	12.732507737	7.17984141458
3220.0	52.0	3.03680106679	12.1585234964
3220.0	53.0	13.3434879503	9.15666053561
3230.0	50.0	4.15605451978	8.43733989927
3230.0	51.0	13.1873228389	7.13354141344
3230.0	52.0	3.17002548118	12.0000533894
3230.0	53.0	12.6218030894	9.31560796222
3240.0	50.0	4.20551382054	8.42898680628
3240.0	51.0	13.6421379408	7.08748007209
3240.0	52.0	3.3015661747	11.836094107
3240.0	53.0	11.9544182267	9.51011569898
3250.0	50.0	4.39872079117	8.38030020714
3250.0	51.0	13.964991419	7.1612259502
3250.0	52.0	3.43310686821	11.6718961648
3250.0	53.0	11.3230228979	9.72801209612
3260.0	50.0	4.73546496657	8.29175742144
3260.0	51.0	14.1556728083	7.35525636737
3260.0	52.0	3.5400231439	11.4938559542
3260.0	53.0	10.6891019877	9.94638581286
3270.0	50.0	5.07220914198	8.20297597595
3270.0	51.0	14.3465646627	7.54904812474
3270.0	52.0	3.636205699	11.3098492486
3270.0	53.0	10.0492880544	10.1659528286
3280.0	50.0	5.40895331738	8.11443319026
3280.0	51.0	14.5372460521	7.7430785419
3280.0	52.0	3.7323882541	11.1256038832
3280.0	53.0	9.40947412114	10.3855198443
3290.0	50.0	5.84166958277	7.9951032904
3290.0	52.0	3.83572662293	10.9411198581
3290.0	53.0	8.74714042115	10.6203610872
3300.0	50.0	6.27417538305	7.87577339054
3300.0	52.0	3.96726731644	10.7547265545
3300.0	53.0	8.0791241632	10.859020887
3310.0	50.0	6.70689164844	7.75644349069
3310.0	52.0	4.09880800996	10.5680945911
3310.0	53.0	7.41615906787	11.0778719233
3320.0	50.0	7.18864628437	7.63711359083
3320.0	52.0	4.23034870347	10.3817012875
3320.0	53.0	6.75845560029	11.2766755365
3330.0	50.0	7.74385324356	7.51778369097
3330.0	52.0	4.41534753483	10.2225152011
3330.0	53.0	6.09969980717	11.470228634
3340.0	50.0	8.29927066786	7.39845379112
3340.0	52.0	4.60034636619	10.0635677745
3340.0	53.0	5.43084168878	11.6150951325
3350.0	50.0	8.85468809217	7.27912389126
3350.0	52.0	4.78513473245	9.90438168811
3350.0	53.0	4.76177310528	11.7599616309
3360.0	50.0	9.39179505193	7.09798110328
3360.0	52.0	4.98360333082	9.72896673532
3360.0	53.0	4.1019649866	11.9131812223
3370.0	50.0	9.92406131417	6.90156408811
3370.0	52.0	5.18796495227	9.54639198854
3370.0	53.0	3.46320337889	12.0859709173
3380.0	50.0	10.4563275764	6.70490841315
3380.0	52.0	5.39232657372	9.36381724176
3380.0	53.0	2.82465223628	12.2589992721
3390.0	50.0	11.0109031403	6.54739294534
3390.0	52.0	5.60700098553	9.20844971214
3390.0	53.0	2.19515109339	12.4270157711
3400.0	50.0	11.5987321915	6.44882644806
3400.0	52.0	5.84608935007	9.11632702945
3400.0	53.0	1.57954064774	12.5881111359
3410.0	50.0	12.1865612426	6.35002129098
3410.0	52.0	6.08538817971	9.02396568697
3410.0	53.0	0.963930202085	12.7492065007
3420.0	50.0	12.7436623878	6.28391252646
3420.0	52.0	6.32447654425	8.93184300428
3420.0	53.0	0.34831975643	12.9103018655
3430.0	50.0	13.2698251619	6.2505001545
3430.0	52.0	6.56356490878	8.83972032159
3430.0	53.0	-0.267290689224	13.0713972303
3440.0	50.0	13.795987936	6.21708778254
3440.0	52.0	6.85505908561	8.76096258768
3450.0	50.0	14.32215071	6.18367541058
3450.0	52.0	7.15202535529	8.68363681257
3460.0	50.0	14.8483134841	6.15026303862
3460.0	52.0	7.44920209009	8.60654969727
3470.0	50.0	15.3744762581	6.11685066666
3470.0	52.0	7.77773812621	8.60631103747
3480.0	52.0	8.13763346367	8.68339815277
3490.0	52.0	8.49731833602	8.76024660828
3500.0	52.0	8.85195204574	8.8289806306
3510.0	52.0	9.19858808129	8.88506568353
3520.0	52.0	9.54522411685	8.94138939626
3530.0	52.0	9.8918601524	8.9974744492
3540.0	52.0	10.2856403725	8.96668733503
3550.0	52.0	10.6794205926	8.93590022087
3560.0	52.0	11.0732008127	8.90511310671
3570.0	52.0	11.5090740548	8.87528063174
3580.0	52.0	11.9497879943	8.84544815678
3590.0	52.0	12.3905019339	8.81561568182
3600.0	52.0	12.8173251762	8.7418698037
3610.0	52.0	13.2382553954	8.64950846121
3610.0	56.0	11.0454194183	8.44259041486
3620.0	52.0	13.6591856147	8.55714711873
3620.0	56.0	11.0060624428	8.62158526465
3630.0	52.0	14.1116856004	8.47409350843
3630.0	56.0	10.9664950021	8.80058011443
3640.0	52.0	14.585232097	8.39748371272
3640.0	56.0	10.9271380266	8.97957496422
3650.0	52.0	15.0587785937	8.32063525721
3650.0	56.0	10.9231391896	9.1626270306
3660.0	56.0	10.9231391896	9.34639507638
3670.0	56.0	10.906722911	9.44997342945
3680.0	56.0	10.8517915174	9.36691981915
3690.0	56.0	10.7968601238	9.28386620885
3690.0	57.0	15.2557739363	9.70032755935
3700.0	56.0	10.6956264061	9.14234094762
3700.0	57.0	14.7043553491	9.82371467581
3710.0	56.0	10.5941822232	9.00105434619
3710.0	57.0	14.1527262968	9.94710179226
3720.0	56.0	10.4929485055	8.85952908496
3720.0	57.0	13.6010972444	10.0707275685
3730.0	57.0	13.043575169	10.1848069528
3740.0	57.0	12.4845798379	10.2967383988
3750.0	57.0	11.9255845067	10.4086698449
3760.0	57.0	11.3590124316	10.5392167553
3770.0	57.0	10.7878101241	10.6824126352
3780.0	57.0	10.2166078166	10.825608515
3790.0	57.0	9.64161713706	10.9666564566
3800.0	57.0	9.03295204002	11.0893275937
3810.0	57.0	8.42428694298	11.2117600709
3820.0	57.0	7.81562184594	11.334431208
3830.0	57.0	7.20695674891	11.4568636852
4220.0	64.0	2.29406969492	11.3401590432
4220.0	65.0	6.87652652679	9.05594610013
4230.0	64.0	2.92546502379	11.1396848114
4230.0	65.0	6.74246025196	9.58768013389
4240.0	64.0	3.55686035267	10.9392105797
4240.0	65.0	6.60860444224	10.1191755079
4250.0	64.0	4.18025800738	10.7069945945
4250.0	65.0	6.41729165759	10.6833672744
4260.0	64.0	4.79860449946	10.4532992274
4260.0	65.0	6.22597887294	11.2473203811
4270.0	64.0	5.41674052643	10.1998425202
4270.0	65.0	6.04434748334	11.6854997734
4280.0	64.0	6.03129864654	9.9077229253
4280.0	65.0	5.86503120993	12.0921760721
4290.0	64.0	6.64017420869	9.55832497852
4290.0	65.0	5.67961144835	12.4776116486
4300.0	64.0	7.24904977083	9.20892703174
4300.0	65.0	5.44052308382	12.6728353648
4310.0	64.0	7.88591719256	8.92038733389
4310.0	65.0	5.20143471929	12.8680590809
4310.0	68.0	10.3127903717	9.61798992845
4320.0	64.0	8.54172647415	8.67241980199
4320.0	65.0	5.09725449002	12.689302891
4320.0	68.0	9.8918601524	9.48386312101
4330.0	64.0	9.19732529064	8.42469092988
4330.0	65.0	5.00822774865	12.4690198958
4330.0	68.0	9.40779040026	9.27193321887
4340.0	64.0	9.80893689921	8.42469092988
4340.0	65.0	4.93730100671	12.2107899925
4340.0	68.0	8.82901134879	8.94377599426
4350.0	64.0	10.4207589729	8.42469092988
4350.0	65.0	4.9086777518	11.863539984
4350.0	68.0	8.2607555528	8.69914969956
4360.0	64.0	11.0323705815	8.42469092988
4360.0	65.0	4.87458240404	11.5136647176
4360.0	68.0	7.69776138455	8.47838938482
4370.0	64.0	11.6949147466	8.4962888698
4370.0	65.0	4.79229054617	11.140162131
4370.0	68.0	7.14529047179	8.26956206007
4380.0	64.0	12.3700868182	8.58578629469
4380.0	65.0	4.7097882232	10.7666595445
4380.0	68.0	6.60860444224	8.06670123031
4390.0	64.0	13.0526251688	8.60010588267
4390.0	65.0	4.60581845905	10.5392167553
4390.0	68.0	6.08244166818	7.86789761715
4400.0	64.0	13.7458972399	8.50201670499
4400.0	65.0	4.49637660204	10.3482889156
4400.0	68.0	5.57837773062	7.67720843718
4410.0	64.0	14.439169311	8.40368886751
4410.0	65.0	4.38693474503	10.1573610758
4410.0	68.0	5.07999635103	7.48890585521
4420.0	64.0	15.1324413821	8.30536103003
4420.0	68.0	4.49174636963	7.4134893585
4430.0	68.0	3.89360452807	7.35072183117
4440.0	68.0	3.32366501121	7.29105688125
4450.0	68.0	2.75351502923	7.23139193132
4460.0	68.0	2.16484411761	7.11898316565
4470.0	68.0	1.56354529941	6.97125274963
4480.0	68.0	0.986449968815	6.69345274276
4490.0	68.0	0.433979056048	6.28558314505
4500.0	68.0	-0.118491856719	5.87795220714
4510.0	70.0	10.1980868869	13.3830869287
4520.0	70.0	10.227131072	13.0704425911
4530.0	70.0	10.2561752572	12.7575595937
4530.0	72.0	7.18191140086	7.59367750728
4540.0	70.0	10.2679613033	12.460428143
4540.0	72.0	6.9880730349	7.92660792788
4550.0	70.0	10.2626996756	12.1790482392
4550.0	72.0	6.79423466893	8.25953834848
4560.0	70.0	10.2572275827	11.8974296755
4560.0	72.0	6.60039630297	8.59246876908
4570.0	70.0	10.2517554899	11.6160497717
4570.0	72.0	6.31584747475	8.93780949927
4580.0	70.0	10.2725915357	11.3038827536
4580.0	72.0	5.94100911451	9.29579919884
4590.0	70.0	10.3108961857	10.9711909928
4590.0	72.0	5.56617075427	9.65378889841
4600.0	70.0	10.3492008356	10.638499232
4600.0	72.0	5.1580789067	9.98695797881
4610.0	70.0	10.3946612993	10.2967383988
4610.0	72.0	4.67232543369	10.2623713877
4610.0	74.0	0.448711613722	10.20008118
4620.0	70.0	10.4569589717	9.93445282287
4620.0	72.0	4.18657196067	10.5377847965
4620.0	74.0	1.17776275346	10.1234713842
4630.0	70.0	10.5192566442	9.57192858711
4630.0	72.0	3.67261616297	10.7680915033
4630.0	74.0	1.90702435832	10.0466229287
4640.0	70.0	10.5182043186	9.25427239369
4640.0	72.0	3.1464533889	10.979305426
4640.0	74.0	2.59335108081	10.0019935462
4650.0	70.0	10.474638041	8.96621001543
4650.0	72.0	2.62071154506	11.1816889362
4650.0	74.0	3.26136733876	9.97072911243
4660.0	70.0	10.4310717633	8.67814763718
4660.0	72.0	2.09875807319	11.305792032
4660.0	74.0	3.91864987612	9.92037189469
4670.0	70.0	10.457379902	8.33567082459
4670.0	72.0	1.57680460131	11.4298951279
4670.0	74.0	4.56014753026	9.84065952158
4680.0	70.0	10.5133636211	7.96956669183
4680.0	72.0	1.1259883365	11.5272683262
4680.0	74.0	5.21427309097	9.76214044748
4680.0	76.0	0.327694175687	7.05502233933
4690.0	70.0	10.5695578054	7.60370121887
4690.0	72.0	0.722526721344	11.6067420395
4690.0	74.0	5.89828469726	9.68529199197
4690.0	76.0	0.898896483211	7.37029193475
4700.0	70.0	10.6575322212	7.18867182717
4700.0	72.0	0.319275571302	11.6864544126
4700.0	74.0	6.58229630354	9.60868219626
4700.0	76.0	1.47030925584	7.68580018997
4710.0	70.0	10.7591868692	6.75240171329
4710.0	72.0	-0.0841860438502	11.7659281259
4710.0	74.0	7.25178581726	9.4950801316
4710.0	76.0	1.92933365994	8.11443319026
4720.0	70.0	10.860631052	6.31637025922
4720.0	74.0	7.9065427733	9.34496311758
4720.0	76.0	2.34016155393	8.59175278968
4730.0	70.0	10.9185089572	5.86840581515
4730.0	74.0	8.56129972935	9.19460744376
4730.0	76.0	2.6676452645	9.06310589412
4740.0	70.0	10.9652322115	5.4175774535
4740.0	74.0	9.22237063868	9.05141156393
4740.0	76.0	2.93956618614	9.53040178196
4750.0	70.0	10.8286403553	5.03691507295
4750.0	74.0	9.88491480378	8.9098863027
4750.0	76.0	3.24116268823	9.96667189583
4760.0	70.0	10.6922589643	4.65649135221
4760.0	74.0	10.5464066433	8.77599815506
4760.0	76.0	3.66209290748	10.2778842747
4770.0	70.0	10.5556671082	4.27582897167
4770.0	74.0	11.1996903436	8.71036671014
4770.0	76.0	4.08302312674	10.5893353133
4780.0	70.0	10.4384380421	3.87607380715
4780.0	74.0	11.8527635788	8.64449660542
4780.0	76.0	4.52752543826	10.7456574821
4790.0	70.0	10.3658275793	3.43168926008
4790.0	74.0	12.4953135585	8.58459299569
4790.0	76.0	4.97476379622	10.8847961453
4800.0	70.0	10.2932171165	2.98730471301
4800.0	74.0	13.0955600511	8.54927134534
4800.0	76.0	5.39316843415	10.9067528469
4810.0	70.0	10.2340764207	2.54745470214
4810.0	74.0	13.6958065438	8.51394969498
4810.0	76.0	5.78252888696	10.811288927
4820.0	70.0	10.1951403754	2.11428716566
4820.0	74.0	14.3177309427	8.47528680742
4820.0	76.0	6.00267539163	10.6606945934
4830.0	70.0	10.1562043301	1.68111962918
4830.0	74.0	14.9615437131	8.43304402287
4830.0	76.0	6.05339748305	10.454969846
4840.0	70.0	10.1149531686	1.23387116452
4840.0	76.0	6.10411957447	10.2492450987
4850.0	70.0	10.0728601467	0.780417545063
4850.0	76.0	6.02351143748	9.96643323603
4860.0	70.0	10.0307671248	0.326963925607
4860.0	76.0	5.85513934978	9.63230951643
4870.0	76.0	5.68676726208	9.29818579684
4890.0	81.0	6.31205910278	3.97917484062
4900.0	81.0	6.09191259811	4.54312794735
4910.0	79.0	0.0841860438502	8.32922701
4910.0	80.0	-0.0391465103903	8.82134351701
4910.0	81.0	5.87197655855	5.10731971387
4920.0	79.0	0.538369750422	8.32922701
4920.0	80.0	0.47207324089	8.86668887895
4920.0	81.0	5.77853004988	5.70850374935
4930.0	79.0	1.00013020094	8.3246924738
4930.0	80.0	0.983082527061	8.9122729007
4930.0	81.0	5.6848730761	6.30944912502
4940.0	79.0	1.53008134698	8.28054041086
4940.0	80.0	1.49598599922	8.94592393246
4940.0	81.0	5.53923122023	6.87889140714
4950.0	79.0	2.06024295812	8.23638834791
4950.0	80.0	2.0095208667	8.97456310842
4950.0	81.0	5.27215099612	7.37458781115
4960.0	79.0	2.58177549978	8.17815535678
4960.0	80.0	2.52263480397	8.97360846923
4960.0	81.0	5.005070772	7.87028421515
4960.0	83.0	15.153487893	8.93279764347
4970.0	79.0	3.09025920463	8.09844298368
4970.0	80.0	3.03364409014	8.85427856937
4970.0	81.0	4.66706380595	8.40321154791
4970.0	83.0	14.5220925642	9.01799919197
4980.0	79.0	3.5989533746	8.01896927037
4980.0	80.0	3.54486384142	8.73494866951
4980.0	81.0	4.2987498641	8.95212908725
4980.0	83.0	13.8906972353	9.10320074047
4990.0	79.0	4.15521265934	7.87410277195
4990.0	80.0	4.01988359385	8.59962856307
4990.0	81.0	3.93443475934	9.30248167323
4990.0	83.0	13.2593019064	9.18840228897
5000.0	79.0	4.71147194408	7.72923627352
5000.0	80.0	4.45723009165	8.43805587867
5000.0	81.0	3.57201384056	9.56763271071
5000.0	83.0	12.5978100669	9.29914043603
5010.0	79.0	5.27004634502	7.59105224949
5010.0	80.0	4.96003123854	8.26550484348
5010.0	81.0	3.10288711121	9.79364354104
5010.0	83.0	11.9363182273	9.4101172429
5020.0	79.0	5.83830214101	7.47959812302
5020.0	80.0	5.5188161046	8.12493422144
5020.0	81.0	2.57672433715	9.97836622602
5020.0	83.0	11.2824031317	9.54138013274
5030.0	79.0	6.406557937	7.36814399655
5030.0	80.0	6.16199747962	8.03233421916
5030.0	81.0	2.00552202962	10.126096642
5030.0	83.0	10.6581636165	9.75545797309
5040.0	79.0	6.97334047722	7.2490527565
5040.0	80.0	6.71909862479	7.98913679541
5040.0	81.0	1.44105460561	10.2210832423
5040.0	83.0	10.0341345665	9.96929715363
5050.0	79.0	7.53465092459	7.09869708268
5050.0	80.0	7.21895326016	7.97911308382
5050.0	81.0	0.886689506852	10.2368347891
5050.0	83.0	9.40084505164	10.1721579834
5060.0	79.0	8.09596137197	6.94858006866
5060.0	80.0	7.7316462672	7.94737133046
5060.0	81.0	0.332534873208	10.2528249957
5060.0	83.0	8.7460880956	10.349004895
5070.0	79.0	8.65137879627	6.84261511758
5070.0	80.0	8.29527183078	7.8280414306
5070.0	81.0	-0.221619760436	10.2688152023
5070.0	83.0	8.09112067444	10.5258518066
5080.0	79.0	9.20132412772	6.78104088926
5080.0	80.0	8.85910785947	7.70871153074
5080.0	83.0	7.46309278732	10.6490002632
5080.0	85.0	-0.155323250904	10.5248971674
5090.0	79.0	9.75126945917	6.71946666093
5090.0	80.0	9.41452528377	7.61873678625
5090.0	83.0	6.85274396941	10.7365884097
5090.0	85.0	0.432295335171	10.365711081
5100.0	79.0	10.3047926975	6.6593243914
5100.0	80.0	9.95773573171	7.57243678511
5100.0	83.0	6.24239515149	10.8239378964
5100.0	85.0	1.01991392125	10.2067636543
5110.0	79.0	10.8635775635	6.60180737967
5110.0	80.0	10.5009461797	7.52613678396
5110.0	83.0	5.60489633444	10.9525755284
5110.0	85.0	1.59637785651	10.0401791141
5120.0	79.0	11.4223624296	6.54429036794
5120.0	80.0	11.0460508136	7.48246204062
5120.0	83.0	4.94908705284	11.1086590375
5120.0	85.0	2.14674411818	9.85664972817
5130.0	79.0	11.9941961324	6.47126046923
5130.0	80.0	11.595996145	7.44379915306
5130.0	83.0	4.29348823636	11.2647425465
5130.0	85.0	2.69711037985	9.67312034219
5140.0	79.0	12.578868207	6.38271768354
5140.0	80.0	12.1459414765	7.40537492531
5140.0	83.0	3.64651848937	11.3795379101
5140.0	85.0	3.23884757203	9.44472291386
5150.0	79.0	13.1633298164	6.29441355764
5150.0	80.0	12.7040949472	7.35621100657
5150.0	83.0	2.99954874238	11.4945719336
5150.0	85.0	3.77658592712	9.19723270156
5160.0	79.0	13.7637867742	6.20276819455
5160.0	80.0	13.2948705099	7.26432698368
5160.0	83.0	2.35089527452	11.6055487405
5160.0	85.0	4.31453474732	8.94974248925
5170.0	79.0	14.3680321039	6.11040685206
5170.0	80.0	13.8858565378	7.17268162059
5170.0	83.0	1.69845343468	11.7069791553
5170.0	85.0	4.78113589536	8.68005691558
5180.0	79.0	14.9722774337	6.01804550957
5180.0	80.0	14.431592567	7.0786496595
5180.0	83.0	1.04601159484	11.8084095702
5180.0	85.0	5.24794750851	8.4101326821
5190.0	80.0	14.9472320856	6.98318573962
5190.0	83.0	0.393569755	11.9098399851
5190.0	85.0	5.619418427	8.02684504376
5200.0	83.0	-0.258872084839	12.0112704
5200.0	85.0	5.95005911422	7.59510946608
5210.0	85.0	6.03424515807	7.19726357996
5220.0	85.0	5.95405795131	6.82232903461
5230.0	85.0	5.87408120965	6.44715582946
5300.0	91.0	2.64912433486	8.87528063174
5310.0	91.0	3.18854641083	9.00940743918
5320.0	91.0	3.72775802169	9.14377290642
5330.0	91.0	4.26718009766	9.27789971386
5340.0	91.0	4.8213347313	9.39460435592
5350.0	91.0	5.3853812251	9.49961466779
5360.0	91.0	5.95910911394	9.59913580427
5370.0	91.0	6.62060095349	9.65044766121
5380.0	91.0	7.11372070534	9.63230951643
5390.0	91.0	7.57674394652	9.59173735048
5400.0	91.0	8.2081392754	9.5798043605
5410.0	91.0	8.83764041829	9.55498374133
5410.0	93.0	0.51121975128	13.6188828108
5420.0	91.0	9.45935435212	9.47908992502
5420.0	93.0	1.02222903745	13.4315348681
5430.0	91.0	10.0812787511	9.40319610871
5430.0	93.0	1.53344878873	13.2439482655
5440.0	91.0	10.6394322218	9.25785229068
5440.0	93.0	2.01436156423	13.1074348601
5450.0	91.0	11.1975856925	9.11274713246
5450.0	93.0	2.46538829415	13.0222333116
5460.0	91.0	11.7199600946	8.87933784834
5460.0	93.0	2.91641502408	12.9370317631
5470.0	91.0	12.2269705437	8.60798165606
5470.0	93.0	3.44952314676	12.8279642346
5480.0	91.0	12.5858135556	8.31729402001
5480.0	93.0	4.01777894275	12.7086343347
5480.0	94.0	0.357790686363	11.8852580257
5490.0	91.0	12.7962786652	8.00703628039
5490.0	93.0	4.58603473874	12.5893044349
5490.0	94.0	0.98918601524	11.8375260658
5500.0	91.0	12.8105902927	7.66742338539
5500.0	93.0	5.10819867572	12.3971832961
5500.0	94.0	1.62058134412	11.7897941058
5510.0	91.0	12.6289589031	7.29869399484
5510.0	93.0	5.6105788924	12.1740363834
5510.0	94.0	2.16337086184	11.7394368881
5520.0	91.0	12.356196121	6.97817388382
5520.0	93.0	6.11295910907	11.9506508109
5520.0	94.0	2.70489758891	11.6790559588
5530.0	91.0	11.8710740433	6.77077851787
5530.0	93.0	6.6296509532	11.7563817339
5530.0	94.0	3.23526966516	11.526313687
5540.0	91.0	11.3861624307	6.56314449212
5540.0	93.0	7.15581372727	11.5814441007
5540.0	94.0	3.76564174142	11.3735714151
5550.0	91.0	10.7930717518	6.46553263404
5550.0	93.0	7.68197650133	11.4062678077
5550.0	94.0	4.3511556764	11.2315688343
5560.0	91.0	10.1999810729	6.36792077595
5560.0	93.0	8.17993695071	11.178347699
5560.0	94.0	4.97329054045	11.0967260475
5570.0	91.0	9.55595783744	6.34071355879
5570.0	93.0	8.6587450751	10.9148672801
5570.0	94.0	5.59205796275	10.9831239828
5580.0	91.0	8.89930669541	6.3311671668
5580.0	93.0	9.13776366461	10.651625521
5580.0	94.0	6.20240678066	10.9194018163
5590.0	91.0	8.25465206462	6.26577438168
5590.0	93.0	9.64224853238	10.3766894317
5590.0	94.0	6.81275559858	10.8559183096
5600.0	91.0	7.63841022364	6.06959602631
5600.0	93.0	10.1574671207	10.0969801465
5600.0	94.0	7.42036837007	10.793389442
5610.0	91.0	7.02195791755	5.87365633075
5610.0	93.0	10.6726857091	9.81703220141
5610.0	94.0	8.02166718827	10.7337244921
5620.0	91.0	6.50821258495	5.6669769442
5620.0	93.0	11.1967438321	9.52252600857
5620.0	94.0	8.62296600647	10.6740595422
5630.0	91.0	6.09675329563	5.45003518626
5630.0	93.0	11.7229066061	9.22420125892
5630.0	94.0	9.2206869178	10.5461378895
5640.0	91.0	5.68550447142	5.23309342832
5640.0	93.0	12.2490693802	8.92587650928
5640.0	94.0	9.81440899206	10.350198194
5650.0	93.0	12.78617634	8.68793268897
5650.0	94.0	10.4083415314	10.1540198386
5660.0	93.0	13.3304391135	8.49056103461
5660.0	94.0	10.9694415137	9.87478787294
5660.0	95.0	0.0311488362246	12.3298812326
5670.0	93.0	13.874701887	8.29295072044
5670.0	94.0	11.5166507987	9.55975693732
5670.0	95.0	0.506589518869	12.1353734958
5670.0	96.0	0.228986039273	11.4671260566
5680.0	93.0	14.3996018704	8.19581618196
5680.0	94.0	12.0527054329	9.26525074448
5680.0	95.0	0.982240666622	11.9408657591
5680.0	96.0	0.742520906759	11.2857446088
5690.0	93.0	14.9162937145	8.14164040742
5690.0	94.0	12.5437205337	9.05308218253
5690.0	95.0	1.4585232097	11.7518471977
5690.0	96.0	1.25605577425	11.1043631611
5700.0	93.0	15.4327750935	8.08722597309
5700.0	94.0	13.0347356344	8.84091362059
5700.0	95.0	1.94175110141	11.6103219365
5700.0	96.0	1.73675808463	10.9265616103
5710.0	94.0	13.5697379431	8.71251464834
5710.0	95.0	2.42497899311	11.469035335
5710.0	96.0	2.20356969778	10.7499533585
5720.0	94.0	14.1485169946	8.66788526579
5720.0	95.0	2.93746153504	11.326078115
5720.0	96.0	2.69395340321	10.5933925299
5730.0	94.0	14.727296046	8.62301722345
5730.0	95.0	3.49372081978	11.1812116166
5730.0	96.0	3.22011617727	10.4659481968
5740.0	94.0	15.3060750975	8.5783878409
5740.0	95.0	4.04998010452	11.0363451181
5740.0	96.0	3.74627895133	10.3387425236
5750.0	95.0	4.59508473845	10.9146286203
5750.0	96.0	4.29580335257	10.2093889121
5760.0	95.0	5.13303355866	10.8086636692
5760.0	96.0	4.88047542711	10.0766940635
5770.0	95.0	5.67077191375	10.7024600583
5770.0	96.0	5.46514750165	9.94423787466
5780.0	95.0	6.17231026999	10.5552069619
5780.0	96.0	6.00877887981	9.80509921143
5790.0	95.0	6.66984978914	10.4034193293
5790.0	96.0	6.53494165387	9.6635739502
5800.0	95.0	7.13476721631	10.2027064377
5800.0	96.0	7.06110442794	9.52181002917
5810.0	95.0	7.58579394623	9.98099148382
5810.0	96.0	7.55022534271	9.35379353017
5820.0	95.0	8.03682067616	9.75951518968
5820.0	96.0	8.00230439818	9.1592857934
5830.0	95.0	8.55898461314	9.59412394848
5830.0	96.0	8.45438345366	8.96477805664
5840.0	95.0	9.08893575918	9.43493786207
5840.0	96.0	8.9691811118	8.7425857831
5850.0	95.0	9.61909737033	9.26525074448
5850.0	96.0	9.49955318806	8.51347237538
5860.0	95.0	10.1490485164	9.05308218253
5860.0	96.0	10.0385543338	8.29128010184
5870.0	95.0	10.6792101275	8.84091362059
5870.0	96.0	10.5973391999	8.08555535449
5880.0	95.0	11.2455717375	8.69151258596
5880.0	96.0	11.1561240659	7.87983060714
5890.0	95.0	11.8481333464	8.60487907867
5890.0	96.0	11.7370077685	7.67696977738
5900.0	95.0	12.4443810019	8.47528680742
5900.0	96.0	12.3507240282	7.47792750442
5910.0	95.0	13.0252647045	8.2461733997
5910.0	96.0	12.9646507529	7.27912389126
5920.0	95.0	13.6061484071	8.01705999197
5920.0	96.0	13.540693758	7.10943677366
5930.0	95.0	14.1432553668	7.80226617223
5930.0	96.0	14.116736763	6.93998831587
