790.0	1.0	9.57	3.79
800.0	1.0	10.67	3.99
810.0	1.0	11.73	4.32
820.0	1.0	12.81	4.61
850.0	4.0	-1.32	5.11
860.0	4.0	-0.33	5.06
870.0	4.0	0.76	5.0
880.0	4.0	1.76	4.89
890.0	4.0	2.81	4.83
900.0	4.0	3.8	4.77
910.0	4.0	4.97	4.69
920.0	4.0	5.97	4.7
930.0	4.0	6.97	4.67
930.0	7.0	12.09	5.87
940.0	4.0	8.12	4.95
940.0	7.0	10.75	6.0
950.0	4.0	9.11	5.01
950.0	7.0	9.48	6.07
950.0	8.0	-2.48	-0.22
960.0	4.0	10.12	5.13
960.0	7.0	8.15	5.86
960.0	8.0	-1.67	0.53
970.0	4.0	11.01	5.32
970.0	7.0	6.86	5.83
970.0	8.0	-0.93	0.96
980.0	4.0	11.93	5.47
980.0	7.0	5.62	5.66
980.0	8.0	-0.14	1.5
990.0	7.0	4.31	5.44
990.0	8.0	0.82	1.83
1000.0	7.0	3.06	5.26
1000.0	8.0	1.59	2.13
1010.0	7.0	1.84	5.07
1010.0	8.0	2.63	2.49
1020.0	7.0	0.7	4.91
1020.0	8.0	3.67	2.83
1030.0	8.0	4.46	2.72
1040.0	8.0	5.47	3.02
1050.0	8.0	6.5	3.24
1050.0	10.0	12.78	5.29
1060.0	8.0	7.35	3.65
1060.0	10.0	12.78	5.29
1070.0	8.0	8.29	3.92
1070.0	10.0	12.78	5.29
1080.0	8.0	9.23	4.15
1080.0	10.0	12.78	5.29
1090.0	8.0	10.08	4.34
1090.0	10.0	12.8	5.26
1090.0	15.0	12.61	6.38
1100.0	8.0	10.89	4.53
1100.0	10.0	12.91	5.25
1100.0	15.0	11.91	6.65
1100.0	16.0	12.1	5.49
1110.0	8.0	11.59	4.68
1110.0	15.0	11.25	6.81
1110.0	16.0	11.21	5.8
1110.0	18.0	12.81	6.25
1120.0	8.0	12.28	4.93
1120.0	15.0	10.43	6.82
1120.0	16.0	10.41	5.86
1120.0	18.0	12.08	6.36
1130.0	8.0	12.93	5.1
1130.0	15.0	9.6	6.69
1130.0	16.0	9.57	5.82
1130.0	18.0	11.2	6.55
1140.0	15.0	8.86	6.64
1140.0	16.0	8.85	5.63
1140.0	18.0	10.31	6.71
1150.0	15.0	8.09	6.55
1150.0	16.0	8.01	5.6
1150.0	18.0	9.53	6.83
1150.0	21.0	11.33	5.2
1160.0	15.0	7.32	6.51
1160.0	16.0	7.24	5.38
1160.0	18.0	8.56	6.74
1160.0	21.0	10.52	4.69
1170.0	15.0	6.55	6.4
1170.0	16.0	6.62	5.39
1170.0	18.0	7.82	6.82
1170.0	21.0	9.65	4.34
1180.0	15.0	5.77	6.26
1180.0	16.0	5.77	5.36
1180.0	18.0	6.88	6.9
1180.0	21.0	8.73	4.0
1190.0	15.0	5.0	6.07
1190.0	16.0	4.99	5.22
1190.0	18.0	5.81	6.96
1190.0	21.0	7.79	3.79
1200.0	15.0	4.16	6.01
1200.0	16.0	4.16	5.19
1200.0	18.0	4.87	6.92
1200.0	21.0	6.83	3.62
1210.0	15.0	3.39	5.83
1210.0	16.0	3.41	5.0
1210.0	18.0	4.06	6.82
1210.0	21.0	5.85	3.4
1220.0	15.0	2.37	5.98
1220.0	16.0	2.54	5.01
1220.0	18.0	3.01	6.78
1220.0	21.0	4.91	3.24
1230.0	15.0	1.53	5.83
1230.0	16.0	1.66	4.83
1230.0	18.0	2.19	6.64
1230.0	21.0	3.92	3.09
1240.0	15.0	0.68	5.71
1240.0	16.0	0.85	4.84
1240.0	18.0	1.26	6.73
1240.0	21.0	3.05	2.8
1540.0	34.0	12.56	5.64
1550.0	34.0	11.53	5.82
1560.0	34.0	10.55	5.83
1570.0	34.0	9.71	5.86
1580.0	34.0	8.85	6.02
1590.0	34.0	7.96	6.2
1600.0	34.0	7.14	6.22
1610.0	34.0	6.26	6.26
1620.0	34.0	5.2	6.39
1630.0	34.0	4.34	6.66
1640.0	34.0	3.47	6.93
1650.0	34.0	2.72	7.22
1660.0	34.0	1.65	7.59
1670.0	34.0	0.67	8.02
1680.0	34.0	0.01	8.48
1800.0	36.0	12.14	6.1
1810.0	36.0	10.99	6.46
1810.0	37.0	13.06	5.51
1820.0	36.0	9.86	6.71
1820.0	37.0	11.87	5.44
1830.0	36.0	8.79	6.97
1830.0	37.0	10.66	5.55
1840.0	36.0	7.73	7.23
1840.0	37.0	9.48	5.73
1850.0	36.0	6.65	7.42
1850.0	37.0	8.3	5.82
1860.0	36.0	5.55	7.68
1860.0	37.0	7.17	5.95
1870.0	36.0	4.46	7.96
1870.0	37.0	6.03	5.92
1880.0	36.0	3.4	8.25
1880.0	37.0	4.96	5.9
1890.0	36.0	2.9	8.43
1890.0	37.0	3.83	5.9
1900.0	36.0	1.65	8.92
1900.0	37.0	2.75	5.89
1910.0	36.0	0.55	9.49
1910.0	37.0	1.68	6.0
1920.0	36.0	-0.28	9.98
1920.0	37.0	0.54	6.14
1930.0	36.0	-1.31	10.3
1930.0	37.0	-0.55	6.21
1970.0	39.0	11.13	5.34
1980.0	39.0	9.81	5.26
1990.0	39.0	8.47	5.21
2000.0	39.0	7.17	5.13
2010.0	39.0	5.79	4.92
2020.0	39.0	4.52	4.83
2030.0	39.0	3.25	4.68
2040.0	39.0	1.99	4.55
2050.0	39.0	0.72	4.56
2060.0	39.0	-0.55	4.5
2180.0	45.0	12.38	5.2
2190.0	45.0	11.22	5.05
2200.0	45.0	10.23	4.79
2210.0	45.0	9.17	4.62
2220.0	45.0	8.08	4.51
2230.0	45.0	7.03	4.31
2240.0	45.0	5.93	4.19
2240.0	48.0	-4.44	4.62
2250.0	45.0	4.79	4.13
2250.0	48.0	-3.49	5.09
2260.0	45.0	3.76	3.96
2260.0	48.0	-2.54	5.45
2270.0	45.0	2.72	3.76
2270.0	48.0	-1.5	5.69
2280.0	45.0	1.72	3.61
2280.0	48.0	-0.43	5.77
2290.0	45.0	0.72	3.46
2290.0	48.0	0.55	5.66
2300.0	45.0	-0.3	3.4
2300.0	48.0	1.63	5.58
2310.0	48.0	2.65	5.56
2320.0	48.0	3.64	5.53
2330.0	48.0	4.76	5.48
2340.0	48.0	5.92	5.51
2350.0	48.0	6.98	5.57
2360.0	48.0	8.05	5.65
2370.0	48.0	9.1	5.7
2380.0	48.0	10.2	5.63
2390.0	48.0	11.29	5.57
2860.0	55.0	2.09	3.92
2860.0	56.0	12.32	3.35
2860.0	57.0	1.25	7.97
2870.0	55.0	3.11	4.09
2870.0	56.0	12.42	3.22
2870.0	57.0	2.22	7.53
2880.0	55.0	4.27	4.14
2880.0	56.0	12.49	3.21
2880.0	57.0	3.34	7.14
2890.0	55.0	5.39	4.29
2890.0	56.0	12.65	3.36
2890.0	57.0	4.38	6.75
2900.0	55.0	6.52	4.44
2900.0	56.0	12.79	3.45
2900.0	57.0	5.41	6.41
2910.0	55.0	7.44	4.48
2910.0	56.0	12.79	3.47
2910.0	57.0	6.48	6.11
2910.0	58.0	12.56	5.46
2920.0	55.0	8.88	4.54
2920.0	56.0	12.79	3.38
2920.0	57.0	7.72	6.04
2920.0	58.0	11.24	5.14
2930.0	55.0	9.98	4.68
2930.0	56.0	12.78	3.16
2930.0	57.0	9.05	6.21
2930.0	58.0	9.96	5.28
2940.0	55.0	11.25	4.85
2940.0	56.0	12.78	3.08
2940.0	57.0	10.46	6.39
2940.0	58.0	8.67	5.43
2950.0	55.0	12.49	5.52
2950.0	56.0	12.78	3.08
2950.0	57.0	11.69	6.38
2950.0	58.0	7.33	5.5
2960.0	56.0	12.78	3.08
2960.0	58.0	6.05	5.59
2970.0	56.0	12.78	3.08
2970.0	58.0	4.74	5.64
2980.0	56.0	12.78	3.08
2980.0	58.0	3.44	5.64
2990.0	56.0	12.78	3.15
2990.0	58.0	2.15	5.65
3000.0	56.0	12.82	3.24
3000.0	58.0	0.81	5.63
3010.0	56.0	12.82	3.24
3010.0	58.0	-0.46	5.54
3010.0	60.0	-1.16	1.71
3020.0	56.0	12.82	3.24
3020.0	60.0	-0.23	2.16
3030.0	56.0	12.82	3.2
3030.0	60.0	0.72	2.57
3040.0	56.0	12.82	3.11
3040.0	60.0	1.68	2.95
3050.0	56.0	12.82	3.01
3050.0	60.0	2.7	3.27
3060.0	56.0	12.82	3.01
3060.0	60.0	3.76	3.54
3070.0	56.0	12.59	3.01
3070.0	60.0	4.66	3.84
3080.0	56.0	12.59	3.01
3080.0	60.0	5.63	4.02
3090.0	56.0	12.59	3.01
3090.0	60.0	6.69	4.21
3100.0	56.0	12.59	3.01
3100.0	60.0	7.71	4.44
3100.0	61.0	12.65	5.17
3100.0	62.0	13.26	6.28
3110.0	56.0	12.59	3.01
3110.0	60.0	8.72	4.63
3110.0	61.0	11.91	4.78
3110.0	62.0	12.16	6.41
3120.0	56.0	12.59	3.01
3120.0	60.0	9.79	4.82
3120.0	61.0	11.19	4.22
3120.0	62.0	11.08	6.27
3130.0	56.0	12.54	3.01
3130.0	60.0	10.86	5.06
3130.0	61.0	10.19	3.71
3130.0	62.0	10.0	6.03
3140.0	56.0	12.52	3.01
3140.0	60.0	11.89	5.22
3140.0	61.0	9.11	3.67
3140.0	62.0	8.98	5.74
3150.0	56.0	12.52	3.01
3150.0	61.0	8.21	3.76
3150.0	62.0	7.95	5.34
3160.0	56.0	12.55	3.1
3160.0	61.0	7.24	3.75
3160.0	62.0	6.9	5.19
3170.0	56.0	12.6	3.23
3170.0	61.0	6.24	3.71
3170.0	62.0	5.87	4.97
3180.0	61.0	5.26	3.6
3180.0	62.0	4.87	4.73
3190.0	61.0	4.19	3.4
3190.0	62.0	3.84	4.43
3200.0	61.0	3.24	3.19
3200.0	62.0	2.84	4.11
3210.0	61.0	2.47	3.11
3210.0	62.0	1.88	3.84
3220.0	61.0	1.45	2.8
3220.0	62.0	0.85	3.54
3230.0	61.0	0.52	2.39
3230.0	62.0	-0.1	3.18
3240.0	61.0	-0.48	1.97
3240.0	62.0	-1.05	2.77
3250.0	61.0	-1.24	1.33
3250.0	62.0	-1.82	2.14
3650.0	64.0	6.93	4.35
3650.0	66.0	3.87	8.27
3660.0	64.0	5.96	4.02
3660.0	66.0	3.09	8.33
3670.0	64.0	4.97	3.71
3670.0	66.0	2.31	8.02
3680.0	64.0	3.85	3.46
3680.0	66.0	1.55	7.99
3690.0	64.0	2.74	3.33
3700.0	64.0	1.64	3.02
3710.0	64.0	0.72	2.76
3720.0	64.0	-0.16	2.53
3730.0	64.0	-1.03	2.18
4160.0	69.0	9.85	4.8
4170.0	69.0	8.92	4.5
4180.0	69.0	7.79	4.22
4190.0	69.0	6.65	3.94
4200.0	69.0	5.38	3.61
4200.0	73.0	-2.45	6.8
4210.0	69.0	4.37	3.45
4210.0	73.0	-1.64	6.72
4220.0	69.0	3.22	3.32
4220.0	73.0	-0.67	6.63
4220.0	74.0	12.45	4.92
4220.0	75.0	12.7	5.68
4230.0	69.0	2.07	3.13
4230.0	73.0	0.26	6.57
4230.0	74.0	11.75	4.81
4230.0	75.0	11.75	5.48
4240.0	69.0	0.96	2.92
4240.0	73.0	1.2	6.6
4240.0	74.0	10.94	4.57
4240.0	75.0	10.78	5.42
4250.0	69.0	-0.28	2.76
4250.0	73.0	2.09	6.64
4250.0	74.0	10.01	4.39
4250.0	75.0	9.84	5.12
4260.0	69.0	-1.19	2.66
4260.0	73.0	2.97	6.55
4260.0	74.0	9.07	4.16
4260.0	75.0	8.98	4.85
4270.0	73.0	3.97	6.61
4270.0	74.0	8.22	3.88
4270.0	75.0	8.17	4.5
4280.0	73.0	4.93	6.79
4280.0	74.0	7.35	3.54
4280.0	75.0	7.3	4.22
4290.0	73.0	5.77	6.75
4290.0	74.0	6.4	3.13
4290.0	75.0	6.49	3.99
4300.0	73.0	6.88	6.75
4300.0	74.0	5.56	2.96
4300.0	75.0	5.58	3.83
4310.0	73.0	7.82	6.8
4310.0	74.0	4.51	2.67
4310.0	75.0	4.59	3.59
4320.0	73.0	8.83	6.68
4320.0	74.0	3.64	2.42
4320.0	75.0	3.7	3.34
4330.0	73.0	9.78	6.63
4330.0	74.0	2.66	2.27
4330.0	75.0	2.72	3.13
4340.0	73.0	10.78	6.59
4340.0	74.0	1.7	2.07
4340.0	75.0	1.79	2.89
4350.0	73.0	11.78	6.38
4350.0	74.0	0.86	1.71
4350.0	75.0	0.85	2.58
4360.0	73.0	12.66	6.2
4360.0	74.0	-0.12	1.35
4360.0	75.0	0.0	2.19
4370.0	74.0	-0.96	0.92
4370.0	75.0	-0.84	1.71
4630.0	85.0	-0.45	9.88
4640.0	85.0	0.46	9.56
4650.0	85.0	1.17	9.24
4660.0	85.0	1.89	8.89
4670.0	85.0	2.74	8.49
4680.0	85.0	3.56	8.13
4690.0	85.0	4.32	7.75
4700.0	85.0	5.2	7.41
4710.0	85.0	6.03	7.26
4720.0	85.0	7.0	7.06
4730.0	85.0	7.64	7.06
4730.0	88.0	-1.99	5.65
4730.0	89.0	-1.74	6.64
4740.0	85.0	8.55	6.86
4740.0	88.0	-0.85	5.73
4740.0	89.0	-0.68	6.48
4750.0	85.0	9.19	6.65
4750.0	88.0	0.23	5.65
4750.0	89.0	0.41	6.5
4760.0	85.0	10.1	6.51
4760.0	88.0	1.32	5.68
4760.0	89.0	1.49	6.57
4770.0	85.0	11.13	6.29
4770.0	88.0	2.38	5.68
4770.0	89.0	2.48	6.54
4780.0	85.0	11.99	6.24
4780.0	88.0	3.48	5.82
4780.0	89.0	3.53	6.52
4790.0	88.0	4.57	5.82
4790.0	89.0	4.61	6.51
4800.0	88.0	5.62	5.66
4800.0	89.0	5.69	6.5
4810.0	88.0	6.66	5.72
4810.0	89.0	6.8	6.47
4820.0	88.0	7.64	5.54
4820.0	89.0	7.86	6.39
4830.0	88.0	8.65	5.47
4830.0	89.0	9.06	6.25
4840.0	88.0	9.63	5.26
4840.0	89.0	10.03	6.13
4850.0	88.0	10.54	5.09
4850.0	89.0	10.97	6.0
4860.0	88.0	11.44	4.99
4860.0	89.0	11.97	5.85
4870.0	88.0	12.14	4.83
4870.0	89.0	13.03	5.61
4900.0	97.0	12.76	6.78
4910.0	97.0	12.0	6.96
4920.0	97.0	11.21	7.13
4930.0	97.0	10.34	7.26
4940.0	97.0	9.47	7.22
4940.0	99.0	12.92	6.28
4950.0	97.0	8.59	7.12
4950.0	99.0	12.12	6.43
4960.0	97.0	7.74	6.94
4960.0	99.0	11.39	6.5
4960.0	100.0	12.77	6.74
4970.0	97.0	6.92	6.82
4970.0	99.0	10.6	6.58
4970.0	100.0	12.13	6.85
4980.0	97.0	6.12	6.62
4980.0	99.0	9.86	6.49
4980.0	100.0	11.45	7.19
4990.0	97.0	5.3	6.53
4990.0	99.0	9.06	6.47
4990.0	100.0	10.55	7.25
5110.0	108.0	3.55	8.86
5120.0	108.0	2.91	8.86
5130.0	108.0	1.49	9.17
5140.0	108.0	0.62	9.39
5150.0	108.0	-0.12	9.74
5150.0	111.0	-2.12	-0.54
5160.0	108.0	-0.94	10.2
5160.0	111.0	-1.59	0.07
5170.0	108.0	-1.64	10.84
5170.0	111.0	-0.75	0.49
5180.0	111.0	0.16	1.04
5190.0	111.0	0.89	1.25
5200.0	111.0	1.76	1.49
5210.0	111.0	2.61	1.91
5220.0	111.0	3.48	2.22
5230.0	111.0	4.4	2.41
5240.0	111.0	5.35	2.49
5250.0	111.0	6.29	2.54
5260.0	111.0	7.07	2.5
5270.0	111.0	8.07	2.63
5280.0	111.0	8.86	2.95
5290.0	111.0	9.87	3.25
5300.0	111.0	10.62	3.75
5310.0	111.0	11.61	4.17
5440.0	116.0	-0.55	1.19
5450.0	116.0	0.59	1.83
5460.0	116.0	1.71	2.36
5470.0	116.0	2.95	2.92
5480.0	116.0	4.11	3.44
5490.0	116.0	5.35	3.85
5490.0	118.0	-2.63	-0.35
5500.0	116.0	6.63	4.07
5500.0	118.0	-1.87	0.36
5510.0	116.0	7.79	4.31
5510.0	118.0	-1.0	1.07
5520.0	116.0	8.96	4.5
5520.0	118.0	-0.2	1.73
5530.0	116.0	10.18	4.59
5530.0	118.0	0.59	2.43
5540.0	116.0	11.38	4.8
5540.0	118.0	1.49	2.91
5550.0	116.0	12.59	4.98
5550.0	118.0	2.49	3.26
5550.0	119.0	12.96	6.37
5560.0	118.0	3.52	3.43
5560.0	119.0	11.82	6.79
5570.0	118.0	4.5	3.63
5570.0	119.0	11.13	7.19
5580.0	118.0	5.52	3.93
5580.0	119.0	10.54	7.55
5590.0	118.0	6.54	4.19
5590.0	119.0	9.73	7.84
5600.0	118.0	7.59	4.42
5600.0	119.0	8.8	8.01
5610.0	118.0	8.66	4.68
5610.0	119.0	7.78	8.0
5620.0	118.0	9.69	4.92
5620.0	119.0	6.78	8.05
5630.0	118.0	10.71	5.27
5630.0	119.0	5.76	8.12
6420.0	126.0	-5.19	6.38
6430.0	126.0	-4.3	6.5
6440.0	126.0	-3.36	6.56
6450.0	126.0	-2.42	6.51
6460.0	126.0	-1.39	6.39
6470.0	126.0	-0.56	6.38
6480.0	126.0	0.26	6.18
6490.0	126.0	1.27	6.02
6500.0	126.0	2.25	5.84
6510.0	126.0	3.14	5.65
6520.0	126.0	4.08	5.47
6530.0	126.0	5.0	5.31
6540.0	126.0	5.9	5.29
6550.0	126.0	6.75	5.23
6560.0	126.0	7.65	5.14
6570.0	126.0	8.49	5.03
6580.0	126.0	9.31	4.97
6590.0	126.0	10.08	5.01
6590.0	129.0	13.16	4.09
6600.0	126.0	10.86	4.96
6600.0	129.0	13.2	3.55
6610.0	126.0	11.57	4.74
6610.0	129.0	13.2	3.55
6820.0	133.0	12.27	5.34
6830.0	133.0	11.11	5.13
6830.0	135.0	-3.17	-1.27
6840.0	133.0	9.87	5.07
6840.0	135.0	-2.52	-0.43
6840.0	136.0	12.44	5.99
6850.0	133.0	8.46	5.02
6850.0	135.0	-1.81	0.36
6850.0	136.0	11.54	6.36
6860.0	133.0	7.2	4.93
6860.0	135.0	-0.95	1.04
6860.0	136.0	10.48	6.6
6870.0	133.0	5.98	4.77
6870.0	135.0	-0.02	1.46
6870.0	136.0	9.41	6.77
6880.0	133.0	4.53	4.71
6880.0	135.0	0.79	1.81
6880.0	136.0	8.39	6.83
6890.0	133.0	3.45	4.56
6890.0	135.0	1.66	2.2
6890.0	136.0	7.29	6.94
6890.0	139.0	12.58	4.94
6900.0	133.0	2.39	4.3
6900.0	135.0	2.71	2.55
6900.0	136.0	6.17	7.13
6900.0	139.0	11.48	4.82
6910.0	133.0	1.21	4.06
6910.0	135.0	3.57	2.7
6910.0	136.0	5.1	7.48
6910.0	139.0	10.31	4.8
6920.0	133.0	0.25	3.84
6920.0	135.0	4.45	2.93
6920.0	136.0	3.98	7.81
6920.0	139.0	9.18	4.78
6920.0	140.0	-3.83	-2.44
6930.0	133.0	-0.91	3.49
6930.0	135.0	5.24	2.99
6930.0	136.0	2.92	8.24
6930.0	139.0	8.04	4.87
6930.0	140.0	-3.44	-1.6
6940.0	133.0	-2.08	3.07
6940.0	135.0	6.3	3.16
6940.0	136.0	1.86	8.69
6940.0	139.0	7.0	4.83
6940.0	140.0	-2.84	-0.75
6950.0	133.0	-3.14	2.56
6950.0	135.0	7.17	3.48
6950.0	136.0	1.03	9.06
6950.0	139.0	5.86	4.89
6950.0	140.0	-2.07	0.08
6960.0	135.0	8.06	3.98
6960.0	136.0	-0.09	9.54
6960.0	139.0	4.78	5.0
6960.0	140.0	-1.04	0.7
6970.0	135.0	8.89	4.5
6970.0	136.0	-0.92	9.99
6970.0	139.0	3.73	5.07
6970.0	140.0	-0.23	1.27
6980.0	135.0	9.86	4.68
6980.0	136.0	-1.77	10.62
6980.0	139.0	2.7	5.2
6980.0	140.0	0.86	1.65
6990.0	135.0	10.91	4.82
6990.0	136.0	-2.75	11.29
6990.0	139.0	1.69	5.24
6990.0	140.0	1.84	2.07
7000.0	135.0	12.04	5.07
7000.0	136.0	-3.33	12.05
7000.0	139.0	0.68	5.32
7000.0	140.0	2.81	2.37
7010.0	139.0	-0.37	5.56
7010.0	140.0	3.83	2.78
7020.0	139.0	-1.26	5.82
7020.0	140.0	4.89	3.08
7030.0	139.0	-2.59	5.72
7030.0	140.0	5.94	3.42
7040.0	139.0	-3.64	5.62
7040.0	140.0	7.16	3.69
7050.0	140.0	8.2	3.96
7060.0	140.0	9.29	4.21
7070.0	140.0	10.43	4.5
7080.0	140.0	11.52	4.58
7090.0	140.0	12.51	4.87
7310.0	147.0	-3.31	7.24
7320.0	147.0	-2.3	7.09
7330.0	147.0	-1.15	6.87
7340.0	147.0	-0.08	6.85
7350.0	147.0	1.02	6.79
7360.0	147.0	2.13	6.69
7370.0	147.0	3.2	6.54
7370.0	148.0	-2.36	1.16
7380.0	147.0	4.16	6.39
7380.0	148.0	-1.59	1.99
7390.0	147.0	5.26	6.15
7390.0	148.0	-0.77	2.58
7400.0	147.0	6.47	5.95
7400.0	148.0	0.3	3.11
7400.0	151.0	12.46	5.79
7410.0	147.0	7.64	5.74
7410.0	148.0	1.37	3.47
7410.0	151.0	11.28	6.05
7420.0	147.0	8.65	5.49
7420.0	148.0	2.51	3.79
7420.0	151.0	10.27	6.03
7430.0	147.0	9.84	5.42
7430.0	148.0	3.38	3.94
7430.0	151.0	9.24	6.07
7440.0	147.0	10.97	5.54
7440.0	148.0	4.48	4.1
7440.0	151.0	8.24	6.23
7450.0	147.0	12.05	5.49
7450.0	148.0	5.63	4.18
7450.0	151.0	7.25	6.28
7460.0	148.0	6.75	4.19
7460.0	151.0	6.2	6.48
7460.0	154.0	-2.94	4.95
7470.0	148.0	7.84	4.28
7470.0	151.0	5.13	6.76
7470.0	154.0	-1.84	5.0
7480.0	148.0	8.97	4.45
7480.0	151.0	4.11	7.07
7480.0	154.0	-0.78	4.85
7490.0	148.0	10.12	4.59
7490.0	151.0	3.09	7.31
7490.0	154.0	0.39	4.85
7500.0	148.0	11.23	4.7
7500.0	151.0	2.03	7.35
7500.0	154.0	1.62	4.96
7510.0	148.0	12.25	4.76
7510.0	151.0	0.96	7.34
7510.0	154.0	2.79	5.18
7520.0	154.0	3.99	5.28
7530.0	154.0	5.26	5.32
7540.0	154.0	6.45	5.31
7550.0	154.0	7.63	5.33
7560.0	154.0	8.83	5.39
7570.0	154.0	10.02	5.41
7580.0	154.0	11.17	5.36
7590.0	154.0	12.27	5.36
7600.0	154.0	13.09	5.78
7770.0	160.0	11.65	5.63
7780.0	160.0	10.51	5.29
7780.0	162.0	12.88	5.97
7790.0	160.0	9.64	5.15
7790.0	162.0	11.72	6.08
7800.0	160.0	8.54	4.92
7800.0	162.0	10.57	6.15
7810.0	160.0	7.51	4.68
7810.0	162.0	9.34	6.25
7820.0	160.0	6.63	4.4
7820.0	162.0	8.11	6.34
7820.0	164.0	-2.88	4.74
7830.0	160.0	5.51	4.05
7830.0	162.0	6.9	6.33
7830.0	164.0	-1.56	4.4
7840.0	160.0	4.49	3.78
7840.0	162.0	5.69	6.29
7840.0	164.0	-0.42	4.17
7850.0	160.0	3.46	3.67
7850.0	162.0	4.46	6.32
7850.0	164.0	0.92	4.17
7860.0	160.0	2.49	3.36
7860.0	162.0	3.27	6.41
7860.0	164.0	2.29	4.31
7870.0	160.0	1.48	3.15
7870.0	162.0	2.1	6.5
7870.0	164.0	3.56	4.61
7880.0	160.0	0.57	2.94
7880.0	162.0	0.96	6.66
7880.0	164.0	4.76	4.89
7890.0	160.0	-0.52	2.66
7890.0	162.0	-0.25	6.82
7890.0	164.0	5.97	5.1
7900.0	160.0	-1.6	2.59
7900.0	162.0	-1.44	6.92
7900.0	164.0	7.07	5.1
7910.0	160.0	-2.74	2.61
7910.0	162.0	-2.49	6.89
7910.0	164.0	8.33	5.2
7920.0	160.0	-3.88	2.77
7920.0	162.0	-3.69	6.98
7920.0	164.0	9.57	5.25
7930.0	160.0	-4.63	3.06
7930.0	162.0	-4.76	6.88
7930.0	164.0	10.83	5.26
7940.0	164.0	12.13	5.28
7950.0	164.0	13.26	5.64
8120.0	171.0	-0.68	8.4
8130.0	171.0	-0.71	8.35
8140.0	171.0	-0.91	8.42
8150.0	171.0	-1.08	8.47
8150.0	172.0	-1.9	0.09
8160.0	171.0	-1.24	8.36
8160.0	172.0	-1.01	0.97
8170.0	171.0	-1.53	8.27
8170.0	172.0	-0.15	1.51
8180.0	171.0	-1.87	8.41
8180.0	172.0	0.84	1.98
8190.0	171.0	-1.91	8.44
8190.0	172.0	1.8	2.43
8200.0	171.0	-2.31	8.41
8200.0	172.0	2.82	2.87
8210.0	171.0	-2.66	8.63
8210.0	172.0	3.96	3.2
8220.0	171.0	-2.66	8.63
8220.0	172.0	4.96	3.54
8230.0	171.0	-2.66	8.63
8230.0	172.0	6.06	3.88
8240.0	171.0	-2.66	8.63
8240.0	172.0	7.14	4.17
8250.0	171.0	-2.69	8.56
8250.0	172.0	8.22	4.38
8260.0	171.0	-2.69	8.52
8260.0	172.0	9.31	4.57
8270.0	171.0	-2.39	8.73
8270.0	172.0	10.36	4.77
8280.0	171.0	-2.1	8.77
8280.0	172.0	11.45	4.96
8290.0	171.0	-1.72	8.74
8290.0	172.0	12.54	5.23
8300.0	171.0	-1.55	8.62
8300.0	172.0	13.91	5.62
8310.0	171.0	-1.52	8.59
8320.0	171.0	-1.52	8.59
8330.0	171.0	-1.52	8.59
8340.0	171.0	-1.52	8.59
8350.0	171.0	-1.52	8.59
8360.0	171.0	-1.52	8.59
8370.0	171.0	-1.97	8.35
8370.0	179.0	-1.54	4.23
8380.0	171.0	-2.04	8.35
8380.0	179.0	-0.56	4.22
8390.0	171.0	-2.41	8.33
8390.0	179.0	0.45	4.27
8400.0	171.0	-2.62	8.16
8400.0	179.0	1.42	4.34
8410.0	171.0	-2.83	7.99
8410.0	179.0	2.42	4.42
8420.0	171.0	-2.83	7.99
8420.0	179.0	3.43	4.46
8430.0	171.0	-2.83	7.99
8430.0	179.0	4.53	4.53
8440.0	171.0	-2.83	7.99
8440.0	179.0	5.58	4.65
8450.0	171.0	-2.83	7.99
8450.0	179.0	6.7	4.83
8460.0	171.0	-2.91	8.04
8460.0	179.0	7.7	4.91
8470.0	171.0	-2.92	8.02
8470.0	179.0	8.68	4.94
8480.0	171.0	-3.01	8.06
8480.0	179.0	9.8	4.83
8480.0	189.0	11.99	7.34
8490.0	171.0	-3.05	8.05
8490.0	179.0	10.94	4.8
8490.0	189.0	10.63	7.83
8500.0	171.0	-3.05	8.05
8500.0	179.0	11.91	4.88
8500.0	189.0	9.12	7.55
8510.0	171.0	-3.05	8.05
8510.0	179.0	12.7	5.01
8510.0	189.0	7.59	6.74
8510.0	191.0	1.19	1.87
8520.0	171.0	-3.05	8.05
8520.0	179.0	13.55	5.28
8520.0	189.0	5.78	5.51
8520.0	191.0	2.39	2.3
8530.0	171.0	-3.05	8.05
8530.0	189.0	3.79	4.2
8530.0	191.0	3.36	2.52
8540.0	171.0	-3.05	8.05
8540.0	189.0	1.63	3.01
8540.0	191.0	4.69	2.92
8550.0	171.0	-2.6	8.07
8550.0	189.0	-0.52	1.78
8550.0	191.0	5.89	3.18
8560.0	171.0	-2.51	7.78
8560.0	189.0	-2.55	0.26
8560.0	191.0	7.1	3.34
8570.0	171.0	-2.38	7.73
8570.0	189.0	-4.58	-1.35
8570.0	191.0	8.26	3.53
8580.0	171.0	-1.91	7.79
8580.0	191.0	9.45	4.04
8590.0	171.0	-1.54	7.72
8590.0	191.0	10.66	4.32
8600.0	171.0	-1.04	7.8
8600.0	191.0	11.74	4.72
8610.0	171.0	-0.62	7.82
8610.0	191.0	12.86	5.08
8620.0	171.0	-0.16	7.77
8620.0	191.0	13.31	5.34
8630.0	171.0	0.28	7.86
8640.0	171.0	0.67	7.8
8650.0	171.0	1.02	7.75
8660.0	171.0	1.44	7.87
8670.0	171.0	1.86	7.85
8680.0	171.0	2.22	7.89
8690.0	171.0	2.6	8.01
8700.0	171.0	3.04	7.99
8710.0	171.0	3.5	8.06
8710.0	193.0	9.74	7.75
8720.0	171.0	3.94	8.17
8720.0	193.0	8.73	7.9
8730.0	171.0	4.33	8.23
8730.0	193.0	7.75	7.99
8740.0	171.0	4.73	8.38
8740.0	193.0	6.75	7.95
8750.0	171.0	5.04	8.46
8750.0	193.0	5.75	7.85
8760.0	171.0	5.33	8.54
8760.0	193.0	4.79	7.82
8770.0	171.0	5.87	8.6
8770.0	193.0	3.77	7.91
8780.0	171.0	6.27	8.5
8780.0	193.0	2.79	8.16
8790.0	171.0	6.7	8.4
8790.0	193.0	1.8	8.45
8800.0	171.0	6.96	8.4
8800.0	193.0	1.34	9.1
8810.0	171.0	6.96	8.4
8810.0	193.0	0.53	9.5
8820.0	171.0	7.2	7.95
8830.0	171.0	7.23	7.85
8840.0	171.0	7.23	7.85
8850.0	171.0	7.23	7.85
8860.0	171.0	7.23	7.85
8870.0	171.0	7.2	7.88
8880.0	171.0	7.07	7.94
8890.0	171.0	6.81	7.86
8900.0	171.0	6.51	7.74
8910.0	171.0	6.16	7.76
8920.0	171.0	5.78	7.73
8930.0	171.0	5.4	7.69
8940.0	171.0	4.99	7.72
8950.0	171.0	4.59	7.71
8960.0	171.0	4.13	7.78
8970.0	171.0	3.73	7.92
8980.0	171.0	3.3	7.97
8990.0	171.0	2.87	8.04
9000.0	171.0	2.42	8.16
9010.0	171.0	1.97	8.24
9020.0	171.0	1.52	8.35
9030.0	171.0	1.15	8.41
9040.0	171.0	0.74	8.37
9050.0	171.0	0.31	8.36
9050.0	207.0	-2.81	5.16
9060.0	171.0	-0.14	8.31
9060.0	207.0	-1.77	5.1
9070.0	171.0	-0.58	8.25
9070.0	207.0	-0.85	5.1
9080.0	171.0	-1.01	8.35
9080.0	207.0	0.24	5.1
9080.0	208.0	-3.33	4.78
9090.0	171.0	-1.36	8.51
9090.0	207.0	1.45	5.11
9090.0	208.0	-2.39	4.89
9100.0	171.0	-1.5	8.5
9100.0	207.0	2.53	5.13
9100.0	208.0	-1.01	4.91
9110.0	171.0	-2.08	8.54
9110.0	207.0	3.62	5.2
9110.0	208.0	0.17	4.87
9110.0	211.0	-3.28	4.75
9120.0	171.0	-2.41	8.59
9120.0	207.0	4.74	5.32
9120.0	208.0	1.36	4.91
9120.0	211.0	-2.24	4.74
9130.0	171.0	-2.81	8.43
9130.0	207.0	5.88	5.36
9130.0	208.0	2.57	4.97
9130.0	211.0	-1.4	4.87
9140.0	171.0	-2.89	8.55
9140.0	207.0	7.21	5.41
9140.0	208.0	3.66	4.93
9140.0	211.0	-0.08	4.83
9150.0	171.0	-2.93	8.65
9150.0	207.0	8.34	5.45
9150.0	208.0	4.88	4.93
9150.0	211.0	1.03	4.88
9160.0	171.0	-2.98	8.75
9160.0	207.0	9.48	5.36
9160.0	208.0	5.99	5.07
9160.0	211.0	2.07	4.95
9170.0	171.0	-2.98	8.75
9170.0	207.0	10.65	5.35
9170.0	208.0	7.06	5.27
9170.0	211.0	3.1	5.03
9180.0	171.0	-2.96	8.42
9180.0	207.0	11.71	5.24
9180.0	208.0	8.25	5.37
9180.0	211.0	4.17	5.04
9190.0	171.0	-2.96	8.42
9190.0	207.0	12.68	5.03
9190.0	208.0	9.36	5.28
9190.0	211.0	5.19	5.17
9200.0	171.0	-3.31	8.09
9200.0	207.0	13.6	4.99
9200.0	208.0	10.52	5.17
9200.0	211.0	6.25	5.27
9210.0	171.0	-3.38	8.03
9210.0	208.0	11.64	5.01
9210.0	211.0	7.25	5.3
9220.0	171.0	-3.38	8.03
9220.0	208.0	12.82	5.0
9220.0	211.0	8.31	5.33
9230.0	171.0	-3.87	7.94
9230.0	208.0	14.42	5.44
9230.0	211.0	9.3	5.26
9240.0	171.0	-3.96	7.92
9240.0	211.0	10.37	5.22
9250.0	171.0	-3.96	7.92
9250.0	211.0	11.41	5.16
9260.0	211.0	12.51	5.09
9270.0	211.0	13.68	5.26
9300.0	218.0	-6.57	4.94
9310.0	218.0	-5.53	4.76
9320.0	218.0	-4.22	4.65
9330.0	218.0	-3.01	4.55
9340.0	218.0	-1.71	4.33
9350.0	218.0	-0.46	4.34
9360.0	218.0	0.76	4.38
9370.0	218.0	1.95	4.43
9380.0	218.0	3.22	4.43
9390.0	218.0	4.43	4.4
9400.0	218.0	5.62	4.42
9410.0	218.0	7.03	4.45
9420.0	218.0	8.27	4.58
9430.0	218.0	9.46	4.73
9440.0	218.0	10.67	4.86
9450.0	218.0	11.78	5.03
9460.0	218.0	12.67	5.2
9630.0	227.0	1.07	6.45
9640.0	227.0	2.45	6.36
9650.0	227.0	3.72	6.29
9660.0	227.0	5.03	6.19
9670.0	227.0	6.3	6.11
9680.0	227.0	7.55	5.84
9680.0	229.0	1.76	2.48
9680.0	231.0	-3.38	4.31
9690.0	227.0	8.76	5.61
9690.0	229.0	2.77	2.84
9690.0	231.0	-2.48	4.25
9700.0	227.0	10.03	5.57
9700.0	229.0	3.9	3.26
9700.0	231.0	-1.51	4.28
9710.0	227.0	11.43	5.48
9710.0	229.0	5.05	3.61
9710.0	231.0	-0.43	4.34
9720.0	227.0	12.6	5.57
9720.0	229.0	6.15	3.86
9720.0	231.0	0.48	4.39
9730.0	227.0	13.48	5.38
9730.0	229.0	7.28	4.05
9730.0	231.0	1.36	4.49
9740.0	229.0	8.49	4.23
9740.0	231.0	2.24	4.5
9750.0	229.0	9.65	4.44
9750.0	231.0	3.05	4.41
9760.0	229.0	10.82	4.65
9760.0	231.0	3.89	4.27
9770.0	229.0	12.01	4.91
9770.0	231.0	4.7	4.11
9780.0	229.0	13.1	5.24
9780.0	231.0	5.54	4.15
9780.0	233.0	0.08	9.05
9790.0	231.0	6.36	4.2
9790.0	233.0	1.16	8.69
9800.0	231.0	7.17	4.25
9800.0	233.0	2.31	8.46
9810.0	231.0	8.09	4.24
9810.0	233.0	3.43	8.17
9820.0	231.0	8.97	4.1
9820.0	233.0	4.64	7.9
9830.0	231.0	9.76	4.21
9830.0	233.0	5.83	7.6
9840.0	231.0	10.5	4.2
9840.0	233.0	6.94	7.29
9850.0	231.0	11.12	4.05
9850.0	233.0	8.12	6.99
9860.0	231.0	11.67	4.0
9860.0	233.0	9.24	6.75
9870.0	231.0	12.02	3.8
9870.0	233.0	10.39	6.65
9870.0	236.0	12.83	5.79
9880.0	231.0	12.2	3.83
9880.0	233.0	11.72	6.46
9880.0	236.0	11.73	5.73
9890.0	231.0	12.29	3.76
9890.0	233.0	12.99	6.22
9890.0	236.0	10.73	5.85
9900.0	231.0	12.26	3.82
9900.0	236.0	9.8	6.02
9910.0	231.0	12.25	3.84
9910.0	236.0	8.87	6.15
9920.0	231.0	12.25	3.84
9920.0	236.0	8.01	6.23
9920.0	237.0	-1.38	7.43
9920.0	239.0	-1.57	5.57
9920.0	240.0	-1.36	4.73
9930.0	231.0	12.25	3.84
9930.0	236.0	7.09	6.33
9930.0	237.0	-0.43	7.28
9930.0	239.0	-0.74	5.53
9930.0	240.0	-0.48	4.76
9940.0	231.0	12.25	3.84
9940.0	236.0	6.25	6.31
9940.0	237.0	0.45	7.18
9940.0	239.0	0.07	5.49
9940.0	240.0	0.49	4.84
9950.0	231.0	12.25	3.84
9950.0	236.0	5.46	6.21
9950.0	237.0	1.3	7.13
9950.0	239.0	1.01	5.49
9950.0	240.0	1.47	4.88
9960.0	231.0	12.25	3.93
9960.0	236.0	4.72	6.05
9960.0	237.0	2.15	7.13
9960.0	239.0	1.95	5.41
9960.0	240.0	2.4	4.83
9970.0	231.0	12.58	4.26
9970.0	236.0	3.98	6.02
9970.0	237.0	3.08	7.22
9970.0	239.0	2.87	5.33
9970.0	240.0	3.31	4.79
9980.0	231.0	13.53	5.0
9980.0	236.0	3.09	5.81
9980.0	237.0	3.88	7.28
9980.0	239.0	3.75	5.37
9980.0	240.0	4.22	4.83
9990.0	236.0	2.28	5.53
9990.0	237.0	4.79	7.18
9990.0	239.0	4.62	5.47
9990.0	240.0	5.11	4.88
10000.0	236.0	1.51	5.06
10000.0	237.0	5.73	7.14
10000.0	239.0	5.44	5.48
10000.0	240.0	5.97	4.96
10010.0	236.0	0.75	4.51
10010.0	237.0	6.53	6.85
10010.0	239.0	6.19	5.49
10010.0	240.0	6.78	4.97
10020.0	236.0	0.15	3.78
10020.0	237.0	7.37	6.73
10020.0	239.0	6.97	5.46
10020.0	240.0	7.51	5.02
10030.0	237.0	8.19	6.6
10030.0	239.0	7.74	5.47
10030.0	240.0	8.27	5.04
10040.0	237.0	9.05	6.51
10040.0	239.0	8.51	5.47
10040.0	240.0	9.2	5.08
10050.0	237.0	9.86	6.38
10050.0	239.0	9.12	5.37
10050.0	240.0	10.14	5.01
10060.0	237.0	10.67	6.24
10060.0	239.0	9.74	5.31
10060.0	240.0	11.0	4.93
10070.0	237.0	11.38	6.14
10070.0	239.0	10.47	5.34
10070.0	240.0	11.86	4.87
10080.0	237.0	12.02	6.03
10080.0	239.0	11.28	5.18
10080.0	240.0	12.71	4.91
10090.0	237.0	12.77	5.98
10090.0	239.0	12.01	5.09
10090.0	240.0	13.46	5.1
10100.0	237.0	13.94	6.24
10100.0	239.0	12.74	5.32
10100.0	247.0	2.31	4.06
10100.0	248.0	2.11	4.96
10100.0	249.0	2.6	5.47
10110.0	239.0	13.43	5.4
10110.0	247.0	3.16	3.92
10110.0	248.0	3.13	4.87
10110.0	249.0	3.53	5.45
10120.0	247.0	4.11	3.84
10120.0	248.0	4.03	4.79
10120.0	249.0	4.41	5.4
10130.0	247.0	4.99	3.78
10130.0	248.0	5.03	4.68
10130.0	249.0	5.41	5.4
10140.0	247.0	5.95	3.82
10140.0	248.0	5.98	4.65
10140.0	249.0	6.39	5.3
10150.0	247.0	6.93	3.76
10150.0	248.0	7.07	4.8
10150.0	249.0	7.53	5.2
10160.0	247.0	7.87	3.88
10160.0	248.0	7.89	4.77
10160.0	249.0	8.49	5.3
10170.0	247.0	8.72	3.95
10170.0	248.0	8.73	4.88
10170.0	249.0	9.39	5.3
10180.0	247.0	9.5	4.05
10180.0	248.0	9.45	5.01
10180.0	249.0	10.28	5.3
10190.0	247.0	10.25	4.13
10190.0	248.0	10.17	5.38
10190.0	249.0	11.2	5.45
10200.0	247.0	10.9	4.38
10200.0	248.0	11.01	5.67
10200.0	249.0	12.08	5.65
10210.0	247.0	11.43	4.87
10210.0	248.0	11.79	5.84
10210.0	249.0	12.75	5.77
10220.0	247.0	11.89	5.35
10220.0	248.0	12.36	6.04
10220.0	249.0	13.09	5.88
10220.0	255.0	13.59	6.31
10230.0	247.0	12.28	5.47
10230.0	248.0	12.76	5.95
10230.0	249.0	13.13	5.87
10230.0	255.0	12.0	6.67
