20.0	1.0	14.4947320999	5.3292733276
30.0	1.0	14.0542286255	5.35146868897
40.0	1.0	13.613725151	5.37366405035
50.0	1.0	13.1725902812	5.39371147352
60.0	1.0	12.7264042488	5.39371147352
70.0	1.0	12.2802182164	5.39371147352
80.0	1.0	11.834032184	5.39371147352
90.0	1.0	11.3878461516	5.39371147352
100.0	1.0	10.9561822118	5.39776869012
110.0	1.0	10.6541647795	5.43929549527
120.0	1.0	10.3521473472	5.48082230042
130.0	1.0	10.0008810792	5.4977671462
140.0	1.0	9.63740783486	5.50874549699
150.0	1.0	9.19353691866	5.4999150844
160.0	1.0	8.69599739951	5.47843570242
170.0	1.0	8.19866834546	5.45671766065
180.0	1.0	7.70070789609	5.42712384548
190.0	1.0	7.20148465606	5.37939188554
200.0	1.0	6.70247188113	5.3316599256
210.0	1.0	6.2032486411	5.28392796566
220.0	1.0	5.71539051699	5.30087281144
230.0	1.0	5.23005797419	5.3340465236
240.0	1.0	4.7447254314	5.36722023576
250.0	1.0	4.26254986525	5.38679033933
260.0	1.0	3.79216034523	5.35170734877
270.0	1.0	3.32156036011	5.31638569842
280.0	1.0	2.8511708401	5.28130270786
290.0	1.0	2.40161736594	5.29037178025
300.0	1.0	1.95732551952	5.31018054362
310.0	1.0	1.5130336731	5.329989307
320.0	1.0	1.07484531486	5.36984549355
330.0	1.0	0.661491839553	5.48917539341
340.0	1.0	0.248138364248	5.60850529327
350.0	1.0	-0.165425576166	5.72783519312
380.0	8.0	-0.00399883708289	5.12521919885
390.0	8.0	0.436715102473	5.15505167381
390.0	9.0	0.131330228406	4.09015164749
400.0	8.0	0.877429042029	5.18488414877
400.0	9.0	0.603613934406	4.18036505178
410.0	8.0	1.31793251648	5.21471662374
410.0	9.0	1.0756871753	4.27081711587
420.0	8.0	1.75675227004	5.23046817052
420.0	9.0	1.54776041619	4.36103052016
430.0	8.0	2.19430923296	5.23667332531
430.0	9.0	2.01499295955	4.43024186208
440.0	8.0	2.63186619587	5.24287848011
440.0	9.0	2.47464875898	4.46795011044
450.0	8.0	3.06942315878	5.2493222947
450.0	9.0	2.9343045584	4.50565835879
460.0	8.0	3.48361849452	5.2447877585
460.0	9.0	3.39396035782	4.54336660714
470.0	8.0	3.89171034209	5.23738930471
470.0	9.0	3.84477662264	4.56174341172
480.0	8.0	4.29980218965	5.23022951072
480.0	9.0	4.28969986439	4.56699392732
490.0	8.0	4.73904287344	5.22927487152
490.0	9.0	4.73441264103	4.57248310271
500.0	8.0	5.20922192834	5.23428672732
500.0	9.0	5.17933588277	4.5779722781
510.0	8.0	5.67940098324	5.23929858311
510.0	9.0	5.62194400832	4.5803588761
520.0	8.0	6.14958003815	5.2443104389
520.0	9.0	6.05529166904	4.57105114391
530.0	8.0	6.61975909305	5.2495609545
530.0	9.0	6.48842886465	4.56174341172
540.0	8.0	7.07268000897	5.26053930528
540.0	9.0	6.92177652536	4.55243567953
550.0	8.0	7.52139162269	5.27318827467
550.0	9.0	7.35512418608	4.54288928755
560.0	8.0	7.9698927713	5.28559858425
560.0	9.0	7.79036603279	4.53143361716
570.0	8.0	8.41860438502	5.29824755364
570.0	9.0	8.24181369294	4.5016011422
580.0	8.0	8.8990962303	5.28917848125
580.0	9.0	8.69347181819	4.47176866723
590.0	8.0	9.37958807557	5.28034806866
590.0	9.0	9.14512994345	4.44193619227
600.0	8.0	9.86007992085	5.27127899627
600.0	9.0	9.5967880687	4.4121037173
610.0	8.0	10.3405717661	5.26220992388
610.0	9.0	10.067808984	4.39778412932
620.0	8.0	10.8210636114	5.25314085149
620.0	9.0	10.5845008282	4.41950217109
630.0	8.0	11.271458946	5.23738930471
630.0	9.0	11.1009822072	4.44122021287
640.0	8.0	11.7088054438	5.21877384033
640.0	9.0	11.6176740513	4.46293825464
650.0	8.0	12.1463624067	5.19991971616
650.0	9.0	12.1343658955	4.48465629642
660.0	8.0	12.5837089045	5.18130425178
660.0	9.0	12.605807741	4.48680423461
670.0	8.0	13.0212658674	5.1624501276
670.0	9.0	13.072198424	4.48680423461
680.0	8.0	13.4487205051	5.15815425121
680.0	9.0	13.5385891069	4.48680423461
690.0	8.0	13.8696507243	5.1636434266
690.0	9.0	14.0051902549	4.48847485321
700.0	8.0	14.2905809436	5.16889394219
700.0	9.0	14.4730541936	4.4973052658
710.0	8.0	14.7115111628	5.17414445779
710.0	9.0	14.9407076672	4.50613567839
720.0	8.0	15.1324413821	5.17939497338
720.0	9.0	15.4083611408	4.51520475078
1230.0	28.0	0.383256964628	4.92331300829
1240.0	28.0	0.939516249368	4.88918465693
1250.0	28.0	1.49577553411	4.85505630557
1260.0	28.0	2.03582900541	4.87438774935
1270.0	28.0	2.5691475932	4.9168691937
1280.0	28.0	3.10225571588	4.95935063805
1290.0	28.0	3.63536383856	5.00183208239
1300.0	28.0	4.19267544885	5.04670012474
1310.0	28.0	4.84553821891	5.10183053847
1320.0	28.0	5.49861145408	5.15696095221
1330.0	28.0	6.15147422413	5.21185270614
1340.0	28.0	6.79149862251	5.28178002746
1350.0	28.0	7.4014265102	5.38583570013
1360.0	28.0	8.01114393279	5.48989137281
1370.0	28.0	8.62107182048	5.59370838568
1380.0	28.0	9.23647180103	5.65623725321
1390.0	28.0	9.86029038596	5.65623725321
1400.0	28.0	10.4841089709	5.65623725321
1410.0	28.0	11.0540484878	5.61781302545
1420.0	28.0	11.5879984709	5.55385219913
1430.0	28.0	12.1217379889	5.48965271301
1440.0	28.0	12.655687972	5.42569188669
1450.0	28.0	13.1292344687	5.28297332646
1460.0	28.0	13.542587944	5.06125837252
1470.0	28.0	13.9561518844	4.83978207839
1480.0	28.0	14.3747669874	4.61949908325
1490.0	28.0	14.7956972067	4.39993206752
1500.0	28.0	15.2166274259	4.18036505178
1620.0	39.0	0.0732418581497	7.88889967953
1630.0	39.0	0.175317436318	7.78030947066
1640.0	39.0	0.277393014486	7.67171926179
1650.0	39.0	0.379468592655	7.56336771272
1660.0	39.0	0.469968589794	7.50179348439
1670.0	39.0	0.557732540508	7.45215224605
1680.0	39.0	0.614137189887	7.41706925549
1690.0	39.0	0.623397654711	7.40418162631
1700.0	39.0	0.632658119534	7.39129399713
1710.0	39.0	0.642129049467	7.37840636794
1720.0	39.0	0.651389514291	7.36551873876
1730.0	39.0	0.660649979115	7.35239244977
1740.0	39.0	0.670120909048	7.33950482059
1750.0	39.0	0.679381373871	7.3266171914
1760.0	39.0	0.688641838695	7.31372956222
1770.0	39.0	0.698112768628	7.30084193303
1780.0	39.0	0.707373233451	7.28771564405
1790.0	39.0	0.716633698275	7.27482801487
1800.0	39.0	0.726104628208	7.26194038568
1810.0	39.0	0.735365093032	7.2490527565
1820.0	39.0	0.744625557855	7.23616512731
1830.0	39.0	0.754096487788	7.22327749813
1840.0	39.0	0.763356952612	7.21015120914
1850.0	39.0	0.772617417435	7.19726357996
1860.0	39.0	0.782088347368	7.18437595077
1870.0	39.0	0.791348812192	7.17148832159
1880.0	39.0	0.800188346796	7.15597543461
1890.0	39.0	0.805449974537	7.11826718625
1900.0	39.0	0.810501137168	7.0803202781
1910.0	39.0	0.815762764909	7.04261202974
1920.0	39.0	0.82081392754	7.00466512159
1930.0	39.0	0.825865090171	6.96671821344
1940.0	39.0	0.831126717911	6.92900996508
1950.0	39.0	0.836177880542	6.89106305693
1960.0	39.0	0.841439508283	6.85335480857
1970.0	39.0	0.79240113774	6.56934964691
1980.0	39.0	0.737469744128	6.25813726809
1990.0	39.0	0.57309649351	5.93499189927
2000.0	39.0	0.335481384743	5.60397075707
2010.0	39.0	0.0978662759759	5.27294961487
2020.0	39.0	-0.139959297901	4.94168981287
2320.0	50.0	14.9162937145	5.67270477939
2330.0	50.0	14.4063367539	5.72783519312
2340.0	50.0	13.8963797932	5.78296560686
2350.0	50.0	13.3996821345	5.84000529899
2360.0	50.0	12.9084565687	5.89776097052
2370.0	50.0	12.4174414679	5.95575530185
2380.0	50.0	11.9255845067	6.00515788039
2380.0	53.0	14.9798541776	5.03786971215
2390.0	50.0	11.4322542897	6.04262746894
2390.0	53.0	14.5063076809	5.06030373332
2400.0	50.0	10.9389240728	6.0798583977
2400.0	53.0	14.0327611843	5.0827377545
2410.0	50.0	10.447908972	6.12019190385
2410.0	53.0	13.5592146876	5.10517177567
2420.0	50.0	9.9661543361	6.17341303919
2420.0	53.0	13.0498891223	5.12832177624
2430.0	50.0	9.48439970016	6.22639551472
2430.0	53.0	12.53656472	5.15147177681
2440.0	50.0	9.00285552934	6.27937799026
2440.0	53.0	12.0232403176	5.17486043719
2450.0	50.0	8.52110089341	6.3323604658
2450.0	53.0	11.5099159152	5.19801043776
2460.0	50.0	8.09280439532	6.37770582774
2460.0	53.0	11.023741512	5.11257022946
2470.0	50.0	7.68765905929	6.41947129269
2470.0	53.0	10.5443019922	4.999922804
2480.0	50.0	7.28251372326	6.46123675764
2480.0	53.0	10.0648624725	4.88727537853
2490.0	50.0	6.87736838723	6.50276356279
2490.0	53.0	9.58016132504	4.79181145865
2500.0	50.0	6.43181375016	6.55717799713
2500.0	53.0	9.0739927364	4.76603620028
2510.0	50.0	5.96879050898	6.61684294706
2510.0	53.0	8.56761368264	4.74026094191
2520.0	50.0	5.5057672678	6.67650789698
2520.0	53.0	8.06144509399	4.71448568354
2530.0	50.0	5.04274402663	6.73617284691
2530.0	53.0	7.57990092316	4.70732588955
2540.0	50.0	4.58813938984	6.7461965585
2540.0	53.0	7.12298117017	4.71902021973
2550.0	50.0	4.13711265991	6.73474088811
2550.0	53.0	6.66606141717	4.73071454992
2560.0	50.0	3.68608592998	6.72328521773
2560.0	53.0	6.20914166417	4.74240888011
2570.0	50.0	3.23505920005	6.71206820714
2570.0	53.0	5.73812074883	4.7471820761
2580.0	50.0	2.78887316765	6.69750995936
2580.0	53.0	5.2454219272	4.74169290071
2590.0	50.0	2.34752783276	6.68008779398
2590.0	53.0	4.75272310556	4.73620372531
2600.0	50.0	1.90597203277	6.6626656286
2600.0	53.0	4.26002428393	4.73095320972
2610.0	50.0	1.46462669788	6.64524346322
2610.0	53.0	3.7673254623	4.72546403433
2620.0	50.0	1.0253860141	6.61493366866
2620.0	53.0	3.2689440827	4.73811300371
2630.0	50.0	0.58993370228	6.56553109012
2630.0	53.0	2.770352238	4.7505233133
2640.0	50.0	0.154481390465	6.51612851158
2640.0	53.0	2.27197085841	4.76317228268
2650.0	50.0	-0.28076045624	6.46696459284
2650.0	53.0	1.77927203677	4.77820785006
2660.0	53.0	1.3097243772	4.80255114963
2670.0	53.0	0.840176717625	4.827133109
2680.0	53.0	0.37083952316	4.85147640858
2690.0	53.0	-0.0987081364144	4.87605836795
4560.0	83.0	8.76966018788	-0.0377082483547
4570.0	83.0	9.22384389445	0.628152592846
4580.0	83.0	9.67802760102	1.29377477425
4590.0	83.0	9.98172875421	1.78994849785
4600.0	83.0	10.2688031637	2.26726809728
4610.0	83.0	10.6004961765	2.73766656251
4620.0	83.0	10.9511310491	3.20496245035
4630.0	83.0	11.3038705729	3.60066039828
4640.0	83.0	11.6606089337	3.8288191668
4650.0	83.0	12.0175577596	4.05721659513
4660.0	83.0	12.4584821643	4.12547329785
4670.0	83.0	12.8994065689	4.19349134077
4680.0	83.0	13.3306495786	4.20041247496
4690.0	83.0	13.7608402626	4.20041247496
4700.0	83.0	14.1937669931	4.21950525893
4710.0	83.0	14.6287983747	4.2512470123
4720.0	83.0	15.0636192912	4.28322742546
4870.0	94.0	0.147325576738	4.46866608983
4880.0	94.0	0.568255795989	4.4965892864
4890.0	94.0	0.98918601524	4.52212588497
4900.0	94.0	1.41011623449	4.54479856594
4910.0	94.0	1.82304877958	4.54933310214
4920.0	94.0	2.22398481341	4.52666042116
4930.0	94.0	2.58030224401	4.43429907868
4940.0	94.0	2.83286037556	4.17964907238
4950.0	94.0	3.17191966717	4.14241814363
4960.0	94.0	3.50234988928	4.12451865865
4970.0	94.0	3.7871091826	4.05435267753
4970.0	95.0	15.1684309158	8.63662083203
4980.0	94.0	4.0362998724	4.07058154391
4980.0	95.0	14.9082960403	8.56645485091
4990.0	94.0	4.27012660919	4.12356401945
4990.0	95.0	14.6483716299	8.4962888698
5000.0	94.0	4.72809868774	4.02762277996
5000.0	95.0	14.5385088427	8.60010588267
5010.0	94.0	5.21069518411	3.95578618025
5010.0	95.0	14.4288565206	8.70392289555
5020.0	94.0	5.69308121537	4.04528360514
5020.0	95.0	14.565869307	8.824923414
5030.0	94.0	6.17546724663	4.13478103004
5030.0	95.0	14.8089565086	8.92205795249
5040.0	94.0	6.64859281307	4.27988618826
5040.0	95.0	15.0526751055	8.97241517023
5050.0	94.0	7.11982419352	4.43907227467
5050.0	95.0	15.2963937025	9.02253372817
5060.0	94.0	7.58852999266	4.53000165836
5070.0	94.0	8.05618346625	4.59205320629
5080.0	94.0	8.52383693983	4.65386609441
5090.0	94.0	9.00706483153	4.71567898254
5100.0	94.0	9.49050318834	4.77773053046
5110.0	94.0	9.97246828939	4.84479393418
5120.0	94.0	10.4519078091	4.92426764749
5130.0	94.0	10.9313473288	5.00398002059
5140.0	94.0	11.4107868486	5.0834537339
5140.0	97.0	1.14661391724	0.248922171101
5150.0	94.0	11.8754938106	5.07152074391
5150.0	97.0	1.45768134927	1.06871858312
5160.0	94.0	12.3340972845	5.02044754677
5160.0	97.0	1.76874878129	1.88851499513
5170.0	94.0	12.7924902933	4.96913568983
5170.0	97.0	1.93817319454	2.68611604577
5180.0	94.0	13.2597228366	4.98154599942
5180.0	97.0	2.07202900426	3.47798926122
5190.0	94.0	13.7280077055	5.001116103
5190.0	97.0	2.08718249216	4.12475731845
5200.0	94.0	14.1960821094	5.02068620657
5200.0	97.0	2.02320109883	4.67462949699
5210.0	94.0	14.6643669783	5.04001765035
5210.0	97.0	1.89292319597	5.14813053962
5220.0	94.0	15.1324413821	5.05958775393
5220.0	97.0	1.60816390265	5.44287539226
5230.0	97.0	1.3206685629	5.70396921315
5240.0	97.0	1.03127903717	5.94262901286
5250.0	97.0	0.610348817914	6.09537128468
5260.0	97.0	0.189418598663	6.2481135565
5270.0	97.0	-0.231511620588	6.40085582831
6010.0	118.0	0.350424407527	9.88672086293
6020.0	118.0	0.377995336887	9.56500745292
6030.0	118.0	0.422403475018	9.26954662087
6040.0	118.0	0.534581378449	9.0786187811
6050.0	118.0	0.646759281879	8.88769094133
6060.0	118.0	0.791769742411	8.72397031873
6070.0	118.0	1.06684764069	8.66883990499
6080.0	118.0	1.34213600408	8.61370949126
6090.0	118.0	1.68035343525	8.60106052187
6100.0	118.0	2.06045342323	8.61633474905
6110.0	118.0	2.44076387633	8.63184763604
6120.0	118.0	2.82465223628	8.64258732702
6130.0	118.0	3.21232896821	8.64879248182
6140.0	118.0	3.60000570014	8.65523629641
6150.0	118.0	3.98768243207	8.6614414512
6160.0	118.0	4.38946032635	8.61108423346
6170.0	118.0	4.7973417088	8.53662237595
6170.0	121.0	14.9030344126	4.7469434163
6180.0	118.0	5.20501262615	8.46192185864
6180.0	121.0	14.3488797789	4.89801506952
6190.0	118.0	5.60552772977	8.39008525893
6190.0	121.0	13.7945146802	5.04932538254
6200.0	118.0	5.99888701966	8.32111257681
6200.0	121.0	13.2574077204	5.18106559198
6210.0	118.0	6.39203584444	8.25190123489
6210.0	121.0	12.7598682013	5.26793775907
6220.0	118.0	6.78518466922	8.18292855278
6220.0	121.0	12.2625391472	5.35457126637
6230.0	118.0	7.19790674919	8.0760089625
6230.0	121.0	11.7649996281	5.44144343347
6240.0	118.0	7.61883696844	7.95309916565
6240.0	121.0	11.2674601089	5.50659755879
6250.0	118.0	8.0397671877	7.8301893688
6250.0	121.0	10.7701310549	5.57151302431
6260.0	118.0	8.45564624432	7.71157544834
6260.0	121.0	10.2725915357	5.63666714963
6270.0	118.0	8.86436948721	7.59916668268
6270.0	121.0	9.82387992199	5.73976818311
6280.0	118.0	9.27288226499	7.48699657681
6280.0	121.0	9.39579388901	5.85909808297
6290.0	118.0	9.68139504277	7.37458781115
6290.0	121.0	8.96791832114	5.97842798282
6300.0	118.0	10.0751752629	7.27458935507
6300.0	121.0	8.57645321724	6.12759035764
6310.0	118.0	10.468955483	7.17435223919
6310.0	121.0	8.20056253145	6.28964036165
6320.0	118.0	10.8627357031	7.07435378311
6320.0	121.0	7.82488231077	6.45145170585
6330.0	118.0	11.3188135957	6.94977336766
6330.0	121.0	7.39384976625	6.61636562746
6340.0	118.0	11.7818368368	6.82256769441
6340.0	121.0	6.95671373356	6.78151820886
6350.0	118.0	12.244860078	6.69512336136
6350.0	121.0	6.50863351517	6.94810274906
6360.0	118.0	12.6916775057	6.51684449098
6360.0	121.0	6.03508701851	7.11707388725
6370.0	118.0	13.1366007475	6.3325991256
6370.0	121.0	5.56154052185	7.28604502545
6380.0	118.0	13.5815239892	6.14859242002
6380.0	121.0	5.12882425646	7.37697440914
6390.0	118.0	14.0285518821	5.96577901344
6390.0	121.0	4.70052775838	7.45931204004
6400.0	118.0	14.4785262865	5.78463622545
6400.0	121.0	4.2724417254	7.54164967095
6410.0	118.0	14.9285006908	5.60349343747
6410.0	121.0	3.78458360129	7.51993162917
6410.0	125.0	15.2294657976	8.38531206293
6420.0	118.0	15.3784750952	5.42258930929
6420.0	121.0	3.29672547717	7.4982135874
6420.0	125.0	14.8817774365	8.60320846007
6430.0	121.0	2.80613130664	7.38246358454
6430.0	125.0	14.5340890754	8.82110485721
6440.0	121.0	2.31511620588	7.2433249213
6440.0	125.0	14.2116565275	9.09604094648
6450.0	121.0	1.84451622076	7.12160842345
6450.0	125.0	13.9485751404	9.50367188439
6450.0	126.0	14.9623855735	8.7487909379
6460.0	121.0	1.40506507186	7.02614450356
6460.0	125.0	13.6854937534	9.9113028223
6460.0	126.0	14.606278608	9.03327341915
6470.0	121.0	0.965403457852	6.93068058368
6470.0	125.0	13.5415356184	10.3151152034
6470.0	126.0	14.2501716425	9.31775590041
6480.0	121.0	0.525741843845	6.83521666379
6480.0	125.0	13.4110472504	10.7182116051
6480.0	126.0	13.9740414187	9.67550694018
6490.0	121.0	0.0860802298368	6.73975274391
6490.0	125.0	13.2803484174	11.1215466666
6490.0	126.0	13.7324274728	10.0642837539
6500.0	125.0	13.304551905	11.5437358523
6500.0	126.0	13.490813527	10.4532992274
6510.0	125.0	13.3289658577	11.965925038
6510.0	126.0	13.3674809728	10.8401667628
6520.0	125.0	13.3500123687	12.3759425739
6520.0	126.0	13.2441484185	11.2267956383
6530.0	125.0	13.3662181821	12.7675833053
6530.0	126.0	13.1309181895	11.6131858541
6540.0	125.0	13.3824239955	13.1592240366
6540.0	126.0	13.1098716786	11.9950415336
6550.0	125.0	13.398629809	13.5508647679
6550.0	126.0	13.0888251676	12.3768972131
6560.0	125.0	13.4146251573	13.9427441591
6560.0	126.0	13.0650426102	12.7546956761
6570.0	126.0	13.0157937746	13.0969338289
6580.0	126.0	12.966755404	13.4389333219
6590.0	126.0	12.9177170335	13.7809328149
6930.0	132.0	14.8497867398	5.75623570929
6940.0	132.0	14.2484879216	5.76769137967
6950.0	132.0	13.6227751507	5.77914705006
6960.0	132.0	12.9400263351	5.79060272045
6970.0	132.0	12.2572775195	5.80229705063
6980.0	132.0	11.5745287039	5.81399138082
6990.0	132.0	10.9031450042	5.83618674219
7000.0	132.0	10.2768008379	5.90014756852
7010.0	132.0	9.65066713677	5.96410839484
7020.0	132.0	9.02432297052	6.02830788096
7030.0	132.0	8.39945206005	6.0765171605
7040.0	132.0	7.78636719571	5.98320117882
7050.0	132.0	7.17328233137	5.88964653733
7060.0	132.0	6.58208583843	5.81303674162
7070.0	132.0	5.99636143834	5.74024550271
7080.0	132.0	5.37738355093	5.69609343976
7090.0	132.0	4.72494171109	5.68010323318
7100.0	132.0	4.07249987125	5.6641130266
7110.0	132.0	3.43394872865	5.62163158225
7120.0	132.0	2.80928828328	5.55242024033
7130.0	132.0	2.18483830302	5.48297023862
7140.0	132.0	1.55744181123	5.38869961773
7150.0	132.0	0.926046482352	5.25719806809
7160.0	132.0	0.294651153476	5.12545785865
7170.0	132.0	-0.336744175401	4.9937176492
7780.0	156.0	0.105232554813	5.70396921315
7790.0	156.0	0.539211610861	5.78606818425
7800.0	156.0	0.973401132018	5.86792849555
7810.0	156.0	1.40738018807	5.95002746666
7820.0	156.0	1.85819645288	6.01565891158
7830.0	156.0	2.31301155478	6.0774717997
7840.0	156.0	2.76803712179	6.13904602803
7850.0	156.0	3.23127082808	6.2462042781
7860.0	156.0	3.69829290634	6.37293263175
7870.0	156.0	4.1653149846	6.4996609854
7880.0	156.0	4.58813938984	6.65860841201
7890.0	156.0	4.96697658716	6.84953625178
7900.0	156.0	5.34581378449	7.04046409155
7910.0	156.0	5.72465098181	7.23139193132
7920.0	156.0	6.10938120221	7.30537646923
7930.0	156.0	6.4939009575	7.37959966694
7940.0	156.0	6.88220908475	7.44785636966
7950.0	156.0	7.30313930401	7.46551719484
7960.0	156.0	7.72406952326	7.48341667981
7970.0	156.0	8.11784974337	7.47148368983
7980.0	156.0	8.4705892671	7.4153986369
7990.0	156.0	8.82353925594	7.35907492416
8000.0	156.0	9.17627877967	7.30298987123
8010.0	156.0	9.5900531852	7.20418471415
8020.0	156.0	10.0036171256	7.10537955707
8030.0	156.0	10.4186543218	7.00657439999
8040.0	156.0	10.8458984943	6.90514398511
8050.0	156.0	11.273353132	6.80395223003
8060.0	156.0	11.7005973045	6.70276047495
8070.0	156.0	12.1274205468	6.5765094409
8080.0	156.0	12.5542437892	6.44381459226
8090.0	156.0	12.9810670315	6.31111974362
8100.0	156.0	13.4055751576	6.17627695678
8110.0	156.0	13.8216646793	6.03188777796
8120.0	156.0	14.2377542011	5.88773725893
8130.0	156.0	14.6538437228	5.7433480801
8140.0	156.0	15.0697227794	5.59895890128
8190.0	163.0	0.369997662722	4.79395939684
8200.0	163.0	0.983924387499	4.88345682174
8210.0	163.0	1.59658832162	4.98106867982
8220.0	163.0	2.19788713982	5.15171043661
8230.0	163.0	2.79918595802	5.32211353361
8240.0	163.0	3.3891196603	5.4946645688
8250.0	163.0	3.95274522388	5.67175014019
8260.0	163.0	4.51616032234	5.84859705178
8270.0	163.0	5.07873356037	6.00372592159
8280.0	163.0	5.63772889154	6.07078932531
8290.0	163.0	6.19693468781	6.13809138883
8300.0	163.0	6.75593001898	6.20515479255
8310.0	163.0	7.31976604767	6.12854499684
8320.0	163.0	7.88339161124	6.05169654133
8330.0	163.0	8.45017415146	5.95122076565
8340.0	163.0	9.02895320294	5.75504241029
8350.0	163.0	9.60773225441	5.55910271473
8360.0	163.0	10.1892473523	5.42044137109
8370.0	163.0	10.7745508222	5.36841353475
8380.0	163.0	11.359854292	5.31614703862
8390.0	163.0	11.9483147386	5.27963208926
8400.0	163.0	12.5489821614	5.30564600743
8410.0	163.0	13.1498600494	5.3316599256
