0.0	6.0	14.1222088559	5.56077333332
0.0	25.0	10.9652322115	12.8637632046
10.0	6.0	13.8816472356	5.64597488182
10.0	25.0	10.9885938387	12.6515946426
20.0	6.0	13.6410856153	5.73117643032
20.0	25.0	10.9938554664	12.4052977293
30.0	6.0	13.4066274831	5.80730890643
30.0	18.0	14.7632855798	3.55961091273
30.0	25.0	10.9260857011	12.0215327714
40.0	6.0	13.1961623735	5.84716509298
40.0	18.0	14.4557960546	3.76175576308
40.0	25.0	10.8585264009	11.6380064732
50.0	6.0	12.9856972639	5.88702127953
50.0	18.0	14.1480960644	3.96366195364
50.0	25.0	10.7854950079	11.3014961556
60.0	6.0	12.8089065718	5.90611406351
60.0	18.0	13.8551286318	4.12690525664
60.0	25.0	10.7046764058	11.0351518192
70.0	6.0	12.7668135499	5.84239189699
70.0	18.0	13.5960460818	4.20041247496
70.0	25.0	10.6236473386	10.7690461425
80.0	6.0	12.724720528	5.77866973046
80.0	18.0	13.3369635319	4.27391969327
80.0	25.0	10.4131822289	10.5248971674
90.0	6.0	12.682627506	5.71518622374
90.0	18.0	13.0808274934	4.31115062202
90.0	25.0	10.1703054924	10.2862373676
100.0	6.0	12.6405344841	5.65146405721
100.0	18.0	12.8255333155	4.3328686638
100.0	25.0	9.91122294249	10.0549760217
110.0	18.0	12.5704496026	4.35434804577
110.0	25.0	9.58752760388	9.85306983117
120.0	18.0	12.3231530988	4.40565990271
120.0	25.0	9.26362180017	9.65092498081
130.0	18.0	12.087432176	4.5011238226
130.0	25.0	8.93298111295	9.45355332645
140.0	18.0	11.8517112532	4.59658774248
140.0	25.0	8.59792065842	9.25904558968
150.0	18.0	11.7235380015	4.68011867238
150.0	25.0	8.26264973879	9.06453785292
160.0	18.0	11.6075717261	4.76245630328
160.0	25.0	8.01177532811	9.06119661572
170.0	18.0	11.4913949856	4.84479393418
170.0	25.0	7.77016138226	9.0788574409
180.0	25.0	7.54096487788	9.08339197709
190.0	25.0	7.3620695347	9.03566001715
200.0	25.0	7.14676372755	9.00081568639
210.0	25.0	6.78602652966	9.01799919197
220.0	25.0	6.42528933176	9.03494403775
220.0	31.0	15.1151832431	4.54981042174
230.0	25.0	6.06139515722	9.06501517252
230.0	31.0	14.8664134835	5.35242332817
240.0	25.0	5.69308121537	9.11489507066
240.0	31.0	14.5540832608	6.01709087038
250.0	25.0	5.32476727353	9.164536309
250.0	31.0	14.2257576898	6.64715274162
260.0	25.0	4.90383705427	9.15498991701
260.0	31.0	13.9071135138	7.2500073957
270.0	25.0	4.48290683502	9.14544352502
270.0	31.0	13.6107786395	7.78913988325
280.0	25.0	4.09586149842	9.08530125549
280.0	31.0	13.3146542302	8.3282723708
290.0	25.0	3.74249057936	8.97456310842
290.0	31.0	13.033893774	8.84401619798
300.0	25.0	3.38933012541	8.86358630156
300.0	31.0	12.763235643	9.34400847838
310.0	25.0	3.05048129891	8.77122495907
310.0	31.0	12.557821696	9.81058838682
320.0	25.0	2.71773596059	8.68650073017
320.0	31.0	12.4174414679	10.2437559233
330.0	25.0	2.38499062228	8.60177650127
330.0	31.0	12.2770612398	10.6769234598
340.0	25.0	2.03688133096	8.48292392101
340.0	31.0	12.1269996166	11.1406394506
350.0	25.0	1.67824878415	8.34163731958
350.0	31.0	11.9744124121	11.6119925551
360.0	25.0	1.31961623735	8.20011205835
360.0	31.0	11.8218252077	12.0833456595
370.0	25.0	0.970875550703	8.10202288067
370.0	31.0	11.6692380032	12.5546987639
380.0	25.0	0.623187189601	8.00870689898
380.0	31.0	11.5614798671	12.9353611445
390.0	25.0	0.0772406952326	7.97123731043
390.0	31.0	11.4650868469	13.293350844
400.0	31.0	11.3686938266	13.6513405436
590.0	39.0	14.8403158099	5.46960528983
600.0	39.0	14.623536747	5.5781954987
610.0	39.0	14.4067576841	5.68654704777
620.0	39.0	14.1897681561	5.79513725664
630.0	39.0	13.9833018835	5.90683004291
640.0	39.0	13.8008286335	6.02615994276
640.0	233.0	0.424297661005	3.44911142546
650.0	39.0	13.6185658485	6.14548984262
650.0	233.0	0.757042999323	3.51068565378
660.0	39.0	13.4108367853	6.3268712904
660.0	233.0	1.08957787253	3.57225988211
670.0	39.0	13.1441774914	6.65311923661
670.0	233.0	1.41327321114	3.63049287324
680.0	39.0	12.8777286627	6.97912852302
680.0	233.0	1.65614994764	3.65793875021
690.0	39.0	12.5740275095	7.2476207977
690.0	233.0	1.89902668415	3.68538462718
700.0	39.0	12.1840356613	7.38079296594
700.0	233.0	2.21346155793	3.70423875135
710.0	39.0	11.7940438132	7.51420379398
710.0	233.0	2.59924410388	3.71402380314
720.0	39.0	11.4040519651	7.64761462202
720.0	223.0	10.4552752509	12.8546941322
720.0	233.0	2.98481618471	3.72643411273
730.0	39.0	10.9932240711	7.62112338425
730.0	223.0	10.5200985046	12.6986106232
730.0	233.0	3.36744175401	3.75889184549
740.0	39.0	10.5800810609	7.5769713213
740.0	223.0	10.5847112933	12.5425271141
740.0	233.0	3.75006732331	3.79134957825
750.0	39.0	10.1669380507	7.54976410414
750.0	223.0	10.6495345471	12.3864436051
750.0	233.0	4.1762591703	3.79469081544
760.0	39.0	9.75316364516	7.59105224949
760.0	223.0	10.6688973371	12.3205735004
760.0	233.0	4.6070812497	3.79469081544
770.0	39.0	9.33959970474	7.63210173504
770.0	223.0	10.6882601272	12.2544647359
770.0	233.0	4.72830915285	3.79469081544
780.0	39.0	8.93024506652	7.68078833418
780.0	88.0	0.399883708289	6.73020635192
780.0	223.0	10.7076229173	12.1885946312
780.0	233.0	4.77166496543	3.79469081544
790.0	39.0	8.53099275356	7.7466584389
790.0	88.0	0.744204627636	6.84953625178
790.0	223.0	10.7269857074	12.1227245264
790.0	233.0	4.81523124312	3.79469081544
800.0	39.0	8.13195090571	7.81228988382
800.0	88.0	1.08873601209	6.96886615163
800.0	223.0	10.7465589626	12.0566157619
800.0	233.0	4.85437775351	3.80185060944
810.0	39.0	7.72680556968	7.87028421515
810.0	88.0	1.43453018721	7.00514244119
810.0	223.0	10.7659217527	11.9907456572
810.0	233.0	4.89289286857	3.80972638283
820.0	39.0	7.31261023394	7.91658421629
820.0	88.0	1.78074529254	7.02041666837
820.0	223.0	10.7852845428	11.9248755525
820.0	233.0	4.93161844875	3.81784081602
830.0	39.0	6.8984148982	7.96288421744
830.0	88.0	2.12696039788	7.03592955535
830.0	223.0	10.8585264009	11.8501750352
830.0	233.0	4.97013356381	3.82571658941
830.0	340.0	12.9646507529	12.458041545
840.0	39.0	6.49495328304	8.02374246637
840.0	88.0	2.49611620016	7.00156254419
840.0	223.0	11.0130077914	11.7628255485
840.0	233.0	5.00864867887	3.8335923628
840.0	340.0	12.9947472636	12.3897848423
850.0	39.0	6.11611608572	8.11920638625
850.0	88.0	2.87495339748	6.94571615106
850.0	223.0	11.1672787167	11.675237402
850.0	233.0	5.04737425904	3.84170679599
850.0	340.0	13.0248437743	12.3217667994
860.0	39.0	5.73727888839	8.21467030614
860.0	88.0	3.25379059481	6.89010841773
860.0	223.0	11.3276531303	11.5909904927
860.0	233.0	5.28183239116	3.87034597195
860.0	340.0	13.054940285	12.2535100967
870.0	39.0	5.36159866771	8.31275948382
870.0	88.0	3.76374755543	6.80991872502
870.0	223.0	11.4972880086	11.5112781196
870.0	233.0	5.53796842958	3.90161040572
870.0	340.0	13.0698833077	12.2029142191
880.0	39.0	4.99328472587	8.41729247609
880.0	88.0	4.32968823522	6.71946666093
880.0	223.0	11.6667124219	11.4318044063
880.0	233.0	5.87197655855	3.87225525035
880.0	340.0	13.0698833077	12.1699791668
890.0	39.0	4.62497078402	8.52158680857
890.0	88.0	4.89583938011	6.62901459684
890.0	223.0	11.8363473002	11.352330693
890.0	233.0	6.2577591045	3.80256658883
890.0	340.0	13.0698833077	12.1368054546
900.0	39.0	4.25855102816	8.61728938825
900.0	88.0	5.42999982834	6.48987593361
900.0	223.0	11.9897763651	11.1084203777
900.0	233.0	6.65911606855	3.73025266952
900.0	340.0	13.0698833077	12.1038704023
910.0	39.0	3.91023127173	8.63375691443
910.0	88.0	5.9561626024	6.33880428039
910.0	223.0	12.1389961279	10.8236992366
910.0	233.0	7.12213930973	3.64672173962
910.0	340.0	13.0698833077	12.0709353499
920.0	39.0	3.5619115153	8.65022444061
920.0	88.0	6.48232537647	6.18773262717
920.0	223.0	12.2884263557	10.5387394357
920.0	233.0	7.56769394681	3.56128153132
920.0	340.0	13.0698833077	12.0377616377
930.0	39.0	3.23632199071	8.64568990442
930.0	88.0	7.03648001011	6.01422695278
930.0	223.0	12.3993414685	10.3208430386
930.0	233.0	7.94274277216	3.46772688984
930.0	340.0	13.0698833077	12.0048265854
940.0	39.0	3.00186385859	8.55690845893
940.0	88.0	7.59779045748	5.83523210299
940.0	223.0	12.4936298376	10.1315858174
940.0	233.0	8.31800206262	3.37441090815
940.0	340.0	13.0698833077	11.971891533
950.0	39.0	2.76740572647	8.46836567323
950.0	88.0	8.17025555566	5.7507465339
950.0	223.0	12.5879182067	9.94232859626
950.0	233.0	8.64906368006	3.19326812017
950.0	340.0	13.0698833077	11.9387178209
960.0	39.0	2.53273712923	8.37958422774
960.0	88.0	8.75955786261	5.80802488583
960.0	223.0	12.6449542514	9.76882292187
960.0	233.0	8.97528459998	3.0023402804
960.0	340.0	13.070304238	11.9086466861
970.0	39.0	2.25134527766	8.30297443203
970.0	88.0	9.34886016957	5.86530323776
970.0	223.0	12.6923089011	9.59961312387
970.0	233.0	9.37853575002	2.79637687324
970.0	340.0	13.0745135402	11.9045894695
980.0	39.0	1.94953831046	8.23137649212
980.0	88.0	10.0172973577	5.97365478683
980.0	223.0	12.7398740159	9.43016466608
980.0	233.0	9.79020550445	2.58898150729
980.0	340.0	13.0787228423	11.9005322529
990.0	39.0	1.64794180837	8.1597785522
990.0	88.0	10.6943636154	6.08797283089
990.0	223.0	12.8211135482	9.33374610699
990.0	233.0	10.1593613067	2.39686036852
990.0	340.0	13.0829321445	11.8964750363
1000.0	39.0	1.3863336771	8.14378834562
1000.0	88.0	11.3396496415	6.1631506678
1000.0	223.0	12.916875173	9.26859198167
1000.0	233.0	10.5001043192	2.21500160114
1000.0	340.0	13.0871414467	11.8921791599
1010.0	39.0	1.14198368483	8.15142545921
1010.0	88.0	11.9638891567	6.21255324634
1010.0	223.0	13.0124263328	9.20367651615
1010.0	233.0	10.9073543063	2.08827324749
1010.0	340.0	13.091561214	11.8881219433
1020.0	39.0	0.897633692553	8.1590625728
1020.0	88.0	12.5879182067	6.26195582488
1020.0	223.0	13.1081879577	9.13852239083
1020.0	233.0	11.380900803	2.01667530758
1020.0	340.0	13.0957705162	11.8840647267
1030.0	39.0	0.591827888267	8.11156927266
1030.0	88.0	13.1620670258	6.2488295359
1030.0	223.0	13.1860600483	9.06406053332
1030.0	233.0	11.8933833449	1.94102015107
1030.0	340.0	13.0999798184	11.8800075101
1040.0	39.0	0.245191852714	8.02732236336
1040.0	88.0	13.7145379385	6.20921200914
1040.0	223.0	13.2224705122	8.96764197423
1040.0	233.0	12.444591467	1.86154643776
1040.0	340.0	13.1041891206	11.8757116337
1050.0	88.0	14.2611158282	6.1621960286
1050.0	223.0	13.2588809762	8.87122341515
1050.0	233.0	12.9480240093	1.7484216927
1050.0	340.0	13.1083984228	11.8716544171
1060.0	88.0	14.7942239509	6.09847386208
1060.0	223.0	13.2952914402	8.77480485606
1060.0	233.0	13.3801088793	1.5851783897
1060.0	340.0	13.112607725	11.8675972006
1070.0	223.0	13.3317019041	8.67838629698
1070.0	233.0	13.830714679	1.49448766581
1070.0	340.0	13.1168170272	11.863539984
1080.0	223.0	13.3689542285	8.5817290781
1080.0	233.0	14.3002623386	1.47611086123
1080.0	340.0	13.1210263294	11.8592441076
1090.0	223.0	13.4133623667	8.48125330242
1090.0	233.0	14.7698099982	1.45773405665
1090.0	340.0	13.1254460967	11.855186891
1100.0	223.0	13.4575600397	8.38077752674
1100.0	233.0	14.8725169717	1.67061859799
1100.0	340.0	13.1296553989	11.8511296744
1110.0	223.0	13.5019681778	8.28030175106
1110.0	233.0	14.9343937139	1.90927839771
1110.0	340.0	13.1338647011	11.8470724578
1120.0	223.0	13.5583728272	8.17910999598
1120.0	233.0	14.9962704561	2.14793819742
1120.0	340.0	13.1380740033	11.8427765814
1130.0	223.0	13.6436111966	8.0769636017
1130.0	233.0	14.9602809224	2.53838562975
1130.0	340.0	13.1422833055	11.8387193648
1140.0	223.0	13.728849566	7.97457854763
1140.0	233.0	14.8262146476	3.0808593545
1140.0	340.0	13.1464926076	11.8346621482
1150.0	223.0	13.8140879354	7.87243215335
1150.0	233.0	14.7073018606	3.5779877173
1150.0	340.0	13.1507019098	11.8306049316
1160.0	223.0	13.9069030487	7.76384194448
1160.0	233.0	14.6231158168	3.96938978883
1160.0	340.0	13.154911212	11.8263090552
1170.0	223.0	14.068750718	7.59845070328
1170.0	233.0	14.5389297729	4.36079186036
1170.0	340.0	13.1591205142	11.8222518386
1180.0	223.0	14.2305983873	7.43329812188
1180.0	233.0	14.4223321022	4.78560630385
1180.0	340.0	13.1635402815	11.818194622
1190.0	223.0	14.3690844295	7.23353986951
1190.0	233.0	14.2975262922	5.21877384033
1190.0	340.0	13.1677495837	11.8141374054
1200.0	223.0	14.4837879142	6.9991759462
1200.0	233.0	14.1706158311	5.64573622202
1200.0	340.0	13.1719588859	11.809841529
1210.0	223.0	14.5987018641	6.76481202288
1210.0	233.0	14.0224483939	6.01685221058
1210.0	340.0	13.1761681881	11.8057843124
1220.0	223.0	14.7134053488	6.53068675936
1220.0	233.0	13.8742809567	6.38820685893
1220.0	340.0	13.1803774903	11.8017270958
1230.0	223.0	14.8283192987	6.29632283604
1230.0	233.0	13.6903344509	6.67316665979
1230.0	340.0	13.1845867925	11.7976698792
1240.0	223.0	14.9430227834	6.06195891272
1240.0	233.0	13.4522984119	6.8287728492
1240.0	340.0	13.1887960947	11.7936126626
1250.0	233.0	13.2026867919	6.99464141
1250.0	340.0	13.1930053969	11.7893167862
1260.0	233.0	12.8463693613	7.25167801429
1260.0	340.0	13.1972146991	11.7852595696
1270.0	99.0	0.372523244037	6.8335460452
1270.0	233.0	12.4902623958	7.50871461858
1270.0	340.0	13.2016344664	11.7812023531
1280.0	99.0	0.672225560144	6.9132584183
1280.0	233.0	12.1312089188	7.73257751072
1280.0	340.0	13.2058437686	11.7771451365
1290.0	99.0	0.971927876251	6.9927321316
1290.0	233.0	11.7692089303	7.92350535049
1290.0	340.0	13.2100530708	11.7728492601
1300.0	99.0	1.25416158826	7.06838728811
1300.0	233.0	11.4072089417	8.11443319026
1300.0	340.0	13.2142623729	11.7687920435
1310.0	99.0	1.3774941425	7.10967543346
1310.0	233.0	10.9774391878	8.31323680342
1310.0	340.0	13.2199449309	11.7317997745
1320.0	99.0	1.50082669674	7.15072491901
1320.0	233.0	10.5478798991	8.51227907638
1320.0	340.0	13.2292053957	11.6174817305
1330.0	99.0	1.63173599493	7.19774089956
1330.0	233.0	10.1549415394	8.60965227466
1330.0	340.0	13.2382553954	11.5034023462
1340.0	99.0	1.79274180379	7.26790688067
1340.0	233.0	9.78662759759	8.63948474963
1340.0	340.0	13.2971856261	11.3220208984
1350.0	99.0	1.95353714754	7.33807286179
1350.0	233.0	9.44104388758	8.68721670957
1350.0	340.0	13.3561158568	11.1406394506
1360.0	99.0	2.11454295641	7.40823884291
1360.0	233.0	9.18680203515	8.80654660943
1360.0	340.0	13.3965251579	10.9635538792
1370.0	99.0	2.26607783534	7.52565946436
1370.0	233.0	8.93256018273	8.92587650928
1370.0	340.0	13.4182030642	10.7907641842
1380.0	99.0	2.41508713295	7.65501307581
1380.0	233.0	8.84795320866	8.98792805721
1380.0	340.0	13.4400914356	10.6179744893
1390.0	99.0	2.56304410502	7.86121514276
1390.0	233.0	8.80586018673	9.03566001715
1390.0	340.0	13.4283053894	10.4828930426
1400.0	99.0	2.70952782132	8.18292855278
1400.0	233.0	8.76376716481	9.08339197709
1400.0	340.0	13.3942100417	10.3733481945
1410.0	99.0	2.84590921236	8.46502443604
1410.0	233.0	8.7593473975	9.09985950327
1410.0	340.0	13.3599042288	10.2635646867
1420.0	99.0	2.89179060625	8.39127855792
1420.0	233.0	8.76439856014	9.10845125606
1420.0	340.0	13.325808881	10.1540198386
1430.0	99.0	2.93767200015	8.31753267981
1430.0	233.0	8.76944972277	9.11704300885
1430.0	340.0	13.2683519061	10.0664316921
1440.0	99.0	2.98355339405	8.2437868017
1440.0	233.0	8.77471135051	9.12563476164
1440.0	340.0	13.2081588848	9.98099148382
1450.0	99.0	3.02964525306	8.17004092359
1450.0	233.0	8.77976251314	9.13422651443
1450.0	340.0	13.1479658634	9.89578993532
1460.0	99.0	3.07552664696	8.09629504548
1460.0	233.0	8.78481367577	9.14305692702
1460.0	340.0	13.0879833072	9.81058838682
1470.0	99.0	3.13866617985	8.02851566236
1470.0	233.0	8.7898648384	9.15164867981
1470.0	340.0	13.0593600523	9.68362137337
1480.0	99.0	3.21359175887	7.96479349584
1480.0	233.0	8.79491600103	9.1602404326
1480.0	340.0	13.0444170295	9.53875487495
1490.0	99.0	3.28830687279	7.90130998911
1490.0	233.0	8.78060437358	9.1619110512
1490.0	340.0	13.0292635416	9.39388837652
1500.0	99.0	3.36323245182	7.83758782259
1500.0	233.0	8.74714042115	9.15689919541
1500.0	340.0	12.9488658697	9.19436878396
1510.0	99.0	3.4547847745	7.77410431587
1510.0	233.0	8.71346600361	9.15188733961
1510.0	340.0	12.861101919	8.98888269641
1520.0	99.0	3.69618825524	7.71085946894
1520.0	233.0	8.67979158607	9.14687548382
1520.0	340.0	12.7735484334	8.78339660885
1530.0	99.0	3.93759173598	7.64761462202
1530.0	233.0	8.64632763364	9.14162496822
1530.0	340.0	12.678628669	8.59246876908
1540.0	99.0	4.17899521672	7.58436977509
1540.0	233.0	8.6126532161	9.13661311243
1540.0	340.0	12.5666612306	8.43590794047
1550.0	99.0	4.43449985981	7.56098111472
1550.0	233.0	8.57918926367	9.13160125664
1550.0	340.0	12.4549042574	8.27934711186
1560.0	99.0	4.69631845618	7.55453730013
1560.0	233.0	8.54551484613	9.12635074104
1560.0	340.0	12.3425158889	8.13829917023
1570.0	99.0	4.95792658745	7.54809348554
1570.0	233.0	8.51205089369	9.12133888525
1570.0	340.0	12.2246554275	8.13829917023
1580.0	99.0	5.21953471871	7.54164967095
1580.0	233.0	8.47353577863	9.10797393646
1580.0	340.0	12.1067949661	8.13829917023
1580.0	348.0	10.2589113036	12.5401405161
1590.0	99.0	5.56006726609	7.52756874276
1590.0	233.0	8.39145438588	9.02086310957
1590.0	340.0	11.9916705511	8.18961102717
1590.0	348.0	10.4929485055	12.5668704137
1600.0	99.0	5.90038934835	7.51348781458
1600.0	233.0	8.30916252802	8.93351362287
1600.0	340.0	11.878229857	8.27528989526
1600.0	348.0	10.7267752423	12.5933616515
1610.0	99.0	6.24092189573	7.4996455462
1610.0	233.0	8.22708113526	8.84616413618
1610.0	340.0	11.7649996281	8.36096876336
1610.0	348.0	11.0125868612	12.5833379399
1620.0	99.0	6.59218816369	7.54045637195
1620.0	233.0	8.14499974251	8.75881464948
1620.0	340.0	11.6517693991	8.44664763146
1620.0	348.0	11.3207077816	12.5578013413
1630.0	99.0	6.95039978027	7.61778214705
1630.0	233.0	8.05597300114	8.81394506322
1630.0	340.0	11.6284077719	8.4991527874
1630.0	348.0	11.6290391672	12.5322647428
1640.0	99.0	7.30882186197	7.69510792216
1640.0	233.0	7.96694625976	8.86907547695
1640.0	340.0	11.6435612598	8.53709969555
1640.0	348.0	11.9401065993	12.5038642266
1650.0	99.0	7.66724394366	7.77267235707
1650.0	233.0	7.87791951839	8.92396723089
1650.0	340.0	11.6589252128	8.5750466037
1650.0	348.0	12.2515949615	12.4752250506
1660.0	99.0	7.93558695843	8.01467339398
1660.0	233.0	7.78889277702	8.97909764462
1660.0	340.0	11.6740787007	8.61323217166
1660.0	348.0	12.5294089062	12.4694972154
1670.0	99.0	8.19382764794	8.27505123546
1670.0	233.0	7.69986603565	9.03422805835
1670.0	340.0	11.6894426537	8.65117907981
1670.0	348.0	12.7567112246	12.4981363914
1680.0	99.0	8.35967415433	8.51347237538
1680.0	233.0	7.63883115386	9.01203269698
1680.0	340.0	11.7045961416	8.68936464777
1680.0	348.0	12.984013543	12.5267755674
1690.0	99.0	8.4859532201	8.7425857831
1690.0	233.0	7.58495208579	8.97074455163
1690.0	340.0	11.7199600946	8.72731155592
1690.0	348.0	13.2340460933	12.5725982489
1700.0	99.0	8.6019194955	8.95547032445
1700.0	233.0	7.53107301773	8.92921774648
1700.0	340.0	11.7791007904	8.72969815392
1700.0	348.0	13.4866042248	12.6203302088
1710.0	99.0	8.67726600475	9.10320074047
1710.0	233.0	7.47698348456	8.88769094133
1710.0	340.0	11.8491856719	8.72301567953
1710.0	348.0	13.7682065415	12.6489693848
1720.0	99.0	8.75240204889	9.25093115649
1720.0	233.0	7.42310441649	8.84640279598
1720.0	340.0	11.9192705534	8.71633320513
1720.0	348.0	14.093585601	12.6489693848
1730.0	99.0	8.82753809302	9.39866157252
1730.0	233.0	7.36922534843	8.80487599083
1730.0	340.0	12.0028252019	8.69437650356
1730.0	348.0	14.4141239629	12.6365590752
1730.0	425.0	12.813115874	4.18227433018
1740.0	99.0	8.90267413716	9.54639198854
1740.0	233.0	7.31534628036	8.76358784548
1740.0	340.0	12.1402589185	8.61156155306
1740.0	348.0	14.7161413952	12.5742688675
1740.0	425.0	12.7499763411	4.19659391816
1750.0	99.0	9.05904971361	9.83278374819
1750.0	233.0	7.2614672123	8.72206104033
1750.0	340.0	12.27748217	8.52850794276
1750.0	348.0	15.0181588275	12.5119786598
1750.0	425.0	12.6868368082	4.21091350614
1760.0	99.0	9.21542529006	10.1191755079
1760.0	233.0	7.20737767913	8.68077289498
1760.0	340.0	12.3528286793	8.46884299283
1760.0	425.0	12.6236972753	4.22523309413
1770.0	99.0	9.37180086652	10.4055672675
1770.0	233.0	7.15349861106	8.63924608983
1770.0	340.0	12.4216507701	8.4118033007
1770.0	425.0	12.5605577425	4.23955268211
1780.0	99.0	9.47892760731	10.6859925322
1780.0	108.0	14.8167437176	6.80180429183
1780.0	233.0	7.099619543	8.59795794448
1780.0	340.0	12.4902623958	8.35476360857
1780.0	425.0	12.4744775126	4.30279752903
1790.0	99.0	9.53680551246	10.9604513018
1790.0	108.0	14.5010460532	6.72233057853
1790.0	233.0	7.04574047493	8.55643113933
1790.0	239.0	14.8011692995	1.80999592103
1790.0	340.0	12.5588740216	8.29748525664
1790.0	425.0	12.354301935	4.43907227467
1800.0	99.0	9.59468341761	11.2349100715
1800.0	108.0	14.1853483888	6.64261820542
1800.0	233.0	6.91314745587	8.43853319827
1800.0	239.0	14.1144216468	1.84770416938
1800.0	340.0	12.6481112281	8.24116154391
1800.0	425.0	12.2341263574	4.57534702031
1810.0	99.0	9.65256132276	11.5093688412
1810.0	108.0	13.8696507243	6.56314449212
1810.0	233.0	6.74709048438	8.28770020485
1810.0	239.0	13.4276739941	1.88541241774
1810.0	340.0	12.7857554098	8.18603113017
1810.0	425.0	11.9889345047	4.71018980714
1820.0	99.0	9.65445550874	11.7597229711
1820.0	108.0	13.5276449212	6.54071047095
1820.0	233.0	6.53915095607	8.28602958625
1820.0	239.0	12.768918201	2.02025520457
1820.0	340.0	12.9233995914	8.13090071644
1820.0	425.0	11.6606089337	4.84383929498
1830.0	99.0	9.60036597557	11.986211121
1830.0	108.0	13.185639118	6.51827644977
1830.0	233.0	6.32089863738	8.32135123661
1830.0	239.0	12.1099519427	2.15509799141
1830.0	340.0	13.1515437703	8.10154556107
1830.0	425.0	11.3295473163	4.97557950443
1840.0	99.0	9.5464869075	12.2126992709
1840.0	108.0	12.8436333149	6.4960810884
1840.0	233.0	6.12369282966	8.35452494877
1840.0	239.0	11.3966856862	2.39757634792
1840.0	340.0	13.4188344595	8.08316875649
1840.0	425.0	10.973861281	5.09085218769
1850.0	99.0	9.49260783944	12.4391874209
1850.0	108.0	12.4780554195	6.4972743874
1850.0	233.0	6.11632655083	8.36788989755
1850.0	239.0	10.6600578025	2.68587738598
1850.0	340.0	13.6781274746	8.04880174534
1850.0	425.0	10.6183857108	5.20612487095
1860.0	108.0	12.1067949661	6.50419552159
1860.0	233.0	6.10896027199	8.38149350614
1860.0	239.0	9.96825898719	2.96224543404
1860.0	340.0	13.8675460732	7.86980689555
1860.0	425.0	10.2580694431	5.31161250242
1870.0	108.0	11.7353240476	6.51111665578
1870.0	233.0	6.10138352804	8.39509711472
1870.0	239.0	9.38064040112	3.21092894534
1870.0	340.0	14.0584379277	7.68890276737
1870.0	425.0	9.87923224582	5.37843724634
1880.0	108.0	11.3621694082	6.55932593532
1880.0	233.0	6.09401724921	8.4087007233
1880.0	239.0	8.79302181504	3.45961245665
1880.0	340.0	14.2630100142	7.48986049441
1880.0	350.0	11.6260926557	12.5439590729
1880.0	425.0	9.5003950485	5.44526199026
1890.0	108.0	10.9869101178	6.66887078339
1890.0	233.0	6.08644050526	8.42206567209
1890.0	239.0	8.15699625376	3.64815369842
1890.0	340.0	14.4677925659	7.29105688125
1890.0	350.0	11.8786507873	12.2575673133
1890.0	425.0	9.04305436528	5.59752694248
1900.0	108.0	10.6114403622	6.77865429126
1900.0	233.0	6.07907422642	8.43566928067
1900.0	239.0	7.51570906473	3.8300124658
1900.0	340.0	14.6723646524	7.09225326808
1900.0	350.0	12.1265786864	11.9785740074
1900.0	425.0	8.55182879941	5.78654550385
1910.0	108.0	10.2359706066	6.88819913933
1910.0	233.0	6.07149748248	8.44927288926
1910.0	239.0	6.83106606312	3.87464184835
1910.0	242.0	0.346425570444	4.11282432846
1910.0	340.0	14.7961181369	6.81493058082
1910.0	350.0	12.356196121	11.7289358569
1910.0	352.0	10.9656531417	13.4365467239
1910.0	425.0	8.08186020962	5.96172179684
1920.0	108.0	9.87397061808	6.98103780142
1920.0	233.0	6.06413120364	8.46287649784
1920.0	239.0	6.1354788758	3.88490421974
1920.0	242.0	0.61813602697	4.03335061516
1920.0	340.0	14.8390530193	6.45932747924
1920.0	350.0	12.5858135556	11.4795363662
1920.0	352.0	11.0736217429	13.1978869242
1920.0	425.0	7.66092999037	6.10491767667
1930.0	108.0	9.5178636526	7.06671666952
1930.0	233.0	6.05655445969	8.47624144662
1930.0	239.0	5.461990525	3.87869906494
1930.0	242.0	0.899738343649	3.96342329384
1930.0	340.0	14.8819879016	6.10396303747
1930.0	350.0	12.7314554115	11.3876523433
1930.0	352.0	11.1813798791	12.9592271244
1930.0	425.0	7.23999977112	6.2481135565
1940.0	108.0	9.16175668711	7.15239553761
1940.0	233.0	6.04918818086	8.48984505521
1940.0	239.0	4.81060101071	3.85602638397
1940.0	242.0	1.26805228549	3.98060679942
1940.0	340.0	14.924922784	5.7483599359
1940.0	350.0	12.8773077324	11.2960069802
1940.0	352.0	11.2891380152	12.7205673247
1940.0	425.0	6.86431955044	6.37961510614
1950.0	108.0	8.80543925651	7.23807440571
1950.0	233.0	6.04161143691	8.50344866379
1950.0	239.0	4.17646963541	3.81068102202
1950.0	242.0	1.63636622734	3.9975516452
1950.0	340.0	14.9678576663	5.39275683433
1950.0	350.0	13.0117949375	11.2103281121
1950.0	352.0	11.4055252208	12.4909765974
1950.0	425.0	6.50021491078	6.50801407839
1960.0	108.0	8.50826252172	7.29034090185
1960.0	233.0	6.03424515807	8.51705227237
1960.0	239.0	3.56864639881	3.73096864892
1960.0	242.0	2.02741040102	4.01473515078
1960.0	340.0	15.0318390597	5.04359754734
1960.0	350.0	13.1296553989	11.1339569762
1960.0	352.0	11.5983112612	12.3418142226
1960.0	425.0	6.13126957361	6.62615067924
1970.0	108.0	8.2258183446	7.33449296479
1970.0	233.0	6.02666841413	8.53041722116
1970.0	239.0	3.00396850969	3.61450266666
1970.0	242.0	2.47170224744	4.03239597596
1970.0	340.0	15.1099216153	4.69897279656
1970.0	350.0	13.2475158603	11.0575858403
1970.0	352.0	11.7913077668	12.1926518478
1970.0	425.0	5.7440137719	6.70252181515
1980.0	108.0	7.94337416749	7.37840636794
1980.0	233.0	6.01930213529	8.54402082974
1980.0	239.0	2.46812434058	3.47369338483
1980.0	242.0	2.91620455897	4.05005680114
1980.0	340.0	15.1877937059	4.35410938597
1980.0	350.0	13.3127600443	11.0003074884
1980.0	352.0	11.9965112487	11.98740442
1980.0	425.0	5.35675797019	6.77889295106
1990.0	108.0	7.66092999037	7.42231977109
1990.0	233.0	6.06202655254	8.51991618997
1990.0	239.0	1.91207552095	3.34553307238
1990.0	242.0	3.40301035754	3.97822020142
1990.0	350.0	13.3721112052	10.9454157345
1990.0	352.0	12.2069763583	11.7582910123
1990.0	425.0	4.95266495971	6.81707851901
2000.0	108.0	7.36901488332	7.46074399884
2000.0	233.0	6.10454050469	8.4955728904
2000.0	239.0	1.32529879531	3.23718152331
2000.0	242.0	3.9182289459	3.84647999198
2000.0	350.0	13.4314623661	10.8902853207
2000.0	352.0	12.4029193753	11.5492250277
2000.0	425.0	4.54120567039	6.83879656079
2010.0	108.0	7.07709977627	7.4994068864
2010.0	233.0	6.14726492194	8.47146825063
2010.0	239.0	0.738522069676	3.12859131444
2010.0	242.0	4.43365799937	3.71497844234
2010.0	350.0	13.490813527	10.835154907
2010.0	352.0	12.540563557	11.4208260555
2010.0	425.0	4.16026382197	6.83951254019
2020.0	108.0	6.78518466922	7.53783111415
2020.0	233.0	6.18977887409	8.44736361086
2020.0	239.0	0.15174534404	3.02023976537
2020.0	242.0	4.96529286629	3.5818062741
2020.0	350.0	13.5749995708	10.6800260372
2020.0	352.0	12.6779972736	11.2921884234
2020.0	425.0	3.80941848422	6.81970377681
2030.0	108.0	6.46885560945	7.55477595993
2030.0	233.0	6.23250329134	8.42325897109
2030.0	242.0	5.50408354693	3.44815678626
2030.0	350.0	13.6591856147	10.5248971674
2030.0	352.0	12.8072228509	11.1124775943
2030.0	425.0	3.46404523933	6.79941769384
2040.0	108.0	6.15000096837	7.56909554791
2040.0	233.0	6.27501724349	8.39891567152
2040.0	242.0	6.05150329706	3.34433977338
2040.0	350.0	13.7393728215	10.2521090163
2040.0	352.0	12.9305554052	10.8986384137
2040.0	425.0	3.16644757432	6.77459707467
2050.0	108.0	5.83114632728	7.58365379569
2050.0	233.0	6.31774166074	8.37481103174
2050.0	242.0	6.6338602554	3.36032997997
2050.0	350.0	13.8195600282	9.97932086522
2050.0	352.0	13.0538879594	10.6845605734
2050.0	425.0	2.86884990931	6.7500151153
2060.0	108.0	5.49987424473	7.64952390042
2060.0	233.0	6.3802497983	8.3311362884
2060.0	242.0	7.21621721373	3.37632018655
2060.0	350.0	13.9117437462	9.89650591472
2060.0	352.0	13.2087902801	10.4532992274
2060.0	425.0	2.56998945364	6.72662645492
2070.0	108.0	5.16039402291	7.7495223565
2070.0	233.0	6.62312653481	8.11085329326
2070.0	242.0	7.79583812564	3.39779956852
2070.0	350.0	14.0051902549	9.83445436679
2070.0	352.0	13.3771623678	10.2146394277
2070.0	425.0	2.26607783534	6.70896562974
2080.0	108.0	4.82091380108	7.84952081258
2080.0	233.0	6.86600327131	7.89057029813
2080.0	242.0	8.36472531696	3.44195163147
2080.0	350.0	14.1177890886	9.75688993189
2080.0	352.0	13.5375367813	9.98433272101
2080.0	425.0	1.96195575193	6.69130480457
2090.0	108.0	4.49532427649	7.92613060828
2090.0	233.0	7.20590442336	7.72971359312
2090.0	242.0	8.93382297338	3.48610369441
2090.0	350.0	14.306786757	9.61608065005
2090.0	352.0	13.665499568	9.78719972645
2090.0	425.0	1.65614994764	6.70992026894
2100.0	108.0	4.18362544914	7.97911308382
2100.0	233.0	7.64304045605	7.62876049784
2100.0	242.0	9.50565667624	3.50376451959
2100.0	350.0	14.4955739603	9.47551002802
2100.0	352.0	13.7936728197	9.59006673189
2100.0	425.0	1.34866042248	6.76505068268
2110.0	108.0	3.87171615667	8.03233421916
2110.0	233.0	8.08017648874	7.52780740256
2110.0	242.0	10.0804368906	3.4944567874
2110.0	350.0	14.6845716288	9.33470074619
2110.0	352.0	14.0032960689	9.44639353246
2110.0	425.0	1.04096043221	6.82018109641
2120.0	108.0	3.62904988527	8.09056721029
2120.0	233.0	8.45185787234	7.50131616479
2120.0	242.0	10.655217105	3.48538771502
2120.0	350.0	14.8733588321	9.19389146436
2120.0	352.0	14.2217588527	9.30868682802
2120.0	425.0	0.76461974327	6.90514398511
2130.0	108.0	3.40343128775	8.15023216021
2130.0	233.0	8.81596251199	7.48293936022
2130.0	242.0	11.1483368569	3.48443307582
2130.0	352.0	14.4425367527	9.13541981343
2130.0	425.0	0.491856961195	6.9936867708
2140.0	108.0	3.17802315535	8.20989711014
2140.0	233.0	9.11524389788	7.47243832903
2140.0	242.0	11.632406609	3.48443307582
2140.0	352.0	14.6685762805	8.87909918854
2140.0	425.0	0.21909417912	7.0819908967
2150.0	108.0	2.99239292866	8.20297597595
2150.0	233.0	9.26256947462	7.48031410242
2150.0	242.0	12.1164763611	3.48443307582
2150.0	352.0	14.8946158082	8.62277856365
2160.0	108.0	2.80655223686	8.19581618196
2160.0	233.0	9.40989505136	7.48842853561
2160.0	242.0	12.6194879731	3.53598359255
2170.0	108.0	2.62092201017	8.18889504777
2170.0	233.0	9.57216365088	7.46265327724
2170.0	242.0	13.1246042362	3.59326194449
2180.0	108.0	2.35236853028	8.09247648868
2180.0	233.0	9.76957992371	7.35812028497
2180.0	242.0	13.6147774766	3.68872586437
2190.0	108.0	2.02846272657	7.93639297967
2190.0	233.0	9.96678573143	7.25382595249
2190.0	242.0	14.0824309502	3.84099081659
2190.0	323.0	7.64261952583	11.9902683376
2200.0	108.0	1.70476738797	7.78030947066
2200.0	233.0	10.1543101441	7.1605099708
2200.0	242.0	14.5500844237	3.99349442861
2200.0	323.0	7.5304416224	11.8470724578
2210.0	108.0	1.25752903001	7.75047699569
2210.0	233.0	10.2530182805	7.16790842459
2210.0	242.0	15.0179483624	4.14599804062
2210.0	323.0	7.41826371897	11.7038765779
2220.0	108.0	0.810290672058	7.72064452073
2220.0	233.0	10.3515159518	7.17554553818
2220.0	323.0	7.30587535043	11.5606806981
2230.0	108.0	0.363052314104	7.69081204577
2230.0	233.0	10.4502240882	7.18294399198
2230.0	323.0	7.2745160491	11.3909935805
2240.0	233.0	10.4615892042	7.20370739455
2240.0	323.0	7.29703581583	11.2034069779
2250.0	233.0	10.463272925	7.22590275592
2250.0	323.0	7.31976604767	11.0158203754
2260.0	126.0	15.2239937048	3.4958887462
2260.0	233.0	10.4647461808	7.2480981173
2260.0	323.0	7.42247302116	10.7952987204
2270.0	126.0	14.5742879113	3.52691452017
2270.0	233.0	10.4664299017	7.27029347867
2270.0	323.0	7.54517418008	10.5666626323
2280.0	126.0	13.9245821179	3.55817895393
2280.0	233.0	10.4681136226	7.29248884004
2280.0	323.0	7.66450789723	10.294113141
2290.0	126.0	13.316127486	3.5798969957
2290.0	233.0	10.4697973434	7.31468420142
2290.0	323.0	7.77836952154	9.95617086465
2300.0	126.0	12.8040658743	3.5798969957
2300.0	233.0	10.4712705992	7.33687956279
2300.0	323.0	7.89244161096	9.61798992845
2310.0	126.0	12.2917937975	3.5798969957
2310.0	233.0	10.4729543201	7.35907492416
2310.0	323.0	8.01872067673	9.4079693047
2320.0	126.0	11.8327693934	3.5798969957
2320.0	233.0	10.474638041	7.38127028554
2320.0	323.0	8.14499974251	9.19794868096
2330.0	126.0	11.4977089388	3.5798969957
2330.0	233.0	10.4763217618	7.40346564691
2330.0	323.0	8.34346834088	9.00200898539
2340.0	126.0	11.1624380192	3.5798969957
2340.0	134.0	14.9823797589	5.20278363375
2340.0	233.0	10.4777950176	7.42566100828
2340.0	323.0	8.61412647186	8.82015021801
2350.0	126.0	10.8000171004	3.56891864491
2350.0	134.0	14.5157786109	5.20278363375
2350.0	233.0	10.4794787385	7.44785636966
2350.0	252.0	0.158269762438	6.14405788382
2350.0	323.0	8.92940320608	8.68506877137
2360.0	126.0	10.4197066473	3.55054184034
2360.0	134.0	14.0489669977	5.20278363375
2360.0	233.0	10.4811624594	7.47005173103
2360.0	252.0	0.524689518296	6.329735208
2360.0	323.0	9.31202877538	8.61991464605
2370.0	126.0	10.0391857291	3.53216503576
2370.0	134.0	13.6027809653	5.23667332531
2370.0	233.0	10.5036822261	7.46575585464
2370.0	252.0	0.890898809045	6.51541253218
2370.0	323.0	9.69318108891	8.57313732531
2380.0	126.0	9.92216712819	3.48801297281
2380.0	134.0	13.2039495826	5.34979807038
2380.0	233.0	10.5262019928	7.46145997824
2380.0	252.0	1.24763716986	6.70299913475
2380.0	323.0	10.0671775887	8.59962856307
2390.0	126.0	9.80535899234	3.44386090987
2390.0	134.0	12.7510286667	5.45433106265
2390.0	233.0	10.5487217595	7.45716410185
2390.0	252.0	1.51598018463	6.9087238821
2390.0	323.0	10.4203380427	8.5755239233
2400.0	126.0	9.73106480865	3.40352740371
2400.0	134.0	12.2166577533	5.54597642574
2400.0	233.0	10.5714519914	7.45310688525
2400.0	252.0	1.78453366451	7.11444862946
2400.0	323.0	10.7415078	8.47504814762
2400.0	385.0	15.1351774285	3.6662918432
2410.0	126.0	9.75589969158	3.37202431015
2410.0	134.0	11.6824973051	5.63786044863
2410.0	233.0	10.5939717581	7.44881100886
2410.0	252.0	2.06339993477	7.32065069641
2410.0	323.0	11.0551008133	8.35953680456
2410.0	385.0	14.9333413884	3.23885214191
2420.0	126.0	9.78073457452	3.34052121659
2420.0	134.0	11.2268403428	5.71757282174
2420.0	233.0	10.6164915248	7.44451513246
2420.0	252.0	2.38372783162	7.52804606236
2420.0	323.0	11.3613275478	8.22946721372
2420.0	385.0	14.7317158133	2.81117378082
2430.0	126.0	9.80577992256	3.30925678283
2430.0	134.0	10.7907566356	5.79442127724
2430.0	233.0	10.6390112916	7.44021925607
2430.0	252.0	2.70405572847	7.73568008811
2430.0	323.0	11.6551368408	8.17242752159
2430.0	385.0	14.6892018612	2.26297222088
2440.0	126.0	9.8306148055	3.27775368926
2440.0	134.0	10.3548833936	5.87103107295
2440.0	233.0	10.6615310583	7.43592337967
2440.0	252.0	2.97429292923	7.87434143175
2440.0	323.0	11.9205333441	8.28674556565
2440.0	385.0	14.7018297678	1.70355365035
2450.0	126.0	9.85566015354	3.2464892555
2450.0	134.0	10.0842252626	5.9989527256
2450.0	233.0	10.684050825	7.43162750328
2450.0	252.0	3.23905803714	8.00512700199
2450.0	323.0	12.1859298473	8.40082494991
2450.0	385.0	14.8636774371	1.15296549242
2460.0	126.0	9.88049503648	3.21498616194
2460.0	134.0	9.81377759673	6.12663571844
2460.0	233.0	10.7065705918	7.42733162688
2460.0	252.0	3.50382314505	8.13591257223
2460.0	323.0	12.5153077439	8.75356413389
2470.0	126.0	9.90532991942	3.18348306838
2470.0	134.0	9.54669737261	6.26553572188
2470.0	233.0	10.7293008236	7.42327441029
2470.0	252.0	3.80541964714	8.28030175106
2470.0	323.0	12.8446856404	9.10654197767
2480.0	126.0	10.2664880475	3.01546656938
2480.0	134.0	9.29413924106	6.44858778826
2480.0	233.0	10.7766554733	7.39797647152
2480.0	252.0	4.11606614895	8.42803216708
2480.0	323.0	13.0717774937	9.43016466608
2490.0	126.0	10.7716043106	2.78873975965
2490.0	134.0	9.04158110951	6.63163985464
2490.0	233.0	10.8305345413	7.36742801715
2490.0	252.0	4.48059171882	8.56024969612
2490.0	323.0	13.254671674	9.7413770449
2500.0	126.0	11.3209182468	2.57585521831
2500.0	134.0	8.79007530351	6.81135068382
2500.0	233.0	10.8842031443	7.33711822259
2500.0	252.0	4.86847891586	8.68602341057
2500.0	323.0	13.41020539	10.0435203513
2510.0	126.0	11.8891740427	2.36917583176
2510.0	134.0	8.5427787997	6.97841254362
2510.0	233.0	10.9378717472	7.30656976823
2510.0	252.0	5.10588355952	8.77790743346
2510.0	323.0	13.5240670143	10.3320600492
2520.0	126.0	12.4574298387	2.1622577854
2520.0	134.0	8.29548229589	7.14547440342
2520.0	233.0	11.0125868612	7.27625997366
2520.0	252.0	5.30582541366	8.86143836336
2520.0	255.0	0.24729650381	3.89349597253
2520.0	323.0	13.6381391037	10.6203610872
2530.0	126.0	13.0482054015	2.01667530758
2530.0	134.0	8.04818579208	7.31253626322
2530.0	233.0	11.2756682482	7.2464274987
2530.0	252.0	5.4882986637	8.95881156164
2530.0	255.0	0.615610445655	3.92762432388
2530.0	323.0	13.6697088702	10.9306188269
2540.0	126.0	13.6486623592	1.89734540772
2540.0	134.0	7.81646370638	7.47697286522
2540.0	233.0	11.5387496352	7.21659502374
2540.0	252.0	5.66635214645	9.06000331672
2540.0	255.0	0.983924387499	3.96175267524
2540.0	323.0	13.7012786366	11.2408765665
2550.0	126.0	14.249119317	1.77801550787
2550.0	134.0	7.64661836291	7.63090843604
2550.0	233.0	11.8140379986	7.23544914791
2550.0	252.0	5.86145330307	9.19031156737
2550.0	255.0	1.32971856261	4.04409030614
2550.0	323.0	13.4645053883	11.5492250277
2560.0	126.0	14.8495762747	1.65868560801
2560.0	134.0	7.47698348456	7.78484400685
2560.0	233.0	12.0947984549	7.27506667467
2560.0	252.0	6.1245346901	9.43899507867
2560.0	255.0	1.62310692543	4.23955268211
2560.0	323.0	13.22773214	11.8573348292
2570.0	134.0	7.31492535014	7.94593937166
2570.0	233.0	12.3309403079	7.32160533561
2570.0	252.0	6.38761607713	9.68767858997
2570.0	255.0	1.91649528825	4.43477639828
2570.0	323.0	12.9913798219	12.1064956601
2580.0	134.0	7.2221102368	8.17051824319
2580.0	233.0	12.4635333269	7.38341822373
2580.0	252.0	6.68921257923	9.79531415964
2580.0	255.0	2.20988365107	4.63000011444
2580.0	323.0	12.755448434	12.316277624
2590.0	134.0	7.12929512346	8.39509711472
2590.0	233.0	12.5959158809	7.44523111186
2590.0	252.0	7.00028001125	9.86810539855
2590.0	255.0	2.71184293752	4.76770681888
2590.0	323.0	12.5195170461	12.526059588
2600.0	134.0	7.036269545	8.61991464605
2600.0	233.0	12.6510577396	7.47005173103
2600.0	252.0	7.33113116359	9.93421416307
2600.0	255.0	3.21359175887	4.90541352331
2600.0	323.0	12.2911624021	12.7219992835
2610.0	134.0	6.89294280535	8.80463733103
2610.0	233.0	12.6544251813	7.47005173103
2610.0	252.0	7.68197650133	9.993879113
2610.0	255.0	3.78753011282	4.92307434849
2610.0	323.0	12.0806972925	12.8861972257
2620.0	134.0	6.72814862451	8.97241517023
2620.0	233.0	12.6580030882	7.47005173103
2620.0	252.0	8.03261137397	10.0633291147
2620.0	255.0	4.46943706801	4.76078568468
2620.0	323.0	11.8702321829	13.0501565081
2630.0	134.0	6.56314397856	9.13995434963
2630.0	233.0	12.6615809951	7.47005173103
2630.0	252.0	8.3809311304	10.2196512835
2630.0	255.0	5.15134402319	4.59849702088
2630.0	323.0	11.6597670733	13.2143544503
2640.0	134.0	6.39813933262	9.30773218882
2640.0	233.0	12.6649484368	7.47005173103
2640.0	252.0	8.72925088683	10.3759734523
2640.0	255.0	5.88691958134	4.53119495736
2640.0	323.0	11.4493019636	13.3783137327
2650.0	134.0	6.28680328962	9.58839611329
2650.0	233.0	12.6685263437	7.47005173103
2650.0	252.0	9.05168343477	10.5392167553
2650.0	255.0	6.62859862766	4.47439392503
2650.0	323.0	11.238836854	13.5425116749
2660.0	134.0	6.17525678152	9.86929869755
2660.0	233.0	12.6718937854	7.47005173103
2660.0	252.0	9.27056714879	10.7301445951
2660.0	255.0	7.36964627865	4.37129289155
2670.0	134.0	6.06392073853	10.149962622
2670.0	233.0	12.6754716923	7.47005173103
2670.0	252.0	9.4894508628	10.9210724349
2670.0	255.0	8.11048346453	4.25673618769
2680.0	134.0	5.90649283653	10.4463780933
2680.0	233.0	12.6788391341	7.47005173103
2680.0	252.0	9.55006481437	11.1625961522
2680.0	255.0	8.84858460399	4.14241814363
2690.0	134.0	5.71854749364	10.7532945957
2690.0	233.0	12.6824170409	7.47005173103
2690.0	252.0	9.54269853553	11.4260765711
2690.0	255.0	9.58079272037	4.02810009956
2700.0	134.0	5.53081261585	11.0602110981
2700.0	233.0	12.6857844827	7.47005173103
2700.0	252.0	9.5355427218	11.6893183302
2700.0	255.0	10.3127903717	3.9140207153
2710.0	134.0	5.2826742516	11.2100894523
2710.0	233.0	12.6893623895	7.47005173103
2710.0	252.0	9.37074854097	11.8317982306
2710.0	255.0	10.9877519782	3.88108566294
2720.0	134.0	5.01959286457	11.3210662592
2720.0	233.0	12.6927298313	7.47005173103
2720.0	252.0	9.16638691952	11.9442069963
2720.0	255.0	11.6627135848	3.84815061058
2730.0	134.0	4.75651147754	11.4318044063
2730.0	233.0	12.6963077382	7.47005173103
2730.0	252.0	8.96202529807	12.0566157619
2730.0	255.0	12.3368333309	3.83550164119
2740.0	134.0	4.49027311386	11.6802492578
2740.0	233.0	12.6996751799	7.47005173103
2740.0	252.0	8.75198111867	12.1544662798
2740.0	255.0	13.003165868	4.00447277939
2750.0	134.0	4.22382428507	11.9286941093
2750.0	233.0	12.7032530868	7.47005173103
2750.0	252.0	8.53309740466	12.2308374157
2750.0	255.0	13.6697088702	4.17344391759
2760.0	134.0	3.9575859214	12.176900301
2760.0	233.0	12.7066205285	7.47005173103
2760.0	252.0	8.31421369065	12.3072085516
2760.0	255.0	14.2870030367	4.493486709
2770.0	134.0	3.69134755772	12.4253451525
2770.0	233.0	12.7101984354	7.47005173103
2770.0	255.0	14.8834611574	4.87796764634
2780.0	134.0	3.42489872894	12.667823509
2780.0	233.0	12.7135658771	7.47005173103
2790.0	134.0	3.1573975746	12.8568420704
2790.0	233.0	12.717143784	7.47005173103
2800.0	134.0	2.88989642027	13.0458606317
2800.0	233.0	12.7205112258	7.47005173103
2810.0	134.0	2.62239526593	13.2346405333
2810.0	233.0	12.7240891326	7.47005173103
2820.0	134.0	2.35510457671	13.4236590947
2820.0	233.0	12.7276670395	7.47005173103
2830.0	134.0	2.08760342238	13.6126776561
2830.0	233.0	12.7310344812	7.47005173103
2840.0	233.0	12.7346123881	7.47005173103
2850.0	233.0	12.7379798299	7.47005173103
2860.0	233.0	12.7415577367	7.47005173103
2870.0	233.0	12.7449251785	7.47005173103
2880.0	233.0	12.7485030853	7.47005173103
2890.0	233.0	12.7518705271	7.47005173103
2900.0	233.0	12.755448434	7.47005173103
2900.0	355.0	11.3625903385	12.6095905179
2910.0	233.0	12.7588158757	7.47005173103
2910.0	355.0	11.5650577739	12.3983765951
2920.0	233.0	12.7623937826	7.47005173103
2920.0	355.0	11.7675252094	12.1871626724
2930.0	233.0	12.7657612243	7.47005173103
2930.0	355.0	11.9481042734	11.9878817396
2940.0	233.0	12.7693391312	7.47005173103
2940.0	355.0	12.1196333378	11.7933740028
2950.0	149.0	14.7306634878	1.81238251902
2950.0	233.0	12.772706573	7.47005173103
2950.0	355.0	12.2911624021	11.5988662661
2960.0	149.0	14.0925332754	2.12550417625
2960.0	233.0	12.7807042471	7.47554090642
2960.0	355.0	12.3263100754	11.3761966729
2970.0	149.0	13.4546135281	2.43886449327
2970.0	233.0	12.7988042465	7.4934403914
2970.0	355.0	12.3612472836	11.15328842
2980.0	149.0	12.8230077342	2.75341810929
2980.0	233.0	12.816904246	7.51133987638
2980.0	355.0	12.3963949569	10.9306188269
2990.0	149.0	12.2475961244	3.0794273957
2990.0	233.0	12.8350042454	7.52923936136
2990.0	355.0	12.4315426303	10.6919590272
3000.0	149.0	11.6723949798	3.40567534191
3000.0	233.0	12.8531042448	7.54737750614
3000.0	355.0	12.4664798384	10.4532992274
3010.0	149.0	11.1009822072	3.72858205092
3010.0	233.0	12.8712042443	7.56527699112
3010.0	355.0	12.5016275118	10.2146394277
3020.0	149.0	10.5647171079	4.02094030557
3020.0	233.0	12.8893042437	7.5831764761
3020.0	355.0	12.4414344904	10.0509188051
3030.0	149.0	10.0282415434	4.31353722002
3030.0	233.0	12.9074042431	7.60107596107
3030.0	355.0	12.3814519342	9.88743684233
3040.0	149.0	9.49197644411	4.60613413447
3040.0	233.0	12.9255042425	7.61921410585
3040.0	355.0	12.3212589128	9.72371621973
3050.0	149.0	8.97528459998	4.9171078535
3050.0	233.0	12.943604242	7.63711359083
3050.0	355.0	12.2454914733	9.56405281372
3060.0	149.0	8.45880322096	5.22808157252
3060.0	233.0	12.9617042414	7.65501307581
3060.0	355.0	12.1539391507	9.4084466243
3070.0	149.0	7.94211137683	5.53905529155
3070.0	233.0	12.9798042408	7.67315122059
3070.0	355.0	12.0527054329	9.25904558968
3080.0	149.0	7.45362185739	5.77485117367
3080.0	233.0	12.9979042403	7.69105070557
3080.0	355.0	11.9123252048	9.13541981343
3090.0	149.0	6.97691838409	5.97842798282
3090.0	233.0	13.0160042397	7.70895019054
3090.0	355.0	11.7719449767	9.01155537738
3100.0	149.0	6.50021491078	6.18200479198
3100.0	233.0	13.0341042391	7.72684967552
3100.0	355.0	11.6936519559	8.93948011787
3110.0	149.0	6.03298236742	6.36648881716
3110.0	233.0	13.0522042385	7.7449878203
3110.0	355.0	11.6774461425	8.91895537509
3120.0	149.0	5.58721726523	6.50705943919
3120.0	233.0	13.070304238	7.76288730528
3120.0	355.0	11.6610298639	8.89819197252
3130.0	149.0	5.14145216304	6.64739140142
3130.0	233.0	13.0884042374	7.78078679026
3130.0	355.0	11.6446135854	8.87766722974
3140.0	149.0	4.69589752596	6.78772336365
3140.0	233.0	13.1065042368	7.79868627524
3140.0	355.0	11.6284077719	8.85714248697
3150.0	149.0	4.24865916801	6.96289965664
3150.0	233.0	13.1673286535	7.86694297795
3150.0	355.0	11.6119914934	8.83661774419
3160.0	149.0	3.80142081006	7.14189450642
3160.0	233.0	13.2462530696	7.95644040285
3160.0	355.0	11.5957856799	8.81609300141
3170.0	149.0	3.3541824521	7.32088935621
3170.0	233.0	13.3251774857	8.04593782774
3170.0	355.0	11.5793694014	8.79532959884
3180.0	149.0	2.99912781216	7.38771410013
3180.0	233.0	13.3655867868	8.09319246808
3180.0	260.0	0.519427890556	6.10348571787
3180.0	355.0	11.5631635879	8.77480485606
3190.0	149.0	2.68343014773	7.40656822431
3190.0	233.0	13.367901903	8.09820432388
3190.0	260.0	0.818498811334	6.14739912102
3190.0	355.0	11.5467473094	8.75428011329
3200.0	149.0	2.36773248329	7.42542234848
3200.0	233.0	13.3702170192	8.10321617967
3200.0	260.0	1.11778019722	6.19131252417
3200.0	355.0	11.5303310308	8.73375537051
3210.0	149.0	2.05203481885	7.44427647266
3210.0	233.0	13.3723216703	8.10846669526
3210.0	260.0	1.416851118	6.23522592731
3210.0	355.0	11.5141252174	8.71323062774
3220.0	149.0	1.69929529512	7.38556616193
3220.0	233.0	13.3746367865	8.11347855106
3220.0	260.0	1.72581389893	6.26123984548
3220.0	355.0	11.4082612673	8.4962888698
3230.0	149.0	1.34234646919	7.31802543861
3230.0	233.0	13.3769519027	8.11872906665
3230.0	260.0	2.04151156337	6.27532077367
3230.0	355.0	11.292505457	8.25762907009
3240.0	149.0	0.985608108376	7.25048471529
3240.0	233.0	13.3792670189	8.12374092245
3240.0	260.0	2.35720922781	6.28940170185
3240.0	355.0	11.2506229001	8.06192803432
3250.0	149.0	0.628659282451	7.18318265178
3250.0	233.0	13.38137167	8.12875277824
3250.0	260.0	2.69711037985	6.30419860943
3250.0	355.0	11.2169484826	7.87100019455
3260.0	149.0	0.271710456527	7.11564192846
3260.0	233.0	13.3836867862	8.13400329383
3260.0	260.0	3.13424641254	6.32257541401
3260.0	355.0	11.1935868554	7.64618266322
3270.0	233.0	13.3860019024	8.13901514963
3270.0	260.0	3.57138244524	6.34095221859
3270.0	355.0	11.1853787162	7.37100791415
3270.0	415.0	4.94235216934	-0.143195879828
3280.0	233.0	13.3881065535	8.14426566522
3280.0	260.0	4.02514522159	6.30658520743
3280.0	355.0	11.177381042	7.09559450528
3280.0	415.0	5.00380798135	0.0954639198854
3290.0	233.0	13.3904216697	8.14927752102
3290.0	260.0	4.48985218364	6.23689654591
3290.0	355.0	11.2817717364	7.01922336937
3290.0	415.0	5.06526379336	0.334123719599
3300.0	233.0	13.3927367859	8.15428937681
3300.0	260.0	4.97181728468	6.19417644176
3300.0	355.0	11.4141542903	6.9927321316
3300.0	415.0	5.12229983807	0.618128881258
3310.0	233.0	13.394841437	8.1595398924
3310.0	260.0	5.52218354635	6.25837592789
3310.0	355.0	11.5509566116	6.96266099684
3310.0	415.0	5.162498674	1.0842314701
3320.0	233.0	13.3971565532	8.1645517482
3320.0	260.0	6.07276027313	6.32257541401
3320.0	355.0	11.7248007921	6.90037078911
3320.0	415.0	5.19638355665	1.53768508955
3330.0	233.0	13.3994716694	8.16980226379
3330.0	260.0	6.57829746646	6.39083211673
3330.0	355.0	11.8986449727	6.83808058139
3330.0	415.0	5.17638937124	1.87849128354
3340.0	233.0	13.4015763205	8.17481411958
3340.0	260.0	7.0537381491	6.46147541744
3340.0	355.0	12.1690926385	6.62710531844
3340.0	415.0	5.15639518583	2.21953613734
3350.0	233.0	13.4038914367	8.17982597538
3350.0	260.0	7.52917883174	6.53211871816
3350.0	355.0	12.463743792	6.37889912674
3350.0	415.0	5.00612309755	2.48086861802
3360.0	233.0	13.4062065529	8.18507649097
3360.0	260.0	7.96210556224	6.70228315535
3360.0	355.0	12.7304030859	6.11494138826
3360.0	415.0	4.85564054417	2.74220109871
3370.0	233.0	13.4259902732	8.18794040857
3370.0	260.0	8.39040206033	6.88318728354
3370.0	355.0	12.9316077307	5.81399138082
3370.0	415.0	4.55656962339	3.09947481888
3380.0	233.0	13.4504042259	8.19008834677
3380.0	260.0	8.81848809331	7.06433007152
3380.0	355.0	13.1330228406	5.51304137338
3380.0	415.0	4.24087195895	3.46748823004
3390.0	233.0	13.4746077136	8.19247494476
3390.0	260.0	9.21689854583	7.25191667409
3390.0	355.0	13.369796089	5.1650753854
3390.0	415.0	3.92285917831	3.80710112503
3400.0	233.0	13.4988112012	8.19486154276
3400.0	260.0	9.61530899835	7.43926461687
3400.0	355.0	13.6065693373	4.81687073762
3400.0	415.0	3.60253128146	4.11855216365
3410.0	233.0	13.5232251539	8.19700948096
3410.0	260.0	10.0208752646	7.58460843489
3410.0	355.0	13.7498960769	4.46842743003
3410.0	415.0	3.2908324541	4.42093412989
3420.0	233.0	13.5474286415	8.19939607896
3420.0	260.0	10.4559066462	7.56074245492
3420.0	355.0	13.830714679	4.11974546265
3420.0	415.0	3.0130185094	4.68823310557
3430.0	233.0	13.5718425942	8.20154401715
3430.0	260.0	10.8909380278	7.53687647495
3430.0	355.0	13.9117437462	3.77082483547
3430.0	415.0	2.73520456469	4.95553208125
3440.0	233.0	13.5960460818	8.20393061515
3440.0	260.0	11.3230228979	7.51277183518
3440.0	355.0	14.1668274591	3.47440936423
3440.0	415.0	2.42518945821	5.05505321773
3450.0	233.0	13.6202495694	8.20631721315
3450.0	260.0	11.7439531171	7.48699657681
3450.0	355.0	14.421911172	3.17775523318
3450.0	415.0	2.10149411961	5.0824990947
3460.0	233.0	13.6446635221	8.20846515134
3460.0	260.0	12.1648833364	7.46145997824
3460.0	355.0	14.6769948848	2.88133976194
3460.0	415.0	1.7710638975	5.10302383747
3470.0	233.0	13.7831495643	8.12946875764
3470.0	260.0	12.5454042546	7.40800018311
3470.0	355.0	14.9194506911	2.54172686695
3470.0	415.0	1.38254530513	5.06030373332
3480.0	233.0	14.0933751359	7.92851720628
3480.0	260.0	12.8653112212	7.31253626322
3480.0	355.0	15.1562239395	2.18373716738
3480.0	415.0	0.994026712761	5.01734496938
3490.0	233.0	14.3899204753	7.7497610163
3490.0	260.0	13.1852181878	7.21707234333
3490.0	415.0	0.605508120393	4.97462486523
3500.0	233.0	14.6729960478	7.59343884748
3500.0	260.0	13.4066274831	7.19821821916
3500.0	415.0	0.216989528024	4.93166610128
3510.0	233.0	14.9560716202	7.43711667867
3510.0	260.0	13.6170925928	7.18771718797
3520.0	165.0	0.379679057764	8.10560277767
3520.0	260.0	13.7825181689	7.32184399541
3520.0	262.0	0.297176734791	6.30706252703
3530.0	165.0	0.675803467008	8.08794195249
3530.0	260.0	13.9178472344	7.55191204233
3530.0	262.0	0.693693001326	6.2428630409
3540.0	165.0	0.97213834136	8.07028112731
3540.0	260.0	14.0529658348	7.78198008926
3540.0	262.0	1.09041973297	6.17842489498
3550.0	165.0	1.19965112487	8.10989865406
3550.0	260.0	14.2230216434	8.04784710614
3550.0	262.0	1.47662320913	6.12019190385
3560.0	165.0	1.41011623449	8.163597109
3560.0	260.0	14.4014960563	8.32278319541
3560.0	262.0	1.83820226747	6.07532386151
3570.0	165.0	1.62058134412	8.21753422373
3570.0	260.0	14.5801809344	8.59748062488
3570.0	262.0	2.19999179092	6.03069447896
3580.0	165.0	1.825784826	8.25166257509
3580.0	260.0	14.7085646513	8.87122341515
3580.0	262.0	2.58514294153	5.98940633361
3590.0	165.0	2.02867319168	8.27719917366
3590.0	260.0	14.786647207	9.14401156622
3590.0	262.0	3.18160106221	5.97938262202
3600.0	165.0	2.23177202247	8.30273577223
3600.0	260.0	14.8649402277	9.41679971729
3600.0	262.0	3.77784871778	5.96935891043
3610.0	165.0	2.46917666613	8.35595690757
3610.0	260.0	14.9430227834	9.68958786837
3610.0	262.0	4.43281613893	5.99227025121
3620.0	165.0	2.71058014687	8.4120419605
3620.0	262.0	5.11261844302	6.02902386036
3630.0	165.0	2.95198362761	8.46812701343
3630.0	262.0	5.79115795646	6.0772331399
3640.0	165.0	3.16792083008	8.47695742602
3640.0	262.0	6.45622770287	6.22997541172
3650.0	165.0	3.35797082408	8.43853319827
3650.0	262.0	7.12129744929	6.38271768354
3650.0	279.0	14.7388716271	7.40203368811
3660.0	165.0	3.54802081807	8.40010897051
3660.0	262.0	7.82025207836	6.50515016079
3660.0	279.0	14.5494530284	7.4139666781
3670.0	165.0	3.7498568582	8.34378525778
3670.0	262.0	8.54193693926	6.60753521487
3670.0	279.0	14.3600344297	7.42589966808
3680.0	165.0	3.96958243265	8.26073164748
3680.0	262.0	9.26341133506	6.70968160914
3680.0	279.0	14.1706158311	7.43783265807
3690.0	165.0	4.1893080071	8.16669968639
3690.0	262.0	9.94195084849	6.71039758854
3690.0	279.0	13.968779791	7.44379915306
3700.0	165.0	4.40966497687	7.97362390843
3700.0	262.0	10.6095461762	6.68581562917
3700.0	279.0	13.7378995657	7.43616203947
3710.0	165.0	4.63023241176	7.78030947066
3710.0	262.0	11.2773519691	6.66099501
3710.0	279.0	13.5070193404	7.42852492588
3710.0	361.0	13.6726553817	12.2399064881
3720.0	165.0	5.05873937496	7.82302957481
3720.0	262.0	11.945368227	6.62113882345
3720.0	279.0	13.2742449292	7.42399038969
3720.0	361.0	13.5960460818	11.9687889556
3730.0	165.0	5.48703587305	7.86551101916
3730.0	262.0	12.6131740199	6.5798506781
3730.0	279.0	13.033893774	7.43258214248
3730.0	361.0	13.5194367819	11.6976714232
3740.0	165.0	5.91533237114	7.90226462831
3740.0	262.0	13.2287844655	6.52853882116
3740.0	279.0	12.7933321537	7.44117389527
3740.0	361.0	13.3792670189	11.4127116223
3750.0	165.0	6.34215561346	7.9161068967
3750.0	262.0	13.8090367728	6.47054448983
3750.0	279.0	12.5367751851	7.42876358568
3750.0	361.0	13.2319414422	11.1263198626
3760.0	165.0	6.76918932089	7.92971050528
3760.0	262.0	14.3894995451	6.4127888183
3760.0	279.0	12.2560147288	7.38532750213
3760.0	361.0	13.0536774943	10.7950600606
3770.0	165.0	7.19601256321	7.94331411386
3770.0	262.0	14.9697518523	6.35479448697
3770.0	279.0	11.9754647377	7.34213007838
3770.0	361.0	12.8718356396	10.4587884028
3780.0	165.0	7.61399627092	7.95811102144
3780.0	279.0	11.7033333509	7.30466048983
3780.0	361.0	12.7051472728	10.2306296343
3790.0	165.0	8.02819160667	7.97362390843
3790.0	279.0	11.5080217292	7.32184399541
3790.0	361.0	12.5447728592	10.0487708669
3800.0	165.0	8.44238694241	7.98889813561
3800.0	279.0	11.3124996424	7.33878884119
3800.0	361.0	12.2806391466	9.82085075821
3810.0	165.0	8.82564390704	8.04951772474
3810.0	279.0	11.135077555	7.3278104904
3810.0	361.0	11.9474728781	9.56238219512
3820.0	165.0	9.18869622114	8.13996978883
3820.0	279.0	10.9997484895	7.25096203489
3820.0	361.0	11.6589252128	9.33255280799
3830.0	165.0	9.55153807014	8.23042185292
3830.0	279.0	10.864419424	7.17435223919
3830.0	361.0	11.5490624256	9.21847342373
3840.0	165.0	9.87081364144	8.42469092988
3840.0	279.0	10.7425601255	7.08891203089
3840.0	361.0	11.4391996384	9.10439403947
3850.0	165.0	10.1715682831	8.6633507296
3850.0	279.0	10.634170594	6.9948800698
3850.0	361.0	11.3583810363	8.84425485778
3860.0	165.0	10.4721124596	8.90201052931
3860.0	279.0	10.5257810626	6.90084810871
3860.0	361.0	11.2809298759	8.56788680971
3870.0	165.0	10.7490845439	9.10153012187
3870.0	279.0	10.4173915311	6.80681614763
3870.0	361.0	11.2247356917	8.53208783976
3880.0	165.0	11.0233205817	9.29699249784
3880.0	361.0	11.1687519725	8.4962888698
3890.0	165.0	11.2975566196	9.492216214
3890.0	361.0	11.1125577882	8.46048989984
3890.0	362.0	14.437275125	12.5107853608
3900.0	165.0	11.5905240522	9.62562704204
3900.0	361.0	11.056363604	8.42469092988
3900.0	362.0	14.4309611717	12.3227214386
3910.0	165.0	11.8961193914	9.71798838453
3910.0	361.0	11.0003798848	8.38889195993
3910.0	362.0	14.4244367533	12.1346575164
3920.0	165.0	12.2015042654	9.81034972702
3920.0	361.0	10.9441857005	8.35309298997
3920.0	362.0	14.4181228	11.9468322541
3930.0	165.0	12.5121507672	9.91631467809
3930.0	361.0	10.5834485026	8.28483628725
3930.0	362.0	14.4168600093	11.7518471977
3940.0	165.0	12.8278484317	10.035644578
3940.0	361.0	10.2225008396	8.21681824433
3940.0	362.0	14.4168600093	11.5554301825
3950.0	165.0	13.1435460961	10.1549744778
3950.0	361.0	9.84892527004	8.21920484233
3950.0	362.0	14.4168600093	11.3587745076
3960.0	165.0	13.4668205045	10.2487677791
3960.0	361.0	9.47366597957	8.22970587352
3960.0	362.0	14.4071786143	11.1726198638
3970.0	165.0	13.7974611917	10.3170244818
3970.0	361.0	9.05357762076	8.21896618253
3970.0	362.0	14.3831855918	11.0022167668
3980.0	165.0	14.1643018778	10.3246615954
3980.0	361.0	8.60360321638	8.19414556336
3980.0	362.0	14.3591925693	10.8318136698
3990.0	165.0	14.585232097	10.2416079851
3990.0	361.0	8.153628812	8.16956360399
3990.0	362.0	14.3349890817	10.661171913
4000.0	165.0	15.0061623163	10.1585543748
4000.0	177.0	14.6361646536	5.27438157367
4000.0	361.0	7.67503115271	8.21085174934
4000.0	362.0	14.2888972227	10.5836074781
4010.0	177.0	14.1537786223	5.27438157367
4010.0	361.0	7.18380558685	8.28054041086
4010.0	362.0	14.2404902475	10.5163054146
4020.0	177.0	13.6713925911	5.27438157367
4020.0	361.0	6.67258583557	8.34473989698
4020.0	362.0	14.1918728072	10.4490033511
4030.0	177.0	13.1660658628	5.21972847953
4030.0	361.0	6.11443236484	8.39676773332
4030.0	362.0	14.1432553668	10.3817012875
4040.0	177.0	12.6550565767	5.15171043661
4040.0	361.0	5.55627889411	8.44855690986
4040.0	362.0	14.0662251367	10.2886239656
4050.0	177.0	12.1438368254	5.0834537339
4050.0	361.0	5.09493937381	8.43948783747
4050.0	362.0	13.9891949066	10.1955466438
4060.0	177.0	11.6909159095	5.05457589813
4060.0	179.0	14.5585030281	7.41969451329
4060.0	361.0	4.63338938841	8.43018010528
4060.0	362.0	13.9121646765	10.1022306621
4070.0	177.0	11.2382054587	5.02569806237
4070.0	179.0	14.126207693	7.51014657738
4070.0	361.0	4.22193009909	8.41705381629
4070.0	362.0	13.8353449115	10.0091533402
4080.0	177.0	10.7852845428	4.9965815668
4080.0	179.0	13.6939123578	7.60035998167
4080.0	361.0	3.88518592369	8.39796103232
4080.0	362.0	13.7223251476	9.9103481831
4090.0	177.0	10.3285752549	5.05362125893
4090.0	179.0	13.2616170226	7.69057338597
4090.0	361.0	3.54844174829	8.37886824834
4090.0	362.0	13.6053065466	9.81082704662
4100.0	177.0	9.869971781	5.14741456022
4100.0	179.0	12.8078542463	7.80703936823
4100.0	361.0	3.20622548004	8.31562340142
4100.0	362.0	13.4884984108	9.71154456994
4110.0	177.0	9.41157877223	5.24120786151
4110.0	179.0	12.3486193771	7.92994916508
4110.0	361.0	2.86358828156	8.2473666987
4110.0	362.0	13.3628507403	9.62896827924
4120.0	177.0	9.02242878454	5.48535683661
4120.0	179.0	11.8893845079	8.05285896193
4120.0	361.0	2.52074061798	8.17910999598
4120.0	362.0	13.2172088845	9.58624817509
4130.0	177.0	8.64085554079	5.7464506575
4130.0	179.0	11.4741368466	8.13543525263
4130.0	361.0	2.20609527909	8.09056721029
4130.0	362.0	13.0715670286	9.54328941114
4140.0	177.0	8.25949276214	6.00754447839
4140.0	179.0	11.1026659281	8.17767803718
4140.0	361.0	1.93375342724	7.97123731043
4140.0	362.0	12.9257147077	9.50056930699
4150.0	177.0	7.85034858903	6.22902077252
4150.0	179.0	10.7311950096	8.21968216193
4150.0	361.0	1.66141157538	7.85190741057
4150.0	362.0	12.7369275043	9.44663219226
4160.0	177.0	7.42941836978	6.43355222088
4160.0	179.0	10.3593031609	8.2492759771
4160.0	361.0	1.38906972353	7.73257751072
4160.0	362.0	12.4831065821	9.37646621114
4170.0	177.0	7.00848815053	6.63808366923
4170.0	179.0	9.9815182891	8.1650290678
4170.0	361.0	1.05632438521	7.61706616765
4170.0	362.0	12.2292856599	9.30630023003
4180.0	177.0	6.58313816398	6.86075326236
4180.0	179.0	9.60394388243	8.0807821585
4180.0	361.0	0.723789512002	7.50155482459
4180.0	362.0	11.9754647377	9.23613424891
4190.0	177.0	6.14010910822	7.15597543461
4190.0	179.0	9.22636947576	7.9965352492
4190.0	361.0	0.391044173684	7.38604348153
4190.0	362.0	11.7711031162	9.19532342316
4200.0	177.0	5.69686958734	7.45119760685
4200.0	179.0	8.83953460427	7.89486617452
4200.0	362.0	11.5665310297	9.15427393761
4210.0	177.0	5.25384053158	7.7464197791
4210.0	179.0	8.4487008957	7.78579864605
4210.0	362.0	11.3621694082	9.11346311186
4220.0	177.0	4.89836496142	8.08364607609
4220.0	179.0	8.05786718712	7.67673111758
4220.0	362.0	11.1329729039	9.0824373379
4230.0	177.0	4.67443008478	8.48387856021
4230.0	179.0	7.66661254833	7.5781646203
4230.0	362.0	10.8791519817	9.06143527552
4240.0	177.0	4.45028474303	8.88434970413
4240.0	179.0	7.27367418866	7.52255688697
4240.0	362.0	10.6253310594	9.04019455335
4250.0	177.0	4.27307312073	9.28840074505
4250.0	179.0	6.88073582899	7.46694915363
4250.0	185.0	14.7738088353	4.00566607839
4250.0	186.0	0.24161394585	5.85337024777
4250.0	362.0	10.3765612999	9.02014713017
4260.0	177.0	4.2046719601	9.70128219855
4260.0	179.0	6.50758118962	7.42709296708
4260.0	185.0	14.133994902	3.96748051044
4260.0	186.0	0.763988347941	5.9151831359
4260.0	362.0	10.1717787482	9.00725950099
4270.0	177.0	4.13648126458	10.1139249923
4270.0	179.0	6.21293003615	7.45095894705
4270.0	185.0	13.4941809688	3.92929494248
4270.0	186.0	1.28615228492	5.97699602402
4270.0	362.0	9.96699619654	8.994133212
4280.0	177.0	4.06829056906	10.5268064458
4280.0	179.0	5.91827888267	7.47482492703
4280.0	185.0	12.8709937791	3.95316092245
4280.0	186.0	1.79905575708	6.05312850013
4280.0	362.0	9.76221364487	8.98124558282
4290.0	177.0	3.91149406239	10.8571116086
4290.0	179.0	5.62846842672	7.48532595821
4290.0	185.0	12.2585403101	4.01807638798
4290.0	186.0	2.298068532	6.15026303862
4290.0	362.0	9.55006481437	8.94544661286
4300.0	177.0	3.69555685991	11.1325250174
4300.0	179.0	5.35781029574	7.44284451386
4300.0	185.0	11.6462973062	4.0832305133
4300.0	186.0	2.79687084181	6.2476362369
4300.0	362.0	9.32739272838	8.87528063174
4300.0	417.0	8.32831485299	5.56268261172
4310.0	177.0	3.47961965744	11.4079384263
4310.0	179.0	5.08715216476	7.40012440971
4310.0	185.0	11.0460508136	4.13096247324
4310.0	186.0	3.35039408013	6.21207592674
4310.0	362.0	9.10451017729	8.80511465063
4310.0	417.0	8.44238694241	5.42354394849
