430.0	11.0	0.126279065775	5.63857642803
440.0	11.0	0.547209285026	5.66936354219
450.0	11.0	0.968139504277	5.70015065636
460.0	11.0	1.39075344441	5.73236972932
470.0	11.0	1.82873133754	5.77747643146
480.0	11.0	2.26670923067	5.82258313361
490.0	11.0	2.7046871238	5.86768983575
500.0	11.0	3.14140222627	5.9151831359
510.0	11.0	3.57559174743	5.96601767324
520.0	11.0	4.0099917337	6.01685221058
530.0	11.0	4.44439171996	6.06744808812
540.0	11.0	4.87879170623	6.11828262545
550.0	11.0	5.29509169307	6.16792386379
560.0	11.0	5.70360447085	6.21708778254
570.0	11.0	6.11211724863	6.26625170128
580.0	11.0	6.54546490935	6.27269551587
590.0	11.0	7.03648001011	6.17985685378
600.0	11.0	7.52770557598	6.08725685149
610.0	11.0	8.01872067673	5.9944181894
620.0	11.0	8.52552066071	5.96649499284
630.0	11.0	9.0390555282	5.96649499284
640.0	11.0	9.555115977	5.96052849784
650.0	11.0	10.0812787511	5.93069602288
660.0	11.0	10.6074415251	5.90086354792
670.0	11.0	11.1336042992	5.87103107295
680.0	11.0	11.6597670733	5.79155735965
690.0	11.0	12.1859298473	5.71184498654
700.0	11.0	12.7120926214	5.63237127324
710.0	11.0	13.2382553954	5.55289755993
720.0	11.0	13.7364263099	5.48225425922
730.0	11.0	14.2274414107	5.4142362163
740.0	11.0	14.6054367476	5.2483676555
750.0	11.0	14.9348146441	5.04097228955
760.0	11.0	15.2641925407	4.8333382638
1170.0	22.0	0.34284766358	4.13215577224
1180.0	22.0	0.98918601524	4.14074752503
1190.0	22.0	1.6355243669	4.14933927782
1200.0	22.0	2.3090127177	4.1648521648
1210.0	22.0	3.00060106793	4.18537690757
1220.0	22.0	3.69218941816	4.20590165035
1230.0	22.0	4.38293590795	4.24026866151
1240.0	22.0	5.06694751423	4.39921608812
1250.0	22.0	5.75095912052	4.55840217453
1260.0	22.0	6.4349707268	4.71758826094
1270.0	22.0	7.09267419438	4.87080785235
1280.0	22.0	7.72406952326	5.01806094877
1290.0	22.0	8.35546485213	5.165552705
1300.0	22.0	8.9910694832	5.29228105865
1310.0	22.0	9.664557834	5.23261610872
1320.0	22.0	10.3378357197	5.15839291101
1330.0	22.0	11.0094298845	4.95386146265
1340.0	22.0	11.6808135842	4.7493300143
1350.0	22.0	12.3761903064	4.52093258597
1360.0	22.0	13.0717774937	4.29277381745
1370.0	22.0	13.790305378	4.17941041258
1380.0	22.0	14.5189355875	4.11497226666
1390.0	22.0	15.2473553319	4.05077278054
1560.0	38.0	0.195522086842	9.86858271815
1570.0	38.0	0.245191852714	9.74925281829
1580.0	38.0	0.294651153476	9.62992291844
1590.0	38.0	0.344110454238	9.51059301858
1600.0	38.0	0.386834871492	9.37622755134
1610.0	38.0	0.413563940414	9.20701775335
1620.0	38.0	0.440503474446	9.03780795535
1630.0	38.0	0.467232543369	8.86859815735
1640.0	38.0	0.493961612291	8.69938835935
1650.0	38.0	0.520901146323	8.53017856136
1660.0	38.0	0.554786028973	8.43137340428
1670.0	38.0	0.590565097609	8.34999041257
1680.0	38.0	0.626554631355	8.26884608067
1690.0	38.0	0.662333699992	8.18746308897
1700.0	38.0	0.70253253593	8.10822803546
1710.0	38.0	0.782719742697	8.04569916794
1720.0	38.0	0.862906949465	7.98317030041
1730.0	38.0	0.943094156232	7.92064143289
1740.0	38.0	1.023281363	7.85811256537
1750.0	38.0	1.04411740885	7.84212235878
1760.0	38.0	1.05863950142	7.8313826678
1770.0	38.0	1.07295112887	7.82040431701
1780.0	38.0	1.08726275633	7.80966462602
1790.0	38.0	1.10157438378	7.79868627524
1800.0	38.0	1.11588601123	7.78794658425
1810.0	38.0	1.13019763869	7.77696823346
1820.0	38.0	1.14471973125	7.76622854248
1830.0	38.0	1.15903135871	7.75525019169
1840.0	38.0	1.17334298616	7.7445105007
1850.0	38.0	1.18765461362	7.73377080971
1860.0	38.0	1.20196624107	7.72279245893
1870.0	38.0	1.21648833364	7.71205276794
1880.0	38.0	1.23079996109	7.70107441715
1890.0	38.0	1.24511158854	7.69033472617
1900.0	38.0	1.259423216	7.67935637538
1910.0	38.0	1.27373484345	7.66861668439
1920.0	38.0	1.30993484231	7.60179194047
1930.0	38.0	1.39706739769	7.40418162631
1940.0	38.0	1.48419995308	7.20680997195
1950.0	38.0	1.50840344069	6.95192130585
1960.0	38.0	1.43810809407	6.61087645206
1970.0	38.0	1.32845577196	6.26481974248
1980.0	38.0	1.12683019694	5.90683004291
1990.0	38.0	0.925204621914	5.54884034334
2000.0	38.0	0.66296509532	5.14311868382
2010.0	38.0	0.393990685219	4.73214650872
2020.0	38.0	0.125016275118	4.32117433361
2030.0	38.0	-0.143747669874	3.90996349871
3020.0	58.0	0.0420930219251	6.94500017166
3030.0	58.0	0.412090684647	6.9087238821
3040.0	58.0	0.781877882259	6.87268625235
3050.0	58.0	1.15187554498	6.83640996279
3060.0	58.0	1.52902902143	6.79345119884
3070.0	58.0	1.90954993963	6.7476285173
3080.0	58.0	2.28691388119	6.69822593876
3090.0	58.0	2.63544410273	6.61612696766
3100.0	58.0	2.98397432427	6.53402799655
3110.0	58.0	3.33250454581	6.45192902545
3120.0	58.0	3.73175685877	6.42185789069
3130.0	58.0	4.13648126458	6.39727593132
3140.0	58.0	4.54120567039	6.37293263175
3150.0	58.0	4.9459300762	6.34835067238
3160.0	58.0	5.36223006304	6.31660891902
3170.0	58.0	5.77853004988	6.28462850585
3180.0	58.0	6.19461957161	6.25288675249
3190.0	58.0	6.61091955845	6.22114499913
3200.0	58.0	7.02721954529	6.21279190614
3210.0	58.0	7.44372999724	6.22806613332
3220.0	58.0	7.86024044918	6.2433403605
3230.0	58.0	8.27675090113	6.25837592789
3240.0	58.0	8.69305088797	6.27365015507
3250.0	58.0	9.12113692095	6.2450109791
3260.0	58.0	9.55216946546	6.20515479255
3270.0	58.0	9.98299154487	6.165298606
3280.0	58.0	10.4140240894	6.12568107925
3290.0	58.0	10.8547380289	6.06673210872
3300.0	58.0	11.3019763869	5.9951341688
3310.0	58.0	11.7492147448	5.92353622889
3320.0	58.0	12.1964531028	5.85193828897
3330.0	58.0	12.657582158	5.73905220371
3340.0	58.0	13.127971678	5.59872024148
3350.0	58.0	13.5985716631	5.45838827925
3360.0	58.0	14.0548600208	5.35552590557
3370.0	58.0	14.4547437291	5.40325786551
3380.0	58.0	14.8546274374	5.45098982546
3390.0	58.0	15.2545111457	5.4987217854
4260.0	74.0	0.228565109053	4.38513515993
4270.0	74.0	0.709477884548	4.36484907696
4280.0	74.0	1.19060112515	4.34432433418
4290.0	74.0	1.67172436576	4.32379959141
4300.0	74.0	2.19767667471	4.27964752846
4310.0	74.0	2.73499409958	4.22929031072
4320.0	74.0	3.27210105935	4.17917175278
4330.0	74.0	3.80941848422	4.12881453504
4340.0	74.0	4.35157660662	4.13955422603
4350.0	74.0	4.89373472901	4.15053257682
4360.0	74.0	5.4356823863	4.1612722678
4370.0	74.0	5.97784050869	4.17225061859
4380.0	74.0	6.51999863109	4.18299030958
4390.0	74.0	7.06215675348	4.19396866036
4400.0	74.0	7.61483813136	4.19707123776
4410.0	74.0	8.18330439246	4.18871814477
4420.0	74.0	8.75198111867	4.18036505178
4430.0	74.0	9.32065784488	4.17201195879
4440.0	74.0	9.88933457108	4.1636588658
4450.0	74.0	10.4578008322	4.15530577281
4460.0	74.0	11.0165856982	4.14647536022
4460.0	77.0	15.0482553382	5.91876303289
4470.0	74.0	11.570950797	4.13788360743
4470.0	77.0	14.5180937271	5.98940633361
4480.0	74.0	12.1253158957	4.12905319484
4480.0	77.0	13.988142581	6.06028829412
4490.0	74.0	12.6796809945	4.12046144205
4490.0	77.0	13.4550344584	6.13355685264
4500.0	74.0	13.2340460933	4.11163102946
4500.0	77.0	12.914770522	6.21303056594
4510.0	74.0	13.7886216571	4.10280061687
4510.0	77.0	12.3747170507	6.29274293904
4510.0	80.0	-0.11217790343	4.69897279656
4520.0	74.0	14.3429867559	4.09420886408
4520.0	77.0	11.8479228813	6.36457953876
4520.0	80.0	0.402198824494	4.62832949584
4530.0	74.0	14.8973518546	4.08537845149
4530.0	77.0	11.3522775481	6.41851665349
4530.0	80.0	0.916786017529	4.55744753533
4540.0	74.0	15.4517169534	4.07678669871
4540.0	77.0	10.8566322149	6.47221510843
4540.0	80.0	1.43116274545	4.48680423461
4550.0	77.0	10.3622496724	6.52782284176
4550.0	80.0	1.95374761265	4.45386918225
4560.0	77.0	9.87354968786	6.58939707009
4560.0	80.0	2.47633247985	4.42093412989
4560.0	83.0	8.76966018788	-0.0377082483547
4570.0	77.0	9.3846392382	6.65097129841
4570.0	80.0	2.99681269596	4.39134031473
4570.0	83.0	9.22384389445	0.628152592846
4580.0	77.0	8.89783343964	6.70872696995
4580.0	80.0	3.50045570329	4.39134031473
4580.0	83.0	9.67802760102	1.29377477425
4590.0	77.0	8.42954857072	6.73163831072
4590.0	80.0	4.00409871063	4.39134031473
4590.0	83.0	9.98172875421	1.78994849785
4600.0	77.0	7.9610532367	6.75478831129
4600.0	80.0	4.49911264846	4.39348825292
4600.0	83.0	10.2688031637	2.26726809728
4610.0	77.0	7.49255790267	6.77793831186
4610.0	80.0	4.97413240089	4.40017072732
4610.0	83.0	10.6004961765	2.73766656251
4620.0	77.0	6.98049629095	6.77793831186
4620.0	80.0	5.44915215331	4.40709186151
4620.0	83.0	10.9511310491	3.20496245035
4630.0	77.0	6.46822421412	6.77793831186
4630.0	80.0	5.92438237085	4.4137743359
4630.0	83.0	11.3038705729	3.60066039828
4640.0	77.0	5.9561626024	6.77793831186
4640.0	80.0	6.41224049496	4.35148412818
4640.0	83.0	11.6606089337	3.8288191668
4650.0	77.0	5.54133587133	6.68939552617
4650.0	80.0	6.90325559572	4.27201041487
4650.0	83.0	12.0175577596	4.05721659513
4660.0	77.0	5.12629867515	6.60061408067
4660.0	80.0	7.40837185882	4.23000629012
4660.0	83.0	12.4584821643	4.12547329785
4670.0	77.0	4.71147194408	6.51207129498
4670.0	80.0	7.93453463288	4.2438485585
4670.0	83.0	12.8994065689	4.19349134077
4680.0	77.0	4.28948939928	6.4101635605
4680.0	80.0	8.46069740695	4.25792948669
4680.0	83.0	13.3306495786	4.20041247496
4690.0	77.0	3.86077197097	6.29536819684
4690.0	80.0	8.98686018101	4.27201041487
4690.0	83.0	13.7608402626	4.20041247496
4700.0	77.0	3.43205454266	6.18033417338
4700.0	80.0	9.56879620912	4.27893154906
4700.0	83.0	14.1937669931	4.21950525893
4710.0	77.0	3.07973594915	6.12568107925
4710.0	80.0	10.1505217721	4.28609134305
4710.0	83.0	14.6287983747	4.2512470123
4720.0	77.0	2.74656968061	6.08582489269
4720.0	80.0	10.7324578002	4.29301247725
4720.0	83.0	15.0636192912	4.28322742546
4730.0	77.0	2.49295922351	6.00110066379
4730.0	80.0	11.3080798751	4.332630004
4740.0	77.0	2.35910341379	5.84931303118
4740.0	80.0	11.8792821826	4.39396557252
4750.0	77.0	2.23282434802	5.71709550214
4750.0	80.0	12.4504844901	4.45553980085
4760.0	77.0	2.13727318825	5.6626810678
4760.0	80.0	13.0170565652	4.51186351358
4770.0	77.0	2.04151156337	5.60850529327
4770.0	80.0	13.540693758	4.52284186437
4780.0	77.0	1.97521505384	5.60397075707
4780.0	80.0	14.0645414158	4.53405887496
4790.0	77.0	1.9089185443	5.59967488068
4790.0	80.0	14.5881786086	4.54503722574
4800.0	77.0	1.84283249988	5.59514034448
4800.0	80.0	15.1118158013	4.55625423633
4810.0	77.0	1.77653599035	5.59084446809
4820.0	77.0	1.71023948082	5.58630993189
4830.0	77.0	1.57196390379	5.58463931329
4830.0	89.0	0.138065111914	4.91830115249
4840.0	77.0	1.38591274688	5.58463931329
4840.0	89.0	0.617925561861	4.92784754448
4850.0	77.0	1.19965112487	5.58463931329
4850.0	89.0	1.09778601181	4.93739393647
4860.0	77.0	1.04348601352	5.56148931272
4860.0	89.0	1.54123599779	4.98345527782
4870.0	77.0	0.887320902181	5.53833931215
4870.0	89.0	1.96890110055	5.04502950614
4880.0	77.0	0.731155790839	5.51542797138
4880.0	89.0	2.39656620331	5.10660373447
4890.0	77.0	0.564046493796	5.30898724463
4890.0	89.0	2.79308246984	5.15672229241
4900.0	77.0	0.395674406096	5.0822604349
4900.0	89.0	3.16897315563	5.19944239656
4900.0	92.0	14.8859867387	4.27201041487
4910.0	77.0	0.32622091992	4.80899496423
4910.0	89.0	3.54486384142	5.24192384091
4910.0	92.0	14.3446704767	4.59014392789
4920.0	77.0	0.269184875211	4.53358155536
4920.0	89.0	3.77784871778	5.05958775393
4920.0	92.0	13.7793611923	4.89013929613
4930.0	77.0	0.225408132409	4.28489804406
4930.0	89.0	3.98747196697	4.81352950042
4930.0	92.0	13.1180798178	5.11758208526
4940.0	77.0	0.181420924497	4.03621453275
4940.0	89.0	4.24655451691	4.53811609155
4940.0	92.0	12.4631123967	5.34287693618
4950.0	77.0	0.165425576166	3.95650215965
4950.0	89.0	4.52878822892	4.46007433704
4950.0	92.0	11.866654276	5.55170426093
4960.0	77.0	0.161426739083	3.94910370586
4960.0	89.0	4.84490682358	4.41997949069
4960.0	92.0	11.2704066204	5.76053158568
4970.0	77.0	0.15721743689	3.94170525207
4970.0	89.0	5.28688355379	4.44384547066
4970.0	92.0	10.6550066399	5.98415581802
4980.0	77.0	0.153218599807	3.93430679828
4980.0	89.0	5.73264865598	4.47773516222
4980.0	92.0	10.0313985201	6.21398520514
4990.0	77.0	0.149219762724	3.92690834449
4990.0	89.0	6.19419864139	4.55100372074
4990.0	92.0	9.40779040026	6.44381459226
5000.0	77.0	0.145010460532	3.91950989069
5000.0	89.0	6.65553816169	4.62451093905
5000.0	92.0	8.90898809045	6.6648135668
5010.0	77.0	0.141011623449	3.9118727771
5010.0	89.0	7.08299279934	4.71448568354
5010.0	92.0	8.40997531553	6.88581254133
5020.0	77.0	0.136802321257	3.90447432331
5020.0	89.0	7.48771720515	4.81543877882
5020.0	92.0	7.89159975052	7.0776950203
5030.0	77.0	0.132803484174	3.89707586952
5030.0	89.0	7.89244161096	4.9163918741
5030.0	92.0	7.32755325672	7.20179811615
5040.0	77.0	0.128594181981	3.88967741573
5040.0	89.0	8.33189275986	4.98655785521
5040.0	92.0	6.76350676293	7.325901212
5050.0	77.0	0.124595344898	3.88227896194
5050.0	89.0	8.77134390875	5.05672383633
5050.0	92.0	6.17799282795	7.40203368811
5060.0	77.0	0.120386042706	3.87488050815
5060.0	89.0	9.21100552276	5.12688981744
5060.0	92.0	5.58700680012	7.46647183404
5070.0	77.0	0.116387205623	3.86748205436
5070.0	89.0	9.67087178729	5.17295115879
5070.0	92.0	5.00675449288	7.52828472216
5080.0	77.0	0.11217790343	3.86008360057
5080.0	89.0	10.144418284	5.20278363375
5080.0	92.0	4.46880567268	7.5815058575
5090.0	77.0	0.108179066348	3.85244648697
5090.0	89.0	10.6179647806	5.23261610872
5090.0	92.0	3.93106731759	7.63448833303
5100.0	77.0	0.104180229265	3.84504803318
5100.0	89.0	11.1125577882	5.25886868669
5100.0	92.0	3.40743012484	7.71873524233
5110.0	77.0	0.0999709270721	3.83764957939
5110.0	89.0	11.6387205623	5.28010940886
5110.0	92.0	2.89831502465	7.83424658539
5120.0	77.0	0.0959720899892	3.8302511256
5120.0	89.0	12.1648833364	5.30111147124
5120.0	92.0	2.38919992447	7.94975792846
5130.0	77.0	0.0917627877967	3.82285267181
5130.0	89.0	12.6910461104	5.32211353361
5130.0	92.0	1.91207552095	8.10035226207
5130.0	96.0	0.28097092135	1.03196497396
5140.0	77.0	0.0877639507138	3.81545421802
5140.0	89.0	13.0673577264	5.39442745292
5140.0	92.0	1.48335809264	8.30369041143
5140.0	96.0	0.590565097609	1.90235726352
5150.0	77.0	0.0835546485213	3.80805576423
5150.0	89.0	13.4436693424	5.46674137224
5150.0	92.0	1.05464066433	8.50678990099
5150.0	96.0	0.836809275871	2.73098408812
5160.0	77.0	0.0795558114384	3.80065731044
5160.0	89.0	13.8199809585	5.53905529155
5160.0	92.0	0.737259279018	8.70893475134
5160.0	96.0	1.06726857091	3.54910988154
5170.0	77.0	0.0753465092459	3.79302019685
5170.0	89.0	14.16851118	5.5829686947
5170.0	92.0	0.467653473588	8.9101249625
5170.0	96.0	1.13651159198	4.2495763937
5180.0	77.0	0.0713476721631	3.78562174305
5180.0	89.0	14.5290379128	5.60850529327
5180.0	92.0	0.198047668158	9.11155383346
5180.0	96.0	1.13651159198	4.89920836852
5190.0	77.0	0.0671383699705	3.77822328926
5190.0	89.0	14.9851158053	5.60850529327
5190.0	92.0	-0.0717686023823	9.31298270442
5190.0	96.0	0.975505783114	5.54406714734
5200.0	77.0	0.0631395328877	3.77082483547
5200.0	89.0	15.4411936979	5.60850529327
5200.0	96.0	0.796610439933	6.18844860657
5210.0	77.0	0.0610348817914	3.76008514449
5210.0	96.0	0.599194167104	6.73903676451
5220.0	77.0	0.0589302306951	3.7493454535
5220.0	96.0	0.399883708289	7.27912389126
5230.0	77.0	0.0568255795989	3.73860576251
5230.0	96.0	0.273604642513	7.9115723605
5240.0	77.0	0.0547209285026	3.72786607152
5240.0	96.0	0.147325576738	8.54402082974
5250.0	77.0	0.0526162774064	3.71712638054
5250.0	96.0	0.0841860438502	9.09293836908
5260.0	77.0	0.0505116263101	3.70638668955
5260.0	96.0	0.0210465109626	9.64185590842
5270.0	77.0	0.0484069752139	3.69564699856
5280.0	77.0	0.0463023241176	3.68490730758
5290.0	77.0	0.0441976730214	3.67416761659
5300.0	77.0	0.0420930219251	3.6634279256
5310.0	77.0	0.0399883708288	3.65268823461
5320.0	77.0	0.0378837197326	3.64194854363
5330.0	77.0	0.0357790686363	3.63120885264
5340.0	77.0	0.0336744175401	3.62046916165
5350.0	77.0	0.0315697664438	3.60972947067
5360.0	77.0	0.0294651153476	3.59898977968
5370.0	77.0	0.0273604642513	3.58825008869
5380.0	77.0	0.0252558131551	3.5775103977
5390.0	77.0	0.0231511620588	3.56677070672
5400.0	77.0	0.0210465109626	3.55603101573
5410.0	77.0	0.0155744181123	3.52786915936
5420.0	77.0	0.0098918601524	3.4994686432
5430.0	77.0	0.00441976730214	3.47130678683
5440.0	77.0	-0.00105232554813	3.44290627067
5450.0	77.0	-0.00673488350802	3.4147444143
5460.0	77.0	-0.0122069763583	3.38634389813
5470.0	77.0	-0.0176790692085	3.35818204177
5480.0	77.0	-0.0233616271684	3.3300201854
6250.0	122.0	0.160795343754	8.69795640056
6260.0	122.0	0.313803478452	8.48101464262
6270.0	122.0	0.466811613149	8.26407288468
6280.0	122.0	0.639182537933	8.06574659112
6290.0	122.0	0.888583692839	7.94212081486
6300.0	122.0	1.13798484775	7.81825637881
6310.0	122.0	1.38654414221	7.72136050013
6320.0	122.0	1.63426157624	7.65119451901
6330.0	122.0	1.88176854516	7.5810285379
6340.0	122.0	2.12717086299	7.497497608
6350.0	122.0	2.35321039072	7.29415945864
6360.0	122.0	2.57946038357	7.09082130929
6370.0	122.0	2.79918595802	6.9158836761
6380.0	122.0	3.00965106765	6.78318882746
6390.0	122.0	3.22011617727	6.65073263861
6390.0	124.0	15.2587204479	9.80891776822
6400.0	122.0	3.45731035582	6.60586459627
6400.0	124.0	14.8377902286	9.80891776822
6410.0	122.0	3.7060801154	6.59846614248
6410.0	124.0	14.4168600093	9.80891776822
6420.0	122.0	3.95484987497	6.59130634849
6420.0	124.0	14.0702239738	9.80056467523
6430.0	122.0	4.23561033121	6.61087645206
6430.0	124.0	13.773047239	9.78648374705
6440.0	122.0	4.56435683245	6.67054140199
6440.0	124.0	13.5065984102	10.035644578
6450.0	122.0	4.89331379879	6.73020635192
6450.0	124.0	13.3037100445	10.3127286054
6460.0	122.0	5.23195216018	6.79894037424
6460.0	124.0	13.1262879571	10.5888579937
6470.0	122.0	5.60952656685	6.90418934591
6470.0	124.0	13.0785123772	10.8845574855
6480.0	122.0	5.98710097352	7.00967697738
6480.0	124.0	13.0629379591	11.1852688332
6490.0	122.0	6.36467538019	7.11492594906
6490.0	124.0	13.0465216806	11.4955265728
6500.0	122.0	6.75066839124	7.09416254648
6500.0	124.0	13.0231600534	11.8931337991
6510.0	122.0	7.13876605339	7.04189605035
6510.0	124.0	12.9997984262	12.2909796852
6520.0	122.0	7.52665325043	6.98986821401
6520.0	124.0	12.960862381	12.6644822718
6530.0	122.0	7.92590556339	6.90466666551
6530.0	124.0	12.8989856387	13.0012312492
6540.0	122.0	8.33231369007	6.79774707524
6540.0	124.0	12.8371088965	13.3382188864
6550.0	122.0	8.73872181676	6.69058882517
6550.0	124.0	12.7752321543	13.6752065236
6560.0	122.0	9.14323575746	6.59989810128
6570.0	122.0	9.54711830283	6.51612851158
6570.0	129.0	-0.0269395340321	5.44383003146
6580.0	122.0	9.9510008482	6.43212026208
6580.0	129.0	0.633499979973	5.78964808125
6590.0	122.0	10.3548833936	6.34835067238
6590.0	129.0	1.29393949398	6.13522747123
6600.0	122.0	10.7271961725	6.22591819512
6600.0	129.0	1.95437900798	6.48080686122
6610.0	122.0	11.0995089514	6.10348571787
6610.0	129.0	2.65186038128	6.79392851844
6620.0	122.0	11.4720321955	5.98129190042
6620.0	129.0	3.35334059166	7.10323161887
6630.0	122.0	11.8502379975	5.85838210357
6630.0	129.0	4.04892777898	7.37100791415
6640.0	122.0	12.2823228675	5.73284704892
6640.0	129.0	4.72094287401	7.47196100943
6650.0	122.0	12.7144077376	5.60731199427
6650.0	129.0	5.39274750393	7.57291410471
6660.0	122.0	13.1462821425	5.48153827982
6660.0	129.0	6.0719184127	7.59534812588
6670.0	122.0	13.5720530593	5.35290064777
6670.0	129.0	6.75593001898	7.56551565092
6680.0	122.0	13.9828809533	5.21638724234
6680.0	129.0	7.4384683695	7.52923936136
6690.0	122.0	14.3937088473	5.0801124967
6690.0	129.0	8.11574509227	7.46694915363
6700.0	122.0	14.8047472064	4.94359909126
6700.0	129.0	8.79281134994	7.40465894591
6710.0	122.0	15.2155751004	4.80732434563
6710.0	129.0	9.50607760646	7.35859760456
6720.0	129.0	10.223132235	7.31444554162
6730.0	129.0	10.9433438401	7.29821667524
6740.0	129.0	11.6757624216	7.39368059512
6750.0	129.0	12.4081810031	7.48914451501
6760.0	129.0	13.0698833077	7.63902286923
6770.0	129.0	13.7012786366	7.81205122402
6780.0	129.0	14.3326739655	7.98507957881
6790.0	129.0	14.9640692944	8.1581079336
7200.0	140.0	14.0578065323	12.153034321
7210.0	140.0	13.9130065369	11.7726106003
7220.0	140.0	13.7684170066	11.3921868795
7230.0	140.0	13.6236170112	11.0131951176
7240.0	140.0	13.4777646902	10.6461363456
7250.0	140.0	13.3321228343	10.2788389139
7260.0	140.0	13.1864809785	9.9117801419
7270.0	140.0	13.0498891223	9.54138013274
7280.0	140.0	12.9503391255	9.1583311542
7290.0	140.0	12.8505786635	8.77504351586
7300.0	140.0	12.7508182016	8.39199453732
7310.0	140.0	12.5677135562	8.04283525034
7320.0	140.0	12.2595926357	7.7445105007
7330.0	140.0	11.9514717152	7.44618575106
7340.0	140.0	11.5755810294	7.28270378826
7350.0	140.0	11.1546508102	7.20943522974
7360.0	140.0	10.7337205909	7.13592801143
7370.0	140.0	10.3361519988	7.31277492302
7380.0	140.0	9.93858340674	7.48938317481
7390.0	140.0	9.53406946604	7.66837802459
7400.0	140.0	9.11313924679	7.85190741057
7410.0	140.0	8.69220902753	8.03543679655
7420.0	140.0	8.23318462344	8.05954143632
7430.0	140.0	7.75753347569	8.01538937338
7440.0	140.0	7.28209279304	7.97123731043
7450.0	140.0	6.79676025025	7.9115723605
7460.0	140.0	6.31163817256	7.85190741057
7470.0	140.0	5.82630562976	7.79224246064
7480.0	140.0	5.34455099383	7.77052441887
7490.0	140.0	4.86784752053	7.80560740943
7500.0	140.0	4.39135451234	7.84069039999
7510.0	140.0	3.91465103903	7.87577339054
7520.0	140.0	3.4568894256	7.94737133046
7530.0	140.0	2.99912781216	8.01896927037
7540.0	140.0	2.54136619873	8.09056721029
7550.0	140.0	2.08360458529	8.1621651502
7560.0	140.0	1.75296389807	8.1621651502
7570.0	140.0	1.42211274574	8.1621651502
7580.0	140.0	1.1259883365	8.19462288296
7590.0	140.0	0.968139504277	8.35643422717
7600.0	140.0	0.810290672058	8.51848423117
7610.0	140.0	0.652862770058	8.73113011272
7620.0	140.0	0.496276728497	9.01966981057
7630.0	140.0	0.339690686936	9.30820950842
7630.0	151.0	0.324326733933	4.80851764463
7640.0	140.0	0.183104645374	9.59698786608
7640.0	151.0	0.767145324585	4.95672538025
7650.0	140.0	0.0265186038128	9.88552756393
7650.0	151.0	1.20975345013	5.10493311587
7660.0	151.0	1.65572901742	5.21877384033
7670.0	151.0	2.10465109626	5.29824755364
7680.0	151.0	2.55357317509	5.37772126694
7690.0	151.0	2.9780813012	5.46220683604
7700.0	151.0	3.37796500949	5.55170426093
7710.0	151.0	3.77784871778	5.64120168583
7720.0	151.0	4.17773242607	5.73069911072
7720.0	154.0	-0.100181392182	4.87820630614
7720.0	155.0	15.299340214	4.65482073361
7730.0	151.0	4.60118822663	5.79036406065
7730.0	154.0	0.62381858493	4.97367022603
7730.0	155.0	14.7769658119	4.59276918569
7740.0	151.0	5.04842658459	5.82019653561
7740.0	154.0	1.34781856204	5.06913414591
7740.0	155.0	14.2548018749	4.53095629756
7750.0	151.0	5.49566494254	5.85002901058
7750.0	154.0	2.06697784163	5.17151919999
7750.0	155.0	13.7324274728	4.46914340943
7760.0	151.0	5.93827306808	5.88200942374
7760.0	154.0	2.7419394482	5.33619446179
7760.0	155.0	13.1909007458	4.36747433476
7770.0	151.0	6.37014747304	5.91876303289
7770.0	154.0	3.41669058966	5.5006310638
7770.0	155.0	12.6472693676	4.26150938368
7780.0	151.0	6.80181141288	5.95551664205
7780.0	154.0	4.09417777755	5.6610104492
7780.0	155.0	12.1034275243	4.15530577281
7790.0	151.0	7.23347535272	5.99227025121
7790.0	154.0	4.78176729069	5.80420632903
7790.0	155.0	11.5551659138	4.05864855393
7800.0	151.0	7.65629975796	6.04000221115
7800.0	154.0	5.46935680384	5.94740220886
7800.0	155.0	10.9961705826	3.98418669642
7810.0	151.0	8.06586486129	6.10444035707
7810.0	154.0	6.12979631784	6.06983468611
7810.0	155.0	10.4371752514	3.90948617911
7820.0	151.0	8.47542996462	6.16911716279
7820.0	154.0	6.68226723061	6.10969087266
7820.0	155.0	9.87965317604	3.82452329041
7830.0	151.0	8.88499506795	6.23355530872
7830.0	154.0	7.23473814338	6.14954705922
7830.0	155.0	9.33581133277	3.64552844062
7840.0	151.0	9.25351947491	6.35718108497
7840.0	154.0	7.76910905672	6.12448778025
7840.0	155.0	8.79217995461	3.46653359084
7850.0	151.0	9.60415434754	6.50634345979
7850.0	154.0	8.29884973764	6.0834382947
7850.0	155.0	8.19929974079	3.329304206
7860.0	151.0	9.97983456822	6.63617439083
7860.0	154.0	8.82859041857	6.04215014935
7860.0	155.0	7.58558348112	3.20997430615
7870.0	151.0	10.4129717638	6.72042130013
7870.0	154.0	9.48145318863	5.79633055564
7870.0	155.0	6.99375559286	3.12882997424
7880.0	151.0	10.8349543086	6.72280789813
7880.0	154.0	10.1479961908	5.52783828096
7880.0	155.0	6.45349165645	3.13670574763
7890.0	151.0	11.2493601095	6.67054140199
7890.0	154.0	10.8090671001	5.26053930528
7890.0	155.0	5.91343818515	3.14482018082
7900.0	151.0	11.6637659103	6.61827490585
7900.0	154.0	11.4646659166	4.9944336286
7900.0	155.0	5.37738355093	3.20400781115
7910.0	151.0	12.0806972925	6.52662954276
7910.0	154.0	12.1202647331	4.72832795192
7910.0	155.0	4.85122077687	3.38300266094
7920.0	151.0	12.5016275118	6.37531922975
7920.0	154.0	12.8773077324	4.52976299856
7920.0	155.0	4.3250580028	3.56199751072
7930.0	151.0	12.922557731	6.22424757653
7930.0	154.0	13.6455053826	4.33883515879
7930.0	155.0	3.81615336773	3.65793875021
7940.0	151.0	13.3472763222	6.07508520171
7940.0	154.0	14.4002332657	4.28585268325
7940.0	155.0	3.30914291864	3.7448109173
7950.0	151.0	13.7778879365	5.92854808468
7950.0	154.0	15.153487893	4.2481444349
7950.0	155.0	2.73773014601	3.828580507
7960.0	151.0	14.2082890857	5.78201096766
7960.0	155.0	2.13874644401	3.9111567977
7970.0	151.0	14.6389007	5.63571251043
7970.0	155.0	1.53639530027	3.99110783061
7980.0	151.0	15.0693018492	5.48917539341
7980.0	155.0	0.90499997139	4.04623824434
7990.0	155.0	0.273604642513	4.10136865808
8000.0	155.0	-0.357790686363	4.15626041201
