1050.0	11.0	12.51	6.19
1050.0	12.0	12.09	6.95
1060.0	11.0	11.54	6.03
1060.0	12.0	11.4	6.93
1070.0	11.0	10.96	5.97
1070.0	12.0	10.7	6.87
1080.0	11.0	10.29	6.12
1080.0	12.0	10.07	6.73
1090.0	11.0	9.88	6.21
1090.0	12.0	9.45	6.51
1100.0	11.0	9.54	6.09
1100.0	12.0	8.9	6.33
1100.0	17.0	13.05	6.62
1110.0	11.0	8.87	5.99
1110.0	12.0	8.21	6.23
1110.0	17.0	12.14	7.06
1120.0	11.0	8.04	5.66
1120.0	12.0	7.49	6.06
1120.0	17.0	11.25	7.24
1130.0	11.0	7.17	5.45
1130.0	12.0	6.73	5.97
1130.0	17.0	10.38	7.44
1140.0	11.0	6.43	5.23
1140.0	12.0	5.98	5.8
1140.0	17.0	9.59	7.47
1150.0	11.0	5.67	5.16
1150.0	12.0	5.21	5.74
1150.0	17.0	8.68	7.67
1160.0	11.0	4.94	4.95
1160.0	12.0	4.45	5.61
1160.0	17.0	7.57	7.95
1170.0	11.0	4.26	4.71
1170.0	12.0	3.76	5.6
1170.0	17.0	6.77	7.97
1180.0	11.0	3.54	4.54
1180.0	12.0	3.03	5.39
1180.0	17.0	5.91	8.16
1190.0	11.0	2.82	4.35
1190.0	12.0	2.28	5.24
1190.0	17.0	4.93	8.13
1200.0	11.0	2.16	4.19
1200.0	12.0	1.57	5.06
1200.0	17.0	3.5	8.04
1210.0	11.0	1.39	3.97
1210.0	12.0	0.83	4.87
1210.0	17.0	2.44	7.9
1220.0	11.0	0.71	3.72
1220.0	12.0	0.11	4.68
1220.0	17.0	1.48	7.63
1220.0	22.0	11.86	5.17
1230.0	11.0	0.01	3.41
1230.0	12.0	-0.65	4.3
1230.0	17.0	0.53	7.31
1230.0	22.0	10.95	4.94
1240.0	11.0	-0.63	3.08
1240.0	12.0	-1.48	3.9
1240.0	17.0	-0.36	6.97
1240.0	22.0	9.91	4.75
1250.0	22.0	8.85	4.57
1260.0	22.0	7.86	4.39
1270.0	22.0	6.83	4.22
1280.0	22.0	5.63	3.98
1280.0	25.0	12.57	6.2
1290.0	22.0	4.67	3.78
1290.0	25.0	10.86	6.56
1300.0	22.0	3.67	3.55
1300.0	25.0	9.26	6.87
1310.0	22.0	2.7	3.31
1310.0	25.0	7.85	7.19
1320.0	22.0	1.81	2.84
1320.0	25.0	6.48	7.57
1330.0	22.0	0.82	2.5
1330.0	25.0	5.16	7.93
1340.0	22.0	-0.05	2.23
1340.0	25.0	3.92	8.25
1350.0	22.0	-0.91	1.87
1350.0	25.0	2.68	8.71
1360.0	22.0	-2.02	1.55
1360.0	25.0	1.38	9.14
1370.0	25.0	0.37	9.73
1450.0	28.0	10.02	4.29
1450.0	30.0	3.08	2.76
1460.0	28.0	8.88	4.1
1460.0	30.0	3.84	3.11
1470.0	28.0	7.93	4.1
1470.0	30.0	4.4	3.13
1480.0	28.0	7.01	4.1
1480.0	30.0	5.15	3.33
1490.0	28.0	5.86	4.08
1490.0	30.0	5.91	3.45
1500.0	28.0	4.87	4.04
1500.0	30.0	6.78	3.53
1510.0	28.0	3.96	3.87
1510.0	30.0	7.64	3.7
1520.0	28.0	2.96	3.82
1520.0	30.0	8.42	3.89
1530.0	28.0	2.03	3.74
1530.0	30.0	9.18	4.03
1530.0	33.0	13.1	6.2
1540.0	28.0	1.13	3.62
1540.0	30.0	9.92	4.16
1540.0	33.0	12.12	6.46
1550.0	28.0	0.2	3.61
1550.0	30.0	10.67	4.32
1550.0	33.0	11.31	6.59
1560.0	28.0	-0.72	3.51
1560.0	30.0	11.47	4.53
1560.0	33.0	10.51	6.7
1570.0	28.0	-1.79	3.53
1570.0	30.0	12.22	4.83
1570.0	33.0	9.66	6.78
1580.0	33.0	8.81	6.95
1590.0	33.0	7.96	7.14
1600.0	33.0	7.11	7.21
1610.0	33.0	6.29	7.28
1620.0	33.0	5.36	7.44
1630.0	33.0	4.48	7.73
1640.0	33.0	3.57	8.01
1650.0	33.0	2.85	8.3
1660.0	33.0	2.02	8.57
1670.0	33.0	0.96	9.03
1680.0	33.0	0.19	9.45
1750.0	35.0	3.03	2.72
1760.0	35.0	3.84	3.05
1770.0	35.0	4.73	3.26
1780.0	35.0	5.6	3.49
1790.0	35.0	6.57	3.75
1800.0	35.0	7.45	3.94
1810.0	35.0	8.38	4.13
1810.0	37.0	13.06	5.51
1820.0	35.0	9.28	4.35
1820.0	37.0	11.87	5.44
1830.0	35.0	10.14	4.49
1830.0	37.0	10.66	5.55
1840.0	35.0	11.03	4.71
1840.0	37.0	9.48	5.73
1850.0	35.0	11.88	4.87
1850.0	37.0	8.3	5.82
1860.0	37.0	7.17	5.95
1870.0	37.0	6.03	5.92
1880.0	37.0	4.96	5.9
1890.0	37.0	3.83	5.9
1900.0	37.0	2.75	5.89
1910.0	37.0	1.68	6.0
1920.0	37.0	0.54	6.14
1930.0	37.0	-0.55	6.21
1980.0	40.0	-2.42	-0.46
1990.0	40.0	-1.9	0.3
2000.0	40.0	-1.01	0.95
2010.0	40.0	-0.1	1.36
2020.0	40.0	0.91	1.73
2030.0	40.0	1.84	2.14
2040.0	40.0	2.83	2.52
2050.0	40.0	3.9	2.96
2060.0	40.0	4.87	3.24
2070.0	40.0	5.84	3.5
2080.0	40.0	6.85	3.54
2090.0	40.0	7.85	3.65
2100.0	40.0	8.84	3.75
2110.0	40.0	9.86	3.79
2120.0	40.0	10.88	3.93
2130.0	40.0	11.88	4.16
2140.0	40.0	12.78	4.47
2180.0	45.0	12.38	5.2
2190.0	45.0	11.22	5.05
2200.0	45.0	10.23	4.79
2210.0	45.0	9.17	4.62
2220.0	45.0	8.08	4.51
2230.0	45.0	7.03	4.31
2240.0	45.0	5.93	4.19
2250.0	45.0	4.79	4.13
2260.0	45.0	3.76	3.96
2270.0	45.0	2.72	3.76
2280.0	45.0	1.72	3.61
2290.0	45.0	0.72	3.46
2300.0	45.0	-0.3	3.4
2860.0	53.0	4.66	6.69
2860.0	55.0	2.09	3.92
2870.0	53.0	5.88	6.59
2870.0	55.0	3.11	4.09
2880.0	53.0	7.16	6.58
2880.0	55.0	4.27	4.14
2890.0	53.0	8.37	6.64
2890.0	55.0	5.39	4.29
2900.0	53.0	9.59	6.68
2900.0	55.0	6.52	4.44
2910.0	53.0	10.83	6.8
2910.0	55.0	7.44	4.48
2910.0	58.0	12.56	5.46
2920.0	53.0	12.24	6.7
2920.0	55.0	8.88	4.54
2920.0	58.0	11.24	5.14
2930.0	55.0	9.98	4.68
2930.0	58.0	9.96	5.28
2940.0	55.0	11.25	4.85
2940.0	58.0	8.67	5.43
2950.0	55.0	12.49	5.52
2950.0	58.0	7.33	5.5
2960.0	58.0	6.05	5.59
2970.0	58.0	4.74	5.64
2980.0	58.0	3.44	5.64
2990.0	58.0	2.15	5.65
3000.0	58.0	0.81	5.63
3010.0	58.0	-0.46	5.54
3010.0	59.0	-1.06	1.16
3020.0	59.0	-0.16	1.58
3030.0	59.0	0.89	2.07
3040.0	59.0	1.8	2.54
3050.0	59.0	2.78	2.76
3060.0	59.0	3.82	3.05
3070.0	59.0	4.72	3.32
3080.0	59.0	5.78	3.51
3090.0	59.0	6.83	3.7
3100.0	59.0	7.85	3.93
3100.0	62.0	13.26	6.28
3110.0	59.0	8.86	4.13
3110.0	62.0	12.16	6.41
3120.0	59.0	9.93	4.33
3120.0	62.0	11.08	6.27
3130.0	59.0	10.99	4.58
3130.0	62.0	10.0	6.03
3140.0	59.0	12.03	4.74
3140.0	62.0	8.98	5.74
3150.0	62.0	7.95	5.34
3160.0	62.0	6.9	5.19
3170.0	62.0	5.87	4.97
3180.0	62.0	4.87	4.73
3190.0	62.0	3.84	4.43
3200.0	62.0	2.84	4.11
3210.0	62.0	1.88	3.84
3220.0	62.0	0.85	3.54
3230.0	62.0	-0.1	3.18
3240.0	62.0	-1.05	2.77
3250.0	62.0	-1.82	2.14
3650.0	67.0	1.21	8.43
3650.0	68.0	-2.14	0.04
3660.0	67.0	0.4	8.89
3660.0	68.0	-1.28	0.68
3670.0	67.0	-0.34	9.52
3670.0	68.0	-0.11	1.25
3680.0	67.0	-1.06	10.11
3680.0	68.0	0.98	1.73
3690.0	68.0	2.06	2.16
3700.0	68.0	3.17	2.42
3710.0	68.0	4.41	2.82
3720.0	68.0	5.69	3.21
3730.0	68.0	6.73	3.7
3740.0	68.0	7.86	4.11
3750.0	68.0	9.04	4.48
3760.0	68.0	10.11	4.9
3770.0	68.0	11.27	5.12
4160.0	69.0	9.85	4.8
4170.0	69.0	8.92	4.5
4180.0	69.0	7.79	4.22
4190.0	69.0	6.65	3.94
4200.0	69.0	5.38	3.61
4210.0	69.0	4.37	3.45
4220.0	69.0	3.22	3.32
4220.0	74.0	12.45	4.92
4230.0	69.0	2.07	3.13
4230.0	74.0	11.75	4.81
4240.0	69.0	0.96	2.92
4240.0	74.0	10.94	4.57
4250.0	69.0	-0.28	2.76
4250.0	74.0	10.01	4.39
4260.0	69.0	-1.19	2.66
4260.0	74.0	9.07	4.16
4270.0	74.0	8.22	3.88
4280.0	74.0	7.35	3.54
4290.0	74.0	6.4	3.13
4300.0	74.0	5.56	2.96
4310.0	74.0	4.51	2.67
4310.0	77.0	12.07	4.37
4320.0	74.0	3.64	2.42
4320.0	77.0	10.97	4.17
4330.0	74.0	2.66	2.27
4330.0	77.0	9.63	3.83
4330.0	79.0	-3.78	5.15
4340.0	74.0	1.7	2.07
4340.0	77.0	8.46	3.63
4340.0	79.0	-3.09	5.12
4350.0	74.0	0.86	1.71
4350.0	77.0	7.33	3.45
4350.0	79.0	-2.34	5.19
4360.0	74.0	-0.12	1.35
4360.0	77.0	6.04	3.25
4360.0	79.0	-1.61	5.17
4360.0	80.0	-2.27	5.91
4370.0	74.0	-0.96	0.92
4370.0	77.0	5.05	3.17
4370.0	79.0	-0.84	5.31
4370.0	80.0	-1.17	6.1
4380.0	77.0	3.72	3.11
4380.0	79.0	-0.13	5.27
4380.0	80.0	-0.05	6.16
4390.0	77.0	2.58	2.93
4390.0	79.0	0.61	5.36
4390.0	80.0	0.99	6.37
4400.0	77.0	1.36	2.87
4400.0	79.0	1.38	5.43
4400.0	80.0	2.36	6.36
4410.0	77.0	0.25	2.74
4410.0	79.0	2.19	5.68
4410.0	80.0	3.48	6.2
4420.0	77.0	-0.86	2.63
4420.0	79.0	2.94	5.83
4420.0	80.0	4.62	6.28
4430.0	77.0	-1.98	2.65
4430.0	79.0	3.73	5.95
4430.0	80.0	5.82	6.19
4440.0	77.0	-3.16	2.63
4440.0	79.0	4.53	6.04
4440.0	80.0	7.0	6.02
4450.0	79.0	5.37	6.03
4450.0	80.0	8.09	5.86
4460.0	79.0	6.19	6.0
4460.0	80.0	9.32	5.73
4470.0	79.0	7.09	6.0
4470.0	80.0	10.55	5.79
4480.0	79.0	7.95	5.99
4480.0	80.0	11.69	5.87
4490.0	79.0	8.8	6.04
4500.0	79.0	9.68	6.04
4510.0	79.0	10.51	5.99
4520.0	79.0	11.33	5.98
4700.0	86.0	12.34	4.79
4710.0	86.0	11.33	4.49
4720.0	86.0	10.11	4.23
4730.0	86.0	8.97	3.78
4730.0	90.0	0.43	9.54
4740.0	86.0	7.82	3.49
4740.0	90.0	1.48	9.08
4750.0	86.0	6.69	3.26
4750.0	90.0	2.68	8.69
4750.0	91.0	12.18	5.35
4760.0	86.0	5.47	2.95
4760.0	90.0	3.8	8.3
4760.0	91.0	11.16	5.09
4770.0	86.0	4.38	2.77
4770.0	90.0	4.95	7.72
4770.0	91.0	10.21	4.73
4780.0	86.0	3.13	2.55
4780.0	90.0	6.16	7.25
4780.0	91.0	9.22	4.43
4790.0	86.0	2.03	2.18
4790.0	90.0	7.5	6.89
4790.0	91.0	8.21	4.13
4800.0	86.0	0.99	1.77
4800.0	90.0	8.69	6.58
4800.0	91.0	7.18	3.89
4810.0	86.0	0.17	1.22
4810.0	90.0	9.93	6.24
4810.0	91.0	6.18	3.77
4810.0	95.0	-2.2	0.33
4820.0	86.0	-0.75	0.55
4820.0	90.0	11.06	5.98
4820.0	91.0	5.17	3.62
4820.0	95.0	-1.25	1.11
4830.0	86.0	-1.75	0.04
4830.0	90.0	12.31	5.85
4830.0	91.0	4.13	3.47
4830.0	95.0	-0.15	1.51
4840.0	86.0	-2.32	-0.63
4840.0	91.0	3.12	3.3
4840.0	95.0	0.95	1.79
4850.0	86.0	-2.96	-1.43
4850.0	91.0	2.12	3.02
4850.0	95.0	1.96	2.18
4860.0	86.0	-3.54	-2.3
4860.0	91.0	1.15	2.72
4860.0	95.0	3.27	2.75
4870.0	86.0	-4.16	-3.17
4870.0	91.0	0.22	2.33
4870.0	95.0	4.39	2.96
4880.0	91.0	-0.7	1.82
4880.0	95.0	5.6	3.31
4890.0	95.0	6.91	3.5
4900.0	95.0	8.21	3.65
4900.0	97.0	12.76	6.78
4910.0	95.0	9.42	3.88
4910.0	97.0	12.0	6.96
4920.0	95.0	10.56	4.14
4920.0	97.0	11.21	7.13
4930.0	95.0	11.67	4.44
4930.0	97.0	10.34	7.26
4940.0	95.0	12.59	4.7
4940.0	97.0	9.47	7.22
4950.0	95.0	13.45	4.9
4950.0	97.0	8.59	7.12
4960.0	97.0	7.74	6.94
4960.0	100.0	12.77	6.74
4970.0	97.0	6.92	6.82
4970.0	100.0	12.13	6.85
4980.0	97.0	6.12	6.62
4980.0	100.0	11.45	7.19
4990.0	97.0	5.3	6.53
4990.0	100.0	10.55	7.25
5110.0	104.0	3.7	5.02
5120.0	104.0	2.92	4.64
5130.0	104.0	2.0	4.16
5140.0	104.0	1.38	3.72
5150.0	104.0	0.67	3.22
5160.0	104.0	-0.13	2.73
5170.0	104.0	-1.0	2.38
5180.0	104.0	-1.77	1.6
5440.0	116.0	-0.55	1.19
5450.0	116.0	0.59	1.83
5460.0	116.0	1.71	2.36
5470.0	116.0	2.95	2.92
5480.0	116.0	4.11	3.44
5490.0	116.0	5.35	3.85
5490.0	118.0	-2.63	-0.35
5500.0	116.0	6.63	4.07
5500.0	118.0	-1.87	0.36
5510.0	116.0	7.79	4.31
5510.0	118.0	-1.0	1.07
5520.0	116.0	8.96	4.5
5520.0	118.0	-0.2	1.73
5530.0	116.0	10.18	4.59
5530.0	118.0	0.59	2.43
5540.0	116.0	11.38	4.8
5540.0	118.0	1.49	2.91
5550.0	116.0	12.59	4.98
5550.0	118.0	2.49	3.26
5560.0	118.0	3.52	3.43
5570.0	118.0	4.5	3.63
5580.0	118.0	5.52	3.93
5590.0	118.0	6.54	4.19
5600.0	118.0	7.59	4.42
5610.0	118.0	8.66	4.68
5620.0	118.0	9.69	4.92
5620.0	120.0	12.13	6.5
5630.0	118.0	10.71	5.27
5630.0	120.0	11.31	6.81
6230.0	122.0	10.67	6.71
6240.0	122.0	9.79	6.95
6250.0	122.0	8.85	7.14
6260.0	122.0	7.95	7.33
6270.0	122.0	7.05	7.55
6280.0	122.0	6.22	7.71
6290.0	122.0	5.36	7.88
6300.0	122.0	4.53	8.02
6310.0	122.0	3.45	8.24
6320.0	122.0	2.54	8.42
6330.0	122.0	1.66	8.64
6340.0	122.0	0.89	8.99
6340.0	124.0	9.9	6.58
6350.0	122.0	0.17	9.47
6350.0	124.0	8.75	6.63
6360.0	122.0	-0.52	9.95
6360.0	124.0	7.57	6.61
6370.0	122.0	-1.27	10.4
6370.0	124.0	6.4	6.47
6380.0	124.0	5.26	6.28
6390.0	124.0	4.11	6.12
6400.0	124.0	2.99	6.0
6410.0	124.0	1.85	5.79
6420.0	124.0	0.75	5.5
6430.0	124.0	-0.28	5.05
6440.0	124.0	-1.26	4.41
6450.0	124.0	-2.33	3.58
6590.0	129.0	13.16	4.09
6600.0	129.0	13.2	3.55
6610.0	129.0	13.2	3.55
6890.0	138.0	11.95	5.6
6890.0	139.0	12.58	4.94
6900.0	138.0	10.88	5.55
6900.0	139.0	11.48	4.82
6910.0	138.0	9.83	5.66
6910.0	139.0	10.31	4.8
6920.0	138.0	8.77	5.69
6920.0	139.0	9.18	4.78
6930.0	138.0	7.78	5.7
6930.0	139.0	8.04	4.87
6940.0	138.0	6.74	5.65
6940.0	139.0	7.0	4.83
6950.0	138.0	5.59	5.71
6950.0	139.0	5.86	4.89
6960.0	138.0	4.56	5.76
6960.0	139.0	4.78	5.0
6970.0	138.0	3.63	5.87
6970.0	139.0	3.73	5.07
6970.0	141.0	-3.48	11.52
6980.0	138.0	2.73	5.95
6980.0	139.0	2.7	5.2
6980.0	141.0	-3.0	10.65
6990.0	138.0	1.87	6.01
6990.0	139.0	1.69	5.24
6990.0	141.0	-1.88	9.81
7000.0	138.0	1.01	6.28
7000.0	139.0	0.68	5.32
7000.0	141.0	-0.73	9.29
7010.0	138.0	0.05	6.48
7010.0	139.0	-0.37	5.56
7010.0	141.0	0.44	8.78
7020.0	138.0	-1.12	6.79
7020.0	139.0	-1.26	5.82
7020.0	141.0	1.6	8.32
7030.0	138.0	-1.96	6.95
7030.0	139.0	-2.59	5.72
7030.0	141.0	2.8	8.05
7040.0	138.0	-2.86	7.01
7040.0	139.0	-3.64	5.62
7040.0	141.0	4.02	7.74
7050.0	141.0	5.26	7.43
7060.0	141.0	6.51	7.13
7070.0	141.0	7.75	6.75
7080.0	141.0	8.92	6.25
7090.0	141.0	10.19	5.91
7100.0	141.0	11.44	5.76
7100.0	144.0	-2.13	4.6
7110.0	141.0	12.7	5.68
7110.0	144.0	-0.56	4.64
7120.0	144.0	0.62	4.8
7130.0	144.0	1.91	4.94
7140.0	144.0	3.12	5.06
7150.0	144.0	4.28	5.27
7160.0	144.0	5.79	5.34
7170.0	144.0	7.14	5.46
7180.0	144.0	8.41	5.4
7190.0	144.0	9.73	5.41
7200.0	144.0	11.01	5.42
7210.0	144.0	12.23	5.43
7370.0	149.0	12.67	6.34
7380.0	149.0	11.58	6.88
7390.0	149.0	10.56	7.08
7400.0	149.0	9.61	7.49
7410.0	149.0	8.55	7.66
7420.0	149.0	7.39	7.61
7430.0	149.0	6.33	7.69
7440.0	149.0	5.37	7.91
7450.0	149.0	4.29	7.78
7460.0	149.0	3.19	7.76
7460.0	154.0	-2.94	4.95
7470.0	149.0	2.08	7.81
7470.0	154.0	-1.84	5.0
7480.0	149.0	1.05	7.92
7480.0	154.0	-0.78	4.85
7490.0	149.0	-0.15	7.9
7490.0	154.0	0.39	4.85
7500.0	149.0	-1.28	7.96
7500.0	154.0	1.62	4.96
7510.0	149.0	-2.09	7.86
7510.0	154.0	2.79	5.18
7520.0	154.0	3.99	5.28
7530.0	154.0	5.26	5.32
7540.0	154.0	6.45	5.31
7550.0	154.0	7.63	5.33
7560.0	154.0	8.83	5.39
7570.0	154.0	10.02	5.41
7580.0	154.0	11.17	5.36
7590.0	154.0	12.27	5.36
7600.0	154.0	13.09	5.78
7750.0	159.0	-1.09	5.33
7760.0	159.0	-0.07	5.35
7770.0	159.0	1.04	5.35
7770.0	160.0	11.65	5.63
7780.0	159.0	2.08	5.27
7780.0	160.0	10.51	5.29
7780.0	161.0	-2.56	0.25
7780.0	162.0	12.88	5.97
7790.0	159.0	3.18	5.27
7790.0	160.0	9.64	5.15
7790.0	161.0	-1.67	0.89
7790.0	162.0	11.72	6.08
7800.0	159.0	4.17	5.24
7800.0	160.0	8.54	4.92
7800.0	161.0	-0.69	1.4
7800.0	162.0	10.57	6.15
7810.0	159.0	5.29	5.23
7810.0	160.0	7.51	4.68
7810.0	161.0	0.35	1.84
7810.0	162.0	9.34	6.25
7820.0	159.0	6.3	5.26
7820.0	160.0	6.63	4.4
7820.0	161.0	1.41	2.23
7820.0	162.0	8.11	6.34
7830.0	159.0	7.36	5.24
7830.0	160.0	5.51	4.05
7830.0	161.0	2.47	2.63
7830.0	162.0	6.9	6.33
7840.0	159.0	8.32	5.31
7840.0	160.0	4.49	3.78
7840.0	161.0	3.62	2.89
7840.0	162.0	5.69	6.29
7850.0	159.0	9.37	5.38
7850.0	160.0	3.46	3.67
7850.0	161.0	4.69	3.0
7850.0	162.0	4.46	6.32
7860.0	159.0	10.44	5.49
7860.0	160.0	2.49	3.36
7860.0	161.0	5.84	3.25
7860.0	162.0	3.27	6.41
7860.0	166.0	-1.77	0.26
7870.0	159.0	11.52	5.6
7870.0	160.0	1.48	3.15
7870.0	161.0	7.0	3.52
7870.0	162.0	2.1	6.5
7870.0	166.0	-0.72	1.0
7880.0	159.0	12.53	5.69
7880.0	160.0	0.57	2.94
7880.0	161.0	8.09	3.93
7880.0	162.0	0.96	6.66
7880.0	166.0	0.33	1.53
7890.0	160.0	-0.52	2.66
7890.0	161.0	9.18	4.4
7890.0	162.0	-0.25	6.82
7890.0	166.0	1.46	2.16
7900.0	160.0	-1.6	2.59
7900.0	161.0	10.34	4.77
7900.0	162.0	-1.44	6.92
7900.0	166.0	2.74	2.65
7910.0	160.0	-2.74	2.61
7910.0	161.0	11.4	5.2
7910.0	162.0	-2.49	6.89
7910.0	166.0	3.9	3.07
7920.0	160.0	-3.88	2.77
7920.0	161.0	12.48	5.53
7920.0	162.0	-3.69	6.98
7920.0	166.0	5.05	3.47
7930.0	160.0	-4.63	3.06
7930.0	161.0	13.47	5.74
7930.0	162.0	-4.76	6.88
7930.0	166.0	6.31	3.8
7940.0	166.0	7.56	4.02
7950.0	166.0	8.83	4.27
7960.0	166.0	10.13	4.53
7970.0	166.0	11.38	4.8
7980.0	166.0	12.6	5.06
8290.0	174.0	-3.14	13.21
8290.0	175.0	-1.98	0.1
8300.0	174.0	-2.68	12.24
8300.0	175.0	-1.19	0.75
8310.0	174.0	-2.1	11.41
8310.0	175.0	-0.37	1.29
8320.0	174.0	-1.38	10.59
8320.0	175.0	0.53	1.7
8330.0	174.0	-0.71	10.15
8330.0	175.0	1.5	2.13
8340.0	174.0	0.08	9.64
8340.0	175.0	2.4	2.45
8350.0	174.0	0.99	9.2
8350.0	175.0	3.47	2.82
8360.0	174.0	2.17	8.84
8360.0	175.0	4.44	3.03
8370.0	174.0	3.15	8.54
8370.0	175.0	5.39	3.23
8370.0	176.0	12.82	5.69
8370.0	177.0	-1.24	7.06
8380.0	174.0	4.14	8.31
8380.0	175.0	6.43	3.44
8380.0	176.0	11.27	6.07
8380.0	177.0	-0.11	7.14
8390.0	174.0	5.2	8.09
8390.0	175.0	7.47	3.7
8390.0	176.0	9.83	6.14
8390.0	177.0	0.92	7.19
8400.0	174.0	6.25	7.82
8400.0	175.0	8.48	4.0
8400.0	176.0	8.42	6.28
8400.0	177.0	2.06	7.24
8400.0	180.0	-0.79	4.28
8410.0	174.0	7.27	7.53
8410.0	175.0	9.5	4.38
8410.0	176.0	7.06	6.38
8410.0	177.0	3.08	7.36
8410.0	180.0	0.23	4.24
8420.0	174.0	8.28	7.22
8420.0	175.0	10.48	4.72
8420.0	176.0	5.67	6.53
8420.0	177.0	4.15	7.47
8420.0	180.0	1.22	4.26
8430.0	174.0	9.31	6.83
8430.0	175.0	11.54	4.97
8430.0	176.0	4.37	6.71
8430.0	177.0	5.17	7.41
8430.0	180.0	2.26	4.23
8440.0	174.0	10.33	6.48
8440.0	175.0	12.66	5.2
8440.0	176.0	2.98	6.81
8440.0	177.0	6.25	7.24
8440.0	180.0	3.33	4.17
8450.0	174.0	11.32	6.16
8450.0	175.0	14.15	5.64
8450.0	176.0	1.54	6.74
8450.0	177.0	7.26	7.14
8450.0	180.0	4.28	4.22
8460.0	174.0	12.18	5.82
8460.0	176.0	0.27	6.65
8460.0	177.0	8.32	7.1
8460.0	180.0	5.27	4.2
8460.0	188.0	-2.8	9.5
8470.0	174.0	13.11	5.66
8470.0	176.0	-0.92	6.69
8470.0	177.0	9.36	7.15
8470.0	180.0	6.26	4.23
8470.0	188.0	-1.84	9.34
8480.0	176.0	-2.37	6.69
8480.0	177.0	10.52	6.88
8480.0	180.0	7.39	4.3
8480.0	188.0	-0.83	9.14
8490.0	176.0	-3.57	6.9
8490.0	177.0	11.68	6.59
8490.0	180.0	8.47	4.33
8490.0	188.0	0.15	8.94
8500.0	177.0	12.86	6.35
8500.0	180.0	9.47	4.39
8500.0	188.0	1.14	8.69
8510.0	180.0	10.47	4.5
8510.0	188.0	2.08	8.5
8520.0	180.0	11.43	4.61
8520.0	188.0	3.08	8.22
8530.0	180.0	12.24	4.79
8530.0	188.0	4.02	8.07
8540.0	180.0	12.96	4.89
8540.0	188.0	5.05	7.85
8550.0	180.0	13.37	4.96
8550.0	188.0	6.02	7.58
8560.0	188.0	6.96	7.36
8570.0	188.0	7.87	7.16
8580.0	188.0	8.96	7.12
8590.0	188.0	9.86	6.97
8600.0	188.0	10.74	6.82
8610.0	188.0	11.51	6.66
8620.0	188.0	12.22	6.55
8710.0	193.0	9.74	7.75
8720.0	193.0	8.73	7.9
8730.0	193.0	7.75	7.99
8740.0	193.0	6.75	7.95
8750.0	193.0	5.75	7.85
8760.0	193.0	4.79	7.82
8770.0	193.0	3.77	7.91
8780.0	193.0	2.79	8.16
8790.0	193.0	1.8	8.45
8800.0	193.0	1.34	9.1
8810.0	193.0	0.53	9.5
8860.0	194.0	0.46	4.97
8870.0	194.0	1.56	5.01
8880.0	194.0	2.66	5.0
8890.0	194.0	3.73	5.04
8890.0	195.0	12.71	4.95
8900.0	194.0	4.86	5.11
8900.0	195.0	11.82	4.59
8910.0	194.0	6.05	5.1
8910.0	195.0	10.96	4.34
8910.0	197.0	12.43	6.04
8920.0	194.0	7.16	5.12
8920.0	195.0	9.86	4.25
8920.0	197.0	11.5	6.03
8930.0	194.0	8.16	5.15
8930.0	195.0	9.11	4.13
8930.0	197.0	10.81	5.8
8940.0	194.0	8.86	5.52
8940.0	195.0	8.16	3.99
8940.0	197.0	10.28	5.52
8940.0	199.0	-1.31	4.48
8950.0	194.0	9.47	5.91
8950.0	195.0	7.27	3.93
8950.0	197.0	9.8	5.22
8950.0	199.0	-0.13	4.59
8960.0	194.0	10.35	6.0
8960.0	195.0	6.39	3.81
8960.0	197.0	8.97	4.98
8960.0	199.0	1.08	4.71
8970.0	194.0	11.31	5.95
8970.0	195.0	5.51	3.66
8970.0	197.0	8.18	4.88
8970.0	199.0	2.28	4.86
8980.0	194.0	12.44	6.02
8980.0	195.0	4.64	3.51
8980.0	197.0	7.24	4.8
8980.0	199.0	3.45	5.07
8990.0	195.0	3.69	3.38
8990.0	197.0	6.35	4.58
8990.0	199.0	4.64	5.32
8990.0	204.0	-2.58	4.48
9000.0	195.0	2.82	3.19
9000.0	197.0	5.42	4.35
9000.0	199.0	5.85	5.49
9000.0	204.0	-1.45	4.7
9010.0	195.0	1.98	2.77
9010.0	197.0	4.42	4.2
9010.0	199.0	7.05	5.63
9010.0	204.0	-0.25	4.82
9020.0	195.0	1.2	2.43
9020.0	197.0	3.5	4.0
9020.0	199.0	8.23	5.61
9020.0	204.0	0.76	5.02
9030.0	195.0	0.29	2.04
9030.0	197.0	2.6	3.85
9030.0	199.0	9.46	5.64
9030.0	204.0	1.95	5.38
9040.0	195.0	-0.52	1.69
9040.0	197.0	1.68	3.68
9040.0	199.0	10.63	5.64
9040.0	204.0	3.06	5.65
9050.0	195.0	-1.13	1.29
9050.0	197.0	0.78	3.47
9050.0	199.0	11.92	5.64
9050.0	204.0	4.25	5.74
9050.0	207.0	-2.81	5.16
9060.0	195.0	-2.0	0.59
9060.0	197.0	-0.11	3.23
9060.0	204.0	5.39	5.76
9060.0	207.0	-1.77	5.1
9070.0	195.0	-2.64	0.11
9070.0	197.0	-0.93	2.87
9070.0	204.0	6.54	5.69
9070.0	207.0	-0.85	5.1
9080.0	195.0	-3.5	-0.44
9080.0	197.0	-1.75	2.32
9080.0	204.0	7.73	5.64
9080.0	207.0	0.24	5.1
9090.0	195.0	-4.04	-1.06
9090.0	197.0	-3.09	1.52
9090.0	204.0	8.89	5.61
9090.0	207.0	1.45	5.11
9100.0	195.0	-4.6	-1.81
9100.0	197.0	-3.83	0.91
9100.0	204.0	10.1	5.57
9100.0	207.0	2.53	5.13
9110.0	197.0	-4.47	0.28
9110.0	204.0	11.24	5.58
9110.0	207.0	3.62	5.2
9120.0	204.0	12.41	5.5
9120.0	207.0	4.74	5.32
9130.0	204.0	13.77	5.49
9130.0	207.0	5.88	5.36
9140.0	207.0	7.21	5.41
9150.0	207.0	8.34	5.45
9160.0	207.0	9.48	5.36
9170.0	207.0	10.65	5.35
9180.0	207.0	11.71	5.24
9190.0	207.0	12.68	5.03
9200.0	207.0	13.6	4.99
9200.0	212.0	12.68	6.64
9210.0	212.0	11.6	7.02
9220.0	212.0	10.6	7.32
9230.0	212.0	9.64	7.42
9240.0	212.0	8.56	7.47
9250.0	212.0	7.5	7.54
9260.0	212.0	6.41	7.54
9270.0	212.0	5.36	7.57
9280.0	212.0	4.25	7.51
9290.0	212.0	3.18	7.51
9300.0	212.0	2.11	7.53
9300.0	217.0	-6.49	5.93
9300.0	218.0	-6.57	4.94
9310.0	212.0	1.01	7.55
9310.0	217.0	-5.23	5.72
9310.0	218.0	-5.53	4.76
9320.0	212.0	-0.06	7.58
9320.0	217.0	-4.08	5.55
9320.0	218.0	-4.22	4.65
9330.0	212.0	-1.05	7.5
9330.0	217.0	-2.85	5.38
9330.0	218.0	-3.01	4.55
9340.0	212.0	-1.9	7.47
9340.0	217.0	-1.59	5.29
9340.0	218.0	-1.71	4.33
9350.0	212.0	-2.58	7.09
9350.0	217.0	-0.46	5.44
9350.0	218.0	-0.46	4.34
9360.0	212.0	-3.61	7.14
9360.0	217.0	0.84	5.4
9360.0	218.0	0.76	4.38
9370.0	217.0	2.17	5.36
9370.0	218.0	1.95	4.43
9380.0	217.0	3.38	5.35
9380.0	218.0	3.22	4.43
9390.0	217.0	4.58	5.33
9390.0	218.0	4.43	4.4
9400.0	217.0	5.81	5.36
9400.0	218.0	5.62	4.42
9400.0	219.0	-2.37	4.43
9410.0	217.0	7.03	5.48
9410.0	218.0	7.03	4.45
9410.0	219.0	-1.19	4.36
9420.0	217.0	8.22	5.66
9420.0	218.0	8.27	4.58
9420.0	219.0	-0.09	4.4
9430.0	217.0	9.47	5.82
9430.0	218.0	9.46	4.73
9430.0	219.0	1.03	4.5
9440.0	217.0	10.61	5.9
9440.0	218.0	10.67	4.86
9440.0	219.0	2.08	4.51
9450.0	217.0	11.64	5.99
9450.0	218.0	11.78	5.03
9450.0	219.0	3.33	4.67
9460.0	217.0	12.52	6.05
9460.0	218.0	12.67	5.2
9460.0	219.0	4.52	4.75
9470.0	219.0	5.63	4.79
9480.0	219.0	6.76	4.84
9490.0	219.0	7.91	4.8
9500.0	219.0	9.02	4.66
9500.0	222.0	-3.28	-2.0
9510.0	219.0	10.16	4.49
9510.0	222.0	-2.79	-1.06
9520.0	219.0	11.3	4.33
9520.0	222.0	-2.05	-0.04
9530.0	219.0	12.45	4.39
9530.0	222.0	-1.19	1.01
9530.0	223.0	-0.71	5.6
9530.0	224.0	-1.46	6.86
9540.0	219.0	13.57	4.79
9540.0	222.0	-0.02	1.41
9540.0	223.0	0.37	5.63
9540.0	224.0	-0.24	6.75
9550.0	222.0	1.08	1.84
9550.0	223.0	1.48	5.61
9550.0	224.0	0.86	6.77
9560.0	222.0	2.37	2.27
9560.0	223.0	2.68	5.6
9560.0	224.0	1.92	6.97
9570.0	222.0	3.65	2.61
9570.0	223.0	3.83	5.57
9570.0	224.0	2.97	6.99
9580.0	222.0	4.78	2.91
9580.0	223.0	4.94	5.51
9580.0	224.0	4.1	6.89
9590.0	222.0	6.02	3.29
9590.0	223.0	6.07	5.5
9590.0	224.0	5.21	6.79
9600.0	222.0	7.52	3.58
9600.0	223.0	7.32	5.55
9600.0	224.0	6.38	6.64
9610.0	222.0	8.82	3.86
9610.0	223.0	8.37	5.53
9610.0	224.0	7.44	6.53
9620.0	222.0	10.19	4.13
9620.0	223.0	9.47	5.48
9620.0	224.0	8.43	6.47
9630.0	222.0	11.56	4.46
9630.0	223.0	10.53	5.45
9630.0	224.0	9.39	6.31
9640.0	222.0	13.03	5.0
9640.0	223.0	11.65	5.43
9640.0	224.0	10.38	6.09
9650.0	223.0	12.72	5.52
9650.0	224.0	11.38	5.91
9680.0	230.0	-3.11	5.32
9680.0	231.0	-3.38	4.31
9690.0	230.0	-2.09	5.21
9690.0	231.0	-2.48	4.25
9700.0	230.0	-1.28	5.33
9700.0	231.0	-1.51	4.28
9710.0	230.0	-0.44	5.26
9710.0	231.0	-0.43	4.34
9720.0	230.0	0.45	5.28
9720.0	231.0	0.48	4.39
9730.0	230.0	1.34	5.34
9730.0	231.0	1.36	4.49
9740.0	230.0	2.28	5.27
9740.0	231.0	2.24	4.5
9750.0	230.0	3.18	5.2
9750.0	231.0	3.05	4.41
9760.0	230.0	4.11	5.16
9760.0	231.0	3.89	4.27
9770.0	230.0	5.03	5.09
9770.0	231.0	4.7	4.11
9780.0	230.0	6.02	5.04
9780.0	231.0	5.54	4.15
9780.0	233.0	0.08	9.05
9790.0	230.0	7.01	5.03
9790.0	231.0	6.36	4.2
9790.0	233.0	1.16	8.69
9800.0	230.0	8.05	4.96
9800.0	231.0	7.17	4.25
9800.0	233.0	2.31	8.46
9810.0	230.0	8.94	4.89
9810.0	231.0	8.09	4.24
9810.0	233.0	3.43	8.17
9820.0	230.0	9.88	4.84
9820.0	231.0	8.97	4.1
9820.0	233.0	4.64	7.9
9830.0	230.0	10.74	4.75
9830.0	231.0	9.76	4.21
9830.0	233.0	5.83	7.6
9840.0	230.0	11.7	4.6
9840.0	231.0	10.5	4.2
9840.0	233.0	6.94	7.29
9850.0	230.0	12.52	4.3
9850.0	231.0	11.12	4.05
9850.0	233.0	8.12	6.99
9860.0	230.0	13.01	4.26
9860.0	231.0	11.67	4.0
9860.0	233.0	9.24	6.75
9870.0	230.0	13.05	4.4
9870.0	231.0	12.02	3.8
9870.0	233.0	10.39	6.65
9880.0	230.0	13.05	4.4
9880.0	231.0	12.2	3.83
9880.0	233.0	11.72	6.46
9890.0	230.0	12.68	4.6
9890.0	231.0	12.29	3.76
9890.0	233.0	12.99	6.22
9900.0	230.0	12.61	4.7
9900.0	231.0	12.26	3.82
9910.0	230.0	12.62	4.76
9910.0	231.0	12.25	3.84
9920.0	230.0	12.65	4.76
9920.0	231.0	12.25	3.84
9920.0	239.0	-1.57	5.57
9920.0	241.0	-1.38	8.19
9930.0	230.0	12.65	4.76
9930.0	231.0	12.25	3.84
9930.0	239.0	-0.74	5.53
9930.0	241.0	-0.08	8.1
9930.0	243.0	-2.56	5.74
9940.0	230.0	12.65	4.76
9940.0	231.0	12.25	3.84
9940.0	239.0	0.07	5.49
9940.0	241.0	1.16	7.94
9940.0	243.0	-1.65	6.2
9950.0	230.0	12.68	4.76
9950.0	231.0	12.25	3.84
9950.0	239.0	1.01	5.49
9950.0	241.0	2.39	7.74
9950.0	243.0	-0.51	6.6
9960.0	230.0	12.62	4.88
9960.0	231.0	12.25	3.93
9960.0	239.0	1.95	5.41
9960.0	241.0	3.65	7.49
9960.0	243.0	0.5	6.91
9970.0	230.0	13.18	5.24
9970.0	231.0	12.58	4.26
9970.0	239.0	2.87	5.33
9970.0	241.0	4.87	7.24
9970.0	243.0	1.52	7.11
9980.0	230.0	13.18	5.24
9980.0	231.0	13.53	5.0
9980.0	239.0	3.75	5.37
9980.0	241.0	6.06	6.99
9980.0	243.0	2.48	7.34
9990.0	239.0	4.62	5.47
9990.0	241.0	7.28	6.75
9990.0	243.0	3.55	7.5
10000.0	239.0	5.44	5.48
10000.0	241.0	8.51	6.47
10000.0	243.0	4.6	7.58
10010.0	239.0	6.19	5.49
10010.0	241.0	9.76	6.13
10010.0	243.0	5.66	7.62
10020.0	239.0	6.97	5.46
10020.0	241.0	11.28	5.73
10020.0	243.0	6.77	7.61
10030.0	239.0	7.74	5.47
10030.0	241.0	12.63	5.51
10030.0	243.0	7.89	7.55
10040.0	239.0	8.51	5.47
10040.0	241.0	13.98	5.64
10040.0	243.0	9.1	7.43
10050.0	239.0	9.12	5.37
10050.0	243.0	10.35	7.26
10060.0	239.0	9.74	5.31
10060.0	243.0	11.62	6.99
10070.0	239.0	10.47	5.34
10070.0	243.0	12.82	6.72
10080.0	239.0	11.28	5.18
10090.0	239.0	12.01	5.09
10100.0	239.0	12.74	5.32
10100.0	247.0	2.31	4.06
10110.0	239.0	13.43	5.4
10110.0	247.0	3.16	3.92
10120.0	247.0	4.11	3.84
10130.0	247.0	4.99	3.78
10140.0	247.0	5.95	3.82
10150.0	247.0	6.93	3.76
10160.0	247.0	7.87	3.88
10170.0	247.0	8.72	3.95
10180.0	247.0	9.5	4.05
10190.0	247.0	10.25	4.13
10200.0	247.0	10.9	4.38
10210.0	247.0	11.43	4.87
10220.0	247.0	11.89	5.35
10230.0	247.0	12.28	5.47
