0.0	2.0	0.51	-6.94
0.0	3.0	2.3	-4.59
0.0	5.0	-1.59	0.93
0.0	6.0	-1.72	1.32
0.0	10.0	-0.11	-9.9
10.0	2.0	0.55	-7.59
10.0	3.0	1.94	-4.12
10.0	5.0	-1.59	0.93
10.0	6.0	-1.72	1.32
10.0	10.0	-0.1	-9.88
20.0	3.0	1.53	-3.49
20.0	5.0	-1.59	0.93
20.0	6.0	-1.72	1.32
30.0	3.0	1.14	-2.99
30.0	5.0	-1.59	0.93
30.0	6.0	-1.72	1.32
40.0	3.0	0.84	-2.46
40.0	5.0	-1.59	0.93
40.0	6.0	-1.72	1.32
50.0	3.0	0.45	-2.0
50.0	5.0	-1.59	0.93
50.0	6.0	-1.72	1.32
60.0	3.0	0.17	-1.52
60.0	5.0	-1.59	0.93
60.0	6.0	-1.72	1.32
70.0	3.0	-0.1	-0.97
70.0	5.0	-1.59	0.93
70.0	6.0	-1.72	1.32
80.0	3.0	-0.34	-0.39
80.0	5.0	-1.59	0.93
80.0	6.0	-1.72	1.32
90.0	3.0	-0.55	0.19
90.0	5.0	-1.59	0.93
90.0	6.0	-1.72	1.32
100.0	3.0	-0.76	0.73
100.0	5.0	-1.59	0.93
100.0	6.0	-1.72	1.32
110.0	3.0	-0.94	1.21
110.0	5.0	-1.59	0.93
110.0	6.0	-1.7	1.32
120.0	3.0	-1.19	1.79
120.0	5.0	-1.59	0.93
120.0	6.0	-1.7	1.32
130.0	3.0	-1.46	2.17
130.0	5.0	-1.59	0.93
130.0	6.0	-1.7	1.32
140.0	5.0	-1.59	0.93
140.0	6.0	-1.7	1.32
140.0	11.0	0.4	2.98
150.0	5.0	-1.59	0.93
150.0	6.0	-1.7	1.32
150.0	11.0	0.34	2.2
160.0	5.0	-1.59	0.93
160.0	6.0	-1.7	1.32
160.0	11.0	0.34	1.36
170.0	5.0	-1.59	0.93
170.0	6.0	-1.7	1.32
170.0	11.0	0.4	0.55
170.0	14.0	4.0	-2.41
170.0	15.0	3.13	-2.31
180.0	5.0	-1.59	0.93
180.0	6.0	-1.7	1.32
180.0	11.0	0.42	-0.3
180.0	14.0	3.99	-1.8
180.0	15.0	3.14	-1.8
190.0	5.0	-1.59	0.93
190.0	6.0	-1.7	1.32
190.0	11.0	0.49	-1.14
190.0	14.0	3.92	-1.35
190.0	15.0	3.13	-1.3
200.0	5.0	-1.59	0.93
200.0	6.0	-1.7	1.32
200.0	11.0	0.53	-1.97
200.0	14.0	3.9	-0.88
200.0	15.0	3.09	-0.81
210.0	5.0	-1.59	0.93
210.0	6.0	-1.7	1.32
210.0	11.0	0.58	-2.8
210.0	14.0	3.89	-0.4
210.0	15.0	3.09	-0.32
220.0	5.0	-1.59	0.93
220.0	6.0	-1.7	1.32
220.0	11.0	0.6	-3.7
220.0	14.0	3.82	0.08
220.0	15.0	3.11	0.13
230.0	5.0	-1.59	0.93
230.0	6.0	-1.7	1.32
230.0	11.0	0.74	-4.63
230.0	14.0	3.8	0.57
230.0	15.0	3.11	0.62
230.0	18.0	3.29	-6.77
240.0	5.0	-1.6	0.93
240.0	6.0	-1.72	1.32
240.0	11.0	0.71	-5.59
240.0	14.0	3.79	1.05
240.0	15.0	3.13	1.12
240.0	18.0	3.29	-6.04
250.0	5.0	-1.61	0.93
250.0	6.0	-1.72	1.32
250.0	11.0	0.7	-6.39
250.0	14.0	3.78	1.47
250.0	15.0	3.12	1.58
250.0	18.0	3.24	-5.34
260.0	11.0	0.74	-7.26
260.0	14.0	3.72	1.99
260.0	15.0	3.08	2.03
260.0	18.0	3.25	-4.66
270.0	11.0	0.8	-8.15
270.0	14.0	3.71	2.45
270.0	15.0	3.1	2.46
270.0	18.0	3.24	-3.93
280.0	11.0	0.83	-9.02
280.0	14.0	3.7	2.92
280.0	15.0	3.12	2.91
280.0	18.0	3.27	-3.24
290.0	18.0	3.26	-2.57
300.0	18.0	3.21	-1.88
310.0	18.0	3.22	-1.22
320.0	18.0	3.22	-0.53
320.0	19.0	0.36	1.64
330.0	18.0	3.29	0.12
330.0	19.0	0.44	2.06
340.0	18.0	3.43	0.85
340.0	19.0	0.57	2.5
350.0	18.0	3.44	1.44
350.0	19.0	0.61	2.96
500.0	24.0	0.27	2.65
500.0	26.0	3.53	-4.1
510.0	24.0	0.44	2.34
510.0	26.0	3.45	-3.58
520.0	24.0	0.58	2.1
520.0	26.0	3.43	-3.05
530.0	24.0	0.7	1.88
530.0	26.0	3.39	-2.57
540.0	24.0	0.72	1.61
540.0	26.0	3.34	-2.06
550.0	24.0	0.76	1.34
550.0	26.0	3.35	-1.55
560.0	24.0	0.83	1.0
560.0	26.0	3.24	-1.06
570.0	24.0	0.82	0.68
570.0	26.0	3.19	-0.6
580.0	24.0	0.85	0.35
580.0	26.0	3.19	-0.1
590.0	24.0	0.99	0.01
590.0	26.0	3.15	0.4
600.0	24.0	1.07	-0.32
600.0	26.0	3.19	0.88
610.0	24.0	1.13	-0.71
610.0	26.0	3.22	1.36
620.0	24.0	1.22	-1.08
620.0	26.0	3.18	1.84
630.0	24.0	1.29	-1.47
640.0	24.0	1.33	-1.82
650.0	24.0	1.42	-2.18
660.0	24.0	1.49	-2.54
670.0	24.0	1.5	-2.91
680.0	24.0	1.54	-3.31
690.0	24.0	1.64	-3.8
700.0	24.0	1.66	-4.26
710.0	24.0	1.67	-4.72
720.0	24.0	1.7	-5.18
730.0	24.0	1.65	-5.59
740.0	24.0	1.59	-5.98
750.0	24.0	1.65	-6.4
760.0	24.0	1.69	-6.77
770.0	24.0	1.71	-7.14
780.0	24.0	1.8	-7.43
790.0	24.0	1.88	-7.7
800.0	24.0	1.85	-7.96
870.0	32.0	2.22	3.7
880.0	32.0	2.16	3.0
890.0	32.0	2.16	2.36
900.0	32.0	2.09	1.72
910.0	32.0	2.04	1.11
920.0	32.0	2.05	0.46
930.0	32.0	2.04	-0.22
940.0	32.0	2.1	-0.86
950.0	32.0	2.16	-1.55
960.0	32.0	2.15	-2.24
970.0	32.0	2.26	-2.95
980.0	32.0	2.27	-3.64
1000.0	36.0	0.19	-0.63
1010.0	36.0	0.04	-1.2
1020.0	36.0	-0.01	-1.82
1030.0	36.0	-0.19	-2.5
1040.0	36.0	-0.39	-3.06
1050.0	36.0	-0.64	-3.66
1060.0	36.0	-0.99	-4.22
1070.0	36.0	-1.22	-4.66
1080.0	36.0	-1.7	-5.11
1090.0	36.0	-2.15	-5.55
1100.0	36.0	-2.57	-5.88
1110.0	36.0	-2.88	-6.31
1120.0	36.0	-3.25	-6.55
1150.0	46.0	-1.65	0.9
1160.0	46.0	-1.65	0.9
1160.0	48.0	2.94	-5.77
1170.0	46.0	-1.65	0.9
1170.0	48.0	2.76	-5.1
1180.0	46.0	-1.65	0.9
1180.0	48.0	2.66	-4.42
1190.0	46.0	-1.65	0.9
1190.0	48.0	2.54	-3.77
1200.0	46.0	-1.65	0.9
1200.0	48.0	2.47	-3.13
1210.0	46.0	-1.65	0.9
1210.0	48.0	2.4	-2.45
1220.0	46.0	-1.65	0.9
1220.0	48.0	2.3	-1.75
1230.0	46.0	-1.65	0.9
1230.0	48.0	2.27	-1.1
1240.0	46.0	-1.65	0.9
1240.0	48.0	2.2	-0.48
1250.0	46.0	-1.65	0.9
1250.0	48.0	2.21	0.13
1260.0	46.0	-1.65	0.9
1260.0	48.0	2.14	0.74
1270.0	46.0	-1.65	0.9
1270.0	48.0	2.09	1.29
1280.0	46.0	-1.65	0.9
1280.0	48.0	2.03	1.85
1290.0	46.0	-1.65	0.9
1290.0	48.0	1.92	2.38
1300.0	46.0	-1.65	0.9
1310.0	46.0	-1.65	0.9
1320.0	46.0	-1.65	0.9
1330.0	46.0	-1.65	0.9
1340.0	46.0	-1.65	0.9
1350.0	46.0	-1.65	0.9
1360.0	46.0	-1.65	0.9
1370.0	46.0	-1.65	0.9
1380.0	46.0	-1.65	0.9
1480.0	53.0	3.02	-1.86
1490.0	53.0	2.91	-1.14
1490.0	55.0	-0.6	2.73
1500.0	53.0	2.74	-0.43
1500.0	55.0	-0.35	2.65
1510.0	53.0	2.66	0.29
1510.0	55.0	-0.2	2.51
1520.0	53.0	2.59	0.99
1520.0	55.0	-0.06	2.27
1530.0	53.0	2.6	1.68
1530.0	55.0	0.03	2.07
1540.0	53.0	2.55	2.34
1540.0	55.0	0.19	1.9
1550.0	53.0	2.55	2.99
1550.0	55.0	0.35	1.75
1560.0	55.0	0.43	1.57
1570.0	55.0	0.47	1.29
1580.0	55.0	0.52	1.09
1590.0	55.0	0.58	0.92
1600.0	55.0	0.65	0.8
1610.0	55.0	0.65	0.7
1620.0	55.0	0.62	0.55
1670.0	56.0	1.48	0.55
1670.0	57.0	3.14	-3.22
1680.0	56.0	1.75	0.66
1680.0	57.0	3.07	-2.62
1690.0	56.0	1.98	0.86
1690.0	57.0	2.96	-2.04
1700.0	56.0	2.29	0.96
1700.0	57.0	2.97	-1.5
1710.0	56.0	2.64	1.08
1710.0	57.0	2.94	-0.93
1720.0	56.0	2.93	1.22
1720.0	57.0	2.78	-0.38
1730.0	56.0	3.19	1.45
1730.0	57.0	2.69	0.13
1740.0	56.0	3.48	1.57
1740.0	57.0	2.65	0.72
1750.0	56.0	3.86	1.73
1750.0	57.0	2.57	1.34
1790.0	58.0	2.43	-4.16
1800.0	58.0	2.44	-3.27
1810.0	58.0	2.44	-2.38
1820.0	58.0	2.47	-1.49
1830.0	58.0	2.54	-0.61
1840.0	58.0	2.56	0.27
1850.0	58.0	2.64	1.14
1860.0	58.0	2.67	1.99
1870.0	58.0	2.72	2.94
2000.0	65.0	0.7	-0.86
2000.0	66.0	2.63	-2.22
2010.0	65.0	0.66	-1.11
2010.0	66.0	2.57	-2.94
2020.0	65.0	0.55	-1.31
2020.0	66.0	2.59	-3.64
2030.0	65.0	0.58	-1.37
2030.0	66.0	2.56	-4.38
2040.0	65.0	0.5	-1.52
2040.0	66.0	2.47	-5.07
2050.0	65.0	0.49	-1.5
2050.0	66.0	2.45	-5.77
2060.0	65.0	0.49	-1.5
2060.0	66.0	2.33	-6.47
2300.0	70.0	2.85	0.74
2310.0	70.0	2.93	0.25
2320.0	70.0	3.14	-0.23
2330.0	70.0	3.35	-0.73
2340.0	70.0	3.55	-1.23
2350.0	70.0	3.8	-1.87
2770.0	71.0	2.66	3.27
2780.0	71.0	2.67	2.68
2790.0	71.0	2.69	2.07
2800.0	71.0	2.64	1.45
2810.0	71.0	2.63	0.86
2820.0	71.0	2.63	0.25
2830.0	71.0	2.6	-0.34
2840.0	71.0	2.62	-0.93
2840.0	78.0	3.59	-6.43
2850.0	71.0	2.56	-1.51
2850.0	78.0	3.63	-6.0
2860.0	71.0	2.45	-2.13
2860.0	78.0	3.7	-5.54
2870.0	71.0	2.35	-2.71
2870.0	78.0	3.76	-5.04
2880.0	71.0	2.19	-3.29
2880.0	78.0	3.79	-4.57
2890.0	71.0	2.13	-3.91
2890.0	78.0	3.87	-3.99
2900.0	71.0	2.06	-4.54
2900.0	78.0	3.87	-3.45
2910.0	71.0	2.02	-5.18
2910.0	78.0	3.86	-2.98
2920.0	71.0	2.09	-5.8
2920.0	78.0	3.85	-2.46
2930.0	71.0	2.15	-6.46
2940.0	71.0	2.28	-7.13
2950.0	71.0	2.38	-7.77
2960.0	71.0	2.43	-8.43
2970.0	71.0	2.48	-9.09
2980.0	71.0	2.45	-9.73
3410.0	91.0	1.97	-3.91
3410.0	92.0	1.28	-8.29
3420.0	91.0	2.09	-4.42
3420.0	92.0	1.26	-8.25
3430.0	91.0	2.2	-4.95
3430.0	92.0	1.24	-8.21
3440.0	91.0	2.27	-5.49
3440.0	92.0	1.24	-8.21
3450.0	91.0	2.34	-5.99
3450.0	92.0	1.24	-8.21
3460.0	91.0	2.4	-6.48
3460.0	92.0	1.24	-8.21
3470.0	91.0	2.47	-6.94
3470.0	92.0	1.24	-8.21
3480.0	91.0	2.52	-7.37
3480.0	92.0	1.24	-8.21
3490.0	91.0	2.5	-7.95
3490.0	92.0	1.24	-8.22
3500.0	91.0	2.38	-8.32
3500.0	92.0	1.24	-8.23
3510.0	91.0	2.37	-8.88
3510.0	92.0	1.24	-8.23
3520.0	91.0	2.21	-9.41
3520.0	92.0	1.24	-8.21
3530.0	91.0	2.25	-9.99
3530.0	92.0	1.24	-8.21
3540.0	92.0	1.24	-8.21
3550.0	92.0	1.24	-8.21
3560.0	92.0	1.24	-8.21
3570.0	92.0	1.24	-8.21
3580.0	92.0	1.24	-8.21
4000.0	97.0	1.22	3.29
4010.0	97.0	1.26	2.92
4020.0	97.0	1.33	2.57
4030.0	97.0	1.34	2.2
4040.0	97.0	1.32	1.84
4050.0	97.0	1.31	1.45
4060.0	97.0	1.24	1.04
4070.0	97.0	1.16	0.67
4080.0	97.0	1.06	0.21
4090.0	97.0	1.03	-0.23
4100.0	97.0	1.03	-0.59
4110.0	97.0	1.04	-1.03
4120.0	97.0	1.01	-1.61
4130.0	97.0	1.05	-2.07
4140.0	97.0	1.1	-2.52
4150.0	97.0	1.17	-2.99
4160.0	97.0	1.24	-3.42
4170.0	97.0	1.32	-4.01
4180.0	97.0	1.33	-4.47
4190.0	97.0	1.43	-4.96
4200.0	97.0	1.45	-5.4
4210.0	97.0	1.49	-5.88
4220.0	97.0	1.66	-6.36
4230.0	97.0	1.86	-6.8
4240.0	97.0	1.95	-7.26
4250.0	97.0	2.17	-7.81
4260.0	97.0	2.32	-8.25
4430.0	104.0	1.34	-9.22
4430.0	106.0	2.59	-9.52
4430.0	107.0	3.28	-9.49
4440.0	104.0	1.34	-9.22
4440.0	106.0	2.62	-9.36
4440.0	107.0	3.3	-9.35
4450.0	104.0	1.34	-9.22
4450.0	106.0	2.61	-9.17
4450.0	107.0	3.3	-9.16
4460.0	104.0	1.34	-9.22
4460.0	106.0	2.53	-8.93
4460.0	107.0	3.28	-8.91
4470.0	104.0	1.34	-9.22
4470.0	106.0	2.48	-8.74
4470.0	107.0	3.25	-8.71
4480.0	104.0	1.34	-9.2
4480.0	106.0	2.49	-8.47
4480.0	107.0	3.23	-8.45
4490.0	104.0	1.34	-9.2
4490.0	106.0	2.51	-8.26
4490.0	107.0	3.22	-8.29
4500.0	104.0	1.34	-9.2
4500.0	106.0	2.46	-8.03
4500.0	107.0	3.09	-7.98
4510.0	104.0	1.34	-9.22
4510.0	106.0	2.35	-7.78
4510.0	107.0	3.13	-7.79
4510.0	109.0	2.8	2.27
4520.0	104.0	1.34	-9.22
4520.0	106.0	2.3	-7.57
4520.0	107.0	3.12	-7.59
4520.0	109.0	2.9	1.78
4530.0	104.0	1.34	-9.22
4530.0	106.0	2.29	-7.32
4530.0	107.0	3.01	-7.33
4530.0	109.0	3.02	1.31
4540.0	104.0	1.34	-9.22
4540.0	106.0	2.29	-7.11
4540.0	107.0	2.96	-7.11
4540.0	109.0	3.12	0.88
4550.0	104.0	1.34	-9.22
4550.0	106.0	2.19	-6.82
4550.0	107.0	2.86	-6.81
4550.0	109.0	3.27	0.43
4560.0	104.0	1.34	-9.22
4560.0	106.0	2.05	-6.54
4560.0	107.0	2.8	-6.56
4560.0	109.0	3.42	0.08
4570.0	104.0	1.34	-9.22
4570.0	106.0	2.1	-6.27
4570.0	107.0	2.78	-6.34
4570.0	109.0	3.53	-0.26
4580.0	104.0	1.34	-9.22
4580.0	106.0	2.15	-6.07
4580.0	107.0	2.81	-6.18
4590.0	104.0	1.34	-9.2
4590.0	106.0	2.11	-5.76
4590.0	107.0	2.74	-5.89
4600.0	104.0	1.32	-9.2
4600.0	106.0	2.03	-5.49
4600.0	107.0	2.68	-5.64
4610.0	104.0	1.3	-9.18
4610.0	106.0	2.04	-5.28
4610.0	107.0	2.71	-5.34
4620.0	104.0	1.29	-9.16
4620.0	106.0	2.1	-5.03
4620.0	107.0	2.7	-5.13
4630.0	104.0	1.27	-9.16
4630.0	106.0	2.12	-4.83
4630.0	107.0	2.71	-4.91
4640.0	104.0	1.21	-9.24
4640.0	106.0	2.03	-4.55
4640.0	107.0	2.69	-4.74
4650.0	104.0	1.14	-9.23
4650.0	106.0	1.98	-4.34
4650.0	107.0	2.68	-4.5
4660.0	104.0	1.11	-9.23
4660.0	106.0	2.02	-4.14
4660.0	107.0	2.65	-4.24
4670.0	104.0	1.09	-9.23
4670.0	106.0	2.05	-3.98
4670.0	107.0	2.65	-4.07
4680.0	104.0	1.13	-9.19
4680.0	106.0	1.97	-3.74
4680.0	107.0	2.58	-3.83
4690.0	104.0	1.2	-9.12
4690.0	106.0	1.85	-3.51
4690.0	107.0	2.49	-3.6
4700.0	104.0	1.36	-9.23
4700.0	106.0	1.85	-3.31
4700.0	107.0	2.49	-3.4
4710.0	104.0	1.4	-9.28
4710.0	106.0	1.91	-3.08
4710.0	107.0	2.53	-3.17
4720.0	104.0	1.4	-9.36
4720.0	106.0	1.94	-2.92
4720.0	107.0	2.56	-3.01
4730.0	104.0	1.37	-9.31
4730.0	106.0	1.89	-2.66
4730.0	107.0	2.51	-2.77
4740.0	104.0	1.37	-9.32
4740.0	106.0	1.83	-2.43
4740.0	107.0	2.45	-2.53
4750.0	104.0	1.32	-9.34
4750.0	106.0	1.87	-2.2
4750.0	107.0	2.47	-2.3
4760.0	104.0	1.39	-9.34
4760.0	106.0	1.95	-1.97
4760.0	107.0	2.55	-2.07
4770.0	104.0	1.4	-9.34
4770.0	106.0	1.97	-1.79
4770.0	107.0	2.57	-1.89
4780.0	104.0	1.42	-9.29
4780.0	106.0	1.88	-1.55
4780.0	107.0	2.5	-1.65
4790.0	104.0	1.41	-9.28
4790.0	106.0	1.83	-1.36
4790.0	107.0	2.45	-1.46
4800.0	104.0	1.42	-9.28
4800.0	106.0	1.87	-1.16
4800.0	107.0	2.47	-1.25
4810.0	104.0	1.41	-9.27
4810.0	106.0	1.92	-0.95
4810.0	107.0	2.52	-1.04
4820.0	104.0	1.43	-9.26
4820.0	106.0	1.91	-0.68
4820.0	107.0	2.58	-0.69
4830.0	104.0	1.41	-9.23
4830.0	106.0	1.83	-0.41
4830.0	107.0	2.57	-0.59
4840.0	104.0	1.44	-9.26
4840.0	106.0	1.77	-0.23
4840.0	107.0	2.54	-0.41
4850.0	104.0	1.43	-9.25
4850.0	106.0	1.77	-0.06
4850.0	107.0	2.5	-0.19
4860.0	104.0	1.43	-9.28
4860.0	106.0	1.81	0.13
4860.0	107.0	2.5	-0.06
4870.0	104.0	1.41	-9.27
4870.0	106.0	1.8	0.35
4870.0	107.0	2.5	0.15
4880.0	104.0	1.38	-9.24
4880.0	106.0	1.77	0.54
4880.0	107.0	2.51	0.31
4890.0	104.0	1.36	-9.24
4890.0	106.0	1.76	0.69
4890.0	107.0	2.47	0.53
4900.0	104.0	1.29	-9.24
4900.0	106.0	1.82	0.87
4900.0	107.0	2.43	0.75
4910.0	104.0	1.38	-9.28
4910.0	106.0	1.9	1.05
4910.0	107.0	2.4	0.95
4920.0	104.0	1.36	-9.24
4920.0	106.0	1.93	1.21
4920.0	107.0	2.38	1.23
4930.0	104.0	1.35	-9.26
4930.0	106.0	1.88	1.47
4930.0	107.0	2.34	1.46
4940.0	104.0	1.31	-9.19
4940.0	106.0	1.85	1.68
4940.0	107.0	2.31	1.64
4950.0	104.0	1.3	-9.18
4950.0	106.0	1.88	1.89
4950.0	107.0	2.33	1.85
4960.0	104.0	1.3	-9.18
4960.0	106.0	1.91	2.08
4960.0	107.0	2.36	2.04
4970.0	104.0	1.3	-9.18
4970.0	106.0	1.9	2.26
4970.0	107.0	2.36	2.22
4980.0	104.0	1.3	-9.18
4980.0	106.0	1.83	2.51
4980.0	107.0	2.45	2.42
4990.0	104.0	1.3	-9.18
4990.0	106.0	1.8	2.68
4990.0	107.0	2.47	2.6
5000.0	104.0	1.3	-9.18
5000.0	106.0	1.79	2.91
5000.0	107.0	2.46	2.83
5010.0	104.0	1.33	-9.25
5010.0	106.0	1.76	3.1
5010.0	107.0	2.46	3.01
5240.0	114.0	1.59	-4.09
5240.0	116.0	-1.97	0.45
5250.0	114.0	1.52	-3.76
5250.0	116.0	-1.97	0.45
5260.0	114.0	1.51	-3.39
5260.0	116.0	-1.97	0.45
5270.0	114.0	1.48	-3.04
5270.0	116.0	-1.97	0.45
5280.0	114.0	1.38	-2.62
5280.0	116.0	-1.97	0.45
5290.0	114.0	1.35	-2.25
5290.0	116.0	-1.97	0.45
5300.0	114.0	1.41	-1.84
5300.0	116.0	-1.95	0.45
5310.0	114.0	1.4	-1.44
5310.0	116.0	-1.95	0.45
5320.0	114.0	1.33	-1.03
5320.0	116.0	-1.95	0.45
5330.0	114.0	1.38	-0.71
5330.0	116.0	-1.95	0.45
5340.0	114.0	1.43	-0.34
5340.0	116.0	-1.95	0.45
5350.0	114.0	1.41	0.04
5350.0	116.0	-1.95	0.45
5360.0	114.0	1.32	0.39
5360.0	116.0	-1.95	0.45
5370.0	114.0	1.33	0.75
5370.0	116.0	-1.95	0.45
6320.0	125.0	2.72	-5.63
6330.0	125.0	2.66	-5.15
6340.0	125.0	2.67	-4.69
6350.0	125.0	2.73	-4.23
6360.0	125.0	2.74	-3.74
6370.0	125.0	2.88	-3.28
6380.0	125.0	3.13	-2.78
6390.0	125.0	3.31	-2.27
6680.0	128.0	1.86	0.38
6690.0	128.0	1.86	-0.32
6700.0	128.0	1.96	-1.04
6710.0	128.0	2.0	-1.76
6710.0	131.0	0.3	1.67
6720.0	128.0	2.0	-2.43
6720.0	131.0	0.2	1.28
6730.0	128.0	2.12	-3.17
6730.0	131.0	0.05	0.92
6740.0	128.0	2.17	-3.93
6740.0	131.0	-0.09	0.56
6750.0	128.0	2.29	-4.75
6750.0	131.0	-0.19	0.24
6760.0	131.0	-0.25	-0.11
6760.0	132.0	1.83	2.08
6770.0	131.0	-0.29	-0.45
6770.0	132.0	1.78	1.45
6780.0	131.0	-0.3	-0.78
6780.0	132.0	1.88	0.79
6780.0	134.0	-1.94	0.5
6790.0	131.0	-0.25	-1.15
6790.0	132.0	1.92	0.16
6790.0	134.0	-1.83	0.96
6790.0	136.0	3.14	-1.41
6800.0	131.0	-0.22	-1.5
6800.0	132.0	1.94	-0.49
6800.0	134.0	-1.71	1.38
6800.0	136.0	3.15	-1.43
6810.0	131.0	-0.26	-1.84
6810.0	132.0	2.05	-1.14
6810.0	134.0	-1.67	1.82
6810.0	136.0	3.17	-1.46
6820.0	131.0	-0.37	-2.19
6820.0	132.0	2.06	-1.8
6820.0	134.0	-1.54	2.21
6820.0	136.0	3.17	-1.49
6830.0	131.0	-0.57	-2.55
6830.0	132.0	2.21	-2.47
6830.0	136.0	3.18	-1.52
6840.0	131.0	-0.81	-2.72
6840.0	132.0	2.28	-3.08
6840.0	136.0	3.2	-1.52
6840.0	139.0	1.23	-9.32
6850.0	131.0	-1.01	-2.9
6850.0	132.0	2.35	-3.75
6850.0	136.0	3.2	-1.54
6850.0	139.0	1.27	-9.3
6860.0	131.0	-1.21	-3.14
6860.0	132.0	2.57	-4.42
6860.0	136.0	3.19	-1.56
6860.0	139.0	1.29	-9.28
6870.0	131.0	-1.39	-3.32
6870.0	132.0	2.72	-5.08
6870.0	136.0	3.18	-1.56
6870.0	139.0	1.28	-9.28
6870.0	140.0	2.0	2.07
6880.0	132.0	2.96	-5.92
6880.0	136.0	3.18	-1.56
6880.0	139.0	1.28	-9.29
6880.0	140.0	1.95	1.41
6890.0	132.0	3.16	-6.58
6890.0	136.0	3.19	-1.54
6890.0	139.0	1.26	-9.28
6890.0	140.0	1.97	0.63
6900.0	132.0	3.26	-7.33
6900.0	136.0	3.17	-1.52
6900.0	139.0	1.19	-9.27
6900.0	140.0	2.05	-0.02
6910.0	132.0	3.42	-8.07
6910.0	136.0	3.15	-1.5
6910.0	139.0	1.22	-9.27
6910.0	140.0	2.0	-0.66
6920.0	132.0	3.42	-8.84
6920.0	136.0	3.15	-1.49
6920.0	139.0	1.25	-9.29
6920.0	140.0	2.09	-1.34
6930.0	132.0	3.48	-9.63
6930.0	136.0	3.17	-1.5
6930.0	139.0	1.29	-9.3
6930.0	140.0	2.05	-1.98
6940.0	136.0	3.18	-1.52
6940.0	139.0	1.31	-9.3
6940.0	140.0	2.11	-2.69
6950.0	136.0	3.18	-1.55
6950.0	139.0	1.31	-9.3
6950.0	140.0	2.23	-3.37
6960.0	136.0	3.2	-1.59
6960.0	139.0	1.31	-9.3
6960.0	140.0	2.31	-4.12
6970.0	136.0	3.22	-1.6
6970.0	139.0	1.31	-9.3
6970.0	140.0	2.45	-4.8
6970.0	146.0	2.21	-9.27
6980.0	136.0	3.23	-1.6
6980.0	139.0	1.31	-9.3
6980.0	140.0	2.51	-5.49
6980.0	146.0	2.21	-8.78
6980.0	147.0	3.73	-6.76
6990.0	136.0	3.25	-1.61
6990.0	139.0	1.31	-9.3
6990.0	140.0	2.62	-6.13
6990.0	146.0	2.11	-8.2
6990.0	147.0	3.72	-6.89
7000.0	136.0	3.25	-1.62
7000.0	139.0	1.31	-9.3
7000.0	140.0	2.79	-6.81
7000.0	146.0	2.0	-7.57
7000.0	147.0	3.73	-6.8
7010.0	136.0	3.2	-1.64
7010.0	139.0	1.31	-9.3
7010.0	140.0	2.89	-7.49
7010.0	146.0	1.82	-6.96
7010.0	147.0	3.67	-6.47
7020.0	136.0	3.1	-1.62
7020.0	139.0	1.31	-9.3
7020.0	140.0	3.01	-8.19
7020.0	146.0	1.68	-6.28
7030.0	139.0	1.31	-9.3
7030.0	140.0	3.09	-8.85
7030.0	146.0	1.55	-5.62
7040.0	139.0	1.31	-9.3
7040.0	140.0	2.98	-9.59
7040.0	146.0	1.54	-4.96
7050.0	139.0	1.31	-9.3
7050.0	146.0	1.52	-4.32
7060.0	139.0	1.31	-9.3
7060.0	146.0	1.47	-3.67
7070.0	139.0	1.31	-9.3
7070.0	146.0	1.42	-3.06
7080.0	139.0	1.31	-9.3
7080.0	146.0	1.23	-2.44
7090.0	139.0	1.31	-9.3
7090.0	146.0	1.21	-1.83
7100.0	139.0	1.31	-9.3
7100.0	146.0	1.26	-1.24
7110.0	139.0	1.31	-9.3
7110.0	146.0	1.31	-0.65
7120.0	139.0	1.31	-9.3
7120.0	146.0	1.39	-0.04
7130.0	139.0	1.31	-9.3
7130.0	146.0	1.49	0.63
7140.0	139.0	1.31	-9.3
7140.0	146.0	1.59	1.17
7150.0	139.0	1.31	-9.3
7150.0	146.0	1.68	1.74
7160.0	139.0	1.31	-9.3
7170.0	139.0	1.31	-9.3
7180.0	139.0	1.31	-9.3
7180.0	153.0	-1.94	-9.65
7190.0	139.0	1.31	-9.3
7190.0	153.0	-1.84	-9.32
7200.0	139.0	1.31	-9.3
7200.0	153.0	-1.82	-9.02
7210.0	139.0	1.31	-9.3
7210.0	153.0	-1.82	-8.82
7220.0	139.0	1.31	-9.3
7220.0	153.0	-1.84	-8.69
7230.0	139.0	1.31	-9.3
7230.0	153.0	-1.83	-8.62
7240.0	139.0	1.31	-9.3
7240.0	153.0	-1.83	-8.62
7250.0	139.0	1.31	-9.3
7250.0	153.0	-1.83	-8.62
7260.0	139.0	1.31	-9.3
7260.0	154.0	-1.83	-8.62
7270.0	139.0	1.31	-9.3
7270.0	154.0	-1.83	-8.6
7270.0	155.0	-0.41	-6.85
7280.0	139.0	1.31	-9.3
7280.0	154.0	-1.81	-8.6
7280.0	155.0	-0.41	-6.85
7290.0	139.0	1.31	-9.3
7290.0	154.0	-1.8	-8.62
7290.0	155.0	-0.62	-6.8
7300.0	139.0	1.31	-9.3
7300.0	154.0	-1.78	-8.64
7300.0	155.0	-0.64	-6.79
7310.0	139.0	1.31	-9.3
7320.0	139.0	1.31	-9.3
7330.0	139.0	1.31	-9.3
7340.0	139.0	1.31	-9.3
7350.0	139.0	1.31	-9.3
7360.0	139.0	1.31	-9.3
7370.0	139.0	1.31	-9.28
7520.0	160.0	2.27	-9.71
7530.0	160.0	2.29	-9.06
7540.0	160.0	2.31	-8.45
7550.0	160.0	2.28	-7.71
7560.0	160.0	2.38	-6.92
7570.0	160.0	2.39	-6.24
7580.0	160.0	2.41	-5.51
7590.0	160.0	2.36	-4.82
7600.0	160.0	2.35	-4.09
7610.0	160.0	2.4	-3.37
7620.0	160.0	2.34	-2.63
7630.0	160.0	2.35	-1.9
7640.0	160.0	2.35	-1.25
7650.0	160.0	2.33	-0.64
7660.0	160.0	2.36	0.01
7670.0	160.0	2.35	0.66
8050.0	164.0	2.18	-7.98
8050.0	165.0	2.78	-8.31
8060.0	164.0	2.21	-7.44
8060.0	165.0	2.84	-7.67
8070.0	164.0	2.23	-6.87
8070.0	165.0	2.82	-7.06
8080.0	164.0	2.23	-6.24
8080.0	165.0	2.8	-6.44
8090.0	164.0	2.31	-5.63
8090.0	165.0	2.78	-5.84
8100.0	164.0	2.23	-5.04
8100.0	165.0	2.77	-5.25
8110.0	164.0	2.2	-4.41
8110.0	165.0	2.8	-4.64
8120.0	164.0	2.2	-3.72
8120.0	165.0	2.8	-4.03
8130.0	164.0	2.13	-3.07
8130.0	165.0	2.82	-3.37
8140.0	164.0	2.12	-2.48
8140.0	165.0	2.9	-2.71
8150.0	164.0	2.18	-1.88
8150.0	165.0	2.89	-2.06
9280.0	176.0	-0.41	-4.11
9290.0	176.0	-0.42	-3.72
9300.0	176.0	-0.42	-3.34
9310.0	176.0	-0.48	-3.05
9320.0	178.0	-0.63	-2.95
9330.0	178.0	-0.83	-2.92
9410.0	185.0	-0.88	-1.08
9410.0	186.0	-0.11	-0.77
9420.0	185.0	-0.86	-1.04
9420.0	186.0	0.13	-1.28
9430.0	185.0	-0.85	-1.0
9430.0	186.0	0.39	-1.75
9440.0	185.0	-0.85	-1.0
9440.0	186.0	0.54	-2.26
9450.0	185.0	-0.87	-1.03
9450.0	186.0	0.56	-2.82
9460.0	185.0	-0.91	-1.07
9460.0	186.0	0.64	-3.38
9460.0	190.0	-1.1	-0.45
9470.0	185.0	-0.93	-1.09
9470.0	186.0	0.63	-3.96
9470.0	190.0	-0.69	-0.58
9480.0	185.0	-0.93	-1.07
9480.0	186.0	0.77	-4.61
9480.0	190.0	-0.32	-0.9
9480.0	193.0	0.45	3.7
9490.0	185.0	-0.92	-1.05
9490.0	186.0	0.82	-5.21
9490.0	190.0	-0.13	-1.34
9490.0	193.0	0.56	3.02
9500.0	185.0	-0.88	-1.04
9500.0	186.0	0.81	-5.87
9500.0	190.0	-0.08	-1.86
9500.0	193.0	0.57	2.26
9500.0	194.0	1.72	-8.94
9510.0	185.0	-0.86	-1.04
9510.0	190.0	0.22	-2.46
9510.0	193.0	0.63	1.51
9510.0	194.0	1.78	-8.3
9510.0	197.0	0.8	-6.49
9510.0	198.0	-1.31	-2.43
9520.0	185.0	-0.84	-1.04
9520.0	190.0	0.54	-2.92
9520.0	193.0	0.63	0.75
9520.0	194.0	1.8	-7.81
9520.0	197.0	0.72	-7.17
9520.0	198.0	-1.48	-2.32
9530.0	185.0	-0.85	-0.99
9530.0	190.0	0.58	-3.49
9530.0	193.0	0.63	0.0
9530.0	194.0	1.88	-7.26
9530.0	197.0	0.68	-7.88
9530.0	198.0	-1.54	-2.14
9540.0	185.0	-0.87	-1.0
9540.0	190.0	0.71	-3.96
9540.0	193.0	0.59	-0.73
9540.0	194.0	1.96	-6.65
9540.0	197.0	0.61	-8.45
9540.0	198.0	-1.7	-2.01
9550.0	185.0	-0.91	-1.03
9550.0	190.0	0.83	-4.49
9550.0	193.0	0.51	-1.51
9550.0	194.0	1.98	-6.05
9550.0	197.0	0.49	-9.09
9550.0	200.0	2.01	-9.81
9560.0	185.0	-0.91	-0.98
9560.0	190.0	0.87	-5.06
9560.0	193.0	0.48	-2.29
9560.0	194.0	2.04	-5.44
9560.0	200.0	1.99	-9.27
9570.0	185.0	-0.91	-0.99
9570.0	190.0	1.04	-5.49
9570.0	193.0	0.49	-3.09
9570.0	194.0	2.06	-4.85
9570.0	200.0	2.06	-8.71
9580.0	185.0	-0.9	-1.03
9580.0	190.0	0.88	-6.01
9580.0	193.0	0.55	-3.93
9580.0	194.0	2.09	-4.22
9580.0	200.0	2.13	-8.19
9590.0	185.0	-0.89	-1.05
9590.0	190.0	0.81	-6.64
9590.0	193.0	0.62	-4.64
9590.0	194.0	2.16	-3.62
9590.0	200.0	2.13	-7.64
9600.0	185.0	-0.88	-1.08
9600.0	190.0	0.89	-7.25
9600.0	193.0	0.62	-5.51
9600.0	194.0	2.15	-3.04
9600.0	200.0	2.14	-7.03
9610.0	185.0	-0.86	-1.08
9610.0	190.0	0.88	-7.88
9610.0	193.0	0.63	-6.29
9610.0	194.0	2.14	-2.5
9610.0	200.0	2.12	-6.46
9620.0	185.0	-0.91	-1.0
9620.0	190.0	0.89	-8.47
9620.0	193.0	0.49	-6.99
9620.0	194.0	2.1	-1.94
9620.0	200.0	2.13	-5.9
9630.0	185.0	-0.91	-1.06
9630.0	190.0	1.01	-9.06
9630.0	193.0	0.52	-7.8
9630.0	194.0	1.99	-1.37
9630.0	200.0	2.2	-5.32
9640.0	185.0	-0.94	-1.11
9640.0	190.0	1.09	-9.65
9640.0	193.0	0.47	-8.55
9640.0	194.0	1.92	-0.83
9640.0	200.0	2.15	-4.73
9650.0	185.0	-0.94	-1.13
9650.0	193.0	0.42	-9.37
9650.0	194.0	1.84	-0.3
9650.0	200.0	2.04	-4.16
9660.0	185.0	-0.92	-1.12
9660.0	194.0	1.79	0.24
9660.0	200.0	1.96	-3.54
9660.0	206.0	1.26	3.88
9670.0	185.0	-0.88	-1.08
9670.0	194.0	1.75	0.86
9670.0	200.0	1.85	-2.95
9670.0	206.0	1.24	3.45
9680.0	185.0	-0.89	-0.98
9680.0	194.0	1.69	1.29
9680.0	200.0	1.79	-2.42
9680.0	206.0	1.16	2.94
9690.0	185.0	-0.94	-0.95
9690.0	194.0	1.73	1.84
9690.0	200.0	1.78	-1.86
9690.0	206.0	1.14	2.42
9700.0	185.0	-0.95	-0.93
9700.0	194.0	1.77	2.35
9700.0	200.0	1.68	-1.2
9700.0	206.0	1.08	1.84
9710.0	185.0	-0.9	-1.02
9710.0	194.0	1.82	2.96
9710.0	200.0	1.73	-0.75
9710.0	206.0	1.11	1.24
9720.0	185.0	-0.89	-1.05
9720.0	200.0	1.86	-0.26
9720.0	206.0	1.1	0.66
9730.0	185.0	-0.9	-1.09
9730.0	200.0	1.79	0.32
9730.0	206.0	1.13	-0.02
9740.0	185.0	-0.9	-1.11
9740.0	200.0	1.8	0.86
9740.0	206.0	1.26	-0.53
9750.0	185.0	-0.92	-1.11
9750.0	200.0	1.76	1.26
9750.0	206.0	1.29	-1.2
9760.0	185.0	-0.95	-1.11
9760.0	200.0	1.69	1.89
9760.0	206.0	1.45	-1.82
9770.0	185.0	-0.96	-1.11
9770.0	200.0	1.7	2.39
9770.0	206.0	1.55	-2.44
9770.0	213.0	0.36	-5.16
9780.0	185.0	-0.94	-1.11
9780.0	200.0	1.75	2.94
9780.0	206.0	1.7	-3.03
9780.0	213.0	0.5	-5.45
9790.0	185.0	-0.94	-1.11
9790.0	206.0	1.87	-3.61
9790.0	213.0	0.66	-5.5
9790.0	214.0	1.41	-10.01
9800.0	185.0	-0.94	-1.11
9800.0	206.0	2.0	-4.29
9800.0	213.0	0.55	-5.65
9800.0	214.0	1.74	-9.46
9810.0	185.0	-0.94	-1.11
9810.0	206.0	2.26	-4.91
9810.0	213.0	0.44	-5.93
9810.0	214.0	1.98	-8.94
9820.0	185.0	-0.94	-1.11
9820.0	206.0	2.6	-5.41
9820.0	213.0	0.51	-6.24
9820.0	214.0	2.25	-8.37
9820.0	215.0	2.85	-10.05
9830.0	185.0	-0.94	-1.11
9830.0	206.0	3.03	-5.99
9830.0	213.0	0.57	-6.64
9830.0	214.0	2.53	-7.91
9830.0	215.0	2.88	-9.66
9840.0	185.0	-0.94	-1.11
9840.0	206.0	3.4	-6.47
9840.0	213.0	0.59	-6.98
9840.0	214.0	2.67	-7.29
9840.0	215.0	2.85	-9.31
9850.0	185.0	-0.94	-1.11
9850.0	206.0	4.0	-7.19
9850.0	213.0	0.61	-7.32
9850.0	214.0	2.92	-6.76
9850.0	215.0	2.63	-8.91
9860.0	185.0	-0.97	-1.03
9860.0	213.0	0.75	-7.71
9860.0	214.0	3.15	-6.26
9860.0	215.0	2.49	-8.59
9870.0	185.0	-0.92	-1.1
9870.0	213.0	0.83	-8.05
9870.0	214.0	3.42	-5.81
9870.0	215.0	2.4	-8.18
9880.0	185.0	-0.92	-1.11
9880.0	213.0	0.83	-8.44
9880.0	214.0	3.81	-5.46
9880.0	215.0	2.31	-7.85
9890.0	185.0	-0.92	-1.11
9890.0	213.0	0.88	-8.83
9890.0	214.0	4.19	-5.09
9890.0	215.0	2.1	-7.51
9900.0	185.0	-0.92	-1.11
9900.0	213.0	0.95	-9.26
9900.0	215.0	1.91	-7.2
9910.0	185.0	-0.94	-1.11
9910.0	215.0	1.85	-6.78
9920.0	185.0	-0.94	-1.11
9920.0	215.0	1.8	-6.43
9930.0	185.0	-0.94	-1.11
9930.0	215.0	1.68	-6.05
9940.0	185.0	-0.94	-1.11
9940.0	215.0	1.58	-5.68
9950.0	185.0	-0.92	-1.13
9950.0	215.0	1.61	-5.26
9960.0	185.0	-0.9	-1.15
9960.0	215.0	1.6	-4.88
9970.0	185.0	-0.9	-1.08
9970.0	215.0	1.43	-4.55
9980.0	185.0	-0.91	-1.07
9980.0	215.0	1.23	-4.21
9990.0	185.0	-0.95	-1.05
9990.0	215.0	1.16	-3.83
10020.0	220.0	3.4	0.88
10030.0	220.0	3.4	0.25
10040.0	220.0	3.34	-0.34
10050.0	220.0	3.24	-0.92
10060.0	220.0	3.24	-1.51
10060.0	223.0	1.5	4.07
10070.0	220.0	3.14	-2.12
10070.0	223.0	1.44	3.69
10080.0	220.0	3.14	-2.74
10080.0	223.0	1.63	3.22
10080.0	225.0	3.95	-6.52
10090.0	220.0	3.16	-3.32
10090.0	223.0	1.65	2.78
10090.0	225.0	3.64	-6.03
10100.0	220.0	3.23	-3.9
10100.0	223.0	1.62	2.32
10100.0	225.0	3.21	-5.57
10110.0	220.0	3.47	-4.41
10110.0	223.0	1.65	1.87
10110.0	225.0	2.9	-5.06
10120.0	220.0	3.54	-5.06
10120.0	223.0	1.71	1.44
10120.0	225.0	2.64	-4.48
10130.0	220.0	3.6	-5.66
10130.0	223.0	1.63	1.04
10130.0	225.0	2.4	-3.87
10140.0	220.0	3.58	-6.32
10140.0	223.0	1.67	0.54
10140.0	225.0	2.41	-3.2
10150.0	220.0	3.4	-6.92
10150.0	223.0	1.68	0.06
10150.0	225.0	2.42	-2.66
10160.0	220.0	3.32	-7.52
10160.0	223.0	1.61	-0.44
10160.0	225.0	2.43	-2.05
10170.0	220.0	3.12	-8.05
10170.0	223.0	1.62	-0.91
10170.0	225.0	2.64	-1.47
10180.0	220.0	2.93	-8.68
10180.0	223.0	1.65	-1.37
10180.0	225.0	2.73	-0.87
10190.0	220.0	2.82	-9.24
10190.0	223.0	1.65	-1.86
10190.0	225.0	2.77	-0.25
10200.0	223.0	1.72	-2.35
10200.0	225.0	2.75	0.42
10210.0	223.0	1.83	-2.77
10210.0	225.0	2.57	1.03
10220.0	223.0	1.88	-3.23
10220.0	225.0	2.56	1.62
10230.0	223.0	1.93	-3.67
10230.0	225.0	2.46	2.21
10240.0	223.0	2.01	-4.16
10240.0	225.0	2.3	2.81
10250.0	223.0	2.01	-4.67
10260.0	223.0	1.95	-5.25
10260.0	230.0	0.93	-9.76
10270.0	223.0	1.9	-5.74
10270.0	230.0	0.76	-9.2
10280.0	223.0	1.86	-6.25
10280.0	230.0	0.63	-8.65
10290.0	223.0	1.91	-6.77
10290.0	230.0	0.58	-8.08
10300.0	223.0	1.92	-7.24
10300.0	230.0	0.45	-7.48
10310.0	223.0	1.85	-7.72
10310.0	230.0	0.41	-6.95
10320.0	223.0	1.84	-8.19
10320.0	230.0	0.41	-6.36
10330.0	223.0	1.86	-8.71
10330.0	230.0	0.35	-5.75
10340.0	223.0	1.77	-9.18
10340.0	230.0	0.43	-5.1
10350.0	230.0	0.52	-4.55
10360.0	230.0	0.56	-3.91
10370.0	230.0	0.73	-3.38
10370.0	235.0	4.0	-9.3
10370.0	236.0	3.42	-9.44
10380.0	230.0	0.79	-2.81
10380.0	235.0	4.02	-8.91
10380.0	236.0	3.38	-9.1
10390.0	230.0	0.84	-2.26
10390.0	235.0	4.04	-8.55
10390.0	236.0	3.33	-8.76
10400.0	230.0	0.94	-1.72
10400.0	235.0	3.97	-8.19
10400.0	236.0	3.35	-8.41
10410.0	230.0	0.95	-1.14
10410.0	235.0	3.92	-7.87
10410.0	236.0	3.34	-8.07
10420.0	230.0	1.02	-0.6
10420.0	235.0	3.98	-7.55
10420.0	236.0	3.26	-7.66
10430.0	230.0	1.13	-0.06
10430.0	235.0	3.94	-7.21
10430.0	236.0	3.24	-7.32
10440.0	230.0	1.19	0.53
10440.0	235.0	3.87	-6.89
10440.0	236.0	3.29	-6.88
10440.0	239.0	1.13	4.18
10450.0	230.0	1.34	1.07
10450.0	235.0	3.95	-6.5
10450.0	236.0	3.21	-6.56
10450.0	239.0	1.12	4.2
10460.0	230.0	1.45	1.61
10460.0	235.0	3.89	-6.17
10460.0	236.0	3.15	-6.12
10460.0	239.0	1.13	4.19
10470.0	230.0	1.5	2.15
10470.0	235.0	3.81	-5.81
10470.0	236.0	3.21	-5.74
10470.0	239.0	1.1	4.21
10480.0	230.0	1.65	2.67
10480.0	235.0	3.82	-5.41
10480.0	236.0	3.19	-5.31
10480.0	239.0	1.09	4.19
10490.0	230.0	1.73	3.21
10490.0	235.0	3.83	-4.95
10490.0	236.0	3.1	-4.93
10490.0	239.0	1.08	4.19
10500.0	230.0	1.76	3.75
10500.0	235.0	3.77	-4.52
10500.0	236.0	3.11	-4.57
10500.0	239.0	1.09	4.19
10510.0	235.0	3.81	-4.12
10510.0	236.0	3.13	-4.2
10510.0	239.0	1.15	4.2
10520.0	235.0	3.83	-3.76
10520.0	236.0	3.07	-3.8
10520.0	239.0	1.12	4.21
10530.0	235.0	3.81	-3.39
10530.0	236.0	3.02	-3.42
10530.0	239.0	1.1	4.19
10540.0	235.0	3.82	-3.02
10540.0	236.0	3.07	-3.03
10540.0	239.0	1.08	4.19
10550.0	235.0	3.82	-2.65
10550.0	236.0	3.06	-2.68
10550.0	239.0	0.99	4.14
10560.0	235.0	3.8	-2.26
10560.0	236.0	2.94	-2.25
10570.0	235.0	3.75	-1.88
10570.0	236.0	3.0	-1.87
10570.0	241.0	0.95	4.15
10570.0	243.0	2.73	-9.7
10580.0	235.0	3.75	-1.46
10580.0	236.0	3.07	-1.5
10580.0	241.0	0.86	4.23
10580.0	243.0	2.74	-8.97
10590.0	235.0	3.68	-1.09
10590.0	236.0	3.02	-1.12
10590.0	243.0	2.8	-8.27
10600.0	235.0	3.64	-0.75
10600.0	236.0	2.96	-0.78
10600.0	243.0	2.83	-7.58
10610.0	235.0	3.66	-0.29
10610.0	236.0	3.04	-0.42
10610.0	243.0	2.78	-6.92
10620.0	235.0	3.61	-0.0
10620.0	236.0	3.03	-0.1
10620.0	243.0	2.82	-6.25
10620.0	252.0	3.51	-9.0
10630.0	235.0	3.55	0.37
10630.0	236.0	3.02	0.31
10630.0	243.0	2.8	-5.56
10630.0	252.0	3.45	-8.56
10640.0	235.0	3.57	0.73
10640.0	236.0	2.94	0.7
10640.0	243.0	2.92	-4.67
10640.0	252.0	3.45	-8.13
10650.0	235.0	3.51	1.04
10650.0	236.0	2.95	1.03
10650.0	243.0	2.79	-4.13
10650.0	252.0	3.36	-7.66
10660.0	235.0	3.39	1.34
10660.0	236.0	2.88	1.37
10660.0	243.0	2.87	-3.23
10660.0	252.0	3.32	-7.21
10670.0	235.0	3.41	1.75
10670.0	236.0	2.88	1.71
10670.0	243.0	2.74	-2.49
10670.0	252.0	3.38	-6.77
10680.0	235.0	3.44	2.12
10680.0	236.0	2.91	2.05
10680.0	243.0	2.62	-1.82
10680.0	252.0	3.37	-6.33
10690.0	235.0	3.41	2.47
10690.0	236.0	2.86	2.4
10690.0	243.0	2.58	-1.15
10690.0	252.0	3.34	-5.77
10700.0	235.0	3.47	2.83
10700.0	236.0	2.78	2.73
10700.0	243.0	2.49	-0.54
10700.0	252.0	3.44	-5.3
10710.0	235.0	3.51	3.19
10710.0	236.0	2.83	3.05
10710.0	243.0	2.4	0.05
10710.0	252.0	3.43	-4.86
10720.0	235.0	3.47	3.55
10720.0	236.0	2.88	3.44
10720.0	243.0	2.43	0.6
10720.0	252.0	3.35	-4.44
10730.0	235.0	3.52	3.72
10730.0	236.0	2.8	3.78
10730.0	243.0	2.44	1.1
10730.0	252.0	3.55	-4.02
10740.0	243.0	2.48	1.55
10740.0	252.0	3.59	-3.62
10750.0	243.0	2.62	2.03
10750.0	252.0	3.65	-3.15
10760.0	252.0	3.81	-2.65
10790.0	258.0	1.73	2.53
10800.0	258.0	1.71	1.92
10810.0	258.0	1.79	1.25
10820.0	258.0	1.84	0.65
10830.0	258.0	1.92	0.22
10840.0	258.0	2.03	-0.48
10850.0	258.0	2.09	-1.06
10860.0	260.0	2.37	-1.43
10870.0	260.0	2.73	-1.85
10880.0	260.0	3.17	-2.21
10890.0	260.0	3.66	-2.46
10900.0	260.0	4.16	-2.73
11000.0	262.0	3.39	-9.44
11010.0	262.0	3.45	-8.86
11020.0	262.0	3.43	-8.25
11030.0	262.0	3.48	-7.66
11040.0	262.0	3.43	-6.99
11050.0	262.0	3.37	-6.35
11060.0	262.0	3.31	-5.75
11070.0	262.0	3.22	-5.17
11080.0	262.0	3.22	-4.62
11090.0	262.0	3.23	-4.02
11100.0	262.0	3.17	-3.38
11110.0	262.0	3.19	-2.78
11120.0	262.0	3.28	-2.23
11130.0	262.0	3.28	-1.47
11140.0	262.0	3.36	-0.82
11150.0	262.0	3.38	-0.27
11160.0	262.0	3.36	0.33
11170.0	262.0	3.36	0.94
11180.0	262.0	3.22	1.51
11190.0	262.0	3.17	1.98
11200.0	262.0	3.11	2.6
11210.0	262.0	3.0	3.15
11350.0	266.0	-0.83	2.36
11360.0	266.0	-0.83	2.36
11370.0	266.0	-0.83	2.36
11380.0	266.0	-0.83	2.36
11390.0	266.0	-0.83	2.36
11400.0	266.0	-0.83	2.36
11410.0	266.0	-0.83	2.36
11420.0	266.0	-0.83	2.36
11430.0	266.0	-0.83	2.36
11440.0	266.0	-0.83	2.36
11450.0	266.0	-0.83	2.36
11460.0	266.0	-0.83	2.36
11470.0	266.0	-0.83	2.36
11480.0	266.0	-0.83	2.36
11490.0	266.0	-0.83	2.36
11500.0	266.0	-0.83	2.36
11510.0	266.0	-0.83	2.36
11520.0	266.0	-0.83	2.36
11530.0	266.0	-0.83	2.36
11540.0	266.0	-0.83	2.36
11610.0	273.0	1.24	-9.96
11620.0	273.0	1.25	-9.19
11630.0	273.0	1.23	-8.6
11640.0	273.0	1.32	-7.97
11650.0	273.0	1.38	-7.32
11660.0	273.0	1.52	-6.73
11670.0	273.0	1.7	-6.01
11680.0	273.0	1.78	-5.42
11690.0	273.0	1.91	-4.78
11700.0	273.0	1.97	-4.11
11710.0	273.0	2.04	-3.46
11720.0	273.0	2.1	-2.74
11730.0	273.0	2.06	-2.07
11770.0	275.0	3.07	2.55
11770.0	276.0	2.12	0.66
11780.0	275.0	3.05	3.17
11780.0	276.0	2.04	1.3
11790.0	275.0	2.86	3.75
11790.0	276.0	2.05	1.9
11800.0	276.0	2.03	2.46
11810.0	276.0	1.99	3.06
11820.0	276.0	2.1	3.66
12450.0	288.0	3.1	-7.4
12460.0	288.0	3.03	-6.72
12470.0	288.0	2.95	-6.06
12480.0	288.0	2.91	-5.43
12490.0	288.0	2.91	-4.79
12500.0	288.0	2.86	-4.12
12510.0	288.0	2.77	-3.44
12520.0	288.0	2.59	-2.84
12530.0	288.0	2.36	-2.18
12540.0	288.0	2.15	-1.58
12550.0	288.0	1.89	-1.02
12560.0	288.0	1.68	-0.46
12570.0	288.0	1.48	0.07
12580.0	288.0	1.26	0.62
12590.0	288.0	1.07	1.14
12600.0	288.0	0.84	1.6
12610.0	288.0	0.67	2.03
12620.0	288.0	0.47	2.48
12630.0	288.0	0.25	2.83
12640.0	288.0	0.18	3.06
12650.0	288.0	0.09	3.33
12660.0	288.0	0.02	3.33
12670.0	288.0	0.0	3.37
12680.0	288.0	0.0	3.39
12690.0	288.0	0.0	3.39
12700.0	288.0	0.0	3.39
12710.0	288.0	0.0	3.39
12720.0	288.0	0.0	3.39
12730.0	288.0	0.0	3.39
12740.0	288.0	0.0	3.39
12740.0	298.0	3.56	-4.17
12750.0	288.0	0.13	3.49
12750.0	298.0	3.61	-3.55
12760.0	298.0	3.61	-2.96
12770.0	298.0	3.61	-2.39
12780.0	298.0	3.82	-1.73
12790.0	298.0	3.85	-1.12
12790.0	299.0	3.46	-7.18
12790.0	301.0	3.01	-8.85
12800.0	298.0	3.82	-0.57
12800.0	299.0	3.5	-6.4
12800.0	301.0	3.05	-8.1
12810.0	298.0	3.84	-0.03
12810.0	299.0	3.52	-5.63
12810.0	301.0	3.07	-7.35
12820.0	298.0	3.83	0.66
12820.0	299.0	3.51	-4.88
12820.0	301.0	3.1	-6.49
12830.0	298.0	3.91	1.13
12830.0	299.0	3.48	-4.14
12830.0	301.0	3.14	-5.72
12840.0	299.0	3.27	-3.44
12840.0	301.0	3.1	-4.96
12850.0	299.0	3.01	-2.77
12850.0	301.0	3.08	-4.21
12860.0	299.0	2.59	-2.09
12860.0	301.0	3.07	-3.48
12870.0	299.0	2.05	-1.64
12870.0	301.0	3.06	-2.59
12870.0	302.0	2.74	-10.19
12880.0	299.0	1.54	-1.14
12880.0	301.0	3.13	-1.82
12880.0	302.0	2.91	-9.54
12890.0	299.0	1.0	-0.72
12890.0	301.0	3.14	-1.06
12890.0	302.0	2.96	-8.71
12900.0	299.0	0.38	-0.24
12900.0	301.0	3.24	-0.35
12900.0	302.0	3.0	-8.04
12910.0	299.0	-0.27	0.21
12910.0	301.0	3.24	0.36
12910.0	302.0	3.07	-7.36
12920.0	299.0	-0.91	0.61
12920.0	301.0	3.26	1.08
12920.0	302.0	3.08	-6.65
12930.0	299.0	-1.46	1.04
12930.0	301.0	3.32	1.75
12930.0	302.0	3.11	-5.96
12940.0	299.0	-2.0	1.45
12940.0	301.0	3.38	2.41
12940.0	302.0	3.12	-5.26
12950.0	299.0	-2.48	1.84
12950.0	302.0	3.09	-4.53
12960.0	299.0	-3.06	2.21
12960.0	302.0	3.15	-3.8
12970.0	302.0	3.14	-3.08
12980.0	302.0	3.23	-2.5
12990.0	302.0	3.31	-1.82
13000.0	302.0	3.4	-1.15
13010.0	302.0	3.42	-0.57
13010.0	305.0	1.06	-6.54
13020.0	302.0	3.53	0.01
13020.0	305.0	0.82	-5.88
13030.0	302.0	3.48	0.7
13030.0	305.0	0.52	-5.28
13040.0	302.0	3.69	1.2
13040.0	305.0	-0.1	-4.87
13050.0	302.0	3.69	1.81
13100.0	308.0	3.11	-8.24
13110.0	308.0	3.42	-7.47
13120.0	308.0	3.57	-6.66
13130.0	308.0	3.73	-5.84
13130.0	309.0	-1.54	-6.73
13140.0	308.0	3.82	-5.04
13140.0	309.0	-1.54	-6.73
13150.0	308.0	3.87	-4.19
13150.0	309.0	-1.54	-6.73
13160.0	308.0	3.88	-3.33
13160.0	309.0	-1.56	-6.71
13170.0	308.0	3.88	-2.56
13170.0	309.0	-1.56	-6.71
13180.0	308.0	3.88	-1.66
13180.0	309.0	-1.56	-6.71
13190.0	308.0	3.87	-0.89
13190.0	309.0	-1.58	-6.69
13200.0	309.0	-1.58	-6.68
13210.0	309.0	-1.58	-6.68
13220.0	309.0	-1.58	-6.68
13230.0	309.0	-1.58	-6.68
13240.0	309.0	-1.6	-6.68
13250.0	309.0	-1.62	-6.68
13260.0	309.0	-1.62	-6.68
13270.0	309.0	-1.62	-6.68
13280.0	309.0	-1.62	-6.68
13290.0	309.0	-1.62	-6.68
13300.0	309.0	-1.62	-6.68
13310.0	309.0	-1.62	-6.68
13320.0	309.0	-1.57	-6.72
13330.0	309.0	-1.56	-6.73
13340.0	309.0	-1.56	-6.74
13350.0	309.0	-1.56	-6.75
13360.0	309.0	-1.56	-6.73
13370.0	309.0	-1.56	-6.73
13380.0	309.0	-1.56	-6.73
13380.0	321.0	1.39	-0.79
13380.0	323.0	-0.73	-3.33
13390.0	309.0	-1.54	-6.73
13390.0	321.0	1.21	-0.68
13390.0	323.0	-0.8	-3.22
13400.0	309.0	-1.54	-6.73
13400.0	323.0	-0.88	-3.21
13750.0	328.0	2.75	1.15
13760.0	328.0	2.73	0.39
13770.0	328.0	2.66	-0.35
13780.0	328.0	2.63	-1.11
13790.0	328.0	2.5	-1.9
13800.0	328.0	2.45	-2.81
13810.0	328.0	2.37	-3.62
13820.0	328.0	2.37	-4.44
13830.0	328.0	2.36	-5.27
13840.0	328.0	2.46	-6.04
13850.0	328.0	2.52	-6.87
13860.0	328.0	2.63	-7.64
13870.0	328.0	2.79	-8.46
13880.0	328.0	3.01	-9.39
14160.0	329.0	2.39	-9.03
14170.0	329.0	2.49	-8.28
14180.0	329.0	2.59	-7.48
14190.0	329.0	2.75	-6.71
14200.0	329.0	2.85	-5.98
14210.0	329.0	2.9	-5.08
14220.0	329.0	2.96	-4.32
14230.0	329.0	2.92	-3.53
14240.0	329.0	2.92	-2.78
14250.0	329.0	2.9	-2.03
14260.0	329.0	2.86	-1.27
14270.0	329.0	2.85	-0.46
14280.0	329.0	2.82	0.3
14290.0	329.0	2.86	1.1
