1080.0	23.0	14.8630460418	6.60514861687
1090.0	23.0	14.4000228006	6.47149912903
1100.0	23.0	13.9369995594	6.33784964119
1110.0	23.0	13.4104158551	6.30921046522
1120.0	23.0	12.8766763371	6.29202695965
1130.0	23.0	12.3517763537	6.26338778368
1140.0	23.0	11.9045379957	6.12902231644
1150.0	23.0	11.4572996378	5.994895509
1160.0	23.0	11.0100612798	5.86053004176
1170.0	23.0	10.54956362	5.78153364806
1180.0	23.0	10.0878031695	5.70850374935
1190.0	23.0	9.62583225383	5.63571251043
1200.0	23.0	9.15523226871	5.54120322975
1210.0	23.0	8.66421716795	5.39657539112
1220.0	23.0	8.17299160209	5.25194755249
1230.0	23.0	7.68197650133	5.10731971387
1240.0	23.0	7.22989744586	4.92164238969
1250.0	23.0	6.77781839038	4.73596506551
1260.0	23.0	6.32805445111	4.59611042288
1270.0	23.0	5.88376260469	4.56293671072
1280.0	23.0	5.43926029316	4.53000165836
1290.0	23.0	4.99496844674	4.4968279462
1300.0	23.0	4.5218428803	4.46962072903
1310.0	23.0	4.03608940729	4.44527742946
1320.0	23.0	3.55033593427	4.42069547009
1330.0	23.0	3.06479292637	4.39635217052
1340.0	23.0	2.61629177775	4.34766557138
1350.0	23.0	2.17747202419	4.29325113705
1360.0	23.0	1.73844180551	4.23859804291
1370.0	23.0	1.27057786681	4.17941041258
1380.0	23.0	0.735786023251	4.10996041087
1390.0	23.0	0.200783714583	4.04027174935
3210.0	50.0	14.9125053425	4.46938206923
3220.0	50.0	14.3383565235	4.62140836165
3230.0	50.0	13.7644181695	4.77319599427
3240.0	50.0	13.2422542325	4.84383929498
3250.0	50.0	12.7198798304	4.9147212555
3260.0	50.0	12.2059240327	4.9989681648
3270.0	50.0	11.7109100949	5.11495682746
3280.0	50.0	11.2161066222	5.23118414992
3290.0	50.0	10.7213031494	5.34717281258
3300.0	50.0	10.2060845611	5.42545322689
3310.0	50.0	9.6776066708	5.47867436222
3320.0	50.0	9.14912878053	5.53165683776
3330.0	50.0	8.62065089026	5.58463931329
3340.0	50.0	8.09659276729	5.63642848983
3350.0	50.0	7.61252301516	5.67819395478
3360.0	50.0	7.12845326302	5.71995941973
3370.0	50.0	6.64438351088	5.76172488468
3380.0	50.0	6.15905096808	5.80659292703
3390.0	50.0	5.66151144893	5.87890684634
3400.0	50.0	5.16397192977	5.95122076565
3410.0	50.0	4.66664287573	6.02353468497
3420.0	50.0	4.22108823865	6.06458417052
3430.0	50.0	3.78837197326	6.09775788268
3440.0	50.0	3.35565570787	6.13093159484
3450.0	50.0	2.92293944248	6.19369912216
3460.0	50.0	2.48917085154	6.37436459055
3470.0	50.0	2.05561272571	6.55526871873
3480.0	50.0	1.62184413477	6.73593418711
3490.0	50.0	1.28257437806	6.9151676967
3500.0	50.0	0.953617411713	7.09416254648
3510.0	50.0	0.624870910478	7.27315739627
3630.0	58.0	14.8569425536	4.7459887771
3640.0	58.0	14.4743169843	4.93047280228
3650.0	58.0	14.0422321142	5.11113827066
3660.0	58.0	13.4950228292	5.28297332646
3670.0	58.0	12.9478135442	5.45480838225
3680.0	58.0	12.4414344904	5.55051096194
3690.0	58.0	11.945368227	5.62735941744
3700.0	58.0	11.4493019636	5.70396921315
3710.0	58.0	11.0428938369	5.78630684405
3720.0	58.0	10.6364857103	5.86864447495
3730.0	58.0	10.2351287462	5.95575530185
3740.0	58.0	9.87944271093	6.08749551129
3750.0	58.0	9.52396714077	6.21923572073
3760.0	58.0	9.15249622229	6.35216922917
3760.0	62.0	0.22477673708	2.90401244291
3770.0	58.0	8.71809623602	6.49083057281
3770.0	62.0	0.668226723061	2.92954904148
3780.0	58.0	8.28348578464	6.62925325664
3780.0	62.0	1.11167670904	2.95508564005
3790.0	58.0	7.84045672888	6.75574295049
3790.0	62.0	1.55512669502	2.98062223862
3800.0	58.0	7.32144976854	6.77149449727
3800.0	62.0	2.01751854087	2.90926295851
3810.0	58.0	6.8022323431	6.78748470385
3810.0	62.0	2.48201503781	2.82692532761
3820.0	58.0	6.28301491765	6.80108831243
3820.0	62.0	2.94651153476	2.7445876967
3830.0	58.0	5.76400795731	6.79297387924
3830.0	62.0	3.40511500863	2.7445876967
3840.0	58.0	5.24479053187	6.78509810585
3840.0	62.0	3.8635080174	2.7445876967
3850.0	58.0	4.72873008307	6.78032490986
3850.0	62.0	4.33326614208	2.75842996509
3860.0	58.0	4.24108242406	6.80347491043
3860.0	62.0	4.84848473044	2.82740264721
3870.0	58.0	3.75343476506	6.8268635708
3870.0	62.0	5.3634928537	2.89661398912
3880.0	58.0	3.26578710606	6.85001357138
3880.0	62.0	5.87871144206	2.96558667124
3890.0	58.0	2.77813944706	6.87340223175
3890.0	62.0	6.3606765431	3.03360471416
3900.0	58.0	2.2761801606	6.75860686809
3900.0	62.0	6.79339280849	3.09995213848
3910.0	58.0	1.77443133925	6.64381150442
3910.0	62.0	7.22589860877	3.1662995628
3920.0	58.0	1.2724720528	6.52925480056
3920.0	62.0	7.65861487416	3.23240832732
3930.0	58.0	0.770723231449	6.4144594369
3930.0	62.0	8.1426846263	3.2457732761
3940.0	58.0	0.268763944992	6.29966407324
3940.0	62.0	8.63980321524	3.2457732761
3950.0	62.0	9.13692180417	3.2457732761
3960.0	62.0	9.633829928	3.2457732761
3970.0	62.0	10.1303171216	3.2483985339
3980.0	62.0	10.6215426875	3.27488977167
3990.0	62.0	11.1125577882	3.30138100944
4000.0	62.0	11.603572889	3.3278722472
4010.0	62.0	12.1030065941	3.34123719599
4020.0	62.0	12.6108589037	3.34123719599
4030.0	62.0	13.1187112132	3.34123719599
4040.0	62.0	13.6263530576	3.34123719599
4050.0	62.0	14.1342053671	3.34123719599
4060.0	62.0	14.6420576766	3.34123719599
4070.0	62.0	15.1499099862	3.34123719599
5000.0	76.0	15.0240518506	3.88943875593
5010.0	76.0	14.6340600025	3.89635989012
5020.0	76.0	14.2440681543	3.90351968411
5030.0	76.0	13.8540763062	3.9104408183
5040.0	76.0	13.6000449189	3.90280370471
5050.0	76.0	13.4815530622	3.88036968354
5060.0	76.0	13.3632716706	3.85817432217
5060.0	79.0	0.182683715155	3.93024958168
5070.0	76.0	13.2361507443	3.84242277539
5070.0	79.0	0.671173234596	4.00685937739
5080.0	76.0	13.0888251676	3.84242277539
5080.0	79.0	1.15987321915	4.0837078329
5090.0	76.0	12.9414995909	3.84242277539
5090.0	79.0	1.64268018063	4.15029391702
5100.0	76.0	12.7941740141	3.84242277539
5100.0	79.0	2.07413365536	4.12642793705
5110.0	76.0	12.6291693682	3.84385473418
5110.0	79.0	2.50558713009	4.10256195707
5120.0	76.0	12.4231240259	3.84886658998
5120.0	79.0	2.93704060482	4.0786959771
5130.0	76.0	12.2168682184	3.85363978597
5130.0	79.0	3.37186152131	4.05005680114
5140.0	76.0	12.010612411	3.85841298197
5140.0	79.0	3.83677894847	3.97774288182
5150.0	76.0	11.8045670687	3.86342483776
5150.0	79.0	4.30190684075	3.90566762231
5150.0	84.0	0.189418598663	5.79943313304
5160.0	76.0	11.5524298673	3.88776813733
5160.0	79.0	4.76682426791	3.8335923628
5160.0	84.0	0.649284863195	5.58726457109
5170.0	76.0	11.2314705752	3.94146659227
5170.0	79.0	5.23174169507	3.76127844348
5170.0	84.0	1.10915112773	5.37509600915
5180.0	76.0	10.910511283	3.9951650472
5180.0	79.0	5.69244982004	3.69158978197
5180.0	84.0	1.55744181123	5.21185270614
5190.0	76.0	10.5895519908	4.04886350214
5190.0	79.0	6.15231608457	3.62261709985
5190.0	84.0	1.97837203048	5.1624501276
5200.0	76.0	10.2734333962	4.10136865808
5200.0	79.0	6.611971884	3.55340575793
5200.0	84.0	2.39930224973	5.11304754906
5210.0	76.0	9.96447061522	4.15220319541
5210.0	79.0	7.07162768342	3.48443307582
5210.0	84.0	2.83117665468	5.0004001236
5220.0	76.0	9.65550783429	4.20303773275
5220.0	79.0	7.54517418008	3.47846658082
5220.0	84.0	3.27925687308	4.79252743805
5230.0	76.0	9.34654505336	4.25363361029
5230.0	79.0	8.01872067673	3.47250008583
5230.0	84.0	3.72733709147	4.5846547525
5240.0	76.0	9.03737180732	4.30446814763
5240.0	79.0	8.49226717339	3.46653359084
5240.0	84.0	4.16931382168	4.38370320114
5250.0	76.0	8.7768160016	4.37797536594
5250.0	79.0	8.96581367005	3.46056709585
5250.0	84.0	4.59697892444	4.19898051616
5260.0	76.0	8.53709624174	4.46126763604
5260.0	79.0	9.41915551618	3.47894390042
5260.0	84.0	5.0246440272	4.01401917138
5270.0	76.0	8.29716601677	4.54455990614
5270.0	79.0	9.87249736231	3.497320705
5270.0	84.0	5.44978354864	3.827387208
5280.0	76.0	8.0574462569	4.62785217624
5280.0	79.0	10.3258392084	3.51569750958
5280.0	84.0	5.86397888439	3.63359545064
5290.0	76.0	7.83477417092	4.69849547696
5290.0	79.0	10.7804438452	3.54600730414
5290.0	84.0	6.27838468524	3.43956503347
5300.0	76.0	7.63798929342	4.7502846535
5300.0	79.0	11.2480973188	3.68395266838
5300.0	84.0	6.69279048609	3.2457732761
5310.0	76.0	7.44141488103	4.80231248983
5310.0	79.0	11.7159612575	3.82165937281
5310.0	84.0	7.14297535558	3.13312585064
5320.0	76.0	7.24463000353	4.85410166637
5320.0	79.0	12.1836147311	3.95960473705
5320.0	84.0	7.59316022507	3.02047842517
5320.0	87.0	0.440713939556	3.7507774123
5330.0	76.0	7.04784512603	4.90612950271
5330.0	79.0	12.6512682047	4.09755010128
5330.0	84.0	8.04334509456	2.90759233991
5330.0	87.0	0.943094156232	3.75841452589
5340.0	76.0	6.81864862165	4.98536455621
5340.0	79.0	13.0477844712	4.2438485585
5340.0	84.0	8.53793810218	2.80830986323
5340.0	87.0	1.44547437291	3.76629029928
5350.0	76.0	6.58124397799	5.07175940371
5350.0	79.0	13.3971565532	4.39563619112
5350.0	84.0	9.09903808444	2.72859749012
5350.0	87.0	1.94406621761	3.76175576308
5360.0	76.0	6.34404979944	5.15815425121
5360.0	79.0	13.7463181701	4.54766248354
5360.0	84.0	9.66034853181	2.64912377682
5360.0	87.0	2.43739643457	3.73956040171
5370.0	76.0	6.10664515578	5.2443104389
5370.0	79.0	14.095479787	4.69945011616
5370.0	84.0	10.2201857234	2.5822990329
5370.0	87.0	2.93072665154	3.71712638054
5370.0	91.0	15.0499390591	4.22976763032
5380.0	76.0	5.86587307037	5.3302279668
5380.0	79.0	14.4442204736	4.8280877482
5380.0	84.0	10.7673950084	2.63003099284
5380.0	87.0	3.40953477593	3.67822483318
5380.0	91.0	14.623536747	4.29086453905
5390.0	76.0	5.59479400918	5.4111336389
5390.0	79.0	14.7914879045	4.86388671816
5390.0	84.0	11.3146042935	2.67776295278
5390.0	87.0	3.83046499518	3.57393050071
5390.0	91.0	14.1971344349	4.35220010757
5400.0	76.0	5.32371494798	5.49203931101
5400.0	79.0	15.1387553354	4.89968568812
5400.0	84.0	11.843503114	2.71666450014
5400.0	87.0	4.25139521444	3.46939750843
5400.0	91.0	13.7709425879	4.4132970163
5410.0	76.0	5.05263588678	5.57294498311
5410.0	84.0	12.208449614	2.67704697339
5410.0	87.0	4.67232543369	3.36510317596
5410.0	91.0	13.3445402758	4.47463258483
5420.0	76.0	4.78155682558	5.65385065521
5420.0	84.0	12.573185649	2.63719078683
5420.0	87.0	5.12229983807	3.35698874277
5420.0	91.0	12.864890291	4.56222073132
5420.0	95.0	14.7681262773	4.15721505121
5430.0	76.0	4.51047776438	5.73475632731
5430.0	84.0	12.9372902887	2.59208408469
5430.0	87.0	5.57227424245	3.34863564978
5430.0	91.0	12.3719810042	4.65649135221
5430.0	95.0	14.3339367562	4.26150938368
5440.0	76.0	4.26254986525	5.79633055564
5440.0	84.0	13.2940286495	2.498768103
5440.0	87.0	6.01551376332	3.34815833018
5440.0	91.0	11.8790717175	4.7505233133
5440.0	95.0	13.8999577001	4.36604237596
5450.0	76.0	4.10827893989	5.78034034906
5450.0	84.0	13.6509774754	2.40521346151
5450.0	87.0	6.39940212327	3.4185629711
5450.0	91.0	11.3861624307	4.84479393418
5450.0	95.0	13.4767123647	4.46484753304
5460.0	76.0	3.95400801453	5.76435014248
5460.0	84.0	14.1026356007	2.44316036967
5460.0	87.0	6.78308001812	3.48872895221
5460.0	91.0	10.970072909	4.90040166752
5460.0	95.0	13.0791437726	4.55100372074
5470.0	76.0	3.79952662407	5.7485985957
5470.0	84.0	14.5782867484	2.51380367038
5470.0	87.0	7.16696837808	3.55889493333
5470.0	91.0	10.5541938524	4.95577074105
5470.0	95.0	12.6817856456	4.63739856823
5480.0	76.0	3.64525569871	5.73260838912
5480.0	84.0	15.0537274311	2.5846856309
5480.0	87.0	7.5588544122	3.53097173676
5480.0	91.0	10.1381043307	5.01137847438
5480.0	95.0	12.2842170535	4.72355475593
5490.0	76.0	3.49098477336	5.71661818254
5490.0	87.0	7.95410788808	3.46104441544
5490.0	91.0	9.72201480893	5.06674754792
5490.0	95.0	11.8818077639	4.81973465521
5500.0	76.0	3.33650338289	5.70086663576
5500.0	87.0	8.34936136395	3.39135575393
5500.0	91.0	9.33076017014	5.10111455908
5500.0	95.0	11.4775042883	4.92021043089
5510.0	76.0	3.18223245754	5.68487642917
5510.0	87.0	8.74461483983	3.32142843261
5510.0	91.0	8.95023925194	5.12665115764
5510.0	95.0	11.0732008127	5.02068620657
5520.0	76.0	2.96019176688	5.65862385121
5520.0	87.0	9.20574389502	3.31140472102
5520.0	91.0	8.56950786862	5.15194909641
5520.0	95.0	10.6688973371	5.12116198225
5530.0	76.0	2.70889642599	5.62783673704
5530.0	87.0	9.71086015812	3.34123719599
5530.0	91.0	8.18898695042	5.17748569498
5530.0	95.0	10.3146845576	5.30302074963
5540.0	76.0	2.4576010851	5.59704962288
5540.0	87.0	10.2159764212	3.37106967095
5540.0	91.0	7.80825556711	5.20278363375
5540.0	95.0	9.96573340588	5.4939485894
5550.0	76.0	2.20651620931	5.56626250872
5550.0	87.0	10.7210926843	3.40090214592
5550.0	91.0	7.4691962755	5.15648363261
5550.0	95.0	9.61699271923	5.68487642917
5560.0	76.0	1.95522086842	5.53547539455
5560.0	87.0	11.2302077845	3.46319235364
5560.0	91.0	7.13013698389	5.10994497166
5560.0	95.0	9.20805901123	5.88129344434
5570.0	76.0	1.70413599264	5.50468828039
5570.0	87.0	11.7422693962	3.54696194334
5570.0	91.0	6.79107769229	5.06364497052
5570.0	95.0	8.7090462363	6.08582489269
5580.0	76.0	1.43894995451	5.46149085664
5580.0	87.0	12.2541205428	3.63097019284
5580.0	91.0	6.44780909849	5.02044754677
5580.0	95.0	8.21003346138	6.29035634105
5590.0	76.0	1.16008368426	5.40588312331
5590.0	87.0	12.7661821546	3.71473978254
5590.0	91.0	6.09864748162	4.98250063862
5590.0	95.0	7.71081022135	6.4948877894
5600.0	76.0	0.881006948892	5.35051404978
5600.0	87.0	13.2683519061	3.84075215679
5600.0	91.0	5.74948586475	4.94455373046
5600.0	95.0	7.24063116645	6.5824759359
5610.0	76.0	0.601930213529	5.29490631644
5610.0	87.0	13.7694693321	3.97129906723
5610.0	91.0	5.40032424788	4.90660682231
5610.0	95.0	6.77360908819	6.65717645321
5620.0	76.0	0.323063943275	5.23929858311
5620.0	87.0	14.2705867582	4.10208463747
5620.0	91.0	5.05116263101	4.86865991415
5620.0	95.0	6.30679747504	6.73163831072
5630.0	87.0	14.7717041842	4.23287020772
5630.0	91.0	4.71526031605	4.90087898712
5630.0	95.0	5.83788121079	6.78414346665
5640.0	91.0	4.37935800109	4.93285940028
5640.0	95.0	5.36854401633	6.8268635708
5650.0	91.0	4.04345568613	4.96507847324
5650.0	95.0	4.89899635675	6.86982233475
5660.0	91.0	3.70734290605	4.9970588864
5660.0	95.0	4.42944869718	6.9125424389
5670.0	91.0	3.37144059109	5.02927795936
5670.0	95.0	3.99883708289	6.92996460428
5680.0	91.0	3.03406502036	4.98679651501
5680.0	95.0	3.57790686363	6.94118161487
5690.0	91.0	2.69647898452	4.92593826609
5690.0	95.0	3.15697664438	6.95215996565
5700.0	91.0	2.35868248357	4.86484135736
5700.0	95.0	2.73604642513	6.96337697624
5710.0	91.0	2.02088598262	4.80374444863
5710.0	95.0	2.36015573934	7.00299450299
5720.0	91.0	1.68708831876	4.72164547753
5720.0	95.0	2.02951505212	7.07125120571
5730.0	91.0	1.35686856176	4.61878310385
5730.0	95.0	1.69866389979	7.13926924863
5740.0	91.0	1.02664880475	4.51592073018
5740.0	95.0	1.36802321257	7.20752595135
5750.0	91.0	0.69663951286	4.4128196967
5750.0	95.0	1.16829182353	7.38508884233
5760.0	91.0	0.366419755858	4.30995732303
5760.0	95.0	0.968770899606	7.56241307352
5770.0	91.0	0.0364104639652	4.20685628955
5770.0	95.0	0.769039510572	7.73997596451
5780.0	95.0	0.586355795417	7.91897081429
5790.0	95.0	0.557943005617	8.11252391186
5800.0	95.0	0.529530215818	8.30607700943
5810.0	95.0	0.501117426018	8.49963010699
5820.0	95.0	0.472704636219	8.69294454476
5860.0	99.0	0.479229054617	5.79680787524
5870.0	99.0	0.88816276262	5.78988674105
5880.0	99.0	1.29709647062	5.78296560686
5890.0	99.0	1.70603017862	5.77628313246
5900.0	99.0	2.10507202647	5.7443027193
5910.0	99.0	2.50306154878	5.70969704834
5920.0	99.0	2.90105107108	5.67485271759
5930.0	99.0	3.29904059338	5.64024704663
5940.0	99.0	3.69681965057	5.60540271587
5950.0	99.0	4.10912080033	5.57294498311
5960.0	99.0	4.54309985638	5.54382848754
5970.0	99.0	4.97686844731	5.51447333218
5980.0	99.0	5.41063703825	5.48535683661
5990.0	99.0	5.84440562919	5.45600168125
6000.0	99.0	6.29753701022	5.43667023747
6010.0	99.0	6.77003118132	5.42688518568
6020.0	99.0	7.24252535243	5.4171001339
6030.0	99.0	7.71501952354	5.40731508211
6040.0	99.0	8.18751369465	5.39753003032
6050.0	99.0	8.66337530752	5.4116109585
6060.0	99.0	9.14113110637	5.44144343347
6070.0	99.0	9.61909737033	5.47127590843
6070.0	103.0	0.131540693516	7.06003419512
6080.0	99.0	10.0970636343	5.5011083834
6080.0	103.0	0.499854635361	6.86409449956
6090.0	99.0	10.5750298982	5.53094085836
6090.0	103.0	0.868168577205	6.66791614419
6100.0	99.0	10.9382926775	5.56626250872
6100.0	103.0	1.24953135585	6.46839655163
6110.0	99.0	11.2729322018	5.60301611787
6110.0	103.0	1.74875459588	6.23641922631
6120.0	99.0	11.607361261	5.63976972703
6120.0	103.0	2.2477673708	6.00468056079
6130.0	99.0	11.9420007853	5.67652333618
6130.0	103.0	2.74678014572	5.77294189527
6140.0	99.0	12.3439891446	5.84263055678
6140.0	103.0	3.24558245554	5.65361199541
6150.0	99.0	12.753554248	6.02329602517
6150.0	103.0	3.74396383513	5.60969859226
6160.0	99.0	13.1631193513	6.20396149355
6160.0	103.0	4.24255567983	5.56578518912
6170.0	99.0	13.5737367802	6.40013984892
6170.0	103.0	4.74093705942	5.52187178597
6180.0	99.0	13.9887739764	6.6593243914
6180.0	103.0	5.22227076514	5.41972539169
6190.0	99.0	14.4036007074	6.91850893389
6190.0	103.0	5.69939516866	5.30302074963
6200.0	99.0	14.8186379036	7.17745481658
6200.0	103.0	6.17651957218	5.18631610757
6210.0	103.0	6.65343351059	5.06961146551
6220.0	103.0	7.15139395997	4.97963672102
6230.0	103.0	7.69776138455	4.95219084405
6240.0	103.0	8.24412880914	4.92474496709
6250.0	103.0	8.79049623373	4.89706043032
6260.0	103.0	9.33686365832	4.86961455335
6270.0	103.0	9.87733805984	4.8314289854
6280.0	103.0	10.3628810677	4.69658619856
6290.0	103.0	10.8486345408	4.56198207152
6300.0	103.0	11.3343880138	4.42737794448
6310.0	103.0	11.8230879983	4.29850165264
6320.0	103.0	12.3242054243	4.19253670157
6330.0	103.0	12.8253228504	4.08633309069
6340.0	103.0	13.3264402764	3.98036813962
6350.0	103.0	13.8275577024	3.87416452875
6360.0	103.0	14.3286751284	3.76819957768
6370.0	103.0	14.8297925544	3.6619959668
6810.0	120.0	0.708425559	3.95363824205
6820.0	120.0	0.964772062523	4.00566607839
6830.0	120.0	1.22132903116	4.05793257453
6840.0	120.0	1.495565069	4.10566453447
6850.0	120.0	1.93017552038	4.11330164806
6860.0	120.0	2.36457550664	4.12117742145
6870.0	120.0	2.79918595802	4.12881453504
6880.0	120.0	3.22011617727	4.14050886523
6890.0	120.0	3.64104639652	4.15220319541
6900.0	120.0	4.06197661577	4.1636588658
6910.0	120.0	4.48290683502	4.17535319599
6920.0	120.0	4.97013356381	4.24098464091
6930.0	120.0	5.46472657143	4.31258258082
6940.0	120.0	5.95931957905	4.38418052074
6950.0	120.0	6.45391258667	4.45577846065
6960.0	120.0	6.92156606025	4.53453619456
6970.0	120.0	7.38648348742	4.61400990786
6980.0	120.0	7.85119044947	4.69372228096
6990.0	120.0	8.31610787663	4.77319599427
7000.0	120.0	8.78418228044	4.84527125378
7010.0	120.0	9.28340552047	4.85099908898
7020.0	120.0	9.7826287605	4.85648826437
7030.0	120.0	10.2818520005	4.86197743976
7040.0	120.0	10.7812857057	4.86746661516
7050.0	120.0	11.2802984806	4.84694187238
7060.0	120.0	11.7795217206	4.81949599541
7070.0	120.0	12.2785344956	4.79228877825
7080.0	120.0	12.7893333166	4.75481918969
7090.0	120.0	13.3279135321	4.69372228096
7100.0	120.0	13.8662832826	4.63286403204
