140.0	11.0	0.4	2.98
150.0	11.0	0.34	2.2
160.0	11.0	0.34	1.36
170.0	11.0	0.4	0.55
180.0	11.0	0.42	-0.3
190.0	11.0	0.49	-1.14
200.0	11.0	0.53	-1.97
210.0	11.0	0.58	-2.8
220.0	11.0	0.6	-3.7
230.0	11.0	0.74	-4.63
240.0	11.0	0.71	-5.59
250.0	11.0	0.7	-6.39
260.0	11.0	0.74	-7.26
270.0	11.0	0.8	-8.15
280.0	11.0	0.83	-9.02
1150.0	47.0	-1.72	1.28
1160.0	47.0	-1.72	1.28
1170.0	47.0	-1.72	1.28
1180.0	47.0	-1.72	1.28
1190.0	47.0	-1.72	1.28
1200.0	47.0	-1.72	1.28
1210.0	47.0	-1.72	1.28
1220.0	47.0	-1.72	1.28
1230.0	47.0	-1.72	1.28
1240.0	47.0	-1.72	1.28
1250.0	47.0	-1.72	1.28
1260.0	47.0	-1.72	1.28
1270.0	47.0	-1.72	1.28
1280.0	47.0	-1.72	1.28
1290.0	47.0	-1.72	1.28
1300.0	47.0	-1.72	1.28
1310.0	47.0	-1.72	1.28
1320.0	47.0	-1.72	1.28
1330.0	47.0	-1.72	1.28
1340.0	47.0	-1.72	1.28
1350.0	47.0	-1.72	1.28
1360.0	47.0	-1.72	1.28
1370.0	47.0	-1.72	1.28
1380.0	47.0	-1.72	1.28
2900.0	82.0	3.09	-9.65
2910.0	82.0	3.13	-9.0
2920.0	82.0	3.14	-8.4
2930.0	82.0	3.3	-7.82
2940.0	82.0	3.43	-7.29
2950.0	82.0	3.53	-6.75
3200.0	87.0	3.36	-8.77
3210.0	87.0	3.33	-8.02
3220.0	87.0	3.35	-7.3
3230.0	87.0	3.32	-6.61
3240.0	87.0	3.22	-5.88
4240.0	103.0	3.92	-8.42
4250.0	103.0	3.7	-7.77
4260.0	103.0	3.68	-7.09
5680.0	122.0	2.7	-8.14
5690.0	122.0	2.78	-7.37
5700.0	122.0	2.79	-6.6
5710.0	122.0	2.77	-5.79
5720.0	122.0	2.82	-5.0
5730.0	122.0	2.83	-4.19
5740.0	122.0	2.89	-3.37
5750.0	122.0	2.88	-2.58
5760.0	122.0	2.79	-1.71
5770.0	122.0	2.81	-0.86
5780.0	122.0	2.75	-0.1
5790.0	122.0	2.73	0.67
5800.0	122.0	2.69	1.41
5810.0	122.0	2.68	2.15
6680.0	128.0	1.86	0.38
6690.0	128.0	1.86	-0.32
6700.0	128.0	1.96	-1.04
6710.0	128.0	2.0	-1.76
6720.0	128.0	2.0	-2.43
6730.0	128.0	2.12	-3.17
6740.0	128.0	2.17	-3.93
6750.0	128.0	2.29	-4.75
7020.0	149.0	3.73	-6.03
7030.0	149.0	3.82	-5.61
7040.0	149.0	3.73	-4.96
7050.0	149.0	3.79	-4.42
7060.0	149.0	3.88	-3.85
7070.0	149.0	3.8	-3.24
7080.0	149.0	3.79	-2.72
7090.0	149.0	3.73	-2.22
7100.0	149.0	3.79	-1.75
7110.0	149.0	3.74	-1.15
7120.0	149.0	3.61	-0.54
7130.0	149.0	3.53	-0.03
7480.0	156.0	1.42	-9.38
7480.0	158.0	3.34	-9.33
7490.0	156.0	1.45	-8.78
7490.0	158.0	3.43	-8.65
7500.0	156.0	1.46	-8.11
7500.0	158.0	3.47	-7.91
7510.0	156.0	1.34	-7.43
7510.0	158.0	3.58	-7.13
7520.0	156.0	1.36	-6.75
7520.0	158.0	3.54	-6.41
7530.0	156.0	1.47	-5.97
7530.0	158.0	3.46	-5.75
7540.0	156.0	1.45	-5.29
7540.0	158.0	3.37	-5.03
7550.0	156.0	1.45	-4.59
7550.0	158.0	3.3	-4.33
7560.0	156.0	1.38	-3.87
7560.0	158.0	3.19	-3.68
7570.0	156.0	1.34	-3.2
7570.0	158.0	3.21	-3.0
7580.0	156.0	1.24	-2.49
7580.0	158.0	3.14	-2.32
7590.0	156.0	1.19	-1.82
7590.0	158.0	3.09	-1.7
7600.0	156.0	1.27	-1.17
7600.0	158.0	3.02	-0.87
7610.0	156.0	1.32	-0.52
7610.0	158.0	2.83	-0.21
7620.0	156.0	1.32	0.11
7620.0	158.0	2.81	0.42
7630.0	156.0	1.33	0.72
7630.0	158.0	2.82	1.02
7640.0	156.0	1.23	1.36
7640.0	158.0	2.92	1.67
7650.0	156.0	1.15	1.93
7650.0	158.0	3.09	2.25
7660.0	156.0	1.09	2.57
7660.0	158.0	3.19	2.91
7670.0	156.0	1.01	3.19
8090.0	170.0	-0.55	-0.49
8100.0	170.0	-0.55	-0.49
8110.0	170.0	-0.55	-0.49
8120.0	170.0	-0.56	-0.42
8130.0	170.0	-0.56	-0.41
8140.0	170.0	-0.56	-0.41
8150.0	170.0	-0.56	-0.41
9280.0	176.0	-0.41	-4.11
9290.0	176.0	-0.42	-3.72
9300.0	176.0	-0.42	-3.34
9310.0	176.0	-0.48	-3.05
9500.0	194.0	1.72	-8.94
9510.0	194.0	1.78	-8.3
9520.0	194.0	1.8	-7.81
9530.0	194.0	1.88	-7.26
9540.0	194.0	1.96	-6.65
9550.0	194.0	1.98	-6.05
9550.0	201.0	2.78	-9.95
9560.0	194.0	2.04	-5.44
9560.0	201.0	2.74	-9.37
9570.0	194.0	2.06	-4.85
9570.0	201.0	2.77	-8.83
9580.0	194.0	2.09	-4.22
9580.0	201.0	2.84	-8.3
9590.0	194.0	2.16	-3.62
9590.0	201.0	2.84	-7.75
9600.0	194.0	2.15	-3.04
9600.0	201.0	2.82	-7.15
9610.0	194.0	2.14	-2.5
9610.0	201.0	2.86	-6.58
9620.0	194.0	2.1	-1.94
9620.0	201.0	2.86	-6.04
9630.0	194.0	1.99	-1.37
9630.0	201.0	2.79	-5.45
9640.0	194.0	1.92	-0.83
9640.0	201.0	2.76	-4.87
9650.0	194.0	1.84	-0.3
9650.0	201.0	2.65	-4.31
9660.0	194.0	1.79	0.24
9660.0	201.0	2.67	-3.65
9670.0	194.0	1.75	0.86
9670.0	201.0	2.65	-3.15
9680.0	194.0	1.69	1.29
9680.0	201.0	2.51	-2.62
9690.0	194.0	1.73	1.84
9690.0	201.0	2.54	-2.01
9700.0	194.0	1.77	2.35
9700.0	201.0	2.59	-1.45
9710.0	194.0	1.82	2.96
9710.0	201.0	2.57	-0.92
9720.0	201.0	2.63	-0.36
9730.0	201.0	2.63	0.19
9740.0	201.0	2.54	0.72
9750.0	201.0	2.55	1.32
9760.0	201.0	2.58	1.71
9770.0	201.0	2.4	2.31
9780.0	201.0	2.49	2.87
10060.0	223.0	1.5	4.07
10070.0	223.0	1.44	3.69
10080.0	223.0	1.63	3.22
10090.0	223.0	1.65	2.78
10100.0	223.0	1.62	2.32
10110.0	223.0	1.65	1.87
10120.0	223.0	1.71	1.44
10130.0	223.0	1.63	1.04
10140.0	223.0	1.67	0.54
10150.0	223.0	1.68	0.06
10160.0	223.0	1.61	-0.44
10170.0	223.0	1.62	-0.91
10180.0	223.0	1.65	-1.37
10190.0	223.0	1.65	-1.86
10200.0	223.0	1.72	-2.35
10210.0	223.0	1.83	-2.77
10220.0	223.0	1.88	-3.23
10230.0	223.0	1.93	-3.67
10240.0	223.0	2.01	-4.16
10250.0	223.0	2.01	-4.67
10260.0	223.0	1.95	-5.25
10270.0	223.0	1.9	-5.74
10280.0	223.0	1.86	-6.25
10290.0	223.0	1.91	-6.77
10300.0	223.0	1.92	-7.24
10310.0	223.0	1.85	-7.72
10320.0	223.0	1.84	-8.19
10330.0	223.0	1.86	-8.71
10340.0	223.0	1.77	-9.18
10570.0	243.0	2.73	-9.7
10580.0	243.0	2.74	-8.97
10590.0	243.0	2.8	-8.27
10600.0	243.0	2.83	-7.58
10610.0	243.0	2.78	-6.92
10610.0	251.0	0.59	4.25
10620.0	243.0	2.82	-6.25
10620.0	251.0	0.59	4.25
10620.0	253.0	4.02	-9.15
10630.0	243.0	2.8	-5.56
10630.0	253.0	3.99	-8.68
10640.0	243.0	2.92	-4.67
10640.0	253.0	3.99	-8.24
10650.0	243.0	2.79	-4.13
10650.0	253.0	4.0	-7.78
10660.0	243.0	2.87	-3.23
10660.0	253.0	4.0	-7.36
10670.0	243.0	2.74	-2.49
10670.0	253.0	3.91	-6.96
10680.0	243.0	2.62	-1.82
10680.0	253.0	3.9	-6.53
10690.0	243.0	2.58	-1.15
10690.0	253.0	3.88	-6.07
10700.0	243.0	2.49	-0.54
10700.0	253.0	3.94	-5.66
10710.0	243.0	2.4	0.05
10710.0	253.0	3.96	-5.19
10710.0	254.0	2.84	-9.9
10720.0	243.0	2.43	0.6
10720.0	253.0	3.96	-4.73
10720.0	254.0	2.77	-9.22
10730.0	243.0	2.44	1.1
10730.0	253.0	4.03	-4.25
10730.0	254.0	2.78	-8.53
10740.0	243.0	2.48	1.55
10740.0	253.0	4.11	-3.86
10740.0	254.0	2.78	-7.89
10750.0	243.0	2.62	2.03
10750.0	253.0	4.12	-3.38
10750.0	254.0	2.76	-7.25
10760.0	253.0	4.35	-2.84
10760.0	254.0	2.8	-6.59
10770.0	254.0	2.79	-5.91
10780.0	254.0	2.8	-5.3
10790.0	254.0	2.85	-4.63
10790.0	258.0	1.73	2.53
10800.0	254.0	2.88	-3.93
10800.0	258.0	1.71	1.92
10810.0	254.0	2.97	-3.34
10810.0	258.0	1.79	1.25
10820.0	254.0	3.0	-2.72
10820.0	258.0	1.84	0.65
10830.0	254.0	2.98	-2.08
10830.0	258.0	1.92	0.22
10840.0	254.0	2.99	-1.44
10840.0	258.0	2.03	-0.48
10850.0	254.0	2.93	-0.8
10850.0	258.0	2.09	-1.06
10860.0	254.0	2.85	-0.2
10870.0	254.0	2.76	0.46
10880.0	254.0	2.64	1.07
10890.0	254.0	2.61	1.69
10900.0	254.0	2.58	2.28
10900.0	261.0	1.27	3.92
10910.0	254.0	2.58	2.84
10910.0	261.0	1.35	3.26
10920.0	254.0	2.47	3.39
10920.0	261.0	1.41	2.68
10930.0	261.0	1.47	2.08
10940.0	261.0	1.68	1.46
10950.0	261.0	1.79	0.85
10960.0	261.0	1.89	0.26
10970.0	261.0	2.05	-0.34
10980.0	261.0	2.07	-0.95
10990.0	261.0	2.14	-1.59
11000.0	261.0	2.11	-2.24
11010.0	261.0	2.04	-2.91
11010.0	263.0	1.15	-10.15
11020.0	261.0	2.08	-3.59
11020.0	263.0	1.19	-9.46
11030.0	261.0	2.04	-4.29
11030.0	263.0	1.26	-8.82
11040.0	261.0	2.1	-4.96
11040.0	263.0	1.23	-8.21
11050.0	261.0	2.15	-5.64
11050.0	263.0	1.24	-7.58
11060.0	261.0	2.06	-6.31
11060.0	263.0	1.33	-6.89
11070.0	261.0	2.06	-7.01
11070.0	263.0	1.39	-6.21
11080.0	261.0	1.93	-7.66
11080.0	263.0	1.54	-5.58
11090.0	261.0	1.77	-8.3
11090.0	263.0	1.74	-4.92
11100.0	263.0	1.88	-4.29
11110.0	263.0	2.07	-3.69
11120.0	263.0	2.22	-3.04
11130.0	263.0	2.27	-2.39
11140.0	263.0	2.4	-1.76
11150.0	263.0	2.46	-1.09
11160.0	263.0	2.45	-0.44
11170.0	263.0	2.5	0.22
11180.0	263.0	2.47	0.88
11190.0	263.0	2.4	1.5
11200.0	263.0	2.4	2.08
11210.0	263.0	2.35	2.61
11360.0	269.0	2.55	3.96
11370.0	269.0	2.61	3.34
11370.0	271.0	3.69	-7.91
11380.0	269.0	2.63	2.67
11380.0	271.0	3.54	-7.24
11390.0	269.0	2.7	2.01
11390.0	271.0	3.51	-6.6
11400.0	269.0	2.77	1.42
11400.0	271.0	3.46	-5.91
11410.0	269.0	2.83	0.81
11410.0	271.0	3.44	-5.24
11420.0	269.0	2.9	0.14
11420.0	271.0	3.52	-4.57
11430.0	269.0	2.91	-0.57
11430.0	271.0	3.53	-3.86
11440.0	269.0	2.89	-1.24
11440.0	271.0	3.56	-3.23
11450.0	269.0	2.99	-1.88
11450.0	271.0	3.6	-2.54
11460.0	269.0	2.98	-2.61
11460.0	271.0	3.6	-1.86
11470.0	269.0	3.11	-3.31
11470.0	271.0	3.63	-1.27
11480.0	269.0	3.19	-3.98
11480.0	271.0	3.59	-0.57
11490.0	269.0	3.29	-4.72
11500.0	269.0	3.43	-5.44
11510.0	269.0	3.52	-6.19
11520.0	269.0	3.65	-6.93
11530.0	269.0	3.76	-7.59
11540.0	269.0	3.74	-8.27
11610.0	272.0	1.57	2.8
11610.0	273.0	1.24	-9.96
11620.0	272.0	1.6	2.28
11620.0	273.0	1.25	-9.19
11630.0	272.0	1.59	1.79
11630.0	273.0	1.23	-8.6
11640.0	272.0	1.65	1.26
11640.0	273.0	1.32	-7.97
11650.0	272.0	1.65	0.78
11650.0	273.0	1.38	-7.32
11660.0	272.0	1.61	0.3
11660.0	273.0	1.52	-6.73
11670.0	272.0	1.59	-0.22
11670.0	273.0	1.7	-6.01
11680.0	272.0	1.53	-0.71
11680.0	273.0	1.78	-5.42
11690.0	272.0	1.47	-1.2
11690.0	273.0	1.91	-4.78
11700.0	272.0	1.47	-1.73
11700.0	273.0	1.97	-4.11
11710.0	272.0	1.46	-2.27
11710.0	273.0	2.04	-3.46
11720.0	272.0	1.46	-2.81
11720.0	273.0	2.1	-2.74
11730.0	272.0	1.54	-3.41
11730.0	273.0	2.06	-2.07
11770.0	277.0	0.28	1.49
11770.0	280.0	2.89	-5.16
11770.0	281.0	3.44	-5.51
11780.0	277.0	0.23	0.93
11780.0	280.0	2.88	-4.59
11780.0	281.0	3.44	-4.92
11790.0	277.0	0.21	0.37
11790.0	280.0	2.89	-3.96
11790.0	281.0	3.39	-4.31
11800.0	277.0	0.2	-0.19
11800.0	280.0	2.86	-3.33
11800.0	281.0	3.33	-3.68
11810.0	277.0	0.14	-0.71
11810.0	280.0	2.81	-2.73
11810.0	281.0	3.29	-3.06
11820.0	277.0	0.1	-1.27
11820.0	280.0	2.78	-2.12
11820.0	281.0	3.27	-2.47
11830.0	277.0	0.2	-1.85
11830.0	280.0	2.73	-1.52
11830.0	281.0	3.24	-1.9
11840.0	277.0	0.24	-2.39
11840.0	280.0	2.71	-0.96
11840.0	281.0	3.24	-1.33
11850.0	277.0	0.25	-2.95
11850.0	280.0	2.69	-0.39
11850.0	281.0	3.22	-0.74
11860.0	277.0	0.34	-3.51
11860.0	280.0	2.64	0.21
11860.0	281.0	3.16	-0.16
11870.0	277.0	0.42	-4.19
11870.0	280.0	2.63	0.78
11870.0	281.0	3.24	0.62
11880.0	277.0	0.28	-4.67
11880.0	280.0	2.61	1.36
11880.0	281.0	3.22	1.24
11890.0	277.0	0.32	-5.26
11890.0	280.0	2.53	1.96
11890.0	281.0	3.18	1.83
11900.0	277.0	0.28	-5.87
11900.0	280.0	2.54	2.51
11900.0	281.0	3.22	2.41
11910.0	277.0	0.19	-6.45
11910.0	281.0	3.22	2.96
11920.0	277.0	0.21	-6.99
11930.0	277.0	0.09	-7.62
11940.0	277.0	0.06	-8.33
11950.0	277.0	0.1	-8.91
11960.0	277.0	0.17	-9.49
12450.0	288.0	3.1	-7.4
12460.0	288.0	3.03	-6.72
12470.0	288.0	2.95	-6.06
12480.0	288.0	2.91	-5.43
12490.0	288.0	2.91	-4.79
12500.0	288.0	2.86	-4.12
12510.0	288.0	2.77	-3.44
12520.0	288.0	2.59	-2.84
12530.0	288.0	2.36	-2.18
12540.0	288.0	2.15	-1.58
12550.0	288.0	1.89	-1.02
12560.0	288.0	1.68	-0.46
12570.0	288.0	1.48	0.07
12580.0	288.0	1.26	0.62
12590.0	288.0	1.07	1.14
12600.0	288.0	0.84	1.6
12610.0	288.0	0.67	2.03
12620.0	288.0	0.47	2.48
12630.0	288.0	0.25	2.83
12640.0	288.0	0.18	3.06
12650.0	288.0	0.09	3.33
12660.0	288.0	0.02	3.33
12670.0	288.0	0.0	3.37
12680.0	288.0	0.0	3.39
12690.0	288.0	0.0	3.39
12700.0	288.0	0.0	3.39
12700.0	296.0	1.28	3.22
12710.0	288.0	0.0	3.39
12710.0	296.0	1.23	2.62
12720.0	288.0	0.0	3.39
12720.0	296.0	1.16	2.01
12730.0	288.0	0.0	3.39
12730.0	296.0	1.17	1.3
12740.0	288.0	0.0	3.39
12740.0	296.0	1.12	0.64
12750.0	288.0	0.13	3.49
12750.0	296.0	1.13	0.0
12760.0	296.0	1.07	-0.65
12770.0	296.0	1.01	-1.28
12780.0	296.0	1.04	-1.97
12790.0	296.0	0.97	-2.66
12800.0	296.0	1.02	-3.35
12810.0	296.0	1.0	-4.07
12820.0	296.0	0.93	-4.86
12830.0	296.0	0.95	-5.59
12840.0	296.0	0.85	-6.33
12850.0	296.0	0.85	-7.0
12860.0	296.0	0.82	-7.67
12870.0	296.0	0.73	-8.35
12880.0	296.0	0.75	-9.06
12890.0	296.0	0.65	-9.78
13170.0	315.0	1.13	-10.03
13180.0	315.0	1.12	-9.54
13190.0	315.0	1.0	-9.05
13200.0	315.0	0.79	-8.66
13210.0	315.0	0.77	-8.24
13220.0	315.0	0.83	-7.78
13230.0	315.0	0.79	-7.3
13240.0	315.0	0.69	-6.89
13250.0	315.0	0.73	-6.46
13260.0	315.0	0.75	-5.98
13270.0	315.0	0.62	-5.55
13280.0	315.0	0.57	-5.14
13290.0	315.0	0.59	-4.67
13300.0	315.0	0.39	-4.29
13310.0	315.0	0.16	-3.96
13320.0	315.0	-0.05	-3.54
13330.0	315.0	-0.27	-3.46
13340.0	315.0	-0.45	-3.49
13350.0	315.0	-0.56	-3.5
13360.0	315.0	-0.57	-3.51
13370.0	315.0	-0.6	-3.43
