0.0	17.0	6.04034864625	5.44144343347
0.0	26.0	4.9459300762	10.9306188269
0.0	29.0	3.87255801711	11.646598226
0.0	44.0	13.8486042134	5.89489705292
0.0	46.0	8.01872067673	8.23376309011
0.0	53.0	6.98744163957	9.78505178825
0.0	401.0	7.32418581497	11.5750002861
10.0	17.0	5.84482655941	5.37318673075
10.0	26.0	5.09557076914	10.8552023302
10.0	29.0	3.9729498744	11.6031621425
10.0	44.0	13.8627053757	5.92019499169
10.0	46.0	7.82025207836	8.30201979283
10.0	53.0	6.91504164186	9.84471673818
10.0	401.0	7.34649511659	11.6613951336
20.0	17.0	5.64951493768	5.30516868783
20.0	26.0	5.24500099698	10.7797858335
20.0	29.0	4.0735521968	11.5597260589
20.0	44.0	13.8770170032	5.94549293046
20.0	46.0	7.62178347998	8.37003783575
20.0	53.0	6.84264164415	9.90438168811
20.0	68.0	2.25892202161	13.503132808
20.0	401.0	7.36901488332	11.7475513213
30.0	17.0	5.45399285084	5.23691198511
30.0	26.0	5.39464168992	10.7046079965
30.0	29.0	4.17394405409	11.5165286352
30.0	44.0	13.8911181655	5.97055220943
30.0	46.0	7.4233148816	8.43829453847
30.0	53.0	6.77045211154	9.96404663804
30.0	68.0	2.39930224973	13.3585049694
30.0	401.0	7.39132418494	11.8339461688
40.0	17.0	5.2586812291	5.16865528239
40.0	26.0	5.53270680184	10.6189291285
40.0	29.0	4.27433591138	11.4730925516
40.0	44.0	13.9052193278	5.9958501482
40.0	46.0	7.26441372383	8.51442701458
40.0	53.0	6.7169939737	10.0017548864
40.0	68.0	2.53968247785	13.2138771307
40.0	401.0	7.41384395167	11.9203410163
50.0	17.0	5.07515565351	5.06770218712
50.0	26.0	5.62552191518	10.4926780944
50.0	29.0	4.37767428021	11.3983920343
50.0	44.0	13.9195309553	6.02114808697
50.0	46.0	7.14508000668	8.59819660428
50.0	53.0	6.66858699848	10.0337352996
50.0	68.0	2.67985224086	13.0692492921
50.0	401.0	7.42562999781	12.0107930804
60.0	17.0	4.89478705456	4.95863465865
60.0	26.0	5.71854749364	10.3661884006
60.0	29.0	4.48290683502	11.3029281144
60.0	44.0	13.9336321176	6.04644602574
60.0	46.0	7.02553582441	8.68196619398
60.0	53.0	6.61996955816	10.0659543725
60.0	68.0	2.84948711922	12.8935956795
60.0	401.0	7.41300209123	12.1110301963
70.0	17.0	4.71441845561	4.84956713018
70.0	26.0	5.81136260698	10.2399373665
70.0	29.0	4.58813938984	11.2074641945
70.0	44.0	13.94773328	6.07150530471
70.0	46.0	6.90620210725	8.76597444348
70.0	53.0	6.57135211784	10.0981734455
70.0	68.0	3.02248943933	12.7146008297
70.0	401.0	7.40037418465	12.2112673121
80.0	17.0	4.52121148498	4.72260011673
80.0	26.0	5.82988353663	10.0618971559
80.0	29.0	4.69337194465	11.1120002747
80.0	44.0	13.9618344423	6.09680324348
80.0	46.0	6.78392187856	8.8304125894
80.0	53.0	6.52273467751	10.1301538586
80.0	68.0	3.20033245697	12.5434817533
80.0	401.0	7.38774627808	12.311504428
90.0	17.0	4.29853939899	4.55410629813
90.0	26.0	5.82988353663	9.87096931615
90.0	29.0	4.8213347313	11.0251281076
90.0	44.0	13.9761460698	6.12210118225
90.0	46.0	6.66122071965	8.89007753933
90.0	53.0	6.45938467952	10.167862107
90.0	68.0	3.42447779872	12.4434832973
90.0	401.0	7.3751183715	12.4117415439
100.0	17.0	4.0756568479	4.38561247953
100.0	26.0	5.82988353663	9.68004147638
100.0	29.0	4.96445100585	10.9439837757
100.0	44.0	13.9902472321	6.14739912102
100.0	46.0	6.53851956074	8.94974248925
100.0	53.0	6.38614282137	10.2093889121
100.0	68.0	3.64841267536	12.3432461814
100.0	401.0	7.37364511573	12.5267755674
110.0	17.0	3.8527742968	4.21735732074
110.0	26.0	5.81220446742	9.50629714219
110.0	29.0	5.10756728039	10.8628394438
110.0	44.0	14.0256053706	6.15742283261
110.0	46.0	6.41918584358	9.00105434619
110.0	53.0	6.31311142833	10.2509157173
110.0	68.0	3.87255801711	12.2432477253
110.0	401.0	7.39805906845	12.6766539216
120.0	17.0	3.55622895734	4.07607071931
120.0	26.0	5.79010563091	9.33661002459
120.0	29.0	5.25068355494	10.7816951119
120.0	44.0	14.0750646713	6.15742283261
120.0	46.0	6.31395328877	9.01943115077
120.0	53.0	6.23986957018	10.2924425224
120.0	68.0	4.1478463805	12.2248709207
120.0	401.0	7.42247302116	12.8265322758
130.0	17.0	3.25168594371	3.93788669527
130.0	26.0	5.76779632929	9.16716156679
130.0	29.0	5.39379982948	10.70055078
130.0	44.0	14.1247344372	6.15742283261
130.0	46.0	6.20872073395	9.03780795535
130.0	53.0	6.16662771203	10.3339693276
130.0	68.0	4.42292427878	12.2064941161
130.0	401.0	7.44709743899	12.97641063
140.0	17.0	2.94714293009	3.79970267124
140.0	26.0	5.74569749278	8.9974744492
140.0	29.0	5.47461843158	10.6048482003
140.0	44.0	14.174193738	6.15742283261
140.0	46.0	6.15021143348	9.08888115249
140.0	53.0	6.12579748076	10.3473342764
140.0	68.0	4.65654055046	12.1866853528
140.0	401.0	7.47151139171	13.1262889842
150.0	17.0	2.64617782332	3.65913204921
150.0	26.0	5.71938935407	8.80368269183
150.0	29.0	5.51376494197	10.4993605688
150.0	44.0	14.2236530387	6.15742283261
150.0	46.0	6.12264050412	9.1614337316
150.0	53.0	6.08475678438	10.3604605654
150.0	68.0	4.82743821948	12.1642513316
150.0	401.0	7.39195558027	13.2429936263
160.0	17.0	2.37930806432	3.496127406
160.0	26.0	5.69308121537	8.60965227466
160.0	29.0	5.55291145236	10.3938729373
160.0	44.0	14.3236239658	6.19823365836
160.0	46.0	6.09528003986	9.23398631071
160.0	53.0	6.04392655312	10.3738255141
160.0	68.0	4.99854635361	12.1418173104
160.0	401.0	7.31239976883	13.3596982684
170.0	17.0	2.11243830531	3.3331227628
170.0	26.0	5.66677307667	8.4158605173
170.0	29.0	5.59205796275	10.2883853058
170.0	44.0	14.4738960541	6.28009396966
170.0	46.0	6.0677091105	9.30677754963
170.0	53.0	6.00288585674	10.3869518031
170.0	68.0	5.14566146523	12.1153260727
170.0	401.0	7.2330544225	13.4764029104
180.0	17.0	1.8453580812	3.17011811959
180.0	26.0	5.68781958763	8.19796412016
180.0	29.0	5.62320679897	10.1754992206
180.0	44.0	14.6243786074	6.36195428096
180.0	46.0	6.04034864625	9.37933012874
180.0	53.0	5.96205562547	10.4003167519
180.0	68.0	5.19701495198	12.0730832881
180.0	401.0	7.15349861106	13.5931075525
190.0	17.0	1.57848832219	3.00711347639
190.0	26.0	5.72065214473	7.97433988783
190.0	29.0	5.63604517066	10.0454296297
190.0	44.0	14.7746506957	6.44381459226
190.0	46.0	6.04918818086	9.46381569784
190.0	53.0	5.92101492909	10.4134430409
190.0	68.0	5.24857890384	12.0306018438
190.0	401.0	7.07394279962	13.7095735347
200.0	17.0	1.40885344383	2.84148357539
200.0	26.0	5.75348470183	7.75047699569
200.0	29.0	5.64867307724	9.9151213791
200.0	44.0	15.0166855718	6.40801562231
200.0	46.0	6.05781725035	9.54830126694
200.0	53.0	5.88018469783	10.4268079897
200.0	68.0	5.29993239059	11.9881203994
210.0	17.0	1.23942903058	2.67561501459
210.0	26.0	5.72696609802	7.49129245321
210.0	29.0	5.66151144893	9.78505178825
210.0	44.0	15.2587204479	6.37221665235
210.0	46.0	6.06665678496	9.63302549583
210.0	53.0	5.76674400374	10.4532992274
210.0	68.0	5.35149634245	11.9456389551
220.0	17.0	1.06979415223	2.50998511359
220.0	26.0	5.66045912338	7.20871925034
220.0	29.0	5.7877905147	9.61464869126
220.0	46.0	6.07549631956	9.71751106493
220.0	53.0	5.63520331022	10.4831317024
220.0	68.0	5.32666145951	11.9279781299
230.0	17.0	0.883953460427	2.36273201716
230.0	26.0	5.59395214874	6.92614604748
230.0	29.0	5.91406958048	9.44400693446
230.0	46.0	6.07739050555	9.79817807724
230.0	53.0	5.50366261671	10.5129641774
230.0	68.0	5.26920448458	11.9205796761
240.0	17.0	0.673488350802	2.24340211731
240.0	26.0	5.5274451741	6.64357284462
240.0	29.0	6.04034864625	9.27360383747
240.0	46.0	6.05192422728	9.86404818196
240.0	53.0	5.37212192319	10.5427966523
240.0	68.0	5.21195797477	11.9134198821
250.0	17.0	0.463023241176	2.12407221745
250.0	26.0	5.34581378449	6.33832696079
250.0	29.0	6.2032486411	9.10892857566
250.0	46.0	6.02645794902	9.92991828668
250.0	53.0	5.22921611376	10.6074734581
250.0	68.0	5.15450099984	11.9062600881
260.0	17.0	0.252558131551	2.00474231759
260.0	26.0	5.13534867486	6.02735324176
260.0	29.0	6.40298003014	8.94974248925
260.0	46.0	6.00120213586	9.9957883914
260.0	53.0	5.0835742579	10.6809806764
260.0	68.0	5.09704402491	11.8991002941
270.0	17.0	0.0420930219251	1.88541241774
270.0	26.0	4.92488356524	5.71637952274
270.0	29.0	6.60271141917	8.79055640285
270.0	46.0	5.9757358576	10.0616584961
270.0	53.0	4.93098705342	10.7602157299
270.0	68.0	5.03958704998	11.8917018403
270.0	79.0	15.214943705	6.63283315364
280.0	26.0	4.71168240919	5.44430735106
280.0	29.0	6.80244280821	8.63160897624
280.0	46.0	5.95026957933	10.127289941
280.0	53.0	4.75040798936	10.8623621242
280.0	68.0	4.99223240032	11.8847807061
280.0	79.0	14.9034553428	6.51827644977
290.0	26.0	4.49595567182	5.21161404634
290.0	29.0	7.03437535901	8.49079969441
290.0	46.0	5.85408702423	10.1926827262
290.0	53.0	4.57003939041	10.9647471782
290.0	68.0	5.03516728268	11.8788142111
290.0	79.0	14.5919669806	6.40371974591
300.0	26.0	4.28022893445	4.97892074162
300.0	29.0	7.28798581611	8.36216206236
300.0	46.0	5.65183005388	10.2568822123
300.0	53.0	4.43155334828	11.0313332624
300.0	68.0	5.07789169994	11.8730863759
300.0	79.0	14.2754274557	6.28582180485
310.0	26.0	4.06450219709	4.7462274369
310.0	29.0	7.54159627321	8.23376309011
310.0	46.0	5.44936261842	10.3210816984
310.0	53.0	4.35536497859	11.0446982111
310.0	68.0	5.12061611719	11.867119881
310.0	79.0	13.9123751416	6.13761406923
310.0	242.0	14.9468111554	8.491277014
320.0	26.0	3.85908825009	4.56603928812
320.0	29.0	7.79520673031	8.10536411787
320.0	46.0	5.27972774007	10.3649951016
320.0	53.0	4.27938707402	11.0578245001
320.0	68.0	5.16334053444	11.8613920458
320.0	79.0	13.5495332926	5.98964499341
320.0	242.0	14.8512599956	8.41896309469
330.0	26.0	3.66356616325	4.43811763547
330.0	29.0	8.06081369866	7.95930432044
330.0	46.0	5.11830100098	10.4038966489
330.0	53.0	4.20340916944	11.0711894489
330.0	68.0	5.20627541681	11.8556642106
330.0	79.0	13.177851909	5.84716509298
330.0	242.0	14.7554983707	8.34664917538
340.0	26.0	3.46825454152	4.31043464262
340.0	29.0	8.33147182964	7.80584606923
340.0	46.0	4.95666379679	10.4427981963
340.0	53.0	4.16363126372	11.1203533676
340.0	68.0	5.24899983406	11.8496977156
340.0	79.0	12.7699705265	5.72783519312
340.0	242.0	14.6492134904	8.27385793647
340.0	243.0	15.0482553382	8.35309298997
350.0	26.0	3.42595105448	4.35243876737
350.0	29.0	8.6019194955	7.65238781801
350.0	46.0	4.79523705771	10.4816997436
350.0	53.0	4.13290335772	11.1785863588
350.0	68.0	5.29172425131	11.8439698804
350.0	79.0	12.3622996092	5.60850529327
350.0	242.0	14.4461146596	8.19700948096
350.0	243.0	14.900087901	8.27361927667
360.0	26.0	3.44931268165	4.46747279084
360.0	29.0	8.87257762648	7.4989295668
360.0	46.0	4.64433357411	10.5353981986
360.0	53.0	4.1019649866	11.2368193499
360.0	68.0	5.33444866857	11.8380033854
360.0	79.0	11.9544182267	5.48917539341
360.0	242.0	14.2432262939	8.12039968525
360.0	243.0	14.752130929	8.19390690356
370.0	26.0	3.47267430882	4.5822681545
370.0	29.0	9.13355436242	7.4122960595
370.0	46.0	4.50395334599	10.6043708807
370.0	53.0	4.0712370806	11.295052341
370.0	68.0	5.37738355093	11.8322755502
370.0	79.0	11.5795798665	5.44430735106
370.0	242.0	14.0079263013	8.06359865292
370.0	243.0	14.5669216325	8.15023216021
380.0	26.0	3.49666733132	4.57081248411
380.0	29.0	9.38506016842	7.39248729612
380.0	46.0	4.36357311787	10.6733435628
380.0	53.0	4.03903591882	11.3960054363
380.0	68.0	5.42010796819	11.826547715
380.0	79.0	11.2047415062	5.39967796852
380.0	242.0	13.6966484042	8.05309762173
380.0	243.0	14.2950007109	8.19008834677
390.0	26.0	3.52087081893	4.55959547353
390.0	29.0	9.63635550931	7.37267853275
390.0	46.0	4.22340335486	10.7423162449
390.0	53.0	4.00599289661	11.5153353362
390.0	68.0	5.46283238544	11.82058122
390.0	79.0	10.8296926809	5.35480992617
390.0	242.0	13.3855809722	8.04283525034
390.0	243.0	14.0230797892	8.22970587352
400.0	26.0	3.54486384142	4.54813980314
400.0	29.0	9.88786131532	7.35263110957
400.0	46.0	4.08302312674	10.811288927
400.0	53.0	3.97316033951	11.634665236
400.0	68.0	5.50555680269	11.8148533848
400.0	79.0	10.4965264124	5.30779394563
400.0	242.0	13.0648321451	8.12230896365
400.0	243.0	13.7701007275	8.2421161831
410.0	26.0	3.56885686392	4.53692279255
410.0	29.0	10.1437868886	7.35072183117
410.0	46.0	4.01125452435	10.9217884143
410.0	53.0	3.93822313131	11.7570977133
410.0	68.0	5.58721726523	11.8518456538
410.0	79.0	10.1738833993	5.26006198568
410.0	242.0	12.744083318	8.20202133675
410.0	243.0	13.5192263168	8.25118525549
410.0	245.0	14.869359995	7.08819605149
420.0	26.0	3.59284988642	4.52546712217
420.0	29.0	10.4003438573	7.35072183117
420.0	46.0	3.93927545686	11.0325265614
420.0	53.0	3.90139173713	11.8823941081
420.0	68.0	5.6783486577	11.8995776137
420.0	79.0	9.85124038624	5.21233002574
420.0	242.0	12.4911042563	8.2456960801
420.0	243.0	13.2740344641	8.26240226608
420.0	245.0	14.4747379145	6.9092012017
430.0	26.0	3.61705337402	4.51401145178
430.0	29.0	10.6566903608	7.35072183117
430.0	46.0	3.86750685448	11.1430260486
430.0	53.0	3.86456034294	12.007690503
430.0	68.0	5.76948005016	11.9473095737
430.0	79.0	9.47787528177	5.26006198568
430.0	242.0	12.2454914733	8.28555226665
430.0	243.0	13.0425228435	8.27839247266
430.0	245.0	14.0801158339	6.73020635192
440.0	26.0	3.64104639652	4.50279444119
440.0	29.0	10.9290322126	7.37578111014
440.0	46.0	3.79552778699	11.2537641957
440.0	53.0	3.82772894876	12.1329868978
440.0	68.0	5.81515097895	12.0599569991
440.0	79.0	9.09209273582	5.3316599256
440.0	92.0	-0.0105232554813	2.13290263004
440.0	242.0	11.9965112487	8.35786618597
440.0	243.0	12.8110112229	8.29414401944
440.0	245.0	13.7719949135	6.5767481007
450.0	26.0	3.66503941902	4.49133877081
450.0	29.0	11.2078984829	7.4115800801
450.0	46.0	3.69787197612	11.3301353316
450.0	53.0	3.77027197383	12.2432477253
450.0	68.0	5.84924632671	12.1890719508
450.0	79.0	8.70631018988	5.40325786551
450.0	92.0	0.226249992847	2.34936706838
450.0	242.0	11.7439531171	8.46287649784
450.0	243.0	12.5902333229	8.33614814419
450.0	245.0	13.4636635279	6.42328984949
460.0	26.0	3.68924290663	4.47988310042
460.0	29.0	11.4867647531	7.44737905006
460.0	46.0	3.59705918861	11.4026879107
460.0	53.0	3.69218941816	12.3387116452
460.0	68.0	5.88334167447	12.3181869024
460.0	79.0	8.28138113355	5.42378260829
460.0	92.0	0.463023241176	2.56559284692
460.0	242.0	11.4913949856	8.56788680971
460.0	243.0	12.3949217012	8.43829453847
460.0	245.0	13.1422833055	6.28415118625
470.0	26.0	3.71323592912	4.46866608983
470.0	29.0	11.7656310234	7.48317802002
470.0	46.0	3.49645686621	11.4754791496
470.0	53.0	3.61389639738	12.4341755651
470.0	68.0	5.91638469668	12.4434832973
470.0	79.0	7.84698114728	5.43141972188
470.0	92.0	0.699796489505	2.78181862546
470.0	242.0	11.1948496461	8.62206258425
470.0	243.0	12.1993996143	8.54067959255
470.0	245.0	12.7674449452	6.20205221515
480.0	26.0	3.71828709175	4.46222227524
480.0	29.0	12.0175577596	7.52184090757
480.0	46.0	3.39585454381	11.5480317287
480.0	53.0	3.53581384171	12.529639485
480.0	68.0	5.93848353319	12.5377539181
480.0	79.0	7.4123706959	5.43905683547
480.0	92.0	0.931097644983	3.0013856412
480.0	242.0	10.8983043066	8.67647701858
480.0	243.0	12.0301856662	8.68721670957
480.0	245.0	12.3923961199	6.12019190385
480.0	350.0	8.89678111409	10.3365945854
490.0	26.0	3.70418592941	4.46055165664
490.0	29.0	12.2581193799	7.56145843432
490.0	46.0	3.26494524562	11.6186750294
490.0	53.0	3.41079756659	12.641570931
490.0	68.0	5.9605823697	12.632024539
490.0	79.0	7.01795908046	5.46459343404
490.0	92.0	1.15376973097	3.22620317253
490.0	242.0	10.7478217532	8.79867083604
490.0	243.0	11.8870693916	8.87814454934
490.0	245.0	12.0175577596	6.03809293275
490.0	350.0	8.86752646385	10.2306296343
500.0	26.0	3.69008476706	4.45888103805
500.0	29.0	12.4986810002	7.60131462087
500.0	46.0	3.0633196706	11.684783794
500.0	53.0	3.28578129147	12.7535023771
500.0	68.0	5.98268120622	12.7262951599
500.0	79.0	6.6405951389	5.4972898266
500.0	92.0	1.37665228206	3.45078204406
500.0	242.0	10.6337496638	8.93780949927
500.0	243.0	11.7439531171	9.06907238911
500.0	245.0	11.5861042849	5.96649499284
500.0	350.0	8.83827181361	10.1244260234
510.0	26.0	3.67619406983	4.45744907925
510.0	29.0	12.7392426205	7.64117080743
510.0	46.0	2.86190456069	11.7506538987
510.0	53.0	3.16097548147	12.8651951634
510.0	68.0	6.00499050784	12.820327121
510.0	79.0	6.26323119735	5.53022487896
510.0	92.0	1.59953483315	3.67536091559
510.0	242.0	10.5453543178	9.09866620428
510.0	243.0	11.7241693968	9.24066878511
510.0	245.0	11.1546508102	5.89489705292
510.0	350.0	8.80922762849	10.0184610724
520.0	26.0	3.66209290748	4.45577846065
520.0	29.0	12.9419205211	7.6609795708
520.0	46.0	2.66027898567	11.8167626632
520.0	53.0	3.09131153018	13.0005152698
520.0	79.0	5.92901260326	5.57103570471
520.0	92.0	1.78663831561	3.86103823976
520.0	242.0	10.4952636217	9.29174198224
520.0	243.0	11.7045961416	9.4122651811
520.0	245.0	10.6901543132	5.80444498883
520.0	350.0	8.85405669684	9.87717447094
530.0	26.0	3.64799174514	4.45410784205
530.0	29.0	13.106925167	7.6609795708
530.0	46.0	2.45886387576	11.8826327679
530.0	53.0	3.03532781102	13.1418018712
530.0	79.0	5.60594865999	5.61351714906
530.0	92.0	1.97374179807	4.04671556394
530.0	242.0	10.4272833913	9.47479404862
530.0	243.0	11.6848124213	9.58362291729
530.0	245.0	10.2256578163	5.71375426494
530.0	350.0	8.94834506595	9.71273786894
540.0	26.0	3.6341010479	4.45267588325
540.0	29.0	13.2717193479	7.6609795708
540.0	46.0	2.23661271999	11.9998147296
540.0	53.0	2.97955455697	13.2830884727
540.0	79.0	5.2826742516	5.65623725321
540.0	92.0	2.16084528053	4.23215422832
540.0	242.0	10.3182624645	9.63398013503
540.0	243.0	11.6229356791	9.79101828324
540.0	245.0	9.76305550531	5.62330220085
540.0	350.0	9.04284390017	9.54806260714
550.0	26.0	3.61999988556	4.45100526466
550.0	29.0	13.4367239938	7.6609795708
550.0	46.0	2.00047086699	12.1513637024
550.0	53.0	2.92378130292	13.4243750741
550.0	79.0	4.90741496114	5.67700065578
550.0	92.0	2.32816504268	4.37630474735
550.0	242.0	10.2090310726	9.79292756164
550.0	243.0	11.5505356814	10.0072440618
550.0	245.0	9.31792179845	5.53141817796
550.0	350.0	9.16933343106	9.34687239598
560.0	26.0	3.60589872321	4.44933464606
560.0	29.0	13.5341693396	7.6609795708
560.0	46.0	1.76432901399	12.3026740154
560.0	53.0	2.86800804887	13.5656616755
560.0	79.0	4.53236613579	5.69776405836
560.0	92.0	2.4664406197	4.45840371845
560.0	242.0	10.1044299131	9.95044302945
560.0	243.0	11.4783461488	10.2237085001
560.0	245.0	8.87278809159	5.43953415507
560.0	350.0	9.30950319407	9.12993063804
570.0	26.0	3.59200802598	4.44790268726
570.0	29.0	13.6145670115	7.6609795708
570.0	46.0	1.52818716099	12.4539843284
570.0	79.0	4.14889870605	5.6662609648
570.0	92.0	2.60450573162	4.54050268955
570.0	242.0	10.0029857303	10.1067651983
570.0	243.0	11.4084717324	10.4024646901
570.0	245.0	8.4335474078	5.3290346678
570.0	350.0	9.44988342219	8.9127502203
580.0	26.0	3.57790686363	4.44623206866
580.0	29.0	13.6951751484	7.6609795708
580.0	46.0	1.24048135613	12.5993281465
580.0	79.0	3.76185336945	5.61232385006
580.0	92.0	2.73225805316	4.62856815564
580.0	242.0	9.90133108233	10.2630873671
580.0	243.0	11.3407019671	10.5564002609
580.0	245.0	8.0006206773	5.19944239656
580.0	350.0	9.62983109092	8.72015176193
590.0	26.0	3.56380570129	4.44456145006
590.0	29.0	13.7448449143	7.6664687462
590.0	46.0	0.901422064526	12.7384668097
590.0	79.0	3.37480803285	5.55838673533
590.0	92.0	2.81896967832	4.74097692131
590.0	242.0	9.90890782628	10.3747801533
590.0	243.0	11.2727217367	10.7103358317
590.0	245.0	7.56769394681	5.06985012531
590.0	350.0	9.86934038567	8.56382959312
600.0	26.0	3.54991500405	4.44312949127
600.0	29.0	13.7486332863	7.68031101458
600.0	46.0	0.562362772919	12.8776054729
600.0	79.0	3.0153336256	5.47509446523
600.0	92.0	2.90568130349	4.85314702717
600.0	242.0	9.96320782456	10.4671414958
600.0	243.0	11.3223915025	10.8163007828
600.0	245.0	7.13476721631	4.94025785407
600.0	350.0	10.1088496804	8.40750742431
610.0	26.0	3.53581384171	4.44145887267
610.0	29.0	13.7524216583	7.69415328296
610.0	46.0	0.223303481313	13.016982796
610.0	79.0	2.67395921779	5.37175477195
610.0	92.0	2.99239292866	4.96555579284
610.0	242.0	10.0175078228	10.5595028383
610.0	243.0	11.4892903345	10.8738177945
610.0	245.0	6.66311490563	4.74264753991
610.0	350.0	10.3271019991	8.27147133847
620.0	26.0	3.52171267936	4.43978825407
620.0	29.0	13.7562100302	7.70775689155
620.0	46.0	0.0526162774064	13.1262889842
620.0	79.0	2.33279527509	5.26865373847
620.0	92.0	3.03869525277	5.1657913648
620.0	242.0	10.1265287496	10.651625521
620.0	243.0	11.6561891664	10.9313348063
620.0	245.0	6.19125212985	4.54527588554
620.0	350.0	10.5238868766	8.15595999541
630.0	26.0	3.40953477593	4.40828516051
630.0	29.0	13.7599984022	7.72159915993
630.0	46.0	-0.0993395317432	13.2322539353
630.0	79.0	1.99142086728	5.1653140452
630.0	92.0	3.07489525163	5.38798363833
630.0	242.0	10.2723810706	10.7432708841
630.0	243.0	11.8763356711	10.9750095496
630.0	245.0	5.72296726094	4.34002845779
630.0	350.0	10.7208822192	8.04044865235
640.0	26.0	3.19906966631	4.34671093218
640.0	29.0	13.7637867742	7.73544142831
640.0	79.0	1.71381738768	5.09371610528
640.0	92.0	3.11130571559	5.61017591186
640.0	242.0	10.4180229265	10.835154907
640.0	243.0	12.1318403141	11.009137901
640.0	245.0	5.28583122825	4.06461504892
640.0	350.0	10.8408473317	7.96049761944
650.0	26.0	2.98860455668	4.28513670385
650.0	29.0	13.7677856113	7.7492836967
650.0	79.0	1.4431592567	5.02545940257
650.0	92.0	3.12035571531	5.82258313361
650.0	242.0	10.7086752429	10.9034116097
650.0	243.0	12.3873449572	11.0430275925
650.0	245.0	4.84869519555	3.78920164005
650.0	350.0	10.8454775641	7.93376772187
660.0	26.0	2.82381037585	4.22642639313
660.0	29.0	13.7715739832	7.76288730528
660.0	79.0	1.17250112572	4.95720269985
660.0	92.0	3.12624873838	6.03403571616
660.0	242.0	10.9993275592	10.9714296526
660.0	243.0	12.5908647182	11.0363451181
660.0	245.0	4.38819753569	3.54004080915
660.0	350.0	10.8503182616	7.90679916451
670.0	26.0	2.72762782075	4.17177329899
670.0	29.0	13.7753623552	7.77672957366
670.0	79.0	0.912366250227	4.89204857453
670.0	92.0	3.13235222656	6.2454882987
670.0	242.0	11.3470159204	10.9392105797
670.0	243.0	12.7813356424	11.0191616126
670.0	245.0	3.90412778355	3.31737121602
670.0	350.0	10.854948494	7.88006926694
680.0	26.0	2.63144526565	4.11712020486
680.0	29.0	13.7791507272	7.79057184205
680.0	79.0	0.667595327732	4.8309516658
680.0	92.0	3.11256850625	6.45717954105
680.0	242.0	11.7008077696	10.8960131559
680.0	243.0	12.9715961016	11.0022167668
680.0	245.0	3.42005803141	3.09470162288
680.0	350.0	10.8597891916	7.85333936937
690.0	26.0	2.53526271055	4.06270577052
690.0	29.0	13.7829390992	7.80441411043
690.0	79.0	0.422824405238	4.76985475707
690.0	92.0	3.05405920578	6.66910944319
690.0	242.0	11.9956693882	10.8962518157
690.0	243.0	13.1620670258	10.985271921
690.0	245.0	2.90652316393	2.89852326752
690.0	350.0	10.864419424	7.826370812
700.0	26.0	2.52747550149	4.06628566752
700.0	29.0	13.7867274711	7.81801771901
700.0	79.0	0.178263947853	4.70875784835
700.0	92.0	2.9955499053	6.88127800514
700.0	242.0	12.2650647285	10.9153445997
700.0	243.0	13.3121286489	11.0203549116
700.0	245.0	2.36331271599	2.72907480972
700.0	350.0	10.8692601215	7.79964091444
710.0	26.0	2.5297906177	4.07630937911
710.0	29.0	13.7905158431	7.8318599874
710.0	79.0	-0.0665069746417	4.64766093962
710.0	92.0	2.93725106993	7.09344656708
710.0	242.0	12.5296193713	10.9337214043
710.0	243.0	13.4354612032	11.0900435731
710.0	245.0	1.82010226804	2.55986501173
710.0	350.0	10.8738903539	7.77291101687
720.0	26.0	2.5321057339	4.08633309069
720.0	29.0	13.7943042151	7.84570225578
720.0	92.0	2.87916269968	7.27912389126
720.0	242.0	12.7752321543	10.9497116109
720.0	243.0	13.5585832923	11.1599708944
720.0	245.0	1.28657321514	2.42955676108
720.0	350.0	10.8787310514	7.7459424595
730.0	26.0	2.534210385	4.09635680228
730.0	29.0	13.798092587	7.85954452416
730.0	92.0	2.82128479453	7.45811874105
730.0	242.0	13.0208449372	10.9657018174
730.0	243.0	13.6817053814	11.2298982157
730.0	245.0	0.767566254804	2.35795882117
730.0	350.0	10.8953577951	7.68102699398
740.0	26.0	2.53652550121	4.10638051387
740.0	29.0	13.801880959	7.87338679255
740.0	92.0	2.76340688938	7.63711359083
740.0	242.0	13.266247255	10.9814533642
740.0	243.0	13.8050379357	11.2995868772
740.0	245.0	0.248348829358	2.28636088125
740.0	350.0	10.9237705849	7.5776873007
750.0	26.0	2.5386301523	4.11640422546
750.0	29.0	13.805669331	7.88699040113
750.0	92.0	2.70552898424	7.81610844062
750.0	245.0	-0.270868596088	2.21476294134
750.0	350.0	10.9521833747	7.47458626723
760.0	26.0	2.54094526851	4.12666659685
760.0	29.0	13.809457703	7.90083266951
760.0	92.0	2.55209991932	7.9122883399
760.0	350.0	10.9805961645	7.37124657395
770.0	26.0	2.54304991961	4.13669030843
770.0	29.0	13.8132460749	7.9146749379
770.0	92.0	2.37488829701	7.98746617681
770.0	350.0	11.0873019751	7.25788316909
780.0	26.0	2.54536503581	4.14671402002
780.0	29.0	13.8170344469	7.92851720628
780.0	92.0	2.19767667471	8.06288267352
780.0	350.0	11.2135810408	7.14213316622
790.0	26.0	2.54746968691	4.15673773161
790.0	29.0	13.8208228189	7.94212081486
790.0	92.0	2.02046505241	8.13829917023
790.0	350.0	11.3398601066	7.02614450356
790.0	351.0	2.84927665411	9.1595244532
800.0	26.0	2.54978480311	4.1667614432
800.0	29.0	13.8246111909	7.95596308325
800.0	350.0	11.4493019636	6.89726821172
800.0	351.0	3.22685106078	8.98410950041
810.0	26.0	2.55188945421	4.17678515479
810.0	29.0	13.8283995628	7.96980535163
810.0	350.0	11.5193868451	6.73808212531
810.0	351.0	3.60442546745	8.80869454762
820.0	26.0	2.55420457042	4.18680886637
820.0	29.0	13.8321879348	7.98364762001
820.0	350.0	11.5896821917	6.5791346987
820.0	351.0	3.98221033922	8.63327959483
830.0	26.0	2.55630922151	4.19683257796
830.0	29.0	13.8359763068	7.9972512286
830.0	350.0	11.6597670733	6.41994861229
830.0	351.0	4.24444986582	8.45643268325
840.0	26.0	2.55862433772	4.20685628955
840.0	29.0	13.8397646788	8.01109349698
840.0	350.0	11.6618717244	6.30372128983
840.0	351.0	4.49385102072	8.27982443146
850.0	26.0	2.56072898881	4.21688000114
850.0	29.0	13.8437635158	8.02493576536
850.0	350.0	11.6349321903	6.20587077195
850.0	351.0	4.77608473273	8.09701102488
860.0	26.0	2.56304410502	4.22714237252
860.0	29.0	13.8475518878	8.03877803375
860.0	350.0	11.6079926563	6.10778159427
860.0	351.0	5.19006960337	7.89009297853
870.0	26.0	2.56514875612	4.23716608411
870.0	29.0	13.9005890954	8.09199916908
870.0	350.0	11.5810531223	6.00993107638
870.0	351.0	5.604054474	7.68317493218
880.0	26.0	2.56746387232	4.2471897957
880.0	29.0	13.9748832791	8.1621651502
880.0	350.0	11.6079926563	6.02329602517
880.0	351.0	5.97889283424	7.50871461858
890.0	26.0	2.77729758662	4.32475423061
890.0	29.0	14.0491774628	8.23233113132
890.0	350.0	11.6484019573	6.06482283032
890.0	351.0	6.19735561803	7.46265327724
900.0	26.0	3.01049292808	4.4101944389
900.0	29.0	14.1363100182	8.27552855506
900.0	350.0	11.6888112584	6.10611097567
900.0	351.0	6.41602886693	7.41683059569
910.0	26.0	3.25589524591	4.48823619341
910.0	29.0	14.2531181541	8.25571979169
910.0	350.0	11.7294310245	6.14739912102
910.0	351.0	6.62333699992	7.33401564519
920.0	26.0	3.61305453694	4.50279444119
920.0	29.0	14.370136755	8.23567236851
920.0	350.0	11.7698403256	6.18868726637
920.0	351.0	6.82327885406	7.22661873532
920.0	358.0	3.25273826926	13.7580214741
930.0	26.0	3.97021382798	4.51711402918
930.0	29.0	14.4869448909	8.21586360514
930.0	350.0	11.7372182336	6.25145479369
930.0	351.0	7.13771372784	7.10179966007
930.0	358.0	3.11867199443	13.6105297179
940.0	26.0	4.32737311901	4.53167227696
940.0	29.0	14.5288274477	8.20894247094
940.0	163.0	15.0465716173	1.28231910386
940.0	350.0	11.6557682362	6.3283032492
940.0	351.0	7.52854743641	6.96552491444
940.0	358.0	2.98481618471	13.4630379616
950.0	26.0	4.70515799079	4.58847330929
950.0	29.0	14.5387193078	8.20751051215
950.0	163.0	14.9009297615	1.65868560801
950.0	350.0	11.5743182387	6.40539036451
950.0	351.0	7.9195916101	6.829011509
950.0	358.0	2.85074990988	13.3155462054
960.0	26.0	5.08841495542	4.65577537281
960.0	29.0	14.5484007029	8.20607855335
960.0	163.0	14.7552879056	2.03505211216
960.0	350.0	11.5463263792	6.4149367565
960.0	351.0	8.3613578752	6.70252181515
960.0	358.0	2.71689410016	13.1680544492
970.0	26.0	5.47146145493	4.72307743633
970.0	29.0	14.5580820979	8.20488525435
970.0	163.0	14.7056181398	2.42191964749
970.0	350.0	11.5717926574	6.35694242517
970.0	351.0	8.81596251199	6.5784187193
970.0	358.0	2.58303829043	13.0203240332
980.0	26.0	5.85471841956	4.79037949985
980.0	29.0	14.567763493	8.20345329555
980.0	163.0	14.6971995354	2.81332171902
980.0	350.0	11.5972589357	6.29918675364
980.0	351.0	9.2118473832	6.47507902603
980.0	358.0	2.46391503839	12.8730709367
990.0	26.0	6.30974398657	4.84002073819
990.0	29.0	14.5776553531	8.20202133675
990.0	163.0	14.70603907	3.19016554277
990.0	350.0	11.6292496324	6.23140737052
990.0	351.0	9.47092993315	6.41994861229
990.0	358.0	2.47759527051	12.7277271187
1000.0	26.0	6.77276722775	4.88775269813
1000.0	29.0	14.5873367481	8.20058937795
1000.0	163.0	14.7839111605	3.50829905579
1000.0	350.0	11.6871275375	6.12401046065
1000.0	351.0	9.72096248338	6.36028366236
1000.0	358.0	2.49127550264	12.5826219605
1010.0	26.0	7.23579046893	4.93548465807
1010.0	29.0	14.5970181432	8.19915741916
1010.0	163.0	14.8619937162	3.82643256881
1010.0	350.0	11.7450054427	6.01661355078
1010.0	351.0	9.98656945173	6.30658520743
1010.0	358.0	2.50495573476	12.4372781425
1020.0	26.0	7.6988137101	4.98321661802
1020.0	29.0	14.6066995382	8.19796412016
1020.0	163.0	14.9497576669	4.15602175221
1020.0	350.0	11.8028833478	5.90921664091
1020.0	351.0	10.2759589775	6.26171716508
1020.0	358.0	2.51863596689	12.2919343244
1030.0	26.0	8.10437997635	4.97319290643
1030.0	29.0	14.6165913984	8.19653216136
1030.0	163.0	15.0474134778	4.497066606
1030.0	350.0	11.8725472991	5.77198725607
1030.0	351.0	10.6116508273	6.2433403605
1030.0	358.0	2.59124642971	12.1611487542
1040.0	26.0	8.5034218242	4.95672538025
1040.0	29.0	14.6262727934	8.19510020256
1040.0	163.0	15.1452797538	4.83787279999
1040.0	350.0	11.9895659	5.51566663118
1040.0	351.0	10.9589182582	6.23140737052
1040.0	358.0	2.72278712323	12.0449214317
1050.0	26.0	8.90267413716	4.94025785407
1050.0	29.0	14.6359541885	8.19366824376
1050.0	350.0	12.1063740359	5.25934600629
1050.0	351.0	11.3491205714	6.18367541058
1050.0	358.0	2.85432781674	11.9284554495
1060.0	26.0	9.17501598902	4.89109393533
1060.0	29.0	14.6456355835	8.19247494476
1060.0	350.0	12.1693031037	4.93238208068
1060.0	351.0	11.7500566053	6.12663571844
1060.0	358.0	2.98586851026	11.812228127
1070.0	26.0	9.44735784087	4.84193001659
1070.0	29.0	14.6555274437	8.19104298597
1070.0	350.0	12.1781426383	4.53453619456
1070.0	351.0	12.2000310097	6.00635117939
1070.0	358.0	3.11740920377	11.6957621448
1080.0	26.0	9.71969969273	4.79276609785
1080.0	29.0	14.6652088387	8.18961102717
1080.0	350.0	12.171828685	4.15100989642
1080.0	351.0	12.671051925	5.85862076337
1080.0	358.0	3.24894989729	11.5795348223
1090.0	26.0	10.073491542	4.81352950042
1090.0	29.0	14.6748902337	8.18817906837
1090.0	350.0	12.031658922	3.89659854992
1090.0	351.0	13.1410205148	5.77747643146
1090.0	358.0	3.38049059081	11.46306884
1100.0	26.0	10.4811624594	4.88059290414
1100.0	29.0	14.6845716288	8.18674710957
1100.0	350.0	11.8912786938	3.64194854363
1100.0	351.0	13.6105681744	5.74072282231
1100.0	358.0	3.51203128432	11.3468415176
1110.0	26.0	10.8890438418	4.94765630786
1110.0	29.0	14.7026716282	8.18006463518
1110.0	350.0	11.745636838	3.38896915593
1110.0	351.0	14.0801158339	5.70396921315
1110.0	358.0	3.68629639509	11.2184425453
1120.0	26.0	11.3192345259	5.04693878454
1120.0	29.0	14.732978604	8.1652677276
1120.0	350.0	11.5528507976	3.15030935622
1120.0	351.0	14.544822796	5.63428055164
1120.0	358.0	3.9028649929	11.0781105831
1130.0	26.0	11.7835205577	5.19443054076
1130.0	29.0	14.7632855798	8.15070947981
1130.0	350.0	11.359854292	2.9116495565
1130.0	351.0	15.0097402232	5.56483054992
1130.0	358.0	4.11964405581	10.9375399611
1140.0	26.0	12.2478065895	5.34168363719
1140.0	29.0	14.7938030207	8.13591257223
1140.0	350.0	11.2529380163	2.5801510947
1140.0	358.0	4.32695218879	10.8015038752
1150.0	26.0	12.7120926214	5.48917539341
1150.0	29.0	14.8241099965	8.12111566465
1150.0	350.0	11.1826426697	2.20903510615
1150.0	358.0	4.45028474303	10.7026987181
1160.0	26.0	13.1050309811	5.56864910671
1160.0	29.0	14.8544169723	8.10631875707
1160.0	350.0	11.1125577882	1.83768045779
1160.0	358.0	4.57361729727	10.6038935611
1170.0	26.0	13.4977588756	5.64836147982
1170.0	29.0	14.8849344132	8.09152184948
1170.0	350.0	11.2451508073	1.47515622203
1170.0	358.0	4.68179636362	10.5079523216
1180.0	26.0	13.8906972353	5.72783519312
1180.0	29.0	14.9152413889	8.0767249419
1180.0	350.0	11.3775333612	1.11287064606
1180.0	358.0	4.7293614784	10.4232280927
1190.0	26.0	14.283635595	5.80730890643
1190.0	29.0	14.9455483647	8.06192803432
1190.0	350.0	11.492236846	0.747005173103
1190.0	358.0	4.77692659317	10.3385038638
1200.0	26.0	14.6763634895	5.88702127953
1200.0	29.0	14.9760658056	8.04736978654
1200.0	350.0	11.5654787041	0.373502586552
1200.0	358.0	4.82596496371	10.2456652017
1210.0	26.0	15.0693018492	5.96649499284
1210.0	29.0	14.9897460377	8.04378988954
1210.0	350.0	11.6387205623	0.0
1210.0	358.0	4.88826263616	10.0776487027
1220.0	29.0	14.996059991	8.04522184834
1220.0	358.0	4.95056030861	9.9096322037
1230.0	29.0	15.0025844094	8.04689246694
1230.0	358.0	5.02569635275	9.73111467352
1240.0	29.0	15.0091088278	8.04832442574
1240.0	358.0	5.11977425675	9.53636827695
1250.0	29.0	15.0156332462	8.04975638453
1250.0	358.0	5.21406262586	9.34162188038
1260.0	29.0	15.0219471995	8.05118834333
1260.0	358.0	5.30814052987	9.14687548382
1270.0	29.0	15.0284716179	8.05262030213
1270.0	358.0	5.41947657286	8.93780949927
1280.0	29.0	15.0349960363	8.05405226093
1280.0	358.0	5.54217773177	8.71895846293
1290.0	29.0	15.0415204547	8.05572287953
1290.0	358.0	5.66508935579	8.50034608639
1300.0	29.0	15.047834408	8.05715483833
1300.0	358.0	5.7877905147	8.28149505006
1310.0	29.0	15.0543588264	8.05858679712
1310.0	358.0	5.93153818458	8.03710741515
1320.0	29.0	15.0608832448	8.06001875592
1320.0	358.0	6.07528585445	7.79248112044
1330.0	29.0	15.0674076632	8.06145071472
1330.0	358.0	6.21903352432	7.54809348554
1340.0	29.0	15.0739320816	8.06288267352
1340.0	358.0	6.3627811942	7.30346719083
1350.0	29.0	15.0802460349	8.06431463232
1350.0	169.0	4.44628590595	0.180904128183
1350.0	358.0	6.4917963064	7.05788625693
1360.0	29.0	15.0867704533	8.06598525092
1360.0	169.0	4.75167078002	0.304052584835
1360.0	358.0	6.61954862794	6.81182800342
1370.0	29.0	15.0932948717	8.06741720971
1370.0	169.0	5.05726611919	0.427201041487
1370.0	358.0	6.74709048438	6.56600840972
1380.0	29.0	15.0998192901	8.06884916851
1380.0	169.0	5.33486959879	0.530779394563
1380.0	358.0	6.86768699219	6.33426974419
1390.0	29.0	15.1061332434	8.07028112731
1390.0	169.0	5.57038005646	0.604525272674
1390.0	358.0	6.9838637327	6.11207747066
1400.0	29.0	15.1126576618	8.07171308611
1400.0	169.0	5.80589051413	0.678509810585
1400.0	175.0	13.9428925825	0.147014436623
1400.0	358.0	7.09983000811	5.88988519713
1410.0	29.0	15.1191820802	8.07314504491
1410.0	169.0	6.0414009718	0.752255688697
1410.0	175.0	13.7052774737	0.21622577854
1410.0	358.0	7.20843000467	5.62187024205
1420.0	29.0	15.1257064986	8.0748156635
1420.0	169.0	6.26112654625	0.81645517482
1420.0	175.0	13.4676623649	0.285675780257
1420.0	358.0	7.31366255949	5.3340465236
1430.0	29.0	15.1320204519	8.0762476223
1430.0	169.0	6.4175021227	0.84079847439
1430.0	175.0	13.2256274889	0.338896915593
1430.0	271.0	15.0644611517	5.31113518282
1430.0	358.0	7.4188951143	5.04622280514
1440.0	29.0	15.1385448703	8.0776795811
1440.0	169.0	6.57408816426	0.865380433761
1440.0	175.0	12.9730693573	0.354887122174
1440.0	176.0	6.46633002813	0.234363923319
1440.0	271.0	14.8297925544	5.01734496938
1440.0	358.0	7.56516836549	4.76460424148
1450.0	29.0	15.1450692887	8.0791115399
1450.0	169.0	6.73046374071	0.889723733332
1450.0	175.0	12.7205112258	0.370638668955
1450.0	176.0	6.64501490621	0.320997430615
1450.0	271.0	14.5949134921	4.72355475593
1450.0	358.0	7.80762417178	4.4968279462
1460.0	29.0	15.1515937071	8.0805434987
1460.0	169.0	6.8918904798	0.939842291272
1460.0	175.0	12.4441705368	0.414790731902
1460.0	176.0	6.82348931917	0.40786959771
1460.0	271.0	14.3358309421	4.45195990385
1460.0	358.0	8.04986951296	4.22929031072
1470.0	29.0	15.1581181254	8.0819754575
1470.0	169.0	7.0646823348	1.05010311874
1470.0	175.0	12.1122670589	0.52505155937
1470.0	176.0	6.98891489533	0.484002073819
1470.0	271.0	14.0607530439	4.19492329956
1470.0	358.0	8.29232531925	3.96175267524
1480.0	29.0	15.1644320787	8.08340741629
1480.0	169.0	7.23726372469	1.16036394621
1480.0	175.0	11.7803635811	0.635312386837
1480.0	176.0	7.10151372898	0.517175785979
1480.0	271.0	13.7854646805	3.93788669527
1480.0	358.0	8.57098112439	3.77225679427
1490.0	29.0	15.1709564971	8.08507803489
1490.0	169.0	7.4100555797	1.27038611387
1490.0	175.0	11.4655077771	0.681135068382
1490.0	176.0	7.21411256263	0.550588157939
1490.0	271.0	13.5749995708	3.60734287267
1490.0	358.0	8.84942646442	3.5827609133
1500.0	29.0	15.1774809155	8.08650999369
1500.0	169.0	7.5260218551	1.35057580658
1500.0	175.0	11.1578077868	0.69951187296
1500.0	176.0	7.32671139628	0.584000529899
1500.0	271.0	13.3645344612	3.27703770987
1500.0	358.0	9.12808226957	3.39326503233
1510.0	29.0	15.1840053339	8.08794195249
1510.0	169.0	7.5567497611	1.38542013734
1510.0	175.0	10.8429519828	0.701182491558
1510.0	176.0	7.43931022993	0.617174242059
1510.0	271.0	13.2045809779	2.9145134741
1510.0	358.0	9.46040667767	3.1651062638
1520.0	29.0	15.1903192872	8.08937391129
1520.0	169.0	7.58747766711	1.42026446809
1520.0	175.0	10.4622205995	0.553452075535
1520.0	176.0	7.52623232021	0.431496917882
1520.0	271.0	13.1203949341	2.50401861859
1520.0	358.0	9.82872061951	2.9116495565
1530.0	29.0	15.1968437056	8.09080587009
1530.0	169.0	7.61841603822	1.45534745865
1530.0	175.0	10.0812787511	0.405721659513
1530.0	176.0	7.61041836406	0.221476294134
1530.0	271.0	13.0362088902	2.09352376309
1530.0	358.0	10.1970345614	2.65795418941
1540.0	169.0	7.64914394423	1.49019178941
1540.0	175.0	9.80767410855	0.294267533047
1540.0	176.0	7.69460440791	0.0114556703862
1540.0	271.0	13.0515728432	1.62288663805
1540.0	358.0	10.559245015	2.37299438855
1550.0	169.0	7.67987185024	1.52503612017
1550.0	175.0	9.53406946604	0.18305206638
1550.0	271.0	13.0778809819	1.14556703862
1550.0	358.0	10.9126159341	2.04054128755
1560.0	169.0	7.71081022135	1.56011911073
1560.0	175.0	9.26046482352	0.071597939914
1560.0	271.0	13.2136309776	0.621947438053
1560.0	358.0	11.2659868531	1.70808818655
1570.0	113.0	0.291704641941	1.75916138369
1570.0	169.0	7.74153812736	1.59496344148
1570.0	271.0	13.4592437606	0.0517891765378
1570.0	358.0	11.5631635879	1.38709075593
1580.0	113.0	0.772617417435	1.89567478912
1580.0	169.0	7.80825556711	1.69138200057
1580.0	358.0	11.8230879983	1.07349177911
1590.0	113.0	1.25226740227	2.03266551416
1590.0	169.0	8.01872067673	2.03385881316
1590.0	358.0	12.0832228738	0.759892802288
1600.0	113.0	1.72581389893	2.17180417739
1600.0	169.0	8.22918578636	2.37633562575
1600.0	358.0	12.3431472842	0.446532485264
1610.0	113.0	2.19936039559	2.31094284063
1610.0	169.0	8.40702880399	2.88444233934
1610.0	358.0	12.6030716946	0.13293350844
1620.0	113.0	2.63081387032	2.44220573047
1620.0	169.0	8.58108344965	3.4111645173
1620.0	358.0	12.8632065701	-0.180665468383
1630.0	113.0	3.05174408957	2.57155934191
1630.0	169.0	8.75534856042	3.93788669527
1640.0	113.0	3.45583710005	2.69995831416
1640.0	169.0	8.85258344107	4.35100680858
1650.0	113.0	3.83467429738	2.82740264721
1650.0	169.0	8.94960785661	4.76412692188
1660.0	113.0	4.2135114947	2.95460832045
1660.0	169.0	8.98917529722	5.12856043604
1670.0	113.0	4.60329287773	3.05412945693
1670.0	169.0	8.94245204288	5.42020271129
1680.0	113.0	5.00970100442	3.11164646866
1680.0	169.0	8.89572878854	5.71184498654
1690.0	113.0	5.4161091311	3.16916348039
1690.0	169.0	8.96349855384	6.02210272617
1700.0	113.0	5.76674400374	3.2457732761
1700.0	169.0	9.08030668968	6.34047489899
1710.0	113.0	6.06139515722	3.34123719599
1710.0	169.0	9.24552180074	6.65860841201
1720.0	113.0	6.35604631069	3.43670111587
1720.0	169.0	9.41578807443	6.97674192502
1730.0	113.0	6.50905444539	3.61020679027
1730.0	169.0	9.55806248853	7.28604502545
1740.0	113.0	6.6622730452	3.78395112446
1740.0	169.0	9.69339155402	7.59272286808
1750.0	113.0	6.84243117904	4.01998566637
1750.0	169.0	9.82872061951	7.89963937052
1760.0	113.0	7.02953466149	4.27201041487
1760.0	169.0	9.93058573257	8.14593628382
1770.0	113.0	7.33197302402	4.51067021458
1770.0	169.0	10.0324508456	8.39247185692
1780.0	113.0	7.69123696616	4.69634753876
1780.0	169.0	10.1343159587	8.63876877023
1790.0	113.0	8.13573927768	4.80231248983
1790.0	169.0	10.1639915391	8.89294145692
1800.0	113.0	8.5406741486	4.79467537624
1800.0	169.0	10.1858799105	9.14806878282
1810.0	113.0	8.91951134593	4.71114444634
1810.0	169.0	10.2075578168	9.40319610871
1820.0	113.0	9.24110203344	4.62809083604
1820.0	169.0	10.2418636297	9.4974667296
1830.0	113.0	9.52438807099	4.54551454534
1830.0	169.0	10.2761694426	9.59197601028
1840.0	113.0	9.80767410855	4.46293825464
1840.0	169.0	10.3102647903	9.68624663117
1850.0	113.0	10.1280020054	4.46293825464
1850.0	169.0	10.3445706032	9.78051725206
1860.0	113.0	10.4481194371	4.46293825464
1860.0	169.0	10.4167601358	9.87359457395
1870.0	113.0	10.6284880361	4.48083773962
1870.0	169.0	10.5049450167	9.96595591643
1880.0	113.0	10.7486636137	4.50637433819
1880.0	169.0	10.5931298977	10.0583172589
1890.0	113.0	10.8690496564	4.53191093676
1900.0	113.0	10.9134577945	4.53644547295
1910.0	113.0	10.9494473283	4.53859341115
1910.0	196.0	14.1552518781	0.184006705579
1920.0	113.0	10.985436862	4.54074134935
1920.0	196.0	13.4135728318	0.286391759656
1930.0	113.0	11.0216368609	4.54288928755
1930.0	196.0	12.6721042506	0.388776813733
1940.0	113.0	11.0576263946	4.54503722574
1940.0	196.0	11.9611531102	0.509777332188
1950.0	113.0	11.0936159284	4.54718516394
1950.0	196.0	11.2708275507	0.643426820027
1950.0	282.0	15.059409989	5.38989291673
1960.0	113.0	11.1296054621	4.54933310214
1960.0	196.0	10.5779764098	0.783758782259
1960.0	282.0	15.0223681297	5.32306817281
1970.0	113.0	11.1655949959	4.55148104034
1970.0	196.0	9.86239503705	0.984233014018
1970.0	282.0	14.9855367356	5.25600476909
1980.0	113.0	11.2015845296	4.55362897853
1980.0	196.0	9.14681366433	1.18470724578
1980.0	282.0	14.9484948763	5.18894136537
1990.0	113.0	11.2377845285	4.55577691673
1990.0	196.0	8.45838229074	1.33912013619
1990.0	282.0	14.9116634821	5.12187796165
2000.0	113.0	11.2737740622	4.55792485493
2000.0	196.0	7.78805091658	1.46298457224
2000.0	282.0	14.8746216228	5.05505321773
2010.0	113.0	11.3036601078	4.58942794849
2010.0	196.0	7.11771954243	1.5866103485
2010.0	282.0	14.8377902286	4.98798981401
2020.0	113.0	11.3320728976	4.62809083604
2020.0	196.0	6.45517537732	1.70641756795
2020.0	282.0	14.8579948791	4.97772744262
2030.0	113.0	11.3604856874	4.6667537236
2030.0	196.0	5.79389400288	1.82574746781
2030.0	282.0	14.8779890645	4.96722641144
2040.0	113.0	11.3891089423	4.70541661115
2040.0	196.0	5.13345448888	1.93863355307
2040.0	282.0	14.8981937151	4.95696404005
2050.0	113.0	11.4175217321	4.7440794987
2050.0	196.0	4.48290683502	1.99280932761
2050.0	282.0	14.9183983656	4.94646300886
2060.0	113.0	11.4459345219	4.78298104606
2060.0	196.0	3.83235918117	2.04698510214
2060.0	282.0	14.938392551	4.93620063747
2070.0	113.0	11.4743473117	4.82164393361
2070.0	196.0	3.14813710978	2.0854093299
2070.0	282.0	14.9585972015	4.92569960629
2080.0	113.0	11.4966566133	4.83882743919
2080.0	196.0	2.4599162013	2.12216293905
2080.0	282.0	14.978801852	4.9154372349
2090.0	113.0	11.5097054501	4.82403053161
2090.0	196.0	1.77211622305	2.13839180543
2090.0	282.0	14.9987960375	4.90493620371
2100.0	113.0	11.5227542869	4.80923362403
2100.0	196.0	1.0845267099	2.10665005207
2100.0	282.0	15.019000688	4.89467383232
2110.0	113.0	11.5358031237	4.79443671644
2110.0	196.0	0.397147661863	2.07466963891
2110.0	282.0	15.0392053385	4.88417280114
2110.0	371.0	6.74014513576	11.4597276028
2120.0	113.0	11.5488519605	4.77963980886
2120.0	196.0	-0.290441851283	2.04292788555
2120.0	282.0	15.0591995239	4.87391042975
2120.0	371.0	6.55598816484	11.3602064664
2120.0	372.0	7.09456838037	11.8031590546
2130.0	113.0	11.5621112624	4.76460424148
2130.0	282.0	15.038153013	4.8333382638
2130.0	371.0	6.37183119391	11.2606853299
2130.0	372.0	6.90388699105	11.6988647222
2140.0	113.0	11.5751600992	4.7498073339
2140.0	123.0	0.0199941854144	3.82189803261
2140.0	282.0	14.9760658056	4.76293362288
2140.0	371.0	6.22450561717	11.1573456366
2140.0	372.0	6.71320560173	11.5943317299
2150.0	113.0	11.588208936	4.73501042631
2150.0	123.0	0.661070909334	4.02786143976
2150.0	282.0	14.9137681332	4.69229032217
2150.0	371.0	6.08644050526	11.0530513041
2150.0	372.0	6.5225242124	11.4900373974
2160.0	113.0	11.6012577728	4.72021351873
2160.0	123.0	1.30193716814	4.23406350672
2160.0	282.0	14.8516809258	4.62188568125
2160.0	371.0	5.94816492824	10.9485183119
2160.0	372.0	6.40529514634	11.3017348154
2170.0	113.0	11.6143066096	4.70541661115
2170.0	123.0	1.8060011057	4.4951573276
2170.0	282.0	14.7797018583	4.55028774134
2170.0	371.0	5.84398469897	10.8392121236
2170.0	372.0	6.29648468467	11.1043631611
2180.0	113.0	11.6273554464	4.69061970357
2180.0	123.0	2.25113481255	4.77963980886
2180.0	282.0	14.6201693052	4.46795011044
2180.0	371.0	5.76211377133	10.7263260383
2180.0	372.0	6.18767422299	10.9067528469
2190.0	113.0	11.6404042832	4.67582279599
2190.0	123.0	2.68132549663	5.06340631072
2190.0	282.0	14.460426287	4.38561247953
2190.0	371.0	5.68024284368	10.6136786129
2190.0	372.0	6.06749864539	10.7306219147
2200.0	113.0	11.6536635851	4.6607872286
2200.0	123.0	2.9759766501	5.34025167839
2200.0	282.0	14.3312007097	4.32045835421
2200.0	371.0	5.59837191604	10.5010311874
2200.0	372.0	5.94711260269	10.5544909825
2210.0	113.0	11.6667124219	4.64599032102
2210.0	123.0	3.27062780358	5.61709704606
2210.0	282.0	14.3244658262	4.32332227181
2210.0	371.0	5.48514168706	10.335878606
2210.0	372.0	5.82693702509	10.3783600503
2220.0	113.0	11.6797612587	4.63119341344
2220.0	123.0	3.56822546859	5.85456354677
2220.0	282.0	14.3175204776	4.32642484921
2220.0	371.0	5.37170099297	10.1704873648
2220.0	372.0	5.70655098239	10.2022291182
2230.0	113.0	11.6928100955	4.61639650586
2230.0	123.0	3.86771731959	6.06553880972
2230.0	282.0	14.310575129	4.3295274266
2230.0	371.0	5.25847076399	10.0053347834
2230.0	372.0	5.64425330994	10.0411337533
2240.0	113.0	11.7058589323	4.60159959828
2240.0	123.0	4.16720917059	6.27675273246
2240.0	282.0	14.3038402455	4.3323913442
2240.0	371.0	5.14671379078	9.83970488239
2240.0	372.0	5.59647773005	9.88385694533
2250.0	113.0	11.7189077691	4.58680269069
2250.0	123.0	4.59697892444	6.47555634563
2250.0	282.0	14.2968948969	4.33549392159
2250.0	371.0	5.05053123568	9.66906312559
2250.0	372.0	5.54870215017	9.72658013732
2260.0	113.0	11.9291624136	4.42355938769
2260.0	123.0	5.02653821319	6.67459861859
2260.0	282.0	14.2899495482	4.33859649899
2260.0	371.0	4.95434868058	9.4986600286
2260.0	372.0	5.50071610517	9.56906466951
2270.0	113.0	12.2238135671	4.19683257796
2270.0	123.0	5.46451610632	6.8256702718
2270.0	282.0	14.2830041996	4.34169907639
2270.0	371.0	4.85816612549	9.3282569316
2270.0	372.0	5.44999401375	9.39197909812
2280.0	113.0	12.557821696	3.85960628097
2280.0	123.0	5.9079660923	6.94500017166
2280.0	282.0	14.2762693161	4.34456299398
2280.0	371.0	4.78892310442	9.11680434905
2280.0	372.0	5.39464168992	9.18458373217
2290.0	113.0	12.9084565687	3.47512534363
2290.0	123.0	6.35162654339	7.06433007152
2290.0	127.0	0.10691627569	2.56559284692
2290.0	282.0	14.2693239675	4.34766557138
2290.0	285.0	15.0387844083	5.90348880571
2290.0	371.0	4.73778008278	8.87814454934
2290.0	372.0	5.33907890098	8.97742702602
2300.0	113.0	13.2222600471	2.9185706907
2300.0	123.0	6.80602071507	7.18700120857
2300.0	127.0	0.624449980259	2.62525779685
2300.0	282.0	14.2623786189	4.35076814878
2300.0	285.0	14.9047181335	5.88177076394
2300.0	371.0	4.68663706114	8.63948474963
2300.0	372.0	5.28372657715	8.77003166007
2310.0	113.0	13.5493228275	2.34149129499
2310.0	123.0	7.26315093318	7.31038832502
2310.0	127.0	1.14177321972	2.68492274678
2310.0	282.0	14.2554332703	4.35387072617
2310.0	285.0	14.7708623237	5.86029138196
2310.0	371.0	4.63528357439	8.40082494991
2310.0	372.0	5.28435797248	8.54402082974
2320.0	113.0	13.9468914196	1.75820674449
2320.0	123.0	7.72049161639	7.43377544147
2320.0	127.0	1.64310111085	2.69852635536
2320.0	282.0	14.2486983868	4.35673464377
2320.0	285.0	14.6367960489	5.83857334019
2320.0	371.0	4.61339520299	8.17171154219
2320.0	372.0	5.3220312271	8.30536103003
2330.0	113.0	14.333726291	1.15344281202
2330.0	123.0	8.05029044318	7.5784032801
2330.0	127.0	2.12001504926	2.64267996223
2330.0	282.0	14.2417530381	4.35983722117
2330.0	285.0	14.4770530307	5.81637797882
2330.0	371.0	4.59466380823	7.94355277366
2330.0	372.0	5.35991494683	8.06670123031
2340.0	113.0	14.7045658142	0.517175785979
2340.0	123.0	8.36598810761	7.72517905692
2340.0	127.0	2.59713945278	2.58707222889
2340.0	282.0	14.2348076895	4.36293979856
2340.0	285.0	14.2564855958	5.79370529784
2340.0	371.0	4.57593241348	7.71563266494
2340.0	372.0	5.39758820146	7.8280414306
2350.0	113.0	15.0754053374	-0.119329899857
2350.0	123.0	8.62570205289	7.89033163833
2350.0	127.0	3.08163013514	2.55365985693
2350.0	282.0	14.228072806	4.36580371616
2350.0	285.0	14.0232902543	5.77341921487
2350.0	371.0	4.55720101872	7.48747389641
2350.0	372.0	5.40895331738	7.5779259605
2360.0	123.0	8.75471716509	8.09820432388
2360.0	127.0	3.57727546831	2.55365985693
2360.0	282.0	14.2211274574	4.36890629355
2360.0	285.0	13.7397937517	5.76315684348
2360.0	371.0	4.57698473903	7.22017492073
2360.0	372.0	5.40895331738	7.32303729441
2370.0	123.0	8.88373227729	8.30607700943
2370.0	127.0	4.07292080147	2.55365985693
2370.0	282.0	14.2141821088	4.37200887095
2370.0	285.0	13.4560867839	5.75265581229
2370.0	371.0	4.65464636448	6.89344965492
2370.0	372.0	5.40895331738	7.06814862831
2380.0	123.0	8.97170669312	8.51442701458
2380.0	127.0	4.55783241405	2.5782418163
2380.0	282.0	14.2072367602	4.37511144835
2380.0	285.0	13.258460046	5.77461251387
2380.0	371.0	4.73209752482	6.56696304892
2380.0	372.0	5.40895331738	6.81325996222
2390.0	123.0	8.89593925365	8.72444763832
2390.0	127.0	5.01833007391	2.66034078741
2390.0	282.0	14.2005018767	4.37797536594
2390.0	285.0	13.0707251682	5.80038777224
2390.0	371.0	4.80975915027	6.24023778311
2390.0	372.0	5.42305447972	6.56051923432
2400.0	123.0	8.82017181419	8.93446826207
2400.0	127.0	5.47861726866	2.74243975851
2400.0	282.0	14.193556528	4.38107794334
2400.0	285.0	12.8865681973	5.81757127782
2400.0	371.0	4.92488356524	5.93069602288
2400.0	372.0	5.46977773406	6.31302902202
2410.0	123.0	8.68421135337	9.08744919369
2410.0	127.0	5.9363788821	2.81546965722
2410.0	282.0	14.1866111794	4.38418052074
2410.0	285.0	12.7360856439	5.76077024548
2410.0	371.0	5.06526379336	5.63237127324
2410.0	372.0	5.51650098839	6.06553880972
2420.0	123.0	8.52215321896	9.21584816593
2420.0	127.0	6.37056840326	2.80807120343
2420.0	282.0	14.1796658308	4.38728309813
2420.0	285.0	12.5858135556	5.70396921315
2420.0	371.0	5.20543355637	5.3340465236
2420.0	372.0	5.65835447228	5.82329911301
2430.0	123.0	8.3613578752	9.34639507638
2430.0	127.0	6.8045474593	2.80043408984
2430.0	282.0	14.1729309473	4.39014701573
2430.0	285.0	12.375348446	5.60015220028
2430.0	371.0	5.34581378449	5.03572177395
2430.0	372.0	5.86376841928	5.58463931329
2440.0	123.0	8.20877067072	9.494602812
2440.0	127.0	7.23873698046	2.79303563605
2440.0	282.0	14.1659855987	4.39324959313
2440.0	285.0	12.1648833364	5.4963351874
2440.0	371.0	5.63772889154	4.79706197424
2440.0	372.0	6.06918236627	5.34597951358
2450.0	123.0	8.05639393136	9.64257188782
2450.0	127.0	7.58200557426	2.77442017167
2450.0	282.0	14.1590402501	4.39635217052
2450.0	285.0	11.9032752051	5.39275683433
2450.0	371.0	5.92964399859	4.55840217453
2450.0	372.0	6.27438584816	5.10731971387
2460.0	123.0	7.89370440162	9.78887034505
2460.0	127.0	7.9151718428	2.75461140829
2460.0	282.0	14.1523053665	4.39921608812
2460.0	285.0	11.6195682373	5.28893982145
2460.0	371.0	6.22155910564	4.31974237481
2460.0	372.0	6.51452653824	4.89849238912
2470.0	123.0	7.69018464061	9.92753168868
2470.0	127.0	8.24854857644	2.73456398512
2470.0	282.0	14.1453600179	4.40231866551
2470.0	285.0	11.3005031311	5.20445425235
2470.0	371.0	6.49600560859	4.13167845264
2470.0	372.0	6.7891835063	4.71949753933
2480.0	123.0	7.48645441449	10.0659543725
2480.0	127.0	8.59602647244	2.74196243891
2480.0	282.0	14.1384146693	4.40542124291
2480.0	285.0	10.9288217475	5.14860785922
2480.0	371.0	6.76834746045	3.94910370586
2480.0	372.0	7.06405093947	4.54050268955
2490.0	123.0	7.2942997694	10.2038997367
2490.0	127.0	8.97717878597	2.81284439942
2490.0	282.0	14.1314693207	4.40852382031
2490.0	285.0	10.5569298988	5.09300012589
2490.0	371.0	7.0406893123	3.76652895908
2490.0	372.0	7.33870790753	4.36150783976
2500.0	123.0	7.20569395825	10.335878606
2500.0	127.0	9.3583310995	2.88396501974
2500.0	282.0	14.1247344372	4.4113877379
2500.0	285.0	10.1795659573	5.05004136194
2500.0	371.0	7.34965209323	3.60996813047
2500.0	372.0	7.64788115357	4.21688000114
2510.0	123.0	7.1170881471	10.4678574752
2510.0	127.0	9.73948341303	2.95484698025
2510.0	282.0	14.1177890886	4.4144903153
2510.0	285.0	9.7935729462	5.02617538197
2510.0	371.0	7.69544626835	3.47942122002
2510.0	372.0	7.9610532367	4.07607071931
2520.0	123.0	7.02848233594	10.5995976847
2520.0	127.0	10.1181101452	3.13837636623
2520.0	282.0	14.11084374	4.4175928927
2520.0	285.0	9.40779040026	5.00230940199
2520.0	371.0	8.04124044346	3.34863564978
2520.0	372.0	8.27401485471	3.93550009727
2530.0	123.0	6.95061024538	10.7217915021
2530.0	127.0	10.4952636217	3.39684492932
2530.0	282.0	14.1038983913	4.42069547009
2530.0	285.0	9.01106366862	4.96603311244
2530.0	371.0	8.38703461858	3.21785007954
2530.0	372.0	8.58697647272	3.79469081544
2540.0	123.0	6.89799396798	10.8213126386
2540.0	127.0	10.8357961691	3.65889338941
2540.0	282.0	14.0971635078	4.42355938769
2540.0	285.0	8.59834158864	4.9109026987
2540.0	371.0	8.70925670141	3.11665832446
2540.0	372.0	8.85531948749	3.69636297796
2550.0	123.0	6.84537769057	10.9205951153
2550.0	127.0	11.0300554653	3.93430679828
2550.0	282.0	14.0902181592	4.42666196509
2550.0	285.0	8.18540904356	4.85577228497
2550.0	371.0	8.97654739064	3.0844392515
2550.0	372.0	9.12345203716	3.59803514048
2560.0	123.0	6.79276141316	11.0201162518
2560.0	127.0	11.2243147614	4.20948154735
2560.0	282.0	14.0832728106	4.42976454248
2560.0	285.0	7.73690789494	4.8280877482
2560.0	371.0	9.24404854497	3.05222017854
2560.0	372.0	9.39179505193	3.4999459628
2570.0	123.0	6.78308001812	11.0568698609
2570.0	127.0	11.305975224	4.43596969727
2570.0	282.0	14.0765379271	4.43262846008
2570.0	285.0	7.27935674662	4.80732434563
2570.0	371.0	9.5113392342	3.02000110557
2570.0	372.0	9.65992760159	3.40161812532
2580.0	123.0	6.79170908762	11.0666549127
2580.0	127.0	11.3124996424	4.63000011444
2580.0	282.0	14.0695925785	4.43573103747
2580.0	285.0	6.79718118047	4.7483753751
2580.0	371.0	9.71549039053	2.90258048411
2580.0	372.0	9.92827061637	3.30329028783
2590.0	123.0	6.80054862222	11.0766786243
2590.0	127.0	11.3190240608	4.82379187181
2590.0	282.0	14.0626472298	4.43883361487
2590.0	285.0	6.2905916616	4.65124083662
2590.0	293.0	14.9720669685	7.64069348783
2590.0	371.0	9.87733805984	2.72812017052
2590.0	372.0	10.1498903768	3.25675162689
2600.0	123.0	6.80917769171	11.0864636761
2600.0	127.0	11.3106054564	5.01018517538
2600.0	282.0	14.0557018812	4.44193619227
2600.0	285.0	5.78379167762	4.55386763833
2600.0	293.0	14.834633252	7.65000122001
2600.0	371.0	10.0391857291	2.55365985693
2600.0	372.0	10.3662485095	3.21570214134
2610.0	123.0	6.81801722632	11.0964873877
2610.0	127.0	11.2798775504	5.18464548897
2610.0	282.0	14.0489669977	4.44480010986
2610.0	285.0	5.27846494941	4.46580217224
2610.0	293.0	14.6969890703	7.6590702924
2610.0	371.0	10.2608054896	2.46583305064
2610.0	372.0	10.5828171073	3.17489131559
2620.0	123.0	6.82664629581	11.1062724395
2620.0	127.0	11.2491496444	5.35934446237
2620.0	282.0	14.0420216491	4.44790268726
2620.0	285.0	4.77334868631	4.37988464434
2620.0	293.0	14.6479506997	7.64976256022
2620.0	371.0	10.4822147849	2.37776758455
2620.0	372.0	10.8147496581	3.09541760228
2620.0	388.0	3.4482603561	6.69583934076
2630.0	123.0	6.83548583042	11.1162961511
2630.0	127.0	11.2182112733	5.53404343576
2630.0	282.0	14.0350763005	4.45100526466
2630.0	285.0	4.28738474818	4.29659237424
2630.0	293.0	14.6210111657	7.63592029183
2630.0	371.0	10.7038345453	2.28994077825
2630.0	372.0	11.069833371	2.95794955765
2630.0	388.0	3.50761151702	6.50204758339
2640.0	123.0	6.84411489991	11.1260812028
2640.0	127.0	11.1588601123	5.73738158511
2640.0	282.0	14.0281309519	4.45410784205
2640.0	285.0	3.8460394133	4.21974391873
2640.0	293.0	14.5940716317	7.62207802345
2640.0	371.0	10.9176670967	2.17800933218
2640.0	372.0	11.3249170838	2.82048151301
2640.0	388.0	3.56675221282	6.30801716623
2650.0	123.0	6.85295443452	11.1361049144
2650.0	127.0	11.0325810466	6.00778313819
2650.0	282.0	14.0213960684	4.45697175965
2650.0	285.0	3.40469407841	4.14265680343
2650.0	293.0	14.5671320976	7.60823575507
2650.0	371.0	11.1009822072	1.97013664663
2650.0	372.0	11.5698984714	2.68540006638
2650.0	388.0	3.63368011768	6.11565736766
2660.0	123.0	6.86158350401	11.1458899662
2660.0	127.0	10.9063019808	6.27842335106
2660.0	282.0	14.0144507197	4.46007433704
2660.0	285.0	2.97429292923	4.04671556394
2660.0	293.0	14.5401925636	7.59439348668
2660.0	371.0	11.2842973177	1.76226396108
2660.0	372.0	11.7229066061	2.56965006351
2660.0	388.0	3.77048243894	5.93666251787
2670.0	123.0	6.87042303862	11.1559136778
2670.0	127.0	10.7259333818	6.50944603718
2670.0	282.0	14.0075053711	4.46317691444
2670.0	285.0	2.58703712752	3.87488050815
2670.0	293.0	14.5132530296	7.5805512183
2670.0	371.0	11.4581414982	1.57014282231
2670.0	372.0	11.8759147408	2.45390006065
2670.0	388.0	3.9072847602	5.75766766809
2680.0	123.0	6.87905210811	11.1656987296
2680.0	127.0	10.4188647869	6.64858470042
2680.0	282.0	14.0007704876	4.46604083204
2680.0	285.0	2.19978132581	3.70304545235
2680.0	293.0	14.4863134955	7.56670894991
2680.0	371.0	11.5467473094	1.51978560458
2680.0	372.0	12.0291333406	2.33815005779
2680.0	388.0	4.04408708145	5.5786728183
2690.0	123.0	6.88768117761	11.1754837814
2690.0	127.0	10.1120066571	6.78796202345
2690.0	282.0	13.993825139	4.46914340943
2690.0	285.0	1.80726389635	3.60280833647
2690.0	293.0	14.4593739615	7.55286668153
2690.0	371.0	11.6353531205	1.46966704664
2690.0	372.0	12.0863798505	2.2455500555
2690.0	388.0	4.18951847221	5.40063260772
2700.0	123.0	6.89652071221	11.185507493
2700.0	127.0	9.8918601524	7.03950945235
2700.0	282.0	13.9868797904	4.47224598683
2700.0	285.0	1.41264181581	3.53311967496
2700.0	293.0	14.431592567	7.54069503175
2700.0	371.0	11.7239589317	1.4193098289
2700.0	372.0	12.1198438029	2.15867788841
2700.0	388.0	4.41198009308	5.22999085092
2710.0	123.0	6.9051497817	11.1952925448
2710.0	127.0	9.68139504277	7.30394451043
2710.0	282.0	13.9799344418	4.47534856423
2710.0	285.0	1.02075578168	3.51307225178
2710.0	293.0	14.3996018704	7.53592183575
2710.0	298.0	14.873148367	6.12043056365
2710.0	371.0	11.7969903247	1.38088560114
2710.0	372.0	12.1533077553	2.07204438111
2710.0	388.0	4.63444171395	5.05958775393
2720.0	123.0	6.91398931631	11.2053162563
2720.0	127.0	9.46566830541	7.56217441372
2720.0	282.0	13.9731995583	4.47821248182
2720.0	285.0	0.63497323574	3.60853617167
2720.0	293.0	14.3678216388	7.53114863976
2720.0	298.0	14.4810518678	6.14214860543
2720.0	371.0	11.8338217189	1.36990725036
2720.0	372.0	12.1869821729	1.98517221402
2720.0	388.0	4.85690333483	4.88918465693
2730.0	123.0	6.9226183858	11.2151013081
2730.0	127.0	9.20258691838	7.76670586207
2730.0	282.0	13.9662542096	4.48131505922
2730.0	285.0	0.248980224687	3.70400009155
2730.0	293.0	14.3358309421	7.52613678396
2730.0	298.0	14.0988472287	6.1600480904
2730.0	371.0	11.870442648	1.35892889957
2730.0	372.0	12.2181310091	1.93648561487
2730.0	388.0	5.12671960537	4.73954496251
2740.0	123.0	6.93145792041	11.2251250197
2740.0	127.0	8.93950553134	7.97123731043
2740.0	282.0	13.959308861	4.48441763662
2740.0	285.0	-0.136802321257	3.79946401144
2740.0	293.0	14.3040507106	7.52136358797
2740.0	298.0	13.7402146819	6.16887850299
2740.0	371.0	11.9070635771	1.34818920858
2740.0	372.0	12.2461228687	1.94507736766
2740.0	388.0	5.42831610746	4.60422485607
2750.0	123.0	6.9400869899	11.2349100715
2750.0	127.0	8.6806334465	8.1621651502
2750.0	282.0	13.9523635124	4.48752021401
2750.0	293.0	14.2720600139	7.51659039198
2750.0	298.0	13.3815821351	6.17770891558
2750.0	371.0	11.9438949712	1.33721085779
2750.0	372.0	12.2741147283	1.95343046065
2750.0	388.0	5.72970214445	4.46866608983
2760.0	123.0	6.957555594	11.2301368755
2760.0	127.0	8.43207415204	8.32135123661
2760.0	293.0	14.2402797824	7.51181719598
2760.0	298.0	13.0193716814	6.18128881258
2760.0	371.0	11.9805159003	1.32623250701
2760.0	372.0	12.3018961227	1.96178355364
2760.0	388.0	6.03129864654	4.3333459834
2770.0	123.0	6.98828350001	11.2034069779
2770.0	127.0	8.18330439246	8.48029866322
2770.0	293.0	14.2082890857	7.50704399999
2770.0	298.0	12.6546356465	6.18128881258
2770.0	371.0	12.0171368294	1.31525415622
2770.0	372.0	12.3298879823	1.97037530643
2770.0	388.0	6.34889049696	4.25315629069
2780.0	123.0	7.01922187112	11.1764384206
2780.0	127.0	7.93453463288	8.63948474963
2780.0	293.0	14.1765088542	7.50203214419
2780.0	298.0	12.2896891464	6.18128881258
2780.0	371.0	12.0537577585	1.30427580543
2780.0	372.0	12.3578798419	1.97872839942
2780.0	388.0	6.66816606827	4.17893309298
2790.0	123.0	7.04994977713	11.149708523
2790.0	127.0	7.63588464232	8.70869609154
2790.0	293.0	14.1445181575	7.4972589482
2790.0	298.0	11.9687298542	6.19513108096
2790.0	371.0	12.0905891527	1.29329745465
2790.0	372.0	12.3858717015	1.98732015221
2790.0	388.0	6.98744163957	4.10494855507
2800.0	123.0	7.08067768313	11.1229786254
2800.0	127.0	7.33702418666	8.77814609326
2800.0	293.0	14.0702239738	7.51921564977
2800.0	298.0	11.6768147471	6.21828108153
2800.0	371.0	12.1272100817	1.28231910386
2800.0	372.0	12.4136530959	1.9956732452
2800.0	388.0	7.24652418952	4.04074906895
2810.0	123.0	7.11140558914	11.0960100681
2810.0	127.0	7.0383741961	8.84735743518
2810.0	293.0	13.8968007235	7.60346255907
2810.0	298.0	11.3848996401	6.24143108211
2810.0	371.0	12.1638310108	1.27157941287
2810.0	372.0	12.4416449555	2.00402633819
2810.0	388.0	7.50560673947	3.97654958283
2820.0	123.0	7.14213349514	11.0692801705
2820.0	127.0	6.68731839324	8.9103636223
2820.0	293.0	13.7235879382	7.68770946837
2820.0	298.0	11.1190822066	6.22830479312
2820.0	371.0	12.2760089142	1.28804693905
2820.0	372.0	12.4696368151	2.01261809098
2820.0	388.0	7.77815905643	3.86962999255
2830.0	123.0	7.17286140115	11.0425502729
2830.0	127.0	6.33036956732	8.97265383003
2830.0	293.0	13.5501646879	7.77195637767
2830.0	298.0	10.8795729119	6.17890221458
2830.0	371.0	12.5009961164	1.34556395078
2830.0	372.0	12.4976286747	2.02097118397
2830.0	388.0	8.07133695414	3.69922689556
2840.0	123.0	7.20358930715	11.0155817156
2840.0	127.0	6.00983120536	9.02348836737
2840.0	293.0	13.4943914339	7.85596462717
2840.0	298.0	10.6400636171	6.12949963604
2840.0	371.0	12.7259833186	1.40308096252
2840.0	372.0	12.5374065804	2.04101860715
2840.0	388.0	8.36451485185	3.52882379856
2850.0	123.0	7.28756488589	10.8983997539
2850.0	127.0	5.71307540078	9.06692445091
2850.0	293.0	13.4514565515	7.93997287667
2850.0	298.0	10.3946612993	5.98773571501
2850.0	371.0	12.9406577304	1.48828251101
2850.0	372.0	12.6841007618	2.163928404
2850.0	388.0	8.71620205003	3.34290781459
2860.0	123.0	7.42478813737	10.691004388
2860.0	127.0	5.42789517724	9.11919094705
2860.0	293.0	13.4085216691	8.02374246637
2860.0	298.0	10.1452601444	5.78439756565
2860.0	371.0	13.145229817	1.60092993648
2860.0	372.0	12.8307949432	2.28683820085
2860.0	388.0	9.10703575861	3.14696811902
2870.0	123.0	7.56685208637	10.483609022
2870.0	127.0	5.15934169736	9.18506105177
2870.0	293.0	13.3657972519	8.10775071587
2870.0	298.0	9.89585898948	5.5810594163
2870.0	371.0	13.3500123687	1.71381602174
2870.0	372.0	12.9774891246	2.40974799771
2870.0	388.0	9.49807993229	2.95078976366
2880.0	123.0	7.72827882545	10.2766909757
2880.0	127.0	4.89078821748	9.25093115649
2880.0	293.0	13.3228623695	8.19175896536
2880.0	298.0	9.53406946604	5.37772126694
2880.0	371.0	13.5545844552	1.82646344721
2880.0	372.0	13.1704856301	2.55103459914
2880.0	388.0	9.89754271036	2.74387171731
2890.0	123.0	7.88970556453	10.0697729293
2890.0	127.0	4.61886729584	9.23327033131
2890.0	293.0	13.2828739987	8.26359556508
2890.0	298.0	9.15986250112	5.17438311759
2890.0	371.0	13.8033542148	2.03051757596
2890.0	372.0	13.3750577167	2.69685573676
2890.0	388.0	10.2993206046	2.53408975336
2900.0	123.0	8.0858590467	9.86190024376
2900.0	127.0	4.34357893245	9.13231723604
2900.0	293.0	13.2456216743	8.32326051501
2900.0	298.0	8.78902297796	4.96412383404
2900.0	371.0	14.0569646719	2.2445954163
2900.0	372.0	13.5796298033	2.84267687439
2900.0	388.0	10.7010984989	2.32430778941
2910.0	123.0	8.42091950123	9.64973168181
2910.0	127.0	4.06850103417	9.03136414076
2910.0	293.0	13.208579815	8.38292546493
2910.0	298.0	8.4312322916	4.72546403433
2910.0	371.0	14.310575129	2.45891191645
2910.0	372.0	13.7882007269	3.00568151759
2910.0	388.0	11.08709151	2.06727118512
2920.0	123.0	8.75619042086	9.43756311987
2920.0	127.0	3.77258709004	9.0750388841
2920.0	293.0	13.1713274906	8.44259041486
2920.0	298.0	8.07344160524	4.48680423461
2920.0	371.0	14.5641855861	2.67298975679
2920.0	372.0	14.0117146733	3.23670420371
2920.0	388.0	11.4572996378	1.76274128068
2930.0	123.0	9.13418575775	9.20725641315
2930.0	127.0	3.4743580297	9.13470383403
2930.0	293.0	13.1342856313	8.50225536479
2930.0	298.0	7.72133347683	4.2464738163
2930.0	371.0	14.7512890685	2.90496708211
2930.0	372.0	14.2354390849	3.46796554964
2930.0	388.0	11.8275077656	1.45821137625
2940.0	123.0	9.555115977	8.95881156164
2940.0	127.0	3.19380803857	9.17957187638
2940.0	293.0	13.0970333069	8.56192031472
2940.0	298.0	7.39153465005	3.9999382432
2940.0	371.0	14.938392551	3.13694440743
2940.0	372.0	14.4589530313	3.69922689556
2940.0	388.0	12.2073972885	1.1632278638
2950.0	123.0	9.97983456822	8.71203732874
2950.0	127.0	2.93072665154	9.20940435134
2950.0	293.0	13.0599914476	8.62158526465
2950.0	298.0	7.06173582327	3.75340267009
2950.0	371.0	15.1254960335	3.36916039255
2950.0	372.0	14.6544751181	3.94934236566
2950.0	388.0	12.59423216	0.87468816595
2960.0	123.0	10.438227577	8.48173062202
2960.0	127.0	2.67522200845	9.23279301171
2960.0	293.0	13.0999798184	8.63614351243
2960.0	298.0	6.72688583385	3.4951727668
2960.0	371.0	15.3125995159	3.60113771788
2960.0	372.0	14.8497867398	4.19921917596
2960.0	388.0	12.9808565664	0.586148468096
2970.0	123.0	10.8968310509	8.25166257509
2970.0	127.0	2.48811852599	9.19961929955
2970.0	134.0	0.217831388462	0.880177341343
2970.0	293.0	13.1730112115	8.63113165664
2970.0	298.0	6.37119979858	3.19064286237
2970.0	372.0	15.0453088267	4.44933464606
2970.0	388.0	13.3674809728	0.297608770243
2980.0	123.0	11.3486996412	8.05071102373
2980.0	127.0	2.30101504354	9.16644558739
2980.0	134.0	0.66296509532	0.871108268954
2980.0	293.0	13.2460426045	8.62635846064
2980.0	298.0	6.01572422843	2.88611295793
2980.0	372.0	15.2406204484	4.69921145636
2980.0	388.0	13.7541053791	0.0088304125894
2990.0	123.0	11.7852042786	7.91825483489
2990.0	127.0	2.11391156108	9.13327187523
2990.0	134.0	1.10809880218	0.862039196565
2990.0	293.0	13.3190739975	8.62134660485
2990.0	298.0	5.65309284454	2.55270521774
2990.0	314.0	14.8874599945	8.28793886465
3000.0	123.0	12.221708916	7.78555998625
3000.0	127.0	1.92701854373	9.10033682287
3000.0	134.0	1.50166855718	0.918124249498
3000.0	293.0	13.3921053906	8.61657340885
3000.0	298.0	5.27425564722	2.15175675422
3000.0	314.0	14.590914655	8.2445027811
3010.0	123.0	12.6535833209	7.68484555077
3010.0	134.0	1.87313947567	1.0023711588
3010.0	293.0	13.4129414364	8.61705072845
3010.0	298.0	4.89541844989	1.7508082907
3010.0	314.0	14.2880553623	8.20225999655
3020.0	123.0	13.0823007492	7.60537183747
3020.0	134.0	2.24461039416	1.0866180681
3020.0	293.0	13.4207286455	8.61872134705
3020.0	298.0	4.52731497315	1.32384590901
3020.0	314.0	13.9597297912	8.1640744286
3030.0	123.0	13.5110181775	7.52565946436
3030.0	134.0	2.63081387032	1.20045879256
3030.0	293.0	13.4285158545	8.62063062545
3030.0	298.0	4.16173707774	0.890678372531
3030.0	314.0	13.6314042202	8.12588886064
3040.0	123.0	13.8454472367	7.48484863861
3040.0	134.0	3.05174408957	1.38351085894
3040.0	293.0	13.4365135287	8.62230124405
3040.0	298.0	3.79615918232	0.457272176251
3040.0	314.0	13.3727426005	8.08531669469
3050.0	123.0	14.1691425753	7.44809502946
3050.0	134.0	3.47267430882	1.56632426552
3050.0	293.0	13.4443007378	8.62421052245
3050.0	298.0	3.4305812869	0.0238659799713
3050.0	314.0	13.1439670263	8.04378988954
3060.0	123.0	14.4648460543	7.43353678167
3060.0	134.0	3.88097662149	1.73123818712
3060.0	293.0	13.4520879468	8.62588114104
3060.0	314.0	12.928240289	8.03806205435
3070.0	123.0	14.6950948843	7.47076771043
3070.0	134.0	4.25981381882	1.85414798397
3070.0	293.0	13.460085621	8.62779041944
3070.0	314.0	12.7316658766	8.08579401429
3080.0	123.0	14.9253437142	7.50799863919
3080.0	134.0	4.63865101615	1.97681912103
3080.0	293.0	13.46787283	8.62946103804
3080.0	314.0	12.5353019293	8.13352597423
3090.0	123.0	15.155382079	7.54546822774
3090.0	134.0	5.01748821347	2.09949025808
3090.0	293.0	13.4756600391	8.63137031644
3090.0	314.0	12.369665888	8.16741566579
3100.0	134.0	5.40053471299	2.25294850929
3100.0	293.0	13.4836577133	8.63304093503
3100.0	314.0	12.2501217058	8.18030329498
3110.0	134.0	5.78463353806	2.4140438741
3110.0	293.0	13.4914449223	8.63495021343
3110.0	314.0	12.1307879886	8.19319092416
3120.0	134.0	6.16873236312	2.57513923891
3120.0	293.0	13.4992321314	8.63662083203
3120.0	314.0	12.0112438063	8.20607855335
3130.0	134.0	6.55283118819	2.73623460371
3130.0	293.0	13.5072298055	8.63853011043
3130.0	314.0	11.828139161	8.2421161831
3140.0	134.0	6.92009280449	2.89255677253
3140.0	293.0	13.5150170146	8.64020072903
3140.0	314.0	11.6176740513	8.28793886465
3150.0	134.0	7.28314511859	3.04768564234
3150.0	293.0	13.5228042237	8.64187134762
3150.0	314.0	11.4112077788	8.33471618539
3160.0	134.0	7.6461974327	3.20281451215
3160.0	293.0	13.5308018978	8.64378062602
3160.0	314.0	11.2415729004	8.38841464033
3170.0	134.0	8.0092497468	3.35794338197
3170.0	293.0	13.5385891069	8.64545124462
3170.0	314.0	11.071727557	8.44235175506
3180.0	134.0	8.37167066557	3.49111555021
3180.0	293.0	13.5463763159	8.64736052302
3180.0	314.0	10.9020926786	8.4962888698
3190.0	134.0	8.73388111924	3.61879854306
3190.0	293.0	13.554163525	8.64903114162
3190.0	314.0	10.8909380278	8.59055949069
3200.0	134.0	9.09609157291	3.7464815359
3200.0	293.0	13.5621611992	8.65094042001
3200.0	314.0	10.8799938421	8.68459145177
3210.0	134.0	9.45830202657	3.87416452875
3210.0	293.0	13.5699484082	8.65261103861
3210.0	314.0	10.8688391913	8.77886207266
3220.0	134.0	9.77021131904	4.0016088618
3220.0	293.0	13.5777356173	8.65452031701
3220.0	314.0	10.8442147735	8.87814454934
3230.0	134.0	10.0322403805	4.12881453504
3230.0	293.0	13.5857332914	8.65619093561
3230.0	314.0	10.7652903573	8.9974744492
3240.0	134.0	10.2940589769	4.25602020829
3240.0	293.0	13.5935205005	8.658100214
3240.0	314.0	10.6863659412	9.11680434905
3250.0	134.0	10.5560880384	4.38346454134
3250.0	293.0	13.6013077095	8.6597708326
3250.0	314.0	10.6074415251	9.23613424891
3260.0	134.0	10.8179066348	4.51067021458
3260.0	293.0	13.6093053837	8.661680111
3260.0	314.0	10.5565089686	9.22897445492
3270.0	134.0	11.1035077885	4.53620681315
3270.0	293.0	13.6170925928	8.6633507296
3270.0	314.0	10.505365947	9.22157600113
3280.0	134.0	11.3891089423	4.56174341172
3280.0	314.0	10.4544333904	9.21441620714
3290.0	134.0	11.6460868411	4.58751867009
3290.0	314.0	10.4032903688	9.20725641315
3300.0	134.0	11.7883612552	4.61329392846
3300.0	212.0	14.8167437176	0.39140207153
3300.0	314.0	10.3523578123	9.19985795935
3310.0	134.0	11.9304252042	4.63906918683
3310.0	212.0	14.4799995422	0.744618575106
3310.0	314.0	10.3012147906	9.19269816536
3320.0	134.0	12.0726996183	4.6648444452
3320.0	212.0	14.1432553668	1.09783507868
3320.0	314.0	10.1705159575	9.19747136136
3330.0	134.0	12.1932961262	4.70446197195
3330.0	212.0	13.8199809585	1.38756807553
3330.0	314.0	9.91985201198	9.22014404233
3340.0	134.0	12.2920042626	4.75816042689
3340.0	212.0	13.4969170152	1.67753973219
3340.0	314.0	9.67002992685	9.2437713625
3350.0	134.0	12.390712399	4.81162022202
3350.0	212.0	13.1599623747	1.95701035765
3350.0	314.0	9.42210202772	9.26930796107
3360.0	134.0	12.4896310005	4.86531867696
3360.0	212.0	12.7680763405	2.19567015736
3360.0	314.0	9.17396366347	9.29484455964
3370.0	134.0	12.5883391369	4.91877847209
3370.0	212.0	12.3759798413	2.43432995708
3370.0	314.0	8.96707646071	9.33303012759
3380.0	134.0	12.8152205251	4.96483981344
3380.0	212.0	11.977990319	2.64721449842
3380.0	314.0	8.80122995432	9.38362600513
3390.0	134.0	13.1271298176	5.00612795879
3390.0	212.0	11.5654787041	2.79995677024
3390.0	314.0	8.63538344794	9.43422188267
3400.0	134.0	13.4392495751	5.04717744434
3400.0	212.0	11.1529670893	2.95269904205
3400.0	314.0	8.48490089455	9.47479404862
3410.0	134.0	13.7564204953	5.04813208354
3410.0	212.0	10.7057287313	3.06272120972
3410.0	218.0	14.7973809276	0.432451557081
3410.0	314.0	8.39566368807	9.47479404862
3420.0	134.0	14.0756960666	5.03166455736
3420.0	143.0	0.340743012484	0.335078358798
3420.0	212.0	10.2496508388	3.1622423462
3420.0	218.0	14.5058867507	1.01072425179
3420.0	314.0	8.30642648159	9.47479404862
3430.0	134.0	14.3951821031	5.01519703118
3430.0	143.0	0.823970904184	0.396891246923
3430.0	212.0	9.78957410912	3.22190729613
3430.0	218.0	14.2143925739	1.58899694649
3430.0	314.0	8.21697881	9.47479404862
3440.0	134.0	14.6694181409	5.05266661973
3440.0	143.0	1.30719879588	0.458704135049
3440.0	144.0	0.0420930219251	2.31500005722
3440.0	212.0	9.32360435641	3.22190729613
3440.0	218.0	13.8854356075	2.03147221516
3440.0	314.0	8.12205904556	9.52682188496
3450.0	134.0	14.9324995279	5.10397847667
3450.0	143.0	1.82809994221	0.523380940772
3450.0	144.0	0.491646496085	2.28254232446
3450.0	212.0	8.8576346037	3.22190729613
3450.0	218.0	13.552269339	2.45915057625
3450.0	314.0	8.02629742068	9.58481621629
3460.0	134.0	15.195580915	5.15505167381
3460.0	143.0	2.36520690197	0.589251045493
3460.0	144.0	0.941410435355	2.2498459319
3460.0	212.0	8.38956019989	3.18897224377
3460.0	218.0	13.22773214	2.85198460658
3460.0	314.0	7.93074626091	9.64257188782
3470.0	143.0	2.90231386174	0.655121150213
3470.0	144.0	1.37349530542	2.20640984835
3470.0	212.0	7.92001254032	3.13384183004
3470.0	218.0	12.9120344755	3.20997430615
3470.0	314.0	7.85266370524	9.70247549755
3480.0	143.0	3.39774872979	0.731969605721
3480.0	144.0	1.80116040818	2.16034850701
3480.0	212.0	7.45046488074	3.0787114163
3480.0	218.0	12.6087542526	3.55603101573
3480.0	314.0	7.78657766082	9.76381106608
3490.0	143.0	3.88308127259	0.811443319026
3490.0	144.0	2.22882551093	2.11404850586
3490.0	212.0	6.93840326902	3.02310368297
3490.0	218.0	12.4180728632	3.79469081544
3490.0	314.0	7.72049161639	9.8253852944
3500.0	143.0	4.36841381539	0.89091703233
3500.0	144.0	2.65186038128	2.09495572188
3500.0	212.0	6.4261311922	2.96725728984
3500.0	218.0	12.2273914739	4.03335061516
3500.0	314.0	7.63988347941	9.88481158453
3510.0	143.0	4.84196031204	0.960605693847
3510.0	144.0	3.07279060053	2.08755726809
3510.0	212.0	5.91406958048	2.9116495565
3510.0	218.0	12.0367100846	4.27201041487
3510.0	314.0	7.42941836978	9.92824766808
3520.0	143.0	5.26941494969	0.990438168811
3520.0	144.0	3.49372081978	2.0801588143
3520.0	212.0	5.48556261728	2.88611295793
3520.0	218.0	11.8079345104	4.54145732875
3520.0	314.0	7.21895326016	9.97168375163
3530.0	143.0	5.69708005245	1.02027064377
3530.0	144.0	3.87255801711	2.09233046409
3530.0	212.0	5.05726611919	2.86057635937
3530.0	218.0	11.574739169	4.81400682002
3530.0	314.0	7.1587602388	10.1389842712
3540.0	143.0	6.1245346901	1.05010311874
3540.0	144.0	4.20930219251	2.12407221745
3540.0	212.0	4.65127892272	2.84434749298
3540.0	218.0	11.3402810368	5.09180682689
3540.0	314.0	7.11519396111	10.3198883994
