0.0	8.0	7.02953466149	4.5822681545
10.0	1.0	12.419546119	7.19678626036
10.0	8.0	7.53465092459	4.52761506036
20.0	1.0	12.0640705488	7.11444862946
20.0	8.0	8.0397671877	4.47320062603
30.0	1.0	11.7031228858	7.03640687495
30.0	8.0	8.5448834508	4.41854753189
40.0	1.0	11.2937682476	6.9967893482
40.0	8.0	9.01842994745	4.39730680972
50.0	1.0	10.8846240745	6.95693316165
50.0	8.0	9.46040667767	4.40923979971
60.0	1.0	10.4752694363	6.91707697509
60.0	8.0	9.90238340788	4.42117278969
70.0	1.0	10.0602322401	6.88366460314
70.0	8.0	10.3443601381	4.43310577968
80.0	1.0	9.63930202085	6.85645738597
80.0	8.0	10.762764776	4.43907227467
90.0	1.0	9.2183718016	6.829011509
90.0	8.0	11.1573868566	4.43907227467
100.0	1.0	8.79744158235	6.80180429183
100.0	8.0	11.5520089371	4.43907227467
110.0	1.0	8.34788810819	6.80180429183
110.0	8.0	11.9466310177	4.43907227467
110.0	11.0	15.063198361	5.37485734935
120.0	1.0	7.89812416892	6.80180429183
120.0	8.0	12.3496717026	4.43907227467
120.0	11.0	14.5801809344	5.42378260829
130.0	1.0	7.44857069476	6.80180429183
130.0	8.0	12.7611309919	4.43907227467
130.0	11.0	14.0973739729	5.47294652703
140.0	1.0	6.9990172206	6.80180429183
140.0	8.0	13.1728007464	4.43907227467
140.0	11.0	13.6145670115	5.52211044577
150.0	1.0	6.53746723519	6.79440583804
150.0	8.0	13.5842600357	4.43907227467
150.0	11.0	13.0921926094	5.4951418884
160.0	1.0	6.06791957561	6.78223418826
160.0	8.0	13.9959297901	4.43907227467
160.0	11.0	12.5529809985	5.43547693847
170.0	1.0	5.59837191604	6.77006253847
170.0	8.0	14.4673716357	4.45816505865
170.0	11.0	12.0135589225	5.37581198855
170.0	13.0	-0.126279065775	4.50852227639
180.0	1.0	5.12882425646	6.75765222889
180.0	8.0	14.9388134812	4.47725784262
180.0	11.0	11.4949728924	5.38392642174
180.0	13.0	0.435031381596	4.51568207038
190.0	1.0	4.64812194608	6.71135222774
190.0	8.0	15.4102553268	4.4963506266
190.0	11.0	10.997012443	5.45958157824
190.0	13.0	0.996131363858	4.52308052417
200.0	1.0	4.16236847306	6.65001665922
200.0	11.0	10.4990519937	5.53523673475
200.0	13.0	1.55744181123	4.53024031816
210.0	1.0	3.67661500005	6.58891975049
210.0	11.0	10.0013020094	5.61089189126
210.0	13.0	2.12380342123	4.56484598912
220.0	1.0	3.19107199214	6.52758418196
220.0	11.0	9.51407528062	5.72664189412
220.0	13.0	2.69774177518	4.64073980543
230.0	1.0	2.70531851913	6.4958424286
230.0	11.0	9.04305436528	5.90277282631
230.0	13.0	3.27168012913	4.71687228154
240.0	1.0	2.21956504611	6.47126046923
240.0	11.0	8.57203344994	6.0789037585
240.0	13.0	3.84582894819	4.79276609785
250.0	1.0	1.7338115731	6.44691716966
250.0	11.0	8.10080206949	6.25527335049
250.0	13.0	4.41976730214	4.86865991415
260.0	1.0	1.24826856519	6.42233521029
260.0	11.0	7.63988347941	6.4115955193
260.0	13.0	4.9918114701	4.93596197767
270.0	1.0	0.78692904489	6.37388727095
270.0	11.0	7.21895326016	6.48939861401
270.0	13.0	5.56385563806	5.00326404119
280.0	1.0	0.328536036125	6.32281407381
280.0	11.0	6.7980230409	6.56696304892
280.0	13.0	6.13589980602	5.07056610471
290.0	1.0	-0.130067437749	6.27174087667
290.0	11.0	6.37709282165	6.64476614362
290.0	13.0	6.71383699705	5.13357229184
300.0	11.0	5.9561626024	6.72233057853
300.0	13.0	7.34523232593	5.15672229241
310.0	11.0	5.49734866342	6.75693624949
310.0	13.0	7.97662765481	5.18011095278
320.0	11.0	5.03432542224	6.78676872445
320.0	13.0	8.60802298368	5.20326095335
320.0	15.0	0.151113948711	4.30375216823
330.0	11.0	4.57130218107	6.81660119942
330.0	13.0	9.23941831256	5.22664961372
330.0	15.0	0.514166262815	4.2500537133
340.0	11.0	4.10827893989	6.84643367438
340.0	13.0	9.87081364144	5.27294961487
340.0	15.0	0.877218576919	4.19635525836
350.0	11.0	3.65472662865	6.9139743977
350.0	13.0	10.5022089703	5.31948827581
350.0	15.0	1.24027089102	4.14265680343
360.0	11.0	3.20222664295	6.98557233761
360.0	13.0	11.1336042992	5.36578827696
360.0	15.0	1.6026918098	4.10017535908
370.0	11.0	2.74972665726	7.05717027753
370.0	13.0	11.7490042797	5.37557332875
370.0	15.0	1.96427086814	4.0846624721
380.0	11.0	2.29722667156	7.12876821744
380.0	13.0	12.3402007727	5.329989307
380.0	15.0	2.32563946136	4.06914958511
390.0	11.0	1.84241156966	7.25191667409
390.0	13.0	12.9316077307	5.28464394505
390.0	15.0	2.68700805459	4.05363669813
400.0	11.0	1.38738600265	7.38103162574
400.0	13.0	13.5228042237	5.23905992331
400.0	15.0	3.04858711293	4.03812381115
410.0	11.0	0.932360435641	7.51014657738
410.0	13.0	14.1038983913	5.20493157195
410.0	15.0	3.42342547317	4.02619082117
420.0	11.0	0.507852309526	7.6650367874
420.0	13.0	14.6437413975	5.21519394334
420.0	15.0	3.80394639137	4.01616710958
430.0	11.0	0.205834877214	7.92445998969
430.0	13.0	15.1835844037	5.22569497453
430.0	15.0	4.18467777468	4.00590473819
440.0	11.0	-0.0961825550989	8.18388319197
440.0	15.0	4.56519869289	3.9958810266
450.0	15.0	4.9459300762	3.98561865521
460.0	15.0	5.29530215818	3.98561865521
470.0	15.0	5.64446377505	3.98561865521
480.0	15.0	5.99383585703	3.98561865521
490.0	15.0	6.34299747389	3.98561865521
500.0	15.0	6.69889397427	4.00447277939
510.0	15.0	7.06952303232	4.06676298712
520.0	15.0	7.44036255548	4.12929185464
530.0	15.0	7.81120207864	4.19182072217
540.0	15.0	8.18877648531	4.2476671153
550.0	15.0	8.62738577377	4.24265525951
560.0	15.0	9.06578459712	4.23764340371
570.0	15.0	9.50418342047	4.23263154792
580.0	15.0	9.94279270893	4.22785835192
590.0	15.0	10.3801392067	4.22594907353
600.0	15.0	10.8147496581	4.23096092932
610.0	15.0	11.2493601095	4.23621144491
620.0	15.0	11.6839705609	4.24146196051
630.0	15.0	12.1185810122	4.2464738163
640.0	15.0	12.5201484414	4.34838155078
650.0	15.0	12.9074042431	4.49157743061
660.0	15.0	13.2912926031	4.63071609384
670.0	15.0	13.6610798007	4.75362589069
680.0	15.0	14.0310774634	4.87653568754
690.0	15.0	14.400864661	4.9994454844
700.0	15.0	14.671522792	5.11925270385
710.0	15.0	14.9310262722	5.23858260371
720.0	15.0	15.1907402174	5.35791250357
2980.0	61.0	15.028682083	5.4159068349
2990.0	61.0	14.4128611723	5.39824600972
3000.0	61.0	13.7972507266	5.38034652474
3010.0	61.0	13.1751158626	5.35648054477
3020.0	61.0	12.5437205337	5.32354549241
3030.0	61.0	11.9123252048	5.29037178025
3040.0	61.0	11.2809298759	5.25719806809
3050.0	61.0	10.6754217555	5.22116043833
3060.0	61.0	10.0764380535	5.18440682918
3070.0	61.0	9.47240318892	5.15815425121
3080.0	61.0	8.84795320866	5.17414445779
3090.0	61.0	8.2235032284	5.19013466437
3100.0	61.0	7.61189161983	5.21758054134
3110.0	61.0	7.05058117246	5.29084909985
3120.0	61.0	6.48927072508	5.36435631816
3130.0	61.0	5.92817074282	5.43786353647
3140.0	61.0	5.37296378363	5.4953805482
3150.0	61.0	4.83164752167	5.51566663118
3160.0	61.0	4.29054172483	5.53619137395
3170.0	61.0	3.74922546287	5.55671611673
3180.0	61.0	3.19717548032	5.52020116737
3190.0	61.0	2.64238945135	5.46960528983
3200.0	61.0	2.08739295727	5.41900941229
3210.0	61.0	1.5437615791	5.4147135359
3220.0	61.0	1.01149531686	5.45695632045
3230.0	61.0	0.479018589508	5.4989604452
3240.0	61.0	-0.0532476727353	5.54120322975
3990.0	74.0	0.198889528596	5.37795992674
4000.0	74.0	0.772196487216	5.41924807209
4010.0	74.0	1.34550344584	5.46029755764
4020.0	74.0	1.90555110255	5.49132333161
4030.0	74.0	2.43487085326	5.498005806
4040.0	74.0	2.96398013886	5.50492694019
4050.0	74.0	3.49308942445	5.51160941458
4060.0	74.0	4.05987196468	5.52211044577
4070.0	74.0	4.63633589994	5.53356611616
4080.0	74.0	5.2125893701	5.54478312674
4090.0	74.0	5.78884284025	5.55623879713
4100.0	74.0	6.38551142604	5.5786728183
4110.0	74.0	6.99586024395	5.60850529327
4120.0	74.0	7.60620906187	5.63833776823
4130.0	74.0	8.21655787978	5.66817024319
4140.0	74.0	8.78502414088	5.75504241029
4150.0	74.0	9.3254985424	5.87962282574
4160.0	74.0	9.86597294392	6.00444190099
4170.0	74.0	10.4064473454	6.12926097624
4180.0	74.0	10.9429229099	6.25718262889
4190.0	74.0	11.4629821958	6.39751459112
4200.0	74.0	11.9828310165	6.53784655335
4210.0	74.0	12.5028903024	6.67817851558
4220.0	74.0	13.0227391232	6.663381608
4230.0	74.0	13.5423774789	6.60992181286
4240.0	74.0	14.0620158345	6.55622335793
4250.0	74.0	14.5818646553	6.50276356279
4260.0	74.0	15.101503011	6.44906510786
4870.0	91.0	-0.183315110484	6.57340686351
4880.0	91.0	0.380310453093	6.60753521487
4890.0	91.0	0.94414648178	6.64166356623
4900.0	91.0	1.50777204536	6.67555325778
4910.0	91.0	2.07897435288	6.71970532073
4920.0	91.0	2.65186038128	6.76600532188
4930.0	91.0	3.22474640968	6.81230532302
4930.0	93.0	15.0903483602	9.09293836908
4940.0	91.0	3.79784290319	6.84810429298
4940.0	93.0	14.8798832505	9.06644713131
4950.0	91.0	4.37199172225	6.84094449899
4950.0	93.0	14.6694181409	9.03995589355
4960.0	91.0	4.9459300762	6.8335460452
4960.0	93.0	14.4467460549	8.98363218081
4970.0	91.0	5.51986843015	6.8263862512
4970.0	93.0	14.1952402489	8.85761980656
4980.0	91.0	6.1245346901	6.7481058369
4980.0	93.0	13.943944908	8.73160743232
4990.0	91.0	6.73256839181	6.6619496492
4990.0	93.0	13.692439102	8.60559505807
5000.0	91.0	7.34060209352	6.5757934615
5000.0	93.0	13.4836577133	8.40607546551
5010.0	91.0	7.93032533069	6.47030583003
5010.0	93.0	13.2927658588	8.17481411958
5020.0	91.0	8.47753461572	6.32042747581
5020.0	93.0	13.1020844695	7.94355277366
5020.0	94.0	14.7887518581	5.38965425693
5030.0	91.0	9.02474390074	6.17031046179
5030.0	93.0	12.8533147099	7.71372338654
5030.0	94.0	14.1853483888	5.38177848354
5040.0	91.0	9.57195318577	6.02043210757
5040.0	93.0	12.5464565801	7.48508729841
5040.0	94.0	13.5819449195	5.37390271015
5050.0	91.0	10.1326322378	5.79943313304
5050.0	93.0	12.237072869	7.26766822087
5050.0	94.0	13.0124263328	5.40230322631
5060.0	91.0	10.6966787316	5.56077333332
5060.0	93.0	11.9062217166	7.15406615621
5060.0	94.0	12.4767926288	5.46745735164
5070.0	91.0	11.2609356905	5.33714910099
5070.0	93.0	11.5755810294	7.04046409155
5070.0	94.0	11.9323193902	5.54693106494
5080.0	91.0	11.8258240447	5.14884651902
5080.0	93.0	11.2247356917	7.04046409155
5080.0	94.0	11.367431036	5.66005581
5090.0	91.0	12.4264914676	5.00493465979
5090.0	93.0	10.874100819	7.04046409155
5090.0	94.0	10.7758136128	5.71781148153
5100.0	91.0	13.0804065632	4.92832486408
5100.0	93.0	10.5232554813	7.04046409155
5100.0	94.0	10.144418284	5.69275220256
5110.0	91.0	13.7343216588	4.85171506837
5110.0	93.0	10.2351287462	7.03425893675
5110.0	94.0	9.51723225727	5.63237127324
5120.0	91.0	14.3615076855	4.88870733733
5120.0	93.0	9.97415201026	7.02542852416
5120.0	94.0	8.89425553277	5.53690735335
5130.0	91.0	14.9708041779	5.00183208239
5130.0	93.0	9.71296480922	7.01659811158
5130.0	94.0	8.27127880828	5.44144343347
5140.0	93.0	9.45177760817	7.00776769899
5140.0	94.0	7.66261371125	5.40278054591
5150.0	93.0	9.19080087224	6.9989372864
5150.0	94.0	7.05394861421	5.36411765836
5160.0	93.0	8.91382878797	7.00943831758
5160.0	94.0	6.44528351717	5.32545477081
5170.0	93.0	8.60065670485	7.06480739112
5170.0	94.0	5.83430330393	5.30087281144
5180.0	93.0	8.28748462172	7.12041512445
5180.0	94.0	5.21806146295	5.30922590443
5190.0	93.0	7.97410207349	7.17578419798
5190.0	94.0	4.60160915685	5.31781765722
5200.0	93.0	7.66092999037	7.23139193132
5200.0	94.0	4.02240917516	5.39084755593
5210.0	93.0	7.38564162698	7.21301512674
5210.0	94.0	3.48025105277	5.52831560056
5220.0	93.0	7.1105637287	7.19463832216
5220.0	94.0	2.93830339548	5.6655449854
5230.0	93.0	6.83527536531	7.17626151758
5230.0	94.0	2.39235690111	5.76769137967
5240.0	93.0	6.55998700192	7.15788471301
5240.0	94.0	1.83104645374	5.72783519312
5250.0	93.0	6.28490910364	7.13950790843
5250.0	94.0	1.26973600637	5.68797900657
5260.0	93.0	5.95784632328	7.10657285607
5260.0	94.0	0.677697652994	5.56554652932
5270.0	93.0	5.61773470612	7.06981924691
5270.0	94.0	0.0778720905614	5.42235064949
5280.0	93.0	5.27783355408	7.03306563776
5290.0	93.0	4.93793240203	6.9963120286
5300.0	93.0	4.611501017	6.9130197585
5310.0	93.0	4.28696381796	6.82423831301
5320.0	93.0	3.96221615381	6.73569552731
5330.0	93.0	3.62652430396	6.65311923661
5340.0	93.0	3.27441617555	6.5796120183
5350.0	93.0	2.92230804715	6.50634345979
5360.0	93.0	2.57019991875	6.43283624148
5370.0	93.0	2.21788132523	6.35932902316
5380.0	93.0	1.87061389435	6.28271922746
5390.0	93.0	1.54249878845	6.19393778196
5400.0	93.0	1.21417321743	6.10491767667
5410.0	93.0	0.886058111523	6.01589757138
5420.0	93.0	0.557943005617	5.92687746608
5430.0	93.0	0.229827899711	5.83785736079
5440.0	93.0	-0.0984976713047	5.7488372555
5630.0	103.0	14.3333053608	12.013656998
5640.0	103.0	14.2825832694	11.6186750294
5650.0	103.0	14.231861178	11.2236930609
5660.0	103.0	14.1678797847	10.8430306804
5670.0	103.0	14.0906390894	10.4771652074
5680.0	103.0	14.0133983942	10.1112997345
5690.0	103.0	13.895958863	9.76619766407
5700.0	103.0	13.7381100308	9.44233631586
5710.0	103.0	13.5802611986	9.11847496765
5720.0	103.0	13.4203077153	8.78554454705
5730.0	103.0	13.2593019064	8.44855690986
5740.0	103.0	13.0982960975	8.11156927266
5750.0	103.0	12.8756240116	7.80178885263
5760.0	103.0	12.5089937906	7.55549193933
5770.0	103.0	12.1425740347	7.30919502602
5780.0	103.0	11.8161426497	7.0810362575
5790.0	103.0	11.651558934	6.92519140829
5800.0	103.0	11.4867647531	6.76958521887
5810.0	103.0	11.7018600952	6.64667542202
5820.0	103.0	11.9754647377	6.52519758397
5830.0	103.0	12.3963949569	6.38367232274
5840.0	103.0	12.8173251762	6.2423857213
5850.0	103.0	13.2513042322	6.12973829584
5860.0	103.0	13.7050670086	6.06100427352
5870.0	103.0	14.1586193198	5.99203159141
5880.0	103.0	14.6123820962	5.92305890929
5890.0	103.0	15.0659344074	5.85408622717
