0.0	21.0	9.78662759759	1.52742271817
0.0	217.0	7.68197650133	4.70159805435
10.0	21.0	9.83166713105	1.56155106953
10.0	217.0	7.70765324471	4.71902021973
20.0	21.0	9.87691712962	1.59567942088
20.0	217.0	7.73332998808	4.73644238511
30.0	21.0	9.92195666308	1.62980777224
30.0	217.0	7.75900673145	4.75410321029
40.0	21.0	9.96699619654	1.6636974638
40.0	217.0	7.78468347483	4.77152537567
50.0	21.0	10.01203573	1.69782581516
50.0	217.0	7.8103602182	4.78894754105
60.0	21.0	10.0572857286	1.73195416652
60.0	217.0	7.83603696158	4.80636970643
70.0	21.0	10.102325262	1.76608251788
70.0	217.0	7.86171370495	4.82379187181
80.0	21.0	10.5485112944	1.64197942203
80.0	217.0	7.88739044833	4.84121403719
90.0	21.0	10.9946973268	1.51787632618
90.0	217.0	7.9130671917	4.85887486237
100.0	21.0	11.4360426617	1.46918972704
100.0	217.0	7.93874393507	4.87629702775
110.0	21.0	11.8725472991	1.4956809648
110.0	217.0	7.96421021334	4.89371919312
120.0	21.0	12.3090519364	1.52217220257
120.0	217.0	7.98988695671	4.9111413585
130.0	21.0	12.7783891309	1.55677787353
130.0	217.0	7.88844277387	4.96483981344
140.0	21.0	13.2561449298	1.59353148269
140.0	217.0	7.73227766253	5.03428981516
150.0	21.0	13.6688670097	1.61930674106
150.0	217.0	7.57611255119	5.10350115707
160.0	21.0	13.8227170049	1.60092993648
160.0	217.0	7.31155790839	5.165552705
170.0	21.0	13.976567	1.5825531319
170.0	217.0	6.97481373299	5.22283105693
180.0	21.0	14.1769297844	1.58947426609
180.0	29.0	14.7115111628	2.69685573676
180.0	217.0	6.65974746388	5.27533621287
190.0	21.0	14.408441405	1.61334024606
190.0	29.0	14.1765088542	2.83599439999
190.0	217.0	6.54083467694	5.28583724405
200.0	21.0	14.6399530256	1.63720622603
200.0	29.0	13.6417170106	2.97537172303
200.0	217.0	6.42192189	5.29609961544
210.0	21.0	14.8714646461	1.66107220601
210.0	29.0	13.1860600483	3.12429543805
210.0	217.0	6.40403235569	5.19299858196
220.0	29.0	12.7834402935	3.27990162746
220.0	217.0	6.41118816941	5.06125837252
230.0	29.0	12.4258600723	3.44147431187
230.0	73.0	12.1133193845	12.4625760812
230.0	217.0	6.41855444825	4.92951816308
240.0	29.0	12.1733019407	3.61641194506
240.0	73.0	11.9843042723	12.3549405116
240.0	217.0	6.43328700592	4.83691816079
250.0	29.0	11.8658124156	3.76199442288
250.0	73.0	11.8552891601	12.2470662821
250.0	217.0	6.44886142404	4.7483753751
260.0	29.0	11.5446426583	3.90017844692
260.0	73.0	11.7631054421	12.1000518455
260.0	217.0	6.46822421412	4.6677083628
270.0	29.0	11.2283135985	4.01306453218
270.0	73.0	11.7570019539	11.8613920458
270.0	217.0	6.50295095721	4.61711248526
280.0	29.0	10.9126159341	4.12332535965
280.0	73.0	11.7506880006	11.622732246
280.0	217.0	6.53746723519	4.56651660772
290.0	29.0	10.5758717587	4.21520938254
290.0	73.0	11.7445845124	11.3840724463
290.0	217.0	6.57219397828	4.51592073018
300.0	29.0	10.1900892127	4.26508928068
300.0	73.0	11.759106605	11.1368208938
300.0	217.0	6.60692072136	4.46556351244
310.0	29.0	9.80409620169	4.31473051902
310.0	73.0	11.7759438138	10.8886147021
310.0	217.0	6.64143699934	4.4149676349
320.0	29.0	9.37895668024	4.42713928468
320.0	73.0	11.786046139	10.624179644
320.0	217.0	6.67616374243	4.36437175736
320.0	315.0	7.56874627235	11.6814425568
330.0	29.0	8.94918692639	4.54646918454
330.0	73.0	11.786046139	10.3351626266
330.0	217.0	6.71089048552	4.31377587982
330.0	315.0	7.43909976482	11.5714203891
340.0	29.0	8.51626019589	4.70851918855
340.0	73.0	11.7950961387	10.0766940635
340.0	217.0	6.74561722861	4.26341866208
340.0	315.0	7.3096637224	11.4611595616
350.0	29.0	8.08038695385	4.9130506369
350.0	33.0	14.842420461	9.77455075706
350.0	73.0	11.8134066033	9.84829663518
350.0	217.0	6.93882419924	4.14456608182
350.0	315.0	7.17601837779	11.3182023416
360.0	29.0	7.64430324671	5.11758208526
360.0	33.0	14.4370646599	9.6595167336
360.0	73.0	11.8702321829	9.60414766007
360.0	217.0	7.20001140029	3.9963583462
360.0	315.0	7.03290210325	11.0986353259
370.0	29.0	7.22989744586	5.2469356967
370.0	33.0	14.0317088587	9.54472136994
370.0	73.0	12.0806972925	9.29579919884
370.0	217.0	7.46140906644	3.84815061058
370.0	315.0	6.8897858287	10.8790683101
380.0	29.0	6.82454164472	5.34430889498
380.0	33.0	13.6025705002	9.44352961486
380.0	73.0	12.2911624021	8.98745073761
380.0	217.0	7.88633812278	3.73001400972
380.0	315.0	6.65069746417	10.6783554186
390.0	29.0	6.41918584358	5.44144343347
390.0	33.0	13.1572263282	9.35188425177
390.0	73.0	12.5420368128	8.75022289669
390.0	217.0	8.3525183406	3.61903720285
390.0	315.0	6.38761607713	10.4821770632
400.0	29.0	5.95153236999	5.47676508382
400.0	33.0	12.7120926214	9.26000022888
400.0	73.0	12.8030135487	8.53065588096
400.0	217.0	8.81848809331	3.50829905579
400.0	315.0	6.1245346901	10.2862373676
410.0	29.0	5.4838788964	5.51208673418
410.0	33.0	12.3067368202	9.15403527781
410.0	36.0	14.7653902309	10.1855229322
410.0	73.0	13.0833530748	8.29891721544
410.0	217.0	9.12471482781	3.10687327267
410.0	315.0	5.8774486514	10.120130147
420.0	29.0	5.0465323986	5.52354240457
420.0	33.0	11.9013810191	9.04783166694
420.0	36.0	14.5157786109	10.4418435571
420.0	73.0	13.4085216691	8.03853937395
420.0	217.0	9.43073109721	2.70544748955
420.0	315.0	5.6303626127	9.95426158625
430.0	29.0	4.68011264274	5.47939034162
430.0	33.0	11.4848705672	8.95141310785
430.0	36.0	14.266377456	10.698164182
430.0	73.0	13.7418984028	7.79343575964
430.0	217.0	9.57216365088	2.17061087839
430.0	315.0	5.45420331595	9.78218787065
440.0	29.0	4.31369288688	5.43523827867
440.0	33.0	11.0422624416	8.87742856994
440.0	36.0	14.0169763011	10.9544848068
440.0	73.0	14.1483065295	7.68651616937
440.0	217.0	9.67234504306	1.60236189528
440.0	315.0	5.30856146008	9.60796621686
450.0	29.0	4.00031033865	5.4175774535
450.0	33.0	10.599443851	8.80320537223
450.0	36.0	13.761471658	11.167608008
450.0	73.0	14.5547146562	7.5795965791
450.0	217.0	9.73927294792	1.23983765951
450.0	315.0	5.15113355808	9.43302858367
460.0	29.0	3.72228592884	5.4175774535
460.0	33.0	10.1374729353	8.71800382373
460.0	36.0	13.5057565498	11.3807312091
460.0	73.0	14.9611227828	7.47243832903
460.0	217.0	9.79188922533	0.965378889841
460.0	315.0	4.88805217105	9.25403373389
470.0	29.0	3.44405105391	5.4175774535
470.0	33.0	9.64624736947	8.61561876966
470.0	36.0	13.2803484174	11.5852626575
470.0	217.0	9.83440317747	0.936262394276
470.0	315.0	4.62497078402	9.0750388841
480.0	29.0	3.22537780501	5.48320889842
480.0	33.0	9.14344622257	8.56788680971
480.0	36.0	13.1751158626	11.7556657545
480.0	217.0	9.87270782742	1.01215621058
480.0	315.0	4.29348823636	8.96764197423
490.0	29.0	3.02143711378	5.56530786952
490.0	33.0	8.61349507653	8.64736052302
490.0	36.0	13.0698833077	11.9260688515
490.0	217.0	9.91101247738	1.08805002689
490.0	315.0	3.93275103846	8.89103217852
500.0	29.0	2.81749642256	5.64716818082
500.0	33.0	8.08333346539	8.72707289612
500.0	36.0	12.9776995897	12.0516039061
500.0	217.0	9.94931712733	1.1639438432
500.0	315.0	3.57180337545	8.81418372302
510.0	29.0	2.58135456956	5.69800271816
510.0	33.0	7.55780208665	8.83781104319
510.0	36.0	12.9050891269	12.1091209179
510.0	217.0	9.97604619625	1.29640003204
510.0	315.0	3.29756733761	8.73733526751
520.0	29.0	2.32353481027	5.72783519312
520.0	33.0	7.03542768456	8.96955125263
520.0	36.0	12.8324786641	12.1666379296
520.0	217.0	9.97604619625	1.56059643033
520.0	315.0	3.0328022297	8.6602481522
530.0	29.0	2.06571505097	5.75766766809
530.0	33.0	6.51284281736	9.10105280227
530.0	36.0	12.7160914585	12.2239162815
530.0	217.0	9.97604619625	1.82479282861
530.0	315.0	2.76803712179	8.58339969669
540.0	29.0	1.80789529168	5.78750014305
540.0	33.0	6.01425097266	9.26095486808
540.0	36.0	12.5557170449	12.2807173139
540.0	217.0	9.84450550273	2.19567015736
540.0	315.0	2.52158247842	8.54664608754
550.0	29.0	1.4846208833	5.80301303003
550.0	33.0	5.52597191833	9.43278992387
550.0	36.0	12.3460937957	12.3231987582
550.0	217.0	9.5814241157	2.67298975679
550.0	315.0	2.27996853257	8.52015484977
560.0	29.0	1.11756973211	5.80921818483
560.0	33.0	5.08315332768	9.62753632044
560.0	36.0	12.062386828	12.3439621608
560.0	217.0	9.31834272867	3.15030935622
560.0	301.0	13.6486623592	11.7444487439
560.0	315.0	2.0290941219	8.48889041601
570.0	29.0	0.750729046034	5.81542333962
570.0	33.0	4.82217659174	9.9139280801
570.0	36.0	11.7824682322	12.3957513373
570.0	217.0	9.03316250513	3.60089905808
570.0	301.0	13.6135146859	11.5933770907
570.0	315.0	1.69529645803	8.4149058781
580.0	29.0	0.383677894847	5.82138983461
580.0	33.0	4.5611998558	10.2003198398
580.0	36.0	11.5370659143	12.7272497991
580.0	217.0	8.73851135165	4.04003308955
580.0	301.0	13.5785774777	11.4420667777
580.0	315.0	1.36149879417	8.34068268039
590.0	33.0	4.36904521072	10.6050868601
590.0	36.0	11.2914531314	13.0587482609
590.0	217.0	8.41186950151	4.42952588268
590.0	301.0	13.5392205022	11.2790621345
590.0	315.0	1.03822438578	8.26240226608
600.0	33.0	4.20635568098	11.0606884177
600.0	217.0	7.95726486472	4.62045372245
600.0	301.0	13.4901821317	11.0881342947
600.0	315.0	0.757674394652	8.16693834619
610.0	33.0	4.01209638479	11.4344296641
610.0	217.0	7.50266022793	4.81138156222
610.0	301.0	13.440933296	10.8972064549
610.0	315.0	0.477124403521	8.07147442631
620.0	33.0	3.78605685705	11.7260719393
620.0	217.0	7.0581579164	4.93691661687
620.0	301.0	13.3939995766	10.6967322232
620.0	315.0	0.196363947281	7.97601050642
630.0	33.0	3.56001732932	12.0179528744
630.0	217.0	6.61807537217	5.03452847496
630.0	301.0	13.3519065546	10.47406263
640.0	33.0	3.20854059624	12.2757054581
640.0	217.0	6.2447102677	5.11328620886
640.0	301.0	13.3098135327	10.2511543771
650.0	33.0	2.82591502694	12.5253436086
650.0	217.0	5.93764167276	5.17295115879
650.0	301.0	13.2468844649	10.0616584961
660.0	33.0	2.43613364392	12.7100662935
660.0	217.0	5.62720563606	5.25242487209
660.0	301.0	13.1349170266	9.94996570985
670.0	33.0	2.04151156337	12.8518302146
670.0	217.0	5.28519983292	5.51113209498
670.0	301.0	13.0231600534	9.83803426379
680.0	33.0	1.64688948282	12.9935941356
680.0	217.0	4.94319402977	5.76960065807
680.0	301.0	12.9038263363	9.72109096193
690.0	33.0	1.25226740227	13.1353580566
690.0	217.0	4.59319055247	6.02759190156
690.0	301.0	12.7158809934	9.55927961772
700.0	33.0	0.857645321724	13.2768833179
700.0	217.0	4.2396091683	6.28534448525
700.0	301.0	12.5279356505	9.39722961372
710.0	33.0	0.463023241176	13.4186472389
710.0	217.0	3.88455452836	6.500138305
710.0	301.0	12.325468215	9.25474971329
720.0	33.0	0.0684011606283	13.5604111599
720.0	217.0	3.52381733046	6.54261974934
720.0	301.0	12.0886949667	9.1578538346
730.0	217.0	3.16308013256	6.58533985349
730.0	301.0	11.8519217183	9.06095795592
740.0	217.0	2.83791153819	6.61397902946
740.0	301.0	11.6185159118	8.95905022144
750.0	46.0	14.7988541833	5.80635426723
750.0	217.0	2.56641154677	6.62161614305
750.0	301.0	11.415417081	8.81418372302
760.0	46.0	14.4088623352	5.87675890814
760.0	217.0	2.29470109025	6.62925325664
760.0	301.0	11.2125287153	8.66931722459
770.0	46.0	14.018870487	5.94692488926
770.0	217.0	2.01204644802	6.64190222603
770.0	275.0	15.195580915	8.3301816492
770.0	301.0	11.0050101172	8.52445072616
780.0	46.0	13.6288786389	6.01709087038
780.0	217.0	1.7032941322	6.665768206
780.0	275.0	14.9851158053	8.73113011272
780.0	301.0	10.7871787287	8.37958422774
790.0	46.0	13.327703067	6.13355685264
790.0	217.0	1.39475228149	6.68963418597
790.0	275.0	14.7746506957	9.13207857624
790.0	301.0	10.5691368752	8.23471772931
800.0	46.0	13.06462168	6.26983159827
800.0	217.0	1.05758717587	6.6614723296
800.0	275.0	14.5119902389	9.46238373904
800.0	301.0	10.3319426966	8.06359865292
810.0	46.0	12.801540293	6.40634500371
810.0	217.0	0.654125560716	6.51230995478
810.0	275.0	14.2360704802	9.77526673646
810.0	301.0	10.0758066582	7.86646565836
820.0	46.0	12.4812123961	6.41994861229
820.0	217.0	0.250874410674	6.36314757996
820.0	275.0	13.9603611866	10.0879110741
820.0	301.0	9.80388573658	7.70011977795
830.0	46.0	12.1547810111	6.41994861229
830.0	275.0	13.6892821254	10.3492435548
830.0	301.0	9.46903574716	7.65668369441
840.0	46.0	11.828139161	6.41994861229
840.0	275.0	13.4186239944	10.6050868601
840.0	301.0	9.13418575775	7.61324761086
850.0	46.0	11.563374053	6.40443572531
850.0	275.0	13.154911212	10.859020887
850.0	301.0	8.90625204402	7.59343884748
860.0	46.0	11.2986089451	6.38916149813
860.0	275.0	12.9524437766	11.0976806867
860.0	301.0	8.67810786519	7.57339142431
870.0	46.0	11.0338438372	6.37364861115
870.0	275.0	12.7501868062	11.3363404864
870.0	301.0	8.52636252115	7.59988266208
880.0	46.0	10.7290903585	6.32520067181
880.0	275.0	12.6377984377	11.5750002861
880.0	301.0	8.42533926853	7.65716101401
890.0	46.0	10.4199171125	6.27293417567
890.0	275.0	12.6156996012	11.8136600858
890.0	301.0	8.30726834203	7.71181410814
900.0	46.0	10.1109543315	6.22090633933
900.0	275.0	12.5936007647	12.0523198855
900.0	301.0	8.03534742039	7.7416465831
910.0	46.0	9.84892527004	6.20515479255
910.0	275.0	12.5715019282	12.2909796852
910.0	301.0	7.76363696387	7.77147905807
920.0	46.0	9.60731132419	6.20515479255
920.0	275.0	12.5576112309	12.5377539181
920.0	301.0	7.42941836978	7.81610844062
930.0	46.0	9.36569737834	6.20515479255
930.0	275.0	12.5472984405	12.788108048
930.0	301.0	7.06868117188	7.86718163775
940.0	46.0	9.09609157291	6.30944912502
940.0	275.0	12.5369856502	13.0384621779
940.0	301.0	6.70773350888	7.91849349469
950.0	46.0	8.82648576748	6.4139821173
950.0	93.0	0.393780220109	5.85933674276
950.0	275.0	12.5268833249	13.288577648
950.0	301.0	6.33668352061	7.98126102202
960.0	46.0	8.55666949694	6.51827644977
960.0	93.0	0.784824393794	5.92091097109
960.0	301.0	5.96416027657	8.04569916794
970.0	46.0	8.30074392363	6.67292799999
970.0	93.0	1.17565810237	5.98224653962
970.0	301.0	5.60216028801	8.09557906608
980.0	46.0	8.04818579208	6.83998985979
980.0	93.0	1.56649181094	6.04358210814
980.0	301.0	5.26394285684	8.11276257166
990.0	46.0	7.79562766053	7.00705171959
990.0	93.0	1.94553947338	6.13618211043
990.0	301.0	4.92572542568	8.12970741744
1000.0	46.0	7.57990092316	7.02566718396
1000.0	93.0	2.31974643829	6.2423857213
1000.0	301.0	4.59066497115	8.14736824262
1010.0	46.0	7.37364511573	7.00752903919
1010.0	93.0	2.69395340321	6.34835067238
1010.0	301.0	4.25876149327	8.1657450472
1020.0	46.0	7.16717884319	6.98915223461
1020.0	93.0	3.08415571645	6.46171407724
1020.0	301.0	3.92685801539	8.18412185177
1030.0	46.0	6.96071257065	6.97077543003
1030.0	93.0	3.61768476935	6.64070892703
1030.0	301.0	3.58422081692	8.14307236622
1040.0	46.0	6.7542462981	6.95239862545
1040.0	93.0	4.15142428736	6.81970377681
1040.0	301.0	3.2405312929	8.09534040628
1050.0	46.0	6.49874165502	6.94500017166
1050.0	93.0	4.68053357296	7.04738522574
1050.0	301.0	2.89663130378	8.04760844634
1060.0	46.0	6.21019398972	6.94500017166
1060.0	93.0	5.19933006819	7.38819141973
1060.0	301.0	2.62176387061	8.00226308439
1070.0	46.0	5.92185678953	6.94500017166
1070.0	93.0	5.71791609831	7.72923627352
1070.0	301.0	2.35426271627	7.95715638225
1080.0	46.0	5.67308702996	6.93115790328
1080.0	93.0	6.19251492051	7.92684658768
1080.0	301.0	2.08697202705	7.9118110203
1090.0	46.0	5.42873703768	6.9156450163
1090.0	93.0	6.6229160697	7.98102236222
1090.0	301.0	1.83799180236	7.86789761715
1090.0	311.0	14.7641274402	10.5785956223
1100.0	46.0	5.1841765803	6.90037078911
1100.0	93.0	7.0667869859	8.01204813618
1100.0	301.0	1.66267436604	7.8280414306
1100.0	311.0	14.4905227977	10.6859925322
1110.0	46.0	5.03664053845	6.87745944834
1110.0	93.0	7.54201720343	7.98889813561
1110.0	301.0	1.48735692972	7.78818524405
1110.0	311.0	14.1931355978	10.7836043903
1120.0	46.0	4.91330798421	6.85287748897
1120.0	93.0	8.01745788607	7.96574813504
1120.0	301.0	1.29646507529	7.75739812989
1120.0	311.0	13.8719658405	10.8716698563
1130.0	46.0	4.78997542997	6.8280568698
1130.0	93.0	8.48763694098	7.94737133046
1130.0	301.0	1.04390694374	7.76288730528
1130.0	311.0	13.5989925933	10.9272775897
1140.0	46.0	4.71547078116	6.81516924062
1140.0	93.0	8.93761134536	7.94737133046
1140.0	301.0	0.791348812192	7.76813782087
1140.0	311.0	13.358430973	10.961405941
1150.0	46.0	4.6464382252	6.80347491043
1150.0	93.0	9.38737528463	7.94737133046
1150.0	301.0	0.538790680641	7.77338833647
1150.0	311.0	13.0629379591	11.0401636749
1160.0	46.0	4.57740566925	6.79154192045
1160.0	93.0	9.81567178272	7.97457854763
1160.0	301.0	0.286232549091	7.77863885206
1160.0	311.0	12.7120926214	11.164028111
1170.0	46.0	4.50837311329	6.77984759026
1170.0	93.0	10.1930357243	8.06503061172
1170.0	311.0	12.3612472836	11.2876538872
1180.0	46.0	4.43934055733	6.76815326007
1180.0	93.0	10.5703996658	8.15548267581
1180.0	311.0	12.0935356642	11.3704688377
1190.0	46.0	4.37051846648	6.75645892989
1190.0	93.0	10.9483950027	8.25953834848
1190.0	311.0	11.8464496255	11.4432600767
1190.0	344.0	15.0061623163	11.7005353408
1200.0	46.0	4.18299405381	6.76003882688
1200.0	93.0	11.3272322	8.38364144433
1200.0	311.0	11.5606380066	11.5392013161
1200.0	344.0	14.7956972067	11.8043523536
1210.0	46.0	3.96600452578	6.76743728067
1210.0	93.0	11.7060693974	8.50774454019
1210.0	311.0	11.2363112727	11.658531216
1210.0	344.0	14.585232097	11.9081693665
1220.0	46.0	3.74880453265	6.77483573447
1220.0	93.0	11.9087472979	8.61347083146
1220.0	311.0	10.9376612821	11.7668827651
1220.0	344.0	14.3897100102	12.0556611227
1230.0	46.0	3.56654174771	6.77030119827
1230.0	93.0	12.0916414782	8.71728784433
1230.0	311.0	10.8713647726	11.7757131777
1230.0	344.0	14.2295460618	12.3057765928
1240.0	46.0	3.40721965973	6.75741356909
1240.0	93.0	12.2385461247	8.91991001429
1240.0	311.0	10.8050682631	11.7845435903
1240.0	344.0	14.0371809516	12.5243889694
1250.0	46.0	3.24789757174	6.7442872801
1250.0	93.0	12.3612472836	9.18840228897
1250.0	311.0	10.7387717535	11.7933740028
1250.0	344.0	13.7168530547	12.6179436109
1260.0	46.0	3.08878594886	6.73139965092
1260.0	93.0	12.4770030939	9.47551002802
1260.0	311.0	10.672475244	11.8022044154
1260.0	344.0	13.3965251579	12.7112595925
1270.0	46.0	3.01259757918	6.73020635192
1270.0	93.0	12.5641356493	9.83779560399
1270.0	311.0	10.6061787345	11.811034828
1270.0	344.0	13.1988984199	12.6938374272
1280.0	46.0	2.94588013943	6.73020635192
1280.0	93.0	12.6510577396	10.1998425202
1280.0	311.0	10.4049740897	11.8843033865
1280.0	344.0	13.014741449	12.6640049522
1290.0	46.0	2.87895223457	6.73020635192
1290.0	93.0	12.6933612266	10.5353981986
1290.0	311.0	10.1461020048	11.9852564818
1290.0	344.0	12.7672344801	12.6205688686
1300.0	46.0	2.81223479482	6.73020635192
1300.0	93.0	12.6310635542	10.8096183084
1300.0	311.0	9.89480666393	12.0890734947
1300.0	344.0	12.4565879783	12.5637678363
1310.0	46.0	2.74530688996	6.73020635192
1310.0	93.0	12.5687658817	11.0835997585
1310.0	311.0	9.71443806499	12.2186657659
1310.0	344.0	12.1246845004	12.5339353614
1320.0	46.0	2.6785894502	6.73020635192
1320.0	93.0	12.4978391398	11.3277487336
1320.0	311.0	9.53406946604	12.3482580372
1320.0	344.0	11.7612112561	12.5449137121
1330.0	46.0	2.58977317394	6.69870325836
1330.0	93.0	12.4212298399	11.5518502855
1330.0	311.0	9.35370086709	12.4778503084
1330.0	344.0	11.3990008024	12.5659157745
1340.0	46.0	2.48643480512	6.64595944262
1340.0	93.0	12.3448310051	11.7759518375
1340.0	344.0	11.0420519765	12.6282059822
1350.0	46.0	2.38288597118	6.59345428668
1350.0	93.0	12.256435659	11.9883590592
1350.0	344.0	10.6853136157	12.69049619
1360.0	46.0	2.27954760235	6.54094913075
1360.0	93.0	12.1406798487	12.173320404
1360.0	344.0	10.3944508342	12.7379894901
1370.0	46.0	2.17599876842	6.48820531501
1370.0	93.0	12.0249240385	12.3582817488
1370.0	344.0	10.1111647966	12.7838121717
1380.0	46.0	2.07244993448	6.43570015907
1380.0	93.0	11.9091682282	12.5432430935
1380.0	344.0	9.82787875907	12.829873513
1390.0	46.0	1.78895343182	6.39608263232
1390.0	93.0	11.7776275346	12.7587528927
1400.0	46.0	1.42821623392	6.36195428096
1400.0	93.0	11.6092554469	13.0451446523
1410.0	46.0	1.04096043221	6.3318831462
1410.0	93.0	11.4408833592	13.331536412
1420.0	46.0	0.636236026398	6.30419860943
1420.0	93.0	11.2725112715	13.6179281716
1430.0	46.0	0.231511620588	6.27675273246
1530.0	347.0	9.49765900207	11.8938497785
1540.0	64.0	15.2334646347	6.9163609957
1540.0	347.0	9.6317252769	11.6986260624
1550.0	64.0	15.0088983627	6.98008316222
1550.0	347.0	9.76558108662	11.5034023462
1560.0	64.0	14.7845425559	7.04356666894
1560.0	347.0	9.79946596927	11.3339538884
1570.0	64.0	14.5456646564	7.09654914448
1570.0	347.0	9.83356131703	11.1647440904
1580.0	64.0	14.2733228046	7.12471100085
1580.0	347.0	9.86744619968	10.9952956326
1590.0	64.0	14.0009809527	7.15287285721
1590.0	347.0	9.78852178357	10.7821724315
1600.0	64.0	13.7284286358	7.18079605378
1600.0	347.0	9.69696946089	10.5642760343
1610.0	64.0	13.5497437577	7.14070120743
1610.0	347.0	9.59720899892	10.3638018026
1610.0	349.0	10.1865113059	12.7682992847
1620.0	64.0	13.38137167	7.09296924748
1620.0	347.0	9.49197644411	10.1747832412
1620.0	349.0	10.6219636177	12.801234337
1630.0	64.0	13.2129995823	7.04523728754
1630.0	347.0	9.38274505222	10.0134492166
1630.0	349.0	11.0574159295	12.8341693894
1640.0	64.0	13.0932449349	7.07125120571
1640.0	347.0	9.25751831199	9.96189869984
1640.0	349.0	11.4766624279	12.8592286684
1650.0	64.0	12.9791728455	7.10514089727
1650.0	347.0	9.13250203687	9.9101095233
1650.0	349.0	11.74942521	12.8150766054
1660.0	64.0	12.864890291	7.13926924863
1660.0	347.0	9.00727529664	9.85855900656
1660.0	349.0	12.022187992	12.7709245425
1670.0	64.0	12.7438728529	7.17268162059
1670.0	347.0	8.94897646128	9.7468662203
1670.0	349.0	12.2932670532	12.7542183565
1680.0	64.0	12.6131740199	7.20490069355
1680.0	347.0	8.95739506566	9.5750311645
1680.0	349.0	12.5618205331	12.7790389757
1690.0	64.0	12.4822647217	7.23711976651
1690.0	236.0	14.9941658051	9.47813528582
1690.0	347.0	8.96581367005	9.40319610871
1690.0	349.0	12.830374013	12.803620935
1700.0	64.0	12.3513554235	7.26933883947
1700.0	236.0	14.6033320965	9.4101172429
1700.0	347.0	9.06599506223	9.30081105463
1700.0	349.0	13.0494681921	12.8160312446
1710.0	64.0	12.2322321714	7.30298987123
1710.0	236.0	14.2124983879	9.34186054018
1710.0	347.0	9.16617645441	9.19866466036
1710.0	349.0	13.2193135356	12.8160312446
1720.0	64.0	12.1179496169	7.33711822259
1720.0	236.0	13.8239797955	9.32276775621
1720.0	347.0	9.39874040055	9.05761671872
1720.0	349.0	13.3889484139	12.8160312446
1730.0	64.0	12.0036670624	7.37124657395
1730.0	236.0	13.4381972496	9.35260023117
1730.0	347.0	9.64561597414	8.9122729007
1730.0	349.0	13.5531111994	12.811974028
1740.0	64.0	11.8946461356	7.39749915192
1740.0	70.0	14.9108216216	8.36192340256
1740.0	236.0	13.054940285	9.37049971615
1740.0	347.0	10.0097206138	8.79700021744
1740.0	349.0	13.7086449155	12.8014729968
1750.0	64.0	11.8056193942	7.39200997652
1750.0	70.0	14.5454541913	8.43733989927
1750.0	236.0	12.6954658777	9.28100229126
1750.0	347.0	10.451697344	8.70153629755
1750.0	349.0	13.88059491	12.7890626872
1760.0	64.0	11.716803118	7.38675946093
1760.0	70.0	14.1798762959	8.51251773618
1760.0	236.0	12.3359914705	9.19150486636
1760.0	347.0	10.7812857057	8.64831516222
1760.0	349.0	14.1996600162	12.7582755731
1770.0	64.0	11.6279868417	7.38150894534
1770.0	70.0	13.9628867679	8.56096567552
1770.0	236.0	11.9272682276	9.12277084405
1770.0	347.0	11.0361589534	8.62325588325
1770.0	349.0	14.5187251224	12.7274884589
1780.0	64.0	11.5391705654	7.37625842974
1780.0	70.0	13.7623135184	8.60654969727
1780.0	236.0	11.4974984737	9.06310589412
1780.0	347.0	11.2845077828	8.60177650127
1780.0	349.0	14.8377902286	12.6967013448
1790.0	64.0	11.375218245	7.40346564691
1790.0	70.0	13.5164902704	8.68626207037
1790.0	236.0	11.0729903476	8.9938945522
1790.0	347.0	11.5299101006	8.5817290781
1800.0	64.0	11.179275228	7.44451513246
1800.0	70.0	13.2593019064	8.77480485606
1800.0	236.0	10.6600578025	8.90201052931
1800.0	347.0	11.7492147448	8.54235021114
1810.0	64.0	10.9833322109	7.48580327781
1810.0	70.0	12.9979042403	8.85523320857
1810.0	236.0	10.2471252574	8.81012650642
1810.0	347.0	11.9070635771	8.45714866265
1820.0	64.0	10.7899147752	7.45668678225
1820.0	70.0	12.6984123893	8.86430228096
1820.0	236.0	9.98783224239	8.77599815506
1820.0	347.0	12.0649124093	8.37194711415
1830.0	64.0	10.5969182696	7.4103867811
1830.0	70.0	12.3989205383	8.87361001315
1830.0	236.0	9.79420434153	8.76645176307
1830.0	347.0	12.2303379854	8.33781876279
1840.0	64.0	10.4039217641	7.36408677996
1840.0	70.0	12.091220548	8.83709506379
1840.0	236.0	9.61404620769	8.77217959827
1840.0	347.0	12.4031298405	8.35476360857
1850.0	64.0	10.2029275844	7.31921873761
1850.0	70.0	11.7755228835	8.75499609269
1850.0	236.0	9.48776714192	8.83900434219
1850.0	347.0	12.5761321606	8.37194711415
1860.0	64.0	9.96973224296	7.28031719026
1860.0	70.0	11.4598252191	8.67313578139
1860.0	236.0	9.36148807614	8.90582908611
1860.0	347.0	12.8602600586	8.37695896994
1870.0	64.0	9.7365369015	7.24165430271
1870.0	70.0	11.1327624388	8.60273114047
1870.0	236.0	9.1026159913	8.92587650928
1870.0	347.0	13.1921635364	8.37695896994
1880.0	64.0	9.50334156003	7.20299141515
1880.0	70.0	10.7796019848	8.56024969612
1880.0	236.0	8.78691832687	8.92587650928
1880.0	347.0	13.5148065495	8.37695896994
1890.0	64.0	9.25751831199	7.17673883718
1890.0	70.0	10.4262310657	8.51752959197
1890.0	236.0	8.44259740752	8.86072238396
1890.0	347.0	13.753894914	8.37695896994
1900.0	64.0	8.99885669226	7.1631352286
1900.0	70.0	10.0520241008	8.4927089728
1900.0	236.0	8.06944276815	8.73065279312
1900.0	347.0	13.9929832786	8.37695896994
1910.0	64.0	8.74040553764	7.14953162002
1910.0	70.0	9.65656015984	8.48554917881
1910.0	236.0	7.68197650133	8.59175278968
1910.0	347.0	14.2787948974	8.25691309069
1920.0	64.0	8.48174391791	7.13592801143
1920.0	70.0	9.26109621885	8.47815072502
1920.0	236.0	7.26104628208	8.43256670328
1920.0	347.0	14.5696576789	8.12350226265
1930.0	64.0	8.22687067015	7.15478213561
1930.0	70.0	8.87215669626	8.45356876565
1930.0	236.0	6.83653815597	8.27839247266
1930.0	347.0	14.8607309255	7.99009143461
1940.0	64.0	7.97220788751	7.17363625979
1940.0	70.0	8.50847298683	8.35953680456
1940.0	236.0	6.39729747218	8.14354968582
1940.0	347.0	15.1515937071	7.85691926637
1950.0	64.0	7.71733463975	7.19249038396
1950.0	70.0	8.14499974251	8.26550484348
1950.0	236.0	5.95805678839	8.00870689898
1960.0	64.0	7.4561474387	7.20513935335
1960.0	70.0	7.78152649818	8.17147288239
1960.0	236.0	5.55333238258	8.05643885893
1970.0	64.0	7.16865209896	7.19344502316
1970.0	70.0	7.41721139342	8.15381205721
1970.0	236.0	5.15239634874	8.12469556164
1980.0	64.0	6.88115675921	7.18198935278
1980.0	70.0	7.05310675377	8.14474298482
1980.0	236.0	4.75230217534	8.29104144205
1990.0	64.0	6.59366141946	7.17029502259
1990.0	70.0	6.69657885807	8.13066205664
1990.0	236.0	4.35241846706	8.48196928182
2000.0	64.0	6.30995445168	7.15311151701
2000.0	70.0	6.3583614269	8.10512545807
2000.0	236.0	3.96684638622	8.50607392159
2010.0	64.0	6.06034283167	7.08652543289
2010.0	70.0	6.02014399573	8.0795888595
2010.0	236.0	3.58485221225	8.48841309641
2020.0	64.0	5.81073121165	7.01993934877
2020.0	70.0	5.67982191346	8.04808576594
2020.0	236.0	3.21085571245	8.46621773503
2030.0	64.0	5.56111959164	6.95335326465
2030.0	70.0	5.33781611032	8.01085483718
2030.0	236.0	2.90673362904	8.40440484691
2040.0	64.0	5.31150797162	6.88676718053
2040.0	70.0	4.99581030718	7.97338524863
2040.0	236.0	2.60282201074	8.34259195878
2050.0	64.0	5.00906960909	6.85072955077
2050.0	70.0	4.66474868974	7.96694143403
2050.0	119.0	14.9137681332	7.43234348268
2050.0	236.0	2.3111173688	8.30178113303
2060.0	64.0	4.69337194465	6.82232903461
2060.0	70.0	4.35852195524	8.03209555936
2060.0	119.0	14.5336681452	7.74021462431
2060.0	236.0	2.03835458672	8.29295072044
2070.0	64.0	4.37767428021	6.79392851844
2070.0	70.0	4.05250568584	8.09701102488
2070.0	119.0	14.1533576921	8.04832442574
2070.0	236.0	1.76559180465	8.28412030785
2080.0	64.0	4.06197661577	6.76552800228
2080.0	70.0	3.74627895133	8.1621651502
2080.0	119.0	13.7732577041	8.35619556737
2080.0	236.0	1.4541034424	8.25810638968
2090.0	64.0	3.78100569442	6.76123212588
2090.0	70.0	3.47835686678	8.15500535621
2090.0	119.0	13.511860038	8.67122650299
2090.0	236.0	1.12619880161	8.22493267752
2100.0	64.0	3.52318593513	6.77316511587
2100.0	70.0	3.21064524734	8.14760690242
2100.0	119.0	13.3013949283	8.98959867581
2100.0	236.0	0.79829416081	8.19152030556
2110.0	64.0	3.26536617584	6.78509810585
2110.0	70.0	2.94272316278	8.14044710843
2110.0	119.0	13.0909298187	9.30773218882
2110.0	236.0	0.470389520013	8.1583465934
2120.0	64.0	3.00754641655	6.79703109584
2120.0	70.0	2.68090456641	8.13400329383
2120.0	119.0	12.8842530811	9.61727394905
2120.0	236.0	0.142484879216	8.12493422144
2130.0	64.0	2.75162084324	6.79512181744
2130.0	70.0	2.42203248157	8.12779813904
2130.0	119.0	12.7106193656	9.84996725377
2140.0	64.0	2.49716852571	6.78414346665
2140.0	70.0	2.16294993162	8.12183164405
2140.0	119.0	12.5369856502	10.0826605585
2150.0	64.0	2.24271620817	6.77292645607
2150.0	70.0	1.90386738167	8.11562648926
2150.0	119.0	12.3633519347	10.3153538632
2160.0	64.0	1.98826389063	6.76194810528
2160.0	70.0	1.61258366995	7.99987648639
2160.0	119.0	12.1996100794	10.5399327347
2170.0	64.0	1.73738947996	6.75407233189
2170.0	70.0	1.31330228406	7.85668060657
2170.0	119.0	12.1259472911	10.6890951096
2180.0	64.0	1.49535460389	6.75407233189
2180.0	70.0	1.01402089818	7.71348472674
2180.0	119.0	12.0522845027	10.8382574844
2180.0	247.0	0.187945342896	3.36892173276
2190.0	64.0	1.25331972782	6.75407233189
2190.0	70.0	0.714739512288	7.57028884691
2190.0	119.0	11.9786217143	10.9874198592
2190.0	247.0	0.511009286171	3.46892018883
2190.0	322.0	9.33349621656	12.6208075284
2190.0	323.0	7.64261952583	11.9902683376
2200.0	64.0	1.01128485175	6.75407233189
2200.0	70.0	0.384098825067	7.45811874105
2200.0	119.0	11.904958926	11.134195636
2200.0	247.0	0.834073229446	3.56867998512
2200.0	322.0	9.51912644325	12.4523137098
2200.0	323.0	7.5304416224	11.8470724578
2210.0	64.0	0.769249975681	6.75407233189
2210.0	70.0	-0.0193627900855	7.41826255449
2210.0	119.0	11.8315066027	11.2618786289
2210.0	247.0	1.15713717272	3.6686784412
2210.0	322.0	9.70496713505	12.2840585511
2210.0	323.0	7.41826371897	11.7038765779
2220.0	64.0	0.527215099612	6.75407233189
2220.0	119.0	11.7580542794	11.3895616217
2220.0	247.0	1.480201116	3.76867689728
2220.0	322.0	9.89059736174	12.1155647325
2220.0	323.0	7.30587535043	11.5606806981
2230.0	64.0	0.285180223543	6.75407233189
2230.0	119.0	11.6848124213	11.5172446146
2230.0	247.0	1.78811157138	3.85483308497
2230.0	322.0	10.0665461934	11.9391951405
2230.0	323.0	7.2745160491	11.3909935805
2240.0	119.0	11.611360098	11.6449276074
2240.0	247.0	2.08086853887	3.92762432388
2240.0	322.0	10.20397991	11.7317997745
2240.0	323.0	7.29703581583	11.2034069779
2250.0	119.0	11.5315938215	11.7962379204
2250.0	247.0	2.37362550636	4.000176903
2250.0	322.0	10.3412031615	11.5241657488
2250.0	323.0	7.31976604767	11.0158203754
2260.0	119.0	11.4503542892	11.9535147284
2260.0	125.0	14.6904646519	4.70159805435
2260.0	247.0	2.66659293896	4.07272948211
2260.0	322.0	10.4761112967	11.3573425488
2260.0	323.0	7.42247302116	10.7952987204
2270.0	119.0	11.3689042918	12.1107915365
2270.0	125.0	14.1116856004	4.64193310443
2270.0	247.0	2.95934990644	4.14552072102
2270.0	322.0	10.6108089669	11.195053885
2270.0	323.0	7.54517418008	10.5666626323
2280.0	119.0	11.2876647594	12.2683070043
2280.0	125.0	13.5329065489	4.5822681545
2280.0	247.0	3.41605919433	4.13430371044
2280.0	322.0	10.6985729176	11.0380157367
2280.0	323.0	7.66450789723	10.294113141
2290.0	119.0	11.206214762	12.4255838123
2290.0	125.0	12.9760158689	4.51950062717
2290.0	247.0	3.89128941187	4.11377896766
2290.0	322.0	10.7162519868	10.8888533619
2290.0	323.0	7.77836952154	9.95617086465
2300.0	125.0	12.5070996046	4.44456145006
2300.0	247.0	4.36630916429	4.09325422489
2300.0	322.0	10.7337205909	10.7396909871
2300.0	323.0	7.89244161096	9.61798992845
2310.0	125.0	12.0379728753	4.36962227295
2310.0	247.0	4.84259170737	4.0789346369
2310.0	322.0	10.588078735	10.6387378918
2310.0	323.0	8.01872067673	9.4079693047
2320.0	125.0	11.569056611	4.29444443604
2320.0	247.0	5.32097890155	4.07344546151
2320.0	322.0	10.4422264141	10.5377847965
2320.0	323.0	8.14499974251	9.19794868096
2330.0	125.0	11.1742240653	4.20279907295
2330.0	247.0	5.79936609573	4.06795628612
2330.0	322.0	10.3245764178	10.335878606
2330.0	323.0	8.34346834088	9.00200898539
2340.0	125.0	10.8113822164	4.10423257567
2340.0	247.0	6.2775428248	4.06270577052
2340.0	322.0	10.2488089783	9.98266210241
2340.0	323.0	8.61412647186	8.82015021801
2350.0	125.0	10.4485403674	4.00542741859
2350.0	247.0	6.75593001898	4.05721659513
2350.0	252.0	0.158269762438	6.14405788382
2350.0	322.0	10.1730415389	9.62944559884
2350.0	323.0	8.92940320608	8.68506877137
2360.0	125.0	10.2521764201	4.00805267639
2360.0	247.0	7.19790674919	4.10494855507
2360.0	252.0	0.524689518296	6.329735208
2360.0	322.0	10.144418284	9.59412394848
2360.0	323.0	9.31202877538	8.61991464605
2370.0	125.0	10.0972740994	4.03621453275
2370.0	247.0	7.63988347941	4.15268051501
2370.0	252.0	0.890898809045	6.51541253218
2370.0	322.0	10.1210566568	9.59412394848
2370.0	323.0	9.69318108891	8.57313732531
2380.0	125.0	9.94258224382	4.06413772932
2380.0	247.0	8.08186020962	4.20041247496
2380.0	252.0	1.24763716986	6.70299913475
2380.0	322.0	10.086961309	9.55951827752
2380.0	323.0	10.0671775887	8.59962856307
2390.0	125.0	9.86197410683	4.06724030672
2390.0	247.0	8.51162996348	4.27988618826
2390.0	252.0	1.51598018463	6.9087238821
2390.0	322.0	10.0105624742	9.38577394333
2390.0	323.0	10.4203380427	8.5755239233
2400.0	125.0	9.89228108262	4.03287329556
2400.0	247.0	8.94118925222	4.35959856137
2400.0	252.0	1.78453366451	7.11444862946
2400.0	322.0	9.93395317432	9.21226826894
2400.0	323.0	10.7415078	8.47504814762
2400.0	385.0	15.1351774285	3.6662918432
2410.0	125.0	9.92279852351	3.9982676246
2410.0	247.0	9.34044156518	4.41997949069
2410.0	252.0	2.06339993477	7.32065069641
2410.0	322.0	9.85734387442	9.03876259455
2410.0	323.0	11.0551008133	8.35953680456
2410.0	385.0	14.9333413884	3.23885214191
2420.0	125.0	9.95331596441	3.96366195364
2420.0	247.0	9.71927876251	4.46771145064
2420.0	252.0	2.38372783162	7.52804606236
2420.0	322.0	9.74642876165	8.81633166121
2420.0	323.0	11.3613275478	8.22946721372
2420.0	385.0	14.7317158133	2.81117378082
2430.0	125.0	9.9836229402	3.92929494248
2430.0	247.0	10.123371773	4.46222227524
2430.0	252.0	2.70405572847	7.73568008811
2430.0	322.0	9.6317252769	8.58841155249
2430.0	323.0	11.6551368408	8.17242752159
2430.0	385.0	14.6892018612	2.26297222088
2440.0	125.0	10.0141403811	3.89468927152
2440.0	247.0	10.5443019922	4.42093412989
2440.0	252.0	2.97429292923	7.87434143175
2440.0	322.0	9.42652179502	8.42349763089
2440.0	323.0	11.9205333441	8.28674556565
2440.0	385.0	14.7018297678	1.70355365035
2450.0	125.0	10.0444473569	3.86032226037
2450.0	137.0	14.6104879102	5.03572177395
2450.0	247.0	10.9652322115	4.37988464434
2450.0	252.0	3.23905803714	8.00512700199
2450.0	322.0	9.18301366318	8.28531360685
2450.0	323.0	12.1859298473	8.40082494991
2450.0	385.0	14.8636774371	1.15296549242
2460.0	125.0	10.0749647978	3.82571658941
2460.0	137.0	14.2526972238	5.03572177395
2460.0	247.0	11.39437057	4.335016602
2460.0	252.0	3.50382314505	8.13591257223
2460.0	322.0	8.75997879283	8.14092442803
2460.0	323.0	12.5153077439	8.75356413389
2470.0	125.0	10.1397880515	3.78538308326
2470.0	137.0	13.8949065375	5.03572177395
2470.0	247.0	11.8268763703	4.28847794105
2470.0	252.0	3.80541964714	8.28030175106
2470.0	322.0	8.29232531925	7.9951032904
2470.0	323.0	12.8446856404	9.10654197767
2480.0	125.0	10.515047342	3.69206710157
2480.0	137.0	13.5381681767	5.09228414649
2480.0	247.0	12.2595926357	4.24217793991
2480.0	252.0	4.11606614895	8.42803216708
2480.0	322.0	7.98167881744	8.07457700371
2480.0	323.0	13.0717774937	9.43016466608
2490.0	125.0	10.8900961674	3.59851246008
2490.0	137.0	13.1831135367	5.23404806752
2490.0	139.0	15.030576269	5.2495609545
2490.0	247.0	12.6832589014	4.19635525836
2490.0	252.0	4.48059171882	8.56024969612
2490.0	322.0	7.67103231563	8.15428937681
2490.0	323.0	13.254671674	9.7413770449
2500.0	125.0	11.4120496392	3.44767946666
2500.0	137.0	12.8278484317	5.37581198855
2500.0	139.0	14.4581111708	5.65050941802
2500.0	247.0	13.0271588905	4.15673773161
2500.0	252.0	4.86847891586	8.68602341057
2500.0	322.0	7.40100557998	8.30225845263
2500.0	323.0	13.41020539	10.0435203513
2510.0	125.0	11.9706240402	3.28252688526
2510.0	137.0	12.4757403033	5.4999150844
2510.0	139.0	13.8856460727	6.05145788153
2510.0	247.0	13.3708484145	4.11688154506
2510.0	252.0	5.10588355952	8.77790743346
2510.0	322.0	7.13560907674	8.45786464204
2510.0	323.0	13.5240670143	10.3320600492
2520.0	125.0	12.5523496032	3.11952224205
2520.0	137.0	12.1364705466	5.55385219913
2520.0	139.0	13.3176007418	6.39966252932
2520.0	247.0	13.7210623569	4.07583205951
2520.0	252.0	5.30582541366	8.86143836336
2520.0	322.0	6.94534861764	8.6633507296
2520.0	323.0	13.6381391037	10.6203610872
2530.0	125.0	13.2271007446	2.96510935164
2530.0	137.0	11.7969903247	5.60778931387
2530.0	139.0	12.7672344801	6.53736923375
2530.0	247.0	14.1287332743	4.02356556337
2530.0	252.0	5.4882986637	8.95881156164
2530.0	322.0	6.80496838952	8.90201052931
2530.0	323.0	13.6697088702	10.9306188269
2540.0	125.0	13.9018518861	2.81045780143
2540.0	137.0	11.4514066147	5.6645903462
2540.0	139.0	12.2166577533	6.67507593819
2540.0	247.0	14.5366146567	3.97153772703
2540.0	252.0	5.66635214645	9.06000331672
2540.0	322.0	6.60860444224	8.97527908782
2540.0	323.0	13.7012786366	11.2408765665
2550.0	125.0	14.5766030276	2.65604491101
2550.0	137.0	11.050681046	5.7493145751
2550.0	139.0	11.6176740513	6.85550274677
2550.0	247.0	14.9442855741	3.91927123089
2550.0	252.0	5.86145330307	9.19031156737
2550.0	322.0	6.39477189086	9.00129300599
2550.0	323.0	13.4645053883	11.5492250277
2560.0	137.0	10.6501659424	5.834038804
2560.0	139.0	10.9862787225	7.06433007152
2560.0	252.0	6.1245346901	9.43899507867
2560.0	322.0	6.17336259554	9.01370331558
2560.0	323.0	13.22773214	11.8573348292
2570.0	137.0	10.2496508388	5.91876303289
2570.0	139.0	10.3628810677	7.22590275592
2570.0	252.0	6.38761607713	9.68767858997
2570.0	322.0	5.93259051012	9.03279609955
2570.0	323.0	12.9913798219	12.1064956601
2580.0	137.0	9.88891364087	5.89823829012
2580.0	139.0	9.77210550502	7.19845687896
2580.0	252.0	6.68921257923	9.79531415964
2580.0	322.0	5.6631951698	9.06143527552
2580.0	323.0	12.755448434	12.316277624
2590.0	137.0	9.52796597786	5.87795220714
2590.0	139.0	9.18111947719	7.17077234219
2590.0	252.0	7.00028001125	9.86810539855
2590.0	322.0	5.39379982948	9.09007445149
2590.0	323.0	12.5195170461	12.526059588
2600.0	137.0	9.16722877996	5.85742746437
2600.0	139.0	8.56592996176	7.05096512273
2600.0	252.0	7.33113116359	9.93421416307
2600.0	322.0	5.07473472329	9.03923991415
2600.0	323.0	12.2911624021	12.7219992835
2610.0	137.0	8.79681018702	5.8338001442
2610.0	139.0	7.93453463288	6.86958367495
2610.0	252.0	7.68197650133	9.993879113
2610.0	322.0	4.75040798936	8.97957496422
2610.0	323.0	12.0806972925	12.8861972257
2620.0	137.0	8.41692066414	5.80730890643
2620.0	139.0	7.30313930401	6.69225944376
2620.0	252.0	8.03261137397	10.0633291147
2620.0	322.0	4.39956265161	8.9098863027
2620.0	323.0	11.8702321829	13.0501565081
2630.0	137.0	8.03682067616	5.78081766866
2630.0	139.0	6.67174397513	6.55073418253
2630.0	252.0	8.3809311304	10.2196512835
2630.0	322.0	4.02240917516	8.8304125894
2630.0	323.0	11.6597670733	13.2143544503
2640.0	137.0	7.65693115329	5.75432643089
2640.0	139.0	6.04034864625	6.4094475811
2640.0	252.0	8.72925088683	10.3759734523
2640.0	322.0	3.64336151273	8.75117753589
2640.0	323.0	11.4493019636	13.3783137327
2650.0	137.0	7.29914046692	5.69800271816
2650.0	139.0	5.39022192262	6.31732489842
2650.0	252.0	9.05168343477	10.5392167553
2650.0	322.0	3.24453012999	8.67599969898
2650.0	323.0	11.238836854	13.5425116749
2660.0	137.0	6.94408582698	5.63833776823
2660.0	139.0	4.71210333941	6.29966407324
2660.0	252.0	9.27056714879	10.7301445951
2660.0	322.0	2.84759293323	8.60153784147
2670.0	137.0	6.58882072194	5.5786728183
2670.0	139.0	4.03398475619	6.28200324806
2670.0	252.0	9.4894508628	10.9210724349
2670.0	322.0	2.45781155021	8.53065588096
2680.0	137.0	6.22808352404	5.51065477538
2680.0	139.0	3.46488709977	6.30157335163
2680.0	252.0	9.55006481437	11.1625961522
2680.0	322.0	2.06803016718	8.46001258024
2690.0	137.0	5.86503120993	5.43905683547
2690.0	139.0	2.94251269767	6.33689500199
2690.0	252.0	9.54269853553	11.4260765711
2690.0	322.0	1.72413017805	8.4098940223
2700.0	137.0	5.50197889583	5.36745889556
2700.0	139.0	2.42034876069	6.37221665235
2700.0	252.0	9.5355427218	11.6893183302
2700.0	322.0	1.42590111771	8.38006154734
2710.0	137.0	5.13892658173	5.29586095564
2710.0	139.0	1.84746273229	6.3259166512
2710.0	252.0	9.37074854097	11.8317982306
2710.0	322.0	1.12788252248	8.35309298997
2720.0	137.0	4.82554403349	5.27438157367
2720.0	139.0	1.27457670389	6.27937799026
2720.0	252.0	9.16638691952	11.9442069963
2720.0	322.0	0.830284857473	8.35309298997
2730.0	137.0	4.53320799622	5.27438157367
2730.0	139.0	0.701480210382	6.23307798912
2730.0	252.0	8.96202529807	12.0566157619
2730.0	322.0	0.532687192462	8.35309298997
2740.0	137.0	4.24087195895	5.27438157367
2740.0	139.0	0.128594181981	6.18653932817
2740.0	252.0	8.75198111867	12.1544662798
2740.0	322.0	0.235089527452	8.35309298997
2750.0	137.0	3.95484987497	5.27056301687
2750.0	252.0	8.53309740466	12.2308374157
2760.0	137.0	3.72523244037	5.23261610872
2760.0	252.0	8.31421369065	12.3072085516
2770.0	137.0	3.49561500577	5.19466920056
2780.0	137.0	3.26599757117	5.15672229241
2780.0	259.0	0.338427896278	6.77531305407
2790.0	137.0	3.03638013657	5.11877538425
2790.0	259.0	0.543420913053	6.86337852016
2800.0	137.0	2.86716618843	5.09204548669
2800.0	259.0	0.748203464719	6.95120532645
2810.0	137.0	2.72362898366	5.07032744491
2810.0	259.0	0.953196481494	7.03927079255
2820.0	137.0	2.5800917789	5.04884806294
2820.0	259.0	1.15818949827	7.12709759884
2830.0	137.0	2.43655457413	5.02713002116
2830.0	259.0	1.3798092587	7.22995997252
2840.0	137.0	2.2717603933	5.00779857739
2840.0	259.0	1.60353367024	7.33425430499
2850.0	137.0	2.05729644659	4.9941949688
2850.0	259.0	1.82704761666	7.43878729727
2860.0	137.0	1.84304296499	4.98083002002
2860.0	259.0	2.03393481942	7.51706771157
2870.0	137.0	1.62857901828	4.96722641144
2870.0	259.0	2.23366620846	7.58436977509
2880.0	137.0	1.41411507157	4.95386146265
2880.0	259.0	2.43339759749	7.65191049841
2890.0	137.0	1.19965112487	4.94025785407
2890.0	259.0	2.63291852142	7.71921256193
2900.0	137.0	0.903526715622	4.79873259284
2900.0	259.0	2.84127897994	7.70966616994
2910.0	137.0	0.60719184127	4.65744599141
2910.0	259.0	3.05174408957	7.68102699398
2920.0	137.0	0.311067432027	4.51592073018
2920.0	259.0	3.27441617555	7.6585929728
2930.0	259.0	3.52571151645	7.65095585921
2940.0	259.0	3.77679639223	7.64331874562
2950.0	259.0	4.04093010481	7.67386719999
2960.0	259.0	4.35662776925	7.85739658597
2970.0	259.0	4.67232543369	8.04092597195
2980.0	259.0	4.92088472815	8.21610226494
2980.0	387.0	14.9592285969	9.42372085149
2990.0	259.0	5.12440448916	8.38531206293
2990.0	387.0	14.6243786074	9.67335900199
3000.0	259.0	5.32813471528	8.55476052073
3000.0	387.0	14.289528618	9.92275849269
3010.0	259.0	5.54786028973	8.69198990556
3010.0	387.0	14.0386542074	10.1628502512
3020.0	259.0	5.78358121251	8.79700021744
3020.0	387.0	13.8717553754	10.3931569579
3030.0	259.0	6.01930213529	8.90201052931
3030.0	387.0	13.7048565435	10.6237023244
3040.0	259.0	6.29206491736	8.96382341744
3040.0	387.0	13.5002844569	10.8069930506
3050.0	259.0	6.56503816455	9.02587496536
3050.0	387.0	13.2708774874	10.9587806832
3060.0	259.0	6.76918932089	9.0759935233
3060.0	387.0	13.0391554017	11.123455945
3070.0	259.0	6.81380792413	9.09890486408
3070.0	387.0	12.8042763394	11.306985331
3080.0	259.0	6.85842652737	9.12181620485
3080.0	387.0	12.5696077422	11.490514717
3090.0	259.0	6.9028346655	9.14472754562
3090.0	387.0	12.375348446	11.7103203925
3100.0	259.0	6.94745326874	9.16763888639
3100.0	387.0	12.1911914751	11.9389564807
3110.0	259.0	6.98975675577	9.18816362917
3110.0	387.0	12.0329217126	12.1525570014
3120.0	259.0	7.01396024338	9.18673167037
3120.0	387.0	11.9137984606	12.3434848412
3130.0	259.0	7.03816373099	9.18529971157
3130.0	387.0	11.7944647434	12.534412681
3140.0	259.0	7.06215675348	9.18362909297
3140.0	331.0	7.20485209781	11.2568667731
3140.0	387.0	11.6763938169	12.7494451605
3150.0	259.0	7.08636024109	9.18219713418
3150.0	331.0	7.0646823348	11.1771544
3150.0	387.0	11.5600066113	13.0007539296
3160.0	259.0	7.1105637287	9.18076517538
3160.0	331.0	6.92430210668	11.0976806867
3160.0	387.0	11.4438298708	13.2518240389
3170.0	259.0	7.1345567512	9.17909455678
3170.0	331.0	6.78813118075	11.018684293
3170.0	387.0	11.3274426652	13.503132808
3180.0	259.0	7.1587602388	9.17766259798
3180.0	331.0	6.68942304434	10.9439837757
3190.0	259.0	7.18296372641	9.17599197938
3190.0	331.0	6.59092537303	10.8695219181
3200.0	259.0	7.20695674891	9.17456002058
3200.0	331.0	6.49221723662	10.7948214008
3210.0	259.0	7.23116023651	9.17312806179
3210.0	331.0	6.43854863366	10.7487600595
3220.0	259.0	7.25536372412	9.17145744319
3220.0	331.0	6.39014165845	10.7060399553
3230.0	259.0	7.27935674662	9.17002548439
3230.0	331.0	6.34152421813	10.6630811914
3240.0	259.0	7.30356023423	9.16859352559
3240.0	331.0	6.2929067778	10.6203610872
3250.0	259.0	7.32776372183	9.16692290699
3250.0	331.0	6.24428933748	10.5776409831
3260.0	259.0	7.35175674433	9.1654909482
3260.0	331.0	6.19567189716	10.5346822192
3270.0	259.0	7.41742185853	9.12706672044
3270.0	331.0	6.14726492194	10.491962115
3280.0	259.0	7.54517418008	9.03327341915
3280.0	331.0	6.10180445826	10.4497193305
3290.0	259.0	7.67292650162	8.93948011787
3290.0	331.0	6.08475678438	10.4132043811
3300.0	259.0	7.85771486787	8.86406362116
3300.0	331.0	6.0677091105	10.3764507719
3310.0	259.0	8.08059741896	8.80081877423
3310.0	331.0	6.05066143662	10.3399358226
3320.0	259.0	8.30347997006	8.73781258711
3320.0	331.0	6.03361376274	10.3034208732
3330.0	259.0	8.52699391648	8.67241980199
3330.0	331.0	6.01635562376	10.2669059239
3340.0	259.0	8.75366483954	8.59915124348
3340.0	331.0	5.99930794988	10.2303909745
3350.0	259.0	8.98033576261	8.52564402516
3350.0	331.0	5.982260276	10.1938760252
3360.0	259.0	9.22447528978	8.48101464262
3360.0	331.0	5.96521260212	10.157122416
3370.0	259.0	9.47997993286	8.45547804405
3370.0	331.0	5.94816492824	10.1206074666
3380.0	259.0	9.73548457595	8.42970278568
3380.0	331.0	5.93111725436	10.0840925173
3390.0	259.0	9.98551712618	8.47671876622
3390.0	331.0	5.91406958048	10.0475775679
3400.0	259.0	10.2342868858	8.54187289154
3400.0	331.0	5.90291492967	9.95975076164
3410.0	259.0	10.4710601341	8.56788680971
3410.0	331.0	5.89197074397	9.87168529555
3420.0	259.0	10.6998357083	8.56788680971
3420.0	331.0	5.88081609316	9.78385848925
3430.0	259.0	10.9323996544	8.59938990328
3430.0	331.0	5.87113469811	9.71130591014
3440.0	259.0	11.1738031351	8.70487753475
3440.0	331.0	5.86692539592	9.70080487895
3450.0	259.0	11.4152066159	8.81012650642
3450.0	331.0	5.86292655884	9.69030384777
3460.0	259.0	11.6566100966	8.9153754781
3460.0	331.0	5.85871725665	9.67980281658
3460.0	397.0	15.0869809184	6.09799654248
3470.0	259.0	11.8757042757	9.00797548038
3470.0	331.0	5.85471841956	9.66930178539
3470.0	397.0	15.0524646404	6.45837284005
3480.0	259.0	12.0924833386	9.09914352387
3480.0	331.0	5.85050911737	9.6588007542
3480.0	397.0	15.0181588275	6.81874913761
3490.0	259.0	12.3090519364	9.19055022717
3490.0	331.0	5.84629981518	9.64806106322
3490.0	397.0	14.9838530147	7.17936409498
3500.0	259.0	12.5066786744	9.31202806522
3500.0	331.0	5.8423009781	9.63756003203
3500.0	397.0	14.9495472018	7.53974039255
3510.0	259.0	12.6853635525	9.46405435764
3510.0	331.0	5.8380916759	9.62705900084
3510.0	397.0	14.9150309238	7.90011669011
3520.0	259.0	12.8638379654	9.61584199025
3520.0	262.0	0.297176734791	6.30706252703
3520.0	331.0	5.83409283882	9.61655796965
3520.0	397.0	14.880725111	8.26049298768
3530.0	259.0	13.0296844718	9.77502807666
3530.0	262.0	0.693693001326	6.2428630409
3530.0	331.0	5.82988353663	9.60605693847
3530.0	397.0	14.8464192981	8.62086928525
3540.0	259.0	13.1445984217	9.96285333904
3540.0	262.0	1.09041973297	6.17842489498
3540.0	331.0	5.82567423443	9.59555590728
3540.0	397.0	14.8121134852	8.98148424262
3550.0	259.0	13.2593019064	10.1509172612
3550.0	262.0	1.47662320913	6.12019190385
3550.0	331.0	5.82167539735	9.58505487609
3550.0	397.0	14.7775972072	9.34186054018
3560.0	259.0	13.3740053912	10.3389811834
3560.0	262.0	1.83820226747	6.07532386151
3560.0	331.0	5.81746609516	9.5745538449
3560.0	397.0	14.7472902315	9.69913426035
3570.0	259.0	13.4952332943	10.4652322174
3570.0	262.0	2.19999179092	6.03069447896
3570.0	331.0	5.81346725808	9.56405281372
3570.0	397.0	14.7262437205	10.0492481865
3580.0	259.0	13.6170925928	10.5845621173
3580.0	262.0	2.58514294153	5.98940633361
3580.0	331.0	5.80925795588	9.55331312273
3580.0	397.0	14.7051972095	10.3991234529
3590.0	259.0	13.7389518912	10.7038920171
3590.0	262.0	3.18160106221	5.97938262202
3590.0	331.0	5.80504865369	9.54281209154
3590.0	397.0	14.7536041847	10.7120064503
3600.0	259.0	13.8591274688	10.8203579994
3600.0	262.0	3.77784871778	5.96935891043
3600.0	331.0	5.80104981661	9.53231106035
3600.0	397.0	14.9640692944	10.9382559405
3610.0	259.0	13.9643600237	10.9098554243
3610.0	262.0	4.43281613893	5.99227025121
3610.0	331.0	5.79684051442	9.52181002917
3610.0	397.0	15.174534404	11.1642667708
3620.0	259.0	14.0695925785	10.9993528492
3620.0	262.0	5.11261844302	6.02902386036
3620.0	331.0	5.79284167733	9.51130899798
3620.0	333.0	7.35428232564	11.9084080263
3630.0	259.0	14.1748251333	11.0888502741
3630.0	262.0	5.79115795646	6.0772331399
3630.0	331.0	5.78863237514	9.50080796679
3630.0	333.0	7.29408930429	11.7857368892
3640.0	259.0	14.2783739672	11.1750064618
3640.0	262.0	6.45622770287	6.22997541172
3640.0	331.0	5.62636377562	9.45880384204
3640.0	333.0	7.23389628294	11.6630657522
3650.0	259.0	14.3671902435	11.2334781127
3650.0	262.0	7.12129744929	6.38271768354
3650.0	331.0	5.4247382006	9.4091626037
3650.0	333.0	7.1739137267	11.5401559553
3660.0	259.0	14.4562169848	11.2917111038
3660.0	262.0	7.82025207836	6.50515016079
3660.0	331.0	5.15134402319	9.33851930299
3660.0	333.0	7.11435210067	11.3833564669
3670.0	259.0	14.5450332611	11.3501827548
3670.0	262.0	8.54193693926	6.60753521487
3670.0	331.0	4.77061263988	9.23613424891
3670.0	333.0	7.05500093976	11.2119987307
3680.0	259.0	14.6338495374	11.4084157459
3680.0	262.0	9.26341133506	6.70968160914
3680.0	331.0	4.41787311615	9.12539610184
3680.0	333.0	6.99543931373	11.0408796543
3690.0	259.0	14.7207716276	11.4370549219
3690.0	262.0	9.94195084849	6.71039758854
3690.0	331.0	4.13079870662	8.995326511
3690.0	333.0	6.93608815282	10.8695219181
3700.0	169.0	0.13490813527	7.05024914334
3700.0	259.0	14.8066413924	11.4458853345
3700.0	262.0	10.6095461762	6.68581562917
3700.0	331.0	3.85508941301	8.86812083775
3700.0	333.0	6.85926838781	10.7614090289
3710.0	169.0	0.456919752997	7.17673883718
3710.0	259.0	14.892300692	11.454715747
3710.0	262.0	11.2773519691	6.66099501
3710.0	331.0	3.67956151158	8.76883836107
3710.0	333.0	6.77802885549	10.6692863462
3720.0	169.0	0.778720905614	7.30298987123
3720.0	259.0	14.9781704567	11.4635461596
3720.0	262.0	11.945368227	6.62113882345
3720.0	331.0	3.50424407527	8.66931722459
3720.0	333.0	6.69657885807	10.5769250037
3730.0	169.0	1.01991392125	7.36122286236
3730.0	259.0	15.0638297563	11.4723765722
3730.0	262.0	12.6131740199	6.5798506781
3730.0	331.0	3.38659407898	8.64926980142
3730.0	333.0	6.61533932575	10.484802321
3730.0	336.0	9.59720899892	11.5511343061
3740.0	169.0	1.26131740199	7.41945585349
3740.0	259.0	15.149489056	11.4812069848
3740.0	262.0	13.2287844655	6.52853882116
3740.0	331.0	3.29377896564	8.6633507296
3740.0	333.0	6.55156839753	10.3874291227
3740.0	336.0	9.62962062581	11.4318044063
3750.0	169.0	1.50251041762	7.47768884462
3750.0	262.0	13.8090367728	6.47054448983
3750.0	331.0	3.20096385229	8.67743165778
3750.0	333.0	6.51452653824	10.2819414913
3750.0	336.0	9.66203225269	11.3124745064
3760.0	169.0	1.74370343325	7.53592183575
3760.0	262.0	14.3894995451	6.4127888183
3760.0	331.0	3.10436036698	8.67027186379
3760.0	333.0	6.47727421384	10.1766925196
3760.0	336.0	9.67823806613	11.1344342958
3770.0	169.0	1.93880458987	7.44737905006
3770.0	262.0	14.9697518523	6.35479448697
3770.0	331.0	2.99912781216	8.61418681086
3770.0	333.0	6.44023235454	10.0714435479
3770.0	336.0	9.67002992685	10.8680899594
3780.0	169.0	2.12885458386	7.34260739798
3780.0	331.0	2.89389525735	8.55810175792
3780.0	333.0	6.49284863195	9.87001467695
3780.0	336.0	9.66203225269	10.6019842827
3790.0	169.0	2.31869411274	7.23783574591
3790.0	172.0	0.233405806575	5.53810065235
3790.0	331.0	2.78866270254	8.50201670499
3790.0	333.0	6.54546490935	9.66882446579
3790.0	336.0	9.61825550989	10.1907734478
3800.0	169.0	2.50874410674	7.13306409384
3800.0	172.0	0.463023241176	5.54884034334
3800.0	331.0	2.55715108195	8.43901051787
3800.0	333.0	6.59808118676	9.46739559483
3800.0	336.0	9.56563923248	9.7432863233
3810.0	169.0	2.74025572732	7.09774244348
3810.0	172.0	0.692640675778	5.55958003432
3810.0	331.0	2.31153829902	8.37528835134
3810.0	333.0	6.72267653166	9.29150332244
3810.0	336.0	9.48040086308	9.39675229412
3820.0	169.0	2.98229060339	7.0798429585
3820.0	172.0	0.922258110379	5.57055838511
3820.0	331.0	2.06613598119	8.31180484462
3820.0	333.0	6.86516141088	9.12229352445
3820.0	336.0	9.34654505336	9.20152857795
3830.0	169.0	3.22432547946	7.06194347352
3830.0	172.0	1.15187554498	5.5812980761
3830.0	331.0	1.76411854888	8.31299814362
3830.0	333.0	7.0078567552	8.95284506665
3830.0	336.0	9.20279738349	8.98721207781
3840.0	169.0	3.46636035553	7.04404398854
3840.0	172.0	1.37139065432	5.60731199427
3840.0	331.0	1.45599762839	8.32158989641
3840.0	333.0	7.15370907617	8.77957805206
3840.0	336.0	9.01990320322	8.69652444176
3850.0	169.0	3.7805847642	7.12590429984
3850.0	172.0	1.58669646147	5.64000838683
3850.0	331.0	1.16218833535	8.33590948439
3850.0	333.0	7.30103465291	8.60440175907
3850.0	336.0	8.83679855785	8.40607546551
3860.0	169.0	4.1129091723	7.23258523032
3860.0	172.0	1.8017918035	5.67246611959
3860.0	331.0	0.997815084735	8.40297288811
3860.0	333.0	7.44836022965	8.42946412588
3860.0	336.0	8.66863693526	8.2428321625
3870.0	169.0	4.4452335804	7.33950482059
3870.0	172.0	2.01709761065	5.70516251215
3870.0	331.0	0.833231369007	8.47027495163
3870.0	333.0	7.59905324814	8.20058937795
3870.0	336.0	8.50194856843	8.09366978768
3880.0	169.0	4.7775579885	7.44618575106
3880.0	172.0	2.24061155707	5.7433480801
3880.0	331.0	0.66885811839	8.53733835535
3880.0	333.0	7.75100905729	7.94880328926
3880.0	336.0	8.31337183021	8.09844298368
3890.0	169.0	5.07578704884	7.4991682266
3890.0	172.0	2.48306736336	5.79537591644
3890.0	333.0	7.9240113774	7.67291256079
3890.0	336.0	8.10290672058	8.25762907009
3900.0	169.0	5.37380564407	7.55215070213
3900.0	172.0	2.72552316965	5.84716509298
3900.0	333.0	8.09932881372	7.39439657452
3900.0	336.0	7.84571835662	8.35046773217
3910.0	169.0	5.67203470441	7.60537183747
3910.0	172.0	2.96797897594	5.89895426952
3910.0	333.0	8.25717764594	7.12113110385
3910.0	336.0	7.55401371468	8.43232804348
3920.0	169.0	5.95553120707	7.71610998454
3920.0	172.0	3.21043478223	5.95098210585
3920.0	333.0	8.39755787406	6.85240016937
3920.0	336.0	7.12466489104	8.47051361143
3930.0	169.0	6.21671840812	7.9137202987
3930.0	172.0	3.49687779643	5.9999073648
3930.0	333.0	8.55182879941	6.59106768869
3930.0	336.0	6.69531606741	8.50869917938
3940.0	169.0	6.47790560916	8.11109195306
3940.0	172.0	3.80205220539	6.04763932474
3940.0	333.0	8.83258925565	6.39202541573
3940.0	336.0	6.26554631355	8.53471309755
3950.0	169.0	6.71068002041	8.32922701
3950.0	172.0	4.10722661434	6.09537128468
3950.0	333.0	9.11313924679	6.19322180256
3950.0	336.0	5.83535562948	8.55547650013
3960.0	169.0	6.91504164186	8.56788680971
3960.0	172.0	4.4124010233	6.14310324462
3960.0	333.0	9.39874040055	5.9927475708
3960.0	336.0	5.42642192147	8.56001103632
3970.0	169.0	7.11919279819	8.80654660943
3970.0	172.0	4.77692659317	6.18200479198
3970.0	333.0	9.72832876222	5.77795375106
3970.0	336.0	5.04947891014	8.53996361315
3980.0	169.0	7.29745674605	9.03947857395
3980.0	172.0	5.16691844131	6.21708778254
3980.0	333.0	10.058127589	5.56315993132
3980.0	336.0	4.67232543369	8.52015484977
3990.0	169.0	7.24063116645	9.21990538253
3990.0	172.0	5.55691028944	6.25217077309
3990.0	333.0	10.3887682762	5.34765013218
3990.0	336.0	4.20761847163	8.50034608639
4000.0	169.0	7.18359512174	9.40057085091
4000.0	172.0	5.92817074282	6.27269551587
4000.0	333.0	10.7269857074	5.12617383805
4000.0	336.0	3.74270104447	8.48029866322
4010.0	169.0	7.12676954214	9.5812363193
4010.0	172.0	6.25544398829	6.25956922688
4010.0	333.0	11.0652031386	4.90445888411
4010.0	336.0	3.36049640539	8.39294917652
4020.0	169.0	7.08530791554	9.73445591071
4020.0	172.0	6.58292769887	6.2462042781
4020.0	333.0	11.3884775469	4.71758826094
4020.0	336.0	3.03301269481	8.26025432788
4030.0	169.0	7.06657652079	9.84686467638
4030.0	172.0	6.91020094433	6.23307798912
4030.0	333.0	11.6768147471	4.61138465006
4030.0	336.0	2.70573944935	8.12779813904
4040.0	169.0	7.04805559114	9.95903478224
4040.0	172.0	7.26736023537	6.25622798969
4040.0	333.0	11.9653624124	4.50541969899
4040.0	336.0	2.4117196912	7.98842081601
4050.0	169.0	7.02953466149	10.0714435479
4050.0	172.0	7.63693696787	6.29489087724
4050.0	333.0	12.2701158912	4.39611351072
4050.0	336.0	2.12127783992	7.84856617338
4060.0	169.0	7.16486372698	10.026098186
4060.0	172.0	8.00672416548	6.3335537648
4060.0	333.0	12.5858135556	4.28465938426
4060.0	336.0	1.83104645374	7.70871153074
4070.0	169.0	7.30019279247	9.98051416422
4070.0	172.0	8.3765113631	6.37221665235
4070.0	333.0	12.90151122	4.17344391759
4070.0	336.0	1.47683367424	7.62732853904
4080.0	169.0	7.43552185796	9.93516880227
4080.0	172.0	8.68126484183	6.36410221916
4080.0	333.0	13.241201907	4.04480628554
4080.0	336.0	1.12262089474	7.54570688754
4090.0	169.0	7.57064045834	9.88958478053
4090.0	172.0	8.98622878568	6.35574912617
4090.0	333.0	13.5966774771	3.90495164291
4090.0	336.0	0.768408115243	7.46432389584
4100.0	169.0	7.64703929313	9.86285488296
4100.0	172.0	9.28361598558	6.3316444864
4100.0	333.0	13.9523635124	3.76509700028
4100.0	336.0	0.414195335743	7.38270224434
4110.0	169.0	7.70849510514	9.84089818138
4110.0	172.0	9.51512760617	6.1645826266
4110.0	333.0	14.3006832688	3.63622070843
4120.0	169.0	7.76995091716	9.81894147981
4120.0	172.0	9.74663922676	5.9975207668
4120.0	333.0	14.6458460486	3.51211761258
4130.0	169.0	7.83161719428	9.79674611844
4130.0	172.0	9.98741131217	5.82329911301
4130.0	333.0	14.9910088284	3.38801451673
4140.0	169.0	7.89307300629	9.77478941686
4140.0	172.0	10.3104752554	5.58463931329
4150.0	169.0	7.9545288183	9.75283271529
4150.0	172.0	10.6337496638	5.34597951358
4160.0	169.0	8.0923834651	9.76715230327
4160.0	172.0	10.9944868617	5.1605408492
4170.0	169.0	8.40808112954	9.86667343975
4170.0	172.0	11.4425670801	5.09896662088
4180.0	169.0	8.72377879398	9.96595591643
4180.0	172.0	11.8906472985	5.03715373275
4190.0	169.0	8.96665553049	10.1163115903
4190.0	172.0	12.3423054238	5.0008774432
4200.0	169.0	9.20132412772	10.2723950993
4200.0	172.0	12.8086961067	5.06531558912
4210.0	169.0	9.43809737605	10.4399342787
4210.0	172.0	13.2752972547	5.12999239484
4220.0	169.0	9.67992178701	10.6344420154
4220.0	172.0	13.7416879377	5.19443054076
4230.0	169.0	9.92153573286	10.8289497522
4230.0	172.0	14.1411507157	5.26889239827
4240.0	169.0	10.1090601455	10.9525755284
4240.0	172.0	14.4738960541	5.35361662717
4250.0	169.0	10.2605950245	11.0289466644
4250.0	172.0	14.8066413924	5.43834085607
4260.0	169.0	10.4165496707	11.1046018209
4260.0	172.0	15.1391762656	5.52306508497
4270.0	169.0	10.6118612924	11.1726198638
4270.0	187.0	0.249822085126	6.17579963718
4280.0	169.0	10.8073833793	11.2408765665
4280.0	187.0	0.684432536502	6.56075789412
4290.0	169.0	10.9793333738	11.334431208
4290.0	187.0	1.11883252277	6.94571615106
4300.0	169.0	11.0961415097	11.48693482
4300.0	187.0	1.55344297415	7.330674408
4310.0	169.0	11.2131601106	11.6391997722
4310.0	187.0	1.9350162179	7.6624115296
