1310.0	24.0	14.9358669697	4.4125810369
1320.0	24.0	14.4787367516	4.39873876852
1330.0	24.0	14.0218169986	4.38513515993
1340.0	24.0	13.5646867805	4.37153155135
1350.0	24.0	13.1258670269	4.34718825178
1360.0	24.0	12.6946240173	4.31807175622
1370.0	24.0	12.2633810077	4.28895526065
1380.0	24.0	11.8323484631	4.25983876509
1390.0	24.0	11.4594042889	4.11974546265
1400.0	24.0	11.125606625	3.90590628211
1410.0	24.0	10.7918089612	3.69182844177
1420.0	24.0	10.4230740891	3.52452792217
1430.0	24.0	10.0391857291	3.37703616595
1440.0	24.0	9.65529736918	3.22954440972
1450.0	24.0	9.23205203372	3.13527378884
1460.0	24.0	8.71641251514	3.1651062638
1470.0	24.0	8.20077299656	3.19493873876
1480.0	24.0	7.68513347798	3.22477121373
1490.0	24.0	7.17201954071	3.26963925607
1500.0	24.0	6.66479862651	3.34911296938
1510.0	24.0	6.1573672472	3.42882534248
1520.0	24.0	5.65014633301	3.50829905579
1530.0	24.0	5.18901727782	3.55603101573
1540.0	24.0	4.79671031348	3.55603101573
1550.0	24.0	4.40440334913	3.55603101573
1560.0	24.0	4.0123068499	3.55603101573
1560.0	27.0	9.76642294706	9.21680280513
1570.0	24.0	3.61999988556	3.55603101573
1570.0	27.0	9.76894852838	9.16859352559
1580.0	24.0	3.09636269281	3.52834647896
1580.0	27.0	9.77126364458	9.12038424605
1590.0	24.0	2.57251503495	3.5004232824
1590.0	27.0	9.77357876079	9.07193630671
1600.0	24.0	2.0488778422	3.47273874563
1600.0	27.0	9.775893877	9.02372702717
1610.0	24.0	1.52524064946	3.44505420886
1610.0	27.0	9.77841945831	8.97551774762
1620.0	24.0	1.04011857177	3.5013779216
1620.0	27.0	9.78073457452	8.92730846808
1620.0	29.0	14.934604179	5.85504086637
1630.0	24.0	0.571623237743	3.59373926409
1630.0	27.0	9.78304969072	8.87886052874
1630.0	29.0	14.1558832734	5.89489705292
1640.0	24.0	0.103127903717	3.68610060657
1640.0	27.0	9.78536480693	8.8306512492
1640.0	29.0	13.3771623678	5.93475323947
1650.0	27.0	9.67487062438	8.60511773847
1650.0	29.0	12.6041240201	6.00587385979
1660.0	27.0	9.45114621284	8.20249865635
1660.0	29.0	11.8538159043	6.20300685435
1670.0	27.0	9.18532877939	7.65596771501
1670.0	29.0	11.1035077885	6.40013984892
1680.0	27.0	8.97339041399	7.06552337052
1680.0	29.0	10.3599345562	6.67268934019
1690.0	27.0	8.8203822793	6.44715582946
1690.0	29.0	9.6009973709	6.94714810986
1700.0	27.0	8.68968344622	5.85599550557
1700.0	29.0	8.77828925737	7.19678626036
1710.0	27.0	8.61075903011	5.3290346678
1710.0	29.0	7.95558114384	7.44618575106
1720.0	27.0	8.531834614	4.80207383003
1720.0	29.0	7.09625210124	7.6650367874
1730.0	27.0	8.47437763907	4.39444289212
1730.0	29.0	6.23671259353	7.88364916393
1740.0	27.0	8.41944624546	4.000176903
1740.0	29.0	5.41589866599	8.02947030156
1750.0	27.0	8.40597647844	3.69922689556
1750.0	29.0	4.62097194694	8.12684349984
1760.0	27.0	8.42007764079	3.46056709585
1760.0	29.0	3.82583476277	8.22397803833
1770.0	27.0	8.43396833802	3.22190729613
1770.0	29.0	3.03911618299	8.27672185406
1780.0	29.0	2.25344992876	8.32445381401
1790.0	32.0	6.63470211584	6.01518159198
1800.0	32.0	6.51684165444	6.54977954334
1810.0	32.0	6.39898119305	7.08437749469
1820.0	32.0	6.28596142919	7.62231668325
1830.0	32.0	6.21566608257	8.19056566637
1840.0	32.0	6.14558120107	8.75881464948
1850.0	32.0	5.90270446456	9.1626270306
1860.0	32.0	5.43694517696	9.59006673189
1870.0	32.0	4.89099868259	10.0113012784
1880.0	32.0	4.36020567611	10.4158296389
1890.0	32.0	3.82625569299	10.787422947
1900.0	32.0	3.27904640797	11.0260827468
1910.0	32.0	2.73604642513	11.2279889373
1920.0	32.0	2.20988365107	11.2831193511
1930.0	32.0	1.683720877	11.3382497648
1940.0	32.0	1.27815461076	11.3277487336
1950.0	32.0	0.952775551275	11.2733342993
1960.0	32.0	0.627606956903	11.2191585247
2950.0	46.0	15.113078592	7.65549039541
2960.0	46.0	14.4654774497	7.71062080914
2970.0	46.0	13.8178763074	7.76551256308
2980.0	46.0	13.1658553977	7.84403163718
2990.0	46.0	12.5031007675	7.97648782602
3000.0	46.0	11.8405566024	8.10918267466
3010.0	46.0	11.2131601106	8.2492759771
3020.0	46.0	10.6093357111	8.39461979512
3030.0	46.0	9.99414619568	8.54187289154
3040.0	46.0	9.35327993687	8.69366052416
3050.0	46.0	8.71241367806	8.84759609498
3060.0	46.0	8.0725997448	9.01943115077
3070.0	46.0	7.43278581154	9.19126620656
3080.0	46.0	6.77466141374	9.36596517995
3090.0	46.0	6.10433003958	9.54281209154
3100.0	46.0	5.43399866542	9.71965900313
3110.0	46.0	4.78513473245	9.85235385177
3120.0	46.0	4.13858591568	9.98027550442
3130.0	46.0	3.48993244781	10.1055718993
3140.0	46.0	2.82107432942	10.2077182935
3150.0	46.0	2.15200574592	10.3101033476
3160.0	46.0	1.49430227834	10.4303878867
3170.0	46.0	0.862906949465	10.5921992309
3180.0	46.0	0.231511620588	10.7542492349
3190.0	46.0	-0.399883708289	10.9160605791
4020.0	63.0	14.8419995308	10.3960208755
4030.0	63.0	14.2611158282	10.5201239714
4040.0	63.0	13.6802321257	10.6442270672
4050.0	63.0	13.1246042362	10.796969339
4060.0	63.0	12.5689763468	10.9497116109
4070.0	63.0	12.0133484574	11.0499487267
4080.0	63.0	11.457720568	11.0976806867
4090.0	63.0	10.9020926786	11.1454126466
4100.0	63.0	10.2949008373	11.2189198649
4110.0	63.0	9.68791946117	11.2921884234
4120.0	63.0	9.11671715365	11.3840724463
4130.0	63.0	8.59918344908	11.5034023462
4140.0	63.0	8.08186020962	11.622732246
4150.0	63.0	7.53465092459	11.7420621459
4160.0	63.0	6.98744163957	11.8613920458
4170.0	63.0	6.44023235454	11.9807219456
4180.0	63.0	5.91806841756	12.0690260715
4190.0	63.0	5.39569401547	12.1575688572
4200.0	63.0	4.87353007849	12.2458729831
4280.0	67.0	15.2242041699	7.17315894019
4290.0	67.0	14.4496925665	7.10633419627
4300.0	67.0	13.675180963	7.03950945235
4310.0	67.0	12.8878309879	6.9927321316
4310.0	68.0	10.3127903717	9.61798992845
4320.0	67.0	12.070174037	6.9927321316
4320.0	68.0	9.8918601524	9.48386312101
4330.0	67.0	11.2525170861	6.9927321316
4330.0	68.0	9.40779040026	9.27193321887
4340.0	67.0	10.467061297	7.06242079312
4340.0	68.0	8.82901134879	8.94377599426
4350.0	67.0	9.69549620512	7.1617032698
4350.0	68.0	8.2607555528	8.69914969956
4360.0	67.0	8.95886832143	7.29248884004
4360.0	68.0	7.69776138455	8.47838938482
4370.0	67.0	8.30411136538	7.4955883296
4370.0	68.0	7.14529047179	8.26956206007
4380.0	67.0	7.64914394423	7.69892647896
4380.0	68.0	6.60860444224	8.06670123031
4390.0	67.0	7.00364745301	7.93448370127
4390.0	68.0	6.08244166818	7.86789761715
4400.0	67.0	6.36404398486	8.19152030556
4400.0	68.0	5.57837773062	7.67720843718
4410.0	67.0	5.72465098181	8.44855690986
4410.0	68.0	5.07999635103	7.48890585521
4420.0	67.0	4.98381379593	8.68721670957
4420.0	68.0	4.49174636963	7.4134893585
4430.0	67.0	4.24297661005	8.92587650928
4430.0	68.0	3.89360452807	7.35072183117
4440.0	67.0	3.51224174943	9.15069404061
4440.0	68.0	3.32366501121	7.29105688125
4450.0	67.0	2.79181967918	9.36190796336
4450.0	68.0	2.75351502923	7.23139193132
4460.0	67.0	2.07139760893	9.57312188611
4460.0	68.0	2.16484411761	7.11898316565
4470.0	67.0	1.4059069323	9.89483529612
4470.0	68.0	1.56354529941	6.97125274963
4480.0	67.0	0.746519743842	10.2289590157
4480.0	68.0	0.986449968815	6.69345274276
4490.0	67.0	0.0869220902753	10.5630827353
4490.0	68.0	0.433979056048	6.28558314505
4500.0	68.0	-0.118491856719	5.87795220714
4960.0	83.0	15.153487893	8.93279764347
4970.0	83.0	14.5220925642	9.01799919197
4980.0	83.0	13.8906972353	9.10320074047
4990.0	83.0	13.2593019064	9.18840228897
5000.0	83.0	12.5978100669	9.29914043603
5010.0	83.0	11.9363182273	9.4101172429
5020.0	83.0	11.2824031317	9.54138013274
5030.0	83.0	10.6581636165	9.75545797309
5040.0	83.0	10.0341345665	9.96929715363
5050.0	83.0	9.40084505164	10.1721579834
5060.0	83.0	8.7460880956	10.349004895
5070.0	83.0	8.09112067444	10.5258518066
5080.0	83.0	7.46309278732	10.6490002632
5090.0	83.0	6.85274396941	10.7365884097
5100.0	83.0	6.24239515149	10.8239378964
5110.0	83.0	5.60489633444	10.9525755284
5120.0	83.0	4.94908705284	11.1086590375
5130.0	83.0	4.29348823636	11.2647425465
5140.0	83.0	3.64651848937	11.3795379101
5150.0	83.0	2.99954874238	11.4945719336
5160.0	83.0	2.35089527452	11.6055487405
5170.0	83.0	1.69845343468	11.7069791553
5180.0	83.0	1.04601159484	11.8084095702
5190.0	83.0	0.393569755	11.9098399851
5200.0	83.0	-0.258872084839	12.0112704
5660.0	95.0	0.0311488362246	12.3298812326
5670.0	95.0	0.506589518869	12.1353734958
5680.0	95.0	0.982240666622	11.9408657591
5690.0	95.0	1.4585232097	11.7518471977
5700.0	95.0	1.94175110141	11.6103219365
5710.0	95.0	2.42497899311	11.469035335
5720.0	95.0	2.93746153504	11.326078115
5730.0	95.0	3.49372081978	11.1812116166
5740.0	95.0	4.04998010452	11.0363451181
5750.0	95.0	4.59508473845	10.9146286203
5760.0	95.0	5.13303355866	10.8086636692
5770.0	95.0	5.67077191375	10.7024600583
5780.0	95.0	6.17231026999	10.5552069619
5790.0	95.0	6.66984978914	10.4034193293
5800.0	95.0	7.13476721631	10.2027064377
5810.0	95.0	7.58579394623	9.98099148382
5820.0	95.0	8.03682067616	9.75951518968
5830.0	95.0	8.55898461314	9.59412394848
5840.0	95.0	9.08893575918	9.43493786207
5850.0	95.0	9.61909737033	9.26525074448
5860.0	95.0	10.1490485164	9.05308218253
5870.0	95.0	10.6792101275	8.84091362059
5880.0	95.0	11.2455717375	8.69151258596
5890.0	95.0	11.8481333464	8.60487907867
5900.0	95.0	12.4443810019	8.47528680742
5910.0	95.0	13.0252647045	8.2461733997
5920.0	95.0	13.6061484071	8.01705999197
5930.0	95.0	14.1432553668	7.80226617223
