20.0	1.0	14.4947320999	5.3292733276
30.0	1.0	14.0542286255	5.35146868897
40.0	1.0	13.613725151	5.37366405035
50.0	1.0	13.1725902812	5.39371147352
60.0	1.0	12.7264042488	5.39371147352
70.0	1.0	12.2802182164	5.39371147352
80.0	1.0	11.834032184	5.39371147352
90.0	1.0	11.3878461516	5.39371147352
100.0	1.0	10.9561822118	5.39776869012
110.0	1.0	10.6541647795	5.43929549527
120.0	1.0	10.3521473472	5.48082230042
130.0	1.0	10.0008810792	5.4977671462
140.0	1.0	9.63740783486	5.50874549699
150.0	1.0	9.19353691866	5.4999150844
160.0	1.0	8.69599739951	5.47843570242
170.0	1.0	8.19866834546	5.45671766065
180.0	1.0	7.70070789609	5.42712384548
190.0	1.0	7.20148465606	5.37939188554
200.0	1.0	6.70247188113	5.3316599256
210.0	1.0	6.2032486411	5.28392796566
220.0	1.0	5.71539051699	5.30087281144
230.0	1.0	5.23005797419	5.3340465236
240.0	1.0	4.7447254314	5.36722023576
250.0	1.0	4.26254986525	5.38679033933
260.0	1.0	3.79216034523	5.35170734877
270.0	1.0	3.32156036011	5.31638569842
280.0	1.0	2.8511708401	5.28130270786
290.0	1.0	2.40161736594	5.29037178025
300.0	1.0	1.95732551952	5.31018054362
310.0	1.0	1.5130336731	5.329989307
320.0	1.0	1.07484531486	5.36984549355
330.0	1.0	0.661491839553	5.48917539341
340.0	1.0	0.248138364248	5.60850529327
350.0	1.0	-0.165425576166	5.72783519312
450.0	12.0	0.147325576738	4.31974237481
460.0	12.0	0.659387188457	4.40733052131
470.0	12.0	1.17165926529	4.494680008
480.0	12.0	1.683720877	4.5822681545
490.0	12.0	2.13706272314	4.61902176365
500.0	12.0	2.59040456927	4.65577537281
510.0	12.0	3.0437464154	4.69252898197
520.0	12.0	3.49687779643	4.72498671473
530.0	12.0	3.94853592168	4.71902021973
540.0	12.0	4.40019404694	4.71329238454
550.0	12.0	4.85206263731	4.70732588955
560.0	12.0	5.30372076256	4.70159805435
570.0	12.0	5.64741028658	4.73333980772
580.0	12.0	5.99131027571	4.76532022088
590.0	12.0	6.33499979973	4.79706197424
600.0	12.0	6.74645908905	4.80780166523
610.0	12.0	7.15770791325	4.81878001601
620.0	12.0	7.59863231792	4.7462274369
630.0	12.0	8.04713346653	4.65291145521
640.0	12.0	8.52467880027	4.55315165893
650.0	12.0	9.03126831914	4.44694804806
660.0	12.0	9.53806830312	4.34098309699
670.0	12.0	10.0758066582	4.20661762975
680.0	12.0	10.6215426875	4.06509236852
690.0	12.0	11.1689624376	3.93311349928
700.0	12.0	11.7330089314	3.88538153933
710.0	12.0	12.2970554252	3.83764957939
720.0	12.0	12.8665740118	3.8283418472
730.0	12.0	13.4400914356	3.84480937338
740.0	12.0	14.0133983942	3.86127689956
750.0	12.0	14.5342995405	3.76963153647
760.0	12.0	15.0326809201	3.63144751244
990.0	19.0	0.313593013342	5.1674619834
1000.0	19.0	0.937622063382	5.20851146895
1010.0	19.0	1.56186157853	5.2497996143
1020.0	19.0	2.17263132666	5.27843879026
1030.0	19.0	2.7638278196	5.28870116165
1040.0	19.0	3.35481384743	5.29872487324
1050.0	19.0	3.94601034037	5.30898724463
1060.0	19.0	4.5369963682	5.31901095621
1070.0	19.0	5.14313588392	5.3280800286
1080.0	19.0	5.75579981804	5.33667178139
1090.0	19.0	6.36846375216	5.34502487438
1100.0	19.0	6.98112768628	5.35361662717
1110.0	19.0	7.59358115529	5.36220837996
1120.0	19.0	8.2081392754	5.36101508096
1130.0	19.0	8.83953460427	5.27271095507
1140.0	19.0	9.47092993315	5.18464548897
1150.0	19.0	10.102325262	5.09634136308
1160.0	19.0	10.7337205909	5.00827589699
1170.0	19.0	11.3207077816	4.95075888526
1180.0	19.0	11.8632868343	4.92426764749
1190.0	19.0	12.4056554218	4.89777640972
1200.0	19.0	12.9482344744	4.87128517195
1210.0	19.0	13.490813527	4.84479393418
1220.0	19.0	13.9172158391	4.82021197481
1230.0	19.0	14.3434076861	4.79586867524
1240.0	19.0	14.7698099982	4.77128671587
1250.0	19.0	15.1962123103	4.7469434163
1520.0	35.0	15.218732077	6.1621960286
1530.0	35.0	14.7205611625	6.30539190843
1540.0	35.0	14.2226007132	6.44858778826
1550.0	35.0	13.7244297987	6.59178366809
1560.0	35.0	13.1839553972	6.73116099112
1570.0	35.0	12.6253809962	6.86886769555
1580.0	35.0	12.0571252002	7.00729037939
1590.0	35.0	11.4002635931	7.15191821801
1600.0	35.0	10.7431915208	7.29654605664
1610.0	35.0	10.0863299137	7.44117389527
1620.0	35.0	9.42083923706	7.54236565034
1630.0	35.0	8.75324390933	7.63305637424
1640.0	35.0	8.08543811648	7.72350843833
1650.0	35.0	7.41784278875	7.85119143117
1660.0	35.0	6.75003699591	7.98269298082
1670.0	35.0	6.08244166818	8.11443319026
1680.0	35.0	5.43862889783	8.19868009956
1690.0	35.0	4.79481612749	8.28292700885
1700.0	35.0	4.15121382225	8.36717391815
1710.0	35.0	3.54717895763	8.46216051844
1720.0	35.0	2.96987316193	8.56454557252
1730.0	35.0	2.39277783133	8.66669196679
1740.0	35.0	1.82178598892	8.76931568067
1750.0	35.0	1.30719879588	8.87551929154
1760.0	35.0	0.792822067959	8.98148424262
1770.0	35.0	0.362420918775	9.16716156679
1780.0	35.0	0.0585093004759	9.47216879083
2080.0	46.0	15.2597727734	5.65408931501
2090.0	46.0	14.6953053494	5.74096148211
2100.0	46.0	14.1308379254	5.8275949894
2110.0	46.0	13.5648972456	5.9125578781
2120.0	46.0	12.9976937751	5.9956114884
2130.0	46.0	12.4494321646	6.09059808869
2140.0	46.0	11.977990319	6.23379396852
2150.0	46.0	11.5065484734	6.37698984834
2160.0	46.0	11.0024845359	6.47770428382
2170.0	46.0	10.484319436	6.56028057452
2180.0	46.0	9.9705741034	6.63784500943
2190.0	46.0	9.49534388587	6.66863212359
2200.0	46.0	9.02011366833	6.69941923776
2210.0	46.0	8.5448834508	6.73020635192
2220.0	46.0	8.06376021019	6.71660274334
2230.0	46.0	7.5828474347	6.70299913475
2240.0	46.0	7.10172419409	6.68939552617
2250.0	46.0	6.61028816312	6.66099501
2260.0	46.0	6.10832887666	6.61827490585
2270.0	46.0	5.6063695902	6.57531614191
2280.0	46.0	5.10462076886	6.53259603776
2290.0	46.0	4.63654636505	6.4987063462
2300.0	46.0	4.19120219308	6.47102180943
2310.0	46.0	3.74585802112	6.44333727266
2320.0	46.0	3.30030338404	6.4154140761
2330.0	46.0	2.85664293295	6.39703727152
2340.0	46.0	2.41698131894	6.40061716852
2350.0	46.0	1.97710923982	6.40419706551
2360.0	46.0	1.5372371607	6.40777696251
2370.0	46.0	1.0975755467	6.4113568595
2380.0	46.0	0.65770346758	6.4149367565
2380.0	53.0	14.9798541776	5.03786971215
2390.0	46.0	0.218041853572	6.41851665349
2390.0	53.0	14.5063076809	5.06030373332
2400.0	53.0	14.0327611843	5.0827377545
2410.0	53.0	13.5592146876	5.10517177567
2420.0	53.0	13.0498891223	5.12832177624
2430.0	53.0	12.53656472	5.15147177681
2440.0	53.0	12.0232403176	5.17486043719
2450.0	53.0	11.5099159152	5.19801043776
2460.0	53.0	11.023741512	5.11257022946
2470.0	53.0	10.5443019922	4.999922804
2480.0	53.0	10.0648624725	4.88727537853
2490.0	53.0	9.58016132504	4.79181145865
2500.0	53.0	9.0739927364	4.76603620028
2510.0	53.0	8.56761368264	4.74026094191
2520.0	53.0	8.06144509399	4.71448568354
2530.0	53.0	7.57990092316	4.70732588955
2540.0	53.0	7.12298117017	4.71902021973
2550.0	53.0	6.66606141717	4.73071454992
2560.0	53.0	6.20914166417	4.74240888011
2570.0	53.0	5.73812074883	4.7471820761
2580.0	53.0	5.2454219272	4.74169290071
2590.0	53.0	4.75272310556	4.73620372531
2600.0	53.0	4.26002428393	4.73095320972
2610.0	53.0	3.7673254623	4.72546403433
2620.0	53.0	3.2689440827	4.73811300371
2630.0	53.0	2.770352238	4.7505233133
2640.0	53.0	2.27197085841	4.76317228268
2650.0	53.0	1.77927203677	4.77820785006
2660.0	53.0	1.3097243772	4.80255114963
2670.0	53.0	0.840176717625	4.827133109
2680.0	53.0	0.37083952316	4.85147640858
2690.0	53.0	-0.0987081364144	4.87605836795
2920.0	55.0	14.7089855815	8.19438422316
2930.0	55.0	13.9885635113	8.01992390957
2940.0	55.0	13.268141441	7.84546359598
2950.0	55.0	12.5016275118	7.64904658082
2960.0	55.0	11.7298519548	7.45024296765
2970.0	55.0	10.9949077919	7.31277492302
2980.0	55.0	10.2965845582	7.23688110671
2990.0	55.0	9.58247644125	7.1621805894
3000.0	55.0	8.83174739522	7.09058264949
3010.0	55.0	8.08122881429	7.01898470957
3020.0	55.0	7.33870790753	6.96218367724
3030.0	55.0	6.61512886064	6.93974965607
3040.0	55.0	5.89176027886	6.91731563489
3050.0	55.0	5.17133820861	6.90848522231
3060.0	55.0	4.47785567239	7.02089398797
3070.0	55.0	3.78458360129	7.13306409384
3080.0	55.0	3.09131153018	7.2454728595
3090.0	55.0	2.50516619987	7.30131925263
3100.0	55.0	1.96511272857	7.3332996658
3110.0	55.0	1.42484879216	7.36504141916
3120.0	55.0	0.922889505708	7.41945585349
3130.0	55.0	0.437136032692	7.48389399941
3140.0	55.0	-0.0486174403235	7.54809348554
3320.0	66.0	15.1113948711	5.94262901286
3330.0	66.0	14.560186749	6.03355839656
3340.0	66.0	14.0089786269	6.12448778025
3350.0	66.0	13.471661202	6.23116871072
3360.0	66.0	12.936027498	6.33975891959
3370.0	66.0	12.4258600723	6.46290737624
3380.0	66.0	11.9268472974	6.59249964748
3390.0	66.0	11.4276240573	6.72209191873
3400.0	66.0	10.9231391896	6.85096821057
3410.0	66.0	10.3969764155	6.97793522402
3420.0	66.0	9.87081364144	7.10466357767
3430.0	66.0	9.34465086737	7.23139193132
3440.0	66.0	8.82606483726	7.27411203547
3450.0	66.0	8.30726834203	7.31659347982
3460.0	66.0	7.78720905614	7.35692698597
3470.0	66.0	7.26104628208	7.38843007953
3480.0	66.0	6.73488350802	7.41969451329
3490.0	66.0	6.20872073395	7.45119760685
3500.0	66.0	5.68760912252	7.48126874162
3510.0	66.0	5.17365332481	7.50943059798
3520.0	66.0	4.65990799222	7.53735379455
3530.0	66.0	4.14616265962	7.56551565092
3540.0	66.0	3.65704174485	7.68818678797
3550.0	66.0	3.16771036497	7.81061926522
3560.0	66.0	2.6785894502	7.93329040227
3570.0	66.0	2.20756853486	8.06932648811
3580.0	66.0	1.77885110655	8.23734298711
3590.0	66.0	1.35013367825	8.40535948611
3600.0	66.0	1.00433950313	8.61060691386
3610.0	66.0	0.714108116959	8.84115228038
3620.0	66.0	0.423876730786	9.07145898711
3630.0	66.0	0.288968595516	9.3258703336
3640.0	66.0	0.220777899997	9.59030539169
3650.0	66.0	0.152376739369	9.85474044977
3660.0	66.0	0.0841860438502	10.1191755079
4890.0	91.0	15.0297344086	3.39589029012
4900.0	91.0	14.4107565212	3.78896298025
4910.0	91.0	13.7987239824	4.12976917424
4920.0	91.0	13.1936367922	4.4180702123
4930.0	91.0	12.5858135556	4.69968877596
4940.0	91.0	11.9544182267	4.91997177109
4950.0	91.0	11.3230228979	5.14025476623
4960.0	91.0	10.7112008242	5.38750631873
4970.0	91.0	10.1187415406	5.6614877688
4980.0	91.0	9.52628225698	5.93546921887
4990.0	91.0	8.98370320437	6.19536974076
5000.0	91.0	8.45375205833	6.45169036565
5010.0	91.0	7.92485323784	6.69989655736
5020.0	91.0	7.40668813794	6.87435687095
5030.0	91.0	6.88873350315	7.04881718454
5040.0	91.0	6.31879398629	7.19010378597
5050.0	91.0	5.69686958734	7.29869399484
5060.0	91.0	5.09641262958	7.37458781115
5070.0	91.0	4.54604636791	7.37458781115
5080.0	91.0	3.99568010624	7.37458781115
5090.0	91.0	3.46888593685	7.39487389412
5100.0	91.0	2.95219409272	7.42375172989
5110.0	91.0	2.4357127137	7.45262956565
5120.0	91.0	1.95101156623	7.50895327838
5130.0	91.0	1.51450692887	7.60608781687
5140.0	91.0	1.0780022915	7.70346101515
5150.0	91.0	0.753465092459	7.87100019455
5160.0	91.0	0.476913938411	8.06884916851
5170.0	91.0	0.200152319254	8.26645948267
5180.0	91.0	-0.0763988347941	8.46430845664
5580.0	110.0	14.8142181363	4.22905165092
5590.0	110.0	14.3343576864	4.18131969098
5600.0	110.0	13.8544972364	4.13358773104
5610.0	110.0	13.3668495774	4.14408876222
5610.0	111.0	-0.0966034853181	4.46508619284
5620.0	110.0	12.8781495929	4.1612722678
5620.0	111.0	0.436083707144	4.45768773905
5630.0	110.0	12.3913437943	4.18800216537
5630.0	111.0	0.968770899606	4.45028928526
5640.0	110.0	11.9199019488	4.30255886923
5640.0	111.0	1.50145809207	4.44289083147
5650.0	110.0	11.4484601032	4.4171155731
5650.0	111.0	2.01562435488	4.39682949012
5660.0	110.0	10.998906629	4.51067021458
5660.0	111.0	2.51126968805	4.31210526122
5670.0	110.0	10.5638752474	4.59014392789
5670.0	111.0	3.00691502122	4.22738103232
5680.0	110.0	10.1290543309	4.66985630099
5680.0	111.0	3.44699756545	4.13096247324
5690.0	110.0	9.68497294964	4.67200423919
5690.0	111.0	3.80394639137	4.01664442918
5700.0	110.0	9.23499854526	4.62260166065
5700.0	111.0	4.14826731072	3.91879391129
5710.0	110.0	8.78502414088	4.57319908211
5710.0	111.0	4.37977893131	3.96652587124
5720.0	110.0	8.36367299141	4.52594444177
5720.0	111.0	4.62349752825	4.00566607839
5730.0	110.0	7.95431835319	4.47940578082
5730.0	111.0	4.97707891242	3.96748051044
5740.0	110.0	7.54517418008	4.43310577968
5740.0	111.0	5.3306602966	3.92929494248
5750.0	110.0	7.14171256492	4.39492021172
5750.0	111.0	5.62362772919	3.90256504491
5760.0	110.0	6.79107769229	4.43024186208
5760.0	111.0	5.87618586074	3.88347226094
5770.0	110.0	6.44023235454	4.46556351244
5770.0	111.0	6.1135905044	3.87082329155
5780.0	110.0	6.08096841241	4.50589701859
5780.0	111.0	6.21503468724	3.9149753545
5790.0	110.0	5.70928702881	4.55362897853
5790.0	111.0	6.31626840497	3.95912741745
5800.0	110.0	5.3373951801	4.60136093848
5800.0	111.0	6.43181375016	4.01903102717
5810.0	110.0	4.92488356524	4.65124083662
5810.0	111.0	6.56861607141	4.10256195707
5820.0	110.0	4.45133706858	4.70422331215
5820.0	111.0	6.65511723147	4.15268051501
5830.0	110.0	3.97779057192	4.75720578769
5830.0	111.0	6.66627188228	4.15268051501
5840.0	110.0	3.50424407527	4.81042692302
5840.0	111.0	6.67721606798	4.15268051501
5850.0	110.0	3.0239626951	4.827133109
5850.0	111.0	6.68837071879	4.15268051501
5860.0	110.0	2.54178712895	4.8347702226
5860.0	111.0	6.6995253696	4.15268051501
5870.0	110.0	2.05982202791	4.84240733619
5870.0	111.0	6.7104695553	4.15268051501
5880.0	110.0	1.6005871587	4.84861249098
5880.0	111.0	6.72162420611	4.15268051501
5890.0	110.0	1.15082321943	4.85410166637
5890.0	111.0	6.73256839181	4.15268051501
5900.0	110.0	0.701269745272	4.85935218197
5900.0	111.0	6.74372304262	4.15268051501
5910.0	110.0	0.251505806003	4.86484135736
5910.0	111.0	6.75487769343	4.15268051501
5920.0	110.0	-0.198047668158	4.87033053275
5920.0	111.0	6.76582187913	4.15268051501
5930.0	111.0	6.77697652994	4.15268051501
5940.0	111.0	6.77844978571	4.15339649441
5950.0	111.0	6.77992304148	4.15435113361
5960.0	111.0	6.78139629724	4.15506711301
5970.0	111.0	6.78286955301	4.15602175221
5980.0	111.0	6.78413234367	4.15673773161
5990.0	111.0	6.78560559944	4.15769237081
6000.0	111.0	6.7870788552	4.15840835021
6010.0	111.0	6.78855211097	4.15936298941
6020.0	111.0	6.79002536674	4.16007896881
6020.0	117.0	14.7241390694	7.89009297853
6030.0	111.0	6.79149862251	4.1607949482
6030.0	117.0	14.1179995537	7.72780431472
6040.0	111.0	6.79297187827	4.1617495874
6040.0	117.0	13.511860038	7.56551565092
6050.0	111.0	6.79444513404	4.1624655668
6050.0	117.0	12.8230077342	7.44618575106
6060.0	111.0	6.79591838981	4.163420206
6060.0	117.0	12.1343658955	7.3268558512
6070.0	111.0	6.79739164558	4.1641361854
6070.0	117.0	11.4602461493	7.35955224376
6080.0	111.0	6.79865443623	4.1650908246
6080.0	117.0	10.7899147752	7.43019554448
6090.0	111.0	6.800127692	4.165806804
6090.0	117.0	10.111796192	7.498690907
6100.0	111.0	6.80160094777	4.1667614432
6100.0	117.0	9.36464505279	7.54642286694
6110.0	111.0	6.80307420354	4.1674774226
6110.0	117.0	8.62422879713	7.58651771329
6120.0	111.0	6.8045474593	4.1684320618
6120.0	117.0	7.94421602793	7.55907183632
6130.0	111.0	6.80602071507	4.16914804119
6130.0	117.0	7.26420325873	7.53162595936
6140.0	111.0	6.80749397084	4.16986402059
6140.0	117.0	6.59303002413	7.49129245321
6140.0	120.0	15.1833739386	4.36031454076
6150.0	111.0	6.80896722661	4.17081865979
6150.0	117.0	5.93048585903	7.43830997767
6150.0	120.0	14.7178251161	4.39635217052
6160.0	111.0	6.81044048237	4.17153463919
6160.0	117.0	5.26794169393	7.38508884233
6160.0	120.0	14.2522762936	4.43262846008
6170.0	111.0	6.81191373814	4.17248927839
6170.0	117.0	4.60771264503	7.48270070042
6170.0	120.0	13.7867274711	4.46866608983
6180.0	111.0	6.8131765288	4.17320525779
6180.0	117.0	3.94832545657	7.61802080685
6180.0	120.0	13.308340277	4.51067021458
6190.0	111.0	6.81464978456	4.17415989699
6190.0	117.0	3.28893826812	7.75334091329
6190.0	120.0	12.8173251762	4.55840217453
6200.0	111.0	6.81612304033	4.17487587639
6200.0	117.0	2.71415805373	7.9146749379
6200.0	120.0	12.3263100754	4.60613413447
6210.0	111.0	6.8175962961	4.17583051559
6210.0	117.0	2.16084528053	8.0826914369
6210.0	120.0	11.858867067	4.67510681659
6220.0	111.0	6.81906955187	4.17654649499
6220.0	117.0	1.6224755301	8.26836876107
6220.0	120.0	11.4152066159	4.76555888068
6230.0	111.0	6.82054280763	4.17726247438
6230.0	117.0	1.22069763583	8.61561876966
6230.0	120.0	10.9715461648	4.85577228497
6240.0	111.0	6.8220160634	4.17821711358
6240.0	117.0	0.818919741553	8.96286877824
6240.0	120.0	10.5278857137	4.94598568926
6250.0	111.0	6.82348931917	4.17893309298
6250.0	117.0	0.604455794845	9.4098785831
6250.0	120.0	10.0665461934	5.07414600171
6260.0	111.0	6.82496257494	4.17988773218
6260.0	117.0	0.410827893989	9.86810539855
6260.0	120.0	9.6009973709	5.21137538654
6270.0	111.0	6.82622536559	4.18060371158
6270.0	117.0	0.217199993134	10.326332214
6270.0	120.0	9.13544854841	5.34884343118
6280.0	111.0	6.82769862136	4.18155835078
6280.0	120.0	8.70546832944	5.52783828096
6290.0	111.0	6.82917187713	4.18227433018
6290.0	120.0	8.31084624889	5.7485985957
6300.0	111.0	6.8306451329	4.18322896938
6300.0	120.0	7.91622416834	5.96935891043
6310.0	111.0	6.83211838866	4.18394494878
6310.0	120.0	7.52139162269	6.19011922517
6320.0	111.0	6.83359164443	4.18466092818
6320.0	120.0	7.14002884405	6.38582026093
6330.0	111.0	6.8350649002	4.18561556737
6330.0	120.0	6.7717149022	6.55622335793
6340.0	111.0	6.83653815597	4.18633154677
6340.0	120.0	6.40340096036	6.72686511472
6350.0	111.0	6.83801141173	4.18728618597
6350.0	120.0	6.03782306494	6.82280635421
6360.0	111.0	6.8394846675	4.18800216537
6360.0	120.0	5.67371842528	6.88724450013
6370.0	111.0	6.84074745816	4.18895680457
6370.0	120.0	5.3066672741	6.95096666665
6380.0	111.0	6.84222071393	4.18967278397
6380.0	120.0	4.91499170508	7.01063161658
6390.0	111.0	6.84369396969	4.19062742317
6390.0	120.0	4.52331613607	7.07029656651
6400.0	111.0	6.84516722546	4.19134340257
6400.0	120.0	4.13164056706	7.12996151644
6410.0	111.0	6.84664048123	4.19229804177
6410.0	120.0	3.70060802255	7.11993780485
6420.0	111.0	6.848113737	4.19301402117
6420.0	120.0	3.23063943275	7.04046409155
6430.0	111.0	6.84958699276	4.19373000056
6430.0	120.0	2.76067084296	6.96099037824
6440.0	111.0	6.85106024853	4.19468463976
6440.0	120.0	2.30333015974	6.85932130356
6450.0	111.0	6.8525335043	4.19540061916
6450.0	120.0	1.85903831332	6.73545686751
6460.0	111.0	6.85400676006	4.19635525836
6460.0	120.0	1.4147464669	6.61183109126
6470.0	111.0	6.85526955072	4.19707123776
6470.0	120.0	0.971717411141	6.50133160399
6480.0	111.0	6.85674280649	4.19802587696
6480.0	120.0	0.529109285599	6.39441201372
6490.0	111.0	6.85821606226	4.19874185636
6490.0	120.0	0.0862906949465	6.28749242345
6500.0	111.0	6.85968931802	4.19969649556
6510.0	111.0	6.86116257379	4.20041247496
6520.0	111.0	6.86263582956	4.20112845436
6530.0	111.0	6.86410908533	4.20208309355
6540.0	111.0	6.86558234109	4.20279907295
6550.0	111.0	6.86705559686	4.20375371215
6560.0	111.0	6.86831838752	4.20446969155
6570.0	111.0	6.86979164329	4.20542433075
6580.0	111.0	6.87126489905	4.20614031015
6590.0	111.0	6.87273815482	4.20709494935
6600.0	111.0	6.87421141059	4.20781092875
6610.0	111.0	6.87568466636	4.20852690815
6620.0	111.0	6.87715792212	4.20948154735
6630.0	111.0	6.87863117789	4.21019752674
6640.0	111.0	6.88010443366	4.21115216594
6650.0	111.0	6.88157768943	4.21186814534
6660.0	111.0	6.88284048008	4.21282278454
6670.0	111.0	6.88431373585	4.21353876394
6680.0	111.0	6.88578699162	4.21449340314
6690.0	111.0	6.88726024739	4.21520938254
6700.0	111.0	6.88873350315	4.21616402174
6710.0	111.0	6.89020675892	4.21688000114
6720.0	111.0	6.89168001469	4.21759598054
6730.0	111.0	6.89315327046	4.21855061973
6740.0	111.0	6.89462652622	4.21926659913
6750.0	111.0	6.89609978199	4.22022123833
6760.0	111.0	6.89736257265	4.22093721773
6770.0	111.0	6.89883582842	4.22189185693
6780.0	111.0	6.90030908418	4.22260783633
6790.0	111.0	6.90178233995	4.22356247553
6800.0	111.0	6.90325559572	4.22427845493
6810.0	111.0	6.90304513061	4.22427845493
6820.0	111.0	6.90262420039	4.22427845493
6830.0	111.0	6.90241373528	4.22427845493
6840.0	111.0	6.90199280506	4.22427845493
6850.0	111.0	6.90178233995	4.22427845493
6860.0	111.0	6.90136140973	4.22427845493
6870.0	111.0	6.90115094462	4.22427845493
6880.0	111.0	6.9007300144	4.22427845493
6890.0	111.0	6.90051954929	4.22427845493
6900.0	111.0	6.90030908418	4.22427845493
6910.0	111.0	6.89988815396	4.22427845493
6920.0	111.0	6.89967768885	4.22427845493
6930.0	111.0	6.89925675863	4.22427845493
6940.0	111.0	6.89904629352	4.22427845493
6950.0	111.0	6.89862536331	4.22427845493
6960.0	111.0	6.8984148982	4.22427845493
6970.0	111.0	6.89799396798	4.22427845493
6980.0	111.0	6.89778350287	4.22427845493
6990.0	111.0	6.89757303776	4.22427845493
7000.0	111.0	6.89715210754	4.22427845493
7010.0	111.0	6.89694164243	4.22427845493
7020.0	111.0	6.89652071221	4.22427845493
7030.0	111.0	6.8963102471	4.22427845493
7030.0	136.0	15.0726692909	7.88508112273
7040.0	111.0	6.89588931688	4.22427845493
7040.0	136.0	14.684992559	7.74069194391
7050.0	111.0	6.89567885177	4.22427845493
7050.0	136.0	14.2973158271	7.59630276508
7060.0	111.0	6.89525792155	4.22427845493
7060.0	136.0	13.90942863	7.45191358625
7070.0	111.0	6.89504745644	4.22427845493
7070.0	136.0	13.4969170152	7.32327595421
7080.0	111.0	6.89483699133	4.22427845493
7080.0	136.0	13.0265274952	7.23210791072
7090.0	111.0	6.89441606111	4.22427845493
7090.0	136.0	12.5561379751	7.14093986723
7100.0	111.0	6.894205596	4.22427845493
7100.0	136.0	12.0857484551	7.04953316394
7110.0	111.0	6.89378466578	4.22427845493
7110.0	136.0	11.6056775401	7.04810120514
7120.0	111.0	6.89357420067	4.22427845493
7120.0	136.0	11.1245542995	7.05669295793
7130.0	111.0	6.89315327046	4.22427845493
7130.0	136.0	10.6457461751	7.0827068761
7140.0	111.0	6.89294280535	4.22427845493
7140.0	136.0	10.1865113059	7.26719090127
7140.0	137.0	0.255504643085	4.38680577853
7150.0	111.0	6.89252187513	4.22427845493
7150.0	136.0	9.72727643667	7.45167492645
7150.0	137.0	0.682327885406	4.47296196623
7160.0	111.0	6.89231141002	4.22427845493
7160.0	136.0	9.30255784545	7.61873678625
7160.0	137.0	1.10894066262	4.55911815393
7170.0	111.0	6.89210094491	4.22427845493
7170.0	136.0	8.8816276262	7.78388936765
7170.0	137.0	1.53576390494	4.64527434162
7180.0	111.0	6.89168001469	4.22427845493
7180.0	136.0	8.44449159351	7.89725277252
7180.0	137.0	1.88850342867	4.84908981058
7190.0	111.0	6.89146954958	4.22427845493
7190.0	136.0	7.96926137597	7.88961565893
7190.0	137.0	2.23282434802	5.06603156852
7200.0	111.0	6.89104861936	4.22427845493
7200.0	136.0	7.49382069333	7.88197854534
7200.0	137.0	2.68974410101	5.22306971673
7210.0	111.0	6.89083815425	4.22427845493
7210.0	136.0	7.02595675463	7.85978318396
7210.0	137.0	3.19486036412	5.35433260657
7220.0	111.0	6.89041722403	4.22427845493
7220.0	136.0	6.58755793128	7.78030947066
7220.0	137.0	3.72291732417	5.46172951644
7230.0	111.0	6.89020675892	4.22427845493
7230.0	136.0	6.14915910793	7.70083575735
7230.0	137.0	4.26065567926	5.55910271473
7240.0	111.0	6.8897858287	4.22427845493
7240.0	136.0	5.71054981947	7.62112338425
7240.0	137.0	4.79860449946	5.65623725321
7250.0	111.0	6.88957536359	4.22427845493
7250.0	136.0	5.2454219272	7.50155482459
7250.0	137.0	5.34854983091	5.7485985957
7260.0	111.0	6.88936489848	4.22427845493
7260.0	136.0	4.7621940355	7.35501770757
7260.0	137.0	5.89849516237	5.84095993819
7270.0	111.0	6.88894396826	4.22427845493
7270.0	136.0	4.27917660891	7.20871925034
7270.0	137.0	6.44844049382	5.93332128068
7280.0	111.0	6.88873350315	4.22427845493
7280.0	136.0	3.79594871721	7.06218213332
7280.0	137.0	6.95797652422	5.86530323776
7290.0	111.0	6.88831257293	4.22427845493
7290.0	136.0	3.31356268594	6.92900996508
7290.0	137.0	7.46309278732	5.77938570986
7300.0	111.0	6.88810210782	4.22427845493
7300.0	136.0	2.83328130578	6.84953625178
7300.0	137.0	7.9917811427	5.63237127324
7310.0	111.0	6.88768117761	4.22427845493
7310.0	136.0	2.3527894605	6.77006253847
7310.0	137.0	8.5558276365	5.39371147352
7320.0	111.0	6.8874707125	4.22427845493
7320.0	136.0	1.87250808034	6.69035016537
7320.0	137.0	9.11987413029	5.15505167381
7330.0	111.0	6.88704978228	4.22427845493
7330.0	136.0	1.40317088587	6.62280944205
7330.0	137.0	9.68960318205	4.95099754506
7340.0	111.0	6.88683931717	4.22427845493
7340.0	136.0	0.958879039454	6.5829532555
7340.0	137.0	10.259753164	4.7507619731
7350.0	111.0	6.88662885206	4.22427845493
7350.0	136.0	0.514376727925	6.54333572874
7350.0	137.0	10.8301136111	4.55076506094
7360.0	111.0	6.88620792184	4.22427845493
7360.0	136.0	0.0700848815053	6.50347954219
7360.0	137.0	11.4267821969	4.44074289327
7370.0	111.0	6.88599745673	4.22427845493
7370.0	137.0	12.0301856662	4.35315474677
7380.0	111.0	6.88557652651	4.22427845493
7380.0	137.0	12.6335891355	4.26556660028
7390.0	111.0	6.8853660614	4.22427845493
7390.0	137.0	13.2376240001	4.23835938311
7400.0	111.0	6.88494513118	4.22427845493
7400.0	137.0	13.842079795	4.22618773333
7410.0	111.0	6.88473466607	4.22427845493
7410.0	137.0	14.4465355898	4.21377742374
7420.0	111.0	6.88431373585	4.22427845493
7420.0	137.0	15.0509913847	4.20160577396
7430.0	111.0	6.88410327074	4.22427845493
7440.0	111.0	6.88389280563	4.22427845493
7450.0	111.0	6.88347187541	4.22427845493
7460.0	111.0	6.8832614103	4.22427845493
7470.0	111.0	6.88284048008	4.22427845493
7480.0	111.0	6.88263001497	4.22427845493
7490.0	111.0	6.88220908475	4.22427845493
7500.0	111.0	6.88199861965	4.22427845493
7510.0	111.0	6.88157768943	4.22427845493
7520.0	111.0	6.88136722432	4.22427845493
7530.0	111.0	6.88115675921	4.22427845493
7540.0	111.0	6.88073582899	4.22427845493
7550.0	111.0	6.88052536388	4.22427845493
7560.0	111.0	6.88010443366	4.22427845493
7570.0	111.0	6.87989396855	4.22427845493
7580.0	111.0	6.87947303833	4.22427845493
7590.0	111.0	6.87926257322	4.22427845493
7600.0	111.0	6.878841643	4.22427845493
7610.0	111.0	6.87863117789	4.22427845493
7620.0	111.0	6.87842071278	4.22427845493
7630.0	111.0	6.87799978256	4.22427845493
7640.0	111.0	6.87778931745	4.22427845493
7650.0	111.0	6.87736838723	4.22427845493
7660.0	111.0	6.87715792212	4.22427845493
7670.0	111.0	6.8767369919	4.22427845493
7680.0	111.0	6.87652652679	4.22427845493
7690.0	111.0	6.87610559658	4.22427845493
7700.0	111.0	6.87589513147	4.22427845493
7710.0	111.0	6.87568466636	4.22427845493
7720.0	111.0	6.87526373614	4.22427845493
7730.0	111.0	6.87505327103	4.22427845493
7740.0	111.0	6.87463234081	4.22427845493
7750.0	111.0	6.8744218757	4.22427845493
7760.0	111.0	6.87400094548	4.22427845493
7770.0	111.0	6.87379048037	4.22427845493
7780.0	111.0	6.87336955015	4.22427845493
7790.0	111.0	6.87315908504	4.22427845493
7800.0	111.0	6.87294861993	4.22427845493
7810.0	111.0	6.87252768971	4.22427845493
7820.0	111.0	6.8723172246	4.22427845493
7830.0	111.0	6.87189629438	4.22427845493
7840.0	111.0	6.87168582927	4.22427845493
7850.0	111.0	6.87126489905	4.22427845493
7860.0	111.0	6.87105443394	4.22427845493
7870.0	111.0	6.87063350373	4.22427845493
7880.0	111.0	6.87042303862	4.22427845493
7890.0	111.0	6.87021257351	4.22427845493
7900.0	111.0	6.86979164329	4.22427845493
7910.0	111.0	6.86958117818	4.22427845493
7920.0	111.0	6.86916024796	4.22427845493
7930.0	111.0	6.86894978285	4.22427845493
7940.0	111.0	6.86852885263	4.22427845493
7950.0	111.0	6.86831838752	4.22427845493
7960.0	111.0	6.8678974573	4.22427845493
7970.0	111.0	6.86768699219	4.22427845493
7980.0	111.0	6.86747652708	4.22427845493
7990.0	111.0	6.86705559686	4.22427845493
8000.0	111.0	6.86684513175	4.22427845493
8010.0	111.0	6.86642420153	4.22427845493
8020.0	111.0	6.86621373642	4.22427845493
8030.0	111.0	6.8657928062	4.22427845493
8040.0	111.0	6.86558234109	4.22427845493
8050.0	111.0	6.86516141088	4.22427845493
8060.0	111.0	6.86495094577	4.22427845493
8070.0	111.0	6.86474048066	4.22427845493
8080.0	111.0	6.86431955044	4.22427845493
8090.0	111.0	6.86410908533	4.22427845493
8100.0	111.0	6.86368815511	4.22427845493
8110.0	111.0	6.86347769	4.22427845493
8120.0	111.0	6.86305675978	4.22427845493
8130.0	111.0	6.86284629467	4.22427845493
8140.0	111.0	6.86242536445	4.22427845493
8150.0	111.0	6.86221489934	4.22427845493
8160.0	111.0	6.86200443423	4.22427845493
8170.0	111.0	6.86158350401	4.22427845493
8180.0	111.0	6.8613730389	4.22427845493
8190.0	111.0	6.86095210868	4.22427845493
8200.0	111.0	6.86074164357	4.22427845493
8210.0	111.0	6.86032071335	4.22427845493
8220.0	111.0	6.86011024824	4.22427845493
8230.0	111.0	6.85968931802	4.22427845493
8240.0	111.0	6.85947885292	4.22427845493
8250.0	111.0	6.85926838781	4.22427845493
8260.0	111.0	6.85884745759	4.22427845493
8270.0	111.0	6.85863699248	4.22427845493
8280.0	111.0	6.85821606226	4.22427845493
8290.0	111.0	6.85800559715	4.22427845493
8300.0	111.0	6.85758466693	4.22427845493
8310.0	111.0	6.85737420182	4.22427845493
8310.0	168.0	15.0528855706	7.95954298024
8310.0	170.0	-0.0812395323155	5.43810219627
8320.0	111.0	6.8569532716	4.22427845493
8320.0	168.0	14.6774158151	7.84355431758
8320.0	170.0	0.399883708289	5.60850529327
8330.0	111.0	6.85674280649	4.22427845493
8330.0	168.0	14.3019460595	7.72732699512
8330.0	170.0	0.881006948892	5.77890839026
8340.0	111.0	6.85653234138	4.22427845493
8340.0	168.0	13.9264763039	7.61133833246
8340.0	170.0	1.36191972439	5.94955014706
8340.0	171.0	15.0743530118	7.56456101172
8350.0	111.0	6.85611141116	4.22427845493
8350.0	168.0	13.5356425953	7.50465740199
8350.0	170.0	1.84199063944	6.10587231587
8350.0	171.0	14.6029111663	7.33544760399
8360.0	111.0	6.85590094605	4.22427845493
8360.0	168.0	13.1214472596	7.4122960595
8360.0	170.0	2.31722085698	6.20587077195
8360.0	171.0	14.1314693207	7.10633419627
8370.0	111.0	6.85548001583	4.22427845493
8370.0	168.0	12.7072519239	7.31993471701
8370.0	170.0	2.79245107451	6.30610788783
8370.0	171.0	13.6396123595	6.89321099512
8380.0	111.0	6.85526955072	4.22427845493
8380.0	168.0	12.2974763554	7.23616512731
8380.0	170.0	3.26978594314	6.39465067352
8380.0	171.0	13.1170274923	6.70395377395
8390.0	111.0	6.8548486205	4.22427845493
8390.0	168.0	11.8975926471	7.17244296079
8390.0	170.0	3.7673254623	6.38009242574
8390.0	171.0	12.5944426251	6.51469655278
8400.0	111.0	6.85463815539	4.22427845493
8400.0	168.0	11.4977089388	7.10895945406
8400.0	170.0	4.26486498145	6.36577283776
8400.0	171.0	12.0665961302	6.38009242574
8410.0	111.0	6.85421722517	4.22427845493
8410.0	168.0	11.0891961611	7.07220584491
8410.0	170.0	4.7621940355	6.35121458997
8410.0	171.0	11.5334880075	6.30061871244
