0.0	16.0	10.2286043278	9.52252600857
0.0	25.0	10.9652322115	12.8637632046
0.0	214.0	3.95674406096	11.2408765665
10.0	16.0	10.4321240888	9.48266982201
10.0	25.0	10.9885938387	12.6515946426
10.0	214.0	3.81867894905	11.4721379124
20.0	16.0	10.6354333847	9.44305229526
20.0	25.0	10.9938554664	12.4052977293
20.0	214.0	3.68040337202	11.7033992583
30.0	16.0	10.8389531457	9.40319610871
30.0	25.0	10.9260857011	12.0215327714
30.0	214.0	3.54233826011	11.9344219445
40.0	16.0	10.9191403525	9.46572497623
40.0	25.0	10.8585264009	11.6380064732
40.0	214.0	3.36260105649	12.1284523616
50.0	16.0	10.9993275592	9.52825384376
50.0	25.0	10.7854950079	11.3014961556
50.0	214.0	3.1725510625	12.3134137064
60.0	16.0	11.079514766	9.59078271128
60.0	25.0	10.7046764058	11.0351518192
60.0	214.0	2.9825010685	12.4981363914
70.0	16.0	11.1597019728	9.65331157881
70.0	25.0	10.6236473386	10.7690461425
70.0	214.0	2.75856619186	12.669016808
80.0	16.0	11.2238938312	9.71249920914
80.0	25.0	10.4131822289	10.5248971674
80.0	214.0	2.52031968777	12.8339307296
90.0	16.0	11.2838763875	9.77097086007
90.0	25.0	10.1703054924	10.2862373676
90.0	214.0	2.28207318367	12.9988446512
100.0	16.0	11.3440694088	9.829442511
100.0	25.0	9.91122294249	10.0549760217
100.0	214.0	2.04361621446	13.1637585728
110.0	16.0	11.4042624302	9.88791416193
110.0	25.0	9.58752760388	9.85306983117
110.0	214.0	1.80536971037	13.3289111542
120.0	16.0	11.4642449864	9.94638581286
120.0	25.0	9.26362180017	9.65092498081
120.0	214.0	1.56712320627	13.4938250758
130.0	16.0	11.6183054467	10.005812103
130.0	25.0	8.93298111295	9.45355332645
130.0	214.0	1.32866623707	13.6587389974
140.0	16.0	11.7826786973	10.0654770529
140.0	25.0	8.59792065842	9.25904558968
150.0	16.0	11.947262413	10.1251420028
150.0	25.0	8.26264973879	9.06453785292
160.0	16.0	12.1733019407	10.2043770563
160.0	25.0	8.01177532811	9.06119661572
170.0	16.0	12.4258600723	10.291726543
170.0	25.0	7.77016138226	9.0788574409
180.0	16.0	12.6784182038	10.3793146895
180.0	25.0	7.54096487788	9.08339197709
190.0	16.0	12.8394240127	10.4012713911
190.0	25.0	7.3620695347	9.03566001715
200.0	16.0	12.9612833112	10.3948275765
200.0	25.0	7.14676372755	9.00081568639
210.0	16.0	13.0831426097	10.3886224217
210.0	25.0	6.78602652966	9.01799919197
220.0	16.0	13.2050019081	10.3824172669
220.0	25.0	6.42528933176	9.03494403775
230.0	16.0	13.3676914379	10.3652337614
230.0	25.0	6.06139515722	9.06501517252
240.0	16.0	13.5350112	10.3468569568
240.0	25.0	5.69308121537	9.11489507066
250.0	16.0	13.7023309622	10.3284801522
250.0	25.0	5.32476727353	9.164536309
260.0	16.0	13.8696507243	10.3101033476
260.0	25.0	4.90383705427	9.15498991701
270.0	16.0	14.1342053671	10.194114685
270.0	25.0	4.48290683502	9.14544352502
280.0	16.0	14.3987600099	10.0783646821
280.0	25.0	4.09586149842	9.08530125549
290.0	16.0	14.6633146527	9.96237601944
290.0	25.0	3.74249057936	8.97456310842
300.0	16.0	14.9280797606	9.84638735678
300.0	25.0	3.38933012541	8.86358630156
310.0	25.0	3.05048129891	8.77122495907
320.0	25.0	2.71773596059	8.68650073017
330.0	25.0	2.38499062228	8.60177650127
330.0	80.0	0.413353475305	5.6655449854
340.0	25.0	2.03688133096	8.48292392101
340.0	80.0	0.758305789981	5.75838364749
340.0	81.0	0.396305801425	4.98393259742
350.0	25.0	1.67824878415	8.34163731958
350.0	80.0	1.10325810466	5.85122230957
350.0	81.0	0.768197650133	5.02378878397
360.0	25.0	1.31961623735	8.20011205835
360.0	80.0	1.44821041933	5.94406097166
360.0	81.0	1.14008949884	5.06364497052
370.0	25.0	0.970875550703	8.10202288067
370.0	80.0	1.79400459445	6.09560994448
370.0	81.0	1.50124762696	5.13524291043
380.0	25.0	0.623187189601	8.00870689898
380.0	80.0	2.14064063	6.30634654763
380.0	81.0	1.8520929647	5.23858260371
390.0	25.0	0.0772406952326	7.97123731043
390.0	80.0	2.48727666555	6.51684449098
390.0	81.0	2.20293830245	5.34192229699
400.0	80.0	2.8425417706	6.70419243375
400.0	81.0	2.58872084839	5.52187178597
410.0	80.0	3.27673129176	6.68175841258
410.0	81.0	3.00965106765	5.77819241086
420.0	80.0	3.71071034781	6.6593243914
420.0	81.0	3.4305812869	6.03451303575
430.0	80.0	4.14489986897	6.63689037023
430.0	81.0	3.88897429566	6.09990582088
440.0	80.0	4.6245498538	6.63474243203
440.0	81.0	4.35662776925	6.11756664605
450.0	80.0	5.10925100127	6.63474243203
450.0	81.0	4.82238705685	6.13045427524
460.0	80.0	5.59395214874	6.63474243203
460.0	81.0	5.27151960079	6.09847386208
470.0	80.0	6.06371027342	6.64595944262
470.0	81.0	5.72044167962	6.06673210872
480.0	80.0	6.52336607284	6.6648135668
480.0	81.0	6.17778236284	6.03260375736
490.0	80.0	6.98302187227	6.68366769098
490.0	81.0	6.71110095063	5.97675736422
500.0	80.0	7.44267767169	6.70252181515
500.0	81.0	7.24420907331	5.92114963089
510.0	80.0	7.89875556425	6.73211563032
510.0	81.0	7.77226603336	5.87866818654
520.0	80.0	8.35378113126	6.76433470328
520.0	81.0	8.25528345995	5.95599396165
530.0	80.0	8.80880669827	6.79655377624
530.0	81.0	8.73809042143	6.03308107696
540.0	80.0	9.26088575374	6.8309207874
540.0	81.0	9.22089738291	6.11040685206
550.0	80.0	9.68707760073	6.88318728354
550.0	81.0	9.64077527662	6.17245839999
560.0	80.0	10.1130589826	6.93569243947
560.0	81.0	10.0335031712	6.22830479312
560.0	301.0	13.6486623592	11.7444487439
570.0	80.0	10.5392508296	6.98795893561
570.0	81.0	10.4264415308	6.28391252646
570.0	301.0	13.6135146859	11.5933770907
580.0	80.0	10.9652322115	7.04046409155
580.0	81.0	10.8585264009	6.33952025979
580.0	301.0	13.5785774777	11.4420667777
590.0	80.0	11.2634612718	7.07029656651
590.0	81.0	11.3076589449	6.39536665292
590.0	301.0	13.5392205022	11.2790621345
600.0	80.0	11.5614798671	7.10012904148
600.0	81.0	11.7565810237	6.45097438625
600.0	301.0	13.4901821317	11.0881342947
610.0	80.0	11.918428693	7.14571306322
610.0	81.0	12.1438368254	6.53927851215
610.0	301.0	13.440933296	10.8972064549
620.0	80.0	12.3147344944	7.20179811615
620.0	81.0	12.5045740233	6.64166356623
620.0	301.0	13.3939995766	10.6967322232
620.0	302.0	14.7108797675	10.6943456252
630.0	80.0	12.7108298307	7.25812182889
630.0	81.0	12.8655216863	6.7438099605
630.0	301.0	13.3519065546	10.47406263
630.0	302.0	14.6092251195	10.8015038752
640.0	80.0	13.0587286569	7.31730945921
640.0	81.0	13.170275165	6.79559913704
640.0	301.0	13.3098135327	10.2511543771
640.0	302.0	14.5075704716	10.9084234655
650.0	80.0	13.2129995823	7.38890739913
650.0	81.0	13.4691356207	6.84189913819
650.0	301.0	13.2468844649	10.0616584961
650.0	302.0	14.4059158236	11.0153430558
660.0	80.0	13.3672705076	7.46050533904
660.0	81.0	13.7677856113	6.88796047953
660.0	301.0	13.1349170266	9.94996570985
660.0	302.0	14.2912123389	11.1816889362
670.0	80.0	13.5316437583	7.55787853733
670.0	81.0	13.9563623495	6.98700429641
670.0	301.0	13.0231600534	9.83803426379
670.0	302.0	14.1752460635	11.3544786312
680.0	80.0	13.7351635193	7.75787544949
680.0	81.0	14.1171576932	7.09941306208
680.0	301.0	12.9038263363	9.72109096193
680.0	302.0	14.059069323	11.5272683262
690.0	80.0	13.9388937454	7.95811102144
690.0	81.0	14.2781635021	7.21182182774
690.0	301.0	12.7158809934	9.55927961772
690.0	302.0	13.8875402586	11.7659281259
700.0	80.0	14.1367309484	8.16884762459
700.0	81.0	14.4528495431	7.37792904834
700.0	301.0	12.5279356505	9.39722961372
700.0	302.0	13.7160111943	12.0045879256
710.0	80.0	14.2819518741	8.47313886923
710.0	81.0	14.6483716299	7.62518060084
710.0	301.0	12.325468215	9.25474971329
710.0	302.0	13.5707902687	12.2117446317
720.0	80.0	14.4269623346	8.77766877366
720.0	81.0	14.8438937168	7.87243215335
720.0	301.0	12.0886949667	9.1578538346
720.0	302.0	13.4866042248	12.3453941196
730.0	80.0	14.5532414004	9.08386929669
730.0	81.0	14.9733297592	8.12779813904
730.0	301.0	11.8519217183	9.06095795592
730.0	302.0	13.402418181	12.4790436074
740.0	80.0	14.6041739569	9.39651363432
740.0	81.0	15.0587785937	8.38889195993
740.0	301.0	11.6185159118	8.95905022144
740.0	302.0	13.3651658565	12.505773505
750.0	47.0	14.9354460395	6.47412438683
750.0	80.0	14.6548960483	9.70939663174
750.0	81.0	15.1442274282	8.64998578081
750.0	235.0	1.322773214	13.4871426014
750.0	301.0	11.415417081	8.81418372302
750.0	302.0	13.3396995783	12.505773505
760.0	47.0	14.6149076775	6.49154655221
760.0	80.0	14.688780931	10.0055734432
760.0	81.0	15.2298867278	8.9110796017
760.0	235.0	1.6224755301	13.2630410495
760.0	301.0	11.2125287153	8.66931722459
760.0	302.0	13.3142333	12.505773505
770.0	47.0	14.2375437359	6.49154655221
770.0	80.0	14.683098373	10.2635646867
770.0	235.0	1.92217784621	13.0387008377
770.0	301.0	11.0050101172	8.52445072616
770.0	302.0	13.201003071	12.4461085551
780.0	47.0	13.8601797944	6.49154655221
780.0	80.0	14.6774158151	10.5215559302
780.0	235.0	2.22209062743	12.8145992858
780.0	301.0	10.7871787287	8.37958422774
780.0	302.0	13.0000088913	12.3267786552
790.0	47.0	13.523435619	6.52853882116
790.0	80.0	14.6717332571	10.7797858335
790.0	235.0	2.57019991875	12.534412681
790.0	301.0	10.5691368752	8.23471772931
790.0	302.0	12.793963549	12.1955157654
790.0	306.0	14.6976204656	12.3239147376
800.0	47.0	13.2809798127	6.65144861801
800.0	80.0	14.6856239543	10.9341987239
800.0	235.0	2.92378130292	12.2480209213
800.0	301.0	10.3319426966	8.06359865292
800.0	302.0	12.5757112303	12.0363296789
800.0	306.0	14.6106983753	12.1675925688
810.0	47.0	13.0387344715	6.77435841487
810.0	80.0	14.7125634884	11.019877592
810.0	235.0	3.32113942989	11.973084832
810.0	301.0	10.0758066582	7.86646565836
810.0	302.0	12.3574589117	11.8773822523
810.0	306.0	14.5235658199	12.0112704
820.0	47.0	12.7962786652	6.89726821172
820.0	80.0	14.7395030224	11.1055564601
820.0	235.0	3.78416267107	11.7153322483
820.0	301.0	9.80388573658	7.70011977795
820.0	302.0	12.168040313	11.7475513213
820.0	306.0	14.4557960546	11.8227291582
830.0	47.0	12.5157286741	6.9118264595
830.0	80.0	14.7666530215	11.1912353282
830.0	235.0	4.24718591224	11.4575796646
830.0	301.0	9.46903574716	7.65668369441
830.0	302.0	11.9981949695	11.6375291536
830.0	306.0	14.4071786143	11.6024461631
840.0	47.0	12.2349682179	6.92614604748
840.0	235.0	4.71357659517	11.2917111038
840.0	301.0	9.13418575775	7.61324761086
840.0	302.0	11.828139161	11.5272683262
840.0	306.0	14.358561174	11.3821631679
850.0	47.0	11.9544182267	6.94070429527
850.0	235.0	5.18017774321	11.1361049144
850.0	301.0	8.90625204402	7.59343884748
850.0	302.0	11.6913368397	11.4437373963
850.0	306.0	14.3459332674	11.1991111016
860.0	47.0	11.6517693991	6.92185017109
860.0	235.0	5.56974866113	10.9869425396
860.0	301.0	8.67810786519	7.57339142431
860.0	302.0	11.5545345184	11.3602064664
860.0	306.0	14.3370937328	11.0201162518
870.0	47.0	11.3396496415	6.88915377853
870.0	235.0	5.9079660923	10.8420760412
870.0	301.0	8.52636252115	7.59988266208
870.0	302.0	11.4177321972	11.2766755365
870.0	306.0	14.4137030327	10.9260842907
880.0	47.0	11.027740349	6.85621872617
880.0	235.0	6.24639398858	10.696970883
880.0	301.0	8.42533926853	7.65716101401
880.0	302.0	11.2809298759	11.1931446066
880.0	306.0	14.575550702	10.9167765585
890.0	47.0	10.7520310554	6.79870171444
890.0	235.0	6.72478118275	10.5458992297
890.0	301.0	8.30726834203	7.71181410814
890.0	302.0	11.2994508056	11.1649827502
890.0	306.0	14.7373983713	10.9077074861
900.0	47.0	10.4853717615	6.73497954791
900.0	235.0	7.23831605024	10.3931569579
900.0	301.0	8.03534742039	7.7416465831
900.0	302.0	11.3179717352	11.1370595536
910.0	47.0	10.2187124676	6.67125738139
910.0	235.0	7.69818231477	10.2342095313
910.0	301.0	7.76363696387	7.77147905807
910.0	302.0	11.33670313	11.1088976973
920.0	47.0	9.98109735888	6.66767748439
920.0	235.0	8.03303230419	10.0607038569
920.0	301.0	7.42941836978	7.81610844062
920.0	302.0	11.3552240596	11.0807358409
930.0	47.0	9.75063806384	6.67913315478
930.0	235.0	8.37040787492	9.87550385234
930.0	301.0	7.06868117188	7.86718163775
930.0	302.0	11.3737449893	11.0528126443
940.0	47.0	9.50839272266	6.74046872331
940.0	235.0	8.72988228216	9.58720281429
940.0	301.0	6.70773350888	7.91849349469
940.0	302.0	11.3922659189	11.024650788
940.0	309.0	14.7506576732	10.5573549001
950.0	47.0	9.26130668396	6.82352233361
950.0	235.0	9.08956715451	9.29890177624
950.0	301.0	6.33668352061	7.98126102202
950.0	302.0	11.4109973137	10.9964889316
950.0	309.0	14.4924169837	10.6225090254
960.0	47.0	9.0062229711	6.91755429469
960.0	235.0	9.56206132562	9.18052651558
960.0	301.0	5.96416027657	8.04569916794
960.0	309.0	14.1908204816	10.7210755227
970.0	47.0	8.73914274698	7.02757646236
970.0	235.0	10.0833834022	9.13494249383
970.0	301.0	5.60216028801	8.09557906608
970.0	309.0	13.7882007269	10.8974451147
980.0	47.0	8.47206252287	7.13783728983
980.0	235.0	10.499683389	9.02420434676
980.0	301.0	5.26394285684	8.11276257166
980.0	309.0	13.3855809722	11.0738147067
990.0	47.0	8.1864613691	7.23879038511
990.0	235.0	10.8463194246	8.86979145635
990.0	301.0	4.92572542568	8.12970741744
990.0	309.0	13.1751158626	11.1420714094
1000.0	47.0	7.89601951782	7.33759554219
1000.0	235.0	11.2697752251	8.57170536651
1000.0	301.0	4.59066497115	8.14736824262
1000.0	309.0	12.9646507529	11.2100894523
1010.0	47.0	7.60578813165	7.43640069927
1010.0	235.0	11.7018600952	8.25762907009
1010.0	301.0	4.25876149327	8.1657450472
1010.0	309.0	12.8057495952	11.3635477036
1020.0	47.0	7.36354279047	7.44618575106
1020.0	235.0	12.1227903144	8.05309762173
1020.0	301.0	3.92685801539	8.18412185177
1020.0	309.0	12.6527414605	11.5260750272
1030.0	47.0	7.12676954214	7.44618575106
1030.0	235.0	12.5437205337	7.84856617338
1030.0	301.0	3.58422081692	8.14307236622
1030.0	309.0	12.5917065787	11.6556672984
1040.0	47.0	6.88999629381	7.44618575106
1040.0	235.0	13.0141100537	7.62255534305
1040.0	301.0	3.2405312929	8.09534040628
1040.0	309.0	12.5698182073	11.7709399817
1050.0	47.0	6.64417304577	7.44618575106
1050.0	235.0	13.4899716666	7.39439657452
1050.0	301.0	2.89663130378	8.04760844634
1050.0	309.0	12.548140301	11.8859740051
1060.0	47.0	6.39414049553	7.44618575106
1060.0	235.0	13.9572042099	7.27983987066
1060.0	301.0	2.62176387061	8.00226308439
1060.0	309.0	12.5437205337	12.0408642151
1070.0	47.0	6.14431841041	7.44618575106
1070.0	235.0	14.4189646604	7.24141564291
1070.0	301.0	2.35426271627	7.95715638225
1070.0	309.0	12.5437205337	12.2053008171
1080.0	47.0	5.84735214073	7.43425276107
1080.0	235.0	14.8805146459	7.20299141515
1080.0	301.0	2.08697202705	7.9118110203
1080.0	309.0	12.5437205337	12.3699760789
1090.0	47.0	5.50366261671	7.4103867811
1090.0	235.0	15.3422750964	7.1643285276
1090.0	301.0	1.83799180236	7.86789761715
1090.0	309.0	12.5437205337	12.4809528858
1100.0	47.0	5.15997309269	7.38652080113
1100.0	301.0	1.66267436604	7.8280414306
1100.0	309.0	12.5437205337	12.5859631977
1110.0	47.0	4.85984984636	7.36718935735
1110.0	301.0	1.48735692972	7.78818524405
1110.0	309.0	12.5323554178	12.7391827891
1120.0	47.0	4.60329287773	7.35215378997
1120.0	301.0	1.29646507529	7.75739812989
1120.0	309.0	12.503942628	12.9649549596
1130.0	47.0	4.3467359091	7.33735688239
1130.0	301.0	1.04390694374	7.76288730528
1130.0	309.0	12.4755298382	13.1907271302
1140.0	47.0	4.15373940357	7.3254238924
1140.0	301.0	0.791348812192	7.76813782087
1140.0	309.0	12.4471170484	13.4164993007
1150.0	47.0	4.10912080033	7.32065069641
1150.0	301.0	0.538790680641	7.77338833647
1160.0	47.0	4.06450219709	7.31587750042
1160.0	301.0	0.286232549091	7.77863885206
1170.0	47.0	4.01988359385	7.31086564462
1180.0	47.0	3.97526499061	7.30609244863
1190.0	47.0	3.93064638737	7.30131925263
1200.0	47.0	3.88602778413	7.29654605664
1210.0	47.0	3.84140918089	7.29177286065
1220.0	47.0	3.79658011253	7.28676100485
1230.0	47.0	3.75196150929	7.28198780886
1230.0	343.0	13.6939123578	12.5126946392
1240.0	47.0	3.64315104762	7.26766822087
1240.0	343.0	13.6566600334	12.1897879302
1250.0	47.0	3.43752663551	7.23926770471
1250.0	343.0	13.6303518947	11.9709368938
1260.0	47.0	3.23211268852	7.21086718854
1260.0	343.0	13.6147774766	11.8561415302
1270.0	47.0	3.02669874152	7.18246667238
1270.0	343.0	13.5992030585	11.7411075067
1280.0	47.0	2.85411735163	7.15836203261
1280.0	343.0	13.5960460818	11.6308466792
1290.0	47.0	2.81265572504	7.15120223861
1290.0	343.0	13.5960460818	11.5217791508
1300.0	47.0	2.77119409844	7.14380378482
1300.0	343.0	13.5960460818	11.4127116223
1310.0	47.0	2.72973247184	7.13664399083
1310.0	343.0	13.5914158494	11.2621172887
1320.0	47.0	2.68827084525	7.12948419684
1320.0	343.0	13.5758414313	11.0146270764
1330.0	47.0	2.64680921865	7.12208574305
1330.0	343.0	13.5602670132	10.7671368641
1340.0	47.0	2.60534759205	7.11492594906
1340.0	343.0	13.5644763154	10.5189306724
1350.0	47.0	2.51526852513	7.08867337109
1350.0	343.0	13.5819449195	10.2702471611
1360.0	47.0	2.39277783133	7.04953316394
1360.0	343.0	13.5937309656	10.0611811765
1370.0	47.0	2.27028713753	7.01063161658
1370.0	343.0	13.5825763148	10.0101079794
1380.0	47.0	2.14779644373	6.97149140943
1380.0	343.0	13.5712111989	9.95903478224
1390.0	47.0	2.02551621504	6.93235120228
1390.0	343.0	13.5600565481	9.9077229253
1400.0	47.0	1.87040342924	6.89368831472
1400.0	343.0	13.5486914321	9.85664972817
1410.0	47.0	1.42253367596	6.85693470557
1410.0	343.0	13.5373263162	9.80557653103
1420.0	47.0	0.974663922676	6.82018109641
1420.0	343.0	13.4998635267	9.69794096136
1430.0	47.0	0.526794169393	6.78342748726
1430.0	343.0	13.4451425982	9.55259714333
1440.0	47.0	0.0787139509999	6.7466738781
1440.0	343.0	13.3615879497	9.4074919851
1450.0	343.0	13.2111053963	9.26262548668
1460.0	343.0	13.060833308	9.11775898825
1470.0	343.0	12.8941449412	8.94663991186
1480.0	343.0	12.7112507609	8.74950691729
1490.0	343.0	12.5485612312	8.56239763432
1500.0	343.0	12.467532164	8.4156218575
1510.0	343.0	12.3867135619	8.26860742087
1520.0	343.0	12.2425449618	8.14927752102
1530.0	343.0	12.0564938049	8.04832442574
1530.0	345.0	11.169804298	12.5747461871
1540.0	343.0	11.8702321829	7.94737133046
1540.0	345.0	11.1405496478	12.4420513385
1550.0	343.0	11.8460286953	7.94737133046
1550.0	345.0	11.1112949976	12.3095951496
1560.0	343.0	11.8216147426	7.94737133046
1560.0	345.0	11.0822508124	12.176900301
1570.0	343.0	11.7974112549	7.94737133046
1570.0	345.0	10.9498682585	12.0914600927
1580.0	343.0	11.7729973022	7.94737133046
1580.0	345.0	10.7490845439	12.0370456583
1580.0	348.0	10.2589113036	12.5401405161
1590.0	343.0	11.7487938146	7.94737133046
1590.0	345.0	10.574608968	11.9358539033
1590.0	348.0	10.4929485055	12.5668704137
1600.0	343.0	11.724590327	7.94737133046
1600.0	345.0	10.4399112979	11.7640188475
1600.0	348.0	10.7267752423	12.5933616515
1610.0	343.0	11.7001763743	7.94737133046
1610.0	345.0	10.3052136277	11.5921837917
1610.0	348.0	11.0125868612	12.5833379399
1620.0	343.0	11.6944938163	7.96885071243
1620.0	345.0	10.1250554939	11.4804910054
1620.0	348.0	11.3207077816	12.5578013413
1630.0	343.0	11.762894977	8.0762476223
1630.0	345.0	9.93984619739	11.3754806935
1630.0	348.0	11.6290391672	12.5322647428
1640.0	343.0	11.8312961376	8.18364453217
1640.0	345.0	9.7782089932	11.2361033705
1640.0	348.0	11.9401065993	12.5038642266
1650.0	343.0	11.8996972982	8.29104144205
1650.0	345.0	9.65192992743	11.0451755307
1650.0	348.0	12.2515949615	12.4752250506
1660.0	343.0	11.9923019465	8.39366515592
1660.0	345.0	9.52565086165	10.854247691
1660.0	348.0	12.5294089062	12.4694972154
1670.0	343.0	12.1817205451	8.47719608582
1670.0	345.0	9.37622063382	10.6879018106
1670.0	348.0	12.7567112246	12.4981363914
1670.0	423.0	11.4617194051	6.05981097452
1680.0	343.0	12.3873449572	8.53256515936
1680.0	345.0	9.19206366289	10.5587868589
1680.0	348.0	12.984013543	12.5267755674
1680.0	423.0	11.3625903385	6.05288984033
1690.0	343.0	12.6580030882	8.47576412702
1690.0	345.0	9.00790669197	10.4294332475
1690.0	348.0	13.2340460933	12.5725982489
1690.0	423.0	11.2636717369	6.04573004634
1700.0	343.0	12.9044577316	8.41872443489
1700.0	345.0	8.76229390904	10.4194095359
1700.0	348.0	13.4866042248	12.6203302088
1700.0	423.0	11.1645426703	6.03880891215
1710.0	343.0	12.934133312	8.35977546436
1710.0	345.0	8.51689159122	10.4096244841
1710.0	348.0	13.7682065415	12.6489693848
1710.0	423.0	11.006483373	5.96339241544
1720.0	343.0	12.9638088925	8.30082649383
1720.0	345.0	8.26706950609	10.3998394323
1720.0	348.0	14.093585601	12.6489693848
1720.0	423.0	10.8416891921	5.88033880514
1730.0	343.0	12.9936949381	8.2418775233
1730.0	345.0	8.01451137454	10.3902930403
1730.0	348.0	14.4141239629	12.6365590752
1730.0	423.0	10.6305926872	5.71112900714
1740.0	343.0	13.0233705185	8.18292855278
1740.0	345.0	7.760059057	10.3716775759
1740.0	348.0	14.7161413952	12.5742688675
1740.0	423.0	10.3885578111	5.48440219742
1750.0	343.0	13.053046099	8.12397958225
1750.0	345.0	7.48813813537	10.2723950993
1750.0	348.0	15.0181588275	12.5119786598
1750.0	423.0	10.0246636366	5.38273312274
1760.0	106.0	14.7369774411	4.86865991415
1760.0	343.0	13.0827216794	8.06503061172
1760.0	345.0	7.21621721373	10.1728739628
1760.0	423.0	9.57931946461	5.36435631816
1770.0	106.0	14.3598239646	5.10731971387
1770.0	343.0	13.1123972599	8.00608164119
1770.0	345.0	6.92977419953	10.1139249923
1770.0	423.0	9.13418575775	5.34597951358
1780.0	106.0	13.9828809533	5.34597951358
1780.0	343.0	13.1422833055	7.94713267066
1780.0	345.0	6.63701723204	10.0723981871
1780.0	423.0	8.74987646757	5.41853209269
1790.0	106.0	13.6179344532	5.58463931329
1790.0	343.0	13.2313100468	7.8280414306
1790.0	345.0	6.34552305521	10.0158358146
1790.0	423.0	8.3655671774	5.49132333161
1800.0	106.0	13.258460046	5.82329911301
1800.0	343.0	13.3599042288	7.66885534419
1800.0	345.0	6.05613352947	9.93612344147
1800.0	423.0	7.96147416691	5.54645374534
1810.0	106.0	12.8962495923	6.00563519999
1810.0	343.0	13.6050960815	7.61229297166
1810.0	345.0	5.76674400374	9.85664972817
1810.0	423.0	7.54896255205	5.59418570528
1820.0	106.0	12.5279356505	6.05694705693
1820.0	343.0	13.8797530496	7.5810285379
1820.0	345.0	5.56322424273	9.80104199483
1820.0	423.0	7.13308349543	5.63642848983
1830.0	106.0	12.1596217086	6.10802025407
1830.0	343.0	14.1173681584	7.3268558512
1830.0	345.0	5.35991494683	9.7451956017
1830.0	423.0	6.70331374157	5.65623725321
1840.0	106.0	11.8049879989	6.12544241945
1840.0	343.0	14.318362338	6.84953625178
1840.0	345.0	5.15639518583	9.68958786837
1840.0	423.0	6.27354398772	5.67604601658
1850.0	106.0	11.4638240562	6.10897489327
1850.0	343.0	14.5281960523	6.36529551816
1850.0	345.0	4.95771612234	9.9148827193
1850.0	423.0	5.87029283768	5.55528415793
1860.0	106.0	11.1226601135	6.09250736708
1860.0	343.0	14.7586553474	5.86530323776
1860.0	345.0	4.77945217449	10.1323017968
1860.0	423.0	5.47377657114	5.39920064892
1870.0	106.0	10.7850740777	6.03212643776
1870.0	112.0	14.7733879051	6.38605892073
1870.0	343.0	14.9891146424	5.36531095736
1870.0	345.0	4.68390101472	10.3165471622
1870.0	423.0	5.08420565322	5.24263982031
1880.0	106.0	10.4495926929	5.94262901286
1880.0	112.0	14.3659274528	6.2473975771
1880.0	345.0	4.58813938984	10.5010311874
1880.0	423.0	4.72346845533	5.0834537339
1890.0	106.0	10.1141113082	5.85313158797
1890.0	112.0	13.9586774657	6.10897489327
1890.0	345.0	4.54036380995	10.7179729453
1890.0	423.0	4.36399404809	4.92999548268
1900.0	106.0	9.78220783028	5.7500305545
1900.0	112.0	13.5512170135	5.97031354963
1900.0	345.0	4.49237776496	10.9349147033
1900.0	423.0	4.01630568698	4.82617846981
1910.0	106.0	9.45577644526	5.62664343804
1910.0	112.0	13.0970333069	5.97437076623
1910.0	242.0	0.346425570444	4.11282432846
1910.0	345.0	4.44923241748	11.1215466666
1910.0	423.0	3.66840686077	4.72236145693
1920.0	106.0	9.12913459512	5.50325632159
1920.0	112.0	12.6308530891	6.01422695278
1920.0	242.0	0.61813602697	4.03335061516
1920.0	345.0	4.40713939556	11.3005415164
1920.0	423.0	3.41121849681	4.85577228497
1930.0	106.0	8.77534274584	5.40588312331
1930.0	112.0	12.1648833364	6.05408313933
1930.0	242.0	0.899738343649	3.96342329384
1930.0	345.0	4.29517195724	11.3876523433
1930.0	423.0	3.17633943447	5.04860940314
1940.0	106.0	8.3941904323	5.33500116279
1940.0	112.0	11.6989135836	6.09370066608
1940.0	242.0	1.26805228549	3.98060679942
1940.0	345.0	4.16552544971	11.4520904892
1940.0	423.0	2.96692665039	5.22736559312
1950.0	106.0	8.01303811877	5.26411920228
1950.0	112.0	11.2512542955	6.14548984262
1950.0	242.0	1.63636622734	3.9975516452
1950.0	345.0	4.03398475619	11.5559075021
1950.0	423.0	2.85832665382	5.35051404978
1960.0	106.0	7.63188580524	5.19299858196
1960.0	112.0	10.8160124488	6.20515479255
1960.0	242.0	2.02741040102	4.01473515078
1960.0	345.0	3.89360452807	11.8184332818
1960.0	423.0	2.74972665726	5.47366250643
1970.0	106.0	7.25683697989	5.16937126179
1970.0	112.0	10.3807706021	6.26481974248
1970.0	242.0	2.47170224744	4.03239597596
1970.0	345.0	3.75322429995	12.0809590615
1970.0	423.0	2.63586503295	5.58583261229
1980.0	106.0	6.8832614103	5.15743827181
1980.0	112.0	9.94552875535	6.32448469241
1980.0	242.0	2.91620455897	4.05005680114
1980.0	345.0	3.60821383942	12.3227214386
1980.0	423.0	2.47528015431	5.59848158168
1990.0	106.0	6.50968584072	5.14550528182
1990.0	112.0	9.51428574573	6.37364861115
1990.0	242.0	3.40301035754	3.97822020142
1990.0	345.0	3.44468244924	12.481907525
1990.0	423.0	2.31448481055	5.61113055106
2000.0	106.0	6.13611027113	5.13357229184
2000.0	112.0	9.09945901466	6.38056974534
2000.0	242.0	3.9182289459	3.84647999198
2000.0	345.0	3.28094059395	12.6410936114
2000.0	423.0	2.15389993191	5.62354086065
2010.0	106.0	5.77916144521	5.13118569384
2010.0	112.0	8.6848427487	6.38772953933
2010.0	115.0	14.7115111628	6.61087645206
2010.0	242.0	4.43365799937	3.71497844234
2010.0	345.0	3.12498594772	12.798847739
2010.0	423.0	1.95353714754	5.63881508783
2020.0	106.0	5.42663238658	5.13118569384
2020.0	112.0	8.27001601763	6.39465067352
2020.0	115.0	14.3686634992	6.61087645206
2020.0	242.0	4.96529286629	3.5818062741
2020.0	345.0	2.97660804543	12.9554085676
2020.0	423.0	1.66014878473	5.6605331296
2030.0	106.0	5.07389286285	5.13118569384
2030.0	112.0	7.8038357998	6.35002129098
2030.0	115.0	14.0260263008	6.61087645206
2030.0	117.0	14.7281379065	4.93858723547
2030.0	242.0	5.50408354693	3.44815678626
2030.0	345.0	2.82823014315	13.1117307365
2030.0	423.0	1.36676042191	5.68225117138
2040.0	106.0	4.71968008335	5.13046971444
2040.0	112.0	7.3248172103	6.29250427924
2040.0	115.0	13.6831786372	6.61087645206
2040.0	117.0	14.2436472241	4.9941949688
2040.0	242.0	6.05150329706	3.34433977338
2040.0	345.0	2.67985224086	13.2682915651
2040.0	423.0	1.07337205909	5.70396921315
2050.0	106.0	4.35136614151	5.12450321945
2050.0	112.0	6.8460090859	6.23474860771
2050.0	115.0	13.327703067	6.65407387581
2050.0	117.0	13.7589460767	5.04956404234
2050.0	242.0	6.6338602554	3.36032997997
2050.0	345.0	2.53147433858	13.4248523937
2050.0	423.0	0.909209273582	5.72735787352
2060.0	106.0	3.98305219966	5.11853672445
2060.0	112.0	6.41918584358	6.13904602803
2060.0	115.0	12.9593891252	6.74023006351
2060.0	117.0	13.2744553943	5.10517177567
2060.0	242.0	7.21621721373	3.37632018655
2060.0	345.0	2.38309643629	13.5814132223
2060.0	423.0	0.744836022965	5.7505078741
2070.0	106.0	3.61473825782	5.11257022946
2070.0	112.0	5.99825562433	6.03880891215
2070.0	115.0	12.5910751833	6.8263862512
2070.0	117.0	12.793963549	5.15887023061
2070.0	242.0	7.79583812564	3.39779956852
2070.0	345.0	2.234718534	13.7377353911
2070.0	423.0	0.580673237457	5.77389653447
2080.0	106.0	3.25926268766	5.10731971387
2080.0	112.0	5.57732540508	5.93881045607
2080.0	115.0	12.2227612415	6.9125424389
2080.0	117.0	12.3490403073	5.19681713876
2080.0	242.0	8.36472531696	3.44195163147
2080.0	423.0	0.416299986839	5.79704653504
2090.0	106.0	3.02017432313	5.10731971387
2090.0	112.0	5.14524053502	5.89322643432
2090.0	115.0	11.8498170672	6.9103945007
2090.0	117.0	11.9041170655	5.23476404691
2090.0	242.0	8.93382297338	3.48610369441
2100.0	106.0	2.78108595859	5.10731971387
2100.0	112.0	4.71020915342	5.86148468096
2100.0	115.0	11.4762414977	6.89846151072
2100.0	117.0	11.4594042889	5.27271095507
2100.0	242.0	9.50565667624	3.50376451959
2110.0	106.0	2.54178712895	5.10731971387
2110.0	112.0	4.27517777182	5.8297429276
2110.0	115.0	11.1026659281	6.88652852073
2110.0	117.0	11.0144810471	5.31065786322
2110.0	242.0	10.0804368906	3.4944567874
2120.0	106.0	2.30269876441	5.10731971387
2120.0	112.0	3.8963405745	5.77866973046
2120.0	115.0	10.7290903585	6.87459553075
2120.0	117.0	10.5743985029	5.30850992503
2120.0	242.0	10.655217105	3.48538771502
2130.0	106.0	2.07981621332	5.11996868325
2130.0	112.0	3.53160453952	5.72306199713
2130.0	115.0	10.4100252523	6.91994089269
2130.0	117.0	10.1364206098	5.28917848125
2130.0	242.0	11.1483368569	3.48443307582
2140.0	106.0	1.86408947595	5.13786816823
2140.0	112.0	3.16686850454	5.6674542638
2140.0	115.0	10.0972740994	6.97149140943
2140.0	117.0	9.69844271665	5.26984703747
2140.0	242.0	11.632406609	3.48443307582
2150.0	106.0	1.64836273859	5.15576765321
2150.0	112.0	2.88800223428	5.59251508669
2150.0	115.0	9.78431248138	7.02304192617
2150.0	117.0	9.26046482352	5.2505155937
2150.0	242.0	12.1164763611	3.48443307582
2160.0	106.0	1.43263600122	5.17366713819
2160.0	112.0	2.63081387032	5.51304137338
2160.0	115.0	9.46187993343	7.06194347352
2160.0	117.0	9.03926599331	5.25672074849
2160.0	242.0	12.6194879731	3.53598359255
2170.0	106.0	1.13840577796	5.17390579799
2170.0	112.0	2.37362550636	5.43356766008
2170.0	115.0	9.10114273554	7.05072646293
2170.0	117.0	8.81785669798	5.26268724348
2170.0	242.0	13.1246042362	3.59326194449
2180.0	106.0	0.810290672058	5.1669846638
2180.0	112.0	2.11117551465	5.36173106036
2180.0	115.0	8.74040553764	7.03927079255
2180.0	117.0	8.59665786776	5.26889239827
2180.0	242.0	13.6147774766	3.68872586437
2190.0	106.0	0.482175566152	5.1600635296
2190.0	112.0	1.82873133754	5.32068157481
2190.0	115.0	8.37945787463	7.02805378196
2190.0	117.0	8.37314392134	5.27605219227
2190.0	242.0	14.0824309502	3.84099081659
2200.0	106.0	0.154060460246	5.15290373561
2200.0	112.0	1.54607669531	5.27987074906
2200.0	115.0	8.01872067673	7.01659811158
2200.0	117.0	8.13005671972	5.29180373905
2200.0	242.0	14.5500844237	3.99349442861
2210.0	112.0	1.26342205308	5.23882126351
2210.0	115.0	7.7053381285	7.01158625578
2210.0	117.0	7.886759053	5.30779394563
2210.0	122.0	14.7660216262	5.2469356967
2210.0	242.0	15.0179483624	4.14599804062
2220.0	112.0	0.919311598844	5.18655476737
2220.0	115.0	7.39174511516	7.00633574019
2220.0	117.0	7.64367185138	5.32378415221
2220.0	122.0	14.2583797818	5.21185270614
2230.0	112.0	0.548893005903	5.12927641544
2230.0	115.0	7.07836256693	7.00132388439
2230.0	117.0	7.40037418465	5.33953569899
2230.0	122.0	13.7507379374	5.17676971558
2240.0	112.0	0.178474412962	5.07199806351
2240.0	115.0	6.76498001869	6.9963120286
2240.0	117.0	7.14213349514	5.34597951358
2240.0	122.0	13.2433065581	5.14168672503
2250.0	115.0	6.44465212184	6.9996532658
2250.0	117.0	6.87400094548	5.34597951358
2250.0	122.0	12.8105902927	5.21734188154
2260.0	115.0	6.10896027199	7.02232594677
2260.0	117.0	6.60565793071	5.34597951358
2260.0	122.0	12.4100751891	5.34049033819
2270.0	115.0	5.77326842214	7.04499862774
2270.0	117.0	6.33752538104	5.34597951358
2270.0	122.0	12.0093496203	5.46387745464
2280.0	115.0	5.43757657229	7.06767130871
2280.0	117.0	6.06918236627	5.34597951358
2280.0	122.0	11.6010473077	5.56745580772
2290.0	115.0	5.10525216419	7.09177594849
2290.0	117.0	5.76569167819	5.35170734877
2290.0	122.0	11.1872729021	5.65790787181
2300.0	115.0	4.80323473187	7.12805223804
2300.0	117.0	5.42684285169	5.36340167896
2300.0	122.0	10.7737089617	5.7483599359
2310.0	115.0	4.50121729956	7.1645671874
2310.0	117.0	5.08820449031	5.37509600915
2310.0	122.0	10.3700368815	5.79871715364
2320.0	115.0	4.19919986725	7.20084347695
2320.0	117.0	4.74935566381	5.38679033933
2320.0	122.0	9.97099503362	5.8314135462
2330.0	115.0	3.89718243494	7.23711976651
2330.0	117.0	4.42418706944	5.41877075249
2330.0	122.0	9.57174272066	5.86434859856
2340.0	115.0	3.68229755801	7.25788316909
2340.0	117.0	4.11964405581	5.48153827982
2340.0	122.0	9.12155785117	5.95384602345
2350.0	115.0	3.55412430625	7.26313368468
2350.0	117.0	3.81489057707	5.54454446694
2350.0	122.0	8.65853460999	6.05718571673
2360.0	115.0	3.42595105448	7.26814554047
2360.0	117.0	3.51034756344	5.60731199427
2360.0	122.0	8.19551136882	6.16052541
2370.0	115.0	3.29798826783	7.27339605607
2370.0	117.0	3.28746501235	5.60611869527
2370.0	122.0	7.75079859218	6.23331664892
2380.0	115.0	3.16981501607	7.27864657166
2380.0	117.0	3.11909292465	5.56244395192
2380.0	122.0	7.31071604795	6.29847077424
2390.0	115.0	3.11319990158	7.18008007438
2390.0	117.0	2.95072083695	5.51853054877
2390.0	122.0	6.90557071192	6.43044964348
2400.0	115.0	3.06479292637	7.06981924691
2400.0	117.0	2.78234874925	5.47485580543
2400.0	122.0	6.52357653795	6.60729655507
2410.0	115.0	3.01407083495	6.97387800743
2410.0	117.0	2.61397666155	5.43118106208
2410.0	122.0	6.14158236398	6.78414346665
2420.0	115.0	2.9582975809	6.9106331605
2420.0	117.0	2.44560457385	5.38726765893
2420.0	122.0	6.12621841098	7.03378161715
2430.0	115.0	2.90252432685	6.84738831358
2430.0	117.0	2.28291504411	5.30946456423
2430.0	122.0	6.15147422413	7.29153420085
2440.0	115.0	2.84675107279	6.78414346665
2440.0	117.0	2.12422435145	5.20898878855
2440.0	122.0	6.16662771203	7.57458472331
2450.0	115.0	2.68490340349	6.74023006351
2450.0	117.0	1.96553365879	5.10851301287
2450.0	122.0	6.16662771203	7.89558215392
2460.0	115.0	2.51126968805	6.69870325836
2460.0	117.0	1.80663250103	5.00803723719
2460.0	122.0	6.16662771203	8.21657958453
2470.0	115.0	2.33763597261	6.65693779341
2470.0	117.0	1.64794180837	4.90756146151
2470.0	122.0	6.00372771718	8.48483319941
2480.0	115.0	2.16400225717	6.61517232846
2480.0	117.0	1.4890406506	4.80708568583
2480.0	122.0	5.67771726237	8.70034299855
2490.0	115.0	1.99520923925	6.57340686351
2490.0	117.0	1.22574879846	4.73119186952
2490.0	122.0	5.35191727267	8.9158527977
2500.0	115.0	1.82683715155	6.53164139856
2500.0	117.0	0.950881365288	4.65816197081
2500.0	122.0	5.05474053788	9.14401156622
2510.0	115.0	1.65846506385	6.48987593361
2510.0	117.0	0.676013932117	4.58513207209
2510.0	122.0	4.80070915056	9.39078579912
2520.0	115.0	1.49009297615	6.44811046866
2520.0	117.0	0.401146498946	4.51210217338
2520.0	122.0	4.54667776324	9.63779869183
2530.0	115.0	1.30867205165	6.39799191072
2530.0	117.0	0.126279065775	4.43907227467
2530.0	122.0	4.36546730385	9.88409560513
2540.0	115.0	1.12577787139	6.34715737338
2540.0	122.0	4.2570777724	10.1299151988
2550.0	115.0	0.942883691122	6.29632283604
2550.0	122.0	4.14868824094	10.3759734523
2560.0	115.0	0.759989510858	6.2454882987
2560.0	122.0	4.00451964084	10.6232250048
2570.0	115.0	0.577305795703	6.19465376136
2570.0	122.0	3.71765569643	10.8764430523
2580.0	115.0	0.394411615438	6.14381922402
2580.0	122.0	3.4305812869	11.12942244
2590.0	122.0	3.14350687737	11.3826404875
2600.0	122.0	2.76761619158	11.6084126581
2610.0	122.0	2.38183364563	11.8310822512
2620.0	122.0	1.99584063458	12.0539905041
2630.0	122.0	1.68098483058	12.2730802003
2640.0	122.0	1.37412670075	12.4919312366
2650.0	122.0	1.09652322115	12.7236699021
2650.0	142.0	0.448711613722	7.68245895278
2660.0	122.0	0.848384856901	12.9682961968
2660.0	142.0	0.883322065098	7.5824604967
2670.0	122.0	0.600036027542	13.2131611513
2670.0	142.0	1.31772205137	7.48246204062
2680.0	122.0	0.351897663294	13.4580261058
2680.0	142.0	1.78495459473	7.47768884462
2690.0	142.0	2.30080457843	7.61635018826
2700.0	142.0	2.81686502723	7.75501153189
2710.0	142.0	3.33902896421	7.88197854534
2720.0	142.0	3.87529406353	7.98197700142
2730.0	142.0	4.41155916286	8.0822141173
2740.0	142.0	4.94529868087	8.20011205835
2750.0	142.0	5.46767308296	8.38936927953
2760.0	142.0	5.99025795016	8.5786265007
2770.0	142.0	6.50463467809	8.76167856708
2780.0	142.0	6.99985908104	8.93017238568
2790.0	142.0	7.49508348398	9.09866620428
2800.0	142.0	7.99030788693	9.26692136307
2810.0	142.0	8.28327531953	9.40057085091
2820.0	142.0	8.55393345051	9.52992446236
2820.0	328.0	3.41374407813	12.9904915582
2830.0	142.0	8.82459158149	9.6595167336
2830.0	328.0	3.45583710005	12.852546194
2830.0	354.0	10.4681136226	12.7861987696
2840.0	142.0	8.99864622715	9.72681879712
2840.0	328.0	3.49793012198	12.7148394895
2840.0	354.0	10.722355475	12.5673477333
2850.0	142.0	9.02832180761	9.70080487895
2850.0	328.0	3.5400231439	12.5768941253
2850.0	354.0	10.9765973274	12.3487353568
2860.0	142.0	9.05799738806	9.67479096078
2860.0	328.0	3.58211616583	12.4389487611
2860.0	354.0	11.235048482	12.1465905064
2870.0	142.0	9.08746250341	9.64853838282
2870.0	328.0	3.61999988556	12.2986167988
2870.0	354.0	11.5029705666	11.9840631828
2880.0	142.0	9.11713808387	9.62252446465
2880.0	328.0	3.61999988556	12.1368054546
2880.0	354.0	11.7605798608	11.8107961682
2890.0	142.0	9.14660319922	9.59627188668
2890.0	328.0	3.61999988556	11.9747554506
2890.0	354.0	11.9272682276	11.5423038935
2900.0	142.0	9.17627877967	9.57025796851
2900.0	328.0	3.65451616354	11.7833502913
2900.0	354.0	12.0939565944	11.2738116189
2910.0	142.0	9.17880436099	9.56453013332
2910.0	328.0	3.76921964828	11.5229724498
2910.0	354.0	12.1486775229	11.0098538804
2920.0	142.0	9.1813299423	9.55880229812
2920.0	328.0	3.87803010996	11.2754822375
2920.0	354.0	12.1554124064	10.7480440801
2930.0	142.0	9.18385552362	9.55283580313
2930.0	328.0	3.93233010824	11.1446966672
2930.0	354.0	12.1621472899	10.4864729396
2940.0	142.0	9.18638110494	9.54710796794
2940.0	328.0	3.98663010653	11.0136724372
2940.0	354.0	12.1415217092	10.2437559233
2950.0	142.0	9.18890668625	9.54138013274
2950.0	148.0	14.6083832591	0.868721670957
2950.0	328.0	4.04093010481	10.8828868669
2950.0	354.0	12.1025856639	10.0139265362
2960.0	142.0	9.19164273268	9.53565229755
2960.0	148.0	13.9138483973	1.21883559714
2960.0	328.0	4.16236847306	10.5890966535
2960.0	354.0	12.0636496186	9.78409714905
2970.0	142.0	9.19416831399	9.52992446236
2970.0	148.0	13.2193135356	1.56871086352
2970.0	328.0	4.28380684132	10.29530644
2970.0	354.0	12.0522845027	9.4967507502
2980.0	142.0	9.19669389531	9.52419662716
2980.0	148.0	12.5571903007	1.91142633591
2980.0	328.0	4.44439171996	10.0039028246
2980.0	354.0	12.0442868285	9.20319919655
2990.0	142.0	9.19921947662	9.51823013217
2990.0	148.0	11.9704135751	2.23695830271
2990.0	328.0	4.66348589908	9.71536312674
2990.0	354.0	12.0082972948	8.93924145807
3000.0	142.0	9.20174505794	9.51250229698
3000.0	148.0	11.3836368494	2.56225160972
3000.0	328.0	4.88279054331	9.42706208868
3000.0	354.0	11.906853112	8.7447337213
3010.0	142.0	9.20427063925	9.50677446179
3010.0	148.0	10.7968601238	2.88778357653
3010.0	328.0	5.09325565294	9.23613424891
3010.0	354.0	11.8056193942	8.55022598453
3020.0	142.0	9.20679622057	9.50104662659
3020.0	148.0	10.3264706038	3.21761141974
3020.0	328.0	5.30372076256	9.04520640914
3020.0	354.0	11.7734182325	8.43733989927
3030.0	142.0	9.20932180188	9.4953187914
3030.0	148.0	9.85587061865	3.54767792274
3030.0	328.0	5.51418587219	8.94282135506
3030.0	354.0	11.7875193948	8.37910690814
3040.0	142.0	9.2118473832	9.48935229641
3040.0	148.0	9.38548109864	3.87750576594
3040.0	328.0	5.72465098181	8.84067496079
3040.0	354.0	11.801410092	8.32063525721
3050.0	142.0	9.21437296452	9.48362446121
3050.0	148.0	8.91593343907	4.17726247438
3050.0	328.0	6.07718004044	8.660486812
3050.0	354.0	11.8155112544	8.26240226608
3060.0	142.0	9.21689854583	9.47789662602
3060.0	148.0	8.44680670971	4.45673309985
3060.0	328.0	6.44549398228	8.47146825063
3060.0	354.0	11.8268763703	8.20918113074
3070.0	142.0	9.21963459226	9.47216879083
3070.0	148.0	7.97789044547	4.73644238511
3070.0	328.0	6.82875094691	8.32158989641
3070.0	354.0	11.8134066033	8.20249865635
3080.0	142.0	9.22216017357	9.46644095563
3080.0	148.0	7.51023697188	5.01257177338
3080.0	328.0	7.22716139943	8.21085174934
3080.0	354.0	11.7999368363	8.19557752216
3090.0	142.0	9.22468575489	9.46071312044
3090.0	148.0	7.05647419552	5.25863002689
3090.0	328.0	7.62557185195	8.09987494247
3090.0	354.0	11.7864670692	8.18889504777
3100.0	142.0	9.2272113362	9.45474662545
3100.0	148.0	6.60271141917	5.50492694019
3100.0	328.0	8.02756021134	8.08770329269
3100.0	354.0	11.7729973022	8.18221257338
3110.0	142.0	9.22973691752	9.44901879025
3110.0	148.0	6.14894864282	5.75098519369
3110.0	328.0	8.43081136138	8.11753576765
3110.0	354.0	11.7595275352	8.17529143918
3120.0	142.0	9.23226249883	9.44329095506
3120.0	148.0	5.68192656456	5.92807076508
3120.0	328.0	8.8445857669	8.16693834619
3120.0	354.0	11.7462682333	8.16860896479
3130.0	142.0	9.23478808015	9.43756311987
3130.0	148.0	5.21343123053	6.09728056308
3130.0	154.0	14.423805358	3.19660935736
3130.0	328.0	9.28235319492	8.26240226608
3130.0	354.0	11.7327984663	8.1619264904
3140.0	142.0	9.23731366146	9.43183528468
3140.0	148.0	4.74493589651	6.26672902088
3140.0	154.0	13.9327902572	3.28944801945
3140.0	328.0	9.72012062295	8.35786618597
3140.0	354.0	11.7193286993	8.15500535621
3150.0	142.0	9.23983924278	9.42610744948
3150.0	148.0	4.2724417254	6.44381459226
3150.0	154.0	13.4417751565	3.38228668154
3150.0	328.0	10.1040089829	8.54497546894
3150.0	354.0	11.7058589323	8.14832288182
3160.0	142.0	9.2423648241	9.42014095449
3160.0	148.0	3.79889522874	6.62280944205
3160.0	154.0	12.9505495906	3.47512534363
3160.0	328.0	10.4744275758	8.75499609269
3160.0	354.0	11.6923891652	8.14140174762
3170.0	142.0	9.24489040541	9.4144131193
3170.0	148.0	3.32534873208	6.80180429183
3170.0	154.0	12.4422763508	3.52190266437
3170.0	328.0	10.8162229139	8.95165176765
3170.0	354.0	11.6789193982	8.13471927323
3180.0	142.0	9.24762645184	9.4086852841
3180.0	148.0	3.02711967174	6.83497800399
3180.0	154.0	11.93189846	3.56366812932
3180.0	328.0	11.0915112773	9.11680434905
3180.0	354.0	11.6656600963	8.12803679884
3190.0	142.0	9.25015203315	9.40295744891
3190.0	148.0	2.72910107651	6.86815171615
3190.0	154.0	11.4215205692	3.60543359427
3190.0	328.0	11.3667996407	9.28195693046
3190.0	354.0	11.6521903293	8.12111566465
3200.0	142.0	9.25267761447	9.39722961372
3200.0	148.0	2.43087201617	6.90132542831
3200.0	154.0	10.9111426783	3.64719905922
3200.0	328.0	11.7165926529	9.46142909984
3200.0	354.0	11.6387205623	8.11443319026
3210.0	142.0	9.25520319578	9.39126311872
3210.0	148.0	2.10738714268	6.89941614992
3210.0	154.0	10.3515159518	3.75316401029
3210.0	328.0	12.0985868268	9.64710642402
3210.0	354.0	11.6307228881	8.01348009498
3220.0	142.0	9.2577287771	9.38553528353
3220.0	148.0	1.74601854945	6.84547903518
3220.0	154.0	9.78662759759	3.86628875536
3220.0	328.0	12.4805810008	9.83278374819
3220.0	354.0	11.6225147489	7.9125269997
3230.0	142.0	9.26025435841	9.37980744834
3230.0	148.0	1.38464995623	6.79154192045
3230.0	154.0	9.22173924335	3.97941350042
3230.0	328.0	12.770812387	9.84089818138
3230.0	354.0	11.6197787024	7.82159761601
3240.0	142.0	9.26277993973	9.37407961314
3240.0	148.0	1.023281363	6.73736614591
3240.0	154.0	8.66653228416	4.09373154448
3240.0	328.0	13.0612542383	9.84925127437
3240.0	354.0	11.6248298651	7.7459424595
3250.0	142.0	9.26530552104	9.36835177795
3250.0	148.0	0.661912769772	6.68342903118
3250.0	154.0	8.19887881057	4.21974391873
3250.0	328.0	13.3546426011	9.84543271758
3250.0	354.0	11.6300914928	7.67028730299
3260.0	142.0	9.26783110236	9.36262394276
3260.0	148.0	0.300544176545	6.62925325664
3260.0	154.0	7.73101487187	4.34551763318
3260.0	328.0	13.6764437537	9.73302395191
3260.0	354.0	11.6351426554	7.59463214648
3270.0	142.0	9.27035668368	9.35665744777
3270.0	154.0	7.26336139829	4.47153000743
3270.0	328.0	14.0348658354	9.59221467008
3270.0	354.0	11.6755519565	7.499884206
3280.0	142.0	9.27288226499	9.35092961257
3280.0	154.0	6.82496257494	4.59085990729
3280.0	328.0	14.4475879154	9.4086852841
3280.0	354.0	11.7982531154	7.36074554276
3290.0	142.0	9.27561831142	9.34520177738
3290.0	154.0	6.41560793671	4.70350733275
3290.0	328.0	14.8605204604	9.22515589812
3290.0	354.0	11.9211647394	7.22136821973
3300.0	142.0	9.27814389273	9.33947394219
3300.0	154.0	6.0064637636	4.81639341802
3300.0	354.0	12.1573065924	7.05120378253
3310.0	142.0	9.28066947405	9.33374610699
3310.0	154.0	5.59710912538	4.92904084348
3310.0	354.0	12.4058658869	6.87769810814
3320.0	142.0	9.28319505536	9.327779612
3320.0	154.0	5.22079750937	5.01997022717
3320.0	354.0	12.6150682058	6.72400119713
3330.0	142.0	9.28572063668	9.32205177681
3330.0	154.0	4.84785333511	5.10875167267
3330.0	354.0	12.8072228509	6.5786573791
3340.0	142.0	9.28824621799	9.31632394161
3340.0	154.0	4.47511962597	5.19729445836
3340.0	354.0	13.0221077279	6.37866046694
3350.0	142.0	9.29077179931	9.31059610642
3350.0	154.0	4.06681731329	5.21972847953
3350.0	354.0	13.2708774874	6.09656458368
3360.0	142.0	9.29329738062	9.30486827123
3360.0	154.0	3.60505686278	5.14264136423
3360.0	354.0	13.5076507358	5.82091251501
3370.0	142.0	9.29582296194	9.29914043603
3370.0	154.0	3.14329641226	5.06579290872
3370.0	354.0	13.6970693344	5.57031972531
3380.0	142.0	9.29834854326	9.29317394104
3380.0	154.0	2.71878828614	4.97486352503
3380.0	354.0	13.8890135144	5.30874858483
3390.0	142.0	9.30087412457	9.28744610585
3390.0	154.0	2.38078132008	4.85195372817
3390.0	354.0	14.0910600196	5.00326404119
3400.0	142.0	9.30339970589	9.28171827066
3400.0	154.0	2.04277435403	4.72904393132
3400.0	354.0	14.2931065249	4.69777949756
3410.0	142.0	9.30613575231	9.27599043546
3410.0	154.0	1.70476738797	4.60613413447
3410.0	354.0	14.5010460532	4.40685320171
3420.0	142.0	9.30866133363	9.27026260027
3420.0	154.0	1.30298949369	4.5772562987
3420.0	354.0	14.7115111628	4.12189340085
3430.0	142.0	9.31118691494	9.26429610528
3430.0	154.0	0.901211599417	4.54837846294
3430.0	354.0	14.9219762724	3.83693359999
3440.0	142.0	9.31371249626	9.25856827008
3440.0	154.0	0.499433705141	4.51926196737
3450.0	142.0	9.31623807757	9.25284043489
3450.0	334.0	5.083784723	12.0547064835
3460.0	142.0	9.31876365889	9.2471125997
3460.0	334.0	5.02611728297	12.0430121533
3470.0	142.0	9.32128924021	9.2413847645
3470.0	334.0	4.96823937782	12.031556483
3480.0	142.0	9.32171017042	9.22849713532
3480.0	334.0	4.91057193778	12.0201008126
3490.0	142.0	9.30318924078	9.15117136021
3490.0	334.0	4.85290449775	12.0084064824
3500.0	142.0	9.28466831113	9.07408424491
3500.0	334.0	4.79523705771	11.996950812
3510.0	142.0	9.26593691637	8.9967584698
3510.0	334.0	4.73756961767	11.9852564818
3520.0	142.0	9.19522063954	8.96000486064
3520.0	334.0	4.5982417151	11.9520827696
3530.0	142.0	9.10219506108	8.94043475707
3530.0	334.0	4.40461381424	11.9043508097
3540.0	142.0	9.00895901752	8.92086465349
3540.0	334.0	4.20109405324	11.858766788
3550.0	142.0	8.91572297396	8.90129454991
3550.0	334.0	3.90791615553	11.8332301894
3560.0	142.0	8.8226973955	8.88172444634
3560.0	334.0	3.61473825782	11.8076935908
3570.0	142.0	8.72946135194	8.86215434276
3570.0	334.0	3.34408012684	11.7976698792
3580.0	142.0	8.69220902753	8.86334764176
3580.0	334.0	3.12582780816	11.824161117
3590.0	142.0	8.69220902753	8.87838320914
3590.0	167.0	0.334849989414	5.5805820967
3590.0	334.0	2.90757548948	11.8508910146
3600.0	142.0	8.69220902753	8.89341877652
3600.0	167.0	0.774090673203	5.86076870156
3600.0	334.0	2.63565456784	11.9055441087
3610.0	142.0	8.69220902753	8.9086930037
3610.0	167.0	1.21333135699	6.14071664663
3610.0	334.0	2.32816504268	11.9788126672
3620.0	142.0	8.69220902753	8.92372857109
3620.0	167.0	1.57617320599	6.39083211673
3620.0	334.0	2.02046505241	12.0523198855
3630.0	142.0	8.69220902753	8.93876413847
3630.0	167.0	1.88787203334	6.62066150385
3630.0	334.0	1.80999994278	12.0523198855
3640.0	142.0	8.69220902753	8.95379970585
3640.0	167.0	2.19978132581	6.85049089097
3640.0	334.0	1.59953483315	12.0523198855
3650.0	142.0	8.69220902753	8.96883527323
3650.0	167.0	2.51505806003	7.08819605149
3650.0	279.0	14.7388716271	7.40203368811
3650.0	334.0	1.39264763039	12.0582863805
3660.0	142.0	8.69220902753	8.98410950041
3660.0	167.0	2.83075572446	7.3268558512
3660.0	279.0	14.5494530284	7.4139666781
3660.0	334.0	1.19965112487	12.0881188555
3670.0	142.0	8.69220902753	8.9991450678
3670.0	167.0	3.1201452502	7.44618575106
3670.0	279.0	14.3600344297	7.42589966808
3670.0	334.0	1.00665461934	12.1179513305
3680.0	142.0	8.69220902753	9.01418063518
3680.0	167.0	3.38322663723	7.44618575106
3680.0	279.0	14.1706158311	7.43783265807
3680.0	334.0	0.957405783687	12.1726044246
3690.0	142.0	8.69220902753	9.02921620256
3690.0	167.0	3.65956732617	7.43711667867
3690.0	279.0	13.968779791	7.44379915306
3690.0	334.0	0.94393601667	12.2337013333
3700.0	142.0	8.69220902753	9.04449042974
3700.0	167.0	4.05629405781	7.34523265578
3700.0	279.0	13.7378995657	7.43616203947
3700.0	334.0	0.930466249654	12.2945595822
3710.0	142.0	8.69220902753	9.05952599712
3710.0	167.0	4.45302078946	7.25334863289
3710.0	279.0	13.5070193404	7.42852492588
3710.0	334.0	0.916996482638	12.3554178312
3720.0	142.0	8.69220902753	9.0745615645
3720.0	167.0	4.84722193979	7.19105842517
3720.0	279.0	13.2742449292	7.42399038969
3720.0	334.0	0.907104622486	12.4103095851
3720.0	398.0	14.8967204593	12.0380002975
3730.0	142.0	8.69220902753	9.08959713189
3730.0	167.0	5.23910797391	7.15812337281
3730.0	279.0	13.033893774	7.43258214248
3730.0	334.0	0.92751973812	12.4103095851
3730.0	398.0	14.5599762839	12.2050621573
3740.0	142.0	8.69220902753	9.10463269927
3740.0	167.0	5.63099400803	7.12518832045
3740.0	279.0	12.7933321537	7.44117389527
3740.0	334.0	0.947934853753	12.4103095851
3740.0	398.0	14.2152344343	12.3606683468
3750.0	142.0	8.69220902753	9.11990692645
3750.0	167.0	6.06560445941	7.11206203146
3750.0	279.0	12.5367751851	7.42876358568
3750.0	334.0	0.968349969387	12.4103095851
3750.0	398.0	13.8380809579	12.469974535
3760.0	142.0	8.69220902753	9.13494249383
3760.0	167.0	6.52862770058	7.11206203146
3760.0	279.0	12.2560147288	7.38532750213
3760.0	334.0	0.98897555013	12.4103095851
3760.0	398.0	13.4609274814	12.5792807233
3770.0	142.0	8.69220902753	9.14997806121
3770.0	167.0	6.99165094176	7.11206203146
3770.0	279.0	11.9754647377	7.34213007838
3770.0	334.0	1.00939066576	12.4103095851
3770.0	398.0	13.1820612112	12.6251034048
3780.0	142.0	8.69220902753	9.1650136286
3780.0	167.0	7.46856488017	7.17124966179
3780.0	279.0	11.7033333509	7.30466048983
3780.0	334.0	1.0298057814	12.4103095851
3780.0	398.0	12.9278193587	12.6549358798
3790.0	142.0	8.69220902753	9.18028785578
3790.0	167.0	7.95494974852	7.27005481887
3790.0	279.0	11.5080217292	7.32184399541
3790.0	334.0	1.05022089703	12.4103095851
3790.0	398.0	12.7236682024	12.7160327885
3800.0	142.0	8.69220902753	9.19532342316
3800.0	167.0	8.44112415175	7.36885997595
3800.0	279.0	11.3124996424	7.33878884119
3800.0	334.0	1.21312089188	12.4298796887
3800.0	398.0	12.5946530902	12.8236683582
3810.0	142.0	8.69220902753	9.21035899054
3810.0	167.0	8.83090553478	7.496304309
3810.0	279.0	11.135077555	7.3278104904
3810.0	334.0	1.39159530484	12.4515977304
3810.0	398.0	12.465637978	12.9315425877
3820.0	142.0	8.69220902753	9.22539455792
3820.0	167.0	9.17922529121	7.63639761143
3820.0	279.0	10.9997484895	7.25096203489
3820.0	334.0	1.57028018292	12.4733157722
3820.0	398.0	12.3627205394	13.0814209419
3830.0	142.0	8.69220902753	9.24043012531
3830.0	167.0	9.52754504764	7.77625225406
3830.0	279.0	10.864419424	7.17435223919
3830.0	334.0	1.78369180408	12.4773729888
3830.0	398.0	12.3206275175	13.3296271336
3840.0	142.0	8.69220902753	9.25570435249
3840.0	167.0	9.79462527175	7.98197700142
3840.0	279.0	10.7425601255	7.08891203089
3840.0	334.0	2.02046505241	12.469974535
3840.0	398.0	12.2785344956	13.5778333253
3840.0	430.0	9.52249388501	9.90127911071
3850.0	142.0	8.69220902753	9.27073991987
3850.0	167.0	10.0412903802	8.20416927495
3850.0	279.0	10.634170594	6.9948800698
3850.0	286.0	14.7397134875	7.73472544891
3850.0	334.0	2.25723830073	12.4625760812
3850.0	430.0	9.61762411456	9.87049199655
3860.0	142.0	8.69220902753	9.28577548725
3860.0	167.0	10.2881659538	8.42636154848
3860.0	279.0	10.5257810626	6.90084810871
3860.0	286.0	14.6279565143	7.78699194505
3860.0	334.0	2.44139527166	12.4446765963
3860.0	430.0	9.712543879	9.83970488239
3870.0	142.0	8.69220902753	9.30081105463
3870.0	167.0	10.5464066433	8.64187134762
3870.0	279.0	10.4173915311	6.80681614763
3870.0	286.0	14.5161995411	7.83925844119
3870.0	334.0	2.54662782647	12.4117415439
3870.0	430.0	9.80767410855	9.80891776822
3880.0	142.0	8.69220902753	9.31584662201
3880.0	167.0	10.8059101235	8.85666516737
3880.0	286.0	14.4094937305	7.88651308153
3880.0	334.0	2.65186038128	12.3785678317
3880.0	430.0	9.98951596327	9.75474199369
3880.0	431.0	9.27456598587	9.68791724977
3890.0	142.0	8.69220902753	9.3311208492
3890.0	167.0	11.0656240688	9.07145898711
3890.0	286.0	14.3147844312	7.92231205149
3890.0	334.0	2.75709293609	12.3453941196
3890.0	430.0	10.1711473529	9.70032755935
3890.0	431.0	9.41473574888	9.56405281372
3900.0	142.0	8.69220902753	9.34615641658
3900.0	167.0	11.4314124293	9.10558733847
3900.0	286.0	14.2200751318	7.95811102144
3900.0	334.0	2.85306502608	12.2909796852
3900.0	430.0	10.2698554893	9.59770384548
3900.0	431.0	9.555115977	9.44042703747
3910.0	142.0	8.69220902753	9.36119198396
3910.0	167.0	11.808986836	9.11966826665
3910.0	286.0	14.1253658325	7.9939099914
3910.0	334.0	2.94651153476	12.2313147353
3910.0	430.0	10.347938045	9.48266982201
3910.0	431.0	9.68665667051	9.34949765377
3920.0	142.0	8.69220902753	9.37622755134
3920.0	167.0	12.1865612426	9.13374919483
3920.0	286.0	13.9527844426	8.05476824033
3920.0	334.0	3.03995804343	12.1716497854
3920.0	430.0	10.4346496701	9.37336363375
3920.0	431.0	9.81440899206	9.27288785807
3930.0	142.0	8.70146949236	9.4077306449
3930.0	167.0	12.5390903013	9.17384404119
3930.0	286.0	13.5989925933	8.17409814019
3930.0	334.0	3.14056036583	12.1160420521
3930.0	430.0	10.5998647812	9.31369868382
3930.0	431.0	9.9421613136	9.19603940256
3940.0	142.0	8.7132555385	9.44305229526
3940.0	167.0	12.8663635467	9.24019146551
3940.0	286.0	13.2479367905	8.28507494705
3940.0	334.0	3.26915454781	12.0761858655
3940.0	430.0	10.7652903573	9.25403373389
3940.0	431.0	10.2496508388	8.9139435193
3950.0	142.0	8.72504158464	9.47837394562
3950.0	167.0	13.1938472573	9.30630023003
3950.0	175.0	14.8668344137	6.9101558409
3950.0	286.0	12.9242414519	8.32182855621
3950.0	334.0	3.39774872979	12.0363296789
3950.0	430.0	10.9496577934	9.21226826894
3950.0	431.0	10.5794496655	8.62755175964
3960.0	142.0	8.73661716567	9.51369559598
3960.0	167.0	13.5211205028	9.37264765435
3960.0	175.0	14.5917565154	7.57100482631
3960.0	286.0	12.6003356482	8.35858216536
3960.0	334.0	3.52655337689	11.9967121522
3960.0	430.0	11.1784333675	9.21226826894
3960.0	431.0	10.9300845382	8.50822185978
3970.0	142.0	8.7484032118	9.54901724633
3970.0	167.0	13.8917495608	9.37360229355
3970.0	175.0	14.3164681521	8.23185381172
3970.0	286.0	12.2280228692	8.40345020771
3970.0	334.0	3.68840104619	11.9926549356
3970.0	430.0	11.4072089417	9.21226826894
3970.0	431.0	11.3556449898	8.33519350499
3980.0	142.0	8.63980321524	9.55116518453
3980.0	167.0	14.2672193164	9.36715847895
3980.0	175.0	13.9868797904	8.78888578425
3980.0	286.0	11.80709265	8.45643268325
3980.0	334.0	3.87255801711	12.012463699
3980.0	430.0	11.8481333464	9.15546723661
3980.0	431.0	11.9554705523	8.03686875535
3990.0	142.0	8.35125554994	9.50343322459
3990.0	167.0	14.642689072	9.36071466436
3990.0	175.0	13.6206704996	9.27670641486
3990.0	176.0	14.7582344172	6.06840272731
3990.0	286.0	11.3566973154	8.45905794104
3990.0	334.0	4.04261382569	12.0246353488
3990.0	430.0	12.289057751	9.09866620428
3990.0	431.0	12.5561379751	7.82470019341
4000.0	142.0	8.06270788464	9.45570126465
4000.0	167.0	15.0181588275	9.35427084977
4000.0	175.0	13.254671674	9.76118580828
4000.0	176.0	14.2916332691	6.00396458139
4000.0	286.0	10.8936740742	8.43996515707
4000.0	334.0	4.15647544999	12.005303905
4000.0	430.0	12.7718647125	9.07026568811
4000.0	431.0	13.1589100491	7.81396050242
4010.0	142.0	7.77394975424	9.4079693047
4010.0	175.0	12.8882519181	10.2385054077
4010.0	176.0	13.8252425862	5.93928777567
4010.0	286.0	10.4211799031	8.4137125791
4010.0	334.0	4.27012660919	11.9859724612
4010.0	430.0	13.2593019064	9.04520640914
4010.0	431.0	13.7530530536	7.80417545063
4020.0	142.0	7.56495790038	9.40319610871
4020.0	175.0	12.5218321623	10.7158250071
4020.0	176.0	13.3588519033	5.87484962975
4020.0	286.0	9.91122294249	8.35858216536
4020.0	334.0	4.3839882335	11.9666410174
4020.0	430.0	13.7854646805	8.85141465177
4020.0	431.0	14.270376293	7.80417545063
4030.0	142.0	7.36480558113	9.40319610871
4030.0	175.0	12.3008437972	11.1637894512
4030.0	176.0	12.8846740113	5.81065014362
4030.0	286.0	9.40126598186	8.30345175163
4030.0	334.0	4.51195102015	11.9604358626
4030.0	430.0	14.3116274545	8.65738423461
4030.0	431.0	14.7879099976	7.80417545063
4040.0	142.0	7.16444279676	9.40319610871
4040.0	175.0	12.1766693825	11.5921837917
4040.0	176.0	12.3795577482	5.7469279771
4040.0	286.0	8.93508576404	8.25404917309
4040.0	334.0	4.65443589937	11.9673569968
4040.0	430.0	14.8377902286	8.46359247724
4050.0	142.0	6.96429047751	9.40319610871
4050.0	175.0	12.0527054329	12.0205781322
4050.0	176.0	11.8744414851	5.68320581058
4050.0	286.0	8.49794973135	8.20798783174
4050.0	334.0	4.79671031348	11.9745167908
4060.0	142.0	6.80812536617	9.4077306449
4060.0	175.0	11.9285310182	12.4489724727
4060.0	176.0	11.3876356865	5.64382694362
4060.0	286.0	8.06081369866	8.1621651502
4060.0	334.0	4.93730100671	11.983824523
4070.0	142.0	6.66269397542	9.4134584801
4070.0	175.0	11.8853856708	12.8714003181
4070.0	176.0	10.973861281	5.70158261515
4070.0	286.0	7.5893718531	7.99987648639
4070.0	334.0	5.06231728182	12.013656998
4080.0	142.0	6.51747304977	9.41918631529
4080.0	175.0	11.8769670664	13.2914415656
4080.0	176.0	10.5602973406	5.75909962689
4080.0	286.0	7.11793000754	7.83758782259
4080.0	334.0	5.18733355694	12.0434894729
4090.0	142.0	6.37204165902	9.42467549068
4090.0	175.0	11.868548462	13.7114828131
4090.0	176.0	10.1418927026	5.80778622603
4090.0	286.0	6.62312653481	7.71062080914
4090.0	334.0	5.31234983206	12.0733219479
4100.0	142.0	6.32258235826	9.43780177967
4100.0	176.0	9.71296480922	5.83523210299
4100.0	286.0	6.10517190002	7.61873678625
4110.0	142.0	6.33668352061	9.45570126465
4110.0	176.0	9.2840369158	5.86267797996
4110.0	286.0	5.58700680012	7.52685276336
4120.0	142.0	6.35099514806	9.47360074963
4120.0	176.0	8.89930669541	6.10849757367
4120.0	286.0	5.13450681442	7.34427801658
4130.0	142.0	6.36530677551	9.4917388944
4130.0	176.0	8.53372879999	6.44763314906
4130.0	286.0	4.68937310757	7.15144089841
4140.0	142.0	6.37940793786	9.50963837938
4140.0	176.0	8.15299741667	6.73927542431
4140.0	286.0	4.24886963312	7.00227852359
4150.0	142.0	6.39371956531	9.52753786436
4150.0	176.0	7.76826719628	7.01898470957
4150.0	286.0	3.81952080948	6.95454656365
4160.0	142.0	6.40803119277	9.54543734934
4160.0	176.0	7.38374744099	7.29893265464
4160.0	286.0	3.39017198585	6.90681460371
4170.0	142.0	6.42213235511	9.56333683432
4170.0	176.0	7.01017187141	7.52518214476
4170.0	286.0	2.99660223085	6.93688573847
4180.0	142.0	6.43644398257	9.5814749791
4180.0	176.0	6.63764862737	7.7454651399
4180.0	286.0	2.61187201045	6.98604965721
4190.0	142.0	6.45075561002	9.59937446407
4190.0	176.0	6.25986375559	7.97123731043
4190.0	286.0	2.22735225517	7.03545223575
4200.0	142.0	6.46485677237	9.61727394905
4200.0	176.0	5.86903004702	8.20989711014
4200.0	286.0	1.92933365994	7.04833986494
4210.0	142.0	6.47916839982	9.63517343403
4210.0	176.0	5.47819633844	8.44855690986
4210.0	286.0	1.64078599464	7.05717027753
4220.0	142.0	6.49348002728	9.65307291901
4220.0	176.0	5.19112192891	8.75642805149
4220.0	286.0	1.31688019093	7.05191976193
4230.0	142.0	6.59218816369	9.69221312616
4230.0	176.0	5.00780681843	9.13374919483
4230.0	184.0	0.508062774636	3.82547792961
4230.0	286.0	0.850068577778	6.98962955421
4240.0	142.0	6.88852303804	9.78051725206
4240.0	176.0	4.82449170795	9.51107033818
4240.0	184.0	0.808817416291	3.88681349813
4240.0	286.0	0.383467429738	6.92733934648
4250.0	142.0	7.18464744729	9.86906003775
4250.0	176.0	4.6683265966	9.87598117194
4250.0	184.0	1.10936159284	3.94814906666
4260.0	142.0	7.42205209094	9.9086775645
4260.0	176.0	4.55278125142	10.2222765413
4260.0	184.0	1.41011623449	4.00948463519
4270.0	142.0	7.6200997591	9.91559869869
4270.0	176.0	4.43744637134	10.5688105705
4270.0	184.0	1.76285575822	4.11902948325
4280.0	142.0	7.81814742726	9.92251983289
4280.0	176.0	4.30211730586	10.9120033625
4280.0	184.0	2.11538481685	4.22881299112
4280.0	188.0	15.1640111485	3.93192020028
4290.0	142.0	8.05386835004	9.97120643203
4290.0	176.0	4.12006498603	11.2473203811
4290.0	184.0	2.46812434058	4.33835783919
4290.0	188.0	14.9886937122	4.78703826265
4300.0	142.0	8.43965089598	10.1860002518
4300.0	176.0	3.9380126662	11.5826373997
4300.0	184.0	2.8315975849	4.39324959313
4300.0	188.0	14.8131658108	5.64239498483
4310.0	142.0	8.82543344193	10.4007940715
4310.0	176.0	3.75596034638	11.9181930781
4310.0	184.0	3.22011617727	4.31974237481
4310.0	188.0	14.6567902343	6.30061871244
