200.0	11.0	0.473546496657	7.30298987123
210.0	11.0	0.999709270721	7.06433007152
220.0	11.0	1.56249297386	6.88294862374
230.0	11.0	2.21072551151	6.83521666379
240.0	11.0	2.85895804915	6.78748470385
250.0	11.0	3.53897081835	6.63116253504
260.0	11.0	4.22719172683	6.44739448926
270.0	11.0	4.91520217019	6.25479603089
280.0	11.0	5.60321261356	6.02520530357
290.0	11.0	6.29122305693	5.79585323604
300.0	11.0	6.97902303518	5.55600013733
310.0	11.0	7.66661254833	5.30946456423
320.0	11.0	8.35399159637	5.06269033132
330.0	11.0	9.06915203887	4.92951816308
340.0	11.0	9.80262294592	4.87152383175
350.0	11.0	10.536093853	4.81376816022
360.0	11.0	11.2626194114	4.7462274369
370.0	11.0	11.9729391564	4.65673001201
380.0	11.0	12.6832589014	4.56723258712
390.0	11.0	13.3921053906	4.48036042002
400.0	11.0	14.0881135081	4.4161609339
410.0	11.0	14.7843320908	4.35196144777
420.0	11.0	15.4805506734	4.28752330185
460.0	15.0	15.0693018492	4.00948463519
470.0	15.0	14.4547437291	4.04767020314
480.0	15.0	13.840185609	4.08585577109
490.0	15.0	13.2172088845	4.1627042266
500.0	15.0	12.5858135556	4.27821556966
510.0	15.0	11.9544182267	4.39372691272
520.0	15.0	11.3562763852	4.500646503
530.0	15.0	10.8078043095	4.59467846408
540.0	15.0	10.2591217687	4.68847176537
550.0	15.0	9.70896597214	4.77987846866
560.0	15.0	9.14344622257	4.84694187238
570.0	15.0	8.5777160079	4.9142439359
580.0	15.0	8.01219625833	4.98130733962
590.0	15.0	7.48498115872	5.08560167209
600.0	15.0	6.9619753613	5.19419188096
610.0	15.0	6.43896956388	5.30254343003
620.0	15.0	5.91406958048	5.36244703976
630.0	15.0	5.38790680641	5.39013157653
630.0	20.0	0.163531390179	6.4144594369
640.0	15.0	4.86174403235	5.4175774535
640.0	20.0	0.438819753569	6.2493068555
650.0	15.0	4.45323125457	5.43165838168
650.0	20.0	0.71389765185	6.0839156143
660.0	15.0	4.02514522159	5.46387745464
660.0	20.0	0.98918601524	5.91876303289
670.0	15.0	3.55159872493	5.53833931215
670.0	20.0	1.11546508102	5.64430426322
680.0	15.0	3.163921993	5.54693106494
680.0	20.0	1.24174414679	5.36984549355
690.0	15.0	2.82191618986	5.53690735335
690.0	20.0	1.28320577339	5.38941559713
700.0	15.0	2.49401154906	5.50898415679
700.0	20.0	1.32445693487	5.40898570071
710.0	15.0	2.17831388462	5.4161454947
710.0	20.0	1.36591856147	5.42855580428
720.0	15.0	1.85903831332	5.30612332703
720.0	20.0	1.40738018807	5.44812590786
730.0	15.0	1.53639530027	5.17891765378
730.0	20.0	1.44884181466	5.46769601144
740.0	15.0	1.09925926757	5.10541043547
740.0	20.0	1.49009297615	5.48726611501
750.0	15.0	0.673488350802	5.27271095507
750.0	20.0	1.49430227834	5.27438157367
760.0	15.0	0.291494176831	5.56268261172
760.0	20.0	1.45978600036	4.94455373046
770.0	15.0	0.0648232537647	5.92974138368
770.0	20.0	1.40253949054	4.55410629813
780.0	20.0	1.28720461047	4.17081865979
790.0	20.0	1.08515810523	3.79850937224
800.0	20.0	0.883111599989	3.42620008469
810.0	20.0	0.64086625881	3.06295986952
820.0	20.0	0.393990685219	2.70091295336
830.0	20.0	0.147325576738	2.33886603719
860.0	21.0	13.9965611854	10.9373013013
870.0	21.0	13.945839094	10.476449228
880.0	21.0	13.8951170026	10.0155971548
890.0	21.0	13.7949356104	9.60032910327
900.0	21.0	13.6455053826	9.23064507352
910.0	21.0	13.4962856198	8.86119970356
920.0	21.0	13.3224414393	8.50655124119
930.0	21.0	13.1119763297	8.17409814019
940.0	21.0	12.90151122	7.84164503918
950.0	21.0	12.6834693665	7.48747389641
960.0	21.0	12.4601658852	7.11850584605
970.0	21.0	12.2368624038	6.7497764555
980.0	21.0	11.9514717152	6.4166073751
990.0	21.0	11.5204391707	6.166491905
1000.0	21.0	11.0567845342	5.93952643547
1010.0	21.0	10.4620101344	5.80468364863
1020.0	21.0	9.86723573457	5.66984086179
1030.0	21.0	9.27730203229	5.58463931329
1040.0	21.0	8.68799972534	5.50516559999
1050.0	21.0	8.09869741839	5.42545322689
1060.0	21.0	7.5129730183	5.3302279668
1070.0	21.0	6.92766954843	5.23333208812
1080.0	21.0	6.34215561346	5.13643620943
1080.0	23.0	14.8630460418	6.60514861687
1090.0	21.0	5.74106726037	5.07486198111
1090.0	23.0	14.4000228006	6.47149912903
1100.0	21.0	5.13303355866	5.02832332016
1100.0	23.0	13.9369995594	6.33784964119
1110.0	21.0	4.52499985695	4.98202331902
1110.0	23.0	13.4104158551	6.30921046522
1120.0	21.0	3.91738708546	4.94097383347
1120.0	23.0	12.8766763371	6.29202695965
1130.0	21.0	3.31314175573	4.94861094706
1130.0	23.0	12.3517763537	6.26338778368
1140.0	21.0	2.70889642599	4.95648672045
1140.0	23.0	11.9045379957	6.12902231644
1150.0	21.0	2.10465109626	4.96412383404
1150.0	23.0	11.4572996378	5.994895509
1160.0	21.0	1.57238483401	5.04144960915
1160.0	23.0	11.0100612798	5.86053004176
1160.0	26.0	0.411248824208	3.28992533905
1170.0	21.0	1.03990810666	5.11853672445
1170.0	23.0	10.54956362	5.78153364806
1170.0	26.0	1.0102325262	3.43670111587
1180.0	21.0	0.507641844417	5.19586249956
1180.0	23.0	10.0878031695	5.70850374935
1180.0	26.0	1.6092162282	3.5834768927
1190.0	23.0	9.62583225383	5.63571251043
1190.0	26.0	2.17073714068	3.78705370185
1200.0	23.0	9.15523226871	5.54120322975
1200.0	26.0	2.71605223972	4.01497381058
1210.0	23.0	8.66421716795	5.39657539112
1210.0	26.0	3.29377896564	4.20637896995
1220.0	23.0	8.17299160209	5.25194755249
1220.0	26.0	3.90412778355	4.36150783976
1230.0	23.0	7.68197650133	5.10731971387
1230.0	26.0	4.48038125371	4.54002536995
1240.0	23.0	7.22989744586	4.92164238969
1240.0	26.0	5.02274984121	4.74193156051
1250.0	23.0	6.77781839038	4.73596506551
1250.0	26.0	5.56511842872	4.94383775106
1260.0	23.0	6.32805445111	4.59611042288
1260.0	26.0	6.10643469068	5.02545940257
1270.0	23.0	5.88376260469	4.56293671072
1270.0	26.0	6.64775095263	5.09371610528
1280.0	23.0	5.43926029316	4.53000165836
1280.0	26.0	7.18001721487	5.10731971387
1290.0	23.0	4.99496844674	4.4968279462
1290.0	26.0	7.70996836091	5.10731971387
1300.0	23.0	4.5218428803	4.46962072903
1300.0	26.0	8.23823578607	5.09371610528
1310.0	23.0	4.03608940729	4.44527742946
1310.0	26.0	8.7505078629	4.95863465865
1320.0	23.0	3.55033593427	4.42069547009
1320.0	26.0	9.26256947462	4.82331455221
1330.0	23.0	3.06479292637	4.39635217052
1330.0	26.0	9.77757759787	4.67940269298
1340.0	23.0	2.61629177775	4.34766557138
1340.0	26.0	10.3176310692	4.45649444005
1350.0	23.0	2.17747202419	4.29325113705
1350.0	26.0	10.8578950056	4.23382484692
1360.0	23.0	1.73844180551	4.23859804291
1360.0	26.0	11.4046833604	4.01616710958
1370.0	23.0	1.27057786681	4.17941041258
1370.0	26.0	12.0108228761	3.84433205378
1380.0	23.0	0.735786023251	4.10996041087
1380.0	26.0	12.6169623918	3.67249699799
1390.0	23.0	0.200783714583	4.04027174935
1390.0	26.0	13.2420437674	3.56462276852
1400.0	26.0	13.8797530496	3.499707303
1410.0	26.0	14.5176727969	3.43455317768
1420.0	26.0	15.155382079	3.36939905235
3210.0	49.0	14.7729669748	3.58634081029
3220.0	49.0	14.2063948997	3.68729390557
3230.0	49.0	13.6398228246	3.78824700085
3240.0	49.0	13.0667263311	3.9118727771
3250.0	49.0	12.4911042563	4.04528360514
3260.0	49.0	11.9154821814	4.17869443318
3270.0	49.0	11.3634321989	4.31234392102
3280.0	49.0	10.8669450053	4.44694804806
3290.0	49.0	10.3704578117	4.5815521751
3300.0	49.0	9.87397061808	4.71639496194
3310.0	49.0	9.38190319178	4.77749187066
3320.0	49.0	8.89614971876	4.72856661172
3330.0	49.0	8.41060671086	4.67964135278
3340.0	49.0	7.92485323784	4.63071609384
3350.0	49.0	7.4233148816	4.64360372302
3360.0	49.0	6.90620210725	4.71854290013
3370.0	49.0	6.3890893329	4.79372073704
3380.0	49.0	5.87197655855	4.86865991415
3390.0	49.0	5.41211029402	4.98345527782
3400.0	49.0	4.95224402949	5.09848930128
3410.0	49.0	4.47533009108	5.22020579913
3420.0	49.0	3.95863824695	5.35743518397
3430.0	49.0	3.44215686793	5.4949032286
3440.0	49.0	2.92546502379	5.63237127324
3450.0	49.0	2.45718015488	5.78750014305
3460.0	49.0	1.98889528596	5.94262901286
3470.0	49.0	1.52061041704	6.09775788268
3480.0	49.0	1.05232554813	6.25288675249
3490.0	49.0	0.688852303804	6.51326459398
3500.0	49.0	0.325168594371	6.77364243547
3630.0	58.0	14.8569425536	4.7459887771
3640.0	58.0	14.4743169843	4.93047280228
3650.0	58.0	14.0422321142	5.11113827066
3660.0	58.0	13.4950228292	5.28297332646
3670.0	58.0	12.9478135442	5.45480838225
3680.0	58.0	12.4414344904	5.55051096194
3690.0	58.0	11.945368227	5.62735941744
3700.0	58.0	11.4493019636	5.70396921315
3710.0	58.0	11.0428938369	5.78630684405
3720.0	58.0	10.6364857103	5.86864447495
3730.0	58.0	10.2351287462	5.95575530185
3740.0	58.0	9.87944271093	6.08749551129
3750.0	58.0	9.52396714077	6.21923572073
3760.0	58.0	9.15249622229	6.35216922917
3770.0	58.0	8.71809623602	6.49083057281
3780.0	58.0	8.28348578464	6.62925325664
3790.0	58.0	7.84045672888	6.75574295049
3800.0	58.0	7.32144976854	6.77149449727
3810.0	58.0	6.8022323431	6.78748470385
3820.0	58.0	6.28301491765	6.80108831243
3830.0	58.0	5.76400795731	6.79297387924
3840.0	58.0	5.24479053187	6.78509810585
3850.0	58.0	4.72873008307	6.78032490986
3860.0	58.0	4.24108242406	6.80347491043
3870.0	58.0	3.75343476506	6.8268635708
3880.0	58.0	3.26578710606	6.85001357138
3890.0	58.0	2.77813944706	6.87340223175
3900.0	58.0	2.2761801606	6.75860686809
3910.0	58.0	1.77443133925	6.64381150442
3920.0	58.0	1.2724720528	6.52925480056
3930.0	58.0	0.770723231449	6.4144594369
3940.0	58.0	0.268763944992	6.29966407324
5320.0	89.0	14.9202925516	6.82376099341
5330.0	89.0	14.3852902429	6.69440738196
5340.0	89.0	13.8502879342	6.56505377052
5350.0	89.0	13.2765600454	6.40037850872
5360.0	89.0	12.6929402964	6.22687283432
5370.0	89.0	12.1156345007	6.09322334648
5380.0	89.0	11.542117077	5.98630375621
5390.0	89.0	10.9688101184	5.87914550614
5400.0	89.0	10.3929775784	5.93881045607
5410.0	89.0	9.81588224783	6.06959602631
5420.0	89.0	9.23878691723	6.20062025636
5430.0	89.0	8.67958112096	6.3292578884
5440.0	89.0	8.13237183593	6.45646356165
5450.0	89.0	7.5851625509	6.58390789469
5460.0	89.0	7.07688931116	6.73617284691
5470.0	89.0	6.5945032799	6.90514398511
5480.0	89.0	6.11043352776	7.07435378311
5490.0	89.0	5.619418427	7.2433249213
5500.0	89.0	5.12840332625	7.4122960595
5510.0	89.0	4.69989636305	7.46098265864
5520.0	89.0	4.28696381796	7.47912080342
5530.0	89.0	3.88960569099	7.4924857522
5540.0	89.0	3.55412430625	7.48508729841
5550.0	89.0	3.21885338661	7.47745018482
5560.0	89.0	2.88337200187	7.47005173103
5570.0	89.0	2.61271387089	7.50418008239
5580.0	89.0	2.34226620502	7.53830843375
5590.0	89.0	2.07202900426	7.56981152731
5600.0	89.0	1.80431738482	7.59152956909
5610.0	89.0	1.53639530027	7.61324761086
5620.0	89.0	1.26847321571	7.63496565263
5630.0	89.0	1.00644415423	7.88436514333
5640.0	89.0	0.744836022965	8.1593012326
5650.0	89.0	0.48343835681	8.43399866207
5660.0	89.0	0.270658130978	8.95308372645
5670.0	89.0	0.0902895320294	9.63493477423
6070.0	104.0	0.363262779214	8.04378988954
6080.0	104.0	0.729682535072	7.79629967724
6090.0	104.0	1.09589182582	7.54880946494
6100.0	104.0	1.47704413935	7.31707079941
6110.0	104.0	1.91649528825	7.14857698082
6120.0	104.0	2.35594643715	6.98008316222
6130.0	104.0	2.79539758605	6.81158934362
6140.0	104.0	3.27862547775	6.68653160857
6150.0	104.0	3.77279755515	6.57245222431
6160.0	104.0	4.26696963255	6.45837284005
6170.0	104.0	4.76114170995	6.34429345578
6180.0	104.0	5.26373239173	6.23498726751
6190.0	104.0	5.80041842128	6.14548984262
6200.0	104.0	6.33710445082	6.05599241773
6210.0	104.0	6.87379048037	5.96649499284
6220.0	104.0	7.40163697531	5.88797591873
6230.0	104.0	7.89454626205	5.85289292817
6240.0	104.0	8.38724508369	5.81804859741
6250.0	104.0	8.88015437043	5.78320426666
6260.0	104.0	9.37453691294	5.7457346781
6270.0	104.0	9.8830206178	5.68606972817
6280.0	104.0	10.3917147878	5.62640477824
6290.0	104.0	10.9004089577	5.56673982832
6300.0	104.0	11.3920554538	5.43595425807
6310.0	104.0	11.8670752062	5.23404806752
6320.0	104.0	12.3418844936	5.03214187696
6330.0	104.0	12.8166937809	4.8299970266
6340.0	104.0	13.2828739987	4.71591764234
6350.0	104.0	13.7429507283	4.6605485688
6360.0	104.0	14.203027458	4.60494083547
6370.0	104.0	14.6631041876	4.54957176194
6380.0	104.0	15.1231809173	4.4939640286
6400.0	110.0	0.39883138274	2.56249026952
6410.0	110.0	0.919311598844	2.60640367267
6420.0	110.0	1.44000228006	2.65031707582
6430.0	110.0	1.96069296127	2.69423047897
6440.0	110.0	2.47549061942	2.72430161373
6450.0	110.0	2.98123827785	2.73360934592
6460.0	110.0	3.48719640139	2.74267841831
6470.0	110.0	3.99315452493	2.7519861505
6480.0	110.0	4.49911264846	2.76105522288
6490.0	110.0	4.99959867915	2.76988563547
6500.0	110.0	5.47882773377	2.77728408927
6510.0	110.0	5.95805678839	2.78468254306
6520.0	110.0	6.43728584301	2.79184233705
6530.0	110.0	6.91651489762	2.79924079084
6540.0	110.0	7.39574395224	2.80663924463
6550.0	110.0	7.87497300686	2.81403769842
6560.0	110.0	8.41734159436	2.81379903862
6570.0	110.0	8.98686018101	2.81021914163
6580.0	110.0	9.55637876766	2.80663924463
6590.0	110.0	10.1258973543	2.80329800743
6600.0	110.0	10.695415941	2.79971811044
6610.0	110.0	11.2649345276	2.79613821344
6620.0	110.0	11.8342426491	2.79255831645
6630.0	110.0	12.3938693756	2.77585213047
6640.0	110.0	12.9524437766	2.75747532589
6650.0	110.0	13.5110181775	2.73909852131
6660.0	110.0	14.0695925785	2.72072171673
6670.0	110.0	14.6281669794	2.70234491216
6770.0	119.0	14.9867995262	3.72213823633
6780.0	119.0	14.3722414061	3.71259184434
6790.0	119.0	13.757683286	3.70304545235
6800.0	119.0	13.1616460955	3.53646091215
6810.0	119.0	12.5782368117	3.26534337968
6820.0	119.0	12.0213461316	3.05054955994
6830.0	119.0	11.5048647526	2.92024130929
6840.0	119.0	10.9711252346	2.80807120343
6850.0	119.0	10.3687740908	2.76678305808
6860.0	119.0	9.76621248195	2.72573357253
6870.0	119.0	9.17754157033	2.69232120057
6880.0	119.0	8.62086135537	2.67680831359
6890.0	119.0	8.06418114041	2.6615340864
6900.0	119.0	7.50813232078	2.64697583862
6910.0	119.0	6.95439861736	2.63671346723
6920.0	119.0	6.40087537904	2.62621243605
6930.0	119.0	5.84735214073	2.61595006466
6940.0	119.0	5.2936184373	2.60544903347
6950.0	119.0	4.76345682615	2.62692841545
6960.0	119.0	4.24908009823	2.6691712
6970.0	119.0	3.7344929052	2.71165264434
6980.0	119.0	3.22011617727	2.75413408869
6980.0	123.0	-0.0498802309813	4.26675989928
6990.0	119.0	2.70594991446	2.78205728526
6990.0	123.0	0.495855798278	4.39921608812
7000.0	119.0	2.19494062828	2.67991089098
7000.0	123.0	1.04138136243	4.53191093676
7010.0	119.0	1.683720877	2.57752583691
7010.0	123.0	1.58711739169	4.6643671256
7020.0	119.0	1.21669879875	2.64458924062
7020.0	123.0	2.10254644516	4.7493300143
7030.0	119.0	0.749676720486	2.71165264434
7030.0	123.0	2.61460805688	4.8288037276
7040.0	119.0	0.282865107337	2.77895470786
7040.0	123.0	3.12688013371	4.90851610071
7050.0	123.0	3.65977779128	4.98393259742
7060.0	123.0	4.19478009995	5.05887177453
7070.0	123.0	4.72999287372	5.13381095164
7080.0	123.0	5.27783355408	5.20087435536
7090.0	123.0	5.84440562919	5.25600476909
7100.0	123.0	6.41118816941	5.31113518282
