0.0	4.0	13.6591856147	1.36036085837
0.0	22.0	9.63930202085	5.79943313304
0.0	63.0	4.08302312674	10.4532992274
10.0	1.0	10.7867577985	3.67631555479
10.0	4.0	13.3645344612	1.90593716051
10.0	22.0	9.8131462014	5.6645903462
10.0	63.0	4.00409871063	10.5876646947
20.0	1.0	10.3346787431	3.60543359427
20.0	4.0	13.0698833077	2.45127480286
20.0	22.0	9.98699038195	5.52974755936
20.0	63.0	3.92517429452	10.7217915021
30.0	1.0	9.88365201312	3.53908616995
30.0	4.0	12.7752321543	2.996851105
30.0	22.0	10.2004020031	5.33786508039
30.0	63.0	3.84624987841	10.8561569694
30.0	67.0	8.76460902525	13.7007431221
40.0	1.0	9.4349403994	3.48252379742
40.0	4.0	12.5552961147	3.50829905579
40.0	22.0	10.4304403679	5.12140064205
40.0	63.0	3.81362778641	10.9275162495
40.0	67.0	8.53078228845	13.5771173459
50.0	1.0	8.98622878568	3.42596142489
50.0	4.0	12.4102856542	3.98561865521
50.0	22.0	10.6606891979	4.90517486351
50.0	63.0	3.79258127545	10.9831239828
50.0	67.0	8.29695555166	13.4532529098
60.0	1.0	8.53772763707	3.36939905235
60.0	4.0	12.2650647285	4.46293825464
60.0	22.0	10.8985147717	4.65124083662
60.0	63.0	3.77153476449	11.0387317161
60.0	67.0	8.06312881486	13.3296271336
70.0	1.0	8.1119567203	3.30710884463
70.0	4.0	12.1368914768	4.92426764749
70.0	22.0	11.1441275547	4.35959856137
70.0	63.0	3.75048825353	11.0945781093
70.0	67.0	7.95957998093	13.1768848618
80.0	1.0	7.70912650047	3.23885214191
80.0	4.0	12.0198728758	5.37509600915
80.0	22.0	11.3897403376	4.06771762632
80.0	63.0	3.72944174256	11.1501858426
80.0	67.0	7.87055323956	13.0208013528
90.0	1.0	7.30608581554	3.17083409899
90.0	4.0	11.8220356728	5.67676199598
90.0	22.0	11.6351426554	3.77607535107
90.0	63.0	3.7083952316	11.2057935759
90.0	67.0	7.8059404509	12.8771281533
100.0	1.0	6.90325559572	3.10257739627
100.0	4.0	11.6042042843	5.94095839427
100.0	22.0	11.9438949712	3.32357637081
100.0	63.0	3.61789523446	11.3100879084
100.0	67.0	7.79815324185	12.7620941299
110.0	1.0	6.48232537647	3.03694595135
110.0	4.0	11.3861624307	6.20515479255
110.0	22.0	12.2595926357	2.85341656537
110.0	63.0	3.51013709833	11.4265538907
110.0	67.0	7.79036603279	12.6472987662
120.0	1.0	6.06139515722	2.97131450643
120.0	4.0	11.1611752286	6.43570015907
120.0	22.0	12.5752903001	2.38301810014
120.0	63.0	3.40237896221	11.5430198729
120.0	67.0	7.7928916141	12.5492095885
130.0	1.0	5.64046493796	2.90568306151
130.0	4.0	10.9361880264	6.6660068658
130.0	22.0	12.8850949415	1.85295468498
130.0	63.0	3.29462082608	11.6594858552
130.0	67.0	7.80257300915	12.4623374214
140.0	1.0	5.21953471871	2.84005161659
140.0	4.0	10.7015194291	6.89655223232
140.0	22.0	13.1892170249	1.26298766008
140.0	63.0	3.14371734248	11.7635415279
140.0	67.0	7.81204393908	12.3757039141
150.0	1.0	4.80344519698	2.79661553304
150.0	4.0	10.378665951	7.12709759884
150.0	22.0	13.4931286432	0.672781975392
150.0	63.0	2.97429292923	11.8625853448
150.0	67.0	7.82172533412	12.288831747
160.0	1.0	4.38714521014	2.75317944949
160.0	4.0	10.0560229379	7.35788162517
160.0	22.0	13.7972507266	0.0828149505006
160.0	63.0	2.80486851598	11.9616291616
160.0	67.0	7.81646370638	12.187639992
170.0	1.0	3.97105568841	2.70998202575
170.0	4.0	9.72874969244	7.58556307409
170.0	63.0	2.63544410273	12.0604343187
170.0	67.0	7.75206138284	12.0284539056
180.0	1.0	3.55496616668	2.6665459422
180.0	4.0	9.3604357506	7.78699194505
180.0	63.0	2.44497317852	12.1819121568
180.0	67.0	7.6878695244	11.8692678191
190.0	1.0	3.17802315535	2.59781191988
190.0	4.0	8.99212180875	7.98842081601
190.0	63.0	2.24061155707	12.3181869024
190.0	67.0	7.62346720086	11.7103203925
200.0	1.0	2.8271778176	2.51213305178
200.0	4.0	8.62380786691	8.18984968697
200.0	63.0	2.03603947052	12.4547003078
200.0	67.0	7.5544346449	11.515573996
210.0	1.0	2.47654294496	2.42645418369
210.0	4.0	8.3001125283	8.37552701114
210.0	63.0	1.83778133725	12.5850085585
210.0	67.0	7.4822451123	11.297438939
220.0	1.0	2.12569760722	2.34077531559
220.0	4.0	7.98146835233	8.55977237652
220.0	63.0	1.69571738825	12.6625729934
220.0	67.0	7.41026604481	11.0793038821
230.0	1.0	1.78095575765	2.1646443834
230.0	4.0	7.66282417636	8.7437790821
230.0	63.0	1.55365343926	12.7401374283
230.0	67.0	7.33744511687	10.8583049076
240.0	1.0	1.43894995451	1.94985056366
240.0	4.0	7.38101139457	8.93566156107
240.0	63.0	1.41158949026	12.8177018632
240.0	67.0	7.26041488675	10.6115306747
250.0	1.0	1.09694415137	1.73505674392
250.0	4.0	7.15497186683	9.13899971043
250.0	63.0	1.27057786681	12.8964595971
250.0	67.0	7.18317419152	10.3649951016
260.0	1.0	0.754938348227	1.52026292417
260.0	4.0	6.92893233909	9.34209919998
260.0	63.0	1.1369325222	12.983570424
260.0	67.0	7.1128788449	10.1258579822
270.0	1.0	0.435031381596	1.25702116509
270.0	4.0	6.76476955358	9.49961466779
270.0	63.0	1.00349764269	13.0709199107
270.0	67.0	7.10446024052	9.95402292645
280.0	1.0	0.124174414679	0.972777343632
280.0	4.0	6.62712537189	9.63732137223
280.0	63.0	0.870062763192	13.1582693974
280.0	67.0	7.09604163613	9.78218787065
290.0	4.0	6.50631839896	9.77407343746
290.0	63.0	0.736627883689	13.2456188841
290.0	67.0	6.99354512775	9.63684405263
290.0	85.0	-0.180579064059	3.48562637481
290.0	399.0	3.55686035267	12.9114951645
300.0	4.0	6.53641490964	9.90175643031
300.0	63.0	0.612243003901	13.3487199176
300.0	67.0	6.82811955158	9.50892239998
300.0	85.0	0.428717428307	3.6615186472
300.0	399.0	3.52044988871	12.9909688778
310.0	4.0	6.56651142032	10.029678083
310.0	63.0	0.487858124112	13.451820951
310.0	67.0	6.66269397542	9.38100074734
310.0	85.0	1.03801392067	3.83741091959
310.0	399.0	3.48382895963	13.0706812509
320.0	4.0	6.59113583814	10.1688167462
320.0	63.0	0.363473244323	13.5546833247
320.0	67.0	6.36783235683	9.19293682516
320.0	85.0	1.6553080872	3.87344854935
320.0	399.0	3.44741849567	13.1501549642
330.0	4.0	6.60271141917	10.334685307
330.0	63.0	0.239088364535	13.6577843582
330.0	67.0	6.04034864625	8.98959867581
330.0	85.0	2.2761801606	3.84958256938
330.0	399.0	3.4110080317	13.2296286775
340.0	4.0	6.61449746531	10.500315208
340.0	67.0	5.70360447085	8.78411258825
340.0	85.0	2.92778014	3.78967895965
340.0	399.0	3.37438710263	13.3093410506
350.0	4.0	6.62607304634	10.6661837688
350.0	67.0	5.2826742516	8.56096567552
350.0	85.0	3.59221849109	3.71426246294
350.0	399.0	3.33797663866	13.3888147639
360.0	4.0	6.60734165158	10.7766832561
360.0	67.0	4.86174403235	8.33758010299
360.0	85.0	4.24150335428	3.82643256881
360.0	399.0	3.3015661747	13.4682884772
370.0	4.0	6.57535095492	10.8633167634
370.0	67.0	4.4408138131	8.11443319026
370.0	85.0	4.90552077515	3.97511762403
370.0	399.0	3.28325571016	13.5155431176
380.0	4.0	6.54357072337	10.9501889305
380.0	67.0	4.01988359385	7.78818524405
380.0	85.0	5.61268354349	4.09922071988
380.0	399.0	3.28325571016	13.530578685
390.0	4.0	6.51136956159	11.0003074884
390.0	67.0	3.5989533746	7.46217595764
390.0	85.0	6.31984631184	4.22332381573
390.0	399.0	3.28325571016	13.5453755925
400.0	4.0	6.47916839982	10.9957729522
400.0	67.0	3.17802315535	7.13592801143
400.0	85.0	7.00154280191	4.31974237481
400.0	399.0	3.28325571016	13.5604111599
410.0	4.0	6.44675677294	10.991238416
410.0	67.0	2.70447665869	6.83760326179
410.0	85.0	7.67671487359	4.40923979971
410.0	399.0	3.28325571016	13.5752080675
420.0	4.0	6.41434514606	10.9867038798
420.0	67.0	2.23093016203	6.53927851215
420.0	85.0	8.29379857501	4.50183980199
420.0	399.0	3.28325571016	13.5902436349
430.0	4.0	6.38193351917	10.9819306838
430.0	67.0	1.75738366537	6.24095376251
430.0	85.0	8.82396018616	4.59897434048
430.0	399.0	3.28325571016	13.6050405425
440.0	4.0	6.29985212642	10.9847946014
440.0	67.0	1.20806972925	5.92043365149
440.0	85.0	9.3539113322	4.69634753876
440.0	399.0	3.28325571016	13.6200761098
450.0	4.0	6.01930213529	11.0165363548
450.0	67.0	0.639813933262	5.59418570528
450.0	85.0	9.90974968672	4.81543877882
450.0	348.0	2.99912781216	13.5532513659
450.0	399.0	3.28746501235	13.61983745
460.0	4.0	5.73875214416	11.0482781081
460.0	67.0	0.0715581372727	5.26793775907
460.0	85.0	10.4763217618	4.94383775106
460.0	348.0	3.10436036698	13.3573116704
460.0	399.0	3.29609408185	13.6045632229
470.0	4.0	5.44725796733	11.0919528515
470.0	85.0	11.0540484878	5.06746352732
470.0	348.0	3.20959292179	13.161133315
470.0	399.0	3.30472315134	13.5892889957
480.0	4.0	5.11303937324	11.1833595548
480.0	85.0	11.732167071	5.14717590042
480.0	348.0	3.3628115216	13.0298704252
480.0	399.0	3.31314175573	13.5740147685
490.0	4.0	4.77882077916	11.2745275983
490.0	85.0	12.3585112372	5.23142280972
490.0	348.0	3.53665570215	12.9260534123
490.0	399.0	3.32177082522	13.5587405413
500.0	4.0	4.44460218507	11.3659343016
500.0	85.0	12.8636275003	5.3268867296
500.0	348.0	3.6886115113	12.7931199038
500.0	399.0	3.33039989471	13.5434663141
510.0	4.0	4.24718591224	11.5224951302
510.0	85.0	13.3687437634	5.42235064949
510.0	348.0	3.80752429824	12.6167503119
510.0	399.0	3.33902896421	13.528192087
520.0	4.0	4.08407545228	11.695523485
520.0	85.0	13.7682065415	5.51089343518
520.0	348.0	3.92328010853	12.4375168023
520.0	399.0	3.34744756859	13.5129178598
530.0	4.0	3.92096499232	11.8685518397
530.0	85.0	14.1413611808	5.59776560228
530.0	348.0	4.00936033837	12.2313147353
530.0	399.0	3.35607663809	13.4976436326
540.0	4.0	3.75785453236	12.0415801945
540.0	85.0	14.4875762862	5.68392178998
540.0	348.0	4.0954405682	12.0251126684
540.0	399.0	3.36470570758	13.4823694054
550.0	4.0	3.6690382561	12.2496915399
550.0	85.0	14.8159018572	5.76983931787
550.0	348.0	4.17583824008	11.8267863748
550.0	399.0	3.37312431197	13.4670951782
560.0	4.0	3.5989533746	12.4666332978
560.0	85.0	15.1442274282	5.85575684577
560.0	348.0	4.25581498174	11.6294147204
560.0	399.0	3.38175338146	13.4520596108
570.0	4.0	3.52886849309	12.6835750558
570.0	348.0	4.33558125829	11.4318044063
570.0	399.0	3.39038245096	13.4367853837
580.0	4.0	3.43605337975	12.8807080503
580.0	348.0	4.37767428021	11.20102038
580.0	399.0	3.39880105534	13.4215111565
590.0	4.0	3.32050803456	13.0577936217
590.0	348.0	4.41976730214	10.9704750134
590.0	399.0	3.40743012484	13.4062369293
600.0	4.0	3.20517315449	13.2348791931
600.0	348.0	4.46186032406	10.7396909871
600.0	399.0	3.41605919433	13.3909627021
610.0	4.0	3.13908711006	13.4036116715
610.0	348.0	4.46859520757	10.5010311874
610.0	399.0	3.42468826383	13.3756884749
620.0	4.0	3.14729524934	13.5594565207
620.0	348.0	4.47554055619	10.2623713877
620.0	399.0	3.42068942674	13.3480039382
630.0	4.0	3.15529292351	13.7155400297
630.0	348.0	4.48227543969	10.023711588
630.0	399.0	3.38764640453	13.2919188852
640.0	348.0	4.47112078888	9.75832189068
640.0	399.0	3.35460338232	13.2358338323
650.0	348.0	4.45786148698	9.48982961601
650.0	399.0	3.32156036011	13.1797487794
660.0	348.0	4.44481265018	9.22133734133
660.0	399.0	3.2885173379	13.1234250666
670.0	348.0	4.37704288488	8.93470692187
670.0	399.0	3.26473478051	13.0776023851
680.0	348.0	4.2857010273	8.64020072903
680.0	399.0	3.27778361731	13.0725905293
690.0	348.0	4.19456963484	8.34593319598
690.0	399.0	3.2908324541	13.0678173333
700.0	348.0	4.00409871063	8.07266772531
700.0	399.0	3.3038812909	13.0628054775
710.0	348.0	3.77111383427	7.80847132702
710.0	399.0	3.3169301277	13.0577936217
720.0	348.0	3.53812895791	7.54427492874
720.0	399.0	3.3299789645	13.0530204257
730.0	348.0	3.26410338518	7.25883780828
730.0	399.0	3.34302780129	13.0480085699
740.0	348.0	2.98544758004	6.97101408983
740.0	399.0	3.35586617298	13.0432353739
750.0	348.0	2.70700224	6.68319037138
750.0	399.0	3.36891500978	13.0382235181
760.0	348.0	2.39025225002	6.37221665235
760.0	399.0	3.38196384657	13.0332116624
770.0	348.0	2.03540807519	6.03809293275
770.0	399.0	3.39501268337	13.0284384664
780.0	348.0	1.68077436547	5.70396921315
780.0	399.0	3.40806152017	13.0234266106
790.0	348.0	1.32593019064	5.36984549355
790.0	399.0	3.42111035696	13.0184147548
800.0	348.0	1.01907206081	5.13118569384
800.0	399.0	3.43394872865	13.0136415588
810.0	348.0	0.712003465863	4.89252589413
810.0	355.0	2.37825573877	13.341082804
810.0	399.0	3.44699756545	13.008629703
820.0	348.0	0.426191846992	4.64789959942
820.0	355.0	2.36983713438	13.0737838283
820.0	399.0	3.46004640224	13.003856507
830.0	348.0	0.154270925356	4.39921608812
830.0	355.0	2.36141853	12.8064848526
830.0	399.0	3.47309523904	12.9988446512
840.0	348.0	-0.117439531171	4.15077123662
840.0	355.0	2.40982550521	12.5449137121
840.0	399.0	3.48614407584	12.9938327954
850.0	355.0	2.51505806003	12.2893090666
850.0	399.0	3.49919291263	12.9890595994
860.0	355.0	2.62029061484	12.0334657614
860.0	399.0	3.51224174943	12.9840477436
870.0	97.0	0.136170925928	2.53241913476
870.0	355.0	2.77393014486	11.8661652418
870.0	399.0	3.54381151587	12.9243827937
880.0	97.0	0.656861607141	2.55747841373
880.0	355.0	2.94840572074	11.7365729705
880.0	399.0	3.58043244495	12.8508755754
890.0	97.0	1.16850228864	2.56511552732
890.0	355.0	3.12267083151	11.6069806993
890.0	399.0	3.61684290891	12.7773683571
900.0	97.0	1.64394297128	2.50330263919
900.0	355.0	3.2819929195	11.480968325
900.0	399.0	3.65325337288	12.7040997985
910.0	97.0	2.11938365393	2.44148975107
910.0	355.0	3.38112198613	11.3685595594
910.0	399.0	3.68966383685	12.6305925802
920.0	97.0	2.62029061484	2.40187222432
920.0	355.0	3.48004058766	11.2563894535
920.0	399.0	3.68755918575	12.6026693837
930.0	97.0	3.1464533889	2.38492737854
930.0	355.0	3.57916965429	11.1439806878
930.0	399.0	3.65998825639	12.6050559817
940.0	97.0	3.67261616297	2.36774387296
940.0	355.0	3.58085337517	10.9821693436
940.0	399.0	3.63241732703	12.6074425797
950.0	97.0	4.19393823951	2.35724284177
950.0	355.0	3.55791267822	10.8079476898
950.0	399.0	3.60463593256	12.6098291777
960.0	97.0	4.71294519984	2.34912840858
960.0	355.0	3.53518244638	10.6339646958
960.0	399.0	3.5770650032	12.6122157757
970.0	97.0	5.23216262529	2.34125263519
970.0	355.0	3.51645105162	10.4468554129
970.0	399.0	3.54949407383	12.6148410335
980.0	97.0	5.73328005131	2.29853253104
980.0	355.0	3.5334987255	10.1437574672
980.0	399.0	3.52171267936	12.6172276315
990.0	97.0	6.22682073338	2.24101551931
990.0	355.0	3.55054639938	9.84042086178
990.0	399.0	3.49414175	12.6196142294
1000.0	97.0	6.72036141545	2.18325984778
1000.0	355.0	3.56759407326	9.53732291615
1000.0	361.0	12.8804647091	11.4795363662
1000.0	399.0	3.46657082064	12.6220008274
1010.0	97.0	7.18633116816	2.12550417625
1010.0	355.0	3.54907314362	9.22730383632
1010.0	361.0	12.599914718	11.3072239908
1010.0	399.0	3.43878942617	12.6243874254
1020.0	97.0	7.64556603737	2.06774850472
1020.0	355.0	3.47688361101	8.90678372531
1020.0	361.0	12.3191542617	11.1349116154
1020.0	399.0	3.45667896049	12.6208075284
1030.0	97.0	8.10480090657	2.00975417339
1030.0	355.0	3.40469407841	8.58626361429
1030.0	361.0	12.0386042706	10.9623605802
1030.0	399.0	3.49393128489	12.6148410335
1040.0	97.0	8.53562298597	1.94579334706
1040.0	355.0	3.33250454581	8.26574350328
1040.0	361.0	11.8045670687	10.7217915021
1040.0	399.0	3.5311836093	12.6088745385
1050.0	97.0	8.93803227558	1.87562736595
1050.0	355.0	3.14077083094	7.88675174133
1050.0	361.0	11.6399833529	10.3788373699
1050.0	399.0	3.56864639881	12.6026693837
1060.0	97.0	9.34023110007	1.80546138483
1060.0	262.0	15.0705646398	2.45962789585
1060.0	355.0	2.93577781417	7.50131616479
1060.0	361.0	11.4756101023	10.035644578
1060.0	399.0	3.60589872321	12.5967028887
1070.0	97.0	9.74074620369	1.73457942432
1070.0	262.0	15.0042681303	2.62310985865
1070.0	355.0	2.73057433228	7.11564192846
1070.0	361.0	11.3263903396	9.68409869297
1070.0	399.0	3.64315104762	12.5907363937
1080.0	97.0	10.123371773	1.65868560801
1080.0	262.0	14.9381820859	2.78683048125
1080.0	355.0	2.52558131551	6.73020635192
1080.0	361.0	11.2382054587	9.29937909583
1080.0	399.0	3.68040337202	12.5845312389
1090.0	97.0	10.5059973423	1.5827917917
1090.0	262.0	14.8720960415	2.95055110386
1090.0	355.0	2.20988365107	6.44572387066
1090.0	361.0	11.1498101126	8.9144208389
1090.0	399.0	3.71786616153	12.5785647439
1100.0	97.0	10.7412973348	1.55797117253
1100.0	262.0	14.8542065072	2.98658873361
1100.0	355.0	1.89418598663	6.1610027296
1100.0	361.0	11.0494182553	8.53161052016
1100.0	399.0	3.76416848565	12.528446186
1110.0	97.0	10.9601810489	1.53887838855
1110.0	262.0	14.8485239492	2.99064595021
1110.0	355.0	1.55112785794	5.89489705292
1110.0	361.0	10.8389531457	8.16884762459
1110.0	399.0	3.81257546087	12.4671106174
1120.0	97.0	11.1845368557	1.46202993304
1120.0	262.0	14.8430518563	2.9947031668
1120.0	355.0	1.16660810265	5.65623725321
1120.0	361.0	10.6284880361	7.80608472903
1120.0	399.0	3.86119290119	12.4060137087
1130.0	97.0	11.4171008019	1.29878663004
1130.0	262.0	14.8373692984	2.9987603834
1130.0	355.0	0.780825556711	5.42115735049
1130.0	361.0	10.2917438607	7.53830843375
1130.0	399.0	3.90981034151	12.3449168
1140.0	97.0	11.6627135848	1.15750002861
1140.0	262.0	14.8316867404	3.00281759999
1140.0	355.0	0.380941848422	5.21829652073
1140.0	361.0	9.84766247938	7.33878884119
1140.0	399.0	3.94979871234	12.2537487565
1150.0	97.0	11.9209542743	1.03817012875
1150.0	262.0	14.8260041825	3.00711347639
1150.0	355.0	-0.0189418598663	5.01543569098
1150.0	361.0	9.31097644983	7.1597939914
1150.0	399.0	3.98894522273	12.1594781356
1160.0	97.0	12.1932961262	0.861561876966
1160.0	262.0	14.8203216245	3.01117069298
1160.0	361.0	8.7700811181	6.96647955364
1160.0	399.0	4.02830219823	12.0649688549
1170.0	97.0	12.4984705351	0.551304137338
1170.0	262.0	14.8146390665	3.01522790958
1170.0	361.0	8.21234857759	6.71588676394
1170.0	399.0	4.06744870862	11.970698234
1180.0	97.0	12.801540293	0.250592789699
1180.0	262.0	14.8089565086	3.01928512617
1180.0	361.0	7.65166952555	6.46457799484
1180.0	399.0	4.09270452178	11.8742796749
1190.0	97.0	13.0997693533	-0.0279231965665
1190.0	262.0	14.8032739506	3.02334234277
1190.0	361.0	7.07941489247	6.21112128754
1190.0	399.0	4.10891033522	11.7764291571
1200.0	262.0	14.7975913927	3.02739955937
1200.0	361.0	6.50737072451	5.95742592045
1200.0	399.0	4.12511614866	11.6783399794
1210.0	262.0	14.7919088347	3.03145677596
1210.0	361.0	5.93511609144	5.70396921315
1210.0	399.0	4.1413219621	11.5804894615
1220.0	262.0	14.7862262767	3.03575265236
1220.0	361.0	5.35444285398	5.47342384663
1220.0	399.0	4.20509289032	11.4730925516
1230.0	105.0	0.0631395328877	4.43907227467
1230.0	262.0	14.7805437188	3.03980986895
1230.0	361.0	4.77398008164	5.2431171399
1230.0	399.0	4.28927893417	11.361877085
1240.0	105.0	0.636025561288	4.6643671256
1240.0	262.0	14.7748611608	3.04386708555
1240.0	361.0	4.19625335571	4.998729505
1240.0	399.0	4.37346497802	11.2504229585
1250.0	105.0	1.20070345041	4.85386300657
1250.0	262.0	14.7691786029	3.04792430214
1250.0	361.0	3.64462430339	4.62832949584
1250.0	399.0	4.48711613722	11.1835982146
1260.0	105.0	1.73191738711	4.89944702832
1260.0	262.0	14.7634960449	3.05198151874
1260.0	361.0	3.09320571617	4.25792948669
1260.0	399.0	4.61339520299	11.1358662546
1270.0	105.0	2.25576504497	4.94145115307
1270.0	262.0	14.7578134869	3.05603873533
1270.0	361.0	2.53399991989	3.89254133333
1270.0	399.0	4.73967426877	11.0881342947
1280.0	105.0	2.71499991417	4.95219084405
1280.0	262.0	14.752130929	3.06033461173
1280.0	361.0	1.94469761294	3.54648462374
1280.0	399.0	4.86595333454	11.0404023347
1290.0	105.0	3.17423478337	4.96293053504
1290.0	262.0	14.746448371	3.06439182832
1290.0	361.0	1.3469767016	3.20162121316
1290.0	399.0	4.989706819	10.993625014
1300.0	105.0	3.55159872493	4.94884960686
1300.0	262.0	14.7407658131	3.06844904492
1300.0	361.0	0.715581372727	2.86200831816
1300.0	399.0	5.11261844302	10.9470863531
1310.0	105.0	3.91991266678	4.93166610128
1310.0	262.0	14.7350832551	3.07250626151
1310.0	361.0	0.0841860438502	2.52239542317
1310.0	399.0	5.23531960194	10.9007863519
1320.0	105.0	4.28296498088	4.91925579169
1320.0	171.0	14.671522792	0.248683511301
1320.0	262.0	14.7294006971	3.07656347811
1320.0	399.0	5.34539285427	10.8583049076
1330.0	105.0	4.59866264532	4.94908826666
1330.0	171.0	14.3387774537	0.364194854363
1330.0	262.0	14.7237181392	3.0806206947
1330.0	399.0	5.34181494741	10.8516224332
1340.0	105.0	4.91436030976	4.97892074162
1340.0	171.0	14.0060321154	0.479706197424
1340.0	262.0	14.7180355812	3.0846779113
1340.0	399.0	5.33802657543	10.8449399588
1350.0	105.0	5.32287308754	5.05338259913
1350.0	171.0	13.7402146819	0.572067539913
1350.0	262.0	14.7123530233	3.08897378769
1350.0	399.0	5.33423820346	10.8382574844
1360.0	105.0	5.77137423615	5.14669858082
1360.0	171.0	13.5743681755	0.629823211444
1360.0	262.0	14.7066704653	3.09303100429
1360.0	399.0	5.3306602966	10.83157501
1370.0	105.0	6.2162974779	5.25481147009
1370.0	171.0	13.4085216691	0.687817542774
1370.0	262.0	14.7009879073	3.09708822088
1370.0	399.0	5.32687192462	10.8246538758
1380.0	105.0	6.65638002213	5.38511972073
1380.0	171.0	13.2487786509	0.742231977109
1380.0	262.0	14.6955158145	3.10114543748
1380.0	399.0	5.32329401776	10.8179714014
1390.0	105.0	7.09435791526	5.52736096136
1390.0	171.0	13.1435460961	0.765143317881
1390.0	262.0	14.6898332565	3.10520265407
1390.0	399.0	5.31950564579	10.811288927
1400.0	105.0	7.52370673889	5.71828880113
1400.0	171.0	13.0383135413	0.788054658654
1400.0	262.0	14.6841506986	3.10925987067
1400.0	399.0	5.31571727381	10.8046064526
1410.0	105.0	7.95305556253	5.90921664091
1410.0	171.0	12.9330809865	0.810965999426
1410.0	262.0	14.6784681406	3.11355574706
1410.0	399.0	5.31213936695	10.7979239782
1420.0	105.0	8.37103927025	6.07174396451
1420.0	171.0	12.8278484317	0.833877340199
1420.0	262.0	14.6727855827	3.11761296366
1420.0	399.0	5.30835099498	10.791002844
1430.0	105.0	8.78418228044	6.22186097853
1430.0	171.0	12.7226158769	0.856788680971
1430.0	262.0	14.6671030247	3.12167018025
1430.0	399.0	5.30477308811	10.7843203697
1440.0	105.0	9.19732529064	6.37221665235
1440.0	171.0	12.4595344898	0.923613424891
1440.0	262.0	14.6614204667	3.12572739685
1440.0	399.0	5.30098471614	10.7776378953
1450.0	105.0	9.6054171382	6.51684449098
1450.0	171.0	12.1789844987	0.995211364805
1450.0	262.0	14.6557379088	3.12978461344
1450.0	399.0	5.29719634416	10.7709554209
1460.0	105.0	10.0137194509	6.6614723296
1460.0	171.0	11.8982240425	1.06680930472
1460.0	179.0	15.0131076649	0.432212897281
1460.0	262.0	14.6500553508	3.13384183004
1460.0	399.0	5.2936184373	10.7642729465
1470.0	105.0	10.4218112984	6.80610016823
1470.0	171.0	11.5454845187	1.04318198455
1470.0	179.0	14.8729379019	0.677555171386
1470.0	262.0	14.6443727929	3.13813770643
1470.0	399.0	5.28983006533	10.7575904721
1480.0	105.0	10.8212740765	6.97650326522
1480.0	171.0	11.1847473208	1.00929229299
1480.0	179.0	14.7325576738	0.922897445492
1480.0	262.0	14.6386902349	3.14219492303
1480.0	399.0	5.28625215846	10.7506693379
1490.0	105.0	11.2169484826	7.15788471301
1490.0	171.0	10.8292717507	0.969197446636
1490.0	179.0	14.5921774457	1.1680010598
1490.0	180.0	14.9388134812	0.153935570815
1490.0	262.0	14.6330076769	3.14625213962
1490.0	399.0	5.28246378649	10.7439868635
1500.0	105.0	11.6031519588	7.3323450266
1500.0	171.0	10.5209403651	0.875404145349
1500.0	179.0	14.4057053585	1.43625467468
1500.0	180.0	14.5599762839	0.523858260371
1500.0	262.0	14.627325119	3.15030935622
1500.0	399.0	5.27867541452	10.7373043891
1510.0	105.0	11.9512612501	7.47912080342
1510.0	171.0	10.2128194446	0.781610844062
1510.0	179.0	14.2076576904	1.70999746495
1510.0	180.0	14.1811390866	0.893780949927
1510.0	262.0	14.6296402352	3.18849492417
1510.0	399.0	5.27509750765	10.7306219147
1520.0	105.0	12.2991600763	7.62613524004
1520.0	171.0	9.90112061722	0.698795893561
1520.0	179.0	14.0096100222	1.98374025522
1520.0	180.0	13.9348949083	1.30666240343
1520.0	262.0	14.6317448863	3.22644183233
1520.0	399.0	5.27130913568	10.7239394403
1530.0	105.0	12.6279065775	7.78937854305
1530.0	171.0	9.58121365059	0.64151754163
1530.0	179.0	13.7993553777	2.25700572589
1530.0	180.0	13.7033832877	1.72431705293
1530.0	262.0	14.6340600025	3.26462740028
1530.0	399.0	5.26773122882	10.7172569659
1540.0	105.0	12.943604242	7.96383885664
1540.0	171.0	9.26130668396	0.584239189699
1540.0	179.0	13.5707902687	2.52979387696
1540.0	180.0	13.4529298073	1.97371654363
1540.0	262.0	14.6363751187	3.30257430843
1540.0	399.0	5.26394285684	10.7103358317
1550.0	105.0	13.2593019064	8.13829917023
1550.0	171.0	9.01779855213	0.470875784835
1550.0	179.0	13.3422251596	2.80258202804
1550.0	180.0	13.2003716757	2.20450056995
1550.0	262.0	14.6384797698	3.34075987639
1550.0	399.0	5.26015448487	10.7036533573
1560.0	105.0	13.4781856204	8.28149505006
1560.0	110.0	0.358843011912	4.9101867193
1560.0	171.0	8.79323228015	0.343670111587
1560.0	179.0	13.1138705157	3.07537017911
1560.0	180.0	12.9478135442	2.43504593648
1560.0	262.0	14.640794886	3.37870678454
1560.0	399.0	5.25657657801	10.696970883
1570.0	105.0	13.6970693344	8.42469092988
1570.0	110.0	0.835125554994	5.31208982202
1570.0	113.0	0.291704641941	1.75916138369
1570.0	171.0	8.56866600818	0.21646443834
1570.0	179.0	12.976226334	3.40853925951
1570.0	180.0	12.5931798344	2.85031398798
1570.0	262.0	14.6428995371	3.4168923525
1570.0	399.0	5.25278820603	10.6902884086
1580.0	105.0	13.8610216548	8.61561876966
1580.0	110.0	1.32593019064	5.69800271816
1580.0	113.0	0.772617417435	1.89567478912
1580.0	171.0	8.2738043896	0.185200004578
1580.0	179.0	12.8484740124	3.7483908143
1580.0	180.0	12.2271810088	3.28634544205
1580.0	262.0	14.6452146533	3.45507792045
1580.0	399.0	5.24899983406	10.6836059342
1590.0	105.0	13.9698321165	8.85427856937
1590.0	110.0	1.83104645374	6.06792540771
1590.0	113.0	1.25226740227	2.03266551416
1590.0	171.0	7.9612637018	0.177801550787
1590.0	179.0	12.720932156	4.08824236909
1590.0	180.0	11.9438949712	3.71712638054
1590.0	262.0	14.6475297695	3.49302482861
1590.0	399.0	5.2454219272	10.6769234598
1600.0	105.0	14.0786425782	9.09293836908
1600.0	110.0	2.28459876499	6.43737077767
1600.0	113.0	1.72581389893	2.17180417739
1600.0	171.0	7.64872301401	0.170641756795
1600.0	179.0	12.6047554155	4.49086145121
1600.0	180.0	11.7159612575	4.14480474162
1600.0	262.0	14.6397425604	3.56366812932
1600.0	399.0	5.24163355522	10.6700023256
1610.0	105.0	14.176298389	9.29579919884
1610.0	110.0	2.68637665926	6.80610016823
1610.0	113.0	2.19936039559	2.31094284063
1610.0	171.0	7.29914046692	0.167061859799
1610.0	179.0	12.4957344887	4.93524599827
1610.0	180.0	11.4861333578	4.56842588611
1610.0	262.0	14.625430933	3.65579081201
1610.0	399.0	5.33087076171	10.6303847988
1620.0	105.0	14.2665879211	9.47479404862
1620.0	110.0	3.05279641512	7.17888677538
1620.0	113.0	2.63081387032	2.44220573047
1620.0	171.0	6.91209513032	0.167061859799
1620.0	179.0	12.386924027	5.37963054534
1620.0	180.0	11.2493601095	4.97605682403
1620.0	262.0	14.6111193055	3.7481521545
1620.0	399.0	5.45988587391	10.5764476841
1630.0	105.0	14.356666988	9.65378889841
1630.0	110.0	3.33692431311	7.56074245492
1630.0	113.0	3.05174408957	2.57155934191
1630.0	171.0	6.52504979372	0.167061859799
1630.0	179.0	12.3492507724	5.77222591587
1630.0	180.0	11.0125868612	5.38368776194
1630.0	262.0	14.5968076781	3.84027483719
1630.0	399.0	5.58890098611	10.5225105694
1640.0	105.0	14.3265704773	9.77144817967
1640.0	110.0	3.61158128117	7.96049761944
1640.0	113.0	3.45583710005	2.69995831416
1640.0	171.0	6.15905096808	0.136752065236
1640.0	179.0	12.3418844936	6.14262592502
1640.0	180.0	10.8248519834	5.64979343862
1640.0	187.0	14.9209239469	1.64555931902
1640.0	262.0	14.5957553525	3.94313721087
1640.0	399.0	5.6783486577	10.5153507754
1650.0	105.0	14.2665879211	9.87359457395
1650.0	110.0	3.86413941272	8.40201824891
1650.0	113.0	3.83467429738	2.82740264721
1650.0	171.0	5.82420097867	0.0608582489269
1650.0	179.0	12.3347286798	6.51302593418
1650.0	180.0	10.6495345471	5.88057746494
1650.0	187.0	14.356666988	1.72169179513
1650.0	262.0	14.6483716299	4.08895834849
1650.0	399.0	5.74148819058	10.5392167553
1660.0	105.0	14.2063948997	9.97597962802
1660.0	110.0	4.11017312588	8.8270713522
1660.0	113.0	4.2135114947	2.95460832045
1660.0	171.0	5.48935098925	-0.0152742271817
1660.0	179.0	12.2389670549	6.85430944777
1660.0	180.0	10.4742171107	6.11136149126
1660.0	187.0	13.788411192	1.81142787983
1660.0	262.0	14.7009879073	4.23477948612
1660.0	399.0	5.80462772347	10.5630827353
1670.0	110.0	4.34063242092	9.21346156794
1670.0	113.0	4.60329287773	3.05412945693
1670.0	179.0	12.1211065936	7.18843316737
1670.0	180.0	10.1837752595	6.34214551759
1670.0	187.0	13.1860600483	2.02526706037
1670.0	262.0	14.7536041847	4.38083928354
1670.0	399.0	5.86776725636	10.5869487153
1680.0	110.0	4.54499404236	9.58386157709
1680.0	113.0	5.00970100442	3.11164646866
1680.0	179.0	11.9624159009	7.51181719598
1680.0	180.0	9.86471015326	6.57316820371
1680.0	187.0	12.5837089045	2.23934490071
1680.0	262.0	14.8672553439	4.51544341058
1680.0	399.0	5.8751335352	10.6186904687
1690.0	110.0	4.64517543455	9.89077807952
1690.0	113.0	5.4161091311	3.16916348039
1690.0	179.0	11.7079635834	7.81014194562
1690.0	180.0	9.54564504707	6.80419088983
1690.0	187.0	11.9906182256	2.46965160743
1690.0	262.0	15.0215262693	4.64264908383
1690.0	399.0	5.84566841985	10.6556827376
1700.0	110.0	4.72136380423	10.1883868498
1700.0	113.0	5.76674400374	3.2457732761
1700.0	179.0	11.4537217309	8.10846669526
1700.0	180.0	9.26046482352	7.06433007152
1700.0	187.0	11.4349903362	2.76558975908
1700.0	262.0	15.1760076598	4.77009341687
1700.0	399.0	5.81599283939	10.6926750066
1710.0	110.0	4.58119404122	10.4043739685
1710.0	113.0	6.06139515722	3.34123719599
1710.0	179.0	11.2529380163	8.32135123661
1710.0	180.0	8.98980669254	7.33711822259
1710.0	187.0	10.8793624468	3.06152791072
1710.0	399.0	5.78631725893	10.7296672755
1720.0	110.0	4.4408138131	10.6203610872
1720.0	113.0	6.35604631069	3.43670111587
1720.0	179.0	11.0580473248	8.52468938596
1720.0	180.0	8.71935902668	7.60990637366
1720.0	187.0	10.3778240905	3.3326454432
1720.0	274.0	15.0272088273	6.4161300555
1720.0	399.0	5.75664167848	10.7666595445
1730.0	110.0	4.25897195838	10.848281196
1730.0	113.0	6.50905444539	3.61020679027
1730.0	179.0	10.8793624468	8.72301567953
1730.0	180.0	8.5229950794	7.89796875192
1730.0	187.0	9.89943689635	3.59302328469
1730.0	274.0	14.8167437176	6.45455428325
1730.0	399.0	5.72696609802	10.8036518134
1740.0	110.0	4.07734056878	11.0759626449
1740.0	113.0	6.6622730452	3.78395112446
1740.0	179.0	10.7652903573	8.90201052931
1740.0	180.0	8.33526020161	8.18770174877
1740.0	187.0	9.43872877138	3.77965524806
1740.0	274.0	14.606278608	6.492978511
1740.0	399.0	5.69729051756	10.8406440824
1750.0	110.0	3.99736382712	11.3337152286
1750.0	113.0	6.84243117904	4.01998566637
1750.0	179.0	10.6512182679	9.0810053791
1750.0	180.0	8.15194509113	8.47504814762
1750.0	187.0	8.99569971561	3.89277999313
1750.0	274.0	14.3958134984	6.53164139856
1750.0	399.0	5.7703219106	10.8630781036
1760.0	110.0	3.94264289862	11.5988662661
1760.0	113.0	7.02953466149	4.27201041487
1760.0	179.0	10.8208531463	9.21226826894
1760.0	180.0	8.01177532811	8.74019918511
1760.0	187.0	8.61328461142	4.06318309012
1760.0	274.0	14.1796658308	6.52662954276
1760.0	399.0	5.94563934692	10.8709538769
1770.0	110.0	3.88644871435	11.8597214272
1770.0	113.0	7.33197302402	4.51067021458
1770.0	179.0	11.0275298839	9.34186054018
1770.0	180.0	7.87139509999	9.00535022259
1770.0	187.0	8.27127880828	4.27201041487
1770.0	274.0	13.9622553726	6.51063933618
1770.0	399.0	6.12095678324	10.8788296503
1780.0	110.0	3.81383825152	12.0819137007
1780.0	113.0	7.69123696616	4.69634753876
1780.0	179.0	11.1830636	9.48720435821
1780.0	180.0	7.72343812793	9.25021517709
1780.0	187.0	8.0113543979	4.39826144892
1780.0	274.0	13.7448449143	6.4946491296
1780.0	399.0	6.31395328877	10.8929105785
1790.0	110.0	3.7412277887	12.3041059742
1790.0	113.0	8.13573927768	4.80231248983
1790.0	179.0	11.3343880138	9.62586570184
1790.0	180.0	7.56369510972	9.46405435764
1790.0	187.0	7.67397882717	4.4977825854
1790.0	274.0	13.4981798058	6.4972743874
1790.0	399.0	6.52441839839	10.9127193419
1800.0	110.0	3.66503941902	12.5279688664
1800.0	113.0	8.5406741486	4.79467537624
1800.0	179.0	11.4484601032	9.70557807495
1800.0	180.0	7.40395209152	9.67813219798
1800.0	187.0	7.15581372727	4.53453619456
1800.0	274.0	13.2443588836	6.50419552159
1800.0	399.0	6.7300428105	10.9377786209
1810.0	110.0	3.5749603521	12.7580369133
1810.0	113.0	8.91951134593	4.71114444634
1810.0	179.0	11.5625321926	9.78505178825
1810.0	180.0	7.25094395682	9.87192395535
1810.0	187.0	6.64627769686	4.50947691559
1810.0	274.0	12.9907484265	6.51111665578
1810.0	399.0	6.89125908447	11.0093765608
1820.0	110.0	3.48467082007	12.9881049602
1820.0	113.0	9.24110203344	4.62809083604
1820.0	180.0	7.10424977541	10.0454296297
1820.0	187.0	6.1485277126	4.48441763662
1820.0	274.0	12.7293507604	6.53498263575
1820.0	399.0	7.05268582355	11.0809745007
1830.0	110.0	3.43668477508	13.2184116669
1830.0	113.0	9.52438807099	4.54551454534
1830.0	180.0	6.957555594	10.2189353041
1830.0	187.0	5.75769400403	4.46174495564
1830.0	274.0	12.4570089085	6.58414655449
1830.0	399.0	7.19769628408	11.143742028
1840.0	110.0	3.45162779786	13.4484797139
1840.0	113.0	9.80767410855	4.46293825464
1840.0	180.0	6.82264745873	10.3723935553
1840.0	187.0	5.36686029545	4.43907227467
1840.0	274.0	12.1846670567	6.63331047324
1840.0	399.0	7.19559163299	11.1272745018
1850.0	110.0	3.46657082064	13.6785477608
1850.0	113.0	10.1280020054	4.46293825464
1850.0	180.0	6.73488350802	10.4454234541
1850.0	187.0	5.05621379364	4.43907227467
1850.0	274.0	11.9123252048	6.68247439198
1850.0	399.0	7.19348698189	11.1105683159
1860.0	113.0	10.4481194371	4.46293825464
1860.0	180.0	6.6471195573	10.518214693
1860.0	187.0	4.74556729184	4.43907227467
1860.0	274.0	11.6444031203	6.71875068153
1860.0	399.0	7.19138233079	11.0941007897
1870.0	113.0	10.6284880361	4.48083773962
1870.0	180.0	6.5595660717	10.5912445917
1870.0	187.0	4.55299171653	4.46293825464
1870.0	274.0	11.3766915008	6.75478831129
1870.0	399.0	7.1892776797	11.0776332635
1880.0	113.0	10.7486636137	4.50637433819
1880.0	180.0	6.55472537418	10.5888579937
1880.0	187.0	4.37367544313	4.48942949241
1880.0	274.0	11.1087694163	6.79106460085
1880.0	370.0	7.08046721802	13.1733049648
1880.0	399.0	7.18738349371	11.0611657373
1890.0	113.0	10.8690496564	4.53191093676
1890.0	180.0	6.60523700049	10.5363528377
1890.0	187.0	4.17352312387	4.51544341058
1890.0	274.0	10.874100819	6.79774707524
1890.0	370.0	7.22442535301	13.028915786
1890.0	399.0	7.18527884262	11.0444595513
1900.0	113.0	10.9134577945	4.53644547295
1900.0	180.0	6.6557486268	10.4838476818
1900.0	187.0	3.88939522588	4.53930939055
1900.0	274.0	10.6535333841	6.79225789984
1900.0	370.0	7.3685939531	12.8845266071
1900.0	399.0	7.18317419152	11.0279920252
1910.0	113.0	10.9494473283	4.53859341115
1910.0	180.0	6.70626025311	10.4313425259
1910.0	187.0	3.55496616668	4.57582433991
1910.0	274.0	10.4329659492	6.78653006465
1910.0	280.0	15.1193925453	8.11204659226
1910.0	370.0	7.51255208808	12.7401374283
1910.0	399.0	7.18106954042	11.011524499
1920.0	113.0	10.985436862	4.54074134935
1920.0	180.0	6.75677187942	10.3788373699
1920.0	187.0	3.01912199758	4.6624578472
1920.0	274.0	10.2126089795	6.78080222946
1920.0	280.0	14.8689390648	8.12350226265
1920.0	370.0	7.5937916204	12.632024539
1920.0	399.0	7.17896488933	10.994818313
1930.0	113.0	11.0216368609	4.54288928755
1930.0	117.0	0.594353469582	0.239853098712
1930.0	180.0	6.92051373471	10.2406533459
1930.0	187.0	2.48348829358	4.7493300143
1930.0	274.0	9.98677991684	6.79249655964
1930.0	280.0	14.6182751193	8.13495793303
1930.0	370.0	7.64809161868	12.5396631965
1930.0	399.0	7.17686023823	10.9783507868
1940.0	113.0	11.0576263946	4.54503722574
1940.0	117.0	1.06537438492	0.967049508439
1940.0	180.0	7.15960209924	10.0454296297
1940.0	187.0	1.93228017147	4.70398465235
1940.0	274.0	9.75589969158	6.82161305521
1940.0	280.0	14.3903414055	8.07028112731
1940.0	370.0	7.70239161697	12.4473018541
1940.0	399.0	7.06552419524	11.0203549116
1950.0	113.0	11.0936159284	4.54718516394
1950.0	117.0	1.53639530027	1.69448457797
1950.0	180.0	7.4188951143	9.88051570814
1950.0	187.0	1.38107204936	4.65840063061
1950.0	274.0	9.52480900121	6.85072955077
1950.0	280.0	14.1720890869	7.97290792903
1950.0	370.0	7.72764743012	12.3449168
1950.0	399.0	6.95397768714	11.0625976961
1960.0	113.0	11.1296054621	4.54933310214
1960.0	117.0	2.02741040102	2.3309902638
1960.0	180.0	7.70828464003	9.76118580828
1960.0	187.0	0.810711602278	4.57654031931
1960.0	274.0	9.29392877595	6.87984604634
1960.0	280.0	13.9538367682	7.87577339054
1960.0	370.0	7.7337509183	12.2358492715
1960.0	399.0	6.84264164415	11.1046018209
1970.0	113.0	11.1655949959	4.55148104034
1970.0	117.0	2.51863596689	2.96725728984
1970.0	180.0	7.99767416577	9.64185590842
1970.0	187.0	0.238246504096	4.49062279141
1970.0	274.0	9.07104622486	6.90228006751
1970.0	280.0	13.6785484048	7.82064297681
1970.0	370.0	7.73964394137	12.1265430832
1970.0	399.0	6.76434862336	11.1470832652
1980.0	113.0	11.2015845296	4.55362897853
1980.0	117.0	2.95450920892	3.56271349012
1980.0	180.0	8.30537415604	9.52252600857
1980.0	187.0	-0.334218594085	4.40470526351
1980.0	274.0	8.86058111523	6.9144517173
1980.0	280.0	13.4034705065	7.76551256308
1980.0	370.0	7.73796022049	12.0222487508
1980.0	399.0	6.70815443909	11.1893260498
1990.0	113.0	11.2377845285	4.55577691673
1990.0	117.0	3.35355105677	4.13048515364
1990.0	180.0	8.61286368121	9.40319610871
1990.0	274.0	8.65011600561	6.92662336708
1990.0	280.0	13.1237623758	7.70202905635
1990.0	370.0	7.66640208322	11.9601972028
1990.0	399.0	6.65217071993	11.2318074941
2000.0	113.0	11.2737740622	4.55792485493
2000.0	117.0	3.75280336973	4.69825681716
2000.0	180.0	8.94308343821	9.27646775506
2000.0	274.0	8.43965089598	6.93879501687
2000.0	280.0	12.8375298267	7.62565792044
2000.0	370.0	7.59484394595	11.8981456549
2000.0	399.0	6.59597653566	11.2742889385
2010.0	113.0	11.3036601078	4.58942794849
2010.0	117.0	4.07586731301	5.21996713933
2010.0	180.0	9.30739854297	9.13876105063
2010.0	274.0	8.22181950752	6.93664707867
2010.0	280.0	12.5512972776	7.54928678454
2010.0	370.0	7.52328580867	11.836094107
2010.0	399.0	6.53746723519	11.32011162
2020.0	113.0	11.3320728976	4.62809083604
2020.0	117.0	4.36609869918	5.72210735793
2020.0	180.0	9.67171364773	9.00105434619
2020.0	274.0	7.99662184022	6.91994089269
2020.0	280.0	12.3136821689	7.50465740199
2020.0	370.0	7.4517276714	11.7740425591
2020.0	399.0	6.45854281908	11.3976760549
2030.0	113.0	11.3604856874	4.6667537236
2030.0	117.0	4.65633008536	6.22400891673
2030.0	180.0	10.0368706129	8.9132275399
2030.0	274.0	7.77163463803	6.90347336651
2030.0	280.0	12.0813286878	7.46336925664
2030.0	370.0	7.37385558084	11.7143776091
2030.0	399.0	6.37961840297	11.4752404898
2040.0	113.0	11.3891089423	4.70541661115
2040.0	117.0	4.83922426562	6.75574295049
2040.0	180.0	10.4024485084	8.83804970299
2040.0	274.0	7.54643697073	6.88676718053
2040.0	280.0	11.8491856719	7.42231977109
2040.0	370.0	7.23999977112	11.676430701
2040.0	399.0	6.30069398686	11.5528049247
2050.0	113.0	11.4175217321	4.7440794987
2050.0	117.0	4.99496844674	7.29511409784
2050.0	180.0	10.710779894	8.71824248353
2050.0	274.0	7.3292369776	6.86910635535
2050.0	280.0	11.5776856805	7.39916977052
2050.0	370.0	7.1061439614	11.6384837928
2050.0	399.0	6.21756026856	11.6294147204
2060.0	113.0	11.4459345219	4.78298104606
2060.0	117.0	5.1580789067	7.81563112102
2060.0	180.0	11.0127973263	8.59390072788
2060.0	274.0	7.14423814624	6.84738831358
2060.0	280.0	11.305975224	7.37601976994
2060.0	370.0	6.97207768656	11.6005368847
2060.0	399.0	6.09654283052	11.6950461654
2070.0	113.0	11.4743473117	4.82164393361
2070.0	117.0	5.3853812251	8.16884762459
2070.0	180.0	11.2817717364	8.44449969326
2070.0	274.0	6.95944977999	6.8256702718
2070.0	280.0	11.0344752326	7.35310842917
2070.0	370.0	6.83822187684	11.5625899765
2070.0	399.0	5.97552539249	11.7606776103
2080.0	113.0	11.4966566133	4.83882743919
2080.0	117.0	5.61268354349	8.52206412817
2080.0	180.0	11.5288577751	8.27839247266
2080.0	274.0	6.77445094863	6.80395223003
2080.0	280.0	10.7604496598	7.35716564577
2080.0	370.0	6.68437188171	11.4604435822
2080.0	399.0	5.85450795445	11.8263090552
2090.0	113.0	11.5097054501	4.82403053161
2090.0	117.0	5.9561626024	8.79556825864
2090.0	180.0	11.7822577671	8.11658112845
2090.0	274.0	6.69026490478	6.78104088926
2090.0	280.0	10.486213622	7.36456409956
2090.0	370.0	6.52210328219	11.330851311
2090.0	399.0	5.73243819087	11.8852580257
2100.0	113.0	11.5227542869	4.80923362403
2100.0	117.0	6.38445910049	9.01298733618
2100.0	180.0	12.0501798516	7.96479349584
2100.0	274.0	6.61744397685	6.75812954849
2100.0	280.0	10.2119775841	7.37172389355
2100.0	370.0	6.35962421755	11.2012590398
2100.0	399.0	5.60026610203	11.8852580257
2110.0	113.0	11.5358031237	4.79443671644
2110.0	117.0	6.83022420268	9.22348527953
2110.0	180.0	12.327362401	7.8280414306
2110.0	274.0	6.54462304892	6.73521820771
2110.0	280.0	9.98425433553	7.40227234791
2110.0	370.0	6.18641143233	11.0654616137
2110.0	399.0	5.46788354807	11.8852580257
2120.0	113.0	11.5488519605	4.77963980886
2120.0	117.0	7.1238230306	9.48839765721
2120.0	180.0	12.6897833198	7.8280414306
2120.0	274.0	6.47180212098	6.71230686694
2120.0	280.0	9.78725899292	7.44857234906
2120.0	370.0	5.96984283453	10.9038889293
2120.0	399.0	5.33550099412	11.8852580257
2130.0	113.0	11.5621112624	4.76460424148
2130.0	117.0	7.31597767569	9.78910900485
2130.0	180.0	13.0267379603	7.84116771959
2130.0	274.0	6.39898119305	6.68939552617
2130.0	280.0	9.59047411542	7.4946336904
2130.0	370.0	5.75306377161	10.7425549047
2130.0	399.0	5.21827192806	11.8959977167
2140.0	113.0	11.5751600992	4.7498073339
2140.0	117.0	7.4363637184	10.0833765379
2140.0	180.0	13.3043414399	7.88436514333
2140.0	274.0	6.26259980202	6.60825119427
2140.0	280.0	9.39305784259	7.4924857522
2140.0	370.0	5.53649517381	10.5809822203
2140.0	399.0	5.11114518726	11.9141358615
2150.0	113.0	11.588208936	4.73501042631
2150.0	117.0	7.38964046406	10.3618925242
2150.0	180.0	13.5749995708	7.92469864949
2150.0	274.0	6.09885794673	6.50204758339
2150.0	280.0	9.19543110465	7.44188987466
2150.0	370.0	5.33381727324	10.4404115983
2150.0	399.0	5.00380798135	11.9320353465
2160.0	113.0	11.6012577728	4.72021351873
2160.0	117.0	7.24989163127	10.5888579937
2160.0	180.0	13.7854646805	7.93543834047
2160.0	274.0	5.93511609144	6.39608263232
2160.0	280.0	8.99780436671	7.39129399713
2160.0	370.0	5.13471727953	10.304852832
2160.0	399.0	4.89668124055	11.9501734913
2170.0	113.0	11.6143066096	4.70541661115
2170.0	117.0	7.01732768513	10.7647502661
2170.0	180.0	13.9959297901	7.94617803146
2170.0	274.0	5.78694865426	6.20157489555
2170.0	280.0	8.78586600132	7.35883626436
2170.0	370.0	4.93561728583	10.1695327256
2170.0	399.0	4.78955449975	11.9680729762
2180.0	113.0	11.6273554464	4.69061970357
2180.0	117.0	6.82454164472	10.9332440847
2180.0	180.0	14.1087390889	7.98651153761
2180.0	274.0	5.6389916822	6.00706715879
2180.0	280.0	8.51731252144	7.40012440971
2180.0	370.0	4.73904287344	10.0244275674
2180.0	399.0	4.7272568273	11.9900296778
2190.0	113.0	11.6404042832	4.67582279599
2190.0	117.0	6.65848467322	11.0964873877
2190.0	180.0	14.210814667	8.02970896136
2190.0	274.0	5.4882986637	5.8302202472
2190.0	280.0	8.24875904155	7.44117389527
2190.0	370.0	4.56477776267	9.79245024204
2190.0	399.0	4.76998124455	12.0212941116
2200.0	113.0	11.6536635851	4.6607872286
2200.0	117.0	6.72078234567	11.2726183199
2200.0	180.0	14.3128902452	8.07314504491
2200.0	274.0	5.33192308725	5.69370684176
2200.0	280.0	7.99767416577	7.48962183461
2200.0	370.0	4.39030218679	9.56071157652
2200.0	399.0	4.81270566181	12.0523198855
2210.0	113.0	11.6667124219	4.64599032102
2210.0	117.0	6.88115675921	11.4544770872
2210.0	180.0	14.3979181495	8.10846669526
2210.0	274.0	5.1755475108	5.55743209613
2210.0	280.0	7.78720905614	7.55477595993
2210.0	370.0	4.21582661091	9.328972911
2210.0	399.0	4.85543007906	12.0833456595
2220.0	113.0	11.6797612587	4.63119341344
2220.0	117.0	7.09814628723	11.5950477093
2220.0	180.0	14.4715809379	8.13829917023
2220.0	274.0	5.01938239946	5.42091869069
2220.0	280.0	7.57674394652	7.61969142545
2220.0	370.0	4.07839289432	9.10630331787
2220.0	399.0	4.89794403121	12.1146100933
2230.0	113.0	11.6928100955	4.61639650586
2230.0	117.0	7.35301953499	11.7081724543
2230.0	180.0	14.5452437262	8.16813164519
2230.0	274.0	4.80786496429	5.23380940772
2230.0	280.0	7.36627883689	7.68484555077
2230.0	370.0	3.96537313045	8.88960021973
2230.0	399.0	4.94066844846	12.1456358672
2240.0	113.0	11.7058589323	4.60159959828
2240.0	117.0	7.59084510886	11.8692678191
2240.0	180.0	14.6189065146	8.19796412016
2240.0	274.0	4.58266729699	5.03405115536
2240.0	280.0	7.11961372841	7.79176514104
2240.0	370.0	3.85235336659	8.67313578139
2240.0	399.0	4.98339286571	12.176900301
2250.0	113.0	11.7189077691	4.58680269069
2250.0	117.0	7.8213044039	12.0511265865
2250.0	180.0	14.6576320948	8.20631721315
2250.0	274.0	4.3576800948	4.834292903
2250.0	280.0	6.87273815482	7.89892339112
2250.0	370.0	3.73933360272	8.45643268325
2250.0	399.0	5.0136998415	12.1919358684
2260.0	113.0	11.9291624136	4.42355938769
2260.0	117.0	8.09996020905	12.2329853539
2260.0	180.0	14.6732065129	8.20058937795
2260.0	274.0	4.1324824275	4.63453465064
2260.0	280.0	6.62691490678	8.01013885778
2260.0	370.0	3.62631383885	8.23996824491
2260.0	399.0	5.02506495742	12.1833441156
2270.0	113.0	12.2238135671	4.19683257796
2270.0	117.0	8.41060671086	12.4148441213
2270.0	180.0	14.6885704659	8.19462288296
2270.0	274.0	3.88160801682	4.45601712045
2270.0	280.0	6.39014165845	8.1593012326
2270.0	370.0	3.51097895877	8.02469710557
2270.0	399.0	5.03664053845	12.1747523628
2280.0	113.0	12.557821696	3.85960628097
2280.0	117.0	8.74777181648	12.5437204131
2280.0	126.0	0.252558131551	3.22095265693
2280.0	180.0	14.704144884	8.18889504777
2280.0	274.0	3.60505686278	4.29921763204
2280.0	280.0	6.15336841012	8.30846360742
2280.0	370.0	3.38722547431	7.81396050242
2280.0	399.0	5.04800565437	12.1659219502
2290.0	113.0	12.9084565687	3.47512534363
2290.0	117.0	9.1112450608	12.6196142294
2290.0	126.0	0.673488350802	3.21188358454
2290.0	180.0	14.7197193021	8.18292855278
2290.0	274.0	3.32829524362	4.14241814363
2290.0	280.0	6.00162306608	8.46621773503
2290.0	370.0	3.26347198985	7.60346255907
2290.0	399.0	5.0595812354	12.1573301974
2300.0	113.0	13.2222600471	2.9185706907
2300.0	117.0	9.46840435183	12.6847683548
2300.0	126.0	1.09441857005	3.20257585235
2300.0	180.0	14.7350832551	8.17720071758
2300.0	274.0	3.05174408957	3.98561865521
2300.0	280.0	5.88628818601	8.62802907924
2300.0	370.0	3.13971850539	7.39272595592
2300.0	399.0	5.07115681643	12.1487384446
2310.0	113.0	13.5493228275	2.34149129499
2310.0	117.0	9.81041015497	12.7246245413
2310.0	126.0	1.51934762639	3.18038049098
2310.0	180.0	14.7506576732	8.17123422259
2310.0	274.0	2.74067665754	3.85077586838
2310.0	280.0	5.77074284082	8.78960176365
2310.0	370.0	2.9671371155	7.17148832159
2310.0	399.0	5.08252193235	12.139908032
2320.0	113.0	13.9468914196	1.75820674449
2320.0	117.0	10.1524159581	12.7642420681
2320.0	126.0	1.94806505469	3.14505884062
2320.0	180.0	14.7662320913	8.1652677276
2320.0	274.0	2.42939876041	3.71593308154
2320.0	280.0	5.65414517009	8.95547032445
2320.0	370.0	2.78234874925	6.94738676966
2320.0	399.0	5.09409751338	12.1313162792
2330.0	113.0	14.333726291	1.15344281202
2330.0	117.0	10.2307089789	12.8685364005
2330.0	126.0	2.376782483	3.10973719027
2330.0	180.0	14.7815960443	8.1595398924
2330.0	274.0	2.08171039931	3.5791810163
2330.0	280.0	5.53649517381	9.12372548325
2330.0	370.0	2.59777084811	6.72328521773
2330.0	399.0	5.1054626293	12.1227245264
2340.0	113.0	14.7045658142	0.517175785979
2340.0	117.0	10.2797473494	12.979990527
2340.0	126.0	2.82633595716	3.11498770586
2340.0	180.0	14.7971704624	8.15357339741
2340.0	274.0	1.71823715498	3.44171297167
2340.0	280.0	5.41884517753	9.29221930184
2340.0	370.0	2.41298248186	6.4994223256
2340.0	399.0	5.11703821033	12.1138941139
2350.0	113.0	15.0754053374	-0.119329899857
2350.0	117.0	10.3289961851	13.0912059937
2350.0	126.0	3.28115105906	3.13026193304
2350.0	180.0	14.8125344154	8.14784556222
2350.0	274.0	1.35455344555	3.30424492703
2350.0	280.0	5.30498355322	9.46214507924
2350.0	370.0	2.22840458072	6.27532077367
2350.0	399.0	5.12840332625	12.1053023611
2360.0	117.0	10.1263182845	13.2661436269
2360.0	126.0	3.73617662607	3.14577482002
2360.0	180.0	14.8281088336	8.14187906722
2360.0	274.0	0.998656945173	3.19302946037
2360.0	280.0	5.20585448659	9.63756003203
2360.0	370.0	2.1427452811	5.96888159083
2360.0	399.0	5.13997890727	12.0964719485
2370.0	117.0	9.89585898948	13.4480023943
2370.0	126.0	4.21477428536	3.17178873819
2370.0	180.0	14.8436832517	8.13615123203
2370.0	274.0	0.654336025826	3.12071554105
2370.0	280.0	5.10693588506	9.81321364462
2370.0	370.0	2.06803016718	5.65313467581
2370.0	399.0	5.15134402319	12.0878801957
2380.0	117.0	9.58879039454	13.5988353877
2380.0	126.0	4.70347426991	3.20257585235
2380.0	180.0	14.8590472047	8.13018473704
2380.0	274.0	0.310015106478	3.04840162174
2380.0	280.0	5.00780681843	9.98862859741
2380.0	370.0	1.99331505326	5.33762642059
2380.0	399.0	5.16291960422	12.0792884429
2390.0	117.0	9.26256947462	13.7420312675
2390.0	126.0	5.19238471957	3.23336296652
2390.0	180.0	14.8746216228	8.12445690185
2390.0	274.0	-0.0345162779786	2.97608770243
2390.0	280.0	4.94466728554	10.1218007656
2390.0	370.0	1.94027784564	5.00350270099
2390.0	399.0	5.17428472014	12.0704580303
2400.0	126.0	5.62468005474	3.29493719484
2400.0	180.0	14.8899855758	8.11849040685
2400.0	280.0	4.89057775237	10.2447105625
2400.0	370.0	1.89292319597	4.6646057854
2400.0	399.0	5.18586030117	12.0618662775
2410.0	126.0	6.01930213529	3.37703616595
2410.0	180.0	14.919240226	8.11443319026
2410.0	280.0	4.83648821919	10.3673816996
2410.0	370.0	1.8453580812	4.32594752961
2410.0	399.0	5.1974358822	12.0532745247
2420.0	126.0	6.41392421584	3.45913513705
2420.0	180.0	14.9798541776	8.11443319026
2420.0	280.0	4.77882077916	10.4652322174
2420.0	370.0	1.78832203649	3.92237380829
2420.0	399.0	5.1909114638	12.0523198855
2430.0	126.0	6.81906955187	3.53502895336
2430.0	180.0	15.0404681292	8.11443319026
2430.0	280.0	4.71315566495	10.505088404
2430.0	370.0	1.72707668959	3.49135421001
2430.0	380.0	0.470810450232	13.624610646
2430.0	399.0	5.18249285942	12.0523198855
2440.0	126.0	7.23999977112	3.60233101687
2440.0	180.0	15.1012925459	8.11443319026
2440.0	280.0	4.64728008564	10.5447059307
2440.0	370.0	1.6660418078	3.06033461173
2440.0	380.0	0.641918584358	13.5200776538
2440.0	399.0	5.17428472014	12.0523198855
2450.0	126.0	7.66092999037	3.66939442059
2450.0	129.0	0.064612788655	0.623618056651
2450.0	180.0	15.1619064974	8.11443319026
2450.0	280.0	4.58161497144	10.5845621173
2450.0	370.0	1.67067204021	2.61785934306
2450.0	380.0	0.812816253374	13.4157833213
2450.0	399.0	5.16586611576	12.0523198855
2460.0	126.0	8.08522765137	3.72834339112
2460.0	129.0	0.260976735936	0.591876303289
2460.0	180.0	15.2227309141	8.11443319026
2460.0	280.0	4.51573939213	10.6244183038
2460.0	370.0	1.71928948053	2.1682242804
2460.0	380.0	0.983924387499	13.311250329
2460.0	399.0	5.15744751137	12.0523198855
2470.0	126.0	8.52320554451	3.75411864949
2470.0	129.0	0.457340683216	0.560134549927
2470.0	280.0	4.41661032549	10.701744079
2470.0	370.0	1.76790692085	1.71835055794
2470.0	380.0	1.15524298673	13.1978869242
2470.0	399.0	5.14902890699	12.0523198855
2480.0	126.0	8.96118343764	3.77989390786
2480.0	129.0	0.653915095607	0.528154136766
2480.0	280.0	4.28422777154	10.8165394426
2480.0	370.0	1.82325924469	1.28494436166
2480.0	380.0	1.32698251619	13.0785570243
2480.0	399.0	5.14082076771	12.0523198855
2490.0	126.0	9.39916133077	3.80566916623
2490.0	129.0	0.896791832114	0.632448469241
2490.0	280.0	4.15163475247	10.9315734661
2490.0	370.0	1.87861156852	0.851538165378
2490.0	380.0	1.49872204564	12.9592271244
2490.0	399.0	5.13240216333	12.0523198855
2500.0	126.0	9.80830550388	3.88013102374
2500.0	129.0	1.14471973125	0.751778369097
2500.0	280.0	4.05881963913	11.0528126443
2500.0	370.0	1.93396389235	0.418370628898
2500.0	380.0	1.6704615751	12.8398972246
2500.0	399.0	5.12398355894	12.0523198855
2510.0	126.0	10.188615957	4.00327948039
2510.0	129.0	1.40927437405	0.860129918167
2510.0	280.0	3.97589638594	11.1757224412
2510.0	370.0	1.98952668129	-0.0150355673819
2510.0	380.0	1.84262203477	12.7682992847
2510.0	399.0	5.11556495456	12.0523198855
2520.0	126.0	10.568715945	4.12642793705
2520.0	129.0	1.82178598892	0.869676310156
2520.0	280.0	3.89297313274	11.298632238
2520.0	380.0	2.01478249445	12.7086343347
2520.0	399.0	5.10735681528	12.0523198855
2530.0	126.0	10.8665240751	4.25960010529
2530.0	129.0	2.23429760378	0.879222702144
2530.0	280.0	3.79089755458	11.4289404887
2530.0	380.0	2.18694295412	12.6489693848
2530.0	399.0	5.0989382109	12.0523198855
2540.0	126.0	11.0407891858	4.40780784091
2540.0	129.0	2.61839642885	0.88304125894
2540.0	280.0	3.66966965143	11.5664085333
2540.0	380.0	2.35910341379	12.5893044349
2540.0	399.0	5.09051960651	12.0523198855
2550.0	126.0	11.2148438315	4.55601557653
2550.0	129.0	2.98355339405	0.88304125894
2550.0	280.0	3.5486522134	11.7036379181
2550.0	380.0	2.51379526937	12.5375152583
2550.0	399.0	5.08210100213	12.0523198855
2560.0	126.0	11.3097635959	4.70517795135
2560.0	129.0	3.34892082436	0.88304125894
2560.0	280.0	3.40806152017	11.8358554472
2560.0	380.0	2.64259991646	12.4978977316
2560.0	399.0	5.07389286285	12.0523198855
2570.0	126.0	11.3253380141	4.85529496537
2570.0	129.0	3.71807662664	0.877552083546
2570.0	280.0	3.19065106192	11.9473095737
2570.0	380.0	2.77119409844	12.458041545
2570.0	399.0	5.06547425847	12.0523198855
2580.0	126.0	11.3409124322	5.00565063919
2580.0	129.0	4.10280684704	0.850344866379
2580.0	280.0	2.97324060368	12.0587637001
2580.0	380.0	2.89978828042	12.4181853585
2580.0	399.0	5.05705565408	12.0523198855
2590.0	126.0	11.2895589454	5.18727074677
2590.0	129.0	4.48774753255	0.823137649212
2590.0	280.0	2.75583014544	12.1695018472
2590.0	380.0	3.01680688137	12.3339384492
2590.0	399.0	5.0486370497	12.0523198855
2600.0	126.0	11.221578715	5.37676662774
2600.0	129.0	4.87247775294	0.795691772245
2600.0	280.0	2.53905108252	12.2778533963
2600.0	380.0	3.1310894359	12.2384745293
2600.0	399.0	5.04042891042	12.0523198855
2610.0	126.0	11.1533880195	5.56650116852
2610.0	129.0	5.2498416945	0.704046409155
2610.0	202.0	3.69681965057	0.370877328755
2610.0	280.0	2.3220615545	12.3864436051
2610.0	292.0	14.8821983667	8.52612134476
2610.0	380.0	3.24537199043	12.1430106094
2610.0	399.0	5.03201030604	12.0523198855
2620.0	126.0	11.0319496512	5.77150993647
2620.0	129.0	5.62404865941	0.584716509298
2620.0	202.0	3.88308127259	0.811443319026
2620.0	280.0	2.10528249158	12.495033814
2620.0	292.0	14.6340600025	8.58578629469
2620.0	380.0	3.34807896392	12.0320338026
2620.0	399.0	5.02359170165	12.0523198855
2620.0	410.0	7.3073486062	12.4363235033
2630.0	126.0	10.8307450064	5.999668705
2630.0	129.0	5.99825562433	0.465386609441
2630.0	202.0	4.06934289461	1.2520093093
2630.0	280.0	1.85756505755	12.5888271153
2630.0	292.0	14.3861321033	8.64545124462
2630.0	380.0	3.42363593828	11.8852580257
2630.0	399.0	5.01517309727	12.0523198855
2630.0	410.0	7.34944162812	12.2520781379
2640.0	126.0	10.626383385	6.22735015392
2640.0	129.0	6.38319630983	0.35011392618
2640.0	133.0	0.29212557216	3.64147122403
2640.0	202.0	4.32947777011	1.6644134432
2640.0	280.0	1.60626971666	12.6811884578
2640.0	292.0	14.1687216451	8.63805279083
2640.0	380.0	3.49919291263	11.7384822489
2640.0	399.0	5.00696495799	12.0523198855
2640.0	410.0	7.39153465005	12.0680714323
2650.0	126.0	10.394029904	6.44954242746
2650.0	129.0	6.86410908533	0.270401553075
2650.0	133.0	0.62402905004	3.90757690071
2650.0	202.0	4.62139287716	2.06488458712
2650.0	280.0	1.35518484088	12.7737884601
2650.0	292.0	13.9647809539	8.60177650127
2650.0	380.0	3.57474988699	11.5914678123
2650.0	399.0	4.99854635361	12.0523198855
2650.0	410.0	7.43362767197	11.8838260669
2660.0	126.0	10.161886888	6.67173470099
2660.0	129.0	7.34523232593	0.190927839771
2660.0	133.0	0.955932527919	4.17368257739
2660.0	202.0	4.91330798421	2.46511707124
2660.0	280.0	1.11483368569	12.853739493
2660.0	292.0	13.7606297975	8.56573887152
2660.0	380.0	3.65746267507	11.4635461596
2660.0	399.0	4.99012774922	12.0523198855
2660.0	410.0	7.46140906644	11.7088884337
2670.0	126.0	9.93395317432	6.89893883032
2670.0	129.0	7.66092999037	0.0835309298997
2670.0	133.0	1.28383716872	4.46293825464
2670.0	202.0	5.24058122968	2.81093512103
2670.0	280.0	0.877218576919	12.9308266083
2670.0	292.0	13.5743681755	8.48149196222
2670.0	380.0	3.75090918375	11.364263683
2670.0	399.0	4.98170914484	12.0523198855
2670.0	410.0	7.35954395339	11.6165270913
2680.0	126.0	9.7234880647	7.14547440342
2680.0	129.0	7.97662765481	-0.0238659799713
2680.0	133.0	1.61132087929	4.75458052989
2680.0	202.0	5.59142656742	3.12023822145
2680.0	280.0	0.639603468152	13.0076750638
2680.0	292.0	13.4146251573	8.3251697934
2680.0	380.0	3.84456615753	11.2647425465
2680.0	399.0	4.97350100556	12.0523198855
2680.0	410.0	7.25767884033	11.5241657488
2690.0	126.0	9.51302295507	7.39200997652
2690.0	129.0	8.02650788579	-0.0138422683834
2690.0	133.0	1.94511854316	5.03977899055
2690.0	202.0	5.94206144006	3.42954132188
2690.0	280.0	0.396305801425	13.0518271267
2690.0	292.0	13.2548821391	8.16884762459
2690.0	380.0	3.9380126662	11.16522141
2690.0	399.0	4.96508240118	12.0523198855
2690.0	410.0	7.15581372727	11.4318044063
2700.0	126.0	9.32086830999	7.62756719884
2700.0	129.0	8.07659858188	-0.0035798969957
2700.0	133.0	2.3045929504	5.29824755364
2700.0	202.0	6.38993119334	3.63693668783
2700.0	280.0	0.150903483602	13.0816596017
2700.0	292.0	13.095349586	8.04951772474
2700.0	380.0	4.02198824494	11.0838384183
2700.0	399.0	4.95666379679	12.0523198855
2700.0	410.0	7.03942652165	11.4067451273
2710.0	126.0	9.20153459283	7.81849503861
2710.0	129.0	8.12647881286	0.00644381459226
2710.0	133.0	2.66406735764	5.55671611673
2710.0	202.0	6.84832420211	3.8331150432
2710.0	205.0	15.0251041762	0.214793819742
2710.0	280.0	-0.0947092993315	13.1114920767
2710.0	292.0	12.9356065678	7.96718009383
2710.0	380.0	4.10343824237	11.006751303
2710.0	399.0	4.94824519241	12.0523198855
2710.0	410.0	6.92324978113	11.3814471885
2720.0	126.0	9.08220087567	8.00942287838
2720.0	129.0	8.17635904384	0.0164675261802
2720.0	133.0	2.98860455668	5.70396921315
2720.0	202.0	7.29935093203	4.03167999656
2720.0	205.0	14.8350541822	0.453453619456
2720.0	292.0	12.7758635496	7.88484246293
2720.0	380.0	4.18488823979	10.9299028475
2720.0	399.0	4.94003705313	12.0523198855
2720.0	410.0	6.80686257551	11.3563879096
2730.0	126.0	8.96455087939	8.19939607896
2730.0	129.0	8.22623927482	0.0267298975679
2730.0	133.0	3.30430222112	5.82329911301
2730.0	202.0	7.68281836177	4.25315629069
2730.0	205.0	14.6450041882	0.692113419169
2730.0	292.0	12.4940507678	7.85190741057
2730.0	380.0	4.25602544685	10.8415987216
2730.0	399.0	4.93161844875	12.0523198855
2730.0	410.0	6.69342188142	11.3322832698
2740.0	126.0	8.85363576662	8.38483474333
2740.0	129.0	8.27632997091	0.0367536091559
2740.0	133.0	3.61999988556	5.94262901286
2740.0	202.0	8.0660753264	4.47487124463
2740.0	205.0	14.4549541942	0.930773218882
2740.0	292.0	12.1303670584	7.85190741057
2740.0	380.0	4.3227428866	10.7485213997
2740.0	399.0	4.90509984493	12.0587637001
2740.0	410.0	6.59113583814	11.311758527
2750.0	126.0	8.74251018873	8.57051206751
2750.0	129.0	8.3262102019	0.0470159805436
2750.0	133.0	4.00767661749	6.09346200628
2750.0	202.0	8.46069740695	4.63429599084
2750.0	205.0	14.3265704773	1.20356136995
2750.0	292.0	11.7378496289	7.87577339054
2750.0	380.0	4.38946032635	10.655205418
2750.0	399.0	4.8059707783	12.0916987525
2750.0	410.0	6.48884979486	11.2912337842
2760.0	126.0	8.63138461085	8.75618939169
2760.0	129.0	8.37609043288	0.0570396921315
2760.0	133.0	4.36799288517	6.26577438168
2760.0	202.0	8.8816276262	4.64813825922
2760.0	205.0	14.2139716437	1.48470261402
2760.0	292.0	11.3019763869	7.93543834047
2760.0	380.0	4.4561777661	10.5621280961
2760.0	399.0	4.70705217677	12.124395145
2760.0	410.0	6.3867742167	11.2709477013
2770.0	126.0	8.4072392691	8.88554300313
2770.0	129.0	8.42618112897	0.0670634037195
2770.0	133.0	4.48122311415	6.63283315364
2770.0	202.0	9.25604505622	4.56341403032
2770.0	205.0	14.1011623449	1.76608251788
2770.0	292.0	10.8661031449	7.9951032904
2770.0	380.0	4.61949869117	10.4976899502
2770.0	399.0	4.60792311014	12.1570915376
2780.0	126.0	8.1077474181	8.97718836622
2780.0	129.0	8.47606135995	0.0773257751072
2780.0	133.0	4.43471032492	6.91970223289
2780.0	202.0	9.59952411513	4.4125810369
2780.0	205.0	14.1630390871	1.96965932704
2780.0	292.0	10.4260206006	8.06837184891
2780.0	380.0	4.84701147468	10.452583248
2780.0	399.0	4.50900450862	12.1897879302
2790.0	126.0	7.80825556711	9.06907238911
2790.0	129.0	8.52594159093	0.0873494866951
2790.0	133.0	4.344631258	7.18055739398
2790.0	202.0	9.90238340788	4.20041247496
2790.0	205.0	14.2249158294	2.17323613619
2790.0	206.0	-0.0244139527166	0.967288168239
2790.0	292.0	9.98320200998	8.15070947981
2790.0	380.0	5.07452425818	10.4074765459
2790.0	399.0	4.4102963722	12.2260642197
2800.0	126.0	7.46835441506	9.160956412
2800.0	129.0	8.50110670799	0.139615982832
2800.0	133.0	4.22571847106	7.38819141973
2800.0	202.0	10.2370229322	4.03812381115
2800.0	205.0	14.2867925716	2.37681294535
2800.0	206.0	0.352318593513	0.81645517482
2800.0	292.0	9.54059388443	8.23304711071
2800.0	380.0	5.30203704169	10.3623698438
2800.0	399.0	4.31642893331	12.2919343244
2810.0	126.0	7.12824279791	9.25260177509
2810.0	129.0	8.17741136939	0.359898977968
2810.0	133.0	4.10680568412	7.59558678568
2810.0	202.0	10.685945011	4.05411401773
2810.0	205.0	14.343197221	2.62812171444
2810.0	206.0	0.728840674633	0.665622181401
2810.0	292.0	9.12450436271	8.33471618539
2810.0	380.0	5.46430564121	10.3747801533
2810.0	399.0	4.22235102931	12.358043089
2820.0	126.0	6.77908118104	9.33732600399
2820.0	129.0	7.92527416806	0.570874240915
2820.0	133.0	3.87803010996	7.73663472731
2820.0	202.0	11.1479159266	4.0772640183
2820.0	205.0	14.3958134984	2.9116495565
2820.0	206.0	1.09820694203	0.530302074963
2820.0	292.0	8.7197799569	8.44497701286
2820.0	380.0	5.619418427	10.3936342775
2820.0	399.0	4.1282731253	12.4239131937
2830.0	126.0	6.41623933204	9.4113105419
2830.0	129.0	7.68113464089	0.780894864662
2830.0	133.0	3.62189407155	7.86121514276
2830.0	202.0	11.613254284	4.10232329727
2830.0	205.0	14.4484297758	3.19493873876
2830.0	206.0	1.46441623277	0.401425783118
2830.0	292.0	8.32473694613	8.55308990213
2830.0	380.0	5.7745312128	10.4124884017
2830.0	399.0	4.0341952213	12.4900219582
2840.0	126.0	6.05339748305	9.48553373961
2840.0	129.0	7.5458055754	1.0023711588
2840.0	133.0	3.37291384686	8.01634401258
2840.0	202.0	12.0684903161	3.99182381001
2840.0	205.0	14.5016774485	3.47607998283
2840.0	206.0	1.83062552352	0.272549491273
2840.0	292.0	8.01787881629	8.64258732702
2840.0	380.0	5.92417190574	10.4306265465
2840.0	399.0	3.9554812703	12.5647224755
2850.0	126.0	5.71244400546	9.55331312273
2850.0	129.0	7.57400790009	1.24103095851
2850.0	133.0	3.13129990101	8.20202133675
2850.0	202.0	12.5226740227	3.86628875536
2850.0	205.0	14.5559774468	3.75316401029
2850.0	206.0	2.19683481427	0.143673199427
2850.0	292.0	7.71102068646	8.73208475192
2850.0	309.0	15.114972778	2.4980521236
2850.0	380.0	6.02435329792	10.4418435571
2850.0	399.0	3.89970801625	12.652310622
2860.0	126.0	5.39337889926	9.61488735106
2860.0	129.0	7.60199975967	1.47969075822
2860.0	133.0	2.88968595516	8.38746000113
2860.0	202.0	12.9989565658	3.75316401029
2860.0	205.0	14.6102774451	4.03024803776
2860.0	206.0	2.56304410502	0.0147969075822
2860.0	292.0	7.3446009306	8.83375382659
2860.0	309.0	15.0798251047	2.81618563662
2860.0	380.0	6.1245346901	10.4532992274
2860.0	399.0	3.84372429709	12.7401374283
2870.0	126.0	5.07431379307	9.67646157938
2870.0	129.0	7.71796603508	1.71500932074
2870.0	133.0	2.69984642628	8.54688474734
2870.0	202.0	13.4617693419	3.65388153361
2870.0	205.0	14.6624727923	4.28394340486
2870.0	292.0	6.95250443137	8.94067341687
2870.0	309.0	15.0446774314	3.13431914964
2870.0	380.0	6.22471608228	10.4647548978
2870.0	399.0	3.78795104304	12.8277255748
2880.0	126.0	4.79039636019	9.72896673532
2880.0	129.0	7.96610439933	1.94507736766
2880.0	133.0	2.52305573419	8.69962701915
2880.0	202.0	13.8025123544	3.67655421459
2880.0	205.0	14.7091960466	4.48274701802
2880.0	292.0	6.56061839725	9.04759300714
2880.0	309.0	15.0398367338	3.44624750786
2880.0	380.0	6.32489747447	10.4759719084
2880.0	399.0	3.73217778899	12.9153137213
2890.0	126.0	4.55972660004	9.76739096307
2890.0	129.0	8.21424276357	2.17514541459
2890.0	133.0	2.38393829673	8.8282646512
2890.0	202.0	14.1432553668	3.69922689556
2890.0	205.0	14.755919301	4.68178929098
2890.0	292.0	6.18241259525	9.21226826894
2890.0	309.0	15.065092547	3.7517320515
2890.0	380.0	6.36656956617	10.5129641774
2890.0	399.0	3.66567081435	13.0057657854
2900.0	126.0	4.32884637478	9.80581519083
2900.0	129.0	8.53057182334	2.31881861402
2900.0	133.0	2.3330057402	8.90057857051
2900.0	202.0	14.4440100085	3.81282896022
2900.0	205.0	14.8026425553	4.88059290414
2900.0	292.0	5.80757423501	9.39126311872
2900.0	309.0	15.0903483602	4.05721659513
2900.0	380.0	6.40171723948	10.5528203639
2900.0	399.0	3.58864058422	13.0988431073
2910.0	126.0	4.08070801053	9.80104199483
2910.0	129.0	8.8925718119	2.40473614191
2910.0	133.0	2.28186271856	8.97289248983
2910.0	202.0	14.744554185	3.92643102489
2910.0	205.0	14.878830925	5.05887177453
2910.0	292.0	5.43252540965	9.57025796851
2910.0	309.0	15.0602518495	4.3300047462
2910.0	380.0	6.43665444768	10.5924378907
2910.0	399.0	3.5116103541	13.192159089
2920.0	126.0	3.79237081034	9.69483838396
2920.0	129.0	9.25541366089	2.48874439141
2920.0	133.0	2.23093016203	9.04520640914
2920.0	202.0	15.0806669651	4.00399545979
2920.0	205.0	14.9674367361	5.22855889212
2920.0	292.0	5.08567890899	9.75641261229
2920.0	309.0	15.0301553388	4.60279289727
2920.0	380.0	6.47180212098	10.6322940772
2920.0	399.0	3.43479058909	13.2852364108
2930.0	126.0	3.50382314505	9.58887343289
2930.0	129.0	9.62583225383	2.55556913533
2930.0	133.0	2.08697202705	9.12062290585
2930.0	205.0	15.0560425473	5.39800734992
2930.0	292.0	4.75735333798	9.94734045206
2930.0	309.0	15.0002692932	4.85887486237
2930.0	380.0	6.50694979429	10.6721502638
2930.0	399.0	3.38533128833	13.3711539387
2940.0	126.0	3.21169757289	9.52920848296
2940.0	129.0	9.99625084677	2.62239387925
2940.0	133.0	1.94069877586	9.18171981458
2940.0	205.0	15.1446483584	5.56769446752
2940.0	292.0	4.44481265018	10.1430414878
2940.0	309.0	14.9712251081	5.04813208354
2940.0	380.0	6.54188700249	10.7117677905
2940.0	399.0	3.37754407927	13.4463317757
2950.0	126.0	2.91704641941	9.50056930699
2950.0	129.0	10.221238049	2.77990934706
2950.0	133.0	1.77379994392	9.11608836965
2950.0	292.0	4.27370451606	10.3817012875
2950.0	309.0	14.9423913881	5.23738930471
2950.0	380.0	6.59808118676	10.7559198535
2950.0	399.0	3.36975687021	13.5215096126
2960.0	126.0	2.63144526565	9.46978219283
2960.0	129.0	10.3494113007	2.9978057442
2960.0	133.0	1.60669064688	9.05021826493
2960.0	292.0	4.10280684704	10.6203610872
2960.0	309.0	14.9306053419	5.39920064892
2960.0	380.0	6.70331374157	10.8096183084
2960.0	399.0	3.36196966116	13.5964487897
2970.0	126.0	2.4270836442	9.42085693389
2970.0	129.0	10.5148368769	3.23622688411
2970.0	133.0	1.43979181495	8.98434816021
2970.0	292.0	3.93169871291	10.859020887
2970.0	309.0	14.9592285969	5.496812507
2970.0	380.0	6.80854629639	10.8633167634
2970.0	399.0	3.3541824521	13.6716266266
2980.0	126.0	2.22293248786	9.37169301515
2980.0	129.0	10.7673950084	3.52261864377
2980.0	292.0	3.7847940664	11.0976806867
2980.0	309.0	14.9880623169	5.59442436508
2980.0	380.0	6.9137788512	10.9170152183
2980.0	399.0	3.34639524305	13.7468044635
2990.0	126.0	2.01857086642	9.32252909641
2990.0	129.0	11.01995314	3.80901040343
2990.0	292.0	3.64041500119	11.3363404864
2990.0	309.0	15.0166855718	5.69203622317
2990.0	314.0	14.8874599945	8.28793886465
2990.0	380.0	7.01901140601	10.9707136732
2990.0	399.0	3.31903477879	13.7425085871
3000.0	129.0	11.1352880201	4.17463721659
3000.0	292.0	3.49603593599	11.5750002861
3000.0	309.0	15.0453088267	5.78964808125
3000.0	314.0	14.590914655	8.2445027811
3000.0	399.0	3.29167431454	13.7382127107
3010.0	129.0	11.2161066222	4.56031145292
3010.0	292.0	3.34744756859	11.7986245184
3010.0	314.0	14.2880553623	8.20225999655
3010.0	399.0	3.26410338518	13.7341554941
3020.0	129.0	11.2544112721	4.93238208068
3020.0	292.0	3.1923347828	11.9995760698
3020.0	314.0	13.9597297912	8.1640744286
3020.0	399.0	3.23674292093	13.7298596177
3030.0	129.0	11.1218182531	5.2505155937
3030.0	292.0	3.03743246212	12.2005276212
3030.0	314.0	13.6314042202	8.12588886064
3030.0	399.0	3.20938245668	13.7255637413
3040.0	129.0	10.9894356991	5.56864910671
3040.0	292.0	2.88231967632	12.4014791725
3040.0	314.0	13.3727426005	8.08531669469
3040.0	399.0	3.18202199243	13.7212678649
3050.0	129.0	10.7878101241	5.85575684577
3050.0	292.0	2.68784991503	12.5482549493
3050.0	314.0	13.1439670263	8.04378988954
3050.0	399.0	3.15466152818	13.7172106483
3060.0	129.0	10.5171519931	6.11136149126
3060.0	292.0	2.46707201503	12.6587544366
3060.0	314.0	12.928240289	8.03806205435
3060.0	399.0	3.12730106393	13.7129147719
3070.0	129.0	10.2467043272	6.36720479656
3070.0	292.0	2.24629411503	12.7694925837
3070.0	314.0	12.7316658766	8.08579401429
3070.0	399.0	3.09973013456	13.7086188955
3080.0	129.0	9.98972642838	6.63235583404
3080.0	292.0	2.02551621504	12.8799920709
3080.0	314.0	12.5353019293	8.13352597423
3080.0	399.0	3.07236967031	13.7043230191
3090.0	129.0	9.73843108748	6.90180274791
3090.0	292.0	1.82831040732	13.0040951668
3090.0	314.0	12.369665888	8.16741566579
3090.0	399.0	3.04500920606	13.7002658026
3100.0	129.0	9.48713574659	7.17124966179
3100.0	292.0	1.65467669188	13.1413245516
3100.0	314.0	12.2501217058	8.18030329498
3100.0	399.0	3.01764874181	13.6959699262
3110.0	129.0	9.2949811015	7.43974193647
3110.0	292.0	1.48104297643	13.2785539365
3110.0	314.0	12.1307879886	8.19319092416
3110.0	399.0	2.99028827756	13.6916740498
3120.0	129.0	9.14176250169	7.70727957195
3120.0	292.0	1.30740926099	13.4157833213
3120.0	314.0	12.0112438063	8.20607855335
3120.0	399.0	2.96292781331	13.6873781734
3130.0	129.0	8.988754367	7.97481720742
3130.0	292.0	1.14934996367	13.5382157985
3130.0	314.0	11.828139161	8.2421161831
3130.0	399.0	2.93535688395	13.6833209568
3140.0	129.0	8.83153693011	8.22326205893
3140.0	292.0	1.00686508445	13.6458513682
3140.0	314.0	11.6176740513	8.28793886465
3140.0	399.0	2.9079964197	13.6790250804
3150.0	129.0	8.66442763306	8.42683886808
3150.0	292.0	0.864169740122	13.7537255977
3150.0	314.0	11.4112077788	8.33471618539
3150.0	317.0	14.9196611562	9.43589250127
3150.0	399.0	2.88484525764	13.669956008
3160.0	129.0	8.49731833602	8.63041567724
3160.0	292.0	0.721684860906	13.8615998272
3160.0	314.0	11.2415729004	8.38841464033
3160.0	317.0	14.8260041825	9.15308063861
3160.0	399.0	2.8993673502	13.6169735325
3170.0	129.0	8.32999857387	8.83399248639
3170.0	314.0	11.071727557	8.44235175506
3170.0	317.0	14.7325576738	8.87026877595
3170.0	399.0	2.91409990788	13.5637523971
3180.0	129.0	8.11216718541	8.96835795363
3180.0	314.0	10.9020926786	8.4962888698
3180.0	317.0	14.637006514	8.58339969669
3180.0	399.0	2.92862200044	13.5107699216
3190.0	129.0	7.88844277387	9.09508630728
3190.0	314.0	10.8909380278	8.59055949069
3190.0	317.0	14.523776285	8.26216360628
3190.0	399.0	2.94335455811	13.457787446
3200.0	129.0	7.66492882745	9.22205332073
3200.0	314.0	10.8799938421	8.68459145177
3200.0	317.0	14.410335591	7.94092751587
3200.0	399.0	2.95787665068	13.4048049705
3210.0	129.0	7.55506604023	9.38386466493
3210.0	314.0	10.8688391913	8.77886207266
3210.0	317.0	14.3448809419	7.58651771329
3210.0	399.0	2.97260920835	13.3515838352
3220.0	129.0	7.49382069333	9.56095023632
3220.0	314.0	10.8442147735	8.87814454934
3220.0	317.0	14.3274123378	7.19869553876
3220.0	399.0	2.98713130092	13.2986013596
3230.0	129.0	7.43278581154	9.73803580771
3230.0	314.0	10.7652903573	8.9974744492
3230.0	317.0	14.3200460589	6.80275893103
3230.0	399.0	3.01154525363	13.2525400183
3240.0	129.0	7.38101139457	9.92490643088
3240.0	314.0	10.6863659412	9.11680434905
3240.0	317.0	14.4042321028	6.33498572359
3240.0	399.0	3.03680106679	13.2074333161
3250.0	129.0	7.33555093089	10.1184595285
3250.0	314.0	10.6074415251	9.23613424891
3250.0	317.0	14.4884181466	5.86721251616
3250.0	399.0	3.06226734505	13.1620879542
3260.0	129.0	7.29009046721	10.312012626
3260.0	314.0	10.5565089686	9.22897445492
3260.0	317.0	14.5511367493	5.42115735049
3260.0	399.0	3.08773362332	13.1167425923
3270.0	129.0	7.24463000353	10.5055657236
3270.0	314.0	10.505365947	9.22157600113
3270.0	317.0	14.5997541896	4.98989909241
3270.0	399.0	3.11298943647	13.0716358901
3280.0	129.0	7.34523232593	10.6840832538
3280.0	314.0	10.4544333904	9.21441620714
3280.0	317.0	14.6483716299	4.55840217453
3280.0	399.0	3.14013943561	13.0243812498
3290.0	129.0	7.46225092688	10.8606915056
3290.0	314.0	10.4032903688	9.20725641315
3290.0	317.0	14.6483716299	4.0810825751
3290.0	399.0	3.18307431798	12.959704444
3300.0	129.0	7.5674834817	11.0420729533
3300.0	314.0	10.3523578123	9.19985795935
3300.0	317.0	14.6483716299	3.60376297567
3300.0	399.0	3.22579873523	12.8950276383
3310.0	129.0	7.62578231706	11.2408765665
3310.0	314.0	10.3012147906	9.19269816536
3310.0	317.0	14.6881495357	3.10377069527
3310.0	399.0	3.26873361759	12.8301121728
3320.0	129.0	7.68429161754	11.4396801797
3320.0	314.0	10.1705159575	9.19747136136
3320.0	317.0	14.7325576738	2.60139181688
3320.0	399.0	3.31145803485	12.7654353671
3330.0	129.0	7.74280091801	11.6387224526
3330.0	314.0	9.91985201198	9.22014404233
3330.0	317.0	14.7658111611	2.18683974477
3330.0	399.0	3.3541824521	12.7007585614
3340.0	129.0	7.73648696472	11.8403899834
3340.0	314.0	9.67002992685	9.2437713625
3340.0	317.0	14.8062204622	1.78398200286
3340.0	399.0	3.40574640396	12.6334564978
3350.0	129.0	7.68702766396	12.0439667925
3350.0	314.0	9.42210202772	9.26930796107
3350.0	317.0	14.911453017	1.48565725322
3350.0	399.0	3.49161616869	12.5554147433
3360.0	129.0	7.63735789809	12.2475436017
3360.0	314.0	9.17396366347	9.29484455964
3360.0	317.0	15.0166855718	1.18733250357
3360.0	399.0	3.57748593341	12.4776116486
3370.0	129.0	7.58242650448	12.4418126787
3370.0	215.0	15.2046309147	1.51381910958
3370.0	314.0	8.96707646071	9.33303012759
3370.0	399.0	3.66335569814	12.3995698941
3380.0	129.0	7.50539627436	12.5988508269
3380.0	215.0	14.6835193032	1.71835055794
3380.0	314.0	8.80122995432	9.38362600513
3380.0	399.0	3.74922546287	12.3217667994
3390.0	129.0	7.42836604423	12.7561276349
3390.0	215.0	14.1621972267	1.92288200629
3390.0	314.0	8.63538344794	9.43422188267
3390.0	399.0	3.83341150672	12.2499301997
3400.0	129.0	7.35133581411	12.9131657831
3400.0	215.0	13.6871774743	2.11619644406
3400.0	314.0	8.48490089455	9.47479404862
3400.0	399.0	3.91338824838	12.1926518478
3410.0	129.0	7.27367418866	13.0644760961
3410.0	215.0	13.2428856279	2.30163510844
3410.0	314.0	8.39566368807	9.47479404862
3410.0	399.0	3.99336499003	12.1353734958
3420.0	129.0	7.19011954014	13.1630425934
3420.0	215.0	12.7985937814	2.48731243261
3420.0	314.0	8.30642648159	9.47479404862
3420.0	399.0	4.07334173169	12.0780951439
3430.0	129.0	7.10677535673	13.2616090907
3430.0	215.0	12.5132030928	2.55485315593
3430.0	314.0	8.21697881	9.47479404862
3430.0	399.0	4.15331847335	12.020816792
3440.0	129.0	7.0232207082	13.3599369282
3440.0	144.0	0.0420930219251	2.31500005722
3440.0	215.0	12.2452810082	2.60902893047
3440.0	314.0	8.12205904556	9.52682188496
3440.0	399.0	4.21393242492	11.952798749
3450.0	129.0	6.93966605968	13.4585034254
3450.0	144.0	0.491646496085	2.28254232446
3450.0	215.0	12.0346054335	2.71523254134
3450.0	314.0	8.02629742068	9.58481621629
3450.0	323.0	15.1002402203	5.93976509527
3450.0	399.0	4.22929637792	11.8597214272
3460.0	129.0	6.85611141116	13.5570699227
3460.0	144.0	0.941410435355	2.2498459319
3460.0	215.0	11.8483438115	2.84363151359
3460.0	314.0	7.93074626091	9.64257188782
3460.0	323.0	14.5801809344	5.96792695163
3460.0	399.0	4.24466033093	11.7664054455
3470.0	129.0	6.77255676264	13.6553977602
3470.0	144.0	1.37349530542	2.20640984835
3470.0	215.0	11.6639763754	2.97561038283
3470.0	314.0	7.85266370524	9.70247549755
3470.0	323.0	14.0607530439	5.96840427123
3470.0	399.0	4.26002428393	11.6733281236
3480.0	144.0	1.80116040818	2.16034850701
3480.0	215.0	11.4956042877	3.13789904663
3480.0	314.0	7.78657766082	9.76381106608
3480.0	323.0	13.542587944	5.85814344377
3480.0	399.0	4.2614975397	11.5952863691
3490.0	144.0	2.22882551093	2.11404850586
3490.0	215.0	11.3272322	3.30018771044
3490.0	314.0	7.72049161639	9.8253852944
3490.0	323.0	13.0117949375	5.9104099399
3490.0	399.0	4.20635568098	11.5769095645
3500.0	144.0	2.65186038128	2.09495572188
3500.0	215.0	11.0774101149	3.46581761144
3500.0	314.0	7.63988347941	9.88481158453
3500.0	323.0	12.4805810008	5.97723468382
3500.0	399.0	4.15142428736	11.5585327599
3510.0	144.0	3.07279060053	2.08755726809
3510.0	215.0	10.7734984966	3.63383411044
3510.0	314.0	7.42941836978	9.92824766808
3510.0	323.0	11.9544182267	6.03164911816
3510.0	399.0	4.09628242864	11.5401559553
3520.0	144.0	3.49372081978	2.0801588143
3520.0	215.0	10.4693764132	3.80185060944
3520.0	314.0	7.21895326016	9.97168375163
3520.0	323.0	11.4282554527	6.08582489269
3520.0	399.0	4.04135103503	11.5217791508
3530.0	144.0	3.87255801711	2.09233046409
3530.0	215.0	10.1124275873	3.98895989241
3530.0	314.0	7.1587602388	10.1389842712
3530.0	323.0	10.8734694237	6.14000066723
3530.0	399.0	3.98620917631	11.5034023462
3540.0	144.0	4.20930219251	2.12407221745
3540.0	215.0	9.74958573829	4.17821711358
3540.0	314.0	7.11519396111	10.3198883994
3540.0	323.0	10.3184729296	6.19441510156
3540.0	399.0	3.93106731759	11.4850255416
