610.0	7.0	11.2819822015	8.09844298368
620.0	7.0	10.8208531463	8.25762907009
630.0	7.0	10.3927671133	8.44545433246
640.0	7.0	10.013929916	8.67599969898
650.0	7.0	9.63509271866	8.90678372531
660.0	7.0	9.25267761447	9.14973940141
670.0	7.0	8.86457995232	9.4105945625
680.0	7.0	8.47648229017	9.67168838339
690.0	7.0	8.074914861	9.93421416307
700.0	7.0	7.61883696844	10.2027064377
710.0	7.0	7.16275907589	10.4711987124
720.0	7.0	6.65427537103	10.665945109
730.0	7.0	6.13274282938	10.842314701
740.0	7.0	5.6128940086	10.9857492406
750.0	7.0	5.09493937381	11.0957714083
750.0	11.0	0.0883953460427	7.70393833475
760.0	7.0	4.57677427392	11.2060322357
760.0	11.0	0.635604631069	7.44141255507
770.0	7.0	4.08849521959	11.133002337
770.0	11.0	1.1828139161	7.17888677538
780.0	7.0	3.60358360701	11.0396863553
780.0	11.0	1.73318017777	6.9103945007
790.0	7.0	3.12540687794	10.9575873842
790.0	11.0	2.29680574134	6.61779758625
800.0	7.0	2.65186038128	10.8828868669
800.0	11.0	2.86022083981	6.32520067181
810.0	7.0	2.17831388462	10.8084250094
810.0	11.0	3.42700338003	6.03880891215
820.0	7.0	1.69403366738	10.7404069665
820.0	11.0	4.02346150071	5.80683158683
830.0	7.0	1.19333717158	10.6821739754
830.0	11.0	4.61970915628	5.57461560171
840.0	7.0	0.692851140887	10.624179644
840.0	11.0	5.21595681185	5.34263827639
850.0	7.0	0.192365110198	10.5661853127
850.0	11.0	5.84840446627	5.14240270443
860.0	11.0	6.51705211955	4.97390888583
870.0	11.0	7.18548930773	4.80541506723
880.0	11.0	7.85413696101	4.64670630042
890.0	11.0	8.52215321896	4.57510836051
900.0	11.0	9.19037994202	4.50351042059
910.0	11.0	9.85860666508	4.43191248068
920.0	11.0	10.5268333881	4.36484907696
930.0	11.0	11.1931659252	4.33835783919
940.0	11.0	11.8597089274	4.31186660142
950.0	11.0	12.5262519296	4.28537536365
960.0	11.0	13.1359693522	4.37200887095
960.0	15.0	8.97970436728	6.54906356394
970.0	11.0	13.6890716603	4.57176712331
970.0	15.0	8.64590670342	6.51421923318
980.0	11.0	14.2421739684	4.77152537567
980.0	15.0	8.31231950466	6.47937490242
990.0	11.0	14.7952762765	4.97128362803
990.0	15.0	7.9787323059	6.44429191186
1000.0	11.0	15.3483785846	5.17104188039
1000.0	15.0	7.55822301687	6.40562902431
1010.0	15.0	6.93524629238	6.35789706437
1020.0	15.0	6.31226956789	6.31016510442
1030.0	15.0	5.70065795932	6.23928314391
1040.0	15.0	5.09178239717	6.1624346884
1050.0	15.0	4.48290683502	6.08582489269
1060.0	15.0	3.86898011025	6.05599241773
1070.0	15.0	3.25526385058	6.02615994276
1080.0	15.0	2.67943131064	6.04716200514
1090.0	15.0	2.12885458386	6.10229241887
1100.0	15.0	1.57848832219	6.15742283261
1110.0	15.0	1.1786046139	6.22902077252
1120.0	15.0	0.778720905614	6.30061871244
1230.0	25.0	3.84940685505	4.59014392789
1240.0	25.0	4.03924638393	4.66842434219
1250.0	25.0	4.22887544771	4.7467047565
1260.0	25.0	4.41871497659	4.82474651101
1270.0	25.0	4.60855450547	4.90302692531
1280.0	25.0	4.79818356924	4.98130733962
1290.0	25.0	4.98802309813	5.05958775393
1300.0	25.0	5.22542774178	5.10015991988
1310.0	23.0	14.9392344114	5.15505167381
1310.0	25.0	5.46262192033	5.14073208583
1320.0	23.0	14.4997832625	5.15505167381
1320.0	25.0	5.70002656399	5.18154291158
1330.0	23.0	14.0603321136	5.15505167381
1330.0	25.0	5.93743120765	5.22211507753
1340.0	23.0	13.6208809647	5.15505167381
1340.0	25.0	6.17525678152	5.29108775965
1350.0	23.0	13.1763786532	5.1662686844
1350.0	25.0	6.41434514606	5.42688518568
1360.0	23.0	12.730613551	5.18034961258
1360.0	25.0	6.6536439757	5.56244395192
1370.0	23.0	12.285058914	5.19443054076
1370.0	25.0	6.89273234024	5.69800271816
1370.0	26.0	6.36741142661	0.490923208011
1380.0	23.0	11.8491856719	5.18941868497
1380.0	25.0	7.13182070477	5.8335614844
1380.0	26.0	6.38993119334	1.13864590443
1390.0	23.0	11.4282554527	5.15648363261
1390.0	25.0	7.36101720915	5.94262901286
1390.0	26.0	6.41245096007	1.78660726065
1400.0	23.0	11.0073252334	5.12330992045
1400.0	25.0	7.58895092288	6.04859396394
1400.0	26.0	6.42760444796	2.38182480114
1410.0	23.0	10.5863950142	5.09013620829
1410.0	25.0	7.81709510171	6.15479757481
1410.0	26.0	6.43960095921	2.95460832045
1420.0	23.0	10.1823020037	5.03094857796
1420.0	25.0	8.02145672316	6.25169345349
1420.0	26.0	6.45159747046	3.52739183976
1430.0	23.0	9.78241829539	4.96531713304
1430.0	25.0	8.1710974161	6.3271099502
1430.0	26.0	6.4612788655	4.0846624721
1440.0	23.0	9.38253458711	4.89968568812
1440.0	25.0	8.32052764394	6.40228778711
1440.0	26.0	6.4612788655	4.5803588761
1450.0	23.0	8.98265087882	4.8340542432
1450.0	25.0	8.47016833688	6.47770428382
1450.0	26.0	6.4612788655	5.07605528011
1460.0	23.0	8.57897879856	4.76699083948
1460.0	25.0	8.61096949522	6.54596098654
1460.0	26.0	6.4612788655	5.57175168411
1470.0	23.0	8.17404392764	4.69968877596
1470.0	25.0	8.74314158406	6.60705789527
1470.0	26.0	6.4787474696	6.06386819112
1480.0	23.0	7.76931952183	4.63238671244
1480.0	25.0	8.87531367291	6.66815480399
1480.0	26.0	6.53662537475	6.54691562574
1490.0	23.0	7.36459511602	4.56508464892
1490.0	25.0	9.00748576175	6.72901305292
1490.0	26.0	6.5945032799	7.03020172016
1500.0	23.0	6.91041140944	4.53024031816
1500.0	25.0	9.10051134021	6.78080222946
1500.0	26.0	6.65238118504	7.51372647438
1510.0	23.0	6.45075561002	4.4987372246
1510.0	25.0	9.03800320265	6.79488315764
1510.0	26.0	6.74435443795	7.97123731043
1520.0	23.0	5.9910998106	4.46723413104
1520.0	25.0	8.97528459998	6.80920274562
1520.0	26.0	6.91672536273	8.36908319655
1530.0	23.0	5.53460098782	4.43716299627
1530.0	25.0	8.91277646242	6.82328367381
1530.0	26.0	7.08888582241	8.76669042287
1540.0	23.0	5.10798821061	4.4178315525
1540.0	25.0	8.85005785975	6.83760326179
1540.0	26.0	7.26104628208	9.164536309
1550.0	23.0	4.6813754334	4.39850010872
1550.0	25.0	8.78733925709	6.85192284977
1550.0	26.0	7.40500441706	9.50367188439
1560.0	23.0	4.25476265619	4.37916866494
1560.0	25.0	8.72483111953	6.86600377796
1560.0	26.0	7.54896255205	9.84280745978
1570.0	23.0	3.82814987898	4.35721196337
1570.0	25.0	8.66211251686	6.88032336594
1570.0	26.0	7.69313115214	10.1819430352
1580.0	23.0	3.40153710177	4.331436705
1580.0	25.0	8.5996043793	6.89440429412
1580.0	26.0	7.82930207807	10.5225105694
1590.0	23.0	2.97492432456	4.30566144663
1590.0	25.0	8.45669856986	6.85765068497
1590.0	26.0	7.93453463288	10.8692832583
1600.0	23.0	2.54831154735	4.27964752846
1600.0	25.0	8.29400904012	6.80800944663
1600.0	26.0	8.0397671877	11.2158172875
1610.0	23.0	2.13558946737	4.30255886923
1610.0	25.0	8.13110904527	6.75860686809
1610.0	26.0	8.14499974251	11.5625899765
1620.0	23.0	1.72854994535	4.34647227238
1620.0	25.0	7.96820905042	6.70896562974
1620.0	26.0	8.25023229732	11.9091240057
1630.0	23.0	1.32172088845	4.39014701573
1630.0	25.0	7.80551952068	6.6595630512
1630.0	26.0	8.32599973679	12.1907425694
1640.0	23.0	0.914891831542	4.43382175908
1640.0	25.0	7.69544626835	6.55526871873
1640.0	26.0	8.40176717625	12.472361133
1650.0	23.0	0.507852309526	4.47773516222
1650.0	25.0	7.63798929342	6.39608263232
1650.0	26.0	8.47753461572	12.7539796967
1660.0	23.0	0.10102325262	4.52140990557
1660.0	25.0	7.58053231849	6.23689654591
1660.0	26.0	8.55330205518	13.0355982603
1670.0	25.0	7.54664743584	6.06028829412
1670.0	26.0	8.62906949465	13.317216824
1680.0	25.0	7.6068404572	5.81303674162
1690.0	25.0	7.66703347855	5.56578518912
1700.0	25.0	7.70765324471	5.31423776022
1710.0	25.0	7.71943929085	5.05553053733
1720.0	25.0	7.73101487187	4.79706197424
1730.0	25.0	7.74280091801	4.53859341115
1740.0	25.0	7.64830208379	4.40088670672
1750.0	25.0	7.52728464576	4.29348979684
1760.0	25.0	7.40626720772	4.18609288697
1770.0	25.0	7.28524976969	4.0786959771
3200.0	53.0	14.7016193027	9.06334455392
3210.0	53.0	14.0453890909	9.04950228553
3220.0	53.0	13.3434879503	9.15666053561
3230.0	53.0	12.6218030894	9.31560796222
3240.0	53.0	11.9544182267	9.51011569898
3250.0	53.0	11.3230228979	9.72801209612
3260.0	53.0	10.6891019877	9.94638581286
3270.0	53.0	10.0492880544	10.1659528286
3280.0	53.0	9.40947412114	10.3855198443
3290.0	53.0	8.74714042115	10.6203610872
3300.0	53.0	8.0791241632	10.859020887
3310.0	53.0	7.41615906787	11.0778719233
3320.0	53.0	6.75845560029	11.2766755365
3330.0	53.0	6.09969980717	11.470228634
3340.0	53.0	5.43084168878	11.6150951325
3350.0	53.0	4.76177310528	11.7599616309
3360.0	53.0	4.1019649866	11.9131812223
3370.0	53.0	3.46320337889	12.0859709173
3380.0	53.0	2.82465223628	12.2589992721
3390.0	53.0	2.19515109339	12.4270157711
3400.0	53.0	1.57954064774	12.5881111359
3410.0	53.0	0.963930202085	12.7492065007
3420.0	53.0	0.34831975643	12.9103018655
3430.0	53.0	-0.267290689224	13.0713972303
4310.0	68.0	10.3127903717	9.61798992845
4320.0	68.0	9.8918601524	9.48386312101
4330.0	68.0	9.40779040026	9.27193321887
4340.0	68.0	8.82901134879	8.94377599426
4350.0	68.0	8.2607555528	8.69914969956
4360.0	68.0	7.69776138455	8.47838938482
4370.0	68.0	7.14529047179	8.26956206007
4380.0	68.0	6.60860444224	8.06670123031
4390.0	68.0	6.08244166818	7.86789761715
4400.0	68.0	5.57837773062	7.67720843718
4410.0	68.0	5.07999635103	7.48890585521
4420.0	68.0	4.49174636963	7.4134893585
4430.0	68.0	3.89360452807	7.35072183117
4440.0	68.0	3.32366501121	7.29105688125
4450.0	68.0	2.75351502923	7.23139193132
4460.0	68.0	2.16484411761	7.11898316565
4470.0	68.0	1.56354529941	6.97125274963
4480.0	68.0	0.986449968815	6.69345274276
4490.0	68.0	0.433979056048	6.28558314505
4500.0	68.0	-0.118491856719	5.87795220714
4890.0	81.0	6.31205910278	3.97917484062
4900.0	81.0	6.09191259811	4.54312794735
4910.0	81.0	5.87197655855	5.10731971387
4920.0	81.0	5.77853004988	5.70850374935
4930.0	81.0	5.6848730761	6.30944912502
4940.0	81.0	5.53923122023	6.87889140714
4950.0	81.0	5.27215099612	7.37458781115
4960.0	81.0	5.005070772	7.87028421515
4970.0	81.0	4.66706380595	8.40321154791
4980.0	81.0	4.2987498641	8.95212908725
4990.0	81.0	3.93443475934	9.30248167323
5000.0	81.0	3.57201384056	9.56763271071
5010.0	81.0	3.10288711121	9.79364354104
5020.0	81.0	2.57672433715	9.97836622602
5030.0	81.0	2.00552202962	10.126096642
5040.0	81.0	1.44105460561	10.2210832423
5050.0	81.0	0.886689506852	10.2368347891
5060.0	81.0	0.332534873208	10.2528249957
5070.0	81.0	-0.221619760436	10.2688152023
5410.0	93.0	0.51121975128	13.6188828108
5420.0	93.0	1.02222903745	13.4315348681
5430.0	93.0	1.53344878873	13.2439482655
5440.0	93.0	2.01436156423	13.1074348601
5450.0	93.0	2.46538829415	13.0222333116
5460.0	93.0	2.91641502408	12.9370317631
5470.0	93.0	3.44952314676	12.8279642346
5480.0	93.0	4.01777894275	12.7086343347
5490.0	93.0	4.58603473874	12.5893044349
5500.0	93.0	5.10819867572	12.3971832961
5510.0	93.0	5.6105788924	12.1740363834
5520.0	93.0	6.11295910907	11.9506508109
5530.0	93.0	6.6296509532	11.7563817339
5540.0	93.0	7.15581372727	11.5814441007
5550.0	93.0	7.68197650133	11.4062678077
5560.0	93.0	8.17993695071	11.178347699
5570.0	93.0	8.6587450751	10.9148672801
5580.0	93.0	9.13776366461	10.651625521
5590.0	93.0	9.64224853238	10.3766894317
5600.0	93.0	10.1574671207	10.0969801465
5610.0	93.0	10.6726857091	9.81703220141
5620.0	93.0	11.1967438321	9.52252600857
5630.0	93.0	11.7229066061	9.22420125892
5640.0	93.0	12.2490693802	8.92587650928
5650.0	93.0	12.78617634	8.68793268897
5660.0	93.0	13.3304391135	8.49056103461
5670.0	93.0	13.874701887	8.29295072044
5680.0	93.0	14.3996018704	8.19581618196
5690.0	93.0	14.9162937145	8.14164040742
5700.0	93.0	15.4327750935	8.08722597309
