10.0	1.0	12.419546119	7.19678626036
20.0	1.0	12.0640705488	7.11444862946
30.0	1.0	11.7031228858	7.03640687495
40.0	1.0	11.2937682476	6.9967893482
50.0	1.0	10.8846240745	6.95693316165
60.0	1.0	10.4752694363	6.91707697509
70.0	1.0	10.0602322401	6.88366460314
80.0	1.0	9.63930202085	6.85645738597
90.0	1.0	9.2183718016	6.829011509
100.0	1.0	8.79744158235	6.80180429183
110.0	1.0	8.34788810819	6.80180429183
110.0	11.0	15.063198361	5.37485734935
120.0	1.0	7.89812416892	6.80180429183
120.0	11.0	14.5801809344	5.42378260829
130.0	1.0	7.44857069476	6.80180429183
130.0	11.0	14.0973739729	5.47294652703
140.0	1.0	6.9990172206	6.80180429183
140.0	11.0	13.6145670115	5.52211044577
150.0	1.0	6.53746723519	6.79440583804
150.0	11.0	13.0921926094	5.4951418884
160.0	1.0	6.06791957561	6.78223418826
160.0	11.0	12.5529809985	5.43547693847
170.0	1.0	5.59837191604	6.77006253847
170.0	11.0	12.0135589225	5.37581198855
180.0	1.0	5.12882425646	6.75765222889
180.0	11.0	11.4949728924	5.38392642174
190.0	1.0	4.64812194608	6.71135222774
190.0	11.0	10.997012443	5.45958157824
200.0	1.0	4.16236847306	6.65001665922
200.0	11.0	10.4990519937	5.53523673475
210.0	1.0	3.67661500005	6.58891975049
210.0	11.0	10.0013020094	5.61089189126
220.0	1.0	3.19107199214	6.52758418196
220.0	11.0	9.51407528062	5.72664189412
230.0	1.0	2.70531851913	6.4958424286
230.0	11.0	9.04305436528	5.90277282631
240.0	1.0	2.21956504611	6.47126046923
240.0	11.0	8.57203344994	6.0789037585
250.0	1.0	1.7338115731	6.44691716966
250.0	11.0	8.10080206949	6.25527335049
260.0	1.0	1.24826856519	6.42233521029
260.0	11.0	7.63988347941	6.4115955193
270.0	1.0	0.78692904489	6.37388727095
270.0	11.0	7.21895326016	6.48939861401
280.0	1.0	0.328536036125	6.32281407381
280.0	11.0	6.7980230409	6.56696304892
290.0	1.0	-0.130067437749	6.27174087667
290.0	11.0	6.37709282165	6.64476614362
300.0	11.0	5.9561626024	6.72233057853
310.0	11.0	5.49734866342	6.75693624949
320.0	11.0	5.03432542224	6.78676872445
320.0	16.0	15.0158437113	4.40565990271
330.0	11.0	4.57130218107	6.81660119942
330.0	16.0	14.4324344275	4.35792794277
340.0	11.0	4.10827893989	6.84643367438
340.0	16.0	13.8492356087	4.31019598282
350.0	11.0	3.65472662865	6.9139743977
350.0	16.0	13.2658263248	4.26246402288
360.0	11.0	3.20222664295	6.98557233761
360.0	16.0	12.6689472739	4.30685474563
370.0	11.0	2.74972665726	7.05717027753
370.0	16.0	12.0659647348	4.39062433533
380.0	11.0	2.29722667156	7.12876821744
380.0	16.0	11.4629821958	4.47463258483
390.0	11.0	1.84241156966	7.25191667409
390.0	16.0	10.8599996567	4.55840217453
400.0	11.0	1.38738600265	7.38103162574
400.0	16.0	10.2917438607	4.77319599427
410.0	11.0	0.932360435641	7.51014657738
410.0	16.0	9.7234880647	4.98798981401
420.0	11.0	0.507852309526	7.6650367874
420.0	16.0	9.15523226871	5.20278363375
430.0	11.0	0.205834877214	7.92445998969
430.0	16.0	8.58697647272	5.4175774535
440.0	11.0	-0.0961825550989	8.18388319197
440.0	16.0	8.07512532611	5.63690580943
450.0	16.0	7.56306371439	5.85623416537
460.0	16.0	7.05121256778	6.07556252131
470.0	16.0	6.55114746731	6.29536819684
480.0	16.0	6.07886376131	6.51660583118
490.0	16.0	5.60658005531	6.73784346551
500.0	16.0	5.13429634931	6.95908109984
510.0	16.0	4.66053938755	7.16695378539
520.0	16.0	4.18088940271	7.32232131501
530.0	16.0	3.70123941787	7.47792750442
540.0	16.0	3.22158943304	7.63329503403
550.0	16.0	2.7419394482	7.78866256365
560.0	16.0	2.33763597261	7.98818215621
570.0	16.0	1.94175110141	8.19295226436
580.0	16.0	1.5458662302	8.39748371272
590.0	16.0	1.14998135899	8.60201516107
600.0	16.0	0.866484856328	8.81060382602
610.0	16.0	0.630974398657	9.02086310957
620.0	16.0	0.395463940986	9.23112239312
630.0	16.0	0.159953483315	9.44138167666
640.0	16.0	-0.0757674394652	9.65140230041
710.0	25.0	14.8697809253	4.68465320858
720.0	25.0	14.3185728032	4.82092795421
730.0	25.0	13.721272822	4.98440991702
740.0	25.0	13.0162147048	5.21113672674
750.0	25.0	12.3355705403	5.44406869126
760.0	25.0	11.7119624204	5.69155890357
770.0	25.0	11.0883543006	5.93904911587
780.0	25.0	10.4742171107	6.20778005035
790.0	25.0	9.86618340903	6.49059191301
800.0	25.0	9.25814970732	6.77340377567
810.0	25.0	8.63601484326	6.97674192502
820.0	25.0	8.01240672344	7.17124966179
830.0	25.0	7.38585209209	7.35072183117
840.0	25.0	6.74751141459	7.47005173103
850.0	25.0	6.1091707371	7.58938163089
860.0	25.0	5.47083005961	7.70632493275
870.0	25.0	4.83248938211	7.81419916222
880.0	25.0	4.19435916973	7.92207339169
890.0	25.0	3.56275337574	8.02875432216
900.0	25.0	2.99049874267	8.12565020084
910.0	25.0	2.41845457471	8.22254607953
920.0	25.0	1.84619994164	8.31944195821
930.0	25.0	1.38738600265	8.54402082974
940.0	25.0	0.941199970245	8.78268062945
950.0	25.0	0.625923236026	9.05308218253
960.0	25.0	0.507220914198	9.37145435535
970.0	25.0	0.388518592369	9.68958786837
980.0	25.0	0.26981627054	10.0077213814
990.0	25.0	0.151113948711	10.3260935542
1950.0	47.0	0.0616662771203	5.66769292359
1960.0	47.0	0.498170914484	5.79155735965
1970.0	47.0	0.934675551847	5.9151831359
1980.0	47.0	1.36297204993	6.01231767438
1990.0	47.0	1.75864645603	6.00277128239
2000.0	47.0	2.15432086213	5.9932248904
2010.0	47.0	2.53357898967	5.9968047874
2020.0	47.0	2.90610223371	6.00587385979
2030.0	47.0	3.27231152446	6.03045581916
2040.0	47.0	3.5837998867	6.19274448296
2050.0	47.0	3.89528824895	6.35503314677
2060.0	47.0	4.24950102845	6.53713057395
2070.0	47.0	4.63212659775	6.73235429012
2080.0	47.0	5.03011612005	6.9144517173
2090.0	47.0	5.4510463393	7.0767403811
2100.0	47.0	5.87197655855	7.23902904491
2110.0	47.0	6.33605212528	7.28461306665
2120.0	47.0	6.80475792441	7.31707079941
2130.0	47.0	7.23263349228	7.29344347924
2140.0	47.0	7.64304045605	7.2457115193
2150.0	47.0	8.09280439532	7.1588393522
2160.0	47.0	8.55961600847	7.05502233933
2170.0	47.0	9.03358343535	6.98032182202
2180.0	47.0	9.51849504792	6.94905738826
2190.0	47.0	10.0071950325	6.92877130528
2200.0	47.0	10.5291485043	7.00514244119
2210.0	47.0	11.0511019762	7.0815135771
2220.0	47.0	11.5583228904	7.2421316223
2230.0	47.0	12.0558624096	7.45931204004
2240.0	47.0	12.5296193713	7.6609795708
2250.0	47.0	12.9682286598	7.83997442059
2260.0	47.0	13.4066274831	8.01896927037
2270.0	47.0	13.9142693276	8.04713112674
2280.0	47.0	14.421911172	8.0750543233
2290.0	47.0	14.9293425513	8.10321617967
3260.0	70.0	-0.158269762438	3.89755318912
3270.0	70.0	0.34263719847	3.93860267467
3280.0	70.0	0.843333694269	3.97989082002
3290.0	70.0	1.34403019007	4.02094030557
3300.0	70.0	1.84788366251	4.0834691731
3310.0	70.0	2.35299992561	4.15506711301
3320.0	70.0	2.85811618871	4.22666505293
3330.0	70.0	3.37985919548	4.26174804348
3340.0	70.0	3.90896848107	4.28107948726
3350.0	70.0	4.43786730156	4.30041093104
3360.0	70.0	4.96697658716	4.31974237481
3370.0	70.0	5.49608587276	4.40828516051
3380.0	70.0	6.02540562347	4.497066606
3390.0	70.0	6.55451490907	4.58560939169
3400.0	70.0	7.0800462878	4.69205166237
3410.0	70.0	7.60199975967	4.81615475822
3420.0	70.0	8.12395323155	4.94025785407
3430.0	70.0	8.68526367892	4.93142744148
3440.0	70.0	9.24636366118	4.92259702889
3450.0	70.0	9.80641131789	4.9142439359
3460.0	70.0	10.3635124631	4.90732280171
3470.0	70.0	10.9206136082	4.90016300772
3480.0	70.0	11.4777147534	4.89324187352
3490.0	70.0	12.0672275255	4.86006816136
3500.0	70.0	12.6605286695	4.82379187181
3510.0	70.0	13.2536193484	4.78775424205
3520.0	70.0	13.8380809579	4.78847022145
3530.0	70.0	14.4168600093	4.81400682002
3540.0	70.0	14.9956390608	4.83978207839
4250.0	80.0	14.8704123206	4.84312331559
4260.0	80.0	14.3478274534	4.9171078535
4270.0	80.0	13.8254530513	4.99133105121
4280.0	80.0	13.2809798127	5.10970631186
4290.0	80.0	12.7038844821	5.29442899684
4300.0	80.0	12.1267891515	5.47915168182
4310.0	80.0	11.5509566116	5.67031818139
4320.0	80.0	10.977649653	5.87604292874
4330.0	80.0	10.4041322292	6.0817676761
4340.0	80.0	9.86471015326	6.31422232102
4350.0	80.0	9.37622063382	6.58701047209
4360.0	80.0	8.88773111438	6.85979862316
4370.0	80.0	8.41944624546	7.14070120743
4380.0	80.0	7.96484160867	7.42709296708
4390.0	80.0	7.50665906501	7.70346101515
4400.0	80.0	7.01543349915	7.88913833933
4410.0	80.0	6.53978235139	8.04164195134
4420.0	80.0	6.09969980717	8.11777442745
4430.0	80.0	5.65183005388	8.18603113017
4440.0	80.0	5.13366495399	8.18603113017
4450.0	80.0	4.6157103192	8.18603113017
4460.0	80.0	4.16363126372	8.19008834677
4470.0	80.0	3.77784871778	8.19796412016
4480.0	80.0	3.39206617183	8.20583989355
4490.0	80.0	3.0567952522	8.20345329555
4500.0	80.0	2.7724568891	8.19056566637
4510.0	80.0	2.48811852599	8.17767803718
4520.0	80.0	2.20356969778	8.164790408
4530.0	80.0	1.86808831304	8.10297751987
4540.0	80.0	1.51976855661	8.02875432216
4550.0	80.0	1.17144880018	7.95476978425
4560.0	80.0	0.826496485499	7.84975947238
4570.0	80.0	0.482175566152	7.74116926351
4580.0	80.0	0.137854646805	7.63281771444
4930.0	93.0	15.0903483602	9.09293836908
4940.0	93.0	14.8798832505	9.06644713131
4950.0	93.0	14.6694181409	9.03995589355
4960.0	93.0	14.4467460549	8.98363218081
4970.0	93.0	14.1952402489	8.85761980656
4980.0	93.0	13.943944908	8.73160743232
4990.0	93.0	13.692439102	8.60559505807
5000.0	93.0	13.4836577133	8.40607546551
5010.0	93.0	13.2927658588	8.17481411958
5020.0	93.0	13.1020844695	7.94355277366
5020.0	94.0	14.7887518581	5.38965425693
5030.0	93.0	12.8533147099	7.71372338654
5030.0	94.0	14.1853483888	5.38177848354
5040.0	93.0	12.5464565801	7.48508729841
5040.0	94.0	13.5819449195	5.37390271015
5050.0	93.0	12.237072869	7.26766822087
5050.0	94.0	13.0124263328	5.40230322631
5060.0	93.0	11.9062217166	7.15406615621
5060.0	94.0	12.4767926288	5.46745735164
5070.0	93.0	11.5755810294	7.04046409155
5070.0	94.0	11.9323193902	5.54693106494
5080.0	93.0	11.2247356917	7.04046409155
5080.0	94.0	11.367431036	5.66005581
5090.0	93.0	10.874100819	7.04046409155
5090.0	94.0	10.7758136128	5.71781148153
5100.0	93.0	10.5232554813	7.04046409155
5100.0	94.0	10.144418284	5.69275220256
5110.0	93.0	10.2351287462	7.03425893675
5110.0	94.0	9.51723225727	5.63237127324
5120.0	93.0	9.97415201026	7.02542852416
5120.0	94.0	8.89425553277	5.53690735335
5130.0	93.0	9.71296480922	7.01659811158
5130.0	94.0	8.27127880828	5.44144343347
5140.0	93.0	9.45177760817	7.00776769899
5140.0	94.0	7.66261371125	5.40278054591
5150.0	93.0	9.19080087224	6.9989372864
5150.0	94.0	7.05394861421	5.36411765836
5160.0	93.0	8.91382878797	7.00943831758
5160.0	94.0	6.44528351717	5.32545477081
5170.0	93.0	8.60065670485	7.06480739112
5170.0	94.0	5.83430330393	5.30087281144
5180.0	93.0	8.28748462172	7.12041512445
5180.0	94.0	5.21806146295	5.30922590443
5190.0	93.0	7.97410207349	7.17578419798
5190.0	94.0	4.60160915685	5.31781765722
5200.0	93.0	7.66092999037	7.23139193132
5200.0	94.0	4.02240917516	5.39084755593
5210.0	93.0	7.38564162698	7.21301512674
5210.0	94.0	3.48025105277	5.52831560056
5220.0	93.0	7.1105637287	7.19463832216
5220.0	94.0	2.93830339548	5.6655449854
5230.0	93.0	6.83527536531	7.17626151758
5230.0	94.0	2.39235690111	5.76769137967
5240.0	93.0	6.55998700192	7.15788471301
5240.0	94.0	1.83104645374	5.72783519312
5250.0	93.0	6.28490910364	7.13950790843
5250.0	94.0	1.26973600637	5.68797900657
5260.0	93.0	5.95784632328	7.10657285607
5260.0	94.0	0.677697652994	5.56554652932
5270.0	93.0	5.61773470612	7.06981924691
5270.0	94.0	0.0778720905614	5.42235064949
5280.0	93.0	5.27783355408	7.03306563776
5290.0	93.0	4.93793240203	6.9963120286
5300.0	93.0	4.611501017	6.9130197585
5310.0	93.0	4.28696381796	6.82423831301
5320.0	93.0	3.96221615381	6.73569552731
5330.0	93.0	3.62652430396	6.65311923661
5340.0	93.0	3.27441617555	6.5796120183
5350.0	93.0	2.92230804715	6.50634345979
5360.0	93.0	2.57019991875	6.43283624148
5360.0	99.0	0.182052319826	5.21304600514
5370.0	93.0	2.21788132523	6.35932902316
5370.0	99.0	0.776826719628	5.26507384148
5380.0	93.0	1.87061389435	6.28271922746
5380.0	99.0	1.37160111943	5.31686301802
5390.0	93.0	1.54249878845	6.19393778196
5390.0	99.0	1.96700691456	5.35290064777
5400.0	93.0	1.21417321743	6.10491767667
5400.0	99.0	2.56220224458	5.38679033933
5410.0	93.0	0.886058111523	6.01589757138
5410.0	99.0	3.15760803971	5.42091869069
5420.0	93.0	0.557943005617	5.92687746608
5420.0	99.0	3.75280336973	5.43881817567
5430.0	93.0	0.229827899711	5.83785736079
5430.0	99.0	4.34820916486	5.43189704148
5440.0	93.0	-0.0984976713047	5.7488372555
5440.0	99.0	4.94361495999	5.42497590729
5450.0	99.0	5.53881029002	5.41829343289
5460.0	99.0	6.19188352518	5.51781456937
5470.0	99.0	6.85127071364	5.62926869584
5480.0	99.0	7.51086836721	5.74048416251
5490.0	99.0	8.1273206733	5.86578055736
5500.0	99.0	8.73893228187	5.99250891101
5510.0	99.0	9.35054389044	6.11947592445
5520.0	99.0	9.94237177871	6.23379396852
5530.0	99.0	10.5255705975	6.34286149698
5540.0	99.0	11.1089798814	6.45192902545
5550.0	99.0	11.6991240488	6.53283469756
5560.0	99.0	12.3164182153	6.50109294419
5570.0	99.0	12.9337123818	6.46935119083
5580.0	99.0	13.5453239904	6.4108795399
5590.0	99.0	14.1331530416	6.2462042781
5600.0	99.0	14.7209820928	6.0817676761
5610.0	99.0	15.3088111439	5.9170924143
5630.0	104.0	13.6859146836	12.1160420521
5640.0	104.0	13.594572826	11.7976698792
5650.0	104.0	13.5034414336	11.4795363662
5660.0	104.0	13.4270425988	11.1439806878
5670.0	104.0	13.3729530656	10.7826497511
5680.0	104.0	13.3188635324	10.4213188143
5690.0	104.0	13.2647739993	10.0597492177
5700.0	104.0	13.1780623741	9.73994508611
5710.0	104.0	13.0879833072	9.42443683088
5720.0	104.0	12.9913798219	9.11322445206
5730.0	104.0	12.8375298267	8.83781104319
5740.0	104.0	12.6836798316	8.56239763432
5750.0	104.0	12.5226740227	8.32922701
5760.0	104.0	12.354301935	8.13829917023
5770.0	104.0	12.2656961239	7.97815844462
5780.0	104.0	12.2570670544	7.84904349298
5790.0	104.0	12.2572775195	7.72326977853
5800.0	104.0	12.3399903076	7.62947647724
5810.0	104.0	12.4227030956	7.53568317595
5820.0	104.0	12.5527705334	7.4113414203
5830.0	104.0	12.7933321537	7.21516306494
5840.0	104.0	13.033893774	7.01922336937
5850.0	104.0	13.3540112057	6.88939243833
5860.0	104.0	13.753894914	6.8256702718
5870.0	104.0	14.1537786223	6.76194810528
5880.0	104.0	14.5536623306	6.71230686694
5890.0	104.0	14.9535460389	6.67650789698
5900.0	104.0	15.3534297472	6.64070892703
