0.0	9.0	1.16	-8.54
10.0	9.0	1.18	-9.17
1240.0	51.0	0.92	3.06
1250.0	51.0	1.01	2.49
1260.0	51.0	1.03	1.91
1270.0	51.0	1.02	1.33
1280.0	51.0	1.09	0.7
1290.0	51.0	1.08	0.07
1300.0	51.0	1.12	-0.52
1310.0	51.0	1.16	-1.15
1320.0	51.0	1.18	-1.79
1330.0	51.0	1.3	-2.42
1340.0	51.0	1.52	-3.16
1350.0	51.0	1.52	-3.83
1360.0	51.0	1.61	-4.39
1370.0	51.0	1.6	-5.09
1380.0	51.0	1.63	-5.78
1840.0	60.0	1.04	4.06
1850.0	60.0	0.95	3.5
1860.0	60.0	1.0	3.04
1870.0	60.0	1.04	2.63
1880.0	60.0	1.02	2.21
1890.0	60.0	1.07	1.88
1900.0	60.0	1.08	1.61
1910.0	60.0	1.06	1.33
1920.0	60.0	0.98	1.12
1930.0	60.0	0.98	0.9
1940.0	60.0	0.98	0.59
1950.0	60.0	1.03	0.28
1960.0	60.0	0.94	-0.04
1970.0	60.0	0.88	-0.34
1980.0	60.0	0.93	-0.57
1990.0	60.0	0.83	-0.74
2770.0	72.0	1.95	3.46
2780.0	72.0	1.86	2.86
2790.0	72.0	1.83	2.27
2800.0	72.0	1.79	1.72
2810.0	72.0	1.75	1.16
2820.0	72.0	1.79	0.55
2830.0	72.0	1.8	-0.06
2840.0	72.0	1.79	-0.66
2840.0	80.0	1.48	-9.33
2850.0	72.0	1.79	-1.27
2850.0	80.0	1.48	-9.33
2860.0	72.0	1.69	-1.91
2860.0	80.0	1.48	-9.33
2870.0	72.0	1.6	-2.54
2870.0	80.0	1.48	-9.33
2880.0	72.0	1.49	-3.15
2880.0	80.0	1.48	-9.33
2890.0	72.0	1.35	-3.77
2890.0	80.0	1.48	-9.33
2900.0	72.0	1.29	-4.42
2900.0	80.0	1.48	-9.33
2910.0	72.0	1.2	-5.06
2910.0	80.0	1.48	-9.33
2920.0	72.0	1.09	-5.73
2920.0	80.0	1.48	-9.33
2930.0	72.0	0.99	-6.42
2930.0	80.0	1.48	-9.33
2940.0	72.0	0.83	-7.1
2940.0	80.0	1.48	-9.33
2950.0	72.0	0.76	-7.76
2950.0	80.0	1.48	-9.33
2960.0	72.0	0.75	-8.58
2960.0	80.0	1.48	-9.33
2970.0	72.0	0.7	-9.28
2970.0	80.0	1.48	-9.33
2980.0	72.0	0.85	-9.9
2980.0	80.0	1.5	-9.33
3410.0	89.0	1.83	-0.49
3420.0	89.0	1.88	-0.98
3430.0	89.0	1.89	-1.47
3440.0	89.0	2.0	-1.98
3450.0	89.0	2.1	-2.49
3460.0	89.0	2.18	-3.05
3470.0	89.0	2.3	-3.59
3480.0	89.0	2.4	-4.11
3490.0	89.0	2.46	-4.65
3500.0	89.0	2.56	-5.13
3510.0	89.0	2.59	-5.51
3520.0	89.0	2.67	-6.11
3530.0	89.0	2.81	-6.63
3540.0	89.0	2.79	-7.16
3550.0	89.0	2.9	-7.65
3560.0	89.0	2.9	-8.18
3570.0	89.0	2.89	-8.73
3580.0	89.0	2.86	-9.35
4000.0	97.0	1.22	3.29
4000.0	102.0	1.37	-9.2
4010.0	97.0	1.26	2.92
4010.0	102.0	1.37	-9.2
4020.0	97.0	1.33	2.57
4020.0	102.0	1.37	-9.2
4030.0	97.0	1.34	2.2
4030.0	102.0	1.38	-9.18
4040.0	97.0	1.32	1.84
4040.0	102.0	1.38	-9.18
4050.0	97.0	1.31	1.45
4050.0	102.0	1.38	-9.18
4060.0	97.0	1.24	1.04
4060.0	102.0	1.38	-9.18
4070.0	97.0	1.16	0.67
4070.0	102.0	1.38	-9.18
4080.0	97.0	1.06	0.21
4080.0	102.0	1.38	-9.18
4090.0	97.0	1.03	-0.23
4090.0	102.0	1.38	-9.18
4100.0	97.0	1.03	-0.59
4100.0	102.0	1.38	-9.18
4110.0	97.0	1.04	-1.03
4110.0	102.0	1.38	-9.18
4120.0	97.0	1.01	-1.61
4120.0	102.0	1.38	-9.18
4130.0	97.0	1.05	-2.07
4130.0	102.0	1.38	-9.18
4140.0	97.0	1.1	-2.52
4140.0	102.0	1.38	-9.18
4150.0	97.0	1.17	-2.99
4150.0	102.0	1.38	-9.18
4160.0	97.0	1.24	-3.42
4160.0	102.0	1.38	-9.18
4170.0	97.0	1.32	-4.01
4170.0	102.0	1.38	-9.18
4180.0	97.0	1.33	-4.47
4180.0	102.0	1.38	-9.18
4190.0	97.0	1.43	-4.96
4190.0	102.0	1.38	-9.18
4200.0	97.0	1.45	-5.4
4200.0	102.0	1.38	-9.18
4210.0	97.0	1.49	-5.88
4210.0	102.0	1.38	-9.18
4220.0	97.0	1.66	-6.36
4220.0	102.0	1.38	-9.18
4230.0	97.0	1.86	-6.8
4230.0	102.0	1.38	-9.18
4240.0	97.0	1.95	-7.26
4240.0	102.0	1.38	-9.18
4250.0	97.0	2.17	-7.81
4250.0	102.0	1.38	-9.18
4260.0	97.0	2.32	-8.25
4260.0	102.0	1.41	-9.18
4430.0	104.0	1.34	-9.22
4440.0	104.0	1.34	-9.22
4450.0	104.0	1.34	-9.22
4460.0	104.0	1.34	-9.22
4470.0	104.0	1.34	-9.22
4480.0	104.0	1.34	-9.2
4490.0	104.0	1.34	-9.2
4500.0	104.0	1.34	-9.2
4510.0	104.0	1.34	-9.22
4520.0	104.0	1.34	-9.22
4530.0	104.0	1.34	-9.22
4540.0	104.0	1.34	-9.22
4550.0	104.0	1.34	-9.22
4560.0	104.0	1.34	-9.22
4570.0	104.0	1.34	-9.22
4580.0	104.0	1.34	-9.22
4590.0	104.0	1.34	-9.2
4600.0	104.0	1.32	-9.2
4610.0	104.0	1.3	-9.18
4620.0	104.0	1.29	-9.16
4630.0	104.0	1.27	-9.16
4640.0	104.0	1.21	-9.24
4650.0	104.0	1.14	-9.23
4660.0	104.0	1.11	-9.23
4670.0	104.0	1.09	-9.23
4680.0	104.0	1.13	-9.19
4690.0	104.0	1.2	-9.12
4700.0	104.0	1.36	-9.23
4710.0	104.0	1.4	-9.28
4720.0	104.0	1.4	-9.36
4730.0	104.0	1.37	-9.31
4740.0	104.0	1.37	-9.32
4750.0	104.0	1.32	-9.34
4760.0	104.0	1.39	-9.34
4770.0	104.0	1.4	-9.34
4780.0	104.0	1.42	-9.29
4790.0	104.0	1.41	-9.28
4800.0	104.0	1.42	-9.28
4810.0	104.0	1.41	-9.27
4820.0	104.0	1.43	-9.26
4830.0	104.0	1.41	-9.23
4840.0	104.0	1.44	-9.26
4850.0	104.0	1.43	-9.25
4860.0	104.0	1.43	-9.28
4870.0	104.0	1.41	-9.27
4880.0	104.0	1.38	-9.24
4890.0	104.0	1.36	-9.24
4900.0	104.0	1.29	-9.24
4910.0	104.0	1.38	-9.28
4920.0	104.0	1.36	-9.24
4930.0	104.0	1.35	-9.26
4940.0	104.0	1.31	-9.19
4950.0	104.0	1.3	-9.18
4960.0	104.0	1.3	-9.18
4970.0	104.0	1.3	-9.18
4980.0	104.0	1.3	-9.18
4990.0	104.0	1.3	-9.18
5000.0	104.0	1.3	-9.18
5010.0	104.0	1.33	-9.25
5240.0	117.0	-1.47	-3.14
5250.0	117.0	-1.47	-3.14
5260.0	117.0	-1.47	-3.14
5270.0	117.0	-1.47	-3.14
5280.0	117.0	-1.36	-3.1
5290.0	117.0	-1.24	-3.14
5300.0	117.0	-1.27	-3.14
5310.0	117.0	-1.25	-3.11
5320.0	117.0	-1.22	-3.14
5330.0	117.0	-1.28	-3.14
5340.0	117.0	-1.22	-3.09
5350.0	117.0	-1.21	-3.09
5360.0	117.0	-1.16	-3.11
5370.0	117.0	-1.35	-3.11
5680.0	122.0	2.7	-8.14
5690.0	122.0	2.78	-7.37
5700.0	122.0	2.79	-6.6
5710.0	122.0	2.77	-5.79
5720.0	122.0	2.82	-5.0
5730.0	122.0	2.83	-4.19
5740.0	122.0	2.89	-3.37
5750.0	122.0	2.88	-2.58
5760.0	122.0	2.79	-1.71
5770.0	122.0	2.81	-0.86
5780.0	122.0	2.75	-0.1
5790.0	122.0	2.73	0.67
5800.0	122.0	2.69	1.41
5810.0	122.0	2.68	2.15
6800.0	137.0	3.29	-3.01
6810.0	137.0	3.08	-3.48
6820.0	137.0	2.86	-3.93
6830.0	137.0	2.61	-4.34
6840.0	137.0	2.43	-4.79
6850.0	137.0	2.26	-5.22
6860.0	137.0	2.1	-5.62
6870.0	137.0	2.08	-6.08
6880.0	137.0	2.13	-6.5
6890.0	137.0	2.11	-6.97
6900.0	137.0	2.17	-7.44
6910.0	137.0	2.22	-7.88
6920.0	137.0	2.23	-8.43
6930.0	137.0	2.32	-8.87
6980.0	147.0	3.73	-6.76
6990.0	147.0	3.72	-6.89
7000.0	147.0	3.73	-6.8
7010.0	147.0	3.67	-6.47
9260.0	174.0	0.95	1.71
9270.0	174.0	0.96	1.25
9280.0	174.0	0.95	0.75
9290.0	174.0	1.0	0.25
9300.0	174.0	0.99	-0.25
9310.0	174.0	0.97	-0.75
9320.0	174.0	1.04	-1.28
9330.0	174.0	1.02	-1.8
9340.0	174.0	1.01	-2.3
9350.0	174.0	1.03	-2.84
9360.0	174.0	0.96	-3.38
9370.0	174.0	0.97	-3.92
9380.0	174.0	0.99	-4.48
9390.0	174.0	0.95	-5.03
9400.0	174.0	0.99	-5.57
9410.0	174.0	1.05	-6.07
9420.0	174.0	1.0	-6.55
9430.0	174.0	0.98	-7.08
9440.0	174.0	0.94	-7.57
9450.0	174.0	0.83	-8.09
9460.0	174.0	0.8	-8.61
9510.0	197.0	0.8	-6.49
9510.0	198.0	-1.31	-2.43
9520.0	197.0	0.72	-7.17
9520.0	198.0	-1.48	-2.32
9530.0	197.0	0.68	-7.88
9530.0	198.0	-1.54	-2.14
9540.0	197.0	0.61	-8.45
9540.0	198.0	-1.7	-2.01
9550.0	197.0	0.49	-9.09
9610.0	204.0	-0.12	-5.85
9620.0	204.0	-0.12	-5.85
9630.0	204.0	-0.43	-6.03
9640.0	204.0	-0.62	-6.04
9650.0	204.0	-0.9	-5.92
9660.0	204.0	-1.1	-5.88
9670.0	204.0	-1.24	-5.88
9680.0	204.0	-1.36	-5.8
9690.0	204.0	-1.45	-5.69
9700.0	204.0	-1.46	-5.68
9710.0	204.0	-1.46	-5.68
9720.0	204.0	-1.44	-5.68
9730.0	204.0	-1.44	-5.68
9740.0	204.0	-1.44	-5.68
9750.0	204.0	-1.44	-5.68
9760.0	204.0	-1.44	-5.68
9770.0	204.0	-1.44	-5.68
9780.0	204.0	-1.44	-5.68
9790.0	204.0	-1.44	-5.68
9800.0	204.0	-1.44	-5.68
9810.0	204.0	-1.44	-5.68
9820.0	204.0	-1.44	-5.68
9830.0	204.0	-1.44	-5.68
9840.0	204.0	-1.44	-5.68
9850.0	204.0	-1.44	-5.68
9860.0	204.0	-1.44	-5.68
9870.0	204.0	-1.44	-5.68
9880.0	204.0	-1.44	-5.68
9890.0	204.0	-1.44	-5.68
9900.0	204.0	-1.44	-5.68
9910.0	204.0	-1.44	-5.68
9920.0	217.0	-1.42	-5.68
9930.0	217.0	-1.42	-5.68
9940.0	217.0	-1.42	-5.68
9950.0	217.0	-1.42	-5.68
9960.0	217.0	-1.42	-5.68
9970.0	217.0	-1.42	-5.68
9980.0	217.0	-1.42	-5.68
9980.0	218.0	3.58	3.17
9990.0	217.0	-1.42	-5.68
9990.0	218.0	3.51	2.52
10080.0	226.0	1.62	-9.94
10090.0	226.0	1.72	-9.5
10100.0	226.0	1.71	-8.99
10110.0	226.0	1.7	-8.5
10120.0	226.0	1.64	-8.02
10130.0	226.0	1.5	-7.49
10140.0	226.0	1.45	-6.96
10150.0	226.0	1.4	-6.46
10160.0	226.0	1.31	-5.96
10170.0	226.0	1.27	-5.46
10180.0	226.0	1.21	-4.99
10190.0	226.0	1.12	-4.52
10200.0	226.0	1.1	-4.04
10210.0	226.0	0.97	-3.58
10220.0	226.0	0.85	-3.14
10230.0	226.0	0.76	-2.65
10240.0	226.0	0.67	-2.19
10250.0	226.0	0.67	-1.75
10260.0	226.0	0.74	-1.28
10270.0	226.0	0.81	-0.75
10280.0	226.0	0.96	-0.34
10290.0	226.0	1.12	0.22
10300.0	226.0	1.25	0.73
10310.0	226.0	1.45	1.21
10320.0	226.0	1.58	1.69
10370.0	235.0	4.0	-9.3
10380.0	235.0	4.02	-8.91
10390.0	235.0	4.04	-8.55
10400.0	235.0	3.97	-8.19
10410.0	235.0	3.92	-7.87
10420.0	235.0	3.98	-7.55
10430.0	235.0	3.94	-7.21
10440.0	235.0	3.87	-6.89
10450.0	235.0	3.95	-6.5
10460.0	235.0	3.89	-6.17
10470.0	235.0	3.81	-5.81
10480.0	235.0	3.82	-5.41
10490.0	235.0	3.83	-4.95
10500.0	235.0	3.77	-4.52
10510.0	235.0	3.81	-4.12
10520.0	235.0	3.83	-3.76
10530.0	235.0	3.81	-3.39
10540.0	235.0	3.82	-3.02
10550.0	235.0	3.82	-2.65
10560.0	235.0	3.8	-2.26
10570.0	235.0	3.75	-1.88
10570.0	241.0	0.95	4.15
10570.0	243.0	2.73	-9.7
10580.0	235.0	3.75	-1.46
10580.0	241.0	0.86	4.23
10580.0	243.0	2.74	-8.97
10590.0	235.0	3.68	-1.09
10590.0	243.0	2.8	-8.27
10600.0	235.0	3.64	-0.75
10600.0	243.0	2.83	-7.58
10610.0	235.0	3.66	-0.29
10610.0	243.0	2.78	-6.92
10620.0	235.0	3.61	-0.0
10620.0	243.0	2.82	-6.25
10630.0	235.0	3.55	0.37
10630.0	243.0	2.8	-5.56
10640.0	235.0	3.57	0.73
10640.0	243.0	2.92	-4.67
10650.0	235.0	3.51	1.04
10650.0	243.0	2.79	-4.13
10660.0	235.0	3.39	1.34
10660.0	243.0	2.87	-3.23
10670.0	235.0	3.41	1.75
10670.0	243.0	2.74	-2.49
10680.0	235.0	3.44	2.12
10680.0	243.0	2.62	-1.82
10690.0	235.0	3.41	2.47
10690.0	243.0	2.58	-1.15
10700.0	235.0	3.47	2.83
10700.0	243.0	2.49	-0.54
10710.0	235.0	3.51	3.19
10710.0	243.0	2.4	0.05
10720.0	235.0	3.47	3.55
10720.0	243.0	2.43	0.6
10730.0	235.0	3.52	3.72
10730.0	243.0	2.44	1.1
10740.0	243.0	2.48	1.55
10750.0	243.0	2.62	2.03
10790.0	258.0	1.73	2.53
10800.0	258.0	1.71	1.92
10810.0	258.0	1.79	1.25
10820.0	258.0	1.84	0.65
10830.0	258.0	1.92	0.22
10840.0	258.0	2.03	-0.48
10850.0	258.0	2.09	-1.06
10900.0	261.0	1.27	3.92
10910.0	261.0	1.35	3.26
10920.0	261.0	1.41	2.68
10930.0	261.0	1.47	2.08
10940.0	261.0	1.68	1.46
10950.0	261.0	1.79	0.85
10960.0	261.0	1.89	0.26
10970.0	261.0	2.05	-0.34
10980.0	261.0	2.07	-0.95
10990.0	261.0	2.14	-1.59
11000.0	261.0	2.11	-2.24
11010.0	261.0	2.04	-2.91
11020.0	261.0	2.08	-3.59
11030.0	261.0	2.04	-4.29
11040.0	261.0	2.1	-4.96
11050.0	261.0	2.15	-5.64
11060.0	261.0	2.06	-6.31
11070.0	261.0	2.06	-7.01
11080.0	261.0	1.93	-7.66
11090.0	261.0	1.77	-8.3
11350.0	266.0	-0.83	2.36
11360.0	266.0	-0.83	2.36
11370.0	266.0	-0.83	2.36
11380.0	266.0	-0.83	2.36
11390.0	266.0	-0.83	2.36
11400.0	266.0	-0.83	2.36
11410.0	266.0	-0.83	2.36
11420.0	266.0	-0.83	2.36
11430.0	266.0	-0.83	2.36
11440.0	266.0	-0.83	2.36
11450.0	266.0	-0.83	2.36
11460.0	266.0	-0.83	2.36
11470.0	266.0	-0.83	2.36
11480.0	266.0	-0.83	2.36
11490.0	266.0	-0.83	2.36
11500.0	266.0	-0.83	2.36
11510.0	266.0	-0.83	2.36
11520.0	266.0	-0.83	2.36
11530.0	266.0	-0.83	2.36
11540.0	266.0	-0.83	2.36
11770.0	276.0	2.12	0.66
11780.0	276.0	2.04	1.3
11790.0	276.0	2.05	1.9
11790.0	282.0	3.5	-8.7
11800.0	276.0	2.03	2.46
11800.0	282.0	3.52	-8.11
11810.0	276.0	1.99	3.06
11810.0	282.0	3.56	-7.49
11820.0	276.0	2.1	3.66
11820.0	282.0	3.62	-6.81
11830.0	282.0	3.62	-6.19
11840.0	282.0	3.62	-5.57
11850.0	282.0	3.62	-4.94
11860.0	282.0	3.63	-4.37
11870.0	282.0	3.44	-3.71
11880.0	282.0	3.35	-3.11
11890.0	282.0	3.22	-2.52
11900.0	282.0	3.11	-1.94
11910.0	282.0	3.08	-1.35
11920.0	282.0	3.05	-0.75
11930.0	282.0	3.05	-0.17
11940.0	282.0	3.08	0.52
11950.0	282.0	3.08	1.12
11960.0	282.0	3.11	1.67
11970.0	282.0	3.12	2.23
11980.0	282.0	3.1	2.8
11990.0	282.0	3.09	3.3
12790.0	299.0	3.46	-7.18
12790.0	300.0	2.36	-8.39
12800.0	299.0	3.5	-6.4
12800.0	300.0	2.4	-7.62
12810.0	299.0	3.52	-5.63
12810.0	300.0	2.46	-6.88
12820.0	299.0	3.51	-4.88
12820.0	300.0	2.53	-6.24
12830.0	299.0	3.48	-4.14
12830.0	300.0	2.59	-5.47
12840.0	299.0	3.27	-3.44
12840.0	300.0	2.55	-4.73
12850.0	299.0	3.01	-2.77
12850.0	300.0	2.55	-3.96
12860.0	299.0	2.59	-2.09
12860.0	300.0	2.56	-3.21
12870.0	299.0	2.05	-1.64
12870.0	300.0	2.46	-2.5
12880.0	299.0	1.54	-1.14
12880.0	300.0	2.54	-1.69
12890.0	299.0	1.0	-0.72
12890.0	300.0	2.52	-0.88
12900.0	299.0	0.38	-0.24
12900.0	300.0	2.55	-0.22
12910.0	299.0	-0.27	0.21
12910.0	300.0	2.61	0.6
12920.0	299.0	-0.91	0.61
12920.0	300.0	2.64	1.35
12930.0	299.0	-1.46	1.04
12930.0	300.0	2.71	2.03
12940.0	299.0	-2.0	1.45
12940.0	300.0	2.76	2.71
12950.0	299.0	-2.48	1.84
12960.0	299.0	-3.06	2.21
13490.0	324.0	1.68	1.09
13500.0	324.0	1.73	0.43
13510.0	324.0	1.72	-0.28
13520.0	324.0	1.69	-0.92
13530.0	324.0	1.71	-1.63
13540.0	324.0	1.66	-2.32
13550.0	324.0	1.69	-3.0
13560.0	324.0	1.81	-3.7
13570.0	324.0	1.66	-4.36
13580.0	324.0	1.7	-5.1
13590.0	324.0	1.67	-5.83
14160.0	330.0	0.8	0.05
14170.0	330.0	0.75	-0.57
14180.0	330.0	0.72	-1.15
14190.0	330.0	0.73	-1.77
14200.0	330.0	0.72	-2.41
14210.0	330.0	0.8	-3.17
14220.0	330.0	0.81	-3.74
14230.0	330.0	0.83	-4.32
14240.0	330.0	0.92	-5.01
14250.0	330.0	0.94	-5.71
14260.0	330.0	0.82	-6.26
14270.0	330.0	0.79	-6.84
14280.0	330.0	0.71	-7.41
14290.0	330.0	0.67	-8.04
