680.0	10.0	15.159170451	8.38889195993
690.0	10.0	14.4715809379	8.50822185978
700.0	10.0	13.7839914247	8.62755175964
710.0	10.0	13.0966123767	8.7468816595
720.0	10.0	12.4384879789	8.84640279598
730.0	10.0	11.7837310228	8.94353733446
740.0	10.0	11.1224496484	9.03733063575
750.0	10.0	10.4348601352	9.11680434905
760.0	10.0	9.74727062209	9.19627806236
770.0	10.0	9.06704738778	9.28458218825
780.0	10.0	8.41523694327	9.4077306449
790.0	10.0	7.76342649876	9.53087910156
800.0	10.0	7.10972186826	9.6597553934
810.0	10.0	6.43896956388	9.83875024319
820.0	10.0	5.7680067944	10.017745093
830.0	10.0	5.09725449002	10.1967399428
840.0	10.0	4.41618939527	10.3998394323
850.0	10.0	3.73386150987	10.6055641797
860.0	10.0	3.05174408957	10.811288927
870.0	10.0	2.40624759835	10.9384946003
880.0	10.0	1.76096157224	11.0659389333
890.0	10.0	1.11546508102	11.1931446066
900.0	10.0	0.536686029545	11.3840724463
910.0	10.0	-0.0420930219251	11.5750002861
1230.0	25.0	3.84940685505	4.59014392789
1240.0	25.0	4.03924638393	4.66842434219
1250.0	25.0	4.22887544771	4.7467047565
1260.0	25.0	4.41871497659	4.82474651101
1270.0	25.0	4.60855450547	4.90302692531
1280.0	25.0	4.79818356924	4.98130733962
1290.0	25.0	4.98802309813	5.05958775393
1300.0	25.0	5.22542774178	5.10015991988
1310.0	23.0	14.9392344114	5.15505167381
1310.0	25.0	5.46262192033	5.14073208583
1320.0	23.0	14.4997832625	5.15505167381
1320.0	25.0	5.70002656399	5.18154291158
1330.0	23.0	14.0603321136	5.15505167381
1330.0	25.0	5.93743120765	5.22211507753
1340.0	23.0	13.6208809647	5.15505167381
1340.0	25.0	6.17525678152	5.29108775965
1350.0	23.0	13.1763786532	5.1662686844
1350.0	25.0	6.41434514606	5.42688518568
1360.0	23.0	12.730613551	5.18034961258
1360.0	25.0	6.6536439757	5.56244395192
1370.0	23.0	12.285058914	5.19443054076
1370.0	25.0	6.89273234024	5.69800271816
1380.0	23.0	11.8491856719	5.18941868497
1380.0	25.0	7.13182070477	5.8335614844
1390.0	23.0	11.4282554527	5.15648363261
1390.0	25.0	7.36101720915	5.94262901286
1400.0	23.0	11.0073252334	5.12330992045
1400.0	25.0	7.58895092288	6.04859396394
1410.0	23.0	10.5863950142	5.09013620829
1410.0	25.0	7.81709510171	6.15479757481
1420.0	23.0	10.1823020037	5.03094857796
1420.0	25.0	8.02145672316	6.25169345349
1430.0	23.0	9.78241829539	4.96531713304
1430.0	25.0	8.1710974161	6.3271099502
1440.0	23.0	9.38253458711	4.89968568812
1440.0	25.0	8.32052764394	6.40228778711
1450.0	23.0	8.98265087882	4.8340542432
1450.0	25.0	8.47016833688	6.47770428382
1460.0	23.0	8.57897879856	4.76699083948
1460.0	25.0	8.61096949522	6.54596098654
1470.0	23.0	8.17404392764	4.69968877596
1470.0	25.0	8.74314158406	6.60705789527
1480.0	23.0	7.76931952183	4.63238671244
1480.0	25.0	8.87531367291	6.66815480399
1490.0	23.0	7.36459511602	4.56508464892
1490.0	25.0	9.00748576175	6.72901305292
1500.0	23.0	6.91041140944	4.53024031816
1500.0	25.0	9.10051134021	6.78080222946
1510.0	23.0	6.45075561002	4.4987372246
1510.0	25.0	9.03800320265	6.79488315764
1520.0	23.0	5.9910998106	4.46723413104
1520.0	25.0	8.97528459998	6.80920274562
1530.0	23.0	5.53460098782	4.43716299627
1530.0	25.0	8.91277646242	6.82328367381
1540.0	23.0	5.10798821061	4.4178315525
1540.0	25.0	8.85005785975	6.83760326179
1550.0	23.0	4.6813754334	4.39850010872
1550.0	25.0	8.78733925709	6.85192284977
1560.0	23.0	4.25476265619	4.37916866494
1560.0	25.0	8.72483111953	6.86600377796
1560.0	27.0	9.76642294706	9.21680280513
1570.0	23.0	3.82814987898	4.35721196337
1570.0	25.0	8.66211251686	6.88032336594
1570.0	27.0	9.76894852838	9.16859352559
1580.0	23.0	3.40153710177	4.331436705
1580.0	25.0	8.5996043793	6.89440429412
1580.0	27.0	9.77126364458	9.12038424605
1590.0	23.0	2.97492432456	4.30566144663
1590.0	25.0	8.45669856986	6.85765068497
1590.0	27.0	9.77357876079	9.07193630671
1600.0	23.0	2.54831154735	4.27964752846
1600.0	25.0	8.29400904012	6.80800944663
1600.0	27.0	9.775893877	9.02372702717
1610.0	23.0	2.13558946737	4.30255886923
1610.0	25.0	8.13110904527	6.75860686809
1610.0	27.0	9.77841945831	8.97551774762
1620.0	23.0	1.72854994535	4.34647227238
1620.0	25.0	7.96820905042	6.70896562974
1620.0	27.0	9.78073457452	8.92730846808
1630.0	23.0	1.32172088845	4.39014701573
1630.0	25.0	7.80551952068	6.6595630512
1630.0	27.0	9.78304969072	8.87886052874
1640.0	23.0	0.914891831542	4.43382175908
1640.0	25.0	7.69544626835	6.55526871873
1640.0	27.0	9.78536480693	8.8306512492
1650.0	23.0	0.507852309526	4.47773516222
1650.0	25.0	7.63798929342	6.39608263232
1650.0	27.0	9.67487062438	8.60511773847
1660.0	23.0	0.10102325262	4.52140990557
1660.0	25.0	7.58053231849	6.23689654591
1660.0	27.0	9.45114621284	8.20249865635
1670.0	25.0	7.54664743584	6.06028829412
1670.0	27.0	9.18532877939	7.65596771501
1680.0	25.0	7.6068404572	5.81303674162
1680.0	27.0	8.97339041399	7.06552337052
1690.0	25.0	7.66703347855	5.56578518912
1690.0	27.0	8.8203822793	6.44715582946
1700.0	25.0	7.70765324471	5.31423776022
1700.0	27.0	8.68968344622	5.85599550557
1710.0	25.0	7.71943929085	5.05553053733
1710.0	27.0	8.61075903011	5.3290346678
1720.0	25.0	7.73101487187	4.79706197424
1720.0	27.0	8.531834614	4.80207383003
1730.0	25.0	7.74280091801	4.53859341115
1730.0	27.0	8.47437763907	4.39444289212
1740.0	25.0	7.64830208379	4.40088670672
1740.0	27.0	8.41944624546	4.000176903
1750.0	25.0	7.52728464576	4.29348979684
1750.0	27.0	8.40597647844	3.69922689556
1760.0	25.0	7.40626720772	4.18609288697
1760.0	27.0	8.42007764079	3.46056709585
1770.0	25.0	7.28524976969	4.0786959771
1770.0	27.0	8.43396833802	3.22190729613
2110.0	35.0	0.182473250045	8.36096876336
2120.0	35.0	0.638340677494	8.32135123661
2130.0	35.0	1.09441857005	8.28149505006
2140.0	35.0	1.55996739254	8.22779659512
2150.0	35.0	2.04024877271	8.15333473761
2160.0	35.0	2.52031968777	8.0786342203
2170.0	35.0	2.99302432398	8.02398112617
2180.0	35.0	3.43668477508	8.04975638453
2190.0	35.0	3.88013476106	8.0752929831
2200.0	35.0	4.33242428164	8.11085329326
2210.0	35.0	4.79797310413	8.1614491708
2220.0	35.0	5.26352192662	8.21204504834
2230.0	35.0	5.72949167934	8.25046927609
2240.0	35.0	6.19967073424	8.17887133618
2250.0	35.0	6.66963932403	8.10727339627
2260.0	35.0	7.14297535558	8.03495947695
2270.0	35.0	7.64682882802	7.95524710385
2280.0	35.0	8.15068230047	7.87577339054
2290.0	35.0	8.65453577291	7.79629967724
2300.0	35.0	9.1375531995	7.62040740485
2310.0	35.0	9.61530899835	7.42041049269
2320.0	35.0	10.0932752623	7.22041358053
2330.0	35.0	10.5714519914	7.01922336937
2340.0	35.0	11.0523647669	6.80800944663
2350.0	35.0	11.5334880075	6.59655686408
2360.0	35.0	12.0146112481	6.38510428153
2370.0	35.0	12.4969972793	6.15217231701
2380.0	35.0	12.980225171	5.90468210471
2390.0	35.0	13.4634530627	5.65719189241
2400.0	35.0	13.9517321171	5.44526199026
2410.0	35.0	14.4406425667	5.23738930471
2420.0	35.0	14.9293425513	5.02951661916
3460.0	54.0	-0.161637204192	11.0554379021
3470.0	54.0	0.727998814195	10.957826044
3480.0	54.0	1.61763483258	10.860214186
3490.0	54.0	2.49801038615	10.7824110913
3500.0	54.0	3.36891500978	10.7248940795
3510.0	54.0	4.23981963341	10.6673770678
3520.0	54.0	5.07747076972	10.6174971697
3530.0	54.0	5.89302306951	10.5726291273
3540.0	54.0	6.70857536931	10.5279997448
3550.0	54.0	7.51276255319	10.4480487119
3560.0	54.0	8.3001125283	10.3153538632
3570.0	54.0	9.08746250341	10.1828976744
3580.0	54.0	9.87607526918	10.035644578
3590.0	54.0	10.6653194303	9.88218632673
3600.0	54.0	11.4545635914	9.72872807552
3610.0	54.0	12.2334949621	9.67598425978
3620.0	54.0	13.0113740073	9.63469611443
3630.0	54.0	13.805669331	9.54328941114
3640.0	54.0	14.6109088404	9.41870899569
3650.0	54.0	15.4161483499	9.29412858024
4280.0	67.0	15.2242041699	7.17315894019
4290.0	67.0	14.4496925665	7.10633419627
4300.0	67.0	13.675180963	7.03950945235
4310.0	67.0	12.8878309879	6.9927321316
4320.0	67.0	12.070174037	6.9927321316
4330.0	67.0	11.2525170861	6.9927321316
4340.0	67.0	10.467061297	7.06242079312
4350.0	67.0	9.69549620512	7.1617032698
4360.0	67.0	8.95886832143	7.29248884004
4370.0	67.0	8.30411136538	7.4955883296
4380.0	67.0	7.64914394423	7.69892647896
4390.0	67.0	7.00364745301	7.93448370127
4400.0	67.0	6.36404398486	8.19152030556
4410.0	67.0	5.72465098181	8.44855690986
4420.0	67.0	4.98381379593	8.68721670957
4430.0	67.0	4.24297661005	8.92587650928
4440.0	67.0	3.51224174943	9.15069404061
4450.0	67.0	2.79181967918	9.36190796336
4460.0	67.0	2.07139760893	9.57312188611
4470.0	67.0	1.4059069323	9.89483529612
4480.0	67.0	0.746519743842	10.2289590157
4490.0	67.0	0.0869220902753	10.5630827353
4600.0	73.0	0.170055808577	9.85306983117
4610.0	73.0	0.817656950895	9.81631622201
4620.0	73.0	1.46525809321	9.77956261286
4630.0	73.0	2.09938946851	9.72538683832
4640.0	73.0	2.72026154191	9.65378889841
4650.0	73.0	3.34155454552	9.55832497852
4660.0	73.0	3.96347894447	9.43899507867
4670.0	73.0	4.58308822721	9.31823322001
4680.0	73.0	5.19764634731	9.19413012416
4690.0	73.0	5.81220446742	9.07002702831
4700.0	73.0	6.41329282051	8.95356104605
4710.0	73.0	7.01101373185	8.83900434219
4720.0	73.0	7.63904161897	8.72158372073
4730.0	73.0	8.33778578292	8.59748062488
4740.0	73.0	9.03652994688	8.47337752903
4750.0	73.0	9.68139504277	8.37576567094
4760.0	73.0	10.3127903717	8.28483628725
4770.0	73.0	10.9696519788	8.20583989355
4780.0	73.0	11.6372473065	8.13161669584
4790.0	73.0	12.3050530994	8.05763215793
4800.0	73.0	12.9501286604	7.97672648582
4810.0	73.0	13.5895216634	7.89415019512
4820.0	73.0	14.2169181552	7.81133524462
4830.0	73.0	14.7956972067	7.72780431472
4840.0	73.0	15.3744762581	7.64427338482
4960.0	82.0	14.9430227834	9.93039560628
4970.0	82.0	14.3116274545	10.0597492177
4980.0	82.0	13.6802321257	10.189341489
4990.0	82.0	13.0488367968	10.3189337602
5000.0	82.0	12.4490112343	10.4353997425
5010.0	82.0	11.8626554389	10.5461378895
5020.0	82.0	11.2765101086	10.6571146964
5030.0	82.0	10.6564798957	10.7635569671
5040.0	82.0	10.0328717758	10.8695219181
5050.0	82.0	9.40589621427	10.9869425396
5060.0	82.0	8.76481949036	11.149708523
5070.0	82.0	8.12395323155	11.3124745064
5080.0	82.0	7.44583464833	11.4451693551
5090.0	82.0	6.76771606512	11.5776255439
5100.0	82.0	6.09864748162	11.7062631759
5110.0	82.0	5.4510463393	11.8255930758
5120.0	82.0	4.80344519698	11.9449229757
5130.0	82.0	4.14174289232	12.026783287
5140.0	82.0	3.47414756459	12.0926533917
5150.0	82.0	2.80634177175	12.1585234964
5160.0	82.0	2.20525341866	12.2494528801
5170.0	82.0	1.62058134412	12.3465874186
5180.0	82.0	1.03254182782	12.4554162872
5190.0	82.0	0.412722079976	12.6675848492
5200.0	82.0	-0.206887202762	12.8797534111
5410.0	93.0	0.51121975128	13.6188828108
5420.0	93.0	1.02222903745	13.4315348681
5430.0	93.0	1.53344878873	13.2439482655
5440.0	93.0	2.01436156423	13.1074348601
5450.0	93.0	2.46538829415	13.0222333116
5460.0	93.0	2.91641502408	12.9370317631
5470.0	93.0	3.44952314676	12.8279642346
5480.0	93.0	4.01777894275	12.7086343347
5490.0	93.0	4.58603473874	12.5893044349
5500.0	93.0	5.10819867572	12.3971832961
5510.0	93.0	5.6105788924	12.1740363834
5520.0	93.0	6.11295910907	11.9506508109
5530.0	93.0	6.6296509532	11.7563817339
5540.0	93.0	7.15581372727	11.5814441007
5550.0	93.0	7.68197650133	11.4062678077
5560.0	93.0	8.17993695071	11.178347699
5570.0	93.0	8.6587450751	10.9148672801
5580.0	93.0	9.13776366461	10.651625521
5590.0	93.0	9.64224853238	10.3766894317
5600.0	93.0	10.1574671207	10.0969801465
5610.0	93.0	10.6726857091	9.81703220141
5620.0	93.0	11.1967438321	9.52252600857
5630.0	93.0	11.7229066061	9.22420125892
5640.0	93.0	12.2490693802	8.92587650928
5650.0	93.0	12.78617634	8.68793268897
5660.0	93.0	13.3304391135	8.49056103461
5670.0	93.0	13.874701887	8.29295072044
5680.0	93.0	14.3996018704	8.19581618196
5690.0	93.0	14.9162937145	8.14164040742
5700.0	93.0	15.4327750935	8.08722597309
