10.0	2.0	0.279287200473	9.98910591701
20.0	2.0	1.06390112916	9.85879766636
30.0	2.0	1.84830459273	9.72872807552
40.0	2.0	2.6106092198	9.56739405091
50.0	2.0	3.36344291693	9.39317239712
60.0	2.0	4.11185684675	9.20176723775
70.0	2.0	4.82112426619	8.85690382717
80.0	2.0	5.53060215074	8.51227907638
90.0	2.0	6.24365794215	8.15070947981
100.0	2.0	6.9619753613	7.76384194448
110.0	2.0	7.68050324556	7.37697440914
120.0	2.0	8.41944624546	7.01254089498
130.0	2.0	9.1790148261	6.67006408239
140.0	2.0	9.9465810809	6.35216922917
150.0	2.0	10.7463484975	6.13260221344
160.0	2.0	11.5461159141	5.9130351977
170.0	2.0	12.3340972845	5.84048261859
180.0	2.0	13.1170274923	5.8309362266
190.0	2.0	13.8970111886	5.832845505
200.0	2.0	14.6652088387	5.88057746494
210.0	2.0	15.4334064888	5.92830942488
970.0	16.0	0.471441845561	7.22661873532
980.0	16.0	1.20386042706	6.97841254362
990.0	16.0	1.93627900855	6.73020635192
1000.0	16.0	2.6478615442	6.40061716852
1010.0	16.0	3.35944407984	6.07102798511
1020.0	16.0	4.05860917402	5.71017436794
1030.0	16.0	4.75651147754	5.34597951358
1040.0	16.0	5.48850912881	5.06579290872
1050.0	16.0	6.2207172452	4.78560630385
1060.0	16.0	7.02953466149	4.59992897968
1070.0	16.0	7.87139509999	4.45458516165
1080.0	16.0	8.72020088711	4.35554134477
1090.0	16.0	9.57974039483	4.32570886981
1100.0	16.0	10.4390694374	4.29587639484
1110.0	16.0	11.2809298759	4.28633000285
1120.0	16.0	12.1227903144	4.27678361087
1130.0	16.0	12.9646507529	4.26723721888
1780.0	31.0	1.78432319941	11.0604497579
1790.0	31.0	2.40014411017	10.8573502684
1800.0	31.0	3.01596502093	10.654012119
1810.0	31.0	3.59137663065	10.4499579903
1820.0	31.0	4.14005917144	10.2454265419
1830.0	31.0	4.68895217735	10.0406564337
1840.0	31.0	5.32139983177	9.89936983231
1850.0	31.0	5.97489399716	9.77383477766
1860.0	31.0	6.60860444224	9.6585620944
1870.0	31.0	7.23999977112	9.54424405034
1880.0	31.0	7.8583462632	9.36524920056
1890.0	31.0	8.46785322067	9.14305692702
1900.0	31.0	9.07757064326	8.92086465349
1910.0	31.0	9.74369271522	8.69389918396
1920.0	31.0	10.4340182748	8.46478577624
1930.0	31.0	11.1281322063	8.27624453446
1940.0	31.0	11.8373996258	8.24975329669
1950.0	31.0	12.5468775103	8.22326205893
1960.0	31.0	13.2426751627	8.20273731615
1970.0	31.0	13.9252135133	8.18817906837
1980.0	31.0	14.6075413987	8.17362082059
1990.0	31.0	15.2898692841	8.1593012326
2440.0	40.0	14.8861972038	6.56314449212
2450.0	40.0	14.1817704819	6.80180429183
2460.0	40.0	13.4771332949	7.04046409155
2470.0	40.0	12.7350333183	7.23998368411
2480.0	40.0	11.9889345047	7.43544606007
2490.0	40.0	11.2800880155	7.61229297166
2500.0	40.0	10.5872368746	7.78126410986
2510.0	40.0	9.89270201284	7.93400638167
2520.0	40.0	9.19395784888	8.04856308554
2530.0	40.0	8.49521368492	8.1631197894
2540.0	40.0	7.75921719656	8.20989711014
2550.0	40.0	7.01374977827	8.23972958511
2560.0	40.0	6.30553468438	8.29581463804
2570.0	40.0	5.65309284454	8.39127855792
2580.0	40.0	5.0006510047	8.48674247781
2590.0	40.0	4.30548474761	8.54736206694
2600.0	40.0	3.54633709719	8.55595381973
2610.0	40.0	2.78718944677	8.56454557252
2620.0	40.0	2.05645458615	8.660486812
2630.0	40.0	1.34445112029	8.81489970242
2640.0	40.0	0.632658119534	8.96931259283
2650.0	40.0	-0.0791348812192	9.12372548325
2960.0	47.0	14.6913065123	8.30631566923
2970.0	47.0	14.1038983913	8.35619556737
2980.0	47.0	13.5148065495	8.4127579399
2990.0	47.0	12.9120344755	8.53208783976
3000.0	47.0	12.3092624016	8.65141773961
3010.0	47.0	11.6972298628	8.8313672286
3020.0	47.0	11.0841449984	9.01823785177
3030.0	47.0	10.4348601352	9.20749507294
3040.0	47.0	9.76137178443	9.39842291272
3050.0	47.0	9.0937764567	9.59030539169
3060.0	47.0	8.47921833659	9.79077962344
3070.0	47.0	7.86466021649	9.9912538552
3080.0	47.0	7.23494860849	10.1974559222
3090.0	47.0	6.59513467523	10.4074765459
3100.0	47.0	5.95447888153	10.6065188189
3110.0	47.0	5.30540448344	10.7058012955
3110.0	51.0	14.7830693001	8.32922701
3120.0	47.0	4.65654055046	10.805322432
3120.0	51.0	13.6057274769	7.97672648582
3130.0	47.0	3.99525917602	10.8769203719
3130.0	51.0	12.602019369	7.16886306379
3140.0	47.0	3.32892663895	10.9365853219
3140.0	51.0	11.7439531171	6.95597852245
3150.0	47.0	2.67522200845	11.0048420246
3150.0	51.0	11.0433147672	6.93927233647
3160.0	47.0	2.05161388863	11.0931461505
3160.0	51.0	10.4365438561	7.00967697738
3170.0	47.0	1.42800576881	11.1816889362
3170.0	51.0	10.4232845542	7.14189450642
3180.0	47.0	0.829863927253	11.2716636807
3180.0	51.0	10.4759008316	7.28103316966
3190.0	47.0	0.248559294468	11.3625930644
3190.0	51.0	10.8017008213	7.50680534019
3200.0	47.0	-0.332745338318	11.4532837882
3200.0	51.0	11.4282554527	7.68794812817
3210.0	51.0	12.1648833364	7.34475533618
3220.0	51.0	12.732507737	7.17984141458
3230.0	51.0	13.1873228389	7.13354141344
3240.0	51.0	13.6421379408	7.08748007209
3250.0	51.0	13.964991419	7.1612259502
3260.0	51.0	14.1556728083	7.35525636737
3270.0	51.0	14.3465646627	7.54904812474
3280.0	51.0	14.5372460521	7.7430785419
3460.0	54.0	-0.161637204192	11.0554379021
3470.0	54.0	0.727998814195	10.957826044
3480.0	54.0	1.61763483258	10.860214186
3490.0	54.0	2.49801038615	10.7824110913
3500.0	54.0	3.36891500978	10.7248940795
3510.0	54.0	4.23981963341	10.6673770678
3520.0	54.0	5.07747076972	10.6174971697
3520.0	55.0	0.131540693516	11.0396863553
3530.0	54.0	5.89302306951	10.5726291273
3530.0	55.0	0.815552299799	10.9375399611
3540.0	54.0	6.70857536931	10.5279997448
3540.0	55.0	1.49956390608	10.835154907
3550.0	54.0	7.51276255319	10.4480487119
3550.0	55.0	2.18126039616	10.7418389253
3560.0	54.0	8.3001125283	10.3153538632
3560.0	55.0	2.85727432828	10.669525006
3570.0	54.0	9.08746250341	10.1828976744
3570.0	55.0	3.53328826039	10.5972110867
3580.0	54.0	9.87607526918	10.035644578
3580.0	55.0	4.20930219251	10.5248971674
3590.0	54.0	10.6653194303	9.88218632673
3590.0	55.0	4.88826263616	10.4401729385
3600.0	54.0	11.4545635914	9.72872807552
3600.0	55.0	5.56722307981	10.3554487096
3610.0	54.0	12.2334949621	9.67598425978
3610.0	55.0	6.24597305836	10.2707244807
3620.0	54.0	13.0113740073	9.63469611443
3620.0	55.0	6.88220908475	10.2022291182
3630.0	54.0	13.805669331	9.54328941114
3630.0	55.0	7.51360441363	10.1354043742
3640.0	54.0	14.6109088404	9.41870899569
3640.0	55.0	8.12479509198	10.0876724143
3650.0	54.0	15.4161483499	9.29412858024
3650.0	55.0	8.70567879455	10.0685796303
3660.0	55.0	9.28656249712	10.0494868463
3670.0	55.0	9.84008573543	10.0062894226
3680.0	55.0	10.3904519971	9.96046674104
3690.0	55.0	10.9477636074	9.87884508954
3700.0	55.0	11.521070566	9.71416982774
3710.0	55.0	12.0945879897	9.54973322573
3720.0	55.0	12.6874682036	9.36787445835
3730.0	55.0	13.3096030676	9.1604790924
3740.0	55.0	13.9327902572	8.96286877824
3750.0	55.0	14.5641855861	8.85427856937
3760.0	55.0	15.195580915	8.7456883605
3840.0	59.0	3.29630454696	12.5205704126
3850.0	59.0	4.17036614723	12.3184255622
3860.0	59.0	5.04463821261	12.1165193717
3870.0	59.0	5.8993370228	11.8993389539
3880.0	59.0	6.74898467036	11.6783399794
3890.0	59.0	7.602631155	11.4592502832
3900.0	59.0	8.49310903383	11.2573440927
3910.0	59.0	9.38358691265	11.0554379021
3920.0	59.0	10.2412322344	10.7778765551
3930.0	59.0	11.0662554641	10.4246600515
3940.0	59.0	11.8912786938	10.0714435479
3950.0	59.0	12.7825984331	9.5800430203
3960.0	59.0	13.6741286375	9.08864249269
4890.0	78.0	3.54339058566	8.79461361944
4900.0	78.0	3.00775688166	8.67528371958
4910.0	78.0	2.47233364277	8.53566773675
4920.0	78.0	1.94006738053	8.21276102774
4930.0	78.0	1.36802321257	7.9951032904
4940.0	78.0	0.736627883689	7.93543834047
4950.0	78.0	0.105232554813	7.87577339054
