570.0	16.0	14.828950694	4.79085681945
580.0	16.0	14.3333053608	5.01424239198
590.0	16.0	13.8376600277	5.23738930471
600.0	16.0	13.3415937643	5.44573930986
610.0	16.0	12.8440542451	5.61924498425
620.0	16.0	12.3467251911	5.79298931844
630.0	16.0	11.8491856719	5.96649499284
640.0	16.0	11.3893194074	6.16983314219
650.0	16.0	10.9294531429	6.37317129155
660.0	16.0	10.4702182737	6.55503005893
670.0	16.0	10.0130880555	6.68653160857
680.0	16.0	9.55574737233	6.81827181801
690.0	16.0	9.098196224	6.94165893447
700.0	16.0	8.63959275013	7.05239708153
710.0	16.0	8.18098927625	7.1631352286
720.0	16.0	7.7207020815	7.25382595249
730.0	16.0	7.25894163098	7.330674408
740.0	16.0	6.79739164558	7.40776152331
750.0	16.0	6.34994282251	7.4917697728
760.0	16.0	5.91659516179	7.5831764761
770.0	16.0	5.48324750107	7.67434451959
780.0	16.0	5.05032077057	7.75835276908
790.0	16.0	4.62055101672	7.77840019226
800.0	16.0	4.19078126286	7.79820895564
810.0	16.0	3.72460104504	7.80417545063
820.0	16.0	3.24242547889	7.80417545063
830.0	16.0	2.76046037785	7.80417545063
840.0	16.0	2.27028713753	7.85954452416
850.0	16.0	1.77464180436	7.95190586665
860.0	16.0	1.27899647119	8.04426720914
870.0	16.0	0.851962763764	8.18770174877
880.0	16.0	0.493330216962	8.38220948554
890.0	16.0	0.13490813527	8.5767172223
1220.0	27.0	0.0930255784545	4.12881453504
1230.0	27.0	0.63518370085	4.12881453504
1240.0	27.0	1.17734182325	4.12881453504
1250.0	27.0	1.71949994564	4.12881453504
1260.0	27.0	2.27912667213	4.14528206122
1270.0	27.0	2.85032897966	4.17248927839
1280.0	27.0	3.42153128718	4.19969649556
1290.0	27.0	3.99946847821	4.23263154792
1300.0	27.0	4.63654636505	4.31640113762
1310.0	27.0	5.27362425189	4.40040938712
1320.0	27.0	5.91070213872	4.48417897682
1330.0	27.0	6.52778584015	4.57224444291
1340.0	27.0	7.11477303089	4.6665150638
1350.0	27.0	7.70197068675	4.76054702488
1360.0	27.0	8.28895787749	4.85481764577
1370.0	27.0	8.90267413716	4.89252589413
1380.0	27.0	9.53406946604	4.89252589413
1390.0	27.0	10.1654647949	4.89252589413
1400.0	27.0	10.7888624496	4.87104651215
1410.0	27.0	11.4040519651	4.828326408
1420.0	27.0	12.0192414805	4.78536764405
1420.0	32.0	0.285601153762	5.59490168468
1430.0	27.0	12.6344309959	4.74264753991
1430.0	32.0	0.688431373585	5.71089034734
1440.0	27.0	13.2129995823	4.65219547581
1440.0	32.0	1.09147205852	5.8266403502
1450.0	27.0	13.7675751462	4.52976299856
1450.0	32.0	1.49430227834	5.94262901286
1460.0	27.0	14.3219402449	4.40756918111
1460.0	32.0	1.94364528739	5.94907282746
1470.0	27.0	14.8763053437	4.28537536365
1470.0	32.0	2.39298829644	5.95551664205
1480.0	27.0	15.4306704424	4.1631815462
1480.0	32.0	2.84233130549	5.96196045664
1490.0	32.0	3.29967198871	5.96649499284
1500.0	32.0	3.77553360157	5.96649499284
1510.0	32.0	4.25139521444	5.96649499284
1520.0	32.0	4.7272568273	5.96649499284
1530.0	32.0	5.20311844016	5.96649499284
1540.0	32.0	5.66151144893	5.93308262088
1550.0	32.0	6.11253817885	5.88535066093
1560.0	32.0	6.56356490878	5.83761870099
1570.0	32.0	6.95671373356	5.78654550385
1580.0	32.0	7.11856140286	5.72234601773
1590.0	32.0	7.28040907217	5.65814653161
1600.0	32.0	7.50560673947	5.5827300349
1610.0	32.0	7.77268696358	5.5001537442
1620.0	32.0	8.0397671877	5.4175774535
1630.0	32.0	8.53078228845	5.37342539055
1640.0	32.0	9.02200785432	5.3292733276
1650.0	32.0	9.53406946604	5.30230477023
1660.0	32.0	10.0953799134	5.31543105922
1670.0	32.0	10.6564798957	5.328796008
1680.0	32.0	11.217790343	5.34192229699
1690.0	32.0	11.805198464	5.29371301744
1700.0	32.0	12.4035507707	5.21925115993
1710.0	32.0	13.0021135424	5.14455064262
1720.0	32.0	13.6034123606	5.09586404348
1730.0	32.0	14.2076576904	5.07271404291
1740.0	32.0	14.8119030201	5.04956404234
1750.0	32.0	15.4161483499	5.02641404176
2080.0	46.0	15.2597727734	5.65408931501
2090.0	46.0	14.6953053494	5.74096148211
2100.0	46.0	14.1308379254	5.8275949894
2110.0	46.0	13.5648972456	5.9125578781
2120.0	46.0	12.9976937751	5.9956114884
2130.0	46.0	12.4494321646	6.09059808869
2140.0	46.0	11.977990319	6.23379396852
2150.0	46.0	11.5065484734	6.37698984834
2160.0	46.0	11.0024845359	6.47770428382
2170.0	46.0	10.484319436	6.56028057452
2180.0	46.0	9.9705741034	6.63784500943
2190.0	46.0	9.49534388587	6.66863212359
2200.0	46.0	9.02011366833	6.69941923776
2210.0	46.0	8.5448834508	6.73020635192
2220.0	46.0	8.06376021019	6.71660274334
2230.0	46.0	7.5828474347	6.70299913475
2240.0	46.0	7.10172419409	6.68939552617
2250.0	46.0	6.61028816312	6.66099501
2260.0	46.0	6.10832887666	6.61827490585
2270.0	46.0	5.6063695902	6.57531614191
2280.0	46.0	5.10462076886	6.53259603776
2290.0	46.0	4.63654636505	6.4987063462
2300.0	46.0	4.19120219308	6.47102180943
2310.0	46.0	3.74585802112	6.44333727266
2320.0	46.0	3.30030338404	6.4154140761
2330.0	46.0	2.85664293295	6.39703727152
2340.0	46.0	2.41698131894	6.40061716852
2350.0	46.0	1.97710923982	6.40419706551
2360.0	46.0	1.5372371607	6.40777696251
2370.0	46.0	1.0975755467	6.4113568595
2380.0	46.0	0.65770346758	6.4149367565
2390.0	46.0	0.218041853572	6.41851665349
3240.0	63.0	0.103969764155	6.65359655621
3250.0	63.0	0.512061611719	6.60300067867
3260.0	63.0	0.920363924392	6.55240480113
3270.0	63.0	1.32845577196	6.50157026379
3280.0	63.0	1.74686040989	6.46075943804
3290.0	63.0	2.16779062914	6.42233521029
3300.0	63.0	2.58872084839	6.38367232274
3310.0	63.0	3.05384874067	6.36386355936
3320.0	63.0	3.53791849281	6.35193056937
3330.0	63.0	4.02198824494	6.33999757939
3340.0	63.0	4.50605799708	6.3280645894
3350.0	63.0	4.99286379565	6.28653778425
3360.0	63.0	5.48072191976	6.23236200972
3370.0	63.0	5.96858004387	6.17794757538
3380.0	63.0	6.45643816798	6.12377180085
3390.0	63.0	6.95797652422	6.07078932531
3400.0	63.0	7.49150557712	6.02090942717
3410.0	63.0	8.02503463002	5.97102952903
3420.0	63.0	8.55856368292	5.92091097109
3430.0	63.0	9.09209273582	5.87103107295
3440.0	63.0	9.63719736975	5.80372900943
3450.0	63.0	10.1820915386	5.73642694591
3460.0	63.0	10.7271961725	5.66912488239
3470.0	63.0	11.2691438298	5.60802797367
3480.0	63.0	11.7824682322	5.60206147867
3490.0	63.0	12.2957926345	5.59633364348
3500.0	63.0	12.8091170369	5.59036714849
3510.0	63.0	13.3224414393	5.58463931329
3520.0	63.0	13.8454472367	5.53404343576
3530.0	63.0	14.3684530341	5.48344755822
3540.0	63.0	14.8914588316	5.43285168068
4560.0	83.0	8.76966018788	-0.0377082483547
4560.0	84.0	8.1622578815	-0.273742790271
4570.0	83.0	9.22384389445	0.628152592846
4570.0	84.0	8.22413462373	0.709058264949
4580.0	83.0	9.67802760102	1.29377477425
4580.0	84.0	8.28622183107	1.69162066037
4590.0	83.0	9.98172875421	1.78994849785
4590.0	84.0	8.58150437987	2.43432995708
4600.0	83.0	10.2688031637	2.26726809728
4600.0	84.0	8.90267413716	3.15030935622
4610.0	83.0	10.6004961765	2.73766656251
4610.0	84.0	9.30024272924	3.65412019341
4620.0	83.0	10.9511310491	3.20496245035
4620.0	84.0	9.69612760045	4.10972175107
4630.0	83.0	11.3038705729	3.60066039828
4630.0	84.0	10.0854880533	4.37224753075
4640.0	83.0	11.6606089337	3.8288191668
4640.0	84.0	10.5022089703	4.59825836108
4650.0	83.0	12.0175577596	4.05721659513
4650.0	84.0	11.0283717444	4.67773207438
4660.0	83.0	12.4584821643	4.12547329785
4660.0	84.0	11.5444321932	4.75267125149
4670.0	83.0	12.8994065689	4.19349134077
4670.0	84.0	12.0455496192	4.82092795421
4680.0	83.0	13.3306495786	4.20041247496
4680.0	84.0	12.5342496037	4.90111764692
4690.0	83.0	13.7608402626	4.20041247496
4690.0	84.0	12.9932740078	5.00970785579
4700.0	83.0	14.1937669931	4.21950525893
4700.0	84.0	13.4518774817	5.11710476566
4710.0	83.0	14.6287983747	4.2512470123
4710.0	84.0	13.9052193278	5.21495528354
4720.0	83.0	15.0636192912	4.28322742546
4720.0	84.0	14.358561174	5.31304446122
4730.0	84.0	14.8119030201	5.4108949791
4740.0	84.0	15.2652448662	5.50874549699
4970.0	95.0	15.1684309158	8.63662083203
4980.0	95.0	14.9082960403	8.56645485091
4990.0	95.0	14.6483716299	8.4962888698
5000.0	95.0	14.5385088427	8.60010588267
5010.0	95.0	14.4288565206	8.70392289555
5020.0	95.0	14.565869307	8.824923414
5030.0	95.0	14.8089565086	8.92205795249
5040.0	95.0	15.0526751055	8.97241517023
5050.0	95.0	15.2963937025	9.02253372817
5130.0	96.0	0.28097092135	1.03196497396
5140.0	96.0	0.590565097609	1.90235726352
5150.0	96.0	0.836809275871	2.73098408812
5160.0	96.0	1.06726857091	3.54910988154
5170.0	96.0	1.13651159198	4.2495763937
5180.0	96.0	1.13651159198	4.89920836852
5190.0	96.0	0.975505783114	5.54406714734
5200.0	96.0	0.796610439933	6.18844860657
5210.0	96.0	0.599194167104	6.73903676451
5220.0	96.0	0.399883708289	7.27912389126
5230.0	96.0	0.273604642513	7.9115723605
5240.0	96.0	0.147325576738	8.54402082974
5250.0	96.0	0.0841860438502	9.09293836908
5260.0	96.0	0.0210465109626	9.64185590842
5290.0	101.0	-0.244981387604	5.75170117309
5300.0	101.0	0.472494171109	5.99036097281
5310.0	101.0	1.19018019493	6.22902077252
5320.0	101.0	1.87082435946	6.44381459226
5330.0	101.0	2.49632666527	6.62280944205
5340.0	101.0	3.12182897108	6.80180429183
5350.0	101.0	3.74754174199	6.98079914162
5360.0	101.0	4.33558125829	7.03258831816
5370.0	101.0	4.91436030976	7.05239708153
5380.0	101.0	5.51418587219	7.03067903976
5390.0	101.0	6.14558120107	6.94643213046
5400.0	101.0	6.80791490106	6.84189913819
5410.0	101.0	7.48371836806	6.72901305292
5420.0	101.0	8.17214974165	6.6655295462
5430.0	101.0	8.86352762677	6.61421768926
5440.0	101.0	9.555115977	6.56314449212
5450.0	101.0	10.2410217693	6.48367077882
5460.0	101.0	10.9271380266	6.40395840571
5470.0	101.0	11.6100973074	6.38534294133
5480.0	101.0	12.2861112395	6.50825273819
5490.0	101.0	12.9621251716	6.63116253504
5500.0	101.0	13.6381391037	6.75407233189
5510.0	101.0	14.2150239692	7.09869708268
5520.0	101.0	14.7916983696	7.44356049326
5530.0	101.0	15.3685832351	7.78818524405
5560.0	107.0	0.0126279065775	5.5791501379
5570.0	107.0	0.517744169679	5.63475787123
5580.0	107.0	1.02286043278	5.69036560457
5580.0	109.0	14.8628355766	4.55458361773
5590.0	107.0	1.52797669588	5.7462119977
5590.0	109.0	14.346985593	4.48537227581
5600.0	107.0	2.00194412276	5.78964808125
5600.0	109.0	13.8309251442	4.4159222741
5610.0	107.0	2.47233364277	5.831652206
5610.0	109.0	13.3203367882	4.37463412875
5620.0	107.0	2.94272316278	5.87389499055
5620.0	109.0	12.8221658737	4.39850010872
5630.0	107.0	3.37522896306	5.98439447781
5630.0	109.0	12.3242054243	4.42236608869
5640.0	107.0	3.76985104361	6.1633893276
5640.0	109.0	11.8626554389	4.48250835822
5650.0	107.0	4.16447312416	6.34238417738
5650.0	109.0	11.4869752183	4.62737485664
5660.0	107.0	4.5698289253	6.50180892359
5660.0	109.0	11.1110845325	4.77224135507
5670.0	107.0	5.00001960937	6.61612696766
5670.0	109.0	10.7187775681	4.86531867696
5680.0	107.0	5.42999982834	6.73020635192
5680.0	109.0	10.3098438601	4.90612950271
5690.0	107.0	5.88986609287	6.76552800228
5690.0	109.0	9.90091015211	4.94717898826
5700.0	107.0	6.3497323574	6.80084965263
5700.0	109.0	9.49197644411	4.98798981401
5710.0	107.0	6.78581606455	6.79106460085
5710.0	109.0	9.02642762162	4.9156758947
5720.0	107.0	7.16591605253	6.67555325778
5720.0	109.0	8.56087879913	4.84336197538
5730.0	107.0	7.54622650562	6.56004191472
5730.0	109.0	8.09532997664	4.77104805607
5740.0	107.0	7.93769160953	6.44118933447
5740.0	109.0	7.68260789666	4.72474805493
5750.0	107.0	8.37419624689	6.30849448583
5750.0	109.0	7.29261604852	4.68966506437
5760.0	107.0	8.81070088425	6.17603829698
5760.0	109.0	6.90262420039	4.65458207381
5770.0	107.0	9.2665683117	6.03260375736
5770.0	109.0	6.52336607284	4.64885423862
5780.0	107.0	9.74179852924	5.87866818654
5780.0	109.0	6.16894282823	4.71162176594
5790.0	107.0	10.2170287468	5.72473261573
5790.0	109.0	5.81430911851	4.77438929327
5800.0	107.0	10.6880496621	5.54358982774
5800.0	109.0	5.45988587391	4.83715682059
5810.0	107.0	11.1525461591	5.32139755421
5810.0	109.0	5.06926263044	4.88226352274
5820.0	107.0	11.617042656	5.09920528068
5820.0	109.0	4.64222892301	4.90947073991
5830.0	107.0	12.0958507804	4.9140052761
5830.0	109.0	4.21540568069	4.93691661687
5840.0	107.0	12.5893914625	4.76579754048
5840.0	109.0	3.78837197326	4.96412383404
5850.0	107.0	13.0829321445	4.61758980486
5850.0	109.0	3.30956384886	5.00588929899
5860.0	107.0	13.6072007326	4.51639804978
5860.0	109.0	2.83075572446	5.04765476394
5870.0	107.0	14.1518844363	4.44599340886
5870.0	109.0	2.35194760007	5.08942022889
5880.0	107.0	14.69656814	4.37582742775
5880.0	109.0	1.87313947567	5.13118569384
5890.0	107.0	15.2414623089	4.30566144663
5890.0	109.0	1.46125925613	5.12092332245
5900.0	109.0	1.0495895017	5.11042229126
5910.0	109.0	0.637709282165	5.10015991988
5920.0	109.0	0.226039527738	5.08965888869
5930.0	109.0	-0.185840691799	5.0793965173
6140.0	120.0	15.1833739386	4.36031454076
6150.0	120.0	14.7178251161	4.39635217052
6160.0	120.0	14.2522762936	4.43262846008
6170.0	120.0	13.7867274711	4.46866608983
6180.0	120.0	13.308340277	4.51067021458
6190.0	120.0	12.8173251762	4.55840217453
6200.0	120.0	12.3263100754	4.60613413447
6210.0	120.0	11.858867067	4.67510681659
6220.0	120.0	11.4152066159	4.76555888068
6230.0	120.0	10.9715461648	4.85577228497
6240.0	120.0	10.5278857137	4.94598568926
6250.0	120.0	10.0665461934	5.07414600171
6260.0	120.0	9.6009973709	5.21137538654
6270.0	120.0	9.13544854841	5.34884343118
6280.0	120.0	8.70546832944	5.52783828096
6290.0	120.0	8.31084624889	5.7485985957
6300.0	120.0	7.91622416834	5.96935891043
6310.0	120.0	7.52139162269	6.19011922517
6320.0	120.0	7.14002884405	6.38582026093
6330.0	120.0	6.7717149022	6.55622335793
6340.0	120.0	6.40340096036	6.72686511472
6350.0	120.0	6.03782306494	6.82280635421
6360.0	120.0	5.67371842528	6.88724450013
6370.0	120.0	5.3066672741	6.95096666665
6380.0	120.0	4.91499170508	7.01063161658
6390.0	120.0	4.52331613607	7.07029656651
6400.0	120.0	4.13164056706	7.12996151644
6410.0	120.0	3.70060802255	7.11993780485
6420.0	120.0	3.23063943275	7.04046409155
6430.0	120.0	2.76067084296	6.96099037824
6440.0	120.0	2.30333015974	6.85932130356
6450.0	120.0	1.85903831332	6.73545686751
6460.0	120.0	1.4147464669	6.61183109126
6470.0	120.0	0.971717411141	6.50133160399
6480.0	120.0	0.529109285599	6.39441201372
6490.0	120.0	0.0862906949465	6.28749242345
6530.0	127.0	0.238456969206	5.01829960857
6540.0	127.0	0.799767416577	5.17032590099
6550.0	127.0	1.36107786395	5.32211353361
6560.0	127.0	1.92217784621	5.47390116623
6570.0	127.0	2.46307317795	5.61542642746
6580.0	127.0	3.00165339348	5.75599704949
6590.0	127.0	3.54023360901	5.89632901172
6600.0	127.0	4.08807428937	6.01160169498
6610.0	127.0	4.64559636476	6.10205375907
6620.0	127.0	5.20311844016	6.19226716337
6630.0	127.0	5.76043005045	6.28248056766
6640.0	127.0	6.30616607971	6.28057128926
6650.0	127.0	6.84895559743	6.25551201029
6660.0	127.0	7.39174511516	6.23021407152
6670.0	127.0	7.93453463288	6.20515479255
6680.0	127.0	8.49773926624	6.08916612989
6690.0	127.0	9.06073343449	5.97293880743
6700.0	127.0	9.62393806785	5.85695014477
6710.0	127.0	10.1818810735	5.72902849212
6720.0	127.0	10.7280380329	5.57437694191
6730.0	127.0	11.2741949924	5.41948673189
6740.0	127.0	11.8201414868	5.26459652188
6750.0	127.0	12.3959740267	5.1622114678
6760.0	127.0	12.991590287	5.09467074448
6770.0	127.0	13.5872065472	5.02713002116
6780.0	127.0	14.1830332726	4.95958929785
6790.0	127.0	14.7786495328	4.89204857453
6800.0	127.0	15.374265793	4.82450785121
6950.0	133.0	0.0841860438502	5.01185579398
6960.0	133.0	0.630132538219	5.12378724005
6970.0	133.0	1.17586856748	5.23548002631
6980.0	133.0	1.72181506185	5.34741147238
6990.0	133.0	2.30038364821	5.43356766008
7000.0	133.0	2.88716037384	5.51304137338
7010.0	133.0	3.47393709948	5.59251508669
7020.0	133.0	4.03209057021	5.6669769442
7030.0	133.0	4.56162078602	5.73618828611
7040.0	133.0	5.09115100184	5.80563828783
7050.0	133.0	5.60826377619	5.90754602231
7060.0	133.0	6.10685562089	6.05814035593
7070.0	133.0	6.62228467437	6.12663571844
7080.0	133.0	7.15455093661	6.11255479026
7090.0	133.0	7.75374510371	6.03904757195
7100.0	133.0	8.36956601448	5.95050478626
7110.0	133.0	8.9822299486	5.86053004176
7120.0	133.0	9.56690202314	5.75432643089
7130.0	133.0	10.1513636326	5.64836147982
7140.0	133.0	10.7360357071	5.54215786895
7150.0	133.0	11.3249170838	5.46745735164
7160.0	133.0	11.9180077628	5.42402126809
7170.0	133.0	12.5110984417	5.38058518454
7180.0	133.0	13.0936658651	5.34359291558
7190.0	133.0	13.6332984062	5.331182606
7200.0	133.0	14.1729309473	5.31901095621
7210.0	133.0	14.7125634884	5.30683930643
7220.0	133.0	15.2521960295	5.29466765664
7720.0	154.0	-0.100181392182	4.87820630614
7730.0	154.0	0.62381858493	4.97367022603
7740.0	154.0	1.34781856204	5.06913414591
7750.0	154.0	2.06697784163	5.17151919999
7760.0	154.0	2.7419394482	5.33619446179
7770.0	154.0	3.41669058966	5.5006310638
7780.0	154.0	4.09417777755	5.6610104492
7790.0	154.0	4.78176729069	5.80420632903
7800.0	154.0	5.46935680384	5.94740220886
7810.0	154.0	6.12979631784	6.06983468611
7820.0	154.0	6.68226723061	6.10969087266
7830.0	154.0	7.23473814338	6.14954705922
7840.0	154.0	7.76910905672	6.12448778025
7850.0	154.0	8.29884973764	6.0834382947
7860.0	154.0	8.82859041857	6.04215014935
7870.0	154.0	9.48145318863	5.79633055564
7880.0	154.0	10.1479961908	5.52783828096
7890.0	154.0	10.8090671001	5.26053930528
7900.0	154.0	11.4646659166	4.9944336286
7910.0	154.0	12.1202647331	4.72832795192
7920.0	154.0	12.8773077324	4.52976299856
7930.0	154.0	13.6455053826	4.33883515879
7940.0	154.0	14.4002332657	4.28585268325
7950.0	154.0	15.153487893	4.2481444349
8150.0	161.0	9.70622992571	12.2993327782
8160.0	161.0	9.71843690207	11.8501750352
8170.0	161.0	9.73085434354	11.4010172921
8180.0	161.0	9.743271785	10.9516208893
8190.0	161.0	9.75568922647	10.5024631462
8200.0	161.0	9.75989852866	10.0411337533
8210.0	161.0	9.73106480865	9.53111776136
8220.0	161.0	9.70244155374	9.02134042917
8230.0	161.0	9.29771714793	8.61752804805
8240.0	161.0	8.83827181361	8.33901206179
8250.0	161.0	8.35546485213	8.11443319026
8260.0	161.0	7.74890440619	7.98818215621
8270.0	161.0	7.130347449	7.88937699913
8280.0	161.0	6.48379863223	7.85524864777
8290.0	161.0	5.83746028057	7.82112029641
8300.0	161.0	5.19491030089	7.77124039827
8310.0	161.0	4.55614869317	7.70537029355
8310.0	168.0	15.0528855706	7.95954298024
8320.0	161.0	3.91759755057	7.63950018883
8320.0	168.0	14.6774158151	7.84355431758
8330.0	161.0	3.30367082579	7.70560895335
8330.0	168.0	14.3019460595	7.72732699512
8340.0	161.0	2.70616037957	7.85954452416
8340.0	168.0	13.9264763039	7.61133833246
8350.0	161.0	2.10864993334	8.01348009498
8350.0	168.0	13.5356425953	7.50465740199
8360.0	161.0	1.61784529769	8.19438422316
8360.0	168.0	13.1214472596	7.4122960595
8370.0	161.0	1.23353600752	8.40177958911
8370.0	168.0	12.7072519239	7.31993471701
8380.0	161.0	0.88795229751	8.63948474963
8380.0	168.0	12.2974763554	7.23616512731
8390.0	161.0	0.69706044308	8.9974744492
8390.0	168.0	11.8975926471	7.17244296079
8400.0	161.0	0.506379053759	9.35546414877
8400.0	168.0	11.4977089388	7.10895945406
8410.0	161.0	0.315697664438	9.71345384834
8410.0	168.0	11.0891961611	7.07220584491
