460.0	15.0	15.0693018492	4.00948463519
470.0	15.0	14.4547437291	4.04767020314
480.0	15.0	13.840185609	4.08585577109
490.0	15.0	13.2172088845	4.1627042266
500.0	15.0	12.5858135556	4.27821556966
510.0	15.0	11.9544182267	4.39372691272
520.0	15.0	11.3562763852	4.500646503
530.0	15.0	10.8078043095	4.59467846408
540.0	15.0	10.2591217687	4.68847176537
550.0	15.0	9.70896597214	4.77987846866
560.0	15.0	9.14344622257	4.84694187238
570.0	15.0	8.5777160079	4.9142439359
580.0	15.0	8.01219625833	4.98130733962
590.0	15.0	7.48498115872	5.08560167209
600.0	15.0	6.9619753613	5.19419188096
610.0	15.0	6.43896956388	5.30254343003
620.0	15.0	5.91406958048	5.36244703976
630.0	15.0	5.38790680641	5.39013157653
640.0	15.0	4.86174403235	5.4175774535
650.0	15.0	4.45323125457	5.43165838168
660.0	15.0	4.02514522159	5.46387745464
670.0	15.0	3.55159872493	5.53833931215
680.0	15.0	3.163921993	5.54693106494
690.0	15.0	2.82191618986	5.53690735335
700.0	15.0	2.49401154906	5.50898415679
710.0	15.0	2.17831388462	5.4161454947
720.0	15.0	1.85903831332	5.30612332703
730.0	15.0	1.53639530027	5.17891765378
740.0	15.0	1.09925926757	5.10541043547
750.0	15.0	0.673488350802	5.27271095507
760.0	15.0	0.291494176831	5.56268261172
770.0	15.0	0.0648232537647	5.92974138368
850.0	22.0	0.358632546802	8.73709660771
860.0	22.0	0.468495334026	8.50869917938
870.0	22.0	0.578358121251	8.28054041086
880.0	22.0	0.688220908475	8.05214298253
890.0	22.0	0.79787323059	7.82398421401
900.0	22.0	1.00097206138	7.53114863976
910.0	22.0	1.2659476344	7.19511564176
920.0	22.0	1.53092320742	6.85932130356
930.0	22.0	1.8956592424	6.75669758969
940.0	22.0	2.27154992819	6.67984913418
950.0	22.0	2.64744061398	6.61159243146
960.0	22.0	3.02522548576	6.61851356565
970.0	22.0	3.40279989243	6.62567335964
980.0	22.0	3.78037429909	6.63259449384
990.0	22.0	4.23582079632	6.62400274105
1000.0	22.0	4.72452078087	6.60848985407
1010.0	22.0	5.21343123053	6.59321562688
1020.0	22.0	5.68003237857	6.54500634734
1030.0	22.0	6.13190096894	6.47460170643
1040.0	22.0	6.58376955931	6.40443572531
1050.0	22.0	7.0383741961	6.32376871301
1060.0	22.0	7.5041334837	6.20085891615
1070.0	22.0	7.96968230619	6.0779491193
1080.0	22.0	8.43523112868	5.95503932245
1090.0	22.0	8.9188799506	5.86816715535
1100.0	22.0	9.40463342362	5.78559086465
1110.0	22.0	9.89606945459	5.69680941916
1120.0	22.0	10.4011857177	5.59346972588
1130.0	22.0	10.9063019808	5.48989137281
1140.0	22.0	11.4046833604	5.38798363833
1150.0	22.0	11.8874903219	5.28989446065
1160.0	22.0	12.3928170501	5.17486043719
1170.0	22.0	12.9130868011	5.04884806294
1180.0	22.0	13.433146087	4.92259702889
1190.0	22.0	13.953415838	4.79658465464
1200.0	22.0	14.4736855889	4.67057228039
1210.0	22.0	14.9939553399	4.54455990614
1660.0	33.0	-0.0164162785508	4.84216867639
1670.0	33.0	0.459024404093	4.85099908898
1680.0	33.0	0.934675551847	4.85982950156
1690.0	33.0	1.41011623449	4.86865991415
1700.0	33.0	1.89860575393	4.90278826551
1710.0	33.0	2.38730573848	4.93691661687
1720.0	33.0	2.86590339777	4.9972975462
1730.0	33.0	3.30514408156	5.1634047668
1740.0	33.0	3.74438476535	5.3292733276
1750.0	33.0	4.19877893703	5.4175774535
1760.0	33.0	4.65485682959	5.4970511668
1770.0	33.0	4.97055449403	5.57175168411
1780.0	33.0	5.14587193034	5.64120168583
1790.0	33.0	5.30477308811	5.70444653275
1800.0	33.0	5.31592773892	5.71017436794
1810.0	33.0	5.32687192462	5.71566354334
1820.0	33.0	5.33781611032	5.72115271873
1830.0	33.0	5.34897076113	5.72664189412
1840.0	33.0	5.35991494683	5.73236972932
1850.0	33.0	5.37085913253	5.73785890471
1860.0	33.0	5.38201378334	5.7433480801
1870.0	33.0	5.39295796904	5.7488372555
1880.0	33.0	5.40390215475	5.75456509069
1890.0	33.0	5.41484634045	5.76005426608
1900.0	33.0	5.42600099126	5.76554344148
1910.0	33.0	5.43694517696	5.77103261687
1920.0	33.0	5.44788936266	5.77676045206
1930.0	33.0	5.45904401347	5.78224962746
1940.0	33.0	5.46998819917	5.78773880285
1950.0	33.0	5.48093238487	5.79322797824
1960.0	33.0	5.49208703568	5.79895581344
1970.0	33.0	5.72191493539	5.79036406065
1980.0	33.0	5.97636725293	5.78057900886
1990.0	33.0	6.30974398657	5.71828880113
2000.0	33.0	6.72225560144	5.60373209727
2010.0	33.0	7.13476721631	5.48917539341
2020.0	33.0	7.58053231849	5.45409240285
2030.0	33.0	8.02608695557	5.41900941229
2040.0	33.0	8.47185205776	5.38392642174
2050.0	33.0	8.91467064841	5.34263827639
2060.0	33.0	9.35559505307	5.29705425464
2070.0	33.0	9.79672992285	5.25170889269
2080.0	33.0	10.2376543275	5.20612487095
2080.0	37.0	14.7140367441	4.72546403433
2090.0	33.0	10.670581058	5.14383466322
2090.0	37.0	14.0453890909	4.96412383404
2100.0	33.0	11.0915112773	5.05648517653
2100.0	37.0	13.4449321331	5.15075579742
2110.0	33.0	11.5124414965	4.96889703003
2110.0	37.0	12.8613123841	5.32426147181
2120.0	33.0	11.9617845056	4.89873104892
2120.0	37.0	12.2720100772	5.4977671462
2130.0	33.0	12.454062397	4.85481764577
2130.0	37.0	11.6789193982	5.67151148039
2140.0	33.0	12.9461298233	4.81066558282
2140.0	37.0	11.0864601146	5.81184344262
2150.0	33.0	13.4384077147	4.76651351988
2150.0	37.0	10.4952636217	5.90277282631
2160.0	33.0	13.930475141	4.72260011673
2160.0	37.0	9.90953922161	6.01804550957
2170.0	33.0	14.4227530324	4.67844805378
2170.0	37.0	9.33707412343	6.18988056537
2180.0	33.0	14.9148204587	4.63429599084
2180.0	37.0	8.76460902525	6.36171562116
2190.0	37.0	8.17867416005	6.46600995364
2200.0	37.0	7.5893718531	6.55359810013
2210.0	37.0	7.00006954615	6.64118624663
2220.0	37.0	6.42928816884	6.69822593876
2230.0	37.0	5.86334748906	6.7473898575
2240.0	37.0	5.29719634416	6.79679243604
2250.0	37.0	4.69526613064	6.86695841716
2260.0	37.0	4.08933708002	6.93927233647
2270.0	37.0	3.48361849452	7.01158625578
2280.0	37.0	2.93977665125	7.11444862946
2290.0	37.0	2.43739643457	7.23759708611
2300.0	37.0	1.9350162179	7.36074554276
2310.0	37.0	1.49745925499	7.48651925721
2320.0	37.0	1.12514647606	7.61515688926
2330.0	37.0	0.752833697131	7.7435558615
2340.0	37.0	0.6800127692	7.92756256708
2350.0	37.0	0.6406557937	8.11777442745
2360.0	37.0	0.601088353091	8.30798628782
2370.0	37.0	0.561731377591	8.4981981482
2380.0	37.0	0.522163936981	8.68841000857
2390.0	37.0	0.482806961481	8.87862186894
2400.0	37.0	0.443239520871	9.06859506951
2530.0	39.0	14.7205611625	5.03906301115
2540.0	39.0	14.2169181552	5.10731971387
2550.0	39.0	13.7132751479	5.17557641659
2560.0	39.0	13.1403891195	5.25337951129
2570.0	39.0	12.5214112321	5.33762642059
2580.0	39.0	11.9024333447	5.42187332989
2590.0	39.0	11.3030287124	5.4970511668
2600.0	39.0	10.781917101	5.53690735335
2610.0	39.0	10.2605950245	5.5767635399
2620.0	39.0	9.73948341303	5.61638106666
2630.0	39.0	9.2183718016	5.65623725321
2640.0	39.0	8.71914856157	5.65074807782
2650.0	39.0	8.21992532153	5.64502024262
2660.0	39.0	7.7207020815	5.63953106723
2670.0	39.0	7.22147884147	5.63404189184
2680.0	39.0	6.73362071736	5.65194137681
2690.0	39.0	6.25081375588	5.68010323318
2700.0	39.0	5.7680067944	5.70826508955
2710.0	39.0	5.26709983349	5.67890993418
2720.0	39.0	4.72431031576	5.51566663118
2730.0	39.0	4.18152079804	5.35218466837
2740.0	39.0	3.63873128032	5.18894136537
2750.0	39.0	3.10246618099	5.03667641315
2760.0	39.0	2.57230456984	4.89515115192
2770.0	39.0	2.04235342381	4.75386455049
2780.0	39.0	1.50251041762	4.65601403261
2790.0	39.0	0.960562760331	4.56914186551
2800.0	39.0	0.418404637936	4.48250835822
2810.0	39.0	-0.12375348446	4.39563619112
2870.0	40.0	15.0358378968	3.83574030099
2880.0	40.0	14.5279855872	3.90161040572
2890.0	40.0	14.0199228126	3.96748051044
2900.0	40.0	13.511860038	4.03335061516
2910.0	40.0	13.0526251688	4.09850474048
2920.0	40.0	12.5933902996	4.163420206
2930.0	40.0	12.1343658955	4.22857433132
2940.0	40.0	11.6340903299	4.27964752846
2950.0	40.0	11.1165566253	4.32499289041
2960.0	40.0	10.5988124556	4.37009959255
2970.0	40.0	10.0812787511	4.4152062947
2980.0	40.0	9.6294101607	4.499453204
2990.0	40.0	9.17754157033	4.5837001133
3000.0	40.0	8.72567297996	4.6679470226
3010.0	40.0	8.26706950609	4.7481367153
3020.0	40.0	7.80404626491	4.82570115021
3030.0	40.0	7.34102302374	4.90326558511
3040.0	40.0	6.87799978256	4.98083002002
3040.0	44.0	0.300754641655	4.86603465636
3050.0	40.0	6.44023235454	5.02736868096
3050.0	44.0	0.781667417149	4.84049805779
3060.0	40.0	6.01930213529	5.05314393933
3060.0	44.0	1.26279065775	4.81496145922
3070.0	40.0	5.59837191604	5.0789191977
3070.0	44.0	1.75633133983	4.78178774706
3080.0	40.0	5.17744169679	5.10469445607
3080.0	44.0	2.27933713724	4.73119186952
3090.0	40.0	4.77334868631	5.17414445779
3090.0	44.0	2.80234293466	4.68059599198
3100.0	40.0	4.37114986181	5.2483676555
3100.0	44.0	3.32534873208	4.63000011444
3110.0	40.0	3.96895103732	5.32259085321
3110.0	44.0	3.86392894762	4.57391506151
3120.0	40.0	3.56675221282	5.39681405092
3120.0	44.0	4.40250916315	4.51759134878
3130.0	40.0	3.18012780644	5.4963351874
3130.0	44.0	4.94087891357	4.46150629584
3130.0	46.0	0.535212773778	4.00256350099
3140.0	40.0	2.81707549234	5.63356457224
3140.0	44.0	5.45672889726	4.42355938769
3140.0	46.0	1.08389531457	4.04528360514
3150.0	40.0	2.45402317823	5.77079395707
3150.0	44.0	5.95721492795	4.39778412932
3150.0	46.0	1.63257785537	4.08800370929
3160.0	40.0	2.09097086413	5.90802334191
3160.0	44.0	6.45791142375	4.37200887095
3160.0	46.0	2.15768830388	4.14647536022
3170.0	40.0	1.71444878301	6.07222128411
3170.0	44.0	6.95839745444	4.34623361258
3170.0	46.0	2.66680340407	4.21592536194
3180.0	40.0	1.31751158626	6.27675273246
3180.0	44.0	7.49487301887	4.31449185922
3180.0	46.0	3.17591850425	4.28513670385
3190.0	40.0	0.920574389502	6.48128418082
3190.0	44.0	8.03513695528	4.28227278626
3190.0	46.0	3.67072197698	4.31663979742
3200.0	40.0	0.523847657858	6.68581562917
3200.0	44.0	8.5756113568	4.2500537133
3200.0	46.0	4.15100335714	4.31067330242
3210.0	40.0	0.2864430142	6.92113419169
3210.0	44.0	9.10829854926	4.20423103175
3210.0	46.0	4.63128473731	4.30446814763
3220.0	40.0	0.0667174397513	7.1597939914
3220.0	44.0	9.61088923105	4.10423257567
3220.0	46.0	5.11156611748	4.29826299284
3230.0	44.0	10.1132694477	4.00399545979
3230.0	46.0	5.63204633358	4.25506556909
3240.0	44.0	10.6194380364	3.90280370471
3240.0	46.0	6.17925561861	4.18680886637
3250.0	44.0	11.1594915077	3.79158823805
3250.0	46.0	6.72646490363	4.11855216365
3260.0	44.0	11.6997554441	3.68013411158
3260.0	46.0	7.2679916307	4.05530731673
3270.0	44.0	12.2385461247	3.5815676143
3270.0	46.0	7.75921719656	4.03693051215
3280.0	44.0	12.7647088988	3.59922843948
3280.0	46.0	8.25023229732	4.01855370758
3290.0	44.0	13.2908716729	3.61712792446
3290.0	46.0	8.74124739808	4.0004155628
3300.0	44.0	13.8170344469	3.63478874964
3300.0	46.0	9.24110203344	3.98442535622
3310.0	44.0	14.343197221	3.65244957481
3310.0	46.0	9.775893877	3.97798154162
3320.0	44.0	14.869359995	3.67011039999
3320.0	46.0	10.3104752554	3.97153772703
3330.0	46.0	10.845267099	3.96509391244
3340.0	46.0	11.3813217332	3.96509391244
3350.0	46.0	11.9188496232	3.97153772703
3360.0	46.0	12.4563775132	3.97798154162
3370.0	46.0	12.9939054032	3.98442535622
3380.0	46.0	13.5314332932	3.99086917081
3390.0	46.0	14.0689611831	3.9973129854
3400.0	46.0	14.6064890731	4.00375679999
3410.0	46.0	15.1440169631	4.01020061459
3760.0	62.0	0.22477673708	2.90401244291
3770.0	62.0	0.668226723061	2.92954904148
3780.0	62.0	1.11167670904	2.95508564005
3790.0	62.0	1.55512669502	2.98062223862
3800.0	62.0	2.01751854087	2.90926295851
3810.0	62.0	2.48201503781	2.82692532761
3820.0	62.0	2.94651153476	2.7445876967
3830.0	62.0	3.40511500863	2.7445876967
3840.0	62.0	3.8635080174	2.7445876967
3850.0	62.0	4.33326614208	2.75842996509
3860.0	62.0	4.84848473044	2.82740264721
3860.0	64.0	15.0061623163	3.3355093608
3870.0	62.0	5.3634928537	2.89661398912
3870.0	64.0	14.585232097	3.04076450815
3880.0	62.0	5.87871144206	2.96558667124
3880.0	64.0	14.1767193193	2.81093512103
3890.0	62.0	6.3606765431	3.03360471416
3890.0	64.0	13.7869379362	2.67824027238
3900.0	62.0	6.79339280849	3.09995213848
3900.0	64.0	13.3973670183	2.54578408354
3910.0	62.0	7.22589860877	3.1662995628
3910.0	64.0	13.0961914464	2.328365006
3920.0	62.0	7.65861487416	3.23240832732
3920.0	64.0	12.8331100594	2.07490829871
3930.0	62.0	8.1426846263	3.2457732761
3930.0	64.0	12.5700286724	1.82121293161
3940.0	62.0	8.63980321524	3.2457732761
3940.0	64.0	12.3069472854	1.53792374935
3950.0	62.0	9.13692180417	3.2457732761
3950.0	64.0	12.0438658983	1.22456343233
3960.0	62.0	9.633829928	3.2457732761
3960.0	64.0	11.7807845113	0.911441775106
3970.0	62.0	10.1303171216	3.2483985339
3970.0	64.0	11.5385391701	0.620515479255
3980.0	62.0	10.6215426875	3.27488977167
3980.0	64.0	11.3447008041	0.381855679542
3990.0	62.0	11.1125577882	3.30138100944
3990.0	64.0	11.1508624382	0.143195879828
4000.0	62.0	11.603572889	3.3278722472
4000.0	64.0	10.9570240722	-0.0954639198854
4010.0	62.0	12.1030065941	3.34123719599
4010.0	64.0	10.7629752411	-0.334123719599
4020.0	62.0	12.6108589037	3.34123719599
4030.0	62.0	13.1187112132	3.34123719599
4040.0	62.0	13.6263530576	3.34123719599
4050.0	62.0	14.1342053671	3.34123719599
4060.0	62.0	14.6420576766	3.34123719599
4070.0	62.0	15.1499099862	3.34123719599
5320.0	88.0	0.516691844131	4.33525526179
5330.0	88.0	1.08705229122	4.36604237596
5340.0	88.0	1.65720227319	4.39682949012
5350.0	88.0	2.18420690769	4.39921608812
5360.0	88.0	2.64596735821	4.35959856137
5370.0	88.0	3.10793827384	4.31974237481
5370.0	92.0	15.1478053351	3.09398564349
5380.0	88.0	3.56969872436	4.27988618826
5380.0	92.0	14.6757320942	3.20233719256
5380.0	93.0	15.0061623163	3.84242277539
5390.0	88.0	3.98578824609	4.14719133962
5390.0	92.0	14.2038693184	3.31092740142
5390.0	93.0	14.5635541908	3.8343083422
5400.0	88.0	4.39072311701	3.99110783061
5400.0	92.0	13.7317960775	3.41927895049
5400.0	93.0	14.1207356001	3.82595524921
5410.0	88.0	4.79860449946	3.87225525035
5410.0	92.0	13.2683519061	3.50495781859
5410.0	93.0	13.6796007303	3.8307284452
5420.0	88.0	5.21953471871	3.90208772531
5420.0	92.0	12.8173251762	3.55603101573
5420.0	93.0	13.2529879531	3.95339958225
5430.0	88.0	5.65098819345	3.94981968526
5430.0	92.0	12.3662984463	3.60710421287
5430.0	93.0	12.8263751759	4.07583205951
5440.0	88.0	6.0893870168	4.00948463519
5440.0	92.0	11.9152717163	3.65841606981
5440.0	93.0	12.3997623987	4.19850319656
5450.0	88.0	6.51621025912	4.06175113132
5450.0	92.0	11.4682438235	3.72309287553
5450.0	93.0	11.9754647377	4.29110319885
5460.0	88.0	6.89652071221	4.0849011319
5460.0	92.0	11.0374217441	3.84242277539
5460.0	93.0	11.5545345184	4.33883515879
5470.0	88.0	7.27662070019	4.10805113247
5470.0	92.0	10.6063891996	3.96175267524
5470.0	93.0	11.1336042992	4.38656711873
5480.0	88.0	7.65356371153	4.12260938025
5480.0	92.0	10.1755671202	4.0810825751
5480.0	93.0	10.7126740799	4.43429907868
5490.0	88.0	8.00125207263	4.06031917252
5490.0	92.0	9.74453457566	4.20041247496
5490.0	93.0	10.2967950233	4.53787743175
5500.0	88.0	8.34915089884	3.9980289648
5500.0	92.0	9.39642528434	4.24170062031
5500.0	93.0	9.88154736203	4.64742227982
5510.0	88.0	8.77302762963	3.92523772589
5510.0	92.0	9.04831599302	4.28298876566
5510.0	93.0	9.46629970074	4.75696712789
5520.0	88.0	9.21605668539	3.85005988898
5520.0	92.0	8.7002067017	4.32427691101
5520.0	93.0	9.06620552734	4.84980578998
5530.0	88.0	9.66371597357	3.93239751988
5530.0	92.0	8.35230787549	4.36556505636
5530.0	93.0	8.72630437529	4.87414908955
5540.0	88.0	10.111796192	4.03263463576
5540.0	92.0	8.00419858417	4.40685320171
5540.0	93.0	8.38619275814	4.89873104892
5550.0	88.0	10.5598764104	4.13263309184
5550.0	92.0	7.66913812964	4.39205629413
5550.0	93.0	8.04629160609	4.92307434849
5560.0	88.0	11.0536275575	4.21640268154
5560.0	92.0	7.33765558198	4.36317845836
5560.0	93.0	7.70849510514	4.94025785407
5570.0	88.0	11.5587438206	4.29587639484
5570.0	92.0	7.00596256921	4.3343006226
5570.0	93.0	7.37617069705	4.94025785407
5580.0	88.0	12.0638600837	4.37535010815
5580.0	92.0	6.6666928125	4.25530422889
5580.0	93.0	7.04384628895	4.94025785407
5590.0	88.0	12.55592751	4.4961119668
5590.0	92.0	6.31963584673	4.12618927725
5590.0	93.0	6.71152188085	4.94025785407
5600.0	88.0	13.0448379597	4.62689753704
5600.0	92.0	5.97257888095	3.9973129854
5600.0	93.0	6.40508468123	4.89443517252
5610.0	88.0	13.5335379443	4.75768310729
5610.0	92.0	5.62573238029	3.86819803376
5610.0	93.0	6.1245346901	4.80255114963
5620.0	88.0	14.051492579	4.84383929498
5620.0	92.0	5.2628905313	3.75507328869
5620.0	93.0	5.84398469897	4.71066712674
5630.0	88.0	14.5818646553	4.9106640389
5630.0	92.0	4.89604984522	3.64600576022
5630.0	93.0	5.56322424273	4.61902176365
5640.0	88.0	15.1122367316	4.97748878282
5640.0	92.0	4.52920915914	3.53693823175
5640.0	93.0	5.19322658001	4.51067021458
5650.0	92.0	4.17583824008	3.46724957024
5650.0	93.0	4.76345682615	4.39134031473
5660.0	92.0	3.85340569213	3.48968359141
5660.0	93.0	4.34694637421	4.28823928125
5670.0	92.0	3.5311836093	3.51211761258
5670.0	93.0	3.98284173455	4.2493377339
5680.0	92.0	3.2053836196	3.52834647896
5680.0	93.0	3.61894756001	4.21067484634
5690.0	92.0	2.84822432856	3.48944493161
5690.0	93.0	3.25484292036	4.17201195879
5700.0	92.0	2.49085457242	3.45054338426
5700.0	93.0	2.85958944448	4.13478103004
5710.0	92.0	2.13348481627	3.4116418369
5710.0	93.0	2.43339759749	4.09898206008
5720.0	92.0	1.77632552524	3.37297894935
5720.0	93.0	2.0072057505	4.06318309012
5730.0	92.0	1.42042902486	3.34386245379
5730.0	93.0	1.58101390351	4.02738412016
5740.0	92.0	1.06495345471	3.31737121602
5740.0	93.0	1.24300693745	3.98466401602
5750.0	92.0	0.709477884548	3.29087997825
5750.0	93.0	0.993184852323	3.93478411788
5760.0	92.0	0.35400231439	3.26438874048
5760.0	93.0	0.743152302088	3.88514287954
5770.0	92.0	-0.00147325576738	3.23789750271
5770.0	93.0	0.493330216962	3.83550164119
5780.0	93.0	0.243297666727	3.78562174305
