320.0	16.0	15.0158437113	4.40565990271
330.0	16.0	14.4324344275	4.35792794277
340.0	16.0	13.8492356087	4.31019598282
350.0	16.0	13.2658263248	4.26246402288
360.0	16.0	12.6689472739	4.30685474563
370.0	16.0	12.0659647348	4.39062433533
380.0	16.0	11.4629821958	4.47463258483
390.0	16.0	10.8599996567	4.55840217453
400.0	16.0	10.2917438607	4.77319599427
410.0	16.0	9.7234880647	4.98798981401
420.0	16.0	9.15523226871	5.20278363375
430.0	16.0	8.58697647272	5.4175774535
440.0	16.0	8.07512532611	5.63690580943
450.0	16.0	7.56306371439	5.85623416537
460.0	16.0	7.05121256778	6.07556252131
470.0	16.0	6.55114746731	6.29536819684
480.0	16.0	6.07886376131	6.51660583118
490.0	16.0	5.60658005531	6.73784346551
500.0	16.0	5.13429634931	6.95908109984
510.0	16.0	4.66053938755	7.16695378539
520.0	16.0	4.18088940271	7.32232131501
530.0	16.0	3.70123941787	7.47792750442
540.0	16.0	3.22158943304	7.63329503403
550.0	16.0	2.7419394482	7.78866256365
560.0	16.0	2.33763597261	7.98818215621
570.0	16.0	1.94175110141	8.19295226436
580.0	16.0	1.5458662302	8.39748371272
590.0	16.0	1.14998135899	8.60201516107
600.0	16.0	0.866484856328	8.81060382602
610.0	16.0	0.630974398657	9.02086310957
620.0	16.0	0.395463940986	9.23112239312
630.0	16.0	0.159953483315	9.44138167666
640.0	16.0	-0.0757674394652	9.65140230041
710.0	25.0	14.8697809253	4.68465320858
720.0	25.0	14.3185728032	4.82092795421
730.0	25.0	13.721272822	4.98440991702
740.0	25.0	13.0162147048	5.21113672674
750.0	25.0	12.3355705403	5.44406869126
750.0	30.0	0.0420930219251	5.53690735335
760.0	25.0	11.7119624204	5.69155890357
760.0	30.0	0.618977887409	5.63404189184
770.0	25.0	11.0883543006	5.93904911587
770.0	30.0	1.19565228778	5.73141509012
780.0	25.0	10.4742171107	6.20778005035
780.0	30.0	1.77632552524	5.828072309
790.0	25.0	9.86618340903	6.49059191301
790.0	30.0	2.36562783219	5.92353622889
800.0	25.0	9.25814970732	6.77340377567
800.0	30.0	2.95493013914	6.01900014877
810.0	25.0	8.63601484326	6.97674192502
810.0	30.0	3.54423244609	6.11446406866
820.0	25.0	8.01240672344	7.17124966179
820.0	30.0	4.11901266048	6.16768520399
830.0	25.0	7.38585209209	7.35072183117
830.0	30.0	4.69042543311	6.21016664834
840.0	25.0	6.74751141459	7.47005173103
840.0	30.0	5.26162774064	6.25288675249
850.0	25.0	6.1091707371	7.58938163089
850.0	30.0	5.87555446542	6.21303056594
860.0	25.0	5.47083005961	7.70632493275
860.0	30.0	6.48927072508	6.17341303919
870.0	25.0	4.83248938211	7.81419916222
870.0	30.0	7.07920442736	6.14429654362
880.0	25.0	4.19435916973	7.92207339169
880.0	30.0	7.65335324642	6.12281716165
890.0	25.0	3.56275337574	8.02875432216
890.0	30.0	8.22729160037	6.10109911987
900.0	25.0	2.99049874267	8.12565020084
900.0	30.0	8.80796483783	6.06911870671
910.0	25.0	2.41845457471	8.22254607953
910.0	30.0	9.4042124934	6.01351097338
920.0	25.0	1.84619994164	8.31944195821
920.0	30.0	10.0006706141	5.95766458025
930.0	25.0	1.38738600265	8.54402082974
930.0	30.0	10.5626124568	5.92067231129
940.0	25.0	0.941199970245	8.78268062945
940.0	30.0	11.0443670927	5.92687746608
950.0	25.0	0.625923236026	9.05308218253
950.0	30.0	11.5263321938	5.93332128068
960.0	25.0	0.507220914198	9.37145435535
960.0	30.0	12.0080868297	5.93952643547
970.0	25.0	0.388518592369	9.68958786837
970.0	30.0	12.3675612369	5.95265272445
980.0	25.0	0.26981627054	10.0077213814
980.0	30.0	12.6043344853	5.97246148783
990.0	25.0	0.151113948711	10.3260935542
990.0	30.0	12.8175356413	5.99036097281
1000.0	30.0	12.818798432	5.99059963261
1010.0	30.0	12.8202716877	5.99083829241
1020.0	30.0	12.8215344784	5.99107695221
1030.0	30.0	12.8230077342	5.99131561201
1040.0	30.0	12.8244809899	5.99179293161
1050.0	30.0	12.8257437806	5.99203159141
1060.0	30.0	12.8272170363	5.99227025121
1070.0	30.0	12.828479827	5.99250891101
1080.0	30.0	12.8299530828	5.9927475708
1090.0	30.0	12.8312158734	5.9929862306
1100.0	30.0	12.8326891292	5.9932248904
1110.0	30.0	12.834162385	5.9934635502
1120.0	30.0	12.8354251756	5.99370221
1130.0	30.0	12.8368984314	5.9939408698
1140.0	30.0	12.838161222	5.9944181894
1150.0	30.0	12.8396344778	5.9946568492
1160.0	30.0	12.8408972685	5.994895509
1170.0	30.0	12.8423705242	5.9951341688
1180.0	30.0	12.84384378	5.9953728286
1190.0	30.0	12.8451065707	5.9956114884
1200.0	30.0	12.8465798264	5.9958501482
1210.0	30.0	12.8478426171	5.996088808
1220.0	30.0	12.8493158729	5.9963274678
1230.0	30.0	12.8505786635	5.9965661276
1240.0	30.0	12.8520519193	5.9968047874
1250.0	30.0	12.8535251751	5.997282107
1260.0	30.0	12.8547879657	5.9975207668
1270.0	30.0	12.8562612215	5.9977594266
1280.0	30.0	12.8575240121	5.9979980864
1290.0	30.0	12.8589972679	5.9982367462
1300.0	30.0	12.8602600586	5.998475406
1310.0	30.0	12.8617333143	5.9987140658
1320.0	30.0	12.8632065701	5.9989527256
1330.0	30.0	12.8644693608	5.9991913854
1340.0	30.0	12.8659426165	5.9994300452
1350.0	30.0	12.8672054072	5.9999073648
1360.0	30.0	12.8686786629	6.0001460246
1370.0	30.0	12.8699414536	6.0003846844
1380.0	30.0	12.8714147094	6.0006233442
1390.0	30.0	12.8728879651	6.00086200399
1400.0	30.0	12.8741507558	6.00110066379
1410.0	30.0	12.8756240116	6.00133932359
1420.0	30.0	12.8768868022	6.00157798339
1430.0	30.0	12.878360058	6.00181664319
1440.0	30.0	12.8796228486	6.00205530299
1450.0	30.0	12.8810961044	6.00229396279
1460.0	30.0	12.8825693602	6.00277128239
1470.0	30.0	12.8838321508	6.00300994219
1480.0	30.0	12.8853054066	6.00324860199
1490.0	30.0	12.8865681973	6.00348726179
1500.0	30.0	12.888041453	6.00372592159
1510.0	30.0	12.8893042437	6.00396458139
1520.0	30.0	12.8907774995	6.00420324119
1530.0	30.0	12.8922507552	6.00444190099
1540.0	30.0	12.8935135459	6.00468056079
1550.0	30.0	12.8949868016	6.00491922059
1560.0	30.0	12.8962495923	6.00539654019
1570.0	30.0	12.8977228481	6.00563519999
1580.0	30.0	12.8989856387	6.00587385979
1590.0	30.0	12.9004588945	6.00611251959
1600.0	30.0	12.9019321503	6.00635117939
1610.0	30.0	12.9031949409	6.00658983919
1620.0	30.0	12.9046681967	6.00682849899
1630.0	30.0	12.9059309873	6.00706715879
1640.0	30.0	12.9074042431	6.00730581859
1650.0	30.0	12.9086670338	6.00754447839
1660.0	30.0	12.9101402895	6.00778313819
1670.0	30.0	12.9116135453	6.00826045779
1680.0	30.0	12.912876336	6.00849911759
1680.0	38.0	0.158269762438	5.75623570929
1690.0	30.0	12.9143495917	6.00873777739
1690.0	38.0	0.634341840411	5.77890839026
1700.0	30.0	12.9156123824	6.00897643719
1700.0	38.0	1.11041391838	5.80181973103
1710.0	30.0	12.9170856382	6.00921509698
1710.0	38.0	1.58648599636	5.82449241201
1720.0	30.0	12.9183484288	6.00945375678
1720.0	38.0	2.06255807433	5.84716509298
1730.0	30.0	12.9198216846	6.00969241658
1730.0	38.0	2.52663364105	5.90229550671
1740.0	30.0	12.9212949403	6.00993107638
1740.0	38.0	2.99070920778	5.95742592045
1750.0	30.0	12.922557731	6.01016973618
1750.0	38.0	3.4547847745	6.01231767438
1760.0	30.0	12.9240309868	6.01040839598
1760.0	38.0	3.91759755057	6.06458417052
1770.0	30.0	12.9252937774	6.01088571558
1770.0	38.0	4.36715102473	6.09179138769
1780.0	30.0	12.9267670332	6.01112437538
1780.0	38.0	4.81670449889	6.11899860485
1790.0	30.0	12.9280298239	6.01136303518
1790.0	38.0	5.26646843816	6.14596716222
1800.0	30.0	12.9295030796	6.01160169498
1800.0	38.0	5.71602191232	6.17317437939
1810.0	30.0	12.9309763354	6.01184035478
1810.0	38.0	6.15989282852	6.17723159598
1820.0	30.0	12.9322391261	6.01207901458
1820.0	38.0	6.60144862851	6.17150376079
1830.0	30.0	12.9337123818	6.01231767438
1830.0	38.0	7.0427939634	6.1655372658
1840.0	30.0	12.9349751725	6.01255633418
1840.0	38.0	7.48434976339	6.1598094306
1850.0	30.0	12.9364484282	6.01279499398
1850.0	38.0	7.92548463317	6.11995324405
1860.0	30.0	12.9377112189	6.01303365378
1860.0	38.0	8.36640903783	6.05742437653
1870.0	30.0	12.9391844747	6.01327231358
1870.0	38.0	8.80754390761	5.994895509
1880.0	30.0	12.9406577304	6.01374963318
1880.0	38.0	9.24846831227	5.93236664148
1890.0	30.0	12.9419205211	6.01398829298
1890.0	38.0	9.70412527461	5.88463468153
1900.0	30.0	12.9433937769	6.01422695278
1900.0	38.0	10.1818810735	5.85885942317
1900.0	44.0	0.00378837197326	6.48390943861
1910.0	30.0	12.8326891292	6.10730427467
1910.0	38.0	10.6598473374	5.8330841648
1910.0	44.0	0.341795338032	6.50920737738
1910.0	46.0	0.757674394652	0.119329899857
1920.0	30.0	12.6942030871	6.22377025693
1920.0	38.0	11.1376031363	5.80707024663
1920.0	44.0	0.679591838981	6.53426665635
1920.0	46.0	0.734312767483	0.640801562231
1930.0	30.0	12.5555065798	6.34023623919
1930.0	38.0	11.5717926574	5.81232076222
1930.0	44.0	1.01738833993	6.55932593532
1930.0	46.0	0.710951140315	1.1622732246
1940.0	30.0	12.4170205377	6.45670222145
1940.0	38.0	11.9872507838	5.8306975668
1940.0	44.0	1.35518484088	6.58438521429
1940.0	46.0	0.656651142032	1.65391241201
1950.0	30.0	12.1996100794	6.53020943976
1950.0	38.0	12.4029193753	5.84907437138
1950.0	44.0	1.71150227147	6.51732181057
1950.0	46.0	0.530372076256	2.07562427811
1960.0	30.0	11.9487356688	6.58510119369
1960.0	38.0	12.8183775017	5.86745117596
1960.0	44.0	2.06992435317	6.43999603547
1960.0	46.0	0.404093010481	2.4970974844
1970.0	30.0	11.6989135836	6.63999294763
1970.0	38.0	13.1972146991	5.96386973504
1970.0	44.0	2.42834643486	6.36243160056
1970.0	46.0	0.270658130978	2.90472842231
1980.0	30.0	11.4600356842	6.69154346437
1980.0	38.0	13.5670018967	6.0800970575
1980.0	44.0	2.78108595859	6.28009396966
1980.0	46.0	0.120175577596	3.27990162746
1990.0	30.0	11.2211577848	6.7430939811
1990.0	38.0	13.9367890943	6.19608572016
1990.0	44.0	3.11193711092	6.17794757538
1990.0	46.0	-0.0300965106765	3.65483617281
2000.0	30.0	10.9822798854	6.79464449784
2000.0	38.0	14.3097332685	6.29083366065
2000.0	44.0	3.44257779814	6.07556252131
2000.0	46.0	-0.180368598949	4.03000937796
2010.0	30.0	10.7486636137	6.87220893275
2010.0	38.0	14.7115111628	6.19322180256
2010.0	44.0	3.77700685734	6.00921509698
2020.0	30.0	10.5228345511	6.98867491501
2020.0	38.0	15.1132890571	6.09560994448
2020.0	44.0	4.11711847449	5.9970434472
2020.0	53.0	14.8142181363	6.96982079083
2030.0	30.0	10.2967950233	7.10514089727
2030.0	44.0	4.45701962654	5.98487179741
2030.0	53.0	14.2617472236	7.01970068897
2040.0	30.0	10.0709659607	7.22160687953
2040.0	44.0	4.79692077859	5.97270014763
2040.0	53.0	13.7054879388	7.05860223632
2050.0	30.0	9.8306148055	7.36599605836
2050.0	44.0	5.17154867372	5.90683004291
2050.0	53.0	13.1161856319	7.00132388439
2060.0	30.0	9.55637876766	7.5755393625
2060.0	44.0	5.58090331194	5.78750014305
2060.0	53.0	12.5268833249	6.94404553246
2070.0	30.0	9.28214272981	7.78532132645
2070.0	44.0	5.99004748505	5.66817024319
2070.0	53.0	11.9365286924	6.94309089326
2080.0	30.0	9.00790669197	7.9951032904
2080.0	44.0	6.39940212327	5.54884034334
2080.0	53.0	11.3457531297	6.97984450242
2090.0	30.0	8.71072995718	8.10751205607
2090.0	44.0	6.80749397084	5.39371147352
2090.0	53.0	10.7547671019	7.01659811158
2100.0	30.0	8.41355322239	8.21968216193
2100.0	44.0	7.21579628351	5.23452538712
2100.0	53.0	10.2601740942	7.23139193132
2110.0	30.0	8.11658695271	8.3320909276
2110.0	44.0	7.62388813108	5.07557796051
2110.0	53.0	9.76558108662	7.44618575106
2120.0	30.0	7.82677649675	8.35595690757
2120.0	44.0	8.0397671877	4.97844342202
2120.0	53.0	9.34465086737	7.65310379741
2130.0	30.0	7.54201720343	8.32087391701
2130.0	44.0	8.46069740695	4.92283568869
2130.0	53.0	8.90456832315	7.80536874963
2140.0	30.0	7.25725791011	8.28579092645
2140.0	44.0	8.8816276262	4.86698929556
2140.0	53.0	8.44533345394	7.90298060771
2150.0	30.0	6.96471140773	8.26311824548
2150.0	44.0	9.30255784545	4.81472279942
2150.0	53.0	7.98715091029	7.94140483547
2160.0	30.0	6.64101606912	8.29056412245
2160.0	44.0	9.7234880647	4.76436558168
2160.0	53.0	7.53107301773	7.84188369898
2170.0	30.0	6.31711026541	8.31824865921
2170.0	44.0	10.144418284	4.71424702374
2170.0	53.0	7.07520559028	7.7426012223
2180.0	30.0	5.99825562433	8.34712649498
2180.0	44.0	10.5653485032	4.663889806
2180.0	53.0	6.52694397971	7.65811565321
2190.0	30.0	5.68255795989	8.37695896994
2190.0	44.0	10.9635484906	4.62284032045
2190.0	53.0	5.96836957876	7.5755393625
2200.0	30.0	5.36686029545	8.40679144491
2200.0	44.0	11.3560659201	4.5841774329
2200.0	53.0	5.39001145751	7.52017028897
2210.0	30.0	5.11493355923	8.46168319884
2210.0	44.0	11.7485833495	4.54551454534
2210.0	53.0	4.76598240747	7.52852338196
2220.0	30.0	4.95876844789	8.55404454133
2220.0	44.0	12.1427844998	4.50804495679
2220.0	53.0	4.14174289232	7.53663781515
2230.0	30.0	4.80260333654	8.64640588382
2230.0	44.0	12.5525600683	4.48298567782
2230.0	53.0	3.51750337717	7.55119606293
2240.0	30.0	4.69779171195	8.71418526694
2240.0	44.0	12.9623356367	4.45792639885
2240.0	53.0	2.89326386202	7.5750620429
2250.0	30.0	4.71231380452	8.72468629812
2250.0	44.0	13.3723216703	4.43286711988
2250.0	53.0	2.26881388176	7.59892802288
2260.0	30.0	4.72704636219	8.73494866951
2260.0	44.0	13.7709425879	4.4152062947
2260.0	53.0	1.67530227262	7.61324761086
2270.0	30.0	4.74177891986	8.7452110409
2270.0	44.0	14.1432553668	4.4152062947
2270.0	53.0	1.12809298759	7.61324761086
2280.0	30.0	4.75630101243	8.75571207209
2280.0	44.0	14.5155681458	4.4152062947
2280.0	53.0	0.580883702566	7.61324761086
2290.0	30.0	4.7710335701	8.76597444348
2290.0	44.0	14.8878809247	4.4152062947
2290.0	53.0	0.0336744175401	7.61324761086
2300.0	30.0	4.78555566267	8.77647547466
2300.0	44.0	15.2604041687	4.4152062947
2310.0	30.0	4.80028822034	8.78673784605
2320.0	30.0	4.8148103129	8.79723887724
2330.0	30.0	4.82954287058	8.80750124863
2340.0	30.0	4.84427542825	8.81800227981
2350.0	30.0	4.85879752081	8.8282646512
2360.0	30.0	4.84680100957	8.828503311
2370.0	30.0	4.82828007992	8.826116713
2380.0	30.0	4.80975915027	8.82396877481
2390.0	30.0	4.79123822063	8.82158217681
2400.0	30.0	4.77250682587	8.81919557881
2410.0	30.0	4.75398589622	8.81680898081
2420.0	30.0	4.73546496657	8.81442238282
2430.0	30.0	4.71694403693	8.81227444462
2440.0	30.0	4.69842310728	8.80988784662
2450.0	30.0	4.67969171252	8.80750124863
2460.0	30.0	4.58350915742	8.77933939226
2470.0	30.0	4.43576265047	8.73423269011
2480.0	30.0	4.2878056784	8.68912598797
2490.0	30.0	4.13984870633	8.64401928582
2500.0	30.0	4.03566847707	8.5798197997
2510.0	30.0	3.93632894533	8.51347237538
2520.0	30.0	3.83698941358	8.44712495106
2530.0	30.0	3.76753592741	8.40273422831
2540.0	30.0	3.76837778785	8.4094167027
2550.0	30.0	3.76900918317	8.4160991771
2560.0	30.0	3.7696405785	8.42278165149
2570.0	30.0	3.77048243894	8.42922546608
2580.0	30.0	3.77111383427	8.43590794047
2590.0	30.0	3.77195569471	8.44259041486
2600.0	30.0	3.77258709004	8.44927288926
2610.0	30.0	3.77342895048	8.45595536365
2620.0	30.0	3.7740603458	8.46239917824
2630.0	30.0	3.77490220624	8.46908165263
2640.0	30.0	3.77553360157	8.47576412702
2650.0	30.0	3.77637546201	8.48244660142
2660.0	30.0	3.77700685734	8.48889041601
2670.0	30.0	3.77784871778	8.4955728904
2680.0	30.0	3.77848011311	8.50225536479
2690.0	30.0	3.77932197355	8.50893783918
2700.0	30.0	3.77995336887	8.51562031358
2710.0	30.0	3.78079522931	8.52206412817
2720.0	30.0	3.78142662464	8.52874660256
2730.0	30.0	3.78205801997	8.53542907695
2740.0	30.0	3.78289988041	8.54211155134
2750.0	30.0	3.78353127574	8.54855536594
2760.0	30.0	3.78437313618	8.55523784033
2770.0	30.0	3.78500453151	8.56192031472
2780.0	30.0	3.78584639194	8.56860278911
2790.0	30.0	3.78647778727	8.5752852635
2790.0	57.0	0.57877905147	9.29388992044
2800.0	30.0	3.78731964771	8.5817290781
2800.0	57.0	0.684011606283	8.92921774648
2810.0	30.0	3.78795104304	8.58841155249
2810.0	57.0	0.789244161096	8.56454557252
2820.0	30.0	3.80857662378	8.59175278968
2820.0	57.0	0.894476715908	8.19987339855
2830.0	30.0	3.84898592483	8.59175278968
2830.0	57.0	1.20596507815	7.94570071186
2840.0	30.0	3.88918476077	8.59175278968
2840.0	57.0	1.60584878644	7.73902132531
2850.0	30.0	3.92959406182	8.59175278968
2850.0	57.0	2.00573249473	7.53210327896
2860.0	30.0	3.97000336287	8.59175278968
2860.0	57.0	2.41634992361	7.43401410127
2870.0	30.0	4.01041266391	8.59175278968
2870.0	57.0	2.8315975849	7.38222492474
2880.0	30.0	4.05082196496	8.59175278968
2880.0	57.0	3.24684524619	7.330674408
2890.0	30.0	4.09207312645	8.58674093389
2890.0	57.0	3.66209290748	7.27912389126
2900.0	30.0	4.13711265991	8.56096567552
2900.0	57.0	3.80773476335	7.2423702821
2910.0	30.0	4.18215219337	8.53542907695
2910.0	57.0	3.95358708432	7.20561667295
2920.0	30.0	4.22740219194	8.50989247838
2920.0	57.0	4.04492894189	7.18342131158
2930.0	30.0	4.2724417254	8.48435587981
2930.0	57.0	4.05482080205	7.18246667238
2940.0	30.0	4.31748125886	8.45881928124
2940.0	57.0	4.0647126622	7.18151203318
2950.0	30.0	4.36273125743	8.43328268267
2950.0	57.0	4.07460452235	7.18079605378
2960.0	30.0	4.40777079089	8.40774608411
2960.0	57.0	4.0844963825	7.17984141458
2970.0	30.0	4.45281032435	8.38197082574
2970.0	57.0	4.09438824266	7.17888677538
2980.0	30.0	4.76387775637	8.2478440183
2980.0	57.0	4.10428010281	7.17817079598
2990.0	30.0	5.14145216304	8.08627133389
2990.0	57.0	4.11438242807	7.17721615678
3000.0	30.0	5.51923703482	7.92493730928
3000.0	57.0	4.12427428822	7.17650017738
3010.0	30.0	5.92017306866	7.70871153074
3010.0	57.0	4.13416614837	7.17554553818
3020.0	30.0	6.35604631069	7.4103867811
3020.0	57.0	4.14405800853	7.17459089899
3030.0	30.0	6.79191955273	7.11206203146
3030.0	57.0	4.15394986868	7.17387491959
3040.0	30.0	7.10719628694	6.7450032595
3040.0	57.0	4.16384172883	7.17292028039
3050.0	30.0	7.34207534929	6.3318831462
3050.0	57.0	4.17373358898	7.17196564119
3060.0	30.0	7.57674394652	5.91876303289
3060.0	57.0	4.18362544914	7.17124966179
3070.0	30.0	7.54012301744	5.38965425693
3070.0	57.0	4.19351730929	7.17029502259
3080.0	30.0	7.50350208837	4.86030682116
3080.0	57.0	4.20340916944	7.16957904319
3090.0	30.0	7.39427069647	4.42308206809
3090.0	57.0	4.2135114947	7.16862440399
3100.0	30.0	7.25410093346	4.02547484177
3100.0	57.0	4.22340335486	7.16766976479
3110.0	30.0	7.11372070534	3.62762895564
3110.0	57.0	4.23329521501	7.16695378539
3120.0	30.0	7.12571721659	3.57297586151
3120.0	57.0	4.24318707516	7.1659991462
3130.0	30.0	7.13771372784	3.51856142718
3130.0	57.0	4.25307893531	7.165044507
3140.0	30.0	7.14971023909	3.46390833304
3140.0	57.0	4.26297079547	7.1643285276
3150.0	30.0	7.15960209924	3.44839544606
3150.0	57.0	4.27286265562	7.1633738884
3160.0	30.0	7.1673893083	3.47154544663
3160.0	57.0	4.28275451577	7.162657909
3170.0	30.0	7.17496605224	3.494934107
3170.0	57.0	4.29264637592	7.1617032698
3180.0	30.0	7.1827532613	3.51808410758
3180.0	57.0	4.30253823607	7.1607486306
3190.0	30.0	7.19054047036	3.54147276795
3190.0	57.0	4.31264056134	7.1600326512
3200.0	30.0	7.1981172143	3.56486142832
3200.0	57.0	4.30548474761	7.16146461
3210.0	30.0	7.20590442336	3.58801142889
3210.0	57.0	4.2943300968	7.1633738884
3220.0	30.0	7.21348116731	3.61140008926
3220.0	57.0	4.28317544599	7.1652831668
3230.0	30.0	7.19264512145	3.65555215221
3230.0	57.0	4.27202079518	7.16719244519
3240.0	30.0	7.10488117074	3.7483908143
3240.0	57.0	4.26065567926	7.16910172359
3250.0	30.0	7.01732768513	3.84099081659
3250.0	57.0	4.24950102845	7.17124966179
3260.0	30.0	6.92956373442	3.93382947868
3260.0	57.0	4.23834637764	7.17315894019
3270.0	30.0	6.92219745558	3.97511762403
3270.0	57.0	4.22698126172	7.17506821859
3280.0	30.0	6.94934745473	3.9944490678
3280.0	57.0	4.21582661091	7.17697749698
3290.0	30.0	6.97649745387	4.01378051158
3290.0	57.0	4.2046719601	7.17888677538
3300.0	30.0	7.00364745301	4.03287329556
3300.0	57.0	4.19351730929	7.18103471358
3310.0	30.0	7.03079745215	4.05220473933
3310.0	57.0	4.18215219337	7.18294399198
3320.0	30.0	7.05794745129	4.07153618311
3320.0	57.0	4.17099754256	7.18485327037
3330.0	30.0	7.23389628294	4.12093876165
3330.0	57.0	4.15984289175	7.18676254877
3340.0	30.0	7.55822301687	4.20041247496
3340.0	57.0	4.14847777583	7.18867182717
3350.0	30.0	7.8825497508	4.27344237367
3350.0	57.0	4.13732312502	7.19081976537
3360.0	30.0	8.20477183364	4.28847794105
3360.0	57.0	4.12616847421	7.19272904376
3370.0	30.0	8.52720438159	4.30327484863
3370.0	57.0	4.1150138234	7.19463832216
3380.0	30.0	8.84942646442	4.31831041602
3380.0	57.0	4.10364870748	7.19654760056
3390.0	30.0	9.01085320351	4.27081711587
3390.0	57.0	4.09249405667	7.19845687896
3400.0	30.0	9.15417994316	4.21664134134
3400.0	57.0	4.08133940586	7.20036615735
3410.0	30.0	9.1987985464	4.20136711416
3410.0	57.0	4.07018475505	7.20251409555
3420.0	30.0	9.20111366261	4.20256041315
3420.0	57.0	4.05881963913	7.20442337395
3430.0	30.0	9.20321831371	4.20375371215
3430.0	57.0	4.04766498832	7.20633265235
3440.0	30.0	9.2053229648	4.20494701115
3440.0	57.0	4.12511614866	7.21396976594
3450.0	30.0	9.20763808101	4.20614031015
3450.0	57.0	4.33558125829	7.22972131272
3460.0	30.0	9.2097427321	4.20757226895
3460.0	57.0	4.54604636791	7.2457115193
3470.0	30.0	9.2118473832	4.20876556795
3470.0	57.0	4.80281380165	7.23186925092
3480.0	30.0	9.21416249941	4.20995886695
3480.0	57.0	5.12924518668	7.17339759999
3490.0	30.0	9.2162671505	4.21115216594
3490.0	57.0	5.45567657171	7.11492594906
3500.0	30.0	9.21858226671	4.21234546494
3500.0	57.0	5.78210795674	7.05645429813
3510.0	30.0	9.2206869178	4.21353876394
3510.0	57.0	6.10853934177	6.9979826472
3520.0	30.0	9.2227915689	4.21497072274
3520.0	57.0	6.51410560802	6.95502388325
3530.0	30.0	9.22510668511	4.21616402174
3530.0	57.0	6.99859629038	6.92733934648
3540.0	30.0	9.2272113362	4.21735732074
3540.0	57.0	7.48329743785	6.89941614992
3550.0	30.0	9.2293159873	4.21855061973
3550.0	57.0	7.9677881202	6.87173161315
3560.0	30.0	9.2316311035	4.21974391873
3560.0	57.0	8.44638577949	6.8333073854
3570.0	30.0	9.2337357546	4.22117587753
3570.0	57.0	8.90077995117	6.75192439369
3580.0	30.0	9.2358404057	4.22236917653
3580.0	57.0	9.35517412285	6.67054140199
3590.0	30.0	9.2381555219	4.22356247553
3590.0	57.0	9.80956829454	6.58915841029
3600.0	30.0	9.33370668167	4.23573412531
3600.0	57.0	10.2639624662	6.50777541859
3610.0	30.0	9.56942760445	4.26437330128
3610.0	57.0	10.7463484975	6.44262129326
3620.0	30.0	9.80514852723	4.29301247725
3620.0	57.0	11.2358903425	6.38176304434
3630.0	30.0	10.2414426995	4.35721196337
3630.0	57.0	11.7254321875	6.32066613561
3640.0	30.0	10.6998357083	4.42546866609
3640.0	57.0	12.2147635673	6.25956922688
3650.0	30.0	11.1647531354	4.4961119668
3650.0	57.0	12.7322972719	6.19011922517
3660.0	30.0	11.6875484677	4.58847330929
3660.0	57.0	13.2778228361	6.11207747066
3670.0	30.0	12.2103438	4.68083465178
3670.0	57.0	13.8233484002	6.03427437595
3680.0	30.0	12.7331391323	4.77319599427
3680.0	57.0	14.3686634992	5.95623262145
3690.0	30.0	13.2593019064	4.80994960342
3690.0	57.0	14.9141890634	5.87842952674
3700.0	30.0	13.7854646805	4.84670321258
3710.0	30.0	14.3055239664	4.89133259513
3720.0	30.0	14.8167437176	4.94813362746
3730.0	30.0	15.3279634689	5.00493465979
4190.0	78.0	14.942180923	5.78702282345
4200.0	78.0	14.4480088456	5.7454960183
4210.0	78.0	13.9538367682	5.70396921315
4220.0	78.0	13.4211495757	5.73380168812
4230.0	78.0	12.8884623832	5.76363416308
4240.0	78.0	12.3555647257	5.79346663804
4250.0	78.0	11.8664438109	5.89776097052
4260.0	78.0	11.3880566167	6.02067076737
4270.0	78.0	10.9096694225	6.14358056422
4280.0	78.0	10.4397008328	6.27150221687
4290.0	78.0	9.97772991713	6.40395840571
4300.0	78.0	9.51596946661	6.53665325435
4310.0	78.0	9.05399855098	6.66910944319
4320.0	78.0	8.61328461142	6.77793831186
4330.0	78.0	8.17488578807	6.88390326293
4340.0	78.0	7.73627649962	6.99010687381
4350.0	78.0	7.28735442078	7.09559450528
4360.0	78.0	6.81380792413	7.20012749756
4370.0	78.0	6.34026142747	7.30442183003
4380.0	78.0	5.87387074454	7.40585224491
4390.0	78.0	5.47083005961	7.48103008182
4400.0	78.0	5.06799983978	7.55596925893
4410.0	78.0	4.66516961996	7.63090843604
4420.0	78.0	4.23645219165	7.70298369555
4430.0	78.0	3.79089755458	7.77338833647
4440.0	78.0	3.34513245239	7.84355431758
4450.0	78.0	2.91220572189	7.9115723605
4460.0	78.0	2.53084294325	7.97123731043
4470.0	78.0	2.1492696995	8.03090226036
4480.0	78.0	1.76790692085	8.09056721029
4490.0	78.0	1.43621390808	8.19915741916
4500.0	78.0	1.10452089531	8.30750896823
4510.0	78.0	0.773038347655	8.4160991771
4520.0	78.0	0.51690230924	8.55308990213
4530.0	78.0	0.293388362818	8.70225227695
4540.0	78.0	0.069663951286	8.85141465177
4550.0	78.0	-0.153849995136	9.00057702659
5440.0	101.0	0.336744175401	7.62183936365
5450.0	101.0	0.757674394652	7.40012440971
5460.0	101.0	1.1786046139	7.17864811558
5470.0	101.0	1.58396041504	6.97578728582
5480.0	101.0	1.98279179778	6.78104088926
5490.0	101.0	2.38162318052	6.58629449269
5500.0	101.0	2.78045456326	6.39178675593
5510.0	101.0	3.21674873552	6.19775633876
5520.0	101.0	3.65746267507	6.00372592159
5530.0	101.0	4.09817661463	5.80993416422
5540.0	101.0	4.532787066	5.70778776995
5550.0	101.0	4.96466147096	5.64502024262
5560.0	101.0	5.39674634102	5.5820140555
5570.0	101.0	5.82883121108	5.51924652817
5580.0	101.0	6.22029631498	5.52688364176
5590.0	101.0	6.60734165158	5.54239652875
5600.0	101.0	6.99417652308	5.55767075593
5610.0	101.0	7.34396953527	5.60564137567
5620.0	101.0	7.68450208265	5.6619650884
5630.0	101.0	8.02482416491	5.71805014133
5640.0	101.0	8.38703461858	5.7457346781
5650.0	101.0	8.78165669913	5.73069911072
5660.0	101.0	9.17627877967	5.71590220314
5670.0	101.0	9.58310783658	5.68678570757
5680.0	101.0	10.0391857291	5.60062951988
5690.0	101.0	10.4952636217	5.51447333218
5700.0	101.0	10.9511310491	5.42807848468
5710.0	101.0	11.426992662	5.35170734877
5720.0	101.0	11.9161135768	5.28130270786
5730.0	101.0	12.4050240264	5.21113672674
5740.0	101.0	12.8973019179	5.14240270443
5750.0	101.0	13.402418181	5.0786805379
5760.0	101.0	13.9075344441	5.01495837138
5770.0	101.0	14.4126507072	4.95147486465
5780.0	101.0	14.9177669703	4.88775269813
6020.0	106.0	14.9777495265	4.44217485207
