790.0	1.0	9.57	3.79
800.0	1.0	10.67	3.99
810.0	1.0	11.73	4.32
820.0	1.0	12.81	4.61
850.0	5.0	-1.48	4.43
860.0	5.0	-0.49	4.38
870.0	5.0	0.6	4.23
880.0	5.0	1.6	4.13
890.0	5.0	2.67	4.07
900.0	5.0	3.7	4.02
910.0	5.0	4.75	4.04
920.0	5.0	5.76	4.06
930.0	5.0	6.76	4.04
940.0	5.0	7.82	4.17
950.0	5.0	8.85	4.21
960.0	5.0	9.93	4.29
970.0	5.0	10.82	4.49
980.0	5.0	11.75	4.36
1100.0	16.0	12.1	5.49
1110.0	16.0	11.21	5.8
1120.0	16.0	10.41	5.86
1130.0	16.0	9.57	5.82
1140.0	16.0	8.85	5.63
1150.0	16.0	8.01	5.6
1160.0	16.0	7.24	5.38
1170.0	16.0	6.62	5.39
1180.0	16.0	5.77	5.36
1190.0	16.0	4.99	5.22
1200.0	16.0	4.16	5.19
1210.0	16.0	3.41	5.0
1220.0	16.0	2.54	5.01
1230.0	16.0	1.66	4.83
1240.0	16.0	0.85	4.84
1810.0	37.0	13.06	5.51
1820.0	37.0	11.87	5.44
1830.0	37.0	10.66	5.55
1840.0	37.0	9.48	5.73
1850.0	37.0	8.3	5.82
1860.0	37.0	7.17	5.95
1870.0	37.0	6.03	5.92
1880.0	37.0	4.96	5.9
1890.0	37.0	3.83	5.9
1900.0	37.0	2.75	5.89
1910.0	37.0	1.68	6.0
1920.0	37.0	0.54	6.14
1930.0	37.0	-0.55	6.21
2860.0	55.0	2.09	3.92
2870.0	55.0	3.11	4.09
2880.0	55.0	4.27	4.14
2890.0	55.0	5.39	4.29
2900.0	55.0	6.52	4.44
2910.0	55.0	7.44	4.48
2920.0	55.0	8.88	4.54
2930.0	55.0	9.98	4.68
2940.0	55.0	11.25	4.85
2950.0	55.0	12.49	5.52
3650.0	67.0	1.21	8.43
3660.0	67.0	0.4	8.89
3670.0	67.0	-0.34	9.52
3680.0	67.0	-1.06	10.11
4460.0	82.0	-3.79	6.99
4470.0	82.0	-3.09	7.02
4480.0	82.0	-1.93	7.07
4490.0	82.0	-0.92	7.11
4500.0	82.0	0.2	7.0
4510.0	82.0	1.21	6.83
4520.0	82.0	2.24	6.75
4530.0	82.0	3.27	6.62
4540.0	82.0	4.37	6.56
4550.0	82.0	5.48	6.48
4560.0	82.0	6.56	6.35
4570.0	82.0	7.6	6.12
4580.0	82.0	8.68	5.94
4590.0	82.0	9.78	5.78
4600.0	82.0	10.9	5.63
4610.0	82.0	11.99	5.62
4810.0	93.0	-1.39	5.59
4820.0	93.0	-0.44	5.66
4830.0	93.0	0.54	5.65
4840.0	93.0	1.48	5.65
4850.0	93.0	2.46	5.61
4860.0	93.0	3.46	5.59
4870.0	93.0	4.48	5.51
4880.0	93.0	5.46	5.48
4890.0	93.0	6.37	5.56
4900.0	93.0	7.25	5.6
4900.0	97.0	12.76	6.78
4910.0	93.0	8.2	5.55
4910.0	97.0	12.0	6.96
4920.0	93.0	9.19	5.57
4920.0	97.0	11.21	7.13
4930.0	93.0	10.13	5.53
4930.0	97.0	10.34	7.26
4940.0	93.0	10.83	5.46
4940.0	97.0	9.47	7.22
4950.0	93.0	11.71	5.4
4950.0	97.0	8.59	7.12
4960.0	93.0	12.09	5.42
4960.0	97.0	7.74	6.94
4970.0	93.0	12.85	5.18
4970.0	97.0	6.92	6.82
4980.0	97.0	6.12	6.62
4990.0	97.0	5.3	6.53
5410.0	114.0	12.2	4.99
5420.0	114.0	11.5	4.78
5430.0	114.0	10.82	4.49
5440.0	114.0	10.32	4.24
5450.0	114.0	9.74	4.07
5460.0	114.0	9.18	3.89
5470.0	114.0	8.41	3.73
5480.0	114.0	7.8	3.62
5490.0	114.0	6.8	3.21
5500.0	114.0	5.82	2.9
5510.0	114.0	4.88	2.71
5520.0	114.0	4.03	2.51
5530.0	114.0	3.01	2.33
5540.0	114.0	1.93	2.09
5550.0	114.0	0.82	1.73
5560.0	114.0	-0.04	1.29
5570.0	114.0	-1.09	0.73
6980.0	142.0	-5.15	4.12
6990.0	142.0	-4.25	4.15
7000.0	142.0	-3.43	4.22
7010.0	142.0	-2.38	4.37
7020.0	142.0	-1.45	4.36
7030.0	142.0	-0.26	4.33
7040.0	142.0	0.78	4.31
7050.0	142.0	1.83	4.35
7060.0	142.0	2.9	4.47
7070.0	142.0	3.88	4.61
7080.0	142.0	4.88	4.69
7090.0	142.0	5.94	4.73
7100.0	142.0	6.89	4.75
7100.0	144.0	-2.13	4.6
7110.0	142.0	7.58	4.77
7110.0	144.0	-0.56	4.64
7120.0	142.0	8.47	4.88
7120.0	144.0	0.62	4.8
7130.0	142.0	9.53	4.93
7130.0	144.0	1.91	4.94
7140.0	142.0	10.5	5.17
7140.0	144.0	3.12	5.06
7150.0	142.0	11.59	5.09
7150.0	144.0	4.28	5.27
7160.0	142.0	12.37	5.33
7160.0	144.0	5.79	5.34
7170.0	144.0	7.14	5.46
7180.0	144.0	8.41	5.4
7190.0	144.0	9.73	5.41
7200.0	144.0	11.01	5.42
7210.0	144.0	12.23	5.43
7300.0	146.0	-1.88	4.28
7310.0	146.0	-0.89	4.33
7320.0	146.0	0.35	4.33
7330.0	146.0	1.42	4.38
7340.0	146.0	2.52	4.43
7350.0	146.0	3.65	4.47
7360.0	146.0	4.79	4.55
7370.0	146.0	5.97	4.59
7380.0	146.0	7.08	4.71
7390.0	146.0	8.2	4.88
7400.0	146.0	9.35	5.08
7410.0	146.0	10.5	5.31
7420.0	146.0	11.6	5.43
7420.0	152.0	-4.42	5.4
7430.0	146.0	12.44	5.54
7430.0	152.0	-3.4	5.45
7440.0	152.0	-2.23	5.48
7450.0	152.0	-1.01	5.47
7460.0	152.0	0.18	5.47
7460.0	154.0	-2.94	4.95
7470.0	152.0	1.37	5.48
7470.0	154.0	-1.84	5.0
7480.0	152.0	2.53	5.47
7480.0	154.0	-0.78	4.85
7490.0	152.0	3.73	5.55
7490.0	154.0	0.39	4.85
7500.0	152.0	4.96	5.7
7500.0	154.0	1.62	4.96
7510.0	152.0	6.21	5.82
7510.0	154.0	2.79	5.18
7520.0	152.0	7.41	6.04
7520.0	154.0	3.99	5.28
7530.0	152.0	8.7	5.81
7530.0	154.0	5.26	5.32
7540.0	152.0	10.03	5.81
7540.0	154.0	6.45	5.31
7550.0	152.0	11.25	5.89
7550.0	154.0	7.63	5.33
7560.0	152.0	12.48	5.79
7560.0	154.0	8.83	5.39
7570.0	154.0	10.02	5.41
7580.0	154.0	11.17	5.36
7590.0	154.0	12.27	5.36
7600.0	154.0	13.09	5.78
7630.0	157.0	0.12	1.45
7640.0	157.0	1.09	1.97
7650.0	157.0	2.04	2.34
7660.0	157.0	3.01	2.68
7670.0	157.0	4.12	2.91
7680.0	157.0	5.19	3.1
7690.0	157.0	6.3	3.48
7700.0	157.0	7.35	3.71
7710.0	157.0	8.37	4.04
7720.0	157.0	9.38	4.36
7730.0	157.0	10.42	4.56
7740.0	157.0	11.51	4.71
7750.0	157.0	12.6	4.93
8400.0	180.0	-0.79	4.28
8410.0	180.0	0.23	4.24
8420.0	180.0	1.22	4.26
8430.0	180.0	2.26	4.23
8440.0	180.0	3.33	4.17
8450.0	180.0	4.28	4.22
8460.0	180.0	5.27	4.2
8470.0	180.0	6.26	4.23
8480.0	180.0	7.39	4.3
8490.0	180.0	8.47	4.33
8500.0	180.0	9.47	4.39
8510.0	180.0	10.47	4.5
8510.0	191.0	1.19	1.87
8520.0	180.0	11.43	4.61
8520.0	191.0	2.39	2.3
8530.0	180.0	12.24	4.79
8530.0	191.0	3.36	2.52
8540.0	180.0	12.96	4.89
8540.0	191.0	4.69	2.92
8550.0	180.0	13.37	4.96
8550.0	191.0	5.89	3.18
8560.0	191.0	7.1	3.34
8570.0	191.0	8.26	3.53
8580.0	191.0	9.45	4.04
8590.0	191.0	10.66	4.32
8600.0	191.0	11.74	4.72
8610.0	191.0	12.86	5.08
8620.0	191.0	13.31	5.34
8860.0	194.0	0.46	4.97
8870.0	194.0	1.56	5.01
8880.0	194.0	2.66	5.0
8890.0	194.0	3.73	5.04
8900.0	194.0	4.86	5.11
8910.0	194.0	6.05	5.1
8920.0	194.0	7.16	5.12
8930.0	194.0	8.16	5.15
8940.0	194.0	8.86	5.52
8950.0	194.0	9.47	5.91
8960.0	194.0	10.35	6.0
8970.0	194.0	11.31	5.95
8980.0	194.0	12.44	6.02
9210.0	214.0	13.32	5.77
9220.0	214.0	12.02	6.05
9230.0	214.0	11.16	6.19
9240.0	214.0	10.14	6.54
9250.0	214.0	9.07	6.61
9260.0	214.0	7.94	6.89
9270.0	214.0	6.63	7.21
9280.0	214.0	5.38	7.15
9290.0	214.0	4.06	7.02
9300.0	214.0	2.87	7.0
9300.0	216.0	-4.26	8.11
9310.0	214.0	1.71	6.97
9310.0	216.0	-3.98	8.01
9320.0	214.0	0.57	7.0
9320.0	216.0	-3.84	7.96
9330.0	214.0	-0.56	7.02
9330.0	216.0	-3.31	8.21
9340.0	214.0	-1.73	7.15
9340.0	216.0	-2.9	8.26
9350.0	214.0	-3.21	7.54
9350.0	216.0	-2.79	8.41
9360.0	214.0	-4.26	7.54
9360.0	216.0	-2.51	8.43
9370.0	216.0	-2.23	8.46
9380.0	216.0	-2.01	8.44
9390.0	216.0	-1.86	8.34
9400.0	216.0	-1.65	8.28
9410.0	216.0	-1.65	8.28
9420.0	216.0	-1.65	8.28
9430.0	216.0	-2.21	8.09
9440.0	216.0	-2.21	8.09
9450.0	216.0	-2.23	8.18
9460.0	216.0	-2.25	8.28
9470.0	216.0	-2.25	8.28
9480.0	216.0	-2.25	8.28
9490.0	216.0	-2.25	8.28
9500.0	216.0	-2.25	8.28
9510.0	216.0	-2.78	8.5
9520.0	216.0	-2.81	8.44
9530.0	216.0	-2.98	8.14
9530.0	224.0	-1.46	6.86
9540.0	216.0	-2.98	8.14
9540.0	224.0	-0.24	6.75
9550.0	216.0	-3.27	8.07
9550.0	224.0	0.86	6.77
9560.0	216.0	-3.27	8.07
9560.0	224.0	1.92	6.97
9570.0	216.0	-3.27	8.07
9570.0	224.0	2.97	6.99
9580.0	216.0	-3.27	8.07
9580.0	224.0	4.1	6.89
9590.0	216.0	-3.27	8.07
9590.0	224.0	5.21	6.79
9600.0	216.0	-3.27	8.07
9600.0	224.0	6.38	6.64
9610.0	216.0	-3.27	8.07
9610.0	224.0	7.44	6.53
9620.0	216.0	-3.27	8.07
9620.0	224.0	8.43	6.47
9630.0	216.0	-3.27	8.07
9630.0	224.0	9.39	6.31
9640.0	216.0	-3.27	8.07
9640.0	224.0	10.38	6.09
9650.0	216.0	-3.61	7.93
9650.0	224.0	11.38	5.91
9660.0	216.0	-3.68	7.91
9670.0	216.0	-3.78	7.9
9680.0	216.0	-4.41	7.87
9690.0	216.0	-4.67	7.75
9700.0	216.0	-4.84	7.8
9710.0	216.0	-4.84	7.84
9720.0	216.0	-4.84	7.84
9730.0	216.0	-4.84	7.84
9740.0	216.0	-4.84	7.84
9750.0	216.0	-4.84	7.84
9760.0	216.0	-4.78	7.79
9770.0	216.0	-4.83	7.83
9780.0	216.0	-4.92	7.89
9790.0	216.0	-5.03	7.89
9800.0	216.0	-5.23	7.82
9810.0	216.0	-5.42	7.85
9820.0	216.0	-5.67	7.99
9830.0	216.0	-5.86	8.05
9830.0	234.0	-2.62	-0.32
9840.0	216.0	-6.06	8.09
9840.0	234.0	-2.06	0.21
9850.0	216.0	-6.22	8.28
9850.0	234.0	-1.9	0.49
9860.0	216.0	-6.25	8.45
9860.0	234.0	-1.89	0.61
9870.0	216.0	-6.18	8.65
9870.0	234.0	-1.38	0.82
9880.0	216.0	-5.02	9.02
9880.0	234.0	-1.38	0.82
9890.0	216.0	-3.86	9.6
9890.0	234.0	-1.7	0.82
9900.0	216.0	-2.62	9.95
9900.0	234.0	-1.67	1.2
9920.0	241.0	-1.38	8.19
9930.0	241.0	-0.08	8.1
9940.0	241.0	1.16	7.94
9950.0	241.0	2.39	7.74
9960.0	241.0	3.65	7.49
9970.0	241.0	4.87	7.24
9970.0	244.0	-2.59	5.75
9980.0	241.0	6.06	6.99
9980.0	244.0	-1.43	5.98
9990.0	241.0	7.28	6.75
9990.0	244.0	-0.29	6.13
10000.0	241.0	8.51	6.47
10000.0	244.0	0.78	6.32
10010.0	241.0	9.76	6.13
10010.0	244.0	1.97	6.52
10020.0	241.0	11.28	5.73
10020.0	244.0	3.08	6.59
10030.0	241.0	12.63	5.51
10030.0	244.0	4.13	6.67
10040.0	241.0	13.98	5.64
10040.0	244.0	5.29	6.75
10050.0	244.0	6.37	6.79
10060.0	244.0	7.48	6.9
10070.0	244.0	8.67	6.96
10080.0	244.0	9.86	6.88
10090.0	244.0	11.09	6.76
10100.0	244.0	12.26	6.62
10110.0	244.0	13.49	6.73
