10.0	1.0	1.03127903717	7.85190741057
20.0	1.0	1.76790692085	7.61324761086
30.0	1.0	2.51547899024	7.36408677996
40.0	1.0	3.27925687308	7.09869708268
50.0	1.0	4.04324522102	6.8335460452
60.0	1.0	4.85079984665	6.61803624605
70.0	1.0	5.67708586704	6.42352850929
80.0	1.0	6.50337188743	6.22902077252
90.0	1.0	7.32355441964	6.04787798454
100.0	1.0	8.14352648674	5.86697385636
110.0	1.0	8.96728692581	5.69251354277
120.0	1.0	9.82366945688	5.5772408595
130.0	1.0	10.6800519879	5.46196817624
140.0	1.0	11.5265426589	5.33953569899
150.0	1.0	12.3332554241	5.18846404577
160.0	1.0	13.1399681893	5.03739239255
170.0	1.0	13.951521652	4.89371919312
180.0	1.0	14.7824379048	4.78083310786
190.0	1.0	15.6131436925	4.6677083628
240.0	5.0	15.04215185	8.56908010871
250.0	5.0	14.3507739649	8.5802971193
260.0	5.0	13.6591856147	8.59175278968
270.0	5.0	12.9480240093	8.77289557767
280.0	5.0	12.2366519387	8.95379970585
290.0	5.0	11.5246484729	9.13422651443
300.0	5.0	10.8042264026	9.30868682802
310.0	5.0	10.0838043324	9.48314714161
320.0	5.0	9.38758574974	9.65283425921
330.0	5.0	8.71578111981	9.81798684061
340.0	5.0	8.04376602478	9.98337808181
350.0	5.0	7.38311604566	10.1358816938
360.0	5.0	6.72372885721	10.286953347
370.0	5.0	6.06413120364	10.4382636601
380.0	5.0	5.40979517781	10.6067574787
390.0	5.0	4.7556696171	10.7771605757
400.0	5.0	4.10238591682	10.9468476933
410.0	5.0	3.45415337917	11.1091363571
420.0	5.0	2.80592084153	11.2714250209
430.0	5.0	2.15853016432	11.4201100761
440.0	5.0	1.51177088244	11.5599647187
450.0	5.0	0.865011600561	11.6995807016
460.0	5.0	0.218252318682	11.8391966844
470.0	5.0	-0.428717428307	11.979051327
610.0	8.0	0.182683715155	11.7411075067
620.0	8.0	0.780404626491	11.6170044109
630.0	8.0	1.37812553783	11.492901315
640.0	8.0	1.96890110055	11.4096090449
650.0	8.0	2.55673015173	11.3437389402
660.0	8.0	3.14455920292	11.2778688355
670.0	8.0	3.74017546316	11.2339554323
680.0	8.0	4.33768590938	11.1955312046
690.0	8.0	4.9349858905	11.156868317
700.0	8.0	5.49734866342	11.1203533676
710.0	8.0	6.04455794845	11.0845543977
720.0	8.0	6.54946374644	11.000784808
730.0	8.0	7.02953466149	10.9041275891
740.0	8.0	7.45046488074	10.8790683101
750.0	8.0	7.88781137855	10.8342002678
760.0	8.0	8.39124392077	10.7096198523
770.0	8.0	8.89446599788	10.5850394369
780.0	8.0	9.3867438893	10.365711081
790.0	8.0	9.87775899005	10.1358816938
800.0	8.0	10.3795078114	9.89053941972
810.0	8.0	10.9231391896	9.58219095849
820.0	8.0	11.4667705677	9.27384249727
830.0	8.0	12.0200833409	9.01370331558
840.0	8.0	12.5757112303	8.76549712388
850.0	8.0	13.147124003	8.55595381973
860.0	8.0	13.7551577047	8.43662391987
870.0	8.0	14.3629809413	8.31729402001
880.0	8.0	14.971014643	8.19796412016
1560.0	27.0	9.76642294706	9.21680280513
1560.0	28.0	0.844175554708	7.50895327838
1570.0	27.0	9.76894852838	9.16859352559
1570.0	28.0	1.04895810637	7.35191513017
1580.0	27.0	9.77126364458	9.12038424605
1580.0	28.0	1.25395112315	7.19487698196
1590.0	27.0	9.77357876079	9.07193630671
1590.0	28.0	1.45894413992	7.03783883375
1600.0	27.0	9.775893877	9.02372702717
1600.0	28.0	1.66372669159	6.88103934534
1610.0	27.0	9.77841945831	8.97551774762
1610.0	28.0	1.96721737967	6.75980016708
1620.0	27.0	9.78073457452	8.92730846808
1620.0	28.0	2.29533248558	6.64739140142
1630.0	27.0	9.78304969072	8.87886052874
1630.0	28.0	2.62344759148	6.53498263575
1640.0	27.0	9.78536480693	8.8306512492
1640.0	28.0	2.96755804572	6.47555634563
1650.0	27.0	9.67487062438	8.60511773847
1650.0	28.0	3.33587198756	6.4956037688
1660.0	27.0	9.45114621284	8.20249865635
1660.0	28.0	3.70418592941	6.51541253218
1670.0	27.0	9.18532877939	7.65596771501
1670.0	28.0	4.07249987125	6.53522129555
1680.0	27.0	8.97339041399	7.06552337052
1680.0	28.0	4.50774171796	6.5786573791
1690.0	27.0	8.8203822793	6.44715582946
1690.0	28.0	4.95961030833	6.62782129784
1700.0	27.0	8.68968344622	5.85599550557
1700.0	28.0	5.41147889869	6.67674655678
1710.0	27.0	8.61075903011	5.3290346678
1710.0	28.0	5.83767074568	6.69440738196
1720.0	27.0	8.531834614	4.80207383003
1720.0	28.0	6.22576840783	6.664574907
1730.0	27.0	8.47437763907	4.39444289212
1730.0	28.0	6.61386606998	6.63474243203
1740.0	27.0	8.41944624546	4.000176903
1740.0	28.0	6.98407419781	6.5755548017
1750.0	27.0	8.40597647844	3.69922689556
1750.0	28.0	7.28272418837	6.39846923032
1760.0	27.0	8.42007764079	3.46056709585
1760.0	28.0	7.58158464404	6.22138365893
1770.0	27.0	8.43396833802	3.22190729613
1770.0	28.0	7.8802346346	6.04429808754
2260.0	38.0	0.0650337188743	10.1358816938
2270.0	38.0	0.888583692839	9.96977447323
2280.0	38.0	1.7121336668	9.80366725263
2290.0	38.0	2.51295340893	9.70390745635
2300.0	38.0	3.29861966316	9.64829972302
2310.0	38.0	4.0844963825	9.59245332988
2320.0	38.0	4.89078821748	9.4962734306
2330.0	38.0	5.71076028458	9.37264765435
2340.0	38.0	6.53094281679	9.24926053789
2350.0	38.0	7.38816720829	9.15045538081
2360.0	38.0	8.26117648302	9.06191259512
2370.0	38.0	9.13418575775	8.97360846923
2380.0	38.0	9.94089852294	8.87814454934
2390.0	38.0	10.7478217532	8.78268062945
2400.0	38.0	11.5545345184	8.68721670957
2410.0	38.0	12.3486193771	8.53542907695
2420.0	38.0	13.1424937706	8.38340278453
2960.0	48.0	14.7073018606	9.00702084119
2970.0	48.0	14.1095809493	8.97838166522
2980.0	48.0	13.511860038	8.94974248925
2990.0	48.0	12.989696101	9.06453785292
3000.0	48.0	12.4673216989	9.17957187638
3010.0	48.0	11.920322879	9.33756466379
3020.0	48.0	11.3152356888	9.59603322688
3030.0	48.0	10.7101484986	9.85474044977
3040.0	48.0	10.1128485175	10.0595105579
3040.0	50.0	0.111546508102	10.1883868498
3050.0	48.0	9.51660086194	10.2583141711
3050.0	50.0	0.469337194465	9.97359303003
3060.0	48.0	8.91530204374	10.4342064435
3060.0	50.0	0.827127880828	9.75879921028
3070.0	48.0	8.30916252802	10.5869487153
3070.0	50.0	1.18491856719	9.54400539054
3080.0	48.0	7.70302301229	10.7396909871
3080.0	50.0	1.54733948597	9.35952136536
3090.0	48.0	7.01732768513	10.8859894443
3090.0	50.0	1.91018133496	9.17861723718
3100.0	48.0	6.33163235797	11.0322879016
3100.0	50.0	2.27302318396	8.9974744492
3110.0	48.0	5.64593703081	11.1785863588
3110.0	50.0	2.59229875526	8.89055485893
3120.0	48.0	4.99328472587	11.3454095588
3120.0	50.0	2.91157432656	8.78339660885
3130.0	48.0	4.34442079289	11.514380697
3130.0	50.0	3.21885338661	8.68101155478
3140.0	48.0	3.70418592941	11.6499394632
3140.0	50.0	3.41563826411	8.61943732645
3150.0	48.0	3.07279060053	11.7523245173
3150.0	50.0	3.61263360672	8.55786309812
3160.0	48.0	2.43718596946	11.8518456538
3160.0	50.0	3.80941848422	8.4962888698
3170.0	48.0	1.79526738511	11.9473095737
3170.0	50.0	3.85887778498	8.48793577681
3180.0	48.0	1.15755810294	12.0566157619
3180.0	50.0	3.90854755086	8.47934402402
3190.0	48.0	0.526162774064	12.1869240126
3190.0	50.0	3.95800685162	8.47099093103
3200.0	48.0	-0.105232554813	12.3169936034
3200.0	50.0	4.00746615238	8.46263783804
3210.0	50.0	4.05692545314	8.45428474505
3220.0	50.0	4.10659521901	8.44569299226
3230.0	50.0	4.15605451978	8.43733989927
3240.0	50.0	4.20551382054	8.42898680628
3250.0	50.0	4.39872079117	8.38030020714
3260.0	50.0	4.73546496657	8.29175742144
3270.0	50.0	5.07220914198	8.20297597595
3280.0	50.0	5.40895331738	8.11443319026
3290.0	50.0	5.84166958277	7.9951032904
3300.0	50.0	6.27417538305	7.87577339054
3310.0	50.0	6.70689164844	7.75644349069
3320.0	50.0	7.18864628437	7.63711359083
3330.0	50.0	7.74385324356	7.51778369097
3340.0	50.0	8.29927066786	7.39845379112
3350.0	50.0	8.85468809217	7.27912389126
3360.0	50.0	9.39179505193	7.09798110328
3370.0	50.0	9.92406131417	6.90156408811
3380.0	50.0	10.4563275764	6.70490841315
3390.0	50.0	11.0109031403	6.54739294534
3400.0	50.0	11.5987321915	6.44882644806
3410.0	50.0	12.1865612426	6.35002129098
3420.0	50.0	12.7436623878	6.28391252646
3430.0	50.0	13.2698251619	6.2505001545
3440.0	50.0	13.795987936	6.21708778254
3450.0	50.0	14.32215071	6.18367541058
3460.0	50.0	14.8483134841	6.15026303862
3470.0	50.0	15.3744762581	6.11685066666
5080.0	85.0	-0.155323250904	10.5248971674
5090.0	85.0	0.432295335171	10.365711081
5100.0	85.0	1.01991392125	10.2067636543
5110.0	85.0	1.59637785651	10.0401791141
5120.0	85.0	2.14674411818	9.85664972817
5130.0	85.0	2.69711037985	9.67312034219
5140.0	85.0	3.23884757203	9.44472291386
5150.0	85.0	3.77658592712	9.19723270156
5160.0	85.0	4.31453474732	8.94974248925
5170.0	85.0	4.78113589536	8.68005691558
5180.0	85.0	5.24794750851	8.4101326821
5190.0	85.0	5.619418427	8.02684504376
5200.0	85.0	5.95005911422	7.59510946608
5210.0	85.0	6.03424515807	7.19726357996
5220.0	85.0	5.95405795131	6.82232903461
5230.0	85.0	5.87408120965	6.44715582946
5270.0	90.0	15.2418832391	7.44332183346
5280.0	90.0	14.4842088444	7.5769713213
5290.0	90.0	13.7265344498	7.71062080914
5300.0	90.0	12.9814879617	7.84999813217
5310.0	90.0	12.265906589	8.00274040399
5320.0	90.0	11.5503252162	8.15548267581
5330.0	90.0	10.8631566333	8.332806907
5340.0	90.0	10.1833543292	8.51657495277
5350.0	90.0	9.50102644383	8.67934093618
5360.0	90.0	8.8094380936	8.75881464948
5370.0	90.0	8.11216718541	8.84091362059
5380.0	90.0	7.36733116244	8.94592393246
5390.0	90.0	6.63638583671	9.04639970814
5400.0	90.0	5.91659516179	9.164536309
5410.0	90.0	5.22395448602	9.32372239541
5420.0	90.0	4.53110334513	9.48266982201
5430.0	90.0	3.84309290176	9.64901570241
5440.0	90.0	3.15550338862	9.81607756221
5450.0	90.0	2.46812434058	9.98313942201
5460.0	90.0	1.80999994278	10.1747832412
5470.0	90.0	1.15524298673	10.3692909779
5480.0	90.0	0.505116263101	10.5683332509
5490.0	90.0	-0.126279065775	10.7852750089
