0.0	26.0	4.9459300762	10.9306188269
10.0	26.0	5.09557076914	10.8552023302
20.0	26.0	5.24500099698	10.7797858335
30.0	26.0	5.39464168992	10.7046079965
30.0	72.0	14.8617832511	8.18268989298
40.0	26.0	5.53270680184	10.6189291285
40.0	72.0	14.6584739552	8.17457545979
50.0	26.0	5.62552191518	10.4926780944
50.0	69.0	3.40027431111	13.6706719874
50.0	72.0	14.4553751244	8.1662223668
60.0	26.0	5.71854749364	10.3661884006
60.0	69.0	3.42363593828	13.4231817751
60.0	72.0	14.3109960592	8.13949246923
70.0	26.0	5.81136260698	10.2399373665
70.0	69.0	3.44699756545	13.1756915628
70.0	72.0	14.2257576898	8.09438576708
80.0	26.0	5.82988353663	10.0618971559
80.0	69.0	3.47477895992	12.9682961968
80.0	72.0	14.1403088553	8.04927906494
90.0	26.0	5.82988353663	9.87096931615
90.0	69.0	3.50382314505	12.7706858827
90.0	72.0	14.0550704859	8.00417236279
100.0	26.0	5.82988353663	9.68004147638
100.0	69.0	3.53286733017	12.5733142283
100.0	72.0	13.9184786298	7.95811102144
110.0	26.0	5.81220446742	9.50629714219
110.0	69.0	3.57517081721	12.4193786575
110.0	72.0	13.769258867	7.9120496801
120.0	26.0	5.79010563091	9.33661002459
120.0	69.0	3.61915802512	12.2702162827
120.0	72.0	13.6198286392	7.86574967896
130.0	26.0	5.76779632929	9.16716156679
130.0	69.0	3.71618244066	12.1401466918
130.0	72.0	13.437144924	7.85190741057
140.0	26.0	5.74569749278	8.9974744492
140.0	69.0	3.86645452893	12.0294085448
140.0	72.0	13.2403600465	7.85190741057
150.0	26.0	5.71938935407	8.80368269183
150.0	69.0	4.01693708231	11.9184317379
150.0	72.0	13.0433647039	7.85190741057
160.0	26.0	5.69308121537	8.60965227466
160.0	69.0	4.15037196182	11.7850209099
160.0	72.0	12.8004879674	7.89009297853
170.0	26.0	5.66677307667	8.4158605173
170.0	69.0	4.27665102759	11.64182503
170.0	72.0	12.5268833249	7.95381514505
180.0	26.0	5.68781958763	8.19796412016
180.0	69.0	4.40293009337	11.4986291502
180.0	72.0	12.2532786824	8.01729865177
190.0	26.0	5.72065214473	7.97433988783
190.0	69.0	4.41050683731	11.303405434
190.0	72.0	12.0137693876	8.09343112788
200.0	26.0	5.75348470183	7.75047699569
200.0	69.0	4.36715102473	11.0857476967
200.0	72.0	11.7972007898	8.17767803718
200.0	77.0	15.055411152	7.02351924577
210.0	26.0	5.72696609802	7.49129245321
210.0	69.0	4.32379521215	10.8680899594
210.0	72.0	11.580632192	8.26192494648
210.0	77.0	14.8089565086	6.98939089441
220.0	26.0	5.66045912338	7.20871925034
220.0	69.0	4.28506963198	10.6227476852
220.0	72.0	11.3604856874	8.35166103117
220.0	77.0	14.5622914001	6.95526254305
230.0	26.0	5.59395214874	6.92614604748
230.0	69.0	4.2570777724	10.3124899456
230.0	72.0	11.1266589506	8.46454711644
230.0	77.0	14.3158367567	6.92113419169
230.0	240.0	15.172640218	4.53334289556
240.0	26.0	5.5274451741	6.64357284462
240.0	69.0	4.22887544771	10.002232206
240.0	72.0	10.8928322138	8.5771945419
240.0	77.0	14.0710658342	6.89893883032
240.0	240.0	14.9813274334	4.30566144663
250.0	26.0	5.34581378449	6.33832696079
250.0	69.0	4.24760684246	9.70223683775
250.0	72.0	10.6587950119	8.68984196737
250.0	77.0	13.8305042139	6.90466666551
250.0	240.0	14.7900146487	4.0777413379
260.0	26.0	5.13534867486	6.02735324176
260.0	69.0	4.37493823379	9.42586878968
260.0	72.0	10.3969764155	8.71108268954
260.0	77.0	13.5899425936	6.9103945007
260.0	240.0	14.6795204662	3.8290578266
270.0	26.0	4.92488356524	5.71637952274
270.0	69.0	4.50226962511	9.14950074161
270.0	72.0	10.1164264244	8.67122650299
270.0	77.0	13.3495914384	6.9161223359
270.0	240.0	14.6037530267	3.57130524291
280.0	26.0	4.71168240919	5.44430735106
280.0	69.0	4.62960101643	8.87313269355
280.0	72.0	9.83566596813	8.63160897624
280.0	77.0	13.1189216783	6.92781666608
280.0	240.0	14.5679739581	3.27823100886
290.0	26.0	4.49595567182	5.21161404634
290.0	69.0	4.84680100957	8.59867392388
290.0	72.0	9.58668574344	8.60368577967
290.0	77.0	12.9787519153	6.9951187296
290.0	240.0	14.6923588378	2.84434749298
300.0	26.0	4.28022893445	4.97892074162
300.0	69.0	5.15344867429	8.3258857728
300.0	72.0	9.35875202972	8.58387701629
300.0	77.0	12.8383716872	7.06242079312
300.0	240.0	14.8167437176	2.41046397711
310.0	26.0	4.06450219709	4.7462274369
310.0	69.0	5.46009633902	8.05309762173
310.0	72.0	9.13060785088	8.56382959312
310.0	77.0	12.697991459	7.12972285664
310.0	240.0	15.1061332434	2.05247427754
320.0	26.0	3.85908825009	4.56603928812
320.0	69.0	5.76674400374	7.78030947066
320.0	72.0	8.90267413716	8.54402082974
320.0	77.0	12.5548751845	7.19201306436
320.0	240.0	15.3955227691	1.69448457797
330.0	26.0	3.66356616325	4.43811763547
330.0	69.0	6.1245346901	7.50990791758
330.0	72.0	8.57792647301	8.67361310099
330.0	77.0	12.4001833289	7.23425584891
340.0	26.0	3.46825454152	4.31043464262
340.0	69.0	6.48232537647	7.23926770471
340.0	72.0	8.25317880886	8.80320537223
340.0	77.0	12.2452810082	7.27625997366
350.0	26.0	3.42595105448	4.35243876737
350.0	69.0	6.84011606283	6.96886615163
350.0	72.0	7.9284311447	8.93279764347
350.0	77.0	12.0905891527	7.31850275821
360.0	26.0	3.44931268165	4.46747279084
360.0	69.0	7.24252535243	6.71612542374
360.0	72.0	7.63230673546	9.08959713189
360.0	77.0	12.0398670612	7.4165919359
370.0	26.0	3.47267430882	4.5822681545
370.0	69.0	7.64493464204	6.46338469584
370.0	72.0	7.36438465091	9.27408115706
370.0	77.0	12.0150321783	7.52900070156
370.0	244.0	15.1625378928	7.76670586207
380.0	26.0	3.49666733132	4.57081248411
380.0	69.0	8.04713346653	6.21088262774
380.0	72.0	7.16233814567	9.44901879025
380.0	77.0	11.9904077605	7.64140946723
380.0	244.0	14.876936739	7.74116926351
390.0	26.0	3.52087081893	4.55959547353
390.0	69.0	8.43649391934	5.88391870214
390.0	72.0	7.11372070534	9.60199972187
390.0	77.0	11.9211647394	7.78579864605
390.0	244.0	14.5913355852	7.71563266494
400.0	26.0	3.54486384142	4.54813980314
400.0	69.0	8.81680437243	5.50755219799
400.0	72.0	7.06510326502	9.75498065349
400.0	77.0	11.7854147437	7.97815844462
400.0	152.0	15.0141599905	1.01525878798
400.0	244.0	14.3055239664	7.68985740657
410.0	26.0	3.56885686392	4.53692279255
410.0	69.0	9.19732529064	5.13118569384
410.0	72.0	7.0164858247	9.9079615851
410.0	77.0	11.649664748	8.17051824319
410.0	152.0	14.8826192969	1.38327219914
410.0	244.0	13.9698321165	7.71778060313
420.0	26.0	3.59284988642	4.52546712217
420.0	69.0	9.57616248796	4.69467692016
420.0	72.0	7.02553582441	10.0707275685
420.0	77.0	11.4827659161	8.3251697934
420.0	152.0	14.7510786034	1.7510469505
420.0	244.0	13.6215123601	7.75883008868
430.0	26.0	3.61705337402	4.51401145178
430.0	69.0	9.95499968529	4.25840680629
430.0	72.0	7.12045558885	10.2478131399
430.0	77.0	11.2432566213	8.39103989813
430.0	152.0	14.7243495345	2.10855933047
430.0	244.0	13.2731926036	7.80011823403
440.0	26.0	3.64104639652	4.50279444119
440.0	69.0	10.3338368826	3.82189803261
440.0	72.0	7.2155858184	10.4248987113
440.0	77.0	11.0037473266	8.45667134305
440.0	152.0	14.742659999	2.46129851444
440.0	244.0	13.003165868	7.826370812
450.0	26.0	3.66503941902	4.49133877081
450.0	69.0	10.6966787316	3.35460214477
450.0	72.0	7.29682535072	10.5964951073
450.0	77.0	10.7617124505	8.44449969326
450.0	152.0	14.7601286031	2.82716398741
450.0	244.0	12.7417682018	7.85119143117
460.0	26.0	3.68924290663	4.47988310042
460.0	69.0	11.0433147672	2.85628048297
460.0	72.0	7.34586372126	10.7556811937
460.0	77.0	10.5163101327	8.31538474162
460.0	152.0	14.7763344166	3.21283822374
460.0	244.0	12.4805810008	7.87577339054
470.0	26.0	3.71323592912	4.46866608983
470.0	69.0	11.3899508027	2.35772016137
470.0	72.0	7.39511255691	10.9146286203
470.0	77.0	10.2706973497	8.18603113017
470.0	152.0	14.79254023	3.59827380028
470.0	244.0	12.2623286821	7.85811256537
480.0	26.0	3.71828709175	4.46222227524
480.0	69.0	11.7349031174	1.84794282918
480.0	72.0	7.42815557912	11.0504260463
480.0	77.0	10.042763636	7.9970125688
480.0	152.0	14.8670448788	3.88943875593
480.0	244.0	12.0440763634	7.84045174019
490.0	26.0	3.70418592941	4.46055165664
490.0	69.0	12.0644914791	1.23554178312
490.0	72.0	7.42352534671	11.131809038
490.0	77.0	9.81461945717	7.80823266722
490.0	152.0	14.9564925504	4.15697639141
490.0	244.0	11.80709265	7.84904349298
500.0	26.0	3.69008476706	4.45888103805
500.0	69.0	12.3942903058	0.622902077252
500.0	72.0	7.41910557941	11.2129533699
500.0	77.0	9.56416597671	7.64546668382
500.0	152.0	15.0457297569	4.42451402689
500.0	244.0	11.5265426589	7.91849349469
510.0	26.0	3.67619406983	4.45744907925
510.0	69.0	12.7240891326	0.0102623713877
510.0	72.0	7.41468581211	11.2940977018
510.0	77.0	9.29897993858	7.50012286579
510.0	152.0	15.1349669634	4.69229032217
510.0	244.0	11.2457822026	7.98818215621
520.0	26.0	3.66209290748	4.45577846065
520.0	72.0	7.41026604481	11.3754806935
520.0	77.0	9.00159273868	7.36981461515
520.0	244.0	11.0494182553	8.15023216021
530.0	26.0	3.64799174514	4.45410784205
530.0	77.0	8.62970088998	7.27435069527
530.0	244.0	10.8667345402	8.3263630924
540.0	26.0	3.6341010479	4.45267588325
540.0	77.0	8.25801950638	7.17888677538
540.0	244.0	10.7236182656	8.53638371615
550.0	26.0	3.61999988556	4.45100526466
550.0	77.0	7.88760091344	7.0753084223
550.0	244.0	10.5805019911	8.7464043399
560.0	26.0	3.60589872321	4.44933464606
560.0	77.0	7.52076022736	6.95239862545
560.0	153.0	4.92867193721	0.15011701402
560.0	244.0	10.4872659475	8.97360846923
560.0	252.0	14.944075109	6.05957231472
570.0	26.0	3.59200802598	4.44790268726
570.0	77.0	7.15391954128	6.8297274884
570.0	153.0	5.05642425875	0.206440726752
570.0	244.0	10.4270729262	9.21226826894
570.0	252.0	14.6934111634	5.9118418987
580.0	26.0	3.57790686363	4.44623206866
580.0	77.0	6.78728932031	6.70705635135
580.0	153.0	5.18438704541	0.262525779685
580.0	244.0	10.3668799048	9.45092806865
580.0	252.0	14.4130716374	5.73642694591
590.0	26.0	3.56380570129	4.44456145006
590.0	77.0	6.46843467923	6.61708160686
590.0	153.0	5.31234983206	0.318610832617
590.0	244.0	10.2946903722	9.66906312559
590.0	252.0	14.0876925779	5.51948518797
590.0	253.0	15.1189716151	6.35097593017
600.0	26.0	3.54991500405	4.44312949127
600.0	77.0	6.16178701451	6.53522129555
600.0	153.0	5.44031261871	0.37493454535
600.0	244.0	10.2195543281	9.88218632673
600.0	252.0	13.7467391003	5.29061044005
600.0	253.0	14.8333704613	6.08677953189
610.0	26.0	3.53581384171	4.44145887267
610.0	77.0	5.85513934978	6.45336098425
610.0	153.0	5.56827540536	0.431019598282
610.0	244.0	10.144418284	10.0953095279
610.0	252.0	13.3426460898	5.01376507238
610.0	253.0	14.5475588424	5.82234447381
620.0	26.0	3.52171267936	4.43978825407
620.0	77.0	5.57943005617	6.37627386894
620.0	153.0	5.74969632986	0.511686610586
620.0	244.0	10.0842252626	10.2315842735
620.0	252.0	12.9385530793	4.73691970471
620.0	253.0	14.2558542005	5.55790941573
630.0	26.0	3.40953477593	4.40828516051
630.0	77.0	5.37633122538	6.31040376422
630.0	153.0	5.96668585788	0.608582489269
630.0	244.0	10.0242427064	10.368097679
630.0	252.0	12.5104670464	4.44503876966
630.0	253.0	13.9077449092	5.29180373905
640.0	26.0	3.19906966631	4.34671093218
640.0	77.0	5.17302192949	6.2447723193
640.0	153.0	6.18367538591	0.705478367953
640.0	244.0	9.99877642809	10.5029404658
640.0	252.0	12.0718577579	4.14671402002
640.0	253.0	13.5596356178	5.02569806237
650.0	26.0	2.98860455668	4.28513670385
650.0	77.0	5.01391030661	6.23856716451
650.0	153.0	6.38488003071	0.769677854076
650.0	244.0	10.1120066571	10.631339438
650.0	252.0	11.6551368408	3.82571658941
650.0	253.0	13.2382553954	4.76722949928
660.0	26.0	2.82381037585	4.22642639313
660.0	77.0	4.92088472815	6.32162077481
660.0	153.0	6.56251258323	0.784474761658
660.0	244.0	10.2254473512	10.7599770701
660.0	252.0	11.2891380152	3.45221400286
660.0	253.0	12.943604242	4.51663670958
670.0	26.0	2.72762782075	4.17177329899
670.0	77.0	4.82806961481	6.40491304491
670.0	153.0	6.74014513576	0.79951032904
670.0	244.0	10.359513626	10.8217899582
670.0	252.0	10.9231391896	3.0787114163
670.0	253.0	12.7059891332	4.32308361201
680.0	26.0	2.63144526565	4.11712020486
680.0	77.0	4.73504403636	6.48820531501
680.0	153.0	6.87400094548	0.796885071243
680.0	244.0	10.5076810632	10.8396894432
680.0	252.0	10.5421973411	2.63552016824
680.0	253.0	12.5028903024	4.19349134077
690.0	26.0	2.53526271055	4.06270577052
690.0	77.0	4.64264985323	6.57388418311
690.0	153.0	6.83317071421	0.723855172531
690.0	244.0	10.6558485003	10.8573502684
690.0	252.0	10.1614659578	2.19232892017
690.0	253.0	12.0943775246	4.12308669985
700.0	26.0	2.52747550149	4.06628566752
700.0	77.0	4.55551729784	6.68080377338
700.0	153.0	6.79213001784	0.651063933618
700.0	244.0	10.7779182639	10.8766817121
700.0	252.0	9.6578229505	1.95104386266
700.0	253.0	11.6528217246	4.05459133733
710.0	26.0	2.5297906177	4.07630937911
710.0	77.0	4.46838474246	6.78772336365
710.0	153.0	6.75129978657	0.578034034906
710.0	244.0	10.8972519811	10.8964904755
710.0	252.0	9.14028924593	1.73219282632
710.0	253.0	11.1615961588	3.98824391301
720.0	26.0	2.5321057339	4.08633309069
720.0	77.0	4.39345916343	6.88939243833
720.0	153.0	6.56651142032	0.53292733276
720.0	244.0	11.0165856982	10.9160605791
720.0	252.0	8.55477531095	1.63553560744
720.0	253.0	10.6270147803	3.90542896251
730.0	26.0	2.534210385	4.09635680228
730.0	77.0	4.36715102473	6.96886615163
730.0	153.0	6.28596142919	0.506436094992
730.0	244.0	11.1359194154	10.9358693425
730.0	252.0	7.90128114556	1.66059488641
730.0	253.0	10.0631787516	3.81163566122
740.0	26.0	2.53652550121	4.10638051387
740.0	77.0	4.34084288603	7.04833986494
740.0	153.0	6.00520097295	0.479944857224
740.0	244.0	11.2552531326	10.955439446
740.0	252.0	7.25557418923	1.67061859799
740.0	253.0	9.49955318806	3.71808101974
750.0	26.0	2.5386301523	4.11640422546
750.0	77.0	4.31453474732	7.12805223804
750.0	153.0	5.96352888124	0.496651043204
750.0	244.0	11.3745868497	10.9752482094
750.0	252.0	6.61491839553	1.67061859799
750.0	253.0	8.90961948578	3.63550472903
760.0	26.0	2.54094526851	4.12666659685
760.0	77.0	4.28822660862	7.20752595135
760.0	153.0	5.94837539335	0.518130425178
760.0	244.0	11.4939205669	10.994818313
760.0	252.0	5.96794864854	1.68111962918
760.0	253.0	8.31337183021	3.55603101573
770.0	26.0	2.54304991961	4.13669030843
770.0	77.0	4.26191846992	7.28699966465
770.0	94.0	-0.0915523226871	3.45030472446
770.0	153.0	5.93322190545	0.539609807152
770.0	244.0	11.613254284	11.0146270764
770.0	252.0	5.30519401833	1.71667993934
770.0	253.0	7.73017301144	3.46748823004
780.0	26.0	2.54536503581	4.14671402002
780.0	77.0	4.23561033121	7.36671203776
780.0	94.0	0.347688361101	3.59540988268
780.0	153.0	5.91806841756	0.561089189126
780.0	244.0	11.7325880012	11.03419718
780.0	252.0	4.64264985323	1.7520015897
780.0	253.0	7.16633698275	3.36510317596
790.0	26.0	2.54746968691	4.15673773161
790.0	77.0	4.20930219251	7.44618575106
790.0	94.0	0.78692904489	3.74075370071
790.0	153.0	5.90291492967	0.582568571101
790.0	244.0	11.8750728804	11.0518580051
790.0	252.0	3.97863243236	1.72598767153
790.0	253.0	6.60250095406	3.26271812188
800.0	26.0	2.54978480311	4.1667614432
800.0	77.0	4.20930219251	7.73257751072
800.0	94.0	1.20554414794	3.93120422088
800.0	153.0	5.88776144177	0.604286612874
800.0	244.0	12.1097414776	11.0609270775
800.0	252.0	3.31356268594	1.65916292761
800.0	253.0	6.05908004101	3.13169389184
810.0	26.0	2.55188945421	4.17678515479
810.0	77.0	4.20930219251	8.01896927037
810.0	94.0	1.57596274088	4.22714237252
810.0	153.0	5.87260795388	0.625765994849
810.0	244.0	12.34462054	11.0702348097
810.0	252.0	2.65628014858	1.5851783897
810.0	253.0	5.52891842986	2.98157687782
820.0	26.0	2.55420457042	4.18680886637
820.0	77.0	4.25981381882	8.31013422602
820.0	94.0	1.94638133382	4.52308052417
820.0	153.0	5.85745446599	0.647245376823
820.0	252.0	2.06866156251	1.44580106666
820.0	253.0	4.99896728383	2.831221204
830.0	26.0	2.55630922151	4.19683257796
830.0	77.0	4.36083707144	8.60607237767
830.0	94.0	2.28607202075	4.85386300657
830.0	153.0	5.8423009781	0.668724758797
830.0	252.0	1.48104297643	1.30666240343
830.0	253.0	4.41555799994	2.69590109756
830.0	353.0	4.21708940157	8.02445844577
840.0	26.0	2.55862433772	4.20685628955
840.0	77.0	4.46186032406	8.90201052931
840.0	94.0	2.61776503352	5.19371456136
840.0	153.0	5.82693702509	0.690204140771
840.0	157.0	2.754988285	0.205247427754
840.0	252.0	0.855961600847	1.22504075193
840.0	253.0	3.82625569299	2.56225160972
840.0	353.0	4.50458474132	7.84164503918
850.0	26.0	2.56072898881	4.21688000114
850.0	77.0	4.45344171968	9.18840228897
850.0	94.0	2.96355920864	5.50397230099
850.0	153.0	5.8117835372	0.711683522746
850.0	157.0	2.21830225545	0.396175267524
850.0	252.0	0.214463946708	1.1682397196
850.0	253.0	3.23947896736	2.40497480171
850.0	353.0	4.79229054617	7.6585929728
860.0	26.0	2.56304410502	4.22714237252
860.0	77.0	4.44502311529	9.47479404862
860.0	94.0	3.36449524247	5.69704807896
860.0	153.0	5.7505381903	0.712399502145
860.0	157.0	1.68035343525	0.59927475708
860.0	253.0	2.6567010788	2.21213768354
860.0	353.0	5.07599751395	7.48532595821
870.0	26.0	2.56514875612	4.23716608411
870.0	77.0	4.41282195352	9.72538683832
870.0	94.0	3.75722313703	5.89227179513
870.0	153.0	5.67771726237	0.70762630615
870.0	157.0	1.13756391753	0.850344866379
870.0	253.0	2.07392319025	2.01953922518
870.0	353.0	5.32476727353	7.39845379112
880.0	26.0	2.56746387232	4.2471897957
880.0	77.0	4.35662776925	9.94018065807
880.0	94.0	4.07670917345	6.10444035707
880.0	153.0	5.60489633444	0.703091769956
880.0	157.0	0.604245329735	1.09783507868
880.0	253.0	1.53639530027	1.94913458426
880.0	353.0	5.5735370331	7.31158162402
890.0	26.0	2.77729758662	4.32475423061
890.0	77.0	4.30043358498	10.1549744778
890.0	94.0	4.39640567497	6.31660891902
890.0	153.0	5.53207540651	0.698557233761
890.0	157.0	0.0932360435641	1.3364948784
890.0	253.0	1.0102325262	1.90927839771
890.0	353.0	5.77789865455	7.23521048811
900.0	26.0	3.01049292808	4.4101944389
900.0	77.0	4.28422777154	10.328718812
900.0	94.0	4.6354940395	6.56314449212
900.0	153.0	5.45904401347	0.694022697567
900.0	253.0	0.580252307238	2.04412118455
900.0	353.0	5.97720911336	7.1597939914
910.0	26.0	3.25589524591	4.48823619341
910.0	77.0	4.30758939871	10.4611750008
910.0	94.0	4.75377543111	6.86146924176
910.0	153.0	5.26836262415	0.692113419169
910.0	253.0	0.150061623163	2.17896397138
910.0	353.0	6.34194514835	6.95287594505
920.0	26.0	3.61305453694	4.50279444119
920.0	77.0	4.33095102587	10.5938698495
920.0	94.0	4.89226147325	7.09463986608
920.0	153.0	4.99896728383	0.692113419169
920.0	162.0	15.0693018492	0.286391759656
920.0	353.0	6.7454067635	6.79583779684
930.0	26.0	3.97021382798	4.51711402918
930.0	77.0	4.35431265304	10.7263260383
930.0	94.0	5.03579867801	7.31158162402
930.0	153.0	4.72536264131	0.681612387982
930.0	162.0	14.7973809276	0.694022697567
930.0	353.0	7.18738349371	6.68844088697
940.0	26.0	4.32737311901	4.53167227696
940.0	77.0	4.3031696314	10.8222672778
940.0	94.0	5.19006960337	7.54164967095
940.0	153.0	4.41345334885	0.575408777109
940.0	162.0	14.525670471	1.10189229528
940.0	353.0	7.61399627092	6.59130634849
950.0	26.0	4.70515799079	4.58847330929
950.0	77.0	4.24381847049	10.9141513007
950.0	94.0	5.35149634245	7.78030947066
950.0	153.0	4.10175452149	0.469443826036
950.0	162.0	14.358561174	1.55128869814
950.0	353.0	8.02545556024	6.50467284119
960.0	26.0	5.08841495542	4.65577537281
960.0	77.0	4.18446730957	11.0057966638
960.0	94.0	5.51271261642	8.01896927037
960.0	153.0	3.75006732331	0.340567534191
960.0	162.0	14.2615367584	2.02860829756
960.0	353.0	8.44533345394	6.38200170414
970.0	26.0	5.47146145493	4.72307743633
970.0	77.0	4.12511614866	11.0976806867
970.0	94.0	5.68255795989	8.22421669813
970.0	153.0	3.3388184991	0.177801550787
970.0	162.0	14.1643018778	2.50592789699
970.0	353.0	8.88541599817	6.17579963718
980.0	26.0	5.85471841956	4.79037949985
980.0	77.0	3.92769987583	11.2917111038
980.0	94.0	5.85787539621	8.40726876451
980.0	153.0	2.92735920978	0.0152742271817
980.0	162.0	14.1567251339	2.94052739227
980.0	353.0	9.30781947319	5.98630375621
990.0	26.0	6.30974398657	4.84002073819
990.0	77.0	3.73049406811	11.4855028612
990.0	94.0	6.03340329764	8.59008217109
990.0	162.0	14.149358855	3.37536554735
990.0	353.0	9.57090086022	5.94668622946
1000.0	26.0	6.77276722775	4.88775269813
1000.0	77.0	3.53307779528	11.6795332784
1000.0	94.0	6.17020561889	8.78268062945
1000.0	162.0	14.172299552	3.78729236165
1000.0	353.0	9.74684969187	5.91995633189
1010.0	26.0	7.23579046893	4.93548465807
1010.0	77.0	3.47204291349	11.865926582
1010.0	94.0	6.28112073166	8.98148424262
1010.0	162.0	14.3181518729	4.10852845207
1010.0	353.0	9.91290666336	5.89489705292
1020.0	26.0	7.6988137101	4.98321661802
1020.0	77.0	3.44489291435	12.0508879267
1020.0	94.0	6.39224630955	9.18052651558
1020.0	162.0	14.4637937288	4.43000320228
1020.0	353.0	10.2435473506	5.89489705292
1030.0	26.0	8.10437997635	4.97319290643
1030.0	77.0	3.41774291521	12.2356106117
1030.0	94.0	6.50337188743	9.37933012874
1030.0	162.0	14.6010169803	4.73381712732
1030.0	353.0	10.5743985029	5.89489705292
1040.0	26.0	8.5034218242	4.95672538025
1040.0	77.0	3.32661152274	12.348496697
1040.0	94.0	6.43854863366	9.48959095621
1040.0	99.0	0.0894476715909	1.89137891273
1040.0	162.0	14.7325576738	5.02617538197
1040.0	353.0	10.9559717467	5.8261630306
1050.0	26.0	8.90267413716	4.94025785407
1050.0	77.0	3.20833013113	12.4303570083
1050.0	94.0	6.37393584501	9.59961312387
1050.0	99.0	0.694534861764	1.98087633762
1050.0	162.0	14.8640983673	5.31853363661
1050.0	353.0	11.3432275484	5.7497918947
1060.0	26.0	9.17501598902	4.89109393533
1060.0	77.0	3.08983827441	12.5124559794
1060.0	94.0	6.33268468352	9.67073374419
1060.0	99.0	1.30677786566	2.05462221573
1060.0	162.0	14.9956390608	5.61089189126
1060.0	353.0	11.7580542794	5.66817024319
1070.0	26.0	9.44735784087	4.84193001659
1070.0	77.0	2.96545339462	12.6193755696
1070.0	94.0	6.32721259067	9.68338271357
1070.0	99.0	1.94722319426	2.06488458712
1070.0	162.0	15.1050809178	5.89967024892
1070.0	353.0	12.2139217069	5.5786728183
1080.0	26.0	9.71969969273	4.79276609785
1080.0	77.0	2.83475456155	12.7511157791
1080.0	94.0	6.32174049782	9.69579302316
1080.0	99.0	2.58787898796	2.07538561831
1080.0	162.0	15.1997902172	6.18606200857
1080.0	353.0	12.6699995995	5.48917539341
1090.0	26.0	10.073491542	4.81352950042
1090.0	77.0	2.70405572847	12.8826173287
1090.0	94.0	6.31626840497	9.70844199254
1090.0	99.0	3.26747082694	2.13003871244
1090.0	353.0	13.1751158626	5.43189704148
1100.0	26.0	10.4811624594	4.88059290414
1100.0	77.0	2.65186038128	13.0377461985
1100.0	94.0	6.31058584701	9.72109096193
1100.0	99.0	3.95148243322	2.18970366237
1100.0	353.0	13.6802321257	5.37461868955
1110.0	26.0	10.8890438418	4.94765630786
1110.0	77.0	2.65186038128	13.2081492955
1110.0	94.0	6.30511375416	9.73350127151
1110.0	99.0	4.59676845933	2.30306706723
1110.0	353.0	14.1695635055	5.31614703862
1120.0	26.0	11.3192345259	5.04693878454
1120.0	77.0	2.65186038128	13.3785523925
1120.0	94.0	6.29964166131	9.7461502409
1120.0	99.0	5.23763471814	2.42239696709
1120.0	353.0	14.6431100022	5.25648208869
1130.0	26.0	11.7835205577	5.19443054076
1130.0	77.0	2.61818596374	13.4890518798
1130.0	94.0	6.29395910335	9.75856055048
1130.0	99.0	5.87892190717	2.59351604349
1130.0	353.0	15.1166564989	5.19681713876
1140.0	26.0	12.2478065895	5.34168363719
1140.0	77.0	2.57609294182	13.5845157997
1140.0	94.0	6.2884870105	9.77120951987
1140.0	99.0	6.52041956131	2.78659182145
1150.0	26.0	12.7120926214	5.48917539341
1150.0	77.0	2.53399991989	13.6799797196
1150.0	94.0	6.28301491765	9.78385848925
1150.0	99.0	7.10993233337	2.99398718741
1160.0	26.0	13.1050309811	5.56864910671
1160.0	77.0	2.49190689797	13.7754436395
1160.0	94.0	6.27733235969	9.79626879884
1160.0	99.0	7.66471836234	3.21116760514
1170.0	26.0	13.4977588756	5.64836147982
1170.0	94.0	6.27186026684	9.80891776822
1170.0	99.0	8.21171718226	3.40877791931
1180.0	26.0	13.8906972353	5.72783519312
1180.0	94.0	6.26638817399	9.82156673761
1180.0	99.0	8.74650902582	3.5779877173
1190.0	26.0	14.283635595	5.80730890643
1190.0	94.0	6.26070561603	9.83397704719
1190.0	99.0	9.28151133449	3.7469588555
1200.0	26.0	14.6763634895	5.88702127953
1200.0	94.0	6.25523352318	9.84662601658
1200.0	99.0	9.83398224725	3.9159299937
1210.0	26.0	15.0693018492	5.96649499284
1210.0	94.0	6.25460212785	9.86070694476
1210.0	99.0	10.38645316	4.0851397917
1220.0	94.0	6.27396491794	9.88027704834
1220.0	99.0	10.9425019797	4.2517243319
1230.0	94.0	6.29332770802	9.90008581171
1230.0	99.0	11.5010763806	4.4171155731
1240.0	94.0	6.31269049811	9.91965591529
1240.0	99.0	12.0596507815	4.5822681545
1250.0	94.0	6.33184282308	9.93946467867
1250.0	99.0	12.5778158814	4.68322124978
1250.0	366.0	7.9503195161	13.6904807508
1260.0	94.0	6.35120561317	9.95903478224
1260.0	99.0	13.0957705162	4.78417434506
1260.0	366.0	7.68723812907	13.6052792023
1270.0	94.0	6.37056840326	9.97884354562
1270.0	99.0	13.6154088719	4.86770527496
1270.0	366.0	7.42415674204	13.5200776538
1280.0	94.0	6.38993119334	9.9984136492
1280.0	99.0	14.1373623438	4.92498362689
1280.0	265.0	15.0482553382	7.11206203146
1280.0	366.0	7.19790674919	13.4260456927
1290.0	94.0	6.40908351832	10.0182224126
1290.0	99.0	14.6593158156	4.98226197882
1290.0	265.0	14.6875181403	7.12900687724
1290.0	362.0	3.1683417603	13.4427518787
1290.0	366.0	7.05752652107	13.3110116692
1290.0	405.0	4.42629172053	12.3563724704
1300.0	94.0	6.4284463084	10.0380311759
1300.0	99.0	15.1219181266	5.09538672388
1300.0	265.0	14.3265704773	7.14619038282
1300.0	362.0	3.27062780358	13.1835673362
1300.0	366.0	6.91735675806	13.1962163056
1300.0	405.0	4.56435683245	12.3251080366
1310.0	94.0	6.44780909849	10.0576012795
1310.0	265.0	13.9588879308	7.15120223861
1310.0	362.0	3.37291384686	12.9243827937
1310.0	366.0	6.88452420096	13.0468152709
1310.0	405.0	4.70242194436	12.293604943
1320.0	94.0	6.48379863223	10.1175048893
1320.0	265.0	13.5634239898	7.10776615507
1320.0	362.0	3.47498942503	12.665436911
1320.0	366.0	6.92346024624	12.8742642357
1320.0	405.0	4.84027659117	12.2623405093
1330.0	94.0	6.55893467637	10.2709631405
1330.0	265.0	13.1681705139	7.06433007152
1330.0	362.0	3.58737779357	12.4036271107
1330.0	366.0	6.96239629152	12.7019518603
1330.0	405.0	4.97834170308	12.2310760755
1340.0	94.0	6.63407072051	10.4244213917
1340.0	265.0	12.772706573	7.02089398797
1340.0	362.0	3.73975453294	12.1320322586
1340.0	366.0	7.00154280191	12.529639485
1340.0	405.0	5.116406815	12.1998116418
1350.0	94.0	6.69468467208	10.5867100555
1350.0	265.0	12.3898705385	6.88247130414
1350.0	362.0	3.8921312723	11.8606760664
1350.0	366.0	7.04047884719	12.3573271096
1350.0	405.0	5.2454219272	12.172127105
1360.0	94.0	6.74077653109	10.7583064515
1360.0	265.0	12.0082972948	6.73307026952
1360.0	362.0	4.03166963999	11.5988662661
1360.0	366.0	7.06405093947	12.2060167965
1360.0	405.0	5.29403936752	12.1773776206
1370.0	94.0	6.78686839009	10.9299028475
1370.0	265.0	11.6269345162	6.58390789469
1370.0	362.0	4.14111149699	11.3602064664
1370.0	366.0	7.02637768485	12.138714733
1370.0	405.0	5.34265680784	12.1826281362
1380.0	94.0	6.81633350544	11.0635523353
1380.0	265.0	11.2668287136	6.44023469527
1380.0	362.0	4.250553354	11.1215466666
1380.0	366.0	6.98849396512	12.0711740097
1380.0	405.0	5.39106378306	12.1878786518
1390.0	94.0	6.80749397084	11.1086590375
1390.0	265.0	10.9161938409	6.29894809384
1390.0	269.0	15.0337332457	6.75478831129
1390.0	362.0	4.4342893947	10.8902853207
1390.0	366.0	6.95082071049	12.0038719462
1390.0	405.0	5.43968122338	12.1931291674
1400.0	94.0	6.79865443623	11.1540043994
1400.0	265.0	10.5653485032	6.15742283261
1400.0	269.0	14.8015902297	6.67268934019
1400.0	362.0	4.63675683016	10.6606945934
1400.0	366.0	6.90094047951	11.9248755525
1400.0	405.0	5.4882986637	12.198379683
1410.0	94.0	6.78981490163	11.1991111016
1410.0	265.0	10.2300775836	6.05145788153
1410.0	269.0	14.5692367487	6.59035170929
1410.0	362.0	4.83122659145	10.4124884017
1410.0	366.0	6.82348931917	11.8179559622
1410.0	405.0	5.53691610403	12.2036301985
1420.0	94.0	6.78097536702	11.2444564635
1420.0	265.0	9.89501712904	5.94525427066
1420.0	269.0	14.3370937328	6.50801407839
1420.0	362.0	4.9941265863	10.0891043731
1420.0	366.0	6.74603815883	11.7112750317
1420.0	405.0	5.58532307924	12.2088807141
1430.0	94.0	6.77213583242	11.2895631656
1430.0	265.0	9.56206132562	5.89227179513
1430.0	269.0	14.1615658314	6.43426820027
1430.0	362.0	5.15702658115	9.76572034447
1430.0	366.0	6.66837653338	11.6045941013
1430.0	405.0	5.63394051957	12.2141312297
1440.0	94.0	6.76329629782	11.3349085276
1440.0	265.0	9.23478808015	5.96291509584
1440.0	269.0	14.0001390923	6.36267026036
1440.0	362.0	5.32603006418	9.44329095506
1440.0	366.0	6.56945793185	11.4692739948
1440.0	405.0	5.68255795989	12.2193817453
1450.0	94.0	6.75445676321	11.3800152297
1450.0	265.0	8.90730436957	6.03355839656
1450.0	269.0	13.8387123532	6.29107232045
1450.0	362.0	5.54891261528	9.12730538024
1450.0	366.0	6.44928235426	11.3055533722
1450.0	405.0	5.66340563491	12.0675941127
1460.0	94.0	6.74561722861	11.4253605917
1460.0	265.0	8.58950205404	6.02186406637
1460.0	269.0	13.7265344498	6.22902077252
1460.0	362.0	5.77179516637	8.81155846522
1460.0	366.0	6.32889631155	11.1420714094
1460.0	405.0	5.64425330994	11.9155678203
1470.0	94.0	6.73656722889	11.4704672938
1470.0	265.0	8.27801369179	5.95503932245
1470.0	269.0	13.6265635227	6.16935582259
1470.0	362.0	5.99446725235	8.4955728904
1470.0	366.0	6.20872073395	10.9783507868
1470.0	405.0	5.62510098496	11.7637801877
1480.0	94.0	6.79107769229	11.5855013173
1480.0	265.0	7.95410788808	5.88988519713
1480.0	269.0	13.5265925956	6.10969087266
1480.0	362.0	6.27186026684	8.15739195421
1480.0	366.0	6.08370445884	10.7470894409
1480.0	405.0	5.72254633072	11.634665236
1490.0	94.0	6.86116257379	11.7181961659
1490.0	265.0	7.51865557626	5.84048261859
1490.0	269.0	13.4266216686	6.05002592274
1490.0	362.0	6.5726149085	7.80966462602
1490.0	366.0	5.95868818372	10.5160667548
1490.0	405.0	5.86987190746	11.5153353362
1500.0	94.0	6.92809047865	11.8444472
1500.0	265.0	7.08320326445	5.79131869985
1500.0	269.0	13.283505394	6.07078932531
1500.0	362.0	6.87315908504	7.46193729784
1500.0	366.0	5.83388237371	10.2848054089
1500.0	405.0	6.01719748419	11.3960054363
1510.0	94.0	6.96555326817	11.9124652429
1510.0	265.0	6.63785909248	5.7431094203
1510.0	269.0	13.1294449338	6.11136149126
1510.0	362.0	7.19243465634	7.12351770185
1510.0	366.0	5.77958237543	10.030871382
1510.0	405.0	6.19019980431	11.4019719313
1520.0	94.0	7.00322652279	11.9807219456
1520.0	265.0	6.15315794501	5.69967333676
1520.0	269.0	12.9753844735	6.15217231701
1520.0	362.0	7.58579394623	6.82256769441
1520.0	366.0	5.74296144635	9.77144817967
1520.0	405.0	6.37435677523	11.4616368812
1530.0	94.0	7.04089977741	12.0489786483
1530.0	265.0	5.66845679754	5.65623725321
1530.0	269.0	12.8215344784	6.19298314276
1530.0	362.0	7.97936370123	6.52161768697
1530.0	366.0	5.79473586332	9.51799147237
1530.0	405.0	6.55851374615	11.5213018312
1540.0	265.0	5.18375565008	5.61280116966
1540.0	269.0	12.6685263437	6.20515479255
1540.0	362.0	8.37167066557	6.20849602975
1540.0	366.0	5.93511609144	9.27050126007
1540.0	405.0	6.72899048495	11.6184363697
1550.0	265.0	4.75651147754	5.54526044634
1550.0	269.0	12.5159391392	6.20515479255
1550.0	362.0	8.76397762992	5.89370375392
1550.0	366.0	6.07549631956	9.02301104777
1550.0	405.0	6.8853660614	11.7530404967
1560.0	265.0	4.33558125829	5.47509446523
1560.0	269.0	12.3633519347	6.20515479255
1560.0	362.0	9.14681366433	5.52664498196
1560.0	366.0	6.2556544534	8.73948320571
1560.0	405.0	7.04195210296	11.8876446237
1570.0	111.0	-0.13469767016	4.30542278683
1570.0	265.0	3.91465103903	5.40492848411
1570.0	269.0	12.2107647303	6.20515479255
1570.0	362.0	9.52565086165	5.13667486923
1570.0	366.0	6.44570444739	8.44712495106
1570.0	405.0	7.19853814452	12.0222487508
1580.0	111.0	0.412511614866	4.63954650643
1580.0	265.0	3.47141151816	5.32640941
1580.0	269.0	12.0781717112	6.21995170013
1580.0	362.0	9.90448805898	4.7469434163
1580.0	366.0	6.63575444138	8.15452803661
1580.0	405.0	7.34102302374	12.1811961774
1590.0	111.0	0.952986016384	4.98011404062
1590.0	265.0	3.00586269567	5.23977590271
1590.0	269.0	11.9544182267	6.24095376251
1590.0	362.0	10.2549124665	4.30184288983
1590.0	366.0	6.89083815425	7.83615586379
1590.0	405.0	7.47424743813	12.3561338106
1600.0	111.0	1.43242553611	5.37772126694
1600.0	265.0	2.54031387318	5.15290373561
1600.0	269.0	11.8306647423	6.26195582488
1600.0	362.0	10.5931298977	3.8331150432
1600.0	366.0	7.1739137267	7.50704399999
1600.0	405.0	7.60768231763	12.5313101036
1610.0	111.0	1.87987435918	5.80277437023
1610.0	265.0	2.06592551608	5.06125837252
1610.0	269.0	11.7403752102	6.27794603146
1610.0	362.0	10.9313473288	3.36414853676
1610.0	366.0	7.45698929914	7.17793213618
1610.0	405.0	7.6638765019	12.701235881
1620.0	111.0	2.25302899854	6.29083366065
1620.0	265.0	1.55702088101	4.95028156566
1620.0	269.0	11.728378699	6.28176458826
1620.0	362.0	11.2394682493	2.79160367725
1620.0	366.0	7.77373928913	6.9096785213
1620.0	405.0	7.66871719943	12.8675817614
1630.0	111.0	2.61334526622	6.77889295106
1630.0	265.0	1.04790578083	4.83930475879
1630.0	269.0	11.7163821877	6.28558314505
1630.0	362.0	11.5444321932	2.20712582775
1630.0	366.0	8.09911834861	6.65646047381
1630.0	405.0	7.67355789695	13.0341663016
1640.0	111.0	2.85874758404	7.26623626208
1640.0	265.0	0.538790680641	4.72832795192
1640.0	269.0	11.7043856765	6.28964036165
1640.0	362.0	11.8491856719	1.62288663805
1640.0	366.0	8.42428694298	6.40324242631
1640.0	405.0	7.67860905958	13.2007508418
1650.0	111.0	3.10436036698	7.75357957309
1650.0	189.0	4.93077658831	0.112647425465
1650.0	265.0	0.0298860455668	4.61735114506
1650.0	269.0	11.6923891652	6.29345891844
1650.0	362.0	12.0771193856	0.946763425463
1650.0	366.0	8.72735670084	6.13093159484
1650.0	405.0	7.70154975653	13.3568343508
1660.0	111.0	3.39606500892	8.17362082059
1660.0	189.0	5.29319750708	0.417654649499
1660.0	269.0	11.680392654	6.29727747524
1660.0	362.0	12.3052635645	0.270401553075
1660.0	366.0	9.00790669197	5.83928931959
1660.0	405.0	7.76679394051	13.4883359004
1670.0	111.0	3.70755337116	8.56502289212
1670.0	189.0	5.64046493796	0.71597939914
1670.0	269.0	11.6683961427	6.30109603203
1670.0	366.0	9.34065203029	5.54287384834
1670.0	405.0	7.8322485896	13.6200761098
1680.0	111.0	4.0078870826	8.95069712845
1680.0	189.0	5.85093004759	0.954639198854
1680.0	269.0	11.6566100966	6.30515324863
1680.0	366.0	9.69423341446	5.24287848011
1680.0	405.0	7.89749277359	13.7518163193
1690.0	111.0	4.26423358612	9.31393734362
1690.0	189.0	6.02772073968	1.15392013161
1690.0	269.0	11.6446135854	6.30897180543
1690.0	366.0	10.0337136363	4.92713156508
1700.0	111.0	4.52036962454	9.67717755878
1700.0	189.0	6.06918236627	1.19616291616
1700.0	269.0	11.6326170741	6.31279036222
1700.0	366.0	10.3731938581	4.61162330986
1710.0	111.0	4.60287194751	9.98194612302
1710.0	189.0	6.11085445798	1.23864436051
1710.0	269.0	11.6206205629	6.31660891902
1710.0	366.0	10.7126740799	4.29587639484
1720.0	111.0	4.6660114804	10.2802708727
1720.0	189.0	6.15252654968	1.28088714506
1720.0	269.0	11.6086240516	6.32066613561
1720.0	366.0	11.0588891853	3.82619390901
1730.0	111.0	4.5283672987	10.499121909
1730.0	189.0	6.19419864139	1.32312992961
1730.0	190.0	7.31892418723	0.189018561373
1730.0	269.0	11.5966275404	6.32448469241
1730.0	366.0	11.4051042906	3.35675008297
1740.0	111.0	4.36841381539	10.7091425327
1740.0	189.0	6.23587073309	1.36537271416
1740.0	190.0	7.55569743556	0.556793312731
1740.0	269.0	11.5846310291	6.3283032492
1740.0	366.0	11.7513193959	2.88706759713
1750.0	111.0	4.20572428565	10.9208337751
1750.0	189.0	6.2775428248	1.40761549871
1750.0	190.0	7.79247068389	0.92480672389
1750.0	269.0	11.5726345179	6.3323604658
1750.0	366.0	12.1648833364	2.34029799599
1760.0	111.0	4.03882545371	11.1346729556
1760.0	189.0	6.31921491651	1.44985828326
1760.0	190.0	7.98567765452	1.28876291845
1760.0	269.0	11.5606380066	6.33617902259
1760.0	366.0	12.5858135556	1.78493664206
1770.0	111.0	3.87192662178	11.348750796
1770.0	189.0	6.36088700821	1.49210106781
1770.0	190.0	8.11342997606	1.64675261802
1770.0	269.0	11.5486414954	6.33999757939
1770.0	366.0	13.0067437749	1.22957528812
1780.0	111.0	3.73764988184	11.6060260601
1780.0	189.0	6.40255909992	1.53434385236
1780.0	190.0	8.24118229761	2.00474231759
1780.0	269.0	11.5366449841	6.34381613618
1780.0	366.0	13.4276739941	0.67421393419
1790.0	111.0	3.63641616411	11.9064987479
1790.0	189.0	6.55704049038	1.64245674163
1790.0	190.0	8.28790555194	2.26034696309
1790.0	269.0	11.524858938	6.34787335278
1790.0	366.0	13.8486042134	0.118852580257
1800.0	111.0	3.53497198127	12.2069714357
1800.0	189.0	6.78644745988	1.79424437425
1800.0	190.0	8.280328808	2.44793356566
1800.0	269.0	11.5128624267	6.35169190957
1810.0	111.0	3.40069524133	12.4826235044
1810.0	189.0	7.00848815053	1.91094901631
1810.0	190.0	8.27275206405	2.63552016824
1810.0	269.0	11.5008659155	6.35551046637
1820.0	111.0	3.25821036211	12.7520704183
1820.0	189.0	7.21895326016	1.97443252303
1820.0	190.0	8.280328808	2.73432532532
1820.0	194.0	1.24658484431	0.134365467239
1820.0	269.0	11.4888694042	6.35932902316
1830.0	111.0	3.11551501779	13.0215173322
1830.0	189.0	7.42941836978	2.03815468955
1830.0	190.0	8.29148345881	2.81117378082
1830.0	194.0	0.873640670056	0.284243821459
1830.0	269.0	11.476872893	6.36338623976
1840.0	111.0	3.06668711235	13.2974080606
1840.0	189.0	7.70491719828	2.0806361339
1840.0	190.0	8.30284857473	2.88778357653
1840.0	194.0	0.500906960909	0.434360835478
1840.0	269.0	11.4648763817	6.36720479656
1850.0	111.0	3.05784757775	13.5756853871
1850.0	189.0	8.07807183765	2.09161448469
1850.0	190.0	8.31421369065	2.96439337224
1850.0	194.0	0.128173251762	0.584477849498
1850.0	269.0	11.4528798705	6.37102335335
1860.0	111.0	3.04900804315	13.8542013734
1860.0	189.0	8.44617531438	2.11667376366
1860.0	190.0	8.32536834146	3.04124182775
1860.0	269.0	11.4398310337	6.37842180714
1870.0	189.0	8.7942846057	2.19925005436
1870.0	190.0	8.34346834088	3.12644337625
1870.0	269.0	11.4261508016	6.38749087953
1880.0	189.0	9.14218343191	2.28206500486
1880.0	190.0	8.38850787434	3.2457732761
1880.0	269.0	11.4124705694	6.39655995192
1890.0	189.0	9.4785066771	2.42955676108
1890.0	190.0	8.4335474078	3.36510317596
1890.0	269.0	11.3987903373	6.40562902431
1900.0	189.0	9.80683224811	2.62048460085
1900.0	190.0	8.47879740637	3.48443307582
1900.0	269.0	11.3851101052	6.4146980967
1910.0	189.0	10.1353682842	2.80902584263
1910.0	190.0	8.52383693983	3.60376297567
1910.0	269.0	11.3714298731	6.42376716909
1920.0	189.0	10.4647461808	2.97489440343
1920.0	190.0	8.50047531267	3.70972792675
1920.0	269.0	11.3577496409	6.43283624148
1930.0	189.0	10.7941240774	3.14100162403
1930.0	190.0	8.4771136855	3.81593153762
1930.0	269.0	11.3442798739	6.44166665407
1940.0	189.0	11.0643612781	3.28324286466
1940.0	190.0	8.45375205833	3.92189648869
1940.0	269.0	11.3305996418	6.45073572645
1950.0	189.0	11.3200763863	3.41975627009
1950.0	190.0	8.43039043116	4.02810009956
1950.0	269.0	11.3169194097	6.45980479884
1950.0	282.0	15.059409989	5.38989291673
1960.0	189.0	11.5755810294	3.55603101573
1960.0	190.0	8.42007764079	4.11688154506
1960.0	269.0	11.3032391775	6.46887387123
1960.0	282.0	15.0223681297	5.32306817281
1970.0	189.0	11.7570019539	3.68777122517
1970.0	190.0	8.42302415232	4.18847948497
1970.0	269.0	11.2895589454	6.47794294362
1970.0	282.0	14.9855367356	5.25600476909
1980.0	189.0	11.9384228784	3.81927277481
1980.0	190.0	8.42618112897	4.26007742489
1980.0	269.0	11.2758787133	6.48701201601
1980.0	282.0	14.9484948763	5.18894136537
1990.0	189.0	12.1211065936	3.95984339685
1990.0	190.0	8.4291276405	4.3316753648
1990.0	269.0	11.2621984812	6.4958424286
1990.0	282.0	14.9116634821	5.12187796165
2000.0	189.0	12.3153658897	4.18012639198
2000.0	190.0	8.43207415204	4.40327330471
2000.0	269.0	11.248518249	6.50491150099
2000.0	282.0	14.8746216228	5.05505321773
2010.0	189.0	12.5096251859	4.40040938712
2010.0	190.0	8.43523112868	4.47487124463
2010.0	269.0	11.235048482	6.51398057338
2010.0	282.0	14.8377902286	4.98798981401
2020.0	189.0	12.6573716929	4.61568052646
2020.0	190.0	8.43817764022	4.54646918454
2020.0	269.0	11.2213682499	6.52304964577
2020.0	282.0	14.8579948791	4.97772744262
2030.0	189.0	12.7583949455	4.82570115021
2030.0	190.0	8.48911019675	4.64193310443
2030.0	269.0	11.2076880178	6.53211871816
2030.0	282.0	14.8779890645	4.96722641144
2040.0	189.0	12.8594181981	5.03572177395
2040.0	190.0	8.58823926338	4.76126300428
2040.0	269.0	11.1860101115	6.53927851215
2040.0	282.0	14.8981937151	4.95696404005
2050.0	189.0	12.9884333103	5.20517023175
2050.0	190.0	8.6871578649	4.88059290414
2050.0	269.0	11.1325519736	6.53927851215
2050.0	282.0	14.9183983656	4.94646300886
2060.0	189.0	13.1174484225	5.37438002975
2060.0	190.0	8.77639507138	4.9937176492
2060.0	269.0	11.0790938358	6.53927851215
2060.0	282.0	14.938392551	4.93620063747
2070.0	189.0	13.2464635347	5.54382848754
2070.0	190.0	8.77639507138	5.05028002174
2070.0	269.0	11.0254252328	6.53927851215
2070.0	282.0	14.9585972015	4.92569960629
2080.0	189.0	13.3079193467	5.64334962402
2080.0	190.0	8.77639507138	5.10708105407
2080.0	269.0	10.971967095	6.53927851215
2080.0	282.0	14.978801852	4.9154372349
2090.0	122.0	0.330219757002	3.67345163719
2090.0	189.0	13.3617984148	5.73523364691
2090.0	190.0	8.77639507138	5.1636434266
2090.0	269.0	10.9185089572	6.53927851215
2090.0	282.0	14.9987960375	4.90493620371
2100.0	122.0	0.864590670342	3.76533566008
2100.0	189.0	13.415887948	5.82687901
2100.0	190.0	8.77639507138	5.22044445893
2100.0	269.0	10.8793624468	6.53856253275
2100.0	282.0	15.019000688	4.89467383232
2110.0	122.0	1.39875111857	3.85721968297
2110.0	189.0	13.469767016	5.91876303289
2110.0	190.0	8.77639507138	5.27700683146
2110.0	269.0	10.8738903539	6.53593727495
2110.0	282.0	15.0392053385	4.88417280114
2120.0	122.0	1.89418598663	3.96175267524
2120.0	189.0	13.5251193399	5.92807076508
2120.0	190.0	8.77639507138	5.3338078638
2120.0	269.0	10.8684182611	6.53307335736
2120.0	282.0	15.0591995239	4.87391042975
2130.0	122.0	2.38520108739	4.06771762632
2130.0	189.0	13.5804716637	5.93761715707
2130.0	190.0	8.77639507138	5.39037023633
2130.0	269.0	10.8629461682	6.53044809956
2130.0	282.0	15.038153013	4.8333382638
2140.0	122.0	2.86232549091	4.17869443318
2140.0	189.0	13.6358239875	5.94692488926
2140.0	190.0	8.77534274584	5.45313776365
2140.0	269.0	10.8576845405	6.52782284176
2140.0	282.0	14.9760658056	4.76293362288
2150.0	122.0	3.28325571016	4.30804804463
2150.0	189.0	13.6913867765	5.95647128125
2150.0	190.0	8.76502995546	5.56960374591
2150.0	269.0	10.8522124476	6.52519758397
2150.0	282.0	14.9137681332	4.69229032217
2160.0	122.0	3.70418592941	4.43764031587
2160.0	189.0	13.7467391003	5.96577901344
2160.0	190.0	8.7549276302	5.68583106837
2160.0	269.0	10.8467403548	6.52257232617
2160.0	282.0	14.8516809258	4.62188568125
2170.0	122.0	4.12511614866	4.56723258712
2170.0	189.0	13.8020914241	5.97532540543
2170.0	190.0	8.74461483983	5.80229705063
2170.0	269.0	10.8412682619	6.51994706837
2170.0	282.0	14.7797018583	4.55028774134
2180.0	122.0	4.27938707402	4.81305218082
2180.0	189.0	13.857443748	5.98463313761
2180.0	190.0	8.73430204946	5.91876303289
2180.0	269.0	10.8357961691	6.51732181057
2180.0	282.0	14.6201693052	4.46795011044
2190.0	122.0	4.31958590995	5.10851301287
2190.0	189.0	13.9828809533	5.94024241487
2190.0	190.0	8.73282879369	5.92807076508
2190.0	269.0	10.8303240762	6.51469655278
2190.0	282.0	14.460426287	4.38561247953
2200.0	122.0	4.26128707459	5.3278413688
2200.0	189.0	14.2133402483	5.81542333962
2200.0	190.0	8.73135553792	5.93713983747
2200.0	269.0	10.8248519834	6.51207129498
2200.0	282.0	14.3312007097	4.32045835421
2210.0	122.0	4.13753359013	5.4960965276
2210.0	189.0	14.44695652	5.69203622317
2210.0	190.0	8.72967181705	5.94644756966
2210.0	269.0	10.8193798905	6.50920737738
2210.0	282.0	14.3244658262	4.32332227181
2220.0	122.0	3.88623824924	5.51304137338
2220.0	189.0	14.6875181403	5.57270632331
2220.0	190.0	8.72819856128	5.95551664205
2220.0	269.0	10.8139077977	6.50658211959
2220.0	282.0	14.3175204776	4.32642484921
2230.0	122.0	3.620841746	5.51304137338
2230.0	189.0	14.9280797606	5.45337642345
2230.0	190.0	8.72672530551	5.96482437424
2230.0	269.0	10.8084357048	6.50395686179
2230.0	282.0	14.310575129	4.3295274266
2240.0	122.0	3.37123012598	5.6626810678
2240.0	189.0	15.1684309158	5.3340465236
2240.0	190.0	8.72525204975	5.97389344663
2240.0	269.0	10.802963612	6.50133160399
2240.0	282.0	14.3038402455	4.3323913442
2250.0	122.0	3.13214176145	5.9123192183
2250.0	190.0	8.72356832887	5.98320117882
2250.0	269.0	10.7974915191	6.4987063462
2250.0	282.0	14.2968948969	4.33549392159
2260.0	122.0	2.95892897623	6.23594190671
2260.0	190.0	8.7220950731	5.99227025121
2260.0	269.0	10.7920194263	6.4960810884
2260.0	282.0	14.2899495482	4.33859649899
2270.0	122.0	2.88463479253	6.67125738139
2270.0	190.0	8.72062181733	6.00157798339
2270.0	269.0	10.7865473334	6.4934558306
2270.0	282.0	14.2830041996	4.34169907639
2270.0	378.0	3.37522896306	8.19891875936
2280.0	122.0	2.77729758662	6.98819759541
2280.0	190.0	8.71914856157	6.01088571558
2280.0	269.0	10.7812857057	6.49083057281
2280.0	282.0	14.2762693161	4.34456299398
2280.0	378.0	3.55938593399	8.36812855735
2290.0	122.0	2.65585921836	7.25430327209
2290.0	190.0	8.71746484069	6.01995478797
2290.0	269.0	10.7758136128	6.48820531501
2290.0	282.0	14.2693239675	4.34766557138
2290.0	285.0	15.0387844083	5.90348880571
2290.0	378.0	3.74354290491	8.53709969555
2300.0	122.0	2.53442085011	7.52064760857
2300.0	190.0	8.71599158492	6.02926252016
2300.0	269.0	10.77034152	6.48534139741
2300.0	282.0	14.2623786189	4.35076814878
2300.0	285.0	14.9047181335	5.88177076394
2300.0	378.0	3.92769987583	8.70607083375
2310.0	190.0	8.71451832915	6.03833159255
2310.0	269.0	10.7648694271	6.48271613962
2310.0	282.0	14.2554332703	4.35387072617
2310.0	285.0	14.7708623237	5.86029138196
2310.0	378.0	4.11185684675	8.87528063174
2320.0	190.0	8.71304507339	6.04763932474
2320.0	269.0	10.7593973343	6.48009088182
2320.0	282.0	14.2486983868	4.35673464377
2320.0	285.0	14.6367960489	5.83857334019
2320.0	378.0	4.2922254457	8.991746614
2330.0	190.0	8.71157181762	6.05670839713
2330.0	269.0	10.7539252414	6.47746562402
2330.0	282.0	14.2417530381	4.35983722117
2330.0	285.0	14.4770530307	5.81637797882
2330.0	378.0	4.47069985867	9.08577857509
2340.0	190.0	8.70988809674	6.06601612932
2340.0	269.0	10.7484531486	6.47484036623
2340.0	282.0	14.2348076895	4.36293979856
2340.0	285.0	14.2564855958	5.79370529784
2340.0	378.0	4.64938473674	9.17981053618
2350.0	190.0	8.70841484098	6.07508520171
2350.0	269.0	10.7429810557	6.47221510843
2350.0	282.0	14.228072806	4.36580371616
2350.0	285.0	14.0232902543	5.77341921487
2350.0	378.0	4.801551011	9.27360383747
2360.0	190.0	8.70694158521	6.08439293389
2360.0	269.0	10.7375089629	6.46958985063
2360.0	282.0	14.2211274574	4.36890629355
2360.0	285.0	13.7397937517	5.76315684348
2360.0	378.0	4.91436030976	9.36739713875
2370.0	190.0	8.70546832944	6.09370066608
2370.0	269.0	10.6933112899	6.46219139684
2370.0	282.0	14.2141821088	4.37200887095
2370.0	285.0	13.4560867839	5.75265581229
2370.0	378.0	5.02716960852	9.46119044004
2380.0	190.0	8.70378460856	6.10276973847
2380.0	269.0	10.5584031546	6.44381459226
2380.0	282.0	14.2072367602	4.37511144835
2380.0	285.0	13.258460046	5.77461251387
2380.0	378.0	5.16165681357	9.51655951357
2390.0	190.0	8.7023113528	6.11207747066
2390.0	269.0	10.4234950193	6.42543778769
2390.0	282.0	14.2005018767	4.37797536594
2390.0	285.0	13.0707251682	5.80038777224
2390.0	378.0	5.31066611118	9.54639198854
2400.0	190.0	8.70083809703	6.12114654305
2400.0	269.0	10.288586884	6.40706098311
2400.0	282.0	14.193556528	4.38107794334
2400.0	285.0	12.8865681973	5.81757127782
2400.0	378.0	5.46346378077	9.55880229812
2410.0	190.0	8.69936484126	6.13045427524
2410.0	269.0	10.1808287479	6.4120728389
2410.0	282.0	14.1866111794	4.38418052074
2410.0	285.0	12.7360856439	5.76077024548
2410.0	378.0	5.6303626127	9.50104662659
2420.0	190.0	8.69789158549	6.13952334763
2420.0	269.0	10.1143217733	6.45169036565
2420.0	282.0	14.1796658308	4.38728309813
2420.0	285.0	12.5858135556	5.70396921315
2420.0	378.0	5.79726144464	9.44352961486
2430.0	190.0	8.69620786462	6.14883107982
2430.0	269.0	10.0476043335	6.49154655221
2430.0	282.0	14.1729309473	4.39014701573
2430.0	285.0	12.375348446	5.60015220028
2430.0	378.0	5.98162888067	9.38839920113
2440.0	190.0	8.69473460885	6.15790015221
2440.0	269.0	9.98088689377	6.53140273876
2440.0	282.0	14.1659855987	4.39324959313
2440.0	285.0	12.1648833364	5.4963351874
2440.0	378.0	6.20661608286	9.33899662259
2450.0	190.0	8.69326135308	6.1672078844
2450.0	269.0	9.91437991913	6.57102026551
2450.0	282.0	14.1590402501	4.39635217052
2450.0	285.0	11.9032752051	5.39275683433
2450.0	378.0	6.43160328505	9.28959404405
2460.0	190.0	8.69178809732	6.17651561658
2460.0	269.0	9.84766247938	6.61087645206
2460.0	282.0	14.1523053665	4.39921608812
2460.0	285.0	11.6195682373	5.28893982145
2460.0	378.0	6.6622730452	9.2435327027
2470.0	190.0	8.69010437644	6.18558468897
2470.0	269.0	9.73022294821	6.70729501115
2470.0	282.0	14.1453600179	4.40231866551
2470.0	285.0	11.3005031311	5.20445425235
2470.0	378.0	6.90178233995	9.20248321715
2480.0	190.0	8.68863112067	6.19489242116
2480.0	269.0	9.53659504735	6.88867645893
2480.0	282.0	14.1384146693	4.40542124291
2480.0	285.0	10.9288217475	5.14860785922
2480.0	378.0	7.1412916347	9.1611950718
2480.0	383.0	6.88662885206	11.3372951256
2490.0	190.0	8.6871578649	6.20396149355
2490.0	269.0	9.3429671465	7.07005790671
2490.0	282.0	14.1314693207	4.40852382031
2490.0	285.0	10.5569298988	5.09300012589
2490.0	378.0	7.36964627865	9.11752032845
2490.0	383.0	6.80328466865	11.3418296618
2500.0	190.0	8.68568460914	6.21326922574
2500.0	269.0	9.09209273582	7.17172698139
2500.0	282.0	14.1247344372	4.4113877379
2500.0	285.0	10.1795659573	5.05004136194
2500.0	378.0	7.58684627178	9.07145898711
2500.0	383.0	6.71973002012	11.346364198
2510.0	190.0	8.68400088826	6.22233829813
2510.0	269.0	8.83490437186	7.26456564348
2510.0	282.0	14.1177890886	4.4144903153
2510.0	285.0	9.7935729462	5.02617538197
2510.0	378.0	7.80425673002	9.02515898596
2510.0	383.0	6.63638583671	11.3506600744
2520.0	190.0	8.68252763249	6.23164603032
2520.0	269.0	8.5777160079	7.35740430557
2520.0	282.0	14.11084374	4.4175928927
2520.0	285.0	9.40779040026	5.00230940199
2520.0	378.0	8.02966486243	8.97909764462
2520.0	383.0	6.5530416533	11.3551946106
2530.0	190.0	8.68105437672	6.24071510271
2530.0	269.0	8.32515787635	7.46861977223
2530.0	282.0	14.1038983913	4.42069547009
2530.0	285.0	9.01106366862	4.96603311244
2530.0	378.0	8.2672799712	8.93279764347
2530.0	383.0	6.46969746989	11.3597291468
2540.0	190.0	8.67958112096	6.2500228349
2540.0	269.0	8.08375439561	7.62303266265
2540.0	282.0	14.0971635078	4.42355938769
2540.0	285.0	8.59834158864	4.9109026987
2540.0	378.0	8.50489507997	8.88649764233
2540.0	383.0	6.28259398743	11.4153368801
2550.0	190.0	8.67810786519	6.25933056708
2550.0	269.0	7.84235091487	7.77744555306
2550.0	282.0	14.0902181592	4.42666196509
2550.0	285.0	8.18540904356	4.85577228497
2550.0	378.0	8.73219739836	8.83518578539
2550.0	383.0	6.08433585416	11.4769111084
2560.0	190.0	8.67642414431	6.26839963947
2560.0	269.0	7.60094743413	7.93185844348
2560.0	282.0	14.0832728106	4.42976454248
2560.0	285.0	7.73690789494	4.8280877482
2560.0	378.0	8.93571715937	8.77146361887
2560.0	383.0	5.88586725579	11.5382466769
2570.0	190.0	8.67495088855	6.27770737166
2570.0	269.0	7.33870790753	8.02111720857
2570.0	282.0	14.0765379271	4.43262846008
2570.0	285.0	7.27935674662	4.80732434563
2570.0	378.0	9.13902645527	8.70798011214
2570.0	383.0	5.68045330879	11.6029234827
2580.0	190.0	8.67347763278	6.28677644405
2580.0	269.0	7.07394279962	8.10273886007
2580.0	282.0	14.0695925785	4.43573103747
2580.0	285.0	6.79718118047	4.7483753751
2580.0	378.0	9.34044156518	8.6633507296
2580.0	383.0	5.46493703654	11.672850804
2590.0	190.0	8.67200437701	6.29608417624
2590.0	269.0	6.80938815682	8.18459917137
2590.0	282.0	14.0626472298	4.43883361487
2590.0	285.0	6.2905916616	4.65124083662
2590.0	378.0	9.53680551246	8.6633507296
2590.0	383.0	5.24921029917	11.7425394655
2600.0	190.0	8.65222065671	6.329735208
2600.0	269.0	6.57156258295	8.28435896765
2600.0	282.0	14.0557018812	4.44193619227
2600.0	285.0	5.78379167762	4.55386763833
2600.0	378.0	9.73337992485	8.6633507296
2600.0	383.0	5.03369402691	11.8124667868
2610.0	190.0	8.61433693697	6.38772953933
2610.0	202.0	3.69681965057	0.370877328755
2610.0	269.0	6.37330444968	8.4106100017
2610.0	282.0	14.0489669977	4.44480010986
2610.0	285.0	5.27846494941	4.46580217224
2610.0	378.0	9.89691131503	8.65499763661
2610.0	383.0	4.80765449918	11.8924178197
2620.0	190.0	8.57645321724	6.44572387066
2620.0	202.0	3.88308127259	0.811443319026
2620.0	269.0	6.17525678152	8.53709969555
2620.0	282.0	14.0420216491	4.44790268726
2620.0	285.0	4.77334868631	4.37988464434
2620.0	378.0	9.98341247509	8.62683578024
2620.0	383.0	4.55741148383	11.9955188532
2630.0	132.0	0.150693018492	2.72263099513
2630.0	190.0	8.5383590324	6.50371820199
2630.0	202.0	4.06934289461	1.2520093093
2630.0	269.0	5.97720911336	8.6633507296
2630.0	282.0	14.0350763005	4.45100526466
2630.0	285.0	4.28738474818	4.29659237424
2630.0	378.0	10.0701241003	8.59867392388
2630.0	383.0	4.30716846849	12.0988585465
2640.0	132.0	0.605297655283	2.98038357882
2640.0	190.0	8.50047531267	6.56195119312
2640.0	202.0	4.32947777011	1.6644134432
2640.0	269.0	5.81304632786	8.75070021629
2640.0	282.0	14.0281309519	4.45410784205
2640.0	285.0	3.8460394133	4.21974391873
2640.0	378.0	10.1568357254	8.57075072731
2640.0	383.0	4.05692545314	12.2019595799
2650.0	132.0	1.05990229207	3.23813616251
2650.0	190.0	8.46259159293	6.61994552445
2650.0	202.0	4.62139287716	2.06488458712
2650.0	269.0	5.64867307724	8.83804970299
2650.0	282.0	14.0213960684	4.45697175965
2650.0	285.0	3.40469407841	4.14265680343
2650.0	378.0	10.2050322355	8.63065433704
2650.0	383.0	3.87255801711	12.3267786552
2660.0	132.0	1.4671522792	3.53049441716
2660.0	190.0	8.4247078732	6.67793985578
2660.0	202.0	4.91330798421	2.46511707124
2660.0	269.0	5.48451029173	8.92539918968
2660.0	282.0	14.0144507197	4.46007433704
2660.0	285.0	2.97429292923	4.04671556394
2660.0	296.0	15.1233913824	6.77793831186
2660.0	378.0	10.2488089783	8.70010433875
2660.0	383.0	3.73217778899	12.4659173184
2670.0	132.0	1.84304296499	3.84576401258
2670.0	190.0	8.38682415347	6.73593418711
2670.0	202.0	5.24058122968	2.81093512103
2670.0	269.0	5.32013704111	9.01251001658
2670.0	282.0	14.0075053711	4.46317691444
2670.0	285.0	2.58703712752	3.87488050815
2670.0	296.0	14.7475006966	6.65860841201
2670.0	378.0	10.2925857211	8.76979300027
2670.0	383.0	3.59200802598	12.6052946415
2680.0	132.0	2.21893365078	4.1612722678
2680.0	190.0	8.34872996863	6.79416717824
2680.0	202.0	5.59142656742	3.12023822145
2680.0	269.0	5.19006960337	9.07050434791
2680.0	282.0	14.0007704876	4.46604083204
2680.0	285.0	2.19978132581	3.70304545235
2680.0	296.0	14.3718204759	6.53927851215
2680.0	378.0	10.336572929	8.83948166179
2680.0	383.0	3.45162779786	12.7444333047
2690.0	132.0	2.48959178176	4.47678052302
2690.0	190.0	8.31084624889	6.85216150957
2690.0	202.0	5.94206144006	3.42954132188
2690.0	269.0	5.06379053759	9.12491878224
2690.0	282.0	13.993825139	4.46914340943
2690.0	285.0	1.80726389635	3.60280833647
2690.0	296.0	13.9959297901	6.41994861229
2690.0	378.0	10.3752985092	8.90177186951
2690.0	383.0	3.32008710434	12.8935956795
2700.0	132.0	2.73394177404	4.79252743805
2700.0	190.0	8.27296252916	6.9101558409
2700.0	202.0	6.38993119334	3.63693668783
2700.0	269.0	4.93751147181	9.17957187638
2700.0	282.0	13.9868797904	4.47224598683
2700.0	285.0	1.41264181581	3.53311967496
2700.0	296.0	13.5975193376	6.27508211387
2700.0	378.0	10.3694054861	8.90057857051
2700.0	383.0	3.18854641083	13.0427580543
2710.0	132.0	2.97850223142	5.10803569327
2710.0	190.0	8.22960671658	6.97745790442
2710.0	202.0	6.84832420211	3.8331150432
2710.0	269.0	4.80891728983	9.23136105292
2710.0	282.0	13.9799344418	4.47534856423
2710.0	285.0	1.02075578168	3.51307225178
2710.0	296.0	13.1991088851	6.13021561544
2710.0	378.0	10.3635124631	8.89914661172
2710.0	383.0	3.05700571731	13.1919204292
2720.0	132.0	3.3628115216	5.38846095793
2720.0	190.0	8.17804276472	7.05836357653
2720.0	202.0	7.29935093203	4.03167999656
2720.0	269.0	4.67653473588	9.27909301286
2720.0	282.0	13.9731995583	4.47821248182
2720.0	285.0	0.63497323574	3.60853617167
2720.0	296.0	12.7935426188	5.98558777681
2720.0	378.0	10.35761944	8.89795331272
2720.0	383.0	2.96818944105	13.3417987834
2730.0	132.0	3.80710336802	5.65361199541
2730.0	190.0	8.12626834775	7.13950790843
2730.0	202.0	7.68281836177	4.25315629069
2730.0	269.0	4.54415218192	9.3268249728
2730.0	282.0	13.9662542096	4.48131505922
2730.0	285.0	0.248980224687	3.70400009155
2730.0	296.0	12.3585112372	5.84239189699
2730.0	378.0	10.3517264169	8.89652135392
2730.0	383.0	2.88989642027	13.4916771376
2740.0	132.0	4.25139521444	5.91876303289
2740.0	190.0	8.07470439589	7.22065224033
2740.0	202.0	8.0660753264	4.47487124463
2740.0	269.0	4.41198009308	9.37455693274
2740.0	282.0	13.959308861	4.48441763662
2740.0	285.0	-0.136802321257	3.79946401144
2740.0	296.0	11.9234798556	5.69919601716
2740.0	378.0	10.3458333939	8.89508939512
2740.0	383.0	2.8118138646	13.6417941516
2750.0	132.0	4.37767428021	6.27197953647
2750.0	190.0	8.02314044403	7.30155791243
2750.0	202.0	8.46069740695	4.63429599084
2750.0	269.0	4.35662776925	9.38267136593
2750.0	282.0	13.9523635124	4.48752021401
2750.0	296.0	11.4913949856	5.56244395192
2750.0	378.0	10.3399403708	8.89389609612
2750.0	383.0	2.73373130893	13.7919111656
2760.0	132.0	4.50395334599	6.62519604005
2760.0	190.0	7.9743125386	7.38174760514
2760.0	202.0	8.8816276262	4.64813825922
2760.0	269.0	4.30990451491	9.38648992273
2760.0	296.0	11.0704647663	5.45098982546
2760.0	378.0	10.3340473477	8.89246413732
2770.0	132.0	4.53426032177	6.92113419169
2770.0	190.0	7.9503195161	7.45382286465
2770.0	202.0	9.25604505622	4.56341403032
2770.0	269.0	4.26318126057	9.39030847953
2770.0	296.0	10.6495345471	5.33953569899
2770.0	378.0	10.3279438595	8.89103217852
2780.0	132.0	4.46838474246	7.1597939914
2780.0	190.0	7.92653695872	7.52589812416
2780.0	202.0	9.59952411513	4.4125810369
2780.0	269.0	4.21624754113	9.39412703632
2780.0	296.0	10.2241845605	5.21925115993
2780.0	304.0	14.9278692955	5.77055529727
2780.0	378.0	10.3220508365	8.88983887953
2790.0	132.0	4.4321847436	7.35143781057
2790.0	190.0	7.90275440133	7.59797338368
2790.0	202.0	9.90238340788	4.20041247496
2790.0	269.0	4.16952428679	9.39794559312
2790.0	296.0	9.78157643496	5.06292899112
2790.0	304.0	14.6447937231	5.71303828554
2790.0	378.0	10.3161578134	8.88840692073
2800.0	132.0	4.3993521865	7.53783111415
2800.0	190.0	7.87897184394	7.67004864319
2800.0	202.0	10.2370229322	4.03812381115
2800.0	269.0	4.12280103245	9.40176414991
2800.0	296.0	9.3387578443	4.90660682231
2800.0	304.0	14.3617181506	5.65552127381
2800.0	378.0	10.3102647903	8.88721362173
2810.0	132.0	4.3665196294	7.72446307753
2810.0	190.0	7.85518928655	7.7421239027
2810.0	202.0	10.685945011	4.05411401773
2810.0	269.0	4.10112312616	9.39842291272
2810.0	296.0	8.88078576576	4.76603620028
2810.0	304.0	14.045599556	5.5812980761
2810.0	378.0	10.3043717673	8.88578166293
2820.0	132.0	4.16994521701	7.992000713
2820.0	190.0	7.83477417092	7.827564111
2820.0	202.0	11.1479159266	4.0772640183
2820.0	269.0	4.09607196353	9.39054713933
2820.0	296.0	8.38661368836	4.6622191874
2820.0	304.0	13.7073821248	5.4960965276
2820.0	378.0	10.2984787442	8.88434970413
2830.0	132.0	3.90475917888	8.26240226608
2830.0	190.0	7.81520091572	7.9163455565
2830.0	202.0	11.613254284	4.10232329727
2830.0	269.0	4.09123126601	9.38267136593
2830.0	296.0	7.89244161096	4.55840217453
2830.0	304.0	13.3689542285	5.4106563193
2830.0	378.0	10.2925857211	8.88315640513
2840.0	132.0	3.64525569871	8.40559814591
2840.0	190.0	7.79562766053	8.00512700199
2840.0	202.0	12.0684903161	3.99182381001
2840.0	269.0	4.08618010338	9.37479559254
2840.0	296.0	7.45046488074	4.4152062947
2840.0	304.0	13.1014530742	5.38177848354
2840.0	378.0	10.2866926981	8.88172444634
2850.0	132.0	3.38575221855	8.54879402574
2850.0	190.0	7.77605440533	8.09390844748
2850.0	202.0	12.5226740227	3.86628875536
2850.0	269.0	4.08133940586	9.36691981915
2850.0	296.0	7.00848815053	4.27201041487
2850.0	304.0	12.8516309891	5.36674291616
2850.0	309.0	15.114972778	2.4980521236
2850.0	378.0	10.280799675	8.88053114734
2860.0	132.0	3.13593013342	8.69652444176
2860.0	190.0	7.75542882459	8.21490896594
2860.0	202.0	12.9989565658	3.75316401029
2860.0	269.0	4.07628824323	9.35904404576
2860.0	296.0	6.56651142032	4.12881453504
2860.0	304.0	12.6015984388	5.35194600857
2860.0	309.0	15.0798251047	2.81618563662
2860.0	378.0	10.2749066519	8.87909918854
2870.0	132.0	2.92546502379	8.86263166236
2870.0	190.0	7.7337509183	8.36788989755
2870.0	202.0	13.4617693419	3.65388153361
2870.0	269.0	4.0712370806	9.35116827237
2870.0	296.0	6.05213469239	3.96962844863
2870.0	304.0	12.3883972828	5.26197126408
2870.0	309.0	15.0446774314	3.13431914964
2870.0	378.0	10.3163682785	8.82253681601
2880.0	132.0	2.71499991417	9.02850022316
2880.0	190.0	7.71228347712	8.52087082917
2880.0	202.0	13.8025123544	3.67655421459
2880.0	269.0	4.06639638307	9.34329249898
2880.0	296.0	5.53754749936	3.81068102202
2880.0	304.0	12.1998205446	5.12211662145
2880.0	309.0	15.0398367338	3.44624750786
2880.0	378.0	10.4683240877	8.63685949183
2890.0	132.0	2.52747550149	9.06477651272
2890.0	190.0	7.69060557083	8.67385176079
2890.0	202.0	14.1432553668	3.69922689556
2890.0	269.0	4.06134522044	9.33541672559
2890.0	296.0	5.03748239889	3.63073153304
2890.0	304.0	12.0110333412	4.98226197882
2890.0	309.0	15.065092547	3.7517320515
2890.0	378.0	10.6404845473	8.41944041429
2900.0	132.0	2.34247667013	9.08649455449
2900.0	190.0	7.67292650162	8.78960176365
2900.0	202.0	14.4440100085	3.81282896022
2900.0	269.0	4.05650452292	9.3275409522
2900.0	296.0	4.57067078574	3.40257276451
2900.0	304.0	11.812775208	4.82450785121
2900.0	309.0	15.0903483602	4.05721659513
2900.0	378.0	10.8326391924	8.17051824319
2910.0	132.0	2.15768830388	9.10821259626
2910.0	190.0	7.65798347883	8.88053114734
2910.0	202.0	14.744554185	3.92643102489
2910.0	269.0	4.05145336029	9.31966517881
2910.0	296.0	4.1040696377	3.17417533619
2910.0	304.0	11.6103077725	4.65935526981
2910.0	309.0	15.0602518495	4.3300047462
2910.0	378.0	11.0393159301	7.94188215506
2920.0	132.0	1.91523249759	9.10081414247
2920.0	190.0	7.64282999094	8.97122187123
2920.0	202.0	15.0806669651	4.00399545979
2920.0	269.0	4.04640219766	9.31178940542
2920.0	296.0	3.58190570072	3.03265007496
2920.0	304.0	11.425098476	4.49133877081
2920.0	309.0	15.0301553388	4.60279289727
2920.0	378.0	11.304081038	7.79582235764
2930.0	132.0	1.63468250646	9.0743229047
2930.0	190.0	7.62788696816	9.06215125492
2930.0	269.0	4.04156150014	9.30391363203
2930.0	296.0	3.05953129863	2.89136347353
2930.0	304.0	11.3939496398	4.29683103404
2930.0	309.0	15.0002692932	4.85887486237
2930.0	378.0	11.5688461459	7.64952390042
2940.0	132.0	1.35392205022	9.04783166694
2940.0	190.0	7.61083929428	9.12921465864
2940.0	269.0	4.03651033751	9.29603785864
2940.0	296.0	2.5297906177	2.73504130472
2940.0	304.0	11.3628008036	4.10232329727
2940.0	309.0	14.9712251081	5.04813208354
2940.0	378.0	11.8405566024	7.51277183518
2950.0	190.0	7.59063464375	9.1604790924
2950.0	269.0	4.03166963999	9.28816208525
2950.0	296.0	1.98258133267	2.54411346495
2950.0	304.0	11.3628008036	3.89015473533
2950.0	309.0	14.9423913881	5.23738930471
2950.0	378.0	12.1743542663	7.46336925664
2960.0	190.0	7.57042999323	9.19150486636
2960.0	269.0	4.02661847736	9.28028631186
2960.0	296.0	1.43537204765	2.35318562517
2960.0	304.0	11.4095240579	3.65149493562
2960.0	309.0	14.9306053419	5.39920064892
2960.0	378.0	12.5081519302	7.4142053379
2970.0	190.0	7.55043580782	9.22253064033
2970.0	269.0	4.02156731472	9.27241053847
2970.0	296.0	0.898475552991	2.23433304492
2970.0	304.0	11.4562473122	3.4128351359
2970.0	309.0	14.9592285969	5.496812507
2970.0	378.0	12.8404763383	7.36528007896
2980.0	190.0	7.53023115729	9.25379507409
2980.0	269.0	4.0167266172	9.26453476508
2980.0	296.0	0.364315104762	2.13314128984
2980.0	304.0	11.4234147551	3.12859131444
2980.0	309.0	14.9880623169	5.59442436508
2980.0	378.0	13.166276328	7.31921873761
2990.0	190.0	7.51002650677	9.28482084805
2990.0	269.0	4.01167545457	9.25665899169
2990.0	296.0	-0.170055808577	2.03218819456
2990.0	304.0	11.3564868503	2.82477738941
2990.0	309.0	15.0166855718	5.69203622317
2990.0	314.0	14.8874599945	8.28793886465
2990.0	378.0	13.4920763177	7.27291873647
3000.0	190.0	7.49003232135	9.31608528181
3000.0	269.0	4.00683475705	9.2487832183
3000.0	304.0	11.3987903373	2.54411346495
3000.0	309.0	15.0453088267	5.78964808125
3000.0	314.0	14.590914655	8.2445027811
3000.0	378.0	13.8102995634	7.22638007552
3010.0	190.0	7.46982767083	9.34711105578
3010.0	269.0	4.00178359442	9.2409074449
3010.0	304.0	11.5503252162	2.28636088125
3010.0	314.0	14.2880553623	8.20225999655
3010.0	378.0	14.0582274625	7.17506821859
3020.0	190.0	7.44983348541	9.37837548954
3020.0	269.0	3.98852429251	9.23494094991
3020.0	304.0	11.7018600952	2.02860829756
3020.0	314.0	13.9597297912	8.1640744286
3020.0	378.0	14.3063658268	7.12399502145
3030.0	190.0	7.42962883489	9.4094012635
3030.0	269.0	3.96284754914	9.23159971272
3030.0	304.0	11.9194810185	1.68302890758
3030.0	314.0	13.6314042202	8.12588886064
3030.0	378.0	14.5612390746	7.09082130929
3040.0	190.0	7.40942418437	9.44066569726
3040.0	269.0	3.93696034066	9.22825847552
3040.0	304.0	12.137312407	1.33721085779
3040.0	314.0	13.3727426005	8.08531669469
3040.0	378.0	14.8316867404	7.09917440228
3050.0	190.0	7.38942999895	9.47169147123
3050.0	269.0	3.91128359728	9.22515589812
3050.0	304.0	12.340832168	1.0014165196
3050.0	314.0	13.1439670263	8.04378988954
3050.0	378.0	15.1023448714	7.10776615507
3060.0	190.0	7.34712651192	9.59841982488
3060.0	269.0	3.8853963888	9.22181466093
3060.0	304.0	12.4159682121	0.754403626894
3060.0	314.0	12.928240289	8.03806205435
3060.0	378.0	15.3730030024	7.11635790786
3070.0	190.0	7.30250790868	9.73588786951
3070.0	269.0	3.85971964542	9.21871208353
3070.0	304.0	12.4911042563	0.507152074391
3070.0	314.0	12.7316658766	8.08579401429
3080.0	190.0	7.25788930544	9.87335591415
3080.0	269.0	3.83383243694	9.21537084634
3080.0	304.0	12.6106484385	0.26682165608
3080.0	314.0	12.5353019293	8.13352597423
3080.0	389.0	3.00628362589	13.2511080595
3090.0	190.0	7.2132707022	10.0062894226
3090.0	269.0	3.80815569356	9.21202960914
3090.0	304.0	12.8333205245	0.0420041247496
3090.0	314.0	12.369665888	8.16741566579
3090.0	389.0	3.12856385458	13.1048096023
3100.0	190.0	7.16865209896	10.1365976732
3100.0	269.0	3.78226848508	9.20892703174
3100.0	314.0	12.2501217058	8.18030329498
3100.0	389.0	3.25063361817	12.958511145
3110.0	190.0	7.1238230306	10.2666672641
3110.0	269.0	3.75659174171	9.20558579455
3110.0	314.0	12.1307879886	8.19319092416
3110.0	389.0	3.37291384686	12.8122126878
3120.0	190.0	7.07225907875	10.4132043811
3120.0	269.0	3.73091499833	9.20248321715
3120.0	314.0	12.0112438063	8.20607855335
3120.0	389.0	3.45204872808	12.7513544389
3130.0	190.0	7.00448931345	10.5979270661
3130.0	269.0	3.70502778985	9.19914197995
3130.0	314.0	11.828139161	8.2421161831
3130.0	389.0	3.51266267965	12.7270111393
3140.0	190.0	6.93650908304	10.7828884109
3140.0	269.0	3.67935104647	9.19580074276
3140.0	314.0	11.6176740513	8.28793886465
3140.0	389.0	3.57327663122	12.7026678397
3150.0	190.0	6.89104861936	10.9556781058
3150.0	269.0	3.65346383799	9.19269816536
3150.0	314.0	11.4112077788	8.33471618539
3150.0	389.0	3.63389058279	12.6785632
3160.0	190.0	6.93545675749	11.0814518203
3160.0	269.0	3.62778709462	9.18935692817
3160.0	314.0	11.2415729004	8.38841464033
3160.0	389.0	3.69450453437	12.6542199004
3170.0	190.0	6.97965443051	11.2069868749
3170.0	269.0	3.61579058337	9.18697033017
3170.0	314.0	11.071727557	8.44235175506
3170.0	389.0	3.75511848594	12.6298766008
3180.0	190.0	7.02406256864	11.3325219296
3180.0	269.0	3.60968709519	9.18482239197
3180.0	314.0	10.9020926786	8.4962888698
3180.0	389.0	3.8155219724	12.5477776297
3190.0	190.0	7.09814628723	11.4327590455
3190.0	269.0	3.60358360701	9.18267445377
3190.0	314.0	10.8909380278	8.59055949069
3190.0	389.0	3.87550452864	12.4511204109
3200.0	190.0	7.21705907417	11.4950492532
3200.0	269.0	3.59748011883	9.18028785578
3200.0	314.0	10.8799938421	8.68459145177
3200.0	389.0	3.93569755	12.3547018518
3210.0	190.0	7.32797418694	11.5680791519
3210.0	269.0	3.59137663065	9.17813991758
3210.0	314.0	10.8688391913	8.77886207266
3210.0	389.0	3.99589057135	12.2580446329
3220.0	190.0	7.36543697645	11.7387209087
3220.0	269.0	3.58527314247	9.17599197938
3220.0	314.0	10.8442147735	8.87814454934
3220.0	389.0	4.05145336029	12.1835827754
3230.0	190.0	7.40311023108	11.9091240057
3230.0	269.0	3.57916965429	9.17384404119
3230.0	314.0	10.7652903573	8.9974744492
3230.0	389.0	4.1040696377	12.1239178254
3240.0	190.0	7.42142069562	12.0659234941
3240.0	269.0	3.57306616611	9.17169610299
3240.0	314.0	10.6863659412	9.11680434905
3240.0	389.0	4.1566859151	12.0642528755
3250.0	190.0	7.39511255691	12.191219889
3250.0	269.0	3.56696267793	9.16954816479
3250.0	314.0	10.6074415251	9.23613424891
3250.0	389.0	4.20930219251	12.0045879256
3260.0	190.0	7.36880441821	12.3165162838
3260.0	269.0	3.56085918975	9.16740022659
3260.0	314.0	10.5565089686	9.22897445492
3260.0	389.0	4.25139521444	11.9091240057
3270.0	190.0	7.34249627951	12.4418126787
3270.0	269.0	3.55475570158	9.1652522884
3270.0	314.0	10.505365947	9.22157600113
3270.0	389.0	4.29348823636	11.8136600858
3280.0	190.0	7.30671721087	12.5673477333
3280.0	269.0	3.5486522134	9.1631043502
3280.0	314.0	10.4544333904	9.21441620714
3280.0	389.0	4.33558125829	11.7181961659
3290.0	190.0	7.24820791039	12.6933601076
3290.0	269.0	3.54254872522	9.160956412
3290.0	314.0	10.4032903688	9.20725641315
3290.0	389.0	4.37767428021	11.622732246
3300.0	190.0	7.18969860992	12.8193724818
3300.0	269.0	3.53644523704	9.1588084738
3300.0	314.0	10.3523578123	9.19985795935
3300.0	389.0	4.37325451291	11.5415879141
3310.0	190.0	7.13118930944	12.9453848561
3310.0	269.0	3.53034174886	9.15666053561
3310.0	314.0	10.3012147906	9.19269816536
3310.0	389.0	4.3686242805	11.4602049224
3320.0	190.0	7.0691021021	13.0792730037
3320.0	269.0	3.52423826068	9.15451259741
3320.0	314.0	10.1705159575	9.19747136136
3320.0	389.0	4.36420451319	11.3790605905
3330.0	190.0	7.00533117389	13.2167410483
3330.0	269.0	3.5181347725	9.15236465921
3330.0	314.0	9.91985201198	9.22014404233
3330.0	389.0	4.35978474589	11.2976775988
3340.0	190.0	6.94156024567	13.354209093
3340.0	269.0	3.51203128432	9.15021672101
3340.0	314.0	9.67002992685	9.2437713625
3340.0	389.0	4.37325451291	11.2153399679
3350.0	190.0	6.87778931745	13.4914384778
3350.0	269.0	3.50592779614	9.14806878282
3350.0	314.0	9.42210202772	9.26930796107
3350.0	389.0	4.42818590652	11.1301384194
3360.0	269.0	3.49982430796	9.14592084462
3360.0	314.0	9.17396366347	9.29484455964
3360.0	389.0	4.48332776524	11.0449368709
3370.0	269.0	3.49372081978	9.14377290642
3370.0	314.0	8.96707646071	9.33303012759
3370.0	389.0	4.53846962396	10.9594966626
3380.0	216.0	13.4815530622	0.224340211731
3380.0	269.0	3.4876173316	9.14138630842
3380.0	314.0	8.80122995432	9.38362600513
3380.0	389.0	4.59045450604	10.8757270729
3390.0	216.0	13.1195530736	0.510731971387
3390.0	269.0	3.48151384343	9.13923837023
3390.0	314.0	8.63538344794	9.43422188267
3390.0	389.0	4.61444752854	10.805322432
3400.0	216.0	12.7575530851	0.797123731043
3400.0	269.0	3.47541035525	9.13709043203
3400.0	314.0	8.48490089455	9.47479404862
3400.0	389.0	4.63844055104	10.7349177911
3410.0	216.0	12.4376461184	1.10093765608
3410.0	218.0	14.7973809276	0.432451557081
3410.0	269.0	3.46930686707	9.13494249383
3410.0	314.0	8.39566368807	9.47479404862
3410.0	389.0	4.66222310842	10.6642744904
3420.0	216.0	12.1356286861	1.4121500349
3420.0	218.0	14.5058867507	1.01072425179
3420.0	269.0	3.46320337889	9.13279455563
3420.0	314.0	8.30642648159	9.47479404862
3420.0	389.0	4.68621613092	10.5938698495
3430.0	216.0	11.8904368334	1.67157323719
3430.0	218.0	14.2143925739	1.58899694649
3430.0	269.0	3.45709989071	9.13064661744
3430.0	314.0	8.21697881	9.47479404862
3430.0	389.0	4.69337194465	10.4358770621
3440.0	216.0	11.7304833501	1.85295468498
3440.0	218.0	13.8854356075	2.03147221516
3440.0	269.0	3.45099640253	9.12849867924
3440.0	314.0	8.12205904556	9.52682188496
3440.0	389.0	4.69337194465	10.2406533459
3450.0	216.0	11.5705298668	2.03433613276
3450.0	218.0	13.552269339	2.45915057625
3450.0	269.0	3.44489291435	9.12635074104
3450.0	314.0	8.02629742068	9.58481621629
3450.0	389.0	4.69337194465	10.0454296297
3460.0	216.0	11.3834263843	2.15581397081
3460.0	218.0	13.22773214	2.85198460658
3460.0	269.0	3.43878942617	9.12420280284
3460.0	314.0	7.93074626091	9.64257188782
3460.0	389.0	4.69568706086	9.86118426436
3470.0	216.0	11.1931659252	2.27037067467
3470.0	218.0	12.9120344755	3.20997430615
3470.0	269.0	3.43268593799	9.12205486465
3470.0	314.0	7.85266370524	9.70247549755
3470.0	389.0	4.70136961882	9.69340642516
3480.0	216.0	11.0029054661	2.38516603834
3480.0	218.0	12.6087542526	3.55603101573
3480.0	269.0	3.42658244981	9.11990692645
3480.0	314.0	7.78657766082	9.76381106608
3480.0	389.0	4.70705217677	9.52586724576
3490.0	216.0	10.812645007	2.499961402
3490.0	218.0	12.4180728632	3.79469081544
3490.0	269.0	3.42047896163	9.11775898825
3490.0	314.0	7.72049161639	9.8253852944
3490.0	389.0	4.71273473473	9.35808940656
3500.0	216.0	10.6223845479	2.61475676566
3500.0	218.0	12.2273914739	4.03335061516
3500.0	269.0	3.41437547345	9.11561105006
3500.0	314.0	7.63988347941	9.88481158453
3500.0	389.0	4.7775579885	9.164536309
3510.0	216.0	10.2643833964	2.86702017396
3510.0	218.0	12.0367100846	4.27201041487
3510.0	269.0	3.40827198528	9.11346311186
3510.0	314.0	7.42941836978	9.92824766808
3510.0	389.0	4.86784752053	8.96000486064
3520.0	216.0	9.83419271236	3.17823255278
3520.0	218.0	11.8079345104	4.54145732875
3520.0	269.0	3.4021684971	9.11131517366
3520.0	314.0	7.21895326016	9.97168375163
3520.0	389.0	4.95792658745	8.75547341229
3530.0	216.0	9.42189156261	3.42071090929
3530.0	218.0	11.574739169	4.81400682002
3530.0	269.0	3.39606500892	9.10916723546
3530.0	314.0	7.1587602388	10.1389842712
3530.0	389.0	4.97286961023	8.71156000914
3540.0	216.0	9.03589855155	3.56008823233
3540.0	218.0	11.3402810368	5.09180682689
3540.0	269.0	3.38996152074	9.10701929727
3540.0	314.0	7.11519396111	10.3198883994
3540.0	389.0	4.97939402863	8.68530743117
