0.0	3.0	9.3867438893	7.06433007152
0.0	4.0	7.89244161096	6.53927851215
0.0	5.0	5.76674400374	7.18365997137
0.0	9.0	7.02953466149	5.17891765378
10.0	3.0	9.80767410855	6.8256702718
10.0	4.0	7.36227999981	6.76910789927
10.0	5.0	5.30245797191	7.23282389012
10.0	9.0	7.45572650848	5.17891765378
20.0	3.0	10.2286043278	6.58701047209
20.0	4.0	6.83232885377	6.9989372864
20.0	5.0	4.83817194007	7.28198780886
20.0	9.0	7.88191835548	5.17891765378
30.0	3.0	10.653322919	6.35694242517
30.0	4.0	6.28322538276	7.22375481773
30.0	5.0	4.37388590824	7.3311517276
30.0	9.0	8.30811020247	5.17891765378
40.0	3.0	11.0818298822	6.13522747123
40.0	4.0	5.6892928434	7.43687801887
40.0	5.0	3.90412778355	7.28938626265
40.0	9.0	8.73430204946	5.17891765378
50.0	3.0	11.5101263803	5.9137511771
50.0	4.0	5.09557076914	7.65000122001
50.0	5.0	3.4305812869	7.18700120857
50.0	9.0	9.20658575546	5.17891765378
60.0	3.0	11.9786217143	5.73785890471
60.0	4.0	4.48985218364	7.83997442059
60.0	5.0	2.95703479024	7.08485481429
60.0	9.0	9.67886946146	5.17891765378
70.0	3.0	12.4643751874	5.5817753957
70.0	4.0	3.87255801711	8.00703628039
70.0	5.0	2.46496736393	6.98795893561
70.0	9.0	10.1511531675	5.17891765378
80.0	3.0	12.9427623815	5.42115735049
80.0	4.0	3.25526385058	8.17409814019
80.0	5.0	1.96826970522	6.89249501572
80.0	9.0	10.6234368735	5.17891765378
90.0	3.0	13.3559053917	5.21781920114
90.0	4.0	2.65249177661	8.3275563914
90.0	5.0	1.4780964649	6.81540790042
90.0	9.0	11.0576263946	5.17891765378
100.0	3.0	13.7690484019	5.01448105178
100.0	4.0	2.06466272543	8.46741103403
100.0	5.0	1.00307671248	6.78127954906
100.0	9.0	11.4878170787	5.17891765378
110.0	3.0	14.2021855975	4.84288465579
110.0	4.0	1.47683367424	8.60750433647
110.0	5.0	0.52805696005	6.7471511977
110.0	9.0	11.9177972977	5.17891765378
120.0	3.0	14.6652088387	4.71878155993
120.0	4.0	1.04032903688	8.82205949641
120.0	5.0	0.052826742516	6.71326150614
120.0	9.0	12.3479879817	5.17891765378
130.0	3.0	15.1282320799	4.59467846408
130.0	4.0	0.704847652136	9.08649455449
130.0	9.0	12.763235643	5.19156662317
140.0	4.0	0.369155802283	9.35092961257
140.0	9.0	13.1437565612	5.23357074792
150.0	4.0	0.0334639524305	9.61536467066
150.0	9.0	13.5244879445	5.27581353247
160.0	9.0	13.9052193278	5.31781765722
170.0	9.0	14.2859507112	5.36006044176
180.0	9.0	14.6666820945	5.40206456651
180.0	12.0	0.332324408099	4.94670166866
190.0	9.0	15.0474134778	5.44430735106
190.0	12.0	0.912576715336	5.05529187753
200.0	9.0	15.427934396	5.48631147581
200.0	12.0	1.49303948768	5.1636434266
210.0	12.0	2.0749755158	5.2505155937
220.0	12.0	2.6632254972	5.2505155937
230.0	12.0	3.2514754786	5.2505155937
240.0	12.0	3.83972546001	5.2505155937
250.0	12.0	4.4342893947	5.25409549069
260.0	12.0	5.0442172824	5.26650580028
270.0	12.0	5.65393470498	5.27867745006
280.0	12.0	6.26386259267	5.29084909985
290.0	12.0	6.86495094577	5.32068157481
300.0	12.0	7.45299046206	5.37676662774
310.0	12.0	8.04102997835	5.43309034048
320.0	12.0	8.62906949465	5.48917539341
330.0	12.0	9.20784854612	5.58607127209
340.0	12.0	9.78662759759	5.68296715078
350.0	12.0	10.3654066491	5.78010168926
360.0	12.0	10.9568136071	5.80420632903
370.0	12.0	11.5513775418	5.81017282402
380.0	12.0	12.1459414765	5.81613931902
390.0	12.0	12.7405054112	5.82210581401
400.0	12.0	13.3043414399	5.80969550442
410.0	12.0	13.8606007246	5.79251199885
420.0	12.0	14.4168600093	5.77556715307
430.0	12.0	14.9731192941	5.75862230729
610.0	21.0	15.2561948665	2.82310677081
620.0	21.0	14.7424495339	2.78802378025
630.0	21.0	14.2287042013	2.75294078969
640.0	21.0	13.7149588687	2.71785779914
650.0	21.0	13.1862705134	2.69112790157
660.0	21.0	12.6352728564	2.67728563319
670.0	21.0	12.0844856645	2.663204705
680.0	21.0	11.5334880075	2.64912377682
690.0	21.0	10.9898566293	2.71547120114
700.0	21.0	10.446014786	2.78181862546
710.0	21.0	9.90238340788	2.84792738998
720.0	21.0	9.36759156432	2.90735368011
730.0	21.0	8.84626948778	2.95604027925
740.0	21.0	8.32494741124	3.00496553819
750.0	21.0	7.80341486959	3.05365213733
750.0	30.0	0.0420930219251	5.53690735335
760.0	21.0	7.28209279304	3.10257739627
760.0	30.0	0.618977887409	5.63404189184
770.0	21.0	6.76624280935	3.0791887359
770.0	30.0	1.19565228778	5.73141509012
780.0	21.0	6.25039282566	3.05580007553
780.0	30.0	1.77632552524	5.828072309
790.0	21.0	5.73454284197	3.03241141516
790.0	30.0	2.36562783219	5.92353622889
800.0	21.0	5.21869285827	3.00902275479
800.0	30.0	2.95493013914	6.01900014877
810.0	21.0	4.70284287458	2.98563409442
810.0	30.0	3.54423244609	6.11446406866
820.0	21.0	4.19667428593	2.99183924921
820.0	30.0	4.11901266048	6.16768520399
830.0	21.0	3.69155802283	3.0013856412
830.0	30.0	4.69042543311	6.21016664834
840.0	21.0	3.18644175973	3.01093203318
840.0	30.0	5.26162774064	6.25288675249
850.0	21.0	2.68132549663	3.02047842517
850.0	30.0	5.87555446542	6.21303056594
860.0	21.0	2.17620923353	3.03002481716
860.0	30.0	6.48927072508	6.17341303919
870.0	21.0	1.66309529626	3.01594388898
870.0	30.0	7.07920442736	6.14429654362
880.0	21.0	1.14913949856	2.999237703
880.0	30.0	7.65335324642	6.12281716165
890.0	21.0	0.635394165959	2.98277017682
890.0	30.0	8.22729160037	6.10109911987
900.0	21.0	0.121438368254	2.96606399084
900.0	30.0	8.80796483783	6.06911870671
910.0	30.0	9.4042124934	6.01351097338
920.0	30.0	10.0006706141	5.95766458025
930.0	30.0	10.5626124568	5.92067231129
940.0	30.0	11.0443670927	5.92687746608
950.0	30.0	11.5263321938	5.93332128068
960.0	30.0	12.0080868297	5.93952643547
970.0	30.0	12.3675612369	5.95265272445
980.0	30.0	12.6043344853	5.97246148783
990.0	30.0	12.8175356413	5.99036097281
1000.0	30.0	12.818798432	5.99059963261
1010.0	30.0	12.8202716877	5.99083829241
1020.0	30.0	12.8215344784	5.99107695221
1030.0	30.0	12.8230077342	5.99131561201
1040.0	30.0	12.8244809899	5.99179293161
1050.0	30.0	12.8257437806	5.99203159141
1060.0	30.0	12.8272170363	5.99227025121
1070.0	30.0	12.828479827	5.99250891101
1080.0	30.0	12.8299530828	5.9927475708
1090.0	30.0	12.8312158734	5.9929862306
1100.0	30.0	12.8326891292	5.9932248904
1110.0	30.0	12.834162385	5.9934635502
1120.0	30.0	12.8354251756	5.99370221
1130.0	30.0	12.8368984314	5.9939408698
1140.0	30.0	12.838161222	5.9944181894
1150.0	30.0	12.8396344778	5.9946568492
1160.0	30.0	12.8408972685	5.994895509
1170.0	30.0	12.8423705242	5.9951341688
1180.0	30.0	12.84384378	5.9953728286
1190.0	30.0	12.8451065707	5.9956114884
1190.0	31.0	-0.0858697647272	9.72944405492
1200.0	30.0	12.8465798264	5.9958501482
1200.0	31.0	0.343689524018	9.29174198224
1210.0	30.0	12.8478426171	5.996088808
1210.0	31.0	0.773459277874	8.85427856937
1220.0	30.0	12.8493158729	5.9963274678
1220.0	31.0	1.23269414708	8.50321000399
1230.0	30.0	12.8505786635	5.9965661276
1230.0	31.0	1.73633715441	8.28149505006
1240.0	30.0	12.8520519193	5.9968047874
1240.0	31.0	2.23998016174	8.05978009612
1250.0	30.0	12.8535251751	5.997282107
1250.0	31.0	2.81581270168	7.85763524577
1260.0	30.0	12.8547879657	5.9975207668
1260.0	31.0	3.44005221683	7.66837802459
1270.0	30.0	12.8562612215	5.9977594266
1270.0	31.0	4.06408126687	7.47912080342
1280.0	30.0	12.8575240121	5.9979980864
1280.0	31.0	4.66117078288	7.27100945807
1290.0	30.0	12.8589972679	5.9982367462
1290.0	31.0	5.24647425275	7.05454501973
1300.0	30.0	12.8602600586	5.998475406
1300.0	31.0	5.83177772261	6.83831924119
1310.0	30.0	12.8617333143	5.9987140658
1310.0	31.0	6.43118235483	6.63474243203
1320.0	30.0	12.8632065701	5.9989527256
1320.0	31.0	7.04447768428	6.44381459226
1330.0	30.0	12.8644693608	5.9991913854
1330.0	31.0	7.65798347883	6.25288675249
1340.0	30.0	12.8659426165	5.9994300452
1340.0	31.0	8.27127880828	6.06195891272
1350.0	30.0	12.8672054072	5.9999073648
1350.0	31.0	8.92477297367	5.88606664033
1360.0	30.0	12.8686786629	6.0001460246
1360.0	31.0	9.57847760417	5.71017436794
1370.0	30.0	12.8699414536	6.0003846844
1370.0	31.0	10.2319717696	5.53428209556
1380.0	30.0	12.8714147094	6.0006233442
1380.0	31.0	10.8871496558	5.38177848354
1390.0	30.0	12.8728879651	6.00086200399
1390.0	31.0	11.5484310303	5.32211353361
1400.0	30.0	12.8741507558	6.00110066379
1400.0	31.0	12.2099228698	5.26244858368
1410.0	30.0	12.8756240116	6.00133932359
1410.0	31.0	12.8659426165	5.27796147066
1420.0	30.0	12.8768868022	6.00157798339
1420.0	31.0	13.5135437588	5.40659910271
1430.0	30.0	12.878360058	6.00181664319
1430.0	31.0	14.1611449012	5.53499807495
1440.0	30.0	12.8796228486	6.00205530299
1440.0	31.0	14.8087460435	5.663635707
1450.0	30.0	12.8810961044	6.00229396279
1450.0	31.0	15.4561367207	5.79203467925
1460.0	30.0	12.8825693602	6.00277128239
1470.0	30.0	12.8838321508	6.00300994219
1480.0	30.0	12.8853054066	6.00324860199
1490.0	30.0	12.8865681973	6.00348726179
1500.0	30.0	12.888041453	6.00372592159
1510.0	30.0	12.8893042437	6.00396458139
1520.0	30.0	12.8907774995	6.00420324119
1530.0	30.0	12.8922507552	6.00444190099
1540.0	30.0	12.8935135459	6.00468056079
1550.0	30.0	12.8949868016	6.00491922059
1560.0	30.0	12.8962495923	6.00539654019
1570.0	30.0	12.8977228481	6.00563519999
1580.0	30.0	12.8989856387	6.00587385979
1580.0	35.0	15.0042681303	4.15697639141
1590.0	30.0	12.9004588945	6.00611251959
1590.0	34.0	14.7887518581	4.80111919084
1590.0	35.0	14.4684239612	4.17869443318
1600.0	30.0	12.9019321503	6.00635117939
1600.0	34.0	14.2274414107	4.80899496423
1600.0	35.0	13.9327902572	4.20041247496
1610.0	30.0	12.9031949409	6.00658983919
1610.0	34.0	13.6661309633	4.81687073762
1610.0	35.0	13.3971565532	4.22213051673
1620.0	30.0	12.9046681967	6.00682849899
1620.0	34.0	13.1142914459	4.82092795421
1620.0	35.0	12.8613123841	4.19182072217
1630.0	30.0	12.9059309873	6.00706715879
1630.0	34.0	12.5715019282	4.82092795421
1630.0	35.0	12.3256786801	4.15554443261
1640.0	30.0	12.9074042431	6.00730581859
1640.0	34.0	12.0287124104	4.82092795421
1640.0	35.0	11.789834511	4.11950680285
1640.0	37.0	0.139538367682	5.51566663118
1650.0	30.0	12.9086670338	6.00754447839
1650.0	34.0	11.4859228927	4.82092795421
1650.0	35.0	11.2449403422	4.10065267868
1650.0	36.0	0.190681389321	6.60037542088
1650.0	37.0	0.41608952173	5.76816869927
1660.0	30.0	12.9101402895	6.00778313819
1660.0	34.0	10.9685996532	4.79992589184
1660.0	35.0	10.6941531503	4.09373154448
1660.0	36.0	0.487858124112	6.81803315821
1660.0	37.0	0.692640675778	6.02043210757
1670.0	30.0	12.9116135453	6.00826045779
1670.0	34.0	10.4620101344	4.77009341687
1670.0	35.0	10.1431554933	4.08681041029
1670.0	36.0	0.784824393794	7.03545223575
1670.0	37.0	0.969402294935	6.27269551587
1680.0	30.0	12.912876336	6.00849911759
1680.0	34.0	9.95563108062	4.74026094191
1680.0	35.0	9.6098369055	4.0834691731
1680.0	36.0	1.08389531457	7.25048471529
1680.0	37.0	1.13524880132	6.48939861401
1680.0	38.0	0.158269762438	5.75623570929
1690.0	30.0	12.9143495917	6.00873777739
1690.0	34.0	9.45914388701	4.73548774591
1690.0	35.0	9.14681366433	4.09540216308
1690.0	36.0	1.39959297901	7.44141255507
1690.0	37.0	1.25353019293	6.69058882517
1690.0	38.0	0.634341840411	5.77890839026
1700.0	30.0	12.9156123824	6.00897643719
1700.0	34.0	8.97233808845	4.75529650929
1700.0	35.0	8.68379042315	4.10733515307
1700.0	36.0	1.71529064345	7.63234039484
1700.0	37.0	1.37202204965	6.89201769612
1700.0	38.0	1.11041391838	5.80181973103
1710.0	30.0	12.9170856382	6.00921509698
1710.0	34.0	8.48574275499	4.77510527267
1710.0	35.0	8.22076718197	4.11926814305
1710.0	36.0	2.03098830789	7.82326823461
1710.0	37.0	1.51177088244	7.02065532817
1710.0	38.0	1.58648599636	5.82449241201
1720.0	30.0	12.9183484288	6.00945375678
1720.0	34.0	7.99893695643	4.79515269584
1720.0	35.0	7.76700440562	4.13287175164
1720.0	36.0	2.33553132151	8.01109349698
1720.0	37.0	1.67319762152	7.0762630615
1720.0	38.0	2.06255807433	5.84716509298
1730.0	30.0	12.9198216846	6.00969241658
1730.0	34.0	7.51234162297	4.81496145922
1730.0	35.0	7.35070441878	4.15315783461
1730.0	36.0	2.5407348034	8.17004092359
1730.0	37.0	1.83462436061	7.13187079484
1730.0	38.0	2.52663364105	5.90229550671
1740.0	30.0	12.9212949403	6.00993107638
1740.0	34.0	7.06341954414	4.82092795421
1740.0	35.0	6.93419396683	4.17344391759
1740.0	36.0	2.74572782017	8.32922701
1740.0	37.0	1.96911156566	7.23330120972
1740.0	38.0	2.99070920778	5.95742592045
1750.0	30.0	12.922557731	6.01016973618
1750.0	34.0	6.63091374386	4.82092795421
1750.0	35.0	6.51768351488	4.19373000056
1750.0	36.0	2.95093130206	8.48841309641
1750.0	37.0	2.07708016689	7.38007698654
1750.0	38.0	3.4547847745	6.01231767438
1760.0	30.0	12.9240309868	6.01040839598
1760.0	34.0	6.19819747847	4.82092795421
1760.0	35.0	6.10117306293	4.21401608354
1760.0	36.0	3.13782431941	8.62373320285
1760.0	37.0	2.18504876813	7.52685276336
1760.0	38.0	3.91759755057	6.06458417052
1770.0	30.0	12.9252937774	6.01088571558
1770.0	34.0	5.76548121308	4.82092795421
1770.0	35.0	5.64972540279	4.21926659913
1770.0	36.0	3.25189640882	8.6647826884
1770.0	37.0	2.29301736937	7.67386719999
1770.0	38.0	4.36715102473	6.09179138769
1780.0	30.0	12.9267670332	6.01112437538
1780.0	34.0	5.3329754128	4.82092795421
1780.0	35.0	5.16291960422	4.20924288755
1780.0	36.0	3.36617896335	8.70559351415
1780.0	37.0	2.37993945965	7.80417545063
1780.0	38.0	4.81670449889	6.11899860485
1790.0	30.0	12.9280298239	6.01136303518
1790.0	34.0	4.89457658945	4.81782537682
1790.0	35.0	4.67632427077	4.19945783576
1790.0	36.0	3.48046151788	8.7466429997
1790.0	37.0	2.45276038758	7.92350535049
1790.0	38.0	5.26646843816	6.14596716222
1800.0	30.0	12.9295030796	6.01160169498
1800.0	34.0	4.44291846419	4.80804032503
1800.0	35.0	4.18951847221	4.18943412417
1800.0	36.0	3.51981849338	8.7416311439
1800.0	37.0	2.52558131551	8.04283525034
1800.0	38.0	5.71602191232	6.17317437939
1810.0	30.0	12.9309763354	6.01184035478
1810.0	34.0	3.99147080405	4.79801661344
1810.0	35.0	3.70292313875	4.17941041258
1810.0	36.0	3.52718477221	8.71681052473
1810.0	37.0	2.59840224344	8.1621651502
1810.0	38.0	6.15989282852	6.17723159598
1820.0	30.0	12.9322391261	6.01207901458
1820.0	34.0	3.53981267879	4.78799290185
1820.0	35.0	3.20959292179	4.1605562884
1820.0	36.0	3.53434058594	8.69222856536
1820.0	37.0	2.67122317137	8.28149505006
1820.0	38.0	6.60144862851	6.17150376079
1830.0	30.0	12.9337123818	6.01231767438
1830.0	34.0	3.08815455354	4.77820785006
1830.0	35.0	2.7135266584	4.13788360743
1830.0	36.0	3.54170686478	8.66740794619
1830.0	37.0	2.73057433228	8.35476360857
1830.0	38.0	7.0427939634	6.1655372658
1840.0	30.0	12.9349751725	6.01255633418
1840.0	34.0	2.63523363762	4.76364960228
1840.0	35.0	2.21746039501	4.11521092646
1840.0	36.0	3.54886267851	8.64282598682
1840.0	37.0	2.76951037756	8.35929814476
1840.0	38.0	7.48434976339	6.1598094306
1850.0	30.0	12.9364484282	6.01279499398
1850.0	34.0	2.18083946594	4.7447954781
1850.0	35.0	1.72139413163	4.09253824549
1850.0	36.0	3.55622895734	8.61800536765
1850.0	37.0	2.80844642284	8.36359402116
1850.0	38.0	7.92548463317	6.11995324405
1860.0	30.0	12.9377112189	6.01303365378
1860.0	34.0	1.72644529426	4.72594135393
1860.0	35.0	1.23732437949	4.0775026781
1860.0	36.0	3.56338477107	8.59342340828
1860.0	37.0	2.84759293323	8.36812855735
1860.0	38.0	8.36640903783	6.05742437653
1870.0	30.0	12.9391844747	6.01327231358
1870.0	34.0	1.27205112258	4.70684856995
1870.0	35.0	0.765251138598	4.07034288411
1870.0	36.0	3.57075104991	8.56860278911
1870.0	37.0	2.88652897851	8.37242443375
1870.0	38.0	8.80754390761	5.994895509
1880.0	30.0	12.9406577304	6.01374963318
1880.0	34.0	0.817867416005	4.68799444577
1880.0	35.0	0.293388362818	4.06294443032
1880.0	36.0	3.57790686363	8.54402082974
1880.0	37.0	2.92546502379	8.37695896994
1880.0	38.0	9.24846831227	5.93236664148
1890.0	30.0	12.9419205211	6.01398829298
1890.0	34.0	0.363473244323	4.66890166179
1890.0	35.0	-0.178474412962	4.05578463633
1890.0	36.0	3.69703011568	8.53041722116
1890.0	37.0	3.01217664896	8.34879711358
1890.0	38.0	9.70412527461	5.88463468153
1900.0	30.0	12.9433937769	6.01422695278
1900.0	34.0	-0.0909209273582	4.65004753762
1900.0	36.0	3.81615336773	8.51705227237
1900.0	37.0	3.09888827413	8.32087391701
1900.0	38.0	10.1818810735	5.85885942317
1900.0	43.0	0.248559294468	5.81208210242
1910.0	30.0	12.8326891292	6.10730427467
1910.0	36.0	3.93527661978	8.50344866379
1910.0	37.0	3.18538943418	8.29271206064
1910.0	38.0	10.6598473374	5.8330841648
1910.0	43.0	0.866905786548	5.77485117367
1910.0	46.0	0.757674394652	0.119329899857
1920.0	30.0	12.6942030871	6.22377025693
1920.0	36.0	4.05439987183	8.49008371501
1920.0	37.0	3.27210105935	8.26455020428
1920.0	38.0	11.1376031363	5.80707024663
1920.0	43.0	1.48504181352	5.73762024491
1920.0	46.0	0.734312767483	0.640801562231
1920.0	49.0	2.29091271827	0.123864436051
1930.0	30.0	12.5555065798	6.34023623919
1930.0	36.0	4.17352312387	8.47648010642
1930.0	37.0	3.35881268451	8.23662700771
1930.0	38.0	11.5717926574	5.81232076222
1930.0	43.0	2.10233598005	5.69108158397
1930.0	46.0	0.710951140315	1.1622732246
1930.0	49.0	2.25850109139	0.647245376823
1940.0	30.0	12.4170205377	6.45670222145
1940.0	36.0	4.36925567583	8.40559814591
1940.0	37.0	3.57327663122	8.19175896536
1940.0	38.0	11.9872507838	5.8306975668
1940.0	43.0	2.7112115422	5.56339859112
1940.0	46.0	0.656651142032	1.65391241201
1940.0	49.0	2.22608946451	1.17038765779
1950.0	30.0	12.1996100794	6.53020943976
1950.0	36.0	4.59782078488	8.31013422602
1950.0	37.0	3.80205220539	8.14498164462
1950.0	38.0	12.4029193753	5.84907437138
1950.0	43.0	3.32008710434	5.43547693847
1950.0	46.0	0.530372076256	2.07562427811
1950.0	49.0	2.16084528053	1.69042736137
1960.0	30.0	11.9487356688	6.58510119369
1960.0	36.0	4.82617542882	8.21467030614
1960.0	37.0	4.03082777955	8.09844298368
1960.0	38.0	12.8183775017	5.86745117596
1960.0	43.0	3.92306964342	5.31018054362
1960.0	46.0	0.404093010481	2.4970974844
1960.0	49.0	2.06255807433	2.20760314735
1970.0	30.0	11.6989135836	6.63999294763
1970.0	36.0	5.06652658402	8.11443319026
1970.0	37.0	4.25960335371	8.05166566293
1970.0	38.0	13.1972146991	5.96386973504
1970.0	43.0	4.51237195037	5.19085064377
1970.0	46.0	0.270658130978	2.90472842231
1970.0	49.0	1.96427086814	2.72477893333
1980.0	30.0	11.4600356842	6.69154346437
1980.0	36.0	5.35339052843	7.9951032904
1980.0	37.0	4.48964171853	8.00226308439
1980.0	38.0	13.5670018967	6.0800970575
1980.0	43.0	5.10167425732	5.07152074391
1980.0	46.0	0.120175577596	3.27990162746
1980.0	49.0	1.79042668758	3.18205110958
1980.0	51.0	15.0693018492	5.54549910614
1980.0	52.0	15.1250751032	4.98703517481
1990.0	30.0	11.2211577848	6.7430939811
1990.0	36.0	5.64046493796	7.87577339054
1990.0	37.0	4.72241612978	7.94641669126
1990.0	38.0	13.9367890943	6.19608572016
1990.0	43.0	5.69413354092	4.96627177224
1990.0	46.0	-0.0300965106765	3.65483617281
1990.0	49.0	1.54102553268	3.5798969957
1990.0	51.0	14.6483716299	5.45958157824
1990.0	52.0	14.5669216325	4.9972975462
2000.0	30.0	10.9822798854	6.79464449784
2000.0	36.0	5.92753934749	7.75644349069
2000.0	37.0	4.95540100613	7.89057029813
2000.0	38.0	14.3097332685	6.29083366065
2000.0	43.0	6.29353817313	4.89395785292
2000.0	46.0	-0.180368598949	4.03000937796
2000.0	49.0	1.29162437777	3.97774288182
2000.0	51.0	14.2274414107	5.37366405035
2000.0	52.0	14.0087681618	5.00779857739
2010.0	30.0	10.7486636137	6.87220893275
2010.0	36.0	6.21440329191	7.63711359083
2010.0	37.0	5.18817541738	7.83472390499
2010.0	38.0	14.7115111628	6.19322180256
2010.0	43.0	6.89315327046	4.82164393361
2010.0	49.0	1.11925345299	4.34647227238
2010.0	51.0	13.7515797978	5.3345238432
2010.0	52.0	13.4520879468	5.07486198111
2020.0	30.0	10.5228345511	6.98867491501
2020.0	36.0	6.52799630526	7.57339142431
2020.0	37.0	5.42094982862	7.77887751186
2020.0	38.0	15.1132890571	6.09560994448
2020.0	43.0	7.49255790267	4.7493300143
2020.0	49.0	0.966245318291	4.70804186895
2020.0	51.0	13.1934263271	5.36578827696
2020.0	52.0	12.8964600574	5.17987229298
2030.0	30.0	10.2967950233	7.10514089727
2030.0	36.0	6.84790327189	7.52375018597
2030.0	37.0	5.68339982033	7.75357957309
2030.0	43.0	8.08564858159	4.64073980543
2030.0	49.0	0.813237183593	5.06961146551
2030.0	51.0	12.6392716935	5.4106563193
2030.0	52.0	12.3456728655	5.28058672846
2040.0	30.0	10.0709659607	7.22160687953
2040.0	36.0	7.16802070363	7.47410894763
2040.0	37.0	5.96542306723	7.7488063771
2040.0	43.0	8.67873926052	4.53238825636
2040.0	49.0	0.671594164815	5.4154295153
2040.0	51.0	12.1204751982	5.5812980761
2040.0	52.0	11.8390833467	5.34239961659
2050.0	30.0	9.8306148055	7.36599605836
2050.0	36.0	7.48813813537	7.42422904949
2050.0	37.0	6.24744631412	7.7440331811
2050.0	43.0	9.27204040455	4.42379804749
2050.0	49.0	0.541737192176	5.7454960183
2050.0	51.0	11.6018891681	5.75170117309
2050.0	52.0	11.3322833627	5.40421250471
2060.0	30.0	9.55637876766	7.5755393625
2060.0	36.0	7.80825556711	7.37458781115
2060.0	37.0	6.52946956102	7.73925998511
2060.0	43.0	9.92869154658	4.36747433476
2060.0	49.0	0.411669754428	6.07532386151
2060.0	51.0	11.0915112773	5.90277282631
2060.0	52.0	10.8475822152	5.45910425865
2070.0	30.0	9.28214272981	7.78532132645
2070.0	36.0	8.16604625347	7.26313368468
2070.0	37.0	6.81149280792	7.73448678911
2070.0	43.0	10.6127031529	4.3333459834
2070.0	49.0	0.282654642227	6.39870789012
2070.0	51.0	10.6004961765	6.00897643719
2070.0	52.0	10.3955031597	5.50325632159
2080.0	30.0	9.00790669197	7.9951032904
2080.0	36.0	8.52383693983	7.15191821801
2080.0	37.0	7.13266256521	7.71109812874
2080.0	43.0	11.2967147592	4.29921763204
2080.0	49.0	0.162268599521	6.6648135668
2080.0	51.0	10.1092706106	6.11494138826
2080.0	52.0	9.94321363915	5.54740838454
2090.0	30.0	8.71072995718	8.10751205607
2090.0	36.0	8.8816276262	7.04046409155
2090.0	37.0	7.47992999609	7.67529915878
2090.0	43.0	11.952944971	4.31807175622
2090.0	49.0	0.0420930219251	6.93068058368
2090.0	51.0	9.64098574173	6.21255324634
2090.0	52.0	9.5376473729	5.65814653161
2100.0	30.0	8.41355322239	8.21968216193
2100.0	36.0	9.2775124974	6.97220738883
2100.0	37.0	7.82719742697	7.63950018883
2100.0	43.0	12.6062286712	4.34289237539
2100.0	49.0	-0.0780825556711	7.19654760056
2100.0	51.0	9.18764389559	6.30419860943
2100.0	52.0	9.15165436185	5.79752385464
2110.0	30.0	8.11658695271	8.3320909276
2110.0	36.0	9.67339736861	6.90418934591
2110.0	37.0	8.17446485786	7.60370121887
2110.0	43.0	13.2593019064	4.36747433476
2110.0	51.0	8.73430204946	6.39608263232
2110.0	52.0	8.77786832715	5.97150684863
2120.0	30.0	7.82677649675	8.35595690757
2120.0	36.0	10.0692822398	6.83593264319
2120.0	37.0	8.54782996233	7.53830843375
2120.0	43.0	13.8976425839	4.43119650128
2120.0	51.0	8.25023229732	6.53140273876
2120.0	52.0	8.43207415204	6.22735015392
2130.0	30.0	7.54201720343	8.32087391701
2130.0	36.0	10.465167111	6.76767594047
2130.0	37.0	8.93866367091	7.45310688525
2130.0	43.0	14.5361937265	4.494680008
2130.0	51.0	7.76616254518	6.6664841854
2130.0	52.0	8.0944881162	6.35312386837
2140.0	30.0	7.25725791011	8.28579092645
2140.0	36.0	10.8764159352	6.65598315421
2140.0	37.0	9.32970784459	7.36766667695
2140.0	43.0	15.174534404	4.55840217453
2140.0	51.0	7.28209279304	6.80180429183
2140.0	52.0	7.67439975739	6.43307490128
2150.0	30.0	6.96471140773	8.26311824548
2150.0	36.0	11.2916635965	6.53355067696
2150.0	37.0	9.72054155316	7.28246512846
2150.0	51.0	6.78139629724	6.80991872502
2150.0	52.0	7.12908465835	6.46553263404
2160.0	30.0	6.64101606912	8.29056412245
2160.0	36.0	11.7069112578	6.4108795399
2160.0	37.0	10.13684154	7.17936409498
2160.0	51.0	6.28048933634	6.81827181801
2160.0	52.0	6.5749300247	6.46481665464
2170.0	30.0	6.31711026541	8.31824865921
2170.0	36.0	12.1227903144	6.29107232045
2170.0	37.0	10.5912357117	7.04905584434
2170.0	51.0	5.77579400345	6.81779449841
2170.0	52.0	5.98562771775	6.3311671668
2180.0	30.0	5.99825562433	8.34712649498
2180.0	36.0	12.5437205337	6.19560840056
2180.0	37.0	11.0456298834	6.91898625349
2180.0	51.0	5.23574053215	6.73808212531
2180.0	52.0	5.3963254108	6.19751767896
2190.0	30.0	5.68255795989	8.37695896994
2190.0	36.0	12.9646507529	6.10014448068
2190.0	37.0	11.500024055	6.78867800285
2190.0	51.0	4.69547659575	6.65860841201
2190.0	52.0	4.80491845275	6.12639705864
2200.0	30.0	5.36686029545	8.40679144491
2200.0	36.0	13.3855809722	6.00468056079
2200.0	37.0	11.9544182267	6.65860841201
2200.0	51.0	4.1499510316	6.57340686351
2200.0	52.0	4.21245916915	6.0822449957
2210.0	30.0	5.11493355923	8.46168319884
2210.0	36.0	13.8065111914	5.90921664091
2210.0	37.0	12.4227030956	6.5810439771
2210.0	51.0	3.55601849223	6.43689345807
2210.0	52.0	3.61999988556	6.03809293275
2220.0	30.0	4.95876844789	8.55404454133
2220.0	36.0	14.2230216434	5.87103107295
2220.0	37.0	12.8909879646	6.50347954219
2220.0	51.0	2.96229641798	6.30061871244
2220.0	52.0	2.98860455668	5.88248674334
2230.0	30.0	4.80260333654	8.64640588382
2230.0	36.0	14.6363751187	5.87103107295
2230.0	37.0	13.3592728335	6.42591510728
2230.0	51.0	2.37825573877	6.15742283261
2230.0	52.0	2.35720922781	5.72688055392
2240.0	30.0	4.69779171195	8.71418526694
2240.0	36.0	15.049728594	5.87103107295
2240.0	37.0	13.8275577024	6.34835067238
2240.0	51.0	1.8169452914	5.9982367462
2240.0	52.0	1.74496622391	5.56387591072
2250.0	30.0	4.71231380452	8.72468629812
2250.0	37.0	14.2002914115	6.35527180657
2250.0	51.0	1.25584530914	5.83928931959
2250.0	52.0	1.14114182439	5.39776869012
2260.0	30.0	4.72704636219	8.73494866951
2260.0	37.0	14.5732355858	6.36195428096
2260.0	51.0	0.703584861478	5.71089034734
2260.0	52.0	0.537317424874	5.2474130163
2270.0	30.0	4.74177891986	8.7452110409
2270.0	37.0	14.9459692949	6.36887541515
2270.0	51.0	0.152376739369	5.58583261229
2270.0	52.0	-0.0658755793128	5.11996868325
2280.0	30.0	4.75630101243	8.75571207209
2280.0	37.0	15.3189134692	6.37555788955
2290.0	30.0	4.7710335701	8.76597444348
2300.0	30.0	4.78555566267	8.77647547466
2310.0	30.0	4.80028822034	8.78673784605
2320.0	30.0	4.8148103129	8.79723887724
2330.0	30.0	4.82954287058	8.80750124863
2340.0	30.0	4.84427542825	8.81800227981
2350.0	30.0	4.85879752081	8.8282646512
2360.0	30.0	4.84680100957	8.828503311
2370.0	30.0	4.82828007992	8.826116713
2380.0	30.0	4.80975915027	8.82396877481
2390.0	30.0	4.79123822063	8.82158217681
2400.0	30.0	4.77250682587	8.81919557881
2410.0	30.0	4.75398589622	8.81680898081
2420.0	30.0	4.73546496657	8.81442238282
2430.0	30.0	4.71694403693	8.81227444462
2440.0	30.0	4.69842310728	8.80988784662
2450.0	30.0	4.67969171252	8.80750124863
2460.0	30.0	4.58350915742	8.77933939226
2470.0	30.0	4.43576265047	8.73423269011
2480.0	30.0	4.2878056784	8.68912598797
2490.0	30.0	4.13984870633	8.64401928582
2490.0	54.0	0.347267430882	4.51854598797
2500.0	30.0	4.03566847707	8.5798197997
2500.0	54.0	1.05758717587	4.53859341115
2510.0	30.0	3.93632894533	8.51347237538
2510.0	54.0	1.76790692085	4.55840217453
2520.0	30.0	3.83698941358	8.44712495106
2520.0	54.0	2.43865922523	4.59324650529
2530.0	30.0	3.76753592741	8.40273422831
2530.0	54.0	3.10962199472	4.62809083604
2540.0	30.0	3.76837778785	8.4094167027
2540.0	54.0	3.78037429909	4.662696507
2550.0	30.0	3.76900918317	8.4160991771
2550.0	54.0	4.45133706858	4.69754083776
2560.0	30.0	3.7696405785	8.42278165149
2560.0	54.0	5.12608821004	4.73023723032
2570.0	30.0	3.77048243894	8.42922546608
2570.0	54.0	5.81641376961	4.75410321029
2580.0	30.0	3.77111383427	8.43590794047
2580.0	54.0	6.50673932918	4.77796919026
2590.0	30.0	3.77195569471	8.44259041486
2590.0	54.0	7.19706488875	4.80183517023
2600.0	30.0	3.77258709004	8.44927288926
2600.0	54.0	7.88739044833	4.82570115021
2610.0	30.0	3.77342895048	8.45595536365
2610.0	54.0	8.57582182191	4.83763414019
2620.0	30.0	3.7740603458	8.46239917824
2620.0	54.0	9.25646598644	4.80207383003
2630.0	30.0	3.77490220624	8.46908165263
2630.0	54.0	9.93711015097	4.76651351988
2640.0	30.0	3.77553360157	8.47576412702
2640.0	54.0	10.6177543155	4.73095320972
2650.0	30.0	3.77637546201	8.48244660142
2650.0	54.0	11.29839848	4.69539289956
2660.0	30.0	3.77700685734	8.48889041601
2660.0	54.0	11.9727286913	4.663889806
2670.0	30.0	3.77784871778	8.4955728904
2670.0	54.0	12.6405344841	4.63644392903
2680.0	30.0	3.77848011311	8.50225536479
2680.0	54.0	13.308340277	4.60899805207
2690.0	30.0	3.77932197355	8.50893783918
2690.0	54.0	13.9761460698	4.5813135153
2700.0	30.0	3.77995336887	8.51562031358
2700.0	54.0	14.6439518626	4.55386763833
2710.0	30.0	3.78079522931	8.52206412817
2710.0	54.0	15.3117576555	4.52618310157
2720.0	30.0	3.78142662464	8.52874660256
2730.0	30.0	3.78205801997	8.53542907695
2740.0	30.0	3.78289988041	8.54211155134
2750.0	30.0	3.78353127574	8.54855536594
2760.0	30.0	3.78437313618	8.55523784033
2770.0	30.0	3.78500453151	8.56192031472
2780.0	30.0	3.78584639194	8.56860278911
2790.0	30.0	3.78647778727	8.5752852635
2800.0	30.0	3.78731964771	8.5817290781
2810.0	30.0	3.78795104304	8.58841155249
2820.0	30.0	3.80857662378	8.59175278968
2830.0	30.0	3.84898592483	8.59175278968
2840.0	30.0	3.88918476077	8.59175278968
2850.0	30.0	3.92959406182	8.59175278968
2860.0	30.0	3.97000336287	8.59175278968
2870.0	30.0	4.01041266391	8.59175278968
2880.0	30.0	4.05082196496	8.59175278968
2890.0	30.0	4.09207312645	8.58674093389
2900.0	30.0	4.13711265991	8.56096567552
2910.0	30.0	4.18215219337	8.53542907695
2920.0	30.0	4.22740219194	8.50989247838
2930.0	30.0	4.2724417254	8.48435587981
2940.0	30.0	4.31748125886	8.45881928124
2950.0	30.0	4.36273125743	8.43328268267
2960.0	30.0	4.40777079089	8.40774608411
2970.0	30.0	4.45281032435	8.38197082574
2980.0	30.0	4.76387775637	8.2478440183
2980.0	60.0	15.1113948711	8.04283525034
2980.0	61.0	15.028682083	5.4159068349
2990.0	30.0	5.14145216304	8.08627133389
2990.0	60.0	14.6809937219	7.8258934924
2990.0	61.0	14.4128611723	5.39824600972
3000.0	30.0	5.51923703482	7.92493730928
3000.0	60.0	14.2503821076	7.60895173446
3000.0	61.0	13.7972507266	5.38034652474
3010.0	30.0	5.92017306866	7.70871153074
3010.0	60.0	13.7757832854	7.46265327724
3010.0	61.0	13.1751158626	5.35648054477
3020.0	30.0	6.35604631069	7.4103867811
3020.0	60.0	13.2900298124	7.33425430499
3020.0	61.0	12.5437205337	5.32354549241
3020.0	63.0	-0.138906972353	7.32446925321
3030.0	30.0	6.79191955273	7.11206203146
3030.0	60.0	12.7956472699	7.21850430213
3030.0	61.0	11.9123252048	5.29037178025
3030.0	63.0	0.324116268823	7.3323450266
3040.0	30.0	7.10719628694	6.7450032595
3040.0	60.0	12.2667484494	7.15406615621
3040.0	61.0	11.2809298759	5.25719806809
3040.0	63.0	0.787139509999	7.34045945979
3050.0	30.0	7.34207534929	6.3318831462
3050.0	60.0	11.7376391638	7.08938935049
3050.0	61.0	10.6754217555	5.22116043833
3050.0	63.0	1.25016275118	7.34833523318
3060.0	30.0	7.57674394652	5.91876303289
3060.0	60.0	11.2087403433	7.02495120457
3060.0	61.0	10.0764380535	5.18440682918
3060.0	63.0	1.44168600093	7.43425276107
3070.0	30.0	7.54012301744	5.38965425693
3070.0	60.0	10.6771054764	6.97745790442
3070.0	61.0	9.47240318892	5.15815425121
3070.0	63.0	1.41853483888	7.63234039484
3080.0	30.0	7.50350208837	4.86030682116
3080.0	60.0	10.1427345631	6.94690945006
3080.0	61.0	8.84795320866	5.17414445779
3080.0	63.0	1.20617554326	7.96527081544
3090.0	30.0	7.39427069647	4.42308206809
3090.0	60.0	9.60857411484	6.9161223359
3090.0	61.0	8.2235032284	5.19013466437
3090.0	63.0	1.08789415165	8.18412185177
3100.0	30.0	7.25410093346	4.02547484177
3100.0	60.0	9.0742032015	6.88557388153
3100.0	61.0	7.61189161983	5.21758054134
3100.0	63.0	0.969402294935	8.40273422831
3110.0	30.0	7.11372070534	3.62762895564
3110.0	60.0	8.56698228731	6.82304501401
3110.0	61.0	7.05058117246	5.29084909985
3110.0	63.0	0.851120903326	8.62158526465
3120.0	30.0	7.12571721659	3.57297586151
3120.0	60.0	8.07786137254	6.73927542431
3120.0	61.0	6.48927072508	5.36435631816
3120.0	63.0	0.732629046606	8.84043630099
3130.0	30.0	7.13771372784	3.51856142718
3130.0	60.0	7.58874045777	6.65526717481
3130.0	61.0	5.92817074282	5.43786353647
3130.0	63.0	0.650758118962	9.05523012073
3140.0	30.0	7.14971023909	3.46390833304
3140.0	60.0	7.09940907789	6.57149758511
3140.0	61.0	5.37296378363	5.4953805482
3140.0	63.0	0.605087190173	9.26596672387
3150.0	30.0	7.15960209924	3.44839544606
3150.0	60.0	6.63154513919	6.43951871587
3150.0	61.0	4.83164752167	5.51566663118
3150.0	63.0	0.559416261385	9.47670332702
3160.0	30.0	7.1673893083	3.47154544663
3160.0	60.0	6.1659963167	6.30205067123
3160.0	61.0	4.29054172483	5.53619137395
3160.0	63.0	0.513955797706	9.68767858997
3170.0	30.0	7.17496605224	3.494934107
3170.0	60.0	5.70044749421	6.1645826266
3170.0	61.0	3.74922546287	5.55671611673
3170.0	63.0	0.468284868917	9.89841519312
3180.0	30.0	7.1827532613	3.51808410758
3180.0	60.0	5.21574634674	6.04024087095
3180.0	61.0	3.19717548032	5.52020116737
3180.0	63.0	0.422613940128	10.1091517963
3190.0	30.0	7.19054047036	3.54147276795
3190.0	60.0	4.71820682759	5.92449086809
3190.0	61.0	2.64238945135	5.46960528983
3190.0	63.0	0.377153476449	10.3201270592
3200.0	30.0	7.1981172143	3.56486142832
3200.0	60.0	4.22087777354	5.80874086523
3200.0	61.0	2.08739295727	5.41900941229
3210.0	30.0	7.20590442336	3.58801142889
3210.0	60.0	3.7083952316	5.69704807896
3210.0	61.0	1.5437615791	5.4147135359
3220.0	30.0	7.21348116731	3.61140008926
3220.0	60.0	3.16118594658	5.59490168468
3220.0	61.0	1.01149531686	5.45695632045
3230.0	30.0	7.19264512145	3.65555215221
3230.0	60.0	2.61397666155	5.49251663061
3230.0	61.0	0.479018589508	5.4989604452
3240.0	30.0	7.10488117074	3.7483908143
3240.0	60.0	2.06676737652	5.39037023633
3240.0	61.0	-0.0532476727353	5.54120322975
3250.0	30.0	7.01732768513	3.84099081659
3250.0	60.0	1.55744181123	5.3316599256
3260.0	30.0	6.92956373442	3.93382947868
3260.0	60.0	1.05758717587	5.28392796566
3260.0	70.0	-0.158269762438	3.89755318912
3270.0	30.0	6.92219745558	3.97511762403
3270.0	60.0	0.557732540508	5.23619600571
3270.0	70.0	0.34263719847	3.93860267467
3280.0	30.0	6.94934745473	3.9944490678
3280.0	60.0	0.057877905147	5.18846404577
3280.0	70.0	0.843333694269	3.97989082002
3290.0	30.0	6.97649745387	4.01378051158
3290.0	70.0	1.34403019007	4.02094030557
3300.0	30.0	7.00364745301	4.03287329556
3300.0	70.0	1.84788366251	4.0834691731
3310.0	30.0	7.03079745215	4.05220473933
3310.0	70.0	2.35299992561	4.15506711301
3320.0	30.0	7.05794745129	4.07153618311
3320.0	70.0	2.85811618871	4.22666505293
3330.0	30.0	7.23389628294	4.12093876165
3330.0	70.0	3.37985919548	4.26174804348
3340.0	30.0	7.55822301687	4.20041247496
3340.0	70.0	3.90896848107	4.28107948726
3350.0	30.0	7.8825497508	4.27344237367
3350.0	70.0	4.43786730156	4.30041093104
3360.0	30.0	8.20477183364	4.28847794105
3360.0	70.0	4.96697658716	4.31974237481
3370.0	30.0	8.52720438159	4.30327484863
3370.0	70.0	5.49608587276	4.40828516051
3380.0	30.0	8.84942646442	4.31831041602
3380.0	70.0	6.02540562347	4.497066606
3390.0	30.0	9.01085320351	4.27081711587
3390.0	70.0	6.55451490907	4.58560939169
3400.0	30.0	9.15417994316	4.21664134134
3400.0	70.0	7.0800462878	4.69205166237
3410.0	30.0	9.1987985464	4.20136711416
3410.0	70.0	7.60199975967	4.81615475822
3420.0	30.0	9.20111366261	4.20256041315
3420.0	70.0	8.12395323155	4.94025785407
3430.0	30.0	9.20321831371	4.20375371215
3430.0	70.0	8.68526367892	4.93142744148
3440.0	30.0	9.2053229648	4.20494701115
3440.0	70.0	9.24636366118	4.92259702889
3450.0	30.0	9.20763808101	4.20614031015
3450.0	70.0	9.80641131789	4.9142439359
3460.0	30.0	9.2097427321	4.20757226895
3460.0	70.0	10.3635124631	4.90732280171
3470.0	30.0	9.2118473832	4.20876556795
3470.0	70.0	10.9206136082	4.90016300772
3480.0	30.0	9.21416249941	4.20995886695
3480.0	70.0	11.4777147534	4.89324187352
3490.0	30.0	9.2162671505	4.21115216594
3490.0	70.0	12.0672275255	4.86006816136
3500.0	30.0	9.21858226671	4.21234546494
3500.0	70.0	12.6605286695	4.82379187181
3510.0	30.0	9.2206869178	4.21353876394
3510.0	70.0	13.2536193484	4.78775424205
3520.0	30.0	9.2227915689	4.21497072274
3520.0	70.0	13.8380809579	4.78847022145
3530.0	30.0	9.22510668511	4.21616402174
3530.0	70.0	14.4168600093	4.81400682002
3540.0	30.0	9.2272113362	4.21735732074
3540.0	70.0	14.9956390608	4.83978207839
3550.0	30.0	9.2293159873	4.21855061973
3560.0	30.0	9.2316311035	4.21974391873
3570.0	30.0	9.2337357546	4.22117587753
3580.0	30.0	9.2358404057	4.22236917653
3590.0	30.0	9.2381555219	4.22356247553
3600.0	30.0	9.33370668167	4.23573412531
3610.0	30.0	9.56942760445	4.26437330128
3620.0	30.0	9.80514852723	4.29301247725
3630.0	30.0	10.2414426995	4.35721196337
3640.0	30.0	10.6998357083	4.42546866609
3650.0	30.0	11.1647531354	4.4961119668
3660.0	30.0	11.6875484677	4.58847330929
3670.0	30.0	12.2103438	4.68083465178
3680.0	30.0	12.7331391323	4.77319599427
3690.0	30.0	13.2593019064	4.80994960342
3700.0	30.0	13.7854646805	4.84670321258
3710.0	30.0	14.3055239664	4.89133259513
3720.0	30.0	14.8167437176	4.94813362746
3730.0	30.0	15.3279634689	5.00493465979
4190.0	78.0	14.942180923	5.78702282345
4200.0	78.0	14.4480088456	5.7454960183
4210.0	78.0	13.9538367682	5.70396921315
4220.0	78.0	13.4211495757	5.73380168812
4230.0	78.0	12.8884623832	5.76363416308
4240.0	78.0	12.3555647257	5.79346663804
4250.0	78.0	11.8664438109	5.89776097052
4260.0	78.0	11.3880566167	6.02067076737
4270.0	78.0	10.9096694225	6.14358056422
4280.0	78.0	10.4397008328	6.27150221687
4290.0	78.0	9.97772991713	6.40395840571
4290.0	81.0	14.9253437142	5.64000838683
4300.0	78.0	9.51596946661	6.53665325435
4300.0	81.0	14.4454832643	5.7450186987
4310.0	78.0	9.05399855098	6.66910944319
4310.0	81.0	13.9656228143	5.85002901058
4310.0	83.0	15.0211053391	5.52234910557
4320.0	78.0	8.61328461142	6.77793831186
4320.0	81.0	13.4992321314	5.96005117824
4320.0	83.0	14.5401925636	5.61614240686
4330.0	78.0	8.17488578807	6.88390326293
4330.0	81.0	13.0362088902	6.07150530471
4330.0	83.0	14.059069323	5.70993570814
4340.0	78.0	7.73627649962	6.99010687381
4340.0	81.0	12.573185649	6.18295943118
4340.0	83.0	13.5768937568	5.78869344205
4350.0	78.0	7.28735442078	7.09559450528
4350.0	81.0	12.1183705471	6.31517696022
4350.0	83.0	13.0921926094	5.8318908658
4360.0	78.0	6.81380792413	7.20012749756
4360.0	81.0	11.6654496312	6.45240634505
4360.0	83.0	12.6074914619	5.87532694935
4370.0	78.0	6.34026142747	7.30442183003
4370.0	81.0	11.2127391804	6.58987438969
4370.0	83.0	12.1227903144	5.91876303289
4380.0	78.0	5.87387074454	7.40585224491
4380.0	81.0	10.7728671013	6.71350016594
4380.0	83.0	11.7142775366	6.10133777967
4390.0	78.0	5.47083005961	7.48103008182
4390.0	81.0	10.3462543241	6.82304501401
4390.0	83.0	11.3057647589	6.28367386666
4400.0	78.0	5.06799983978	7.55596925893
4400.0	81.0	9.91964154687	6.93282852188
4400.0	83.0	10.897041516	6.46624861344
4410.0	78.0	4.66516961996	7.63090843604
4410.0	81.0	9.49302876966	7.04237336994
4410.0	83.0	10.4811624594	6.64548212302
4420.0	78.0	4.23645219165	7.70298369555
4420.0	81.0	9.07104622486	7.12638161944
4420.0	83.0	10.0602322401	6.82256769441
4430.0	78.0	3.79089755458	7.77338833647
4430.0	81.0	8.65011600561	7.20394605435
4430.0	83.0	9.63930202085	6.9996532658
4440.0	78.0	3.34513245239	7.84355431758
4440.0	81.0	8.22918578636	7.28151048926
4440.0	83.0	9.22447528978	7.12566564004
4450.0	78.0	2.91220572189	7.9115723605
4450.0	81.0	7.80825556711	7.35907492416
4450.0	83.0	8.81554158177	7.20060481715
4460.0	78.0	2.53084294325	7.97123731043
4460.0	81.0	7.39174511516	7.43329812188
4460.0	83.0	8.40660787377	7.27578265406
4470.0	78.0	2.1492696995	8.03090226036
4470.0	81.0	6.97607652365	7.50680534019
4470.0	83.0	7.99767416577	7.35072183117
4480.0	78.0	1.76790692085	8.09056721029
4480.0	81.0	6.56061839725	7.5803125585
4480.0	83.0	7.56495790038	7.43687801887
4490.0	78.0	1.43621390808	8.19915741916
4490.0	81.0	6.14494980574	7.65358111701
4490.0	83.0	7.1324521001	7.52303420657
4500.0	78.0	1.10452089531	8.30750896823
4500.0	81.0	5.75874632957	7.7490450369
4500.0	83.0	6.69973583471	7.60919039426
4500.0	84.0	-0.0648232537647	5.23404806752
4510.0	78.0	0.773038347655	8.4160991771
4510.0	81.0	5.37548936495	7.84689555478
4510.0	83.0	6.30784980059	7.69105070557
4510.0	84.0	0.412932545085	5.21567126294
4520.0	78.0	0.51690230924	8.55308990213
4520.0	81.0	4.99244286543	7.94498473246
4520.0	83.0	5.97720911336	7.76598988268
4520.0	84.0	0.890477878826	5.19729445836
4530.0	78.0	0.293388362818	8.70225227695
4530.0	81.0	4.6091859008	8.04283525034
4530.0	83.0	5.64656842614	7.84092905979
4530.0	84.0	1.36802321257	5.17891765378
4540.0	78.0	0.069663951286	8.85141465177
4540.0	81.0	4.29117312015	8.05882545692
4540.0	83.0	5.31571727381	7.9161068967
4540.0	84.0	1.86093249931	5.17891765378
4550.0	78.0	-0.153849995136	9.00057702659
4550.0	81.0	3.97316033951	8.07457700371
4550.0	83.0	4.97707891242	7.98197700142
4550.0	84.0	2.35384178605	5.17891765378
4560.0	81.0	3.65514755887	8.09056721029
4560.0	83.0	4.63738822549	8.04713112674
4560.0	84.0	2.84675107279	5.17891765378
4570.0	81.0	3.33713477822	8.10655741687
4570.0	83.0	4.29769753855	8.11228525206
4570.0	84.0	3.34576384772	5.17366713819
4580.0	81.0	3.03995804343	8.12565020084
4580.0	83.0	3.95821731673	8.17743937738
4580.0	84.0	3.86919057536	5.14789187982
4590.0	81.0	2.76361735449	8.14808422202
4590.0	83.0	3.65514755887	8.23376309011
4590.0	84.0	4.39240683788	5.12211662145
4600.0	81.0	2.48748713066	8.17027958339
4600.0	83.0	3.38848826497	8.28149505006
4600.0	84.0	4.91583356552	5.09634136308
4610.0	81.0	2.20483248844	8.20297597595
4610.0	83.0	3.12182897108	8.32922701
4610.0	84.0	5.43378820031	5.14455064262
4620.0	81.0	1.90786621876	8.25906102888
4620.0	83.0	2.84822432856	8.36956051615
4620.0	84.0	5.94648120736	5.26698311988
4630.0	81.0	1.61068948396	8.31514608182
4630.0	83.0	2.56767433743	8.40273422831
4630.0	84.0	6.45917421441	5.38941559713
4640.0	81.0	1.31351274917	8.37123113475
4640.0	83.0	2.2871243463	8.43590794047
4640.0	84.0	6.97186722146	5.51184807438
4650.0	81.0	1.04874764126	8.55476052073
4650.0	83.0	2.00636389006	8.46908165263
4650.0	84.0	7.48561255405	5.61256250986
4660.0	81.0	0.787349975109	8.75213217509
4660.0	83.0	1.71781622476	8.51275639598
4660.0	84.0	7.99998928198	5.69871869756
4670.0	81.0	0.526162774064	8.94974248925
4670.0	83.0	1.42842669903	8.55738577853
4670.0	84.0	8.51457647501	5.78487488525
4680.0	81.0	0.389570917917	9.17551465978
4680.0	83.0	1.13903717329	8.60225382087
4680.0	84.0	9.02895320294	5.87103107295
4690.0	81.0	0.25318952688	9.40128683031
4690.0	83.0	0.90499997139	8.71585588554
4690.0	84.0	9.54396132619	5.9149444761
4700.0	81.0	0.116597670733	9.62705900084
4700.0	83.0	0.711582535644	8.86931413675
4700.0	84.0	10.0591799146	5.95885787925
4710.0	81.0	-0.0199941854144	9.85283117137
4710.0	83.0	0.586566260526	9.06310589412
4710.0	84.0	10.5741880378	6.00300994219
4720.0	83.0	0.461760450518	9.25713631129
4720.0	84.0	11.0921426726	6.05408313933
4730.0	83.0	0.336744175401	9.45092806865
4730.0	84.0	11.620831028	6.13355685264
4740.0	83.0	0.208991853858	9.62133116565
4740.0	84.0	12.1497298485	6.21303056594
4750.0	83.0	0.0812395323155	9.79197292244
4750.0	84.0	12.678628669	6.29274293904
4760.0	83.0	-0.0465127892272	9.96237601944
4760.0	84.0	13.1961623735	6.3314058266
4770.0	84.0	13.6871774743	6.27436613447
4780.0	84.0	14.1784030401	6.21756510213
4790.0	84.0	14.6694181409	6.1607640698
4800.0	84.0	15.1604332417	6.10396303747
4870.0	90.0	0.294651153476	4.73143052932
4880.0	90.0	0.715581372727	4.7512392927
4890.0	90.0	1.13651159198	4.77128671587
4900.0	90.0	1.55744181123	4.79109547925
4910.0	90.0	1.98679063486	4.78274238626
4920.0	90.0	2.41971736536	4.76221764348
4930.0	90.0	2.85264409586	4.74193156051
4940.0	90.0	3.29104291921	4.71639496194
4950.0	90.0	3.75154057908	4.67176557939
4960.0	90.0	4.21182777383	4.62689753704
4970.0	90.0	4.67232543369	4.5822681545
4980.0	90.0	5.15176495341	4.58895062889
4990.0	90.0	5.63120447314	4.59563310328
5000.0	90.0	6.11043352776	4.60207691787
5010.0	90.0	6.59303002413	4.61615784606
5020.0	90.0	7.08046721802	4.64121712503
5030.0	90.0	7.56790441191	4.6665150638
5040.0	90.0	8.05534160581	4.69157434277
5050.0	90.0	8.54614624145	4.69348362116
5060.0	90.0	9.03926599331	4.67988001258
5070.0	90.0	9.53217528005	4.6660377442
5080.0	90.0	10.0234008459	4.65124083662
5090.0	90.0	10.4969473426	4.62474959885
5100.0	90.0	10.9704938392	4.59825836108
5110.0	90.0	11.4440403359	4.57176712331
5120.0	90.0	11.9209542743	4.57057382431
5130.0	90.0	12.4012356545	4.59515578368
5140.0	90.0	12.8815170346	4.61949908325
5140.0	95.0	0.116597670733	7.93138112388
5150.0	90.0	13.3617984148	4.64408104262
5150.0	95.0	0.384098825067	7.97123731043
5160.0	90.0	13.8353449115	4.68250527038
5160.0	95.0	0.651599979401	8.01109349698
5170.0	90.0	14.3044716408	4.73023723032
5170.0	95.0	0.919101133735	8.05071102373
5180.0	90.0	14.7733879051	4.77796919026
5180.0	95.0	1.18639182296	8.09056721029
5180.0	96.0	13.786517006	12.1511250426
5190.0	90.0	15.2425146344	4.82570115021
5190.0	95.0	1.43116274545	8.14140174762
5190.0	96.0	13.719378636	11.6845451342
5200.0	95.0	1.64162785508	8.20894247094
5200.0	96.0	13.6478204988	11.2179652257
5210.0	95.0	1.8520929647	8.27624453446
5210.0	96.0	13.5345902698	10.7497146987
5220.0	95.0	2.06255807433	8.34378525778
5220.0	96.0	13.4211495757	10.2817028315
5230.0	95.0	2.27302318396	8.4110873213
5230.0	96.0	13.2847681847	9.84996725377
5240.0	95.0	2.43529178348	8.45595536365
5240.0	96.0	13.1250251665	9.45498528525
5250.0	95.0	2.58577433686	8.494856911
5250.0	96.0	12.9652821483	9.06000331672
5260.0	95.0	2.73604642513	8.53375845835
5260.0	96.0	12.7472402947	8.66860124519
5270.0	95.0	2.8863185134	8.57266000571
5270.0	96.0	12.4898414656	8.27982443146
5280.0	95.0	3.03680106679	8.61180021286
5280.0	96.0	12.2326531017	7.89080895793
5290.0	95.0	3.19949059653	8.63662083203
5290.0	96.0	11.8367682304	7.64689864262
5300.0	95.0	3.36386384714	8.6597708326
5300.0	96.0	11.4253089411	7.41897853389
5310.0	95.0	3.52802663265	8.68315949297
5310.0	96.0	10.9214554687	7.37864502774
5320.0	95.0	3.69239988327	8.70630949355
5320.0	96.0	10.3776136254	7.41826255449
5330.0	95.0	3.88518592369	8.69676310156
5330.0	96.0	9.83566596813	7.45143626665
5340.0	95.0	4.08512777783	8.67886361658
5340.0	96.0	9.29792761304	7.46909709183
5350.0	95.0	4.28506963198	8.6609641316
5350.0	96.0	8.75997879283	7.48675791701
5360.0	95.0	4.48501148612	8.64306464662
5360.0	96.0	8.19972067101	7.51301049498
5360.0	99.0	0.182052319826	5.21304600514
5370.0	95.0	4.65401496915	8.63542753303
5370.0	96.0	7.6245195264	7.54475224834
5370.0	99.0	0.776826719628	5.26507384148
5380.0	95.0	4.81523124312	8.63041567724
5380.0	96.0	7.04910791669	7.5767326615
5380.0	99.0	1.37160111943	5.31686301802
5390.0	95.0	4.9764475171	8.62516516164
5390.0	96.0	6.48232537647	7.62279400285
5390.0	99.0	1.96700691456	5.35290064777
5400.0	95.0	5.13766379107	8.62015330585
5400.0	96.0	5.92101492909	7.67840173618
5400.0	99.0	2.56220224458	5.38679033933
5410.0	95.0	5.29698587906	8.61418681086
5410.0	96.0	5.35991494683	7.73424812931
5410.0	99.0	3.15760803971	5.42091869069
5420.0	95.0	5.43989168849	8.60082186207
5420.0	96.0	4.81165333626	7.77887751186
5420.0	99.0	3.75280336973	5.43881817567
5430.0	95.0	5.58279749793	8.58721825349
5430.0	96.0	4.2724417254	7.81610844062
5430.0	99.0	4.34820916486	5.43189704148
5440.0	95.0	5.72591377247	8.57385330471
5440.0	96.0	3.73301964943	7.85333936937
5440.0	99.0	4.94361495999	5.42497590729
5450.0	95.0	5.86881958191	8.56024969612
5450.0	96.0	3.22201036326	7.93305174248
5450.0	99.0	5.53881029002	5.41829343289
5460.0	95.0	6.01172539134	8.54664608754
5460.0	96.0	2.7528836339	8.0762476223
5460.0	99.0	6.19188352518	5.51781456937
5470.0	95.0	5.98562771775	8.56621619111
5470.0	96.0	2.28375690455	8.21944350213
5470.0	99.0	6.85127071364	5.62926869584
5480.0	95.0	5.91701609201	8.59390072788
5480.0	96.0	1.8148406403	8.36263938196
5480.0	99.0	7.51086836721	5.74048416251
5490.0	95.0	5.84840446627	8.62182392445
5490.0	96.0	1.4431592567	8.53805433475
5490.0	99.0	8.1273206733	5.86578055736
5500.0	95.0	5.78000330565	8.64950846121
5500.0	96.0	1.0824220588	8.71704918453
5500.0	99.0	8.73893228187	5.99250891101
5510.0	95.0	5.66782540222	8.64783784262
5510.0	96.0	0.739784860334	8.89843063232
5510.0	99.0	9.35054389044	6.11947592445
5520.0	95.0	5.5122916862	8.61657340885
5520.0	96.0	0.560889517152	9.10129146207
5520.0	99.0	9.94237177871	6.23379396852
5530.0	95.0	5.35675797019	8.58554763489
5530.0	96.0	0.38199417397	9.30415229183
5530.0	99.0	10.5255705975	6.34286149698
5540.0	95.0	5.20122425418	8.55428320113
5540.0	96.0	0.203098830789	9.50701312159
5540.0	99.0	11.1089798814	6.45192902545
5550.0	95.0	5.04569053816	8.52325742717
5550.0	96.0	0.0242034876069	9.70987395134
5550.0	99.0	11.6991240488	6.53283469756
5560.0	95.0	4.90488937982	8.55476052073
5560.0	99.0	12.3164182153	6.50109294419
5570.0	95.0	4.76598240747	8.59294608868
5570.0	99.0	12.9337123818	6.46935119083
5580.0	95.0	4.62686497001	8.63137031644
5580.0	99.0	13.5453239904	6.4108795399
5590.0	95.0	4.48774753255	8.66979454419
5590.0	99.0	14.1331530416	6.2462042781
5600.0	95.0	4.34863009508	8.70821877194
5600.0	99.0	14.7209820928	6.0817676761
5610.0	95.0	4.20383009966	8.72564093732
5610.0	99.0	15.3088111439	5.9170924143
5620.0	95.0	4.045139407	8.69437650356
5630.0	95.0	3.88644871435	8.66287341
5640.0	95.0	3.72754755658	8.63160897624
5650.0	95.0	3.56885686392	8.60034454247
5660.0	95.0	3.41016617126	8.56908010871
5670.0	95.0	3.25273826926	8.53351979855
5680.0	95.0	3.09951966946	8.48149196222
5690.0	95.0	2.94651153476	8.42946412588
5700.0	95.0	2.79350340006	8.37743628954
5710.0	95.0	2.64028480025	8.3254084532
5720.0	95.0	2.48727666555	8.27314195707
5730.0	95.0	2.33321620531	8.25237855449
5740.0	95.0	2.17873481484	8.2449801007
5750.0	95.0	2.02404295927	8.23758164691
5760.0	95.0	1.8695615688	8.22994453332
5770.0	95.0	1.71486971323	8.22254607953
5780.0	95.0	1.56038832276	8.21514762574
5790.0	95.0	1.41285228092	8.20989711014
5800.0	95.0	1.28173251762	8.20989711014
5810.0	95.0	1.15061275432	8.20989711014
5820.0	95.0	1.01949299103	8.20989711014
5830.0	95.0	0.888373227729	8.20989711014
5840.0	95.0	0.757253464433	8.20989711014
5850.0	95.0	0.665701141746	8.20225999655
5860.0	95.0	0.732208116387	8.164790408
5870.0	95.0	0.798715091029	8.12708215964
5880.0	95.0	0.865222065671	8.08937391129
5890.0	95.0	0.931518575203	8.05166566293
5900.0	95.0	0.998025549844	8.01395741458
5910.0	95.0	1.11588601123	7.99987648639
5920.0	95.0	1.28509995937	8.00918421858
5930.0	95.0	1.45431390751	8.01849195077
5940.0	95.0	1.62352785565	8.02779968296
5950.0	95.0	1.79274180379	8.03710741515
5960.0	95.0	1.97837203048	8.06049607552
5970.0	95.0	2.18883714011	8.10488679827
5980.0	95.0	2.39930224973	8.14951618082
5990.0	95.0	2.60976735936	8.19390690356
6000.0	95.0	2.81454991102	8.23614968811
6010.0	95.0	2.9692417666	8.26049298768
6020.0	95.0	3.12393362217	8.28483628725
6020.0	106.0	14.9777495265	4.44217485207
