230.0	4.0	15.2940785863	9.09723424548
240.0	4.0	14.6149076775	9.1623883708
250.0	4.0	13.9357367687	9.22754249612
260.0	4.0	13.2403600465	9.33828064319
270.0	4.0	12.5291984411	9.494602812
280.0	4.0	11.8180368357	9.65092498081
290.0	4.0	11.1394973223	9.85092189297
300.0	4.0	10.4828461802	10.0800353007
310.0	4.0	9.82956247995	10.3074780898
320.0	4.0	9.20595436013	10.5196466518
330.0	4.0	8.58234624031	10.7318152137
340.0	4.0	7.94716253946	10.9131966615
350.0	4.0	7.29472069962	11.0482781081
360.0	4.0	6.64227885978	11.1835982146
370.0	4.0	6.00393818229	11.3155770838
380.0	4.0	5.38643355065	11.4430214169
390.0	4.0	4.76913938411	11.5702270901
400.0	4.0	4.1413219621	11.6928982272
410.0	4.0	3.49793012198	11.8088868898
420.0	4.0	2.85453828185	11.9248755525
430.0	4.0	2.21114644173	12.0406255553
440.0	4.0	1.57301622934	12.1628193728
450.0	4.0	0.935727877395	12.2854905098
460.0	4.0	0.298229060339	12.4081616469
470.0	4.0	-0.339059291607	12.5310714438
500.0	6.0	15.0046890605	9.01441929498
510.0	6.0	14.5761820973	8.98052960342
520.0	6.0	14.1476751341	8.94640125206
530.0	6.0	13.7118018921	8.92181929269
540.0	6.0	13.2645635341	8.9120342409
550.0	6.0	12.8173251762	8.90201052931
560.0	6.0	12.3288356568	9.00439558339
570.0	6.0	11.8401356722	9.10654197767
580.0	6.0	11.3564868503	9.19651672216
590.0	6.0	10.8919903533	9.23780486751
600.0	6.0	10.4274938564	9.27885435306
610.0	6.0	9.9661543361	9.3256316738
620.0	6.0	9.51239155974	9.38529662373
630.0	6.0	9.05862878339	9.44496157366
640.0	6.0	8.60507647215	9.51011569898
650.0	6.0	8.15510206777	9.62538838224
660.0	6.0	7.70512766339	9.7406610655
670.0	6.0	7.25346953813	9.85163787237
680.0	6.0	6.79507652937	9.94519251386
680.0	9.0	15.1147623129	9.12730538024
690.0	6.0	6.3364730555	10.0389858151
690.0	9.0	14.4496925665	9.26095486808
700.0	6.0	5.88986609287	10.123710044
700.0	9.0	13.78462282	9.39460435592
710.0	6.0	5.46114866456	10.1943533448
710.0	9.0	13.1264984222	9.53350435935
720.0	6.0	5.03243123626	10.2649966455
720.0	9.0	12.4788972799	9.68051879598
730.0	6.0	4.57972078545	10.3642791222
730.0	9.0	11.8312961376	9.8272945728
740.0	6.0	4.11669754428	10.4754945888
740.0	9.0	11.1643322052	9.89340333732
750.0	6.0	3.6536743031	10.5869487153
750.0	9.0	10.4925275753	9.93922601887
760.0	6.0	3.17591850425	10.6816966558
760.0	9.0	9.81924968958	9.9934017934
770.0	6.0	2.69184875211	10.7690461425
770.0	9.0	9.13986831571	10.0800353007
780.0	6.0	2.20777899997	10.856634289
780.0	9.0	8.46069740695	10.1669074678
790.0	6.0	1.76790692085	10.9890904778
790.0	9.0	7.82930207807	10.2996023164
800.0	6.0	1.3469767016	11.1411167702
800.0	9.0	7.19790674919	10.4320585053
810.0	6.0	0.926046482352	11.2929044028
810.0	9.0	6.55640909505	10.5850394369
820.0	6.0	0.50048603069	11.4158141997
820.0	9.0	5.89091841842	10.7850363491
830.0	6.0	0.0677697652994	11.4955265728
830.0	9.0	5.22563820689	10.985271921
840.0	9.0	4.56583008822	11.1857461528
850.0	9.0	3.92769987583	11.3871750237
860.0	9.0	3.28978012856	11.5883652349
870.0	9.0	2.65186038128	11.7897941058
880.0	9.0	2.03519761008	11.956378646
890.0	9.0	1.41853483888	12.1227245264
890.0	13.0	15.1113948711	8.75881464948
900.0	9.0	0.801661602564	12.2893090666
900.0	13.0	14.494942565	8.77575949526
910.0	9.0	0.184998831361	12.4558936068
910.0	13.0	13.878700724	8.79294300084
920.0	13.0	13.2548821391	8.83279918739
930.0	13.0	12.6018089039	8.96453939684
940.0	13.0	11.9485252037	9.09627960628
950.0	13.0	11.2979775498	9.2461579605
960.0	13.0	10.6529019888	9.43851775907
960.0	14.0	8.76713460656	7.02709914276
960.0	15.0	8.97970436728	6.54906356394
970.0	13.0	10.0080368929	9.63111621744
970.0	14.0	8.32263229503	7.05382904033
970.0	15.0	8.64590670342	6.51421923318
980.0	13.0	9.36190900636	9.81727086121
980.0	14.0	7.87834044861	7.0803202781
980.0	15.0	8.31231950466	6.47937490242
990.0	13.0	8.71199274784	9.97884354562
990.0	14.0	7.43404860219	7.10681151587
990.0	15.0	7.9787323059	6.44429191186
1000.0	13.0	8.06207648932	10.1401775702
1000.0	14.0	6.89231141002	7.09225326808
1000.0	15.0	7.55822301687	6.40562902431
1010.0	13.0	7.41216023079	10.3017502546
1010.0	14.0	6.32637073023	7.06767130871
1010.0	15.0	6.93524629238	6.35789706437
1020.0	13.0	6.75761373986	10.3852811845
1020.0	14.0	5.76021958534	7.04285068954
1020.0	15.0	6.31226956789	6.31016510442
1030.0	13.0	6.10180445826	10.4497193305
1030.0	14.0	5.22332309069	7.06337543232
1030.0	15.0	5.70065795932	6.23928314391
1040.0	13.0	5.44473238601	10.5346822192
1040.0	14.0	4.68958357268	7.08915069069
1040.0	15.0	5.09178239717	6.1624346884
1050.0	13.0	4.78218822091	10.7024600583
1050.0	14.0	4.16447312416	7.11802852645
1050.0	15.0	4.48290683502	6.08582489269
1060.0	13.0	4.11964405581	10.8704765573
1060.0	14.0	3.71723476621	7.17769347638
1060.0	15.0	3.86898011025	6.05599241773
1070.0	13.0	3.46488709977	11.0074672824
1070.0	14.0	3.26999640825	7.23735842631
1070.0	15.0	3.25526385058	6.02615994276
1080.0	13.0	2.81791735278	11.1136708933
1080.0	14.0	2.92314990759	7.34189141858
1080.0	15.0	2.67943131064	6.04716200514
1090.0	13.0	2.17094760579	11.2196358443
1090.0	14.0	2.61902782418	7.46551719484
1090.0	15.0	2.12885458386	6.10229241887
1100.0	13.0	1.49956390608	11.3423069814
1100.0	14.0	2.31511620588	7.58938163089
1100.0	15.0	1.57848832219	6.15742283261
1110.0	13.0	0.822076718197	11.469035335
1110.0	15.0	1.1786046139	6.22902077252
1120.0	13.0	0.144589530313	11.5960023485
1120.0	15.0	0.778720905614	6.30061871244
1140.0	21.0	1.13588019665	7.65238781801
1150.0	21.0	1.55154878816	7.80536874963
1160.0	19.0	12.2421240316	7.49105379341
1160.0	21.0	1.96700691456	7.95834968124
1170.0	19.0	11.8912786938	7.51993162917
1170.0	21.0	2.38267550607	8.11133061286
1180.0	19.0	11.5404333561	7.54880946494
1180.0	21.0	2.81328712036	8.26717546207
1190.0	19.0	11.1897984835	7.5779259605
1190.0	21.0	3.30430222112	8.43423732187
1200.0	19.0	10.762764776	7.63353369383
1200.0	20.0	11.9906182256	8.161210511
1200.0	21.0	3.79531732188	8.60129918167
1210.0	19.0	10.2852194423	7.70680225235
1210.0	20.0	11.4349903362	8.27576721486
1210.0	21.0	4.28128126	8.75380279369
1220.0	19.0	9.80767410855	7.78030947066
1220.0	20.0	10.8793624468	8.39032391873
1220.0	21.0	4.7470405476	8.84783475478
1230.0	19.0	9.16786017529	7.96169091844
1230.0	20.0	10.3580403702	8.4927089728
1230.0	21.0	5.2125893701	8.94186671586
1240.0	19.0	8.52804624203	8.14307236622
1240.0	20.0	9.85124038624	8.59008217109
1240.0	21.0	5.67813819259	9.03589867695
1250.0	19.0	7.99220207292	8.44091979627
1250.0	20.0	9.34465086737	8.68721670957
1250.0	21.0	6.233766082	9.17957187638
1260.0	19.0	7.56011720286	8.85547186837
1260.0	20.0	8.7658718159	8.73494866951
1260.0	21.0	6.74014513576	9.30892548782
1270.0	19.0	7.02048466178	9.17145744319
1270.0	20.0	8.18709276443	8.78268062945
1270.0	21.0	7.1084590776	9.39245641772
1280.0	19.0	6.40908351832	9.42133425349
1280.0	20.0	7.68387068732	8.82420743461
1280.0	21.0	7.50350208837	9.48505642001
1290.0	19.0	5.7745312128	9.67574559998
1290.0	20.0	7.18043814509	8.86573423976
1290.0	21.0	7.9610532367	9.59937446407
1300.0	19.0	5.11682774522	9.93421416307
1300.0	20.0	6.66648234739	8.96764197423
1300.0	21.0	8.41860438502	9.71345384834
1310.0	19.0	4.46501730071	10.1972172624
1310.0	20.0	6.14789631727	9.09556362688
1310.0	21.0	8.798704373	9.71345384834
1310.0	23.0	14.9392344114	5.15505167381
1320.0	19.0	3.86603359871	10.5000765482
1320.0	20.0	5.62909982204	9.22324661973
1320.0	21.0	9.1790148261	9.71345384834
1320.0	23.0	14.4997832625	5.15505167381
1330.0	19.0	3.26704989672	10.802935834
1330.0	20.0	5.05453007277	9.4079693047
1330.0	21.0	9.55911481408	9.71345384834
1330.0	23.0	14.0603321136	5.15505167381
1340.0	19.0	2.67648479911	11.0141497568
1340.0	20.0	4.4736463702	9.59889714447
1340.0	21.0	9.80620085278	9.61727394905
1340.0	23.0	13.6208809647	5.15505167381
1350.0	19.0	2.09412784077	11.1334796566
1350.0	20.0	3.91465103903	9.7475821997
1350.0	21.0	10.0385543338	9.51011569898
1350.0	23.0	13.1763786532	5.1662686844
1360.0	19.0	1.51177088244	11.2528095565
1360.0	20.0	3.38848826497	9.83278374819
1360.0	21.0	10.2706973497	9.40319610871
1360.0	23.0	12.730613551	5.18034961258
1370.0	19.0	0.959720899892	11.3745260543
1370.0	20.0	2.86232549091	9.91798529669
1370.0	23.0	12.285058914	5.19443054076
1380.0	19.0	0.437767428021	11.4986291502
1380.0	20.0	2.32963829844	10.02132499
1380.0	23.0	11.8491856719	5.18941868497
1390.0	19.0	-0.0841860438502	11.622732246
1390.0	20.0	1.79253133868	10.1363590134
1390.0	23.0	11.4282554527	5.15648363261
1400.0	20.0	1.25563484403	10.2516316967
1400.0	23.0	11.0073252334	5.12330992045
1410.0	20.0	0.739574395224	10.3924409785
1410.0	23.0	10.5863950142	5.09013620829
1420.0	20.0	0.232563946136	10.5444672709
1420.0	23.0	10.1823020037	5.03094857796
1430.0	20.0	-0.274656968061	10.6962549036
1430.0	23.0	9.78241829539	4.96531713304
1440.0	23.0	9.38253458711	4.89968568812
1450.0	23.0	8.98265087882	4.8340542432
1460.0	23.0	8.57897879856	4.76699083948
1470.0	23.0	8.17404392764	4.69968877596
1480.0	23.0	7.76931952183	4.63238671244
1490.0	23.0	7.36459511602	4.56508464892
1500.0	23.0	6.91041140944	4.53024031816
1510.0	23.0	6.45075561002	4.4987372246
1520.0	23.0	5.9910998106	4.46723413104
1530.0	23.0	5.53460098782	4.43716299627
1540.0	23.0	5.10798821061	4.4178315525
1550.0	23.0	4.6813754334	4.39850010872
1560.0	23.0	4.25476265619	4.37916866494
1560.0	28.0	0.844175554708	7.50895327838
1570.0	23.0	3.82814987898	4.35721196337
1570.0	28.0	1.04895810637	7.35191513017
1580.0	23.0	3.40153710177	4.331436705
1580.0	28.0	1.25395112315	7.19487698196
1590.0	23.0	2.97492432456	4.30566144663
1590.0	28.0	1.45894413992	7.03783883375
1600.0	23.0	2.54831154735	4.27964752846
1600.0	28.0	1.66372669159	6.88103934534
1610.0	23.0	2.13558946737	4.30255886923
1610.0	28.0	1.96721737967	6.75980016708
1620.0	23.0	1.72854994535	4.34647227238
1620.0	28.0	2.29533248558	6.64739140142
1630.0	23.0	1.32172088845	4.39014701573
1630.0	28.0	2.62344759148	6.53498263575
1640.0	23.0	0.914891831542	4.43382175908
1640.0	28.0	2.96755804572	6.47555634563
1650.0	23.0	0.507852309526	4.47773516222
1650.0	28.0	3.33587198756	6.4956037688
1660.0	23.0	0.10102325262	4.52140990557
1660.0	28.0	3.70418592941	6.51541253218
1670.0	28.0	4.07249987125	6.53522129555
1680.0	28.0	4.50774171796	6.5786573791
1690.0	28.0	4.95961030833	6.62782129784
1700.0	28.0	5.41147889869	6.67674655678
1710.0	28.0	5.83767074568	6.69440738196
1720.0	28.0	6.22576840783	6.664574907
1730.0	28.0	6.61386606998	6.63474243203
1740.0	28.0	6.98407419781	6.5755548017
1750.0	28.0	7.28272418837	6.39846923032
1760.0	28.0	7.58158464404	6.22138365893
1770.0	28.0	7.8802346346	6.04429808754
2110.0	34.0	15.2614564943	8.65404299741
2120.0	34.0	14.3006832688	8.82015021801
2130.0	34.0	13.3399100434	8.98601877881
2140.0	34.0	12.3980786778	9.160956412
2150.0	34.0	11.4751891721	9.34448579798
2160.0	34.0	10.5522996664	9.52801518396
2170.0	34.0	9.61909737033	9.64949302201
2180.0	34.0	8.68463228359	9.76404972588
2190.0	34.0	7.76700440562	9.89388065692
2200.0	34.0	6.87463234081	10.0466229287
2210.0	34.0	5.982260276	10.1993652006
2220.0	34.0	5.12798239603	10.363324483
2230.0	34.0	4.27812428336	10.5284770644
2240.0	34.0	3.42531965916	10.7010280996
2250.0	34.0	2.56599061655	10.8898080011
2260.0	34.0	1.70645110884	11.0788265625
2270.0	34.0	0.799767416577	11.2647425465
2280.0	34.0	-0.11217790343	11.4504198707
2440.0	41.0	15.2806088193	9.02134042917
2450.0	41.0	14.5063076809	9.02134042917
2460.0	41.0	13.7320065426	9.02134042917
2470.0	41.0	12.9579158694	9.02134042917
2480.0	41.0	12.150782174	9.19627806236
2490.0	41.0	11.3400705717	9.39078579912
2500.0	41.0	10.5354624576	9.59818116508
2510.0	41.0	9.75505783114	9.85664972817
2520.0	41.0	8.97465320465	10.1151182913
2530.0	41.0	8.2258183446	10.3807466483
2540.0	41.0	7.48498115872	10.648045624
2550.0	41.0	6.75845560029	10.9337214043
2560.0	41.0	6.06581492452	11.2618786289
2570.0	41.0	5.37296378363	11.5900358535
2570.0	42.0	14.6942530238	8.64926980142
2580.0	41.0	4.72031147868	11.8890765825
2580.0	42.0	13.9864588602	8.57337598511
2590.0	41.0	4.07207894103	12.1850147342
2590.0	42.0	13.2668786504	8.55595381973
2600.0	41.0	3.44110454238	12.498613711
2600.0	42.0	12.5207798367	8.67528371958
2610.0	41.0	2.8360173522	12.8387039256
2610.0	42.0	11.7734182325	8.79389764004
2620.0	41.0	2.23093016203	13.1787941402
2620.0	42.0	11.0157438378	8.90511310671
2630.0	41.0	1.62584297186	13.5188843548
2630.0	42.0	10.2580694431	9.01656723317
2640.0	41.0	1.02075578168	13.8589745694
2640.0	42.0	9.50376249025	9.12539610184
2650.0	42.0	8.77976251314	9.21131362974
2660.0	42.0	8.05576253603	9.29723115764
2670.0	42.0	7.31724046635	9.39532033532
2680.0	42.0	6.56882653652	9.50128528639
2690.0	42.0	5.8206230718	9.60748889726
3110.0	51.0	14.7830693001	8.32922701
3120.0	51.0	13.6057274769	7.97672648582
3130.0	51.0	12.602019369	7.16886306379
3140.0	51.0	11.7439531171	6.95597852245
3150.0	51.0	11.0433147672	6.93927233647
3160.0	51.0	10.4365438561	7.00967697738
3170.0	51.0	10.4232845542	7.14189450642
3180.0	51.0	10.4759008316	7.28103316966
3190.0	51.0	10.8017008213	7.50680534019
3200.0	51.0	11.4282554527	7.68794812817
3210.0	51.0	12.1648833364	7.34475533618
3220.0	51.0	12.732507737	7.17984141458
3230.0	51.0	13.1873228389	7.13354141344
3240.0	51.0	13.6421379408	7.08748007209
3250.0	51.0	13.964991419	7.1612259502
3260.0	51.0	14.1556728083	7.35525636737
3270.0	51.0	14.3465646627	7.54904812474
3280.0	51.0	14.5372460521	7.7430785419
3520.0	55.0	0.131540693516	11.0396863553
3530.0	55.0	0.815552299799	10.9375399611
3540.0	55.0	1.49956390608	10.835154907
3550.0	55.0	2.18126039616	10.7418389253
3560.0	55.0	2.85727432828	10.669525006
3570.0	55.0	3.53328826039	10.5972110867
3580.0	55.0	4.20930219251	10.5248971674
3590.0	55.0	4.88826263616	10.4401729385
3600.0	55.0	5.56722307981	10.3554487096
3610.0	55.0	6.24597305836	10.2707244807
3620.0	55.0	6.88220908475	10.2022291182
3630.0	55.0	7.51360441363	10.1354043742
3640.0	55.0	8.12479509198	10.0876724143
3650.0	55.0	8.70567879455	10.0685796303
3660.0	55.0	9.28656249712	10.0494868463
3670.0	55.0	9.84008573543	10.0062894226
3680.0	55.0	10.3904519971	9.96046674104
3690.0	55.0	10.9477636074	9.87884508954
3700.0	55.0	11.521070566	9.71416982774
3710.0	55.0	12.0945879897	9.54973322573
3720.0	55.0	12.6874682036	9.36787445835
3730.0	55.0	13.3096030676	9.1604790924
3740.0	55.0	13.9327902572	8.96286877824
3750.0	55.0	14.5641855861	8.85427856937
3760.0	55.0	15.195580915	8.7456883605
3840.0	58.0	14.6574216297	9.51560487437
3850.0	58.0	13.8906972353	9.67765487838
3860.0	58.0	13.1239728409	9.83970488239
3870.0	58.0	12.4250182119	9.93516880227
3880.0	58.0	11.7711031162	9.98624199941
3890.0	58.0	11.1169775555	10.0373151965
3900.0	58.0	10.4359124608	10.0623744755
3910.0	58.0	9.74769155231	10.0805126203
3920.0	58.0	9.05505087653	10.1198914872
3930.0	58.0	8.3438892711	10.2435172635
3940.0	58.0	7.63272766568	10.36690438
3950.0	58.0	6.9137788512	10.5129641774
3960.0	58.0	6.17715096751	10.7117677905
3990.0	62.0	3.37859640482	7.15549811501
4000.0	62.0	3.68819058108	7.43640069927
4010.0	62.0	3.99757429223	7.71706462373
4020.0	62.0	4.30716846849	7.997967208
4030.0	62.0	4.73630682701	8.27839247266
4040.0	62.0	5.28541029803	8.55857907752
4050.0	62.0	5.8292521413	8.8304125894
4060.0	62.0	6.35162654339	9.06907238911
4070.0	62.0	6.87421141059	9.30773218882
4080.0	62.0	7.38985092917	9.54352807094
4090.0	62.0	7.88991602964	9.77216415907
4100.0	62.0	8.389770665	10.0008002472
4110.0	62.0	8.80207181476	10.3599832458
4120.0	62.0	9.20469156947	10.7334858323
4130.0	62.0	9.57237411599	10.9676110958
4140.0	62.0	9.91669503534	11.1084203777
4150.0	62.0	10.2742752566	11.1494698632
4160.0	62.0	10.6512182679	11.0399250151
4170.0	62.0	11.0283717444	10.9306188269
4180.0	62.0	11.1839054604	10.5986430455
4190.0	62.0	11.3394391764	10.2664286043
4200.0	62.0	11.3063961542	9.99984560799
4210.0	62.0	11.1923240648	9.76118580828
4220.0	62.0	11.0784624405	9.52252600857
4220.0	64.0	2.29406969492	11.3401590432
4230.0	64.0	2.92546502379	11.1396848114
4240.0	64.0	3.55686035267	10.9392105797
4250.0	64.0	4.18025800738	10.7069945945
4260.0	64.0	4.79860449946	10.4532992274
4270.0	64.0	5.41674052643	10.1998425202
4280.0	64.0	6.03129864654	9.9077229253
4290.0	64.0	6.64017420869	9.55832497852
4300.0	64.0	7.24904977083	9.20892703174
4310.0	64.0	7.88591719256	8.92038733389
4320.0	64.0	8.54172647415	8.67241980199
4330.0	64.0	9.19732529064	8.42469092988
4340.0	64.0	9.80893689921	8.42469092988
4350.0	64.0	10.4207589729	8.42469092988
4360.0	64.0	11.0323705815	8.42469092988
4370.0	64.0	11.6949147466	8.4962888698
4380.0	64.0	12.3700868182	8.58578629469
4390.0	64.0	13.0526251688	8.60010588267
4400.0	64.0	13.7458972399	8.50201670499
4410.0	64.0	14.439169311	8.40368886751
4420.0	64.0	15.1324413821	8.30536103003
4510.0	69.0	9.42820551589	13.0472925905
4520.0	69.0	9.37432644783	12.7902559862
4530.0	69.0	9.32044737977	12.533219382
4530.0	72.0	7.18191140086	7.59367750728
4540.0	69.0	9.26635784659	12.2761827777
4540.0	72.0	6.9880730349	7.92660792788
4550.0	69.0	9.23941831256	11.988597719
4550.0	72.0	6.79423466893	8.25953834848
4560.0	69.0	9.23941831256	11.670464206
4560.0	71.0	14.9701727826	8.59628732588
4560.0	72.0	6.60039630297	8.59246876908
4570.0	69.0	9.23941831256	11.352330693
4570.0	71.0	13.9778297907	8.64187134762
4570.0	72.0	6.31584747475	8.93780949927
4580.0	69.0	9.24531133563	11.0368224377
4580.0	71.0	12.9856972639	8.68721670957
4580.0	72.0	5.94100911451	9.29579919884
4590.0	69.0	9.27435552076	10.7322925333
4590.0	71.0	12.0291333406	8.78482856765
4590.0	72.0	5.56617075427	9.65378889841
4600.0	69.0	9.30318924078	10.4277626289
4600.0	71.0	11.0723589523	8.88244042574
4600.0	72.0	5.1580789067	9.98695797881
4610.0	69.0	9.32360435641	10.1215621058
4610.0	71.0	10.1402089818	8.98792805721
4610.0	72.0	4.67232543369	10.2623713877
4620.0	69.0	9.32360435641	9.81130436622
4620.0	71.0	9.21416249941	9.09532496708
4620.0	72.0	4.18657196067	10.5377847965
4630.0	69.0	9.30339970589	9.47908992502
4630.0	71.0	8.29421950523	9.30773218882
4630.0	72.0	3.67261616297	10.7680915033
4640.0	69.0	9.23562994059	9.09556362688
4640.0	71.0	7.37574976683	9.54639198854
4640.0	72.0	3.1464533889	10.979305426
4650.0	69.0	9.1680706404	8.71203732874
4650.0	71.0	6.52736490993	9.85999096536
4650.0	72.0	2.62071154506	11.1816889362
4660.0	69.0	9.12324157205	8.3308976286
4660.0	71.0	5.72570330736	10.2237085001
4660.0	72.0	2.09875807319	11.305792032
4670.0	69.0	9.10156366576	7.95238318625
4670.0	71.0	4.92130565837	10.5580708795
4670.0	72.0	1.57680460131	11.4298951279
4680.0	69.0	9.07967529435	7.57363008411
4680.0	71.0	4.11459289318	10.8630781036
4680.0	72.0	1.1259883365	11.5272683262
4690.0	69.0	9.08009622457	7.19225172416
4690.0	71.0	3.36133826583	11.2296595559
4690.0	72.0	0.722526721344	11.6067420395
4700.0	69.0	9.09503924736	6.80872542603
4700.0	71.0	2.63081387032	11.622732246
4700.0	72.0	0.319275571302	11.6864544126
4710.0	69.0	9.11019273525	6.42496046809
4710.0	71.0	1.93627900855	11.9449229757
4710.0	72.0	-0.0841860438502	11.7659281259
4720.0	69.0	9.14681366433	5.9970434472
4720.0	71.0	1.24174414679	12.2671137053
4730.0	69.0	9.18890668625	5.55790941573
4730.0	71.0	0.465548822492	12.5356059799
4740.0	69.0	9.22594854554	5.13762950843
4740.0	71.0	-0.310436036698	12.8040982546
4750.0	69.0	9.25162528892	4.76174032388
4760.0	69.0	9.27709156718	4.38561247953
4770.0	69.0	9.30255784545	4.00948463519
4780.0	69.0	9.17312180303	3.59636452188
4790.0	69.0	9.0434752955	3.18324440858
4800.0	69.0	8.92224739236	2.7517474907
4810.0	69.0	8.81301600046	2.29208871645
4820.0	69.0	8.70399507367	1.8324299422
4830.0	69.0	8.58887065871	1.37993096194
4840.0	69.0	8.47122066243	0.930773218882
4850.0	69.0	8.35357066615	0.481615475822
4860.0	69.0	8.23592066987	0.0322190729613
4890.0	81.0	6.31205910278	3.97917484062
4900.0	81.0	6.09191259811	4.54312794735
4910.0	79.0	0.0841860438502	8.32922701
4910.0	81.0	5.87197655855	5.10731971387
4920.0	79.0	0.538369750422	8.32922701
4920.0	81.0	5.77853004988	5.70850374935
4930.0	79.0	1.00013020094	8.3246924738
4930.0	81.0	5.6848730761	6.30944912502
4940.0	79.0	1.53008134698	8.28054041086
4940.0	81.0	5.53923122023	6.87889140714
4950.0	79.0	2.06024295812	8.23638834791
4950.0	81.0	5.27215099612	7.37458781115
4960.0	79.0	2.58177549978	8.17815535678
4960.0	81.0	5.005070772	7.87028421515
4960.0	83.0	15.153487893	8.93279764347
4970.0	79.0	3.09025920463	8.09844298368
4970.0	81.0	4.66706380595	8.40321154791
4970.0	83.0	14.5220925642	9.01799919197
4980.0	79.0	3.5989533746	8.01896927037
4980.0	81.0	4.2987498641	8.95212908725
4980.0	83.0	13.8906972353	9.10320074047
4990.0	79.0	4.15521265934	7.87410277195
4990.0	81.0	3.93443475934	9.30248167323
4990.0	83.0	13.2593019064	9.18840228897
5000.0	79.0	4.71147194408	7.72923627352
5000.0	81.0	3.57201384056	9.56763271071
5000.0	83.0	12.5978100669	9.29914043603
5010.0	79.0	5.27004634502	7.59105224949
5010.0	81.0	3.10288711121	9.79364354104
5010.0	83.0	11.9363182273	9.4101172429
5020.0	79.0	5.83830214101	7.47959812302
5020.0	81.0	2.57672433715	9.97836622602
5020.0	83.0	11.2824031317	9.54138013274
5030.0	79.0	6.406557937	7.36814399655
5030.0	81.0	2.00552202962	10.126096642
5030.0	83.0	10.6581636165	9.75545797309
5040.0	79.0	6.97334047722	7.2490527565
5040.0	81.0	1.44105460561	10.2210832423
5040.0	83.0	10.0341345665	9.96929715363
5050.0	79.0	7.53465092459	7.09869708268
5050.0	81.0	0.886689506852	10.2368347891
5050.0	83.0	9.40084505164	10.1721579834
5060.0	79.0	8.09596137197	6.94858006866
5060.0	81.0	0.332534873208	10.2528249957
5060.0	83.0	8.7460880956	10.349004895
5070.0	79.0	8.65137879627	6.84261511758
5070.0	81.0	-0.221619760436	10.2688152023
5070.0	83.0	8.09112067444	10.5258518066
5080.0	79.0	9.20132412772	6.78104088926
5080.0	83.0	7.46309278732	10.6490002632
5080.0	85.0	-0.155323250904	10.5248971674
5090.0	79.0	9.75126945917	6.71946666093
5090.0	83.0	6.85274396941	10.7365884097
5090.0	85.0	0.432295335171	10.365711081
5100.0	79.0	10.3047926975	6.6593243914
5100.0	83.0	6.24239515149	10.8239378964
5100.0	85.0	1.01991392125	10.2067636543
5110.0	79.0	10.8635775635	6.60180737967
5110.0	83.0	5.60489633444	10.9525755284
5110.0	85.0	1.59637785651	10.0401791141
5120.0	79.0	11.4223624296	6.54429036794
5120.0	83.0	4.94908705284	11.1086590375
5120.0	85.0	2.14674411818	9.85664972817
5130.0	79.0	11.9941961324	6.47126046923
5130.0	83.0	4.29348823636	11.2647425465
5130.0	85.0	2.69711037985	9.67312034219
5140.0	79.0	12.578868207	6.38271768354
5140.0	83.0	3.64651848937	11.3795379101
5140.0	85.0	3.23884757203	9.44472291386
5150.0	79.0	13.1633298164	6.29441355764
5150.0	83.0	2.99954874238	11.4945719336
5150.0	85.0	3.77658592712	9.19723270156
5160.0	79.0	13.7637867742	6.20276819455
5160.0	83.0	2.35089527452	11.6055487405
5160.0	85.0	4.31453474732	8.94974248925
5170.0	79.0	14.3680321039	6.11040685206
5170.0	83.0	1.69845343468	11.7069791553
5170.0	85.0	4.78113589536	8.68005691558
5180.0	79.0	14.9722774337	6.01804550957
5180.0	83.0	1.04601159484	11.8084095702
5180.0	85.0	5.24794750851	8.4101326821
5190.0	83.0	0.393569755	11.9098399851
5190.0	85.0	5.619418427	8.02684504376
5200.0	83.0	-0.258872084839	12.0112704
5200.0	85.0	5.95005911422	7.59510946608
5210.0	85.0	6.03424515807	7.19726357996
5220.0	85.0	5.95405795131	6.82232903461
5230.0	85.0	5.87408120965	6.44715582946
5230.0	87.0	5.09788588535	11.2179652257
5240.0	87.0	5.61247307838	11.1559136778
5250.0	87.0	6.12684980631	11.0941007897
5260.0	87.0	6.64143699934	11.0322879016
5270.0	87.0	7.14865791354	10.9320507857
5270.0	90.0	15.2418832391	7.44332183346
5280.0	87.0	7.6550369673	10.8277564532
5280.0	90.0	14.4842088444	7.5769713213
5290.0	87.0	8.16141602106	10.7232234609
5290.0	90.0	13.7265344498	7.71062080914
5300.0	87.0	8.68442181848	10.6363512938
5300.0	90.0	12.9814879617	7.84999813217
5310.0	87.0	9.21437296452	10.5566389207
5310.0	90.0	12.265906589	8.00274040399
5320.0	87.0	9.74453457566	10.4771652074
5320.0	90.0	11.5503252162	8.15548267581
5330.0	87.0	10.2618578151	10.3876677825
5330.0	90.0	10.8631566333	8.332806907
5340.0	87.0	10.7793915197	10.2981703576
5340.0	90.0	10.1833543292	8.51657495277
5350.0	87.0	11.2971356894	10.1688167462
5350.0	90.0	9.50102644383	8.67934093618
5360.0	87.0	11.8150903242	10.0127332372
5360.0	90.0	8.8094380936	8.75881464948
5370.0	87.0	12.3332554241	9.85664972817
5370.0	90.0	8.11216718541	8.84091362059
5380.0	87.0	12.8594181981	9.66381261
5380.0	90.0	7.36733116244	8.94592393246
5390.0	87.0	13.3855809722	9.47121415163
5390.0	90.0	6.63638583671	9.04639970814
5400.0	87.0	13.8976425839	9.29174198224
5400.0	90.0	5.91659516179	9.164536309
5410.0	87.0	14.3888681498	9.13279455563
5410.0	90.0	5.22395448602	9.32372239541
5420.0	87.0	14.8798832505	8.97360846923
5420.0	90.0	4.53110334513	9.48266982201
5430.0	87.0	15.3708983513	8.81442238282
5430.0	90.0	3.84309290176	9.64901570241
5440.0	90.0	3.15550338862	9.81607756221
5450.0	90.0	2.46812434058	9.98313942201
5460.0	90.0	1.80999994278	10.1747832412
5470.0	90.0	1.15524298673	10.3692909779
5480.0	90.0	0.505116263101	10.5683332509
5490.0	90.0	-0.126279065775	10.7852750089
5660.0	95.0	0.0311488362246	12.3298812326
5670.0	95.0	0.506589518869	12.1353734958
5680.0	95.0	0.982240666622	11.9408657591
5690.0	95.0	1.4585232097	11.7518471977
5700.0	95.0	1.94175110141	11.6103219365
5710.0	95.0	2.42497899311	11.469035335
5720.0	95.0	2.93746153504	11.326078115
5730.0	95.0	3.49372081978	11.1812116166
5740.0	95.0	4.04998010452	11.0363451181
5750.0	95.0	4.59508473845	10.9146286203
5760.0	95.0	5.13303355866	10.8086636692
5770.0	95.0	5.67077191375	10.7024600583
5780.0	95.0	6.17231026999	10.5552069619
5790.0	95.0	6.66984978914	10.4034193293
5800.0	95.0	7.13476721631	10.2027064377
5810.0	95.0	7.58579394623	9.98099148382
5820.0	95.0	8.03682067616	9.75951518968
5830.0	95.0	8.55898461314	9.59412394848
5840.0	95.0	9.08893575918	9.43493786207
5850.0	95.0	9.61909737033	9.26525074448
5860.0	95.0	10.1490485164	9.05308218253
5870.0	95.0	10.6792101275	8.84091362059
5880.0	95.0	11.2455717375	8.69151258596
5890.0	95.0	11.8481333464	8.60487907867
5900.0	95.0	12.4443810019	8.47528680742
5910.0	95.0	13.0252647045	8.2461733997
5920.0	95.0	13.6061484071	8.01705999197
5930.0	95.0	14.1432553668	7.80226617223
