0.0	4.0	2.74	-2.5
0.0	9.0	1.16	-8.54
0.0	10.0	-0.11	-9.9
10.0	4.0	2.76	-1.77
10.0	9.0	1.18	-9.17
10.0	10.0	-0.1	-9.88
20.0	4.0	2.73	-1.07
30.0	4.0	2.73	-0.42
40.0	4.0	2.71	0.34
50.0	4.0	2.63	0.94
60.0	4.0	2.59	1.68
70.0	4.0	2.53	2.24
140.0	13.0	1.01	3.82
150.0	13.0	0.9	3.5
160.0	13.0	0.76	3.12
170.0	13.0	0.74	2.59
180.0	13.0	0.74	2.0
190.0	13.0	0.76	1.39
200.0	13.0	0.78	0.77
210.0	13.0	0.77	0.1
220.0	13.0	0.75	-0.6
230.0	13.0	0.72	-1.32
240.0	13.0	0.7	-2.13
250.0	13.0	0.72	-2.9
260.0	13.0	0.69	-3.56
270.0	13.0	0.69	-4.31
280.0	13.0	0.68	-5.1
290.0	13.0	0.71	-5.87
300.0	13.0	0.72	-6.6
310.0	13.0	0.77	-7.35
320.0	13.0	0.79	-8.19
320.0	19.0	0.36	1.64
330.0	19.0	0.44	2.06
340.0	19.0	0.57	2.5
350.0	19.0	0.61	2.96
410.0	20.0	1.56	2.44
420.0	20.0	1.49	1.84
430.0	20.0	1.45	1.21
440.0	20.0	1.36	0.57
450.0	20.0	1.29	-0.06
460.0	20.0	1.22	-0.71
470.0	20.0	1.13	-1.34
470.0	23.0	2.24	-7.48
480.0	20.0	1.1	-2.0
480.0	23.0	2.19	-6.74
490.0	20.0	1.05	-2.65
490.0	23.0	2.14	-5.98
500.0	20.0	1.08	-3.32
500.0	23.0	2.17	-5.23
500.0	24.0	0.27	2.65
500.0	25.0	-0.67	2.78
500.0	26.0	3.53	-4.1
510.0	20.0	1.06	-4.14
510.0	23.0	2.11	-4.41
510.0	24.0	0.44	2.34
510.0	25.0	-0.45	2.56
510.0	26.0	3.45	-3.58
520.0	20.0	1.04	-4.73
520.0	23.0	2.11	-3.65
520.0	24.0	0.58	2.1
520.0	25.0	-0.29	2.33
520.0	26.0	3.43	-3.05
530.0	20.0	1.07	-5.4
530.0	23.0	1.95	-2.86
530.0	24.0	0.7	1.88
530.0	25.0	-0.09	2.1
530.0	26.0	3.39	-2.57
530.0	27.0	2.38	-7.98
540.0	20.0	1.11	-6.11
540.0	23.0	1.86	-2.09
540.0	24.0	0.72	1.61
540.0	25.0	0.05	1.83
540.0	26.0	3.34	-2.06
540.0	27.0	2.42	-7.33
550.0	20.0	1.26	-6.86
550.0	23.0	1.87	-1.36
550.0	24.0	0.76	1.34
550.0	25.0	0.15	1.52
550.0	26.0	3.35	-1.55
550.0	27.0	2.49	-6.7
560.0	20.0	1.36	-7.58
560.0	23.0	1.86	-0.6
560.0	24.0	0.83	1.0
560.0	25.0	0.27	1.22
560.0	26.0	3.24	-1.06
560.0	27.0	2.44	-6.02
570.0	20.0	1.48	-8.26
570.0	23.0	1.94	0.1
570.0	24.0	0.82	0.68
570.0	25.0	0.26	0.9
570.0	26.0	3.19	-0.6
570.0	27.0	2.44	-5.35
580.0	20.0	1.6	-8.94
580.0	23.0	2.0	0.84
580.0	24.0	0.85	0.35
580.0	25.0	0.3	0.59
580.0	26.0	3.19	-0.1
580.0	27.0	2.44	-4.73
590.0	20.0	1.66	-9.65
590.0	23.0	2.03	1.61
590.0	24.0	0.99	0.01
590.0	25.0	0.27	0.28
590.0	26.0	3.15	0.4
590.0	27.0	2.35	-4.08
600.0	23.0	2.23	2.33
600.0	24.0	1.07	-0.32
600.0	25.0	0.26	-0.05
600.0	26.0	3.19	0.88
600.0	27.0	2.42	-3.44
610.0	24.0	1.13	-0.71
610.0	25.0	0.3	-0.39
610.0	26.0	3.22	1.36
610.0	27.0	2.46	-2.9
620.0	24.0	1.22	-1.08
620.0	25.0	0.26	-0.78
620.0	26.0	3.18	1.84
620.0	27.0	2.44	-2.36
630.0	24.0	1.29	-1.47
630.0	25.0	0.34	-1.18
630.0	27.0	2.62	-1.94
640.0	24.0	1.33	-1.82
640.0	25.0	0.37	-1.57
640.0	27.0	2.84	-1.61
650.0	24.0	1.42	-2.18
650.0	25.0	0.42	-1.96
650.0	27.0	3.04	-1.23
660.0	24.0	1.49	-2.54
660.0	25.0	0.5	-2.33
670.0	24.0	1.5	-2.91
670.0	25.0	0.54	-2.74
680.0	24.0	1.54	-3.31
680.0	25.0	0.66	-3.14
690.0	24.0	1.64	-3.8
690.0	25.0	0.71	-3.52
700.0	24.0	1.66	-4.26
700.0	25.0	0.8	-3.9
710.0	24.0	1.67	-4.72
710.0	25.0	0.89	-4.27
720.0	24.0	1.7	-5.18
720.0	25.0	0.88	-4.65
730.0	24.0	1.65	-5.59
730.0	25.0	0.94	-5.06
740.0	24.0	1.59	-5.98
740.0	25.0	0.93	-5.46
750.0	24.0	1.65	-6.4
750.0	25.0	0.97	-5.87
760.0	24.0	1.69	-6.77
760.0	25.0	0.99	-6.24
770.0	24.0	1.71	-7.14
770.0	25.0	0.97	-6.62
780.0	24.0	1.8	-7.43
780.0	25.0	1.07	-6.99
790.0	24.0	1.88	-7.7
790.0	25.0	1.13	-7.34
800.0	24.0	1.85	-7.96
800.0	25.0	1.22	-7.67
870.0	32.0	2.22	3.7
880.0	32.0	2.16	3.0
890.0	32.0	2.16	2.36
900.0	32.0	2.09	1.72
910.0	32.0	2.04	1.11
920.0	32.0	2.05	0.46
930.0	32.0	2.04	-0.22
940.0	32.0	2.1	-0.86
950.0	32.0	2.16	-1.55
950.0	33.0	0.78	-7.34
950.0	34.0	-1.31	-7.49
960.0	32.0	2.15	-2.24
960.0	33.0	0.62	-6.8
960.0	34.0	-1.31	-7.49
960.0	35.0	0.55	1.93
970.0	32.0	2.26	-2.95
970.0	33.0	0.57	-6.25
970.0	34.0	-1.31	-7.49
970.0	35.0	0.48	1.3
980.0	32.0	2.27	-3.64
980.0	33.0	0.45	-5.73
980.0	34.0	-1.31	-7.49
980.0	35.0	0.35	0.66
990.0	33.0	0.25	-5.17
990.0	35.0	0.27	-0.01
1000.0	36.0	0.19	-0.63
1000.0	38.0	-1.4	-7.32
1010.0	36.0	0.04	-1.2
1010.0	38.0	-1.4	-7.3
1010.0	39.0	-2.74	-3.22
1020.0	36.0	-0.01	-1.82
1020.0	38.0	-1.4	-7.28
1020.0	39.0	-2.71	-3.06
1030.0	36.0	-0.19	-2.5
1030.0	38.0	-1.4	-7.28
1030.0	39.0	-2.74	-2.76
1040.0	36.0	-0.39	-3.06
1040.0	38.0	-1.4	-7.28
1040.0	39.0	-2.7	-2.51
1050.0	36.0	-0.64	-3.66
1050.0	38.0	-1.4	-7.28
1050.0	39.0	-2.63	-2.3
1060.0	36.0	-0.99	-4.22
1060.0	38.0	-1.4	-7.28
1060.0	39.0	-2.64	-2.06
1070.0	36.0	-1.22	-4.66
1070.0	38.0	-1.4	-7.28
1070.0	39.0	-2.66	-1.97
1080.0	36.0	-1.7	-5.11
1080.0	38.0	-1.4	-7.28
1080.0	39.0	-2.59	-2.01
1080.0	42.0	-2.17	-8.63
1090.0	36.0	-2.15	-5.55
1090.0	38.0	-1.36	-7.32
1090.0	42.0	-2.18	-8.09
1100.0	36.0	-2.57	-5.88
1100.0	38.0	-1.33	-7.38
1100.0	42.0	-2.08	-7.59
1110.0	36.0	-2.88	-6.31
1110.0	38.0	-1.31	-7.42
1110.0	42.0	-2.02	-7.04
1120.0	36.0	-3.25	-6.55
1120.0	38.0	-1.31	-7.43
1120.0	42.0	-1.9	-6.54
1130.0	38.0	-1.31	-7.43
1130.0	42.0	-1.7	-6.02
1140.0	38.0	-1.31	-7.43
1140.0	42.0	-1.59	-5.64
1140.0	43.0	-1.69	-2.56
1140.0	44.0	-2.39	-2.19
1140.0	45.0	1.27	1.88
1150.0	38.0	-1.31	-7.43
1150.0	42.0	-1.49	-5.32
1150.0	43.0	-1.69	-2.56
1150.0	44.0	-2.39	-2.19
1150.0	45.0	1.31	1.19
1150.0	46.0	-1.65	0.9
1160.0	38.0	-1.31	-7.43
1160.0	42.0	-1.36	-4.87
1160.0	43.0	-1.69	-2.56
1160.0	44.0	-2.39	-2.19
1160.0	45.0	1.35	0.53
1160.0	46.0	-1.65	0.9
1170.0	38.0	-1.31	-7.43
1170.0	42.0	-1.63	-4.78
1170.0	43.0	-1.69	-2.56
1170.0	44.0	-2.39	-2.19
1170.0	45.0	1.37	-0.17
1170.0	46.0	-1.65	0.9
1180.0	38.0	-1.31	-7.43
1180.0	45.0	1.42	-0.91
1180.0	46.0	-1.65	0.9
1190.0	38.0	-1.31	-7.43
1190.0	45.0	1.43	-1.67
1190.0	46.0	-1.65	0.9
1200.0	38.0	-1.31	-7.43
1200.0	45.0	1.47	-2.58
1200.0	46.0	-1.65	0.9
1210.0	38.0	-1.37	-7.53
1210.0	45.0	1.58	-3.22
1210.0	46.0	-1.65	0.9
1220.0	38.0	-1.43	-7.56
1220.0	45.0	1.69	-3.99
1220.0	46.0	-1.65	0.9
1230.0	38.0	-1.32	-7.44
1230.0	45.0	1.66	-4.93
1230.0	46.0	-1.65	0.9
1240.0	38.0	-1.31	-7.43
1240.0	45.0	1.82	-5.74
1240.0	46.0	-1.65	0.9
1250.0	38.0	-1.31	-7.43
1250.0	45.0	1.97	-6.53
1250.0	46.0	-1.65	0.9
1260.0	38.0	-1.31	-7.43
1260.0	45.0	2.08	-7.32
1260.0	46.0	-1.65	0.9
1270.0	38.0	-1.32	-7.41
1270.0	45.0	2.26	-8.06
1270.0	46.0	-1.65	0.9
1280.0	38.0	-1.34	-7.37
1280.0	46.0	-1.65	0.9
1290.0	38.0	-1.36	-7.34
1290.0	46.0	-1.65	0.9
1300.0	38.0	-1.36	-7.3
1300.0	46.0	-1.65	0.9
1310.0	38.0	-1.36	-7.32
1310.0	46.0	-1.65	0.9
1320.0	38.0	-1.33	-7.38
1320.0	46.0	-1.65	0.9
1330.0	38.0	-1.29	-7.44
1330.0	46.0	-1.65	0.9
1340.0	38.0	-1.27	-7.47
1340.0	46.0	-1.65	0.9
1350.0	38.0	-1.27	-7.47
1350.0	46.0	-1.65	0.9
1360.0	38.0	-1.27	-7.47
1360.0	46.0	-1.65	0.9
1370.0	38.0	-1.27	-7.47
1370.0	46.0	-1.65	0.9
1380.0	38.0	-1.31	-7.58
1380.0	46.0	-1.65	0.9
1390.0	38.0	-1.29	-7.52
1400.0	38.0	-1.27	-7.47
1410.0	38.0	-1.27	-7.47
1420.0	38.0	-1.27	-7.47
1430.0	38.0	-1.27	-7.47
1440.0	38.0	-1.27	-7.47
1450.0	38.0	-1.27	-7.47
1460.0	38.0	-1.27	-7.47
1470.0	38.0	-1.27	-7.47
1480.0	38.0	-1.27	-7.47
1480.0	53.0	3.02	-1.86
1490.0	38.0	-1.27	-7.47
1490.0	53.0	2.91	-1.14
1490.0	55.0	-0.6	2.73
1500.0	38.0	-1.29	-7.47
1500.0	53.0	2.74	-0.43
1500.0	55.0	-0.35	2.65
1510.0	38.0	-1.38	-7.43
1510.0	53.0	2.66	0.29
1510.0	55.0	-0.2	2.51
1520.0	38.0	-1.47	-7.34
1520.0	53.0	2.59	0.99
1520.0	55.0	-0.06	2.27
1530.0	38.0	-1.51	-7.27
1530.0	53.0	2.6	1.68
1530.0	55.0	0.03	2.07
1540.0	38.0	-1.52	-7.27
1540.0	53.0	2.55	2.34
1540.0	55.0	0.19	1.9
1550.0	38.0	-1.52	-7.27
1550.0	53.0	2.55	2.99
1550.0	55.0	0.35	1.75
1560.0	38.0	-1.52	-7.27
1560.0	55.0	0.43	1.57
1570.0	38.0	-1.52	-7.27
1570.0	55.0	0.47	1.29
1580.0	38.0	-1.52	-7.27
1580.0	55.0	0.52	1.09
1590.0	38.0	-1.52	-7.27
1590.0	55.0	0.58	0.92
1600.0	38.0	-1.52	-7.27
1600.0	55.0	0.65	0.8
1610.0	38.0	-1.52	-7.27
1610.0	55.0	0.65	0.7
1620.0	38.0	-1.52	-7.27
1620.0	55.0	0.62	0.55
1630.0	38.0	-1.52	-7.27
1640.0	38.0	-1.52	-7.27
1650.0	38.0	-1.52	-7.27
1660.0	38.0	-1.52	-7.27
1670.0	38.0	-1.52	-7.27
1670.0	57.0	3.14	-3.22
1680.0	38.0	-1.52	-7.27
1680.0	57.0	3.07	-2.62
1690.0	38.0	-1.52	-7.27
1690.0	57.0	2.96	-2.04
1700.0	38.0	-1.52	-7.27
1700.0	57.0	2.97	-1.5
1710.0	38.0	-1.52	-7.27
1710.0	57.0	2.94	-0.93
1720.0	38.0	-1.52	-7.27
1720.0	57.0	2.78	-0.38
1730.0	38.0	-1.52	-7.27
1730.0	57.0	2.69	0.13
1740.0	38.0	-1.52	-7.27
1740.0	57.0	2.65	0.72
1750.0	38.0	-1.52	-7.27
1750.0	57.0	2.57	1.34
1760.0	38.0	-1.52	-7.27
1770.0	38.0	-1.52	-7.27
1780.0	38.0	-1.52	-7.27
1790.0	38.0	-1.52	-7.27
1790.0	58.0	2.43	-4.16
1800.0	38.0	-1.52	-7.27
1800.0	58.0	2.44	-3.27
1810.0	38.0	-1.52	-7.27
1810.0	58.0	2.44	-2.38
1820.0	38.0	-1.52	-7.27
1820.0	58.0	2.47	-1.49
1830.0	38.0	-1.52	-7.27
1830.0	58.0	2.54	-0.61
1840.0	38.0	-1.52	-7.27
1840.0	58.0	2.56	0.27
1840.0	59.0	1.76	3.8
1850.0	38.0	-1.52	-7.27
1850.0	58.0	2.64	1.14
1850.0	59.0	1.73	3.27
1860.0	38.0	-1.52	-7.27
1860.0	58.0	2.67	1.99
1860.0	59.0	1.69	2.84
1870.0	38.0	-1.52	-7.27
1870.0	58.0	2.72	2.94
1870.0	59.0	1.68	2.38
1880.0	38.0	-1.52	-7.27
1880.0	59.0	1.65	2.11
1890.0	38.0	-1.52	-7.27
1890.0	59.0	1.82	1.81
1900.0	38.0	-1.52	-7.27
1900.0	59.0	2.05	1.46
1910.0	38.0	-1.52	-7.27
1910.0	59.0	1.97	1.12
1920.0	38.0	-1.52	-7.27
1920.0	59.0	1.81	0.82
1930.0	38.0	-1.52	-7.27
1930.0	59.0	1.81	0.47
1940.0	38.0	-1.52	-7.27
1940.0	59.0	1.73	0.14
1950.0	38.0	-1.52	-7.27
1950.0	59.0	1.53	-0.08
1960.0	38.0	-1.52	-7.27
1960.0	59.0	1.41	-0.32
1970.0	38.0	-1.52	-7.27
1970.0	59.0	1.37	-0.62
1980.0	38.0	-1.52	-7.27
1980.0	59.0	1.25	-0.84
1990.0	38.0	-1.52	-7.27
1990.0	59.0	1.11	-1.02
2000.0	65.0	0.7	-0.86
2000.0	66.0	2.63	-2.22
2010.0	65.0	0.66	-1.11
2010.0	66.0	2.57	-2.94
2020.0	65.0	0.55	-1.31
2020.0	66.0	2.59	-3.64
2030.0	65.0	0.58	-1.37
2030.0	66.0	2.56	-4.38
2040.0	65.0	0.5	-1.52
2040.0	66.0	2.47	-5.07
2050.0	65.0	0.49	-1.5
2050.0	66.0	2.45	-5.77
2060.0	65.0	0.49	-1.5
2060.0	66.0	2.33	-6.47
2100.0	67.0	3.13	-7.14
2110.0	67.0	3.21	-6.34
2120.0	67.0	3.21	-5.55
2130.0	67.0	3.17	-4.74
2130.0	69.0	3.07	-9.21
2140.0	67.0	3.1	-3.94
2140.0	69.0	3.04	-8.45
2150.0	67.0	2.99	-3.16
2150.0	69.0	2.94	-7.66
2160.0	67.0	2.91	-2.44
2160.0	69.0	2.73	-6.87
2170.0	67.0	2.78	-1.69
2170.0	69.0	2.55	-6.06
2180.0	67.0	2.76	-0.89
2180.0	69.0	2.29	-5.24
2190.0	67.0	2.61	-0.14
2190.0	69.0	2.12	-4.47
2200.0	67.0	2.53	0.6
2200.0	69.0	1.93	-3.66
2210.0	67.0	2.42	1.33
2210.0	69.0	1.83	-2.85
2220.0	67.0	2.36	2.12
2220.0	69.0	1.88	-2.04
2230.0	69.0	1.89	-1.23
2240.0	69.0	1.98	-0.45
2300.0	70.0	2.85	0.74
2310.0	70.0	2.93	0.25
2320.0	70.0	3.14	-0.23
2330.0	70.0	3.35	-0.73
2340.0	70.0	3.55	-1.23
2350.0	70.0	3.8	-1.87
2770.0	71.0	2.66	3.27
2770.0	72.0	1.95	3.46
2770.0	73.0	3.66	0.82
2780.0	71.0	2.67	2.68
2780.0	72.0	1.86	2.86
2780.0	73.0	3.63	1.38
2790.0	71.0	2.69	2.07
2790.0	72.0	1.83	2.27
2790.0	73.0	3.61	1.99
2800.0	71.0	2.64	1.45
2800.0	72.0	1.79	1.72
2800.0	73.0	3.59	2.57
2810.0	71.0	2.63	0.86
2810.0	72.0	1.75	1.16
2820.0	71.0	2.63	0.25
2820.0	72.0	1.79	0.55
2830.0	71.0	2.6	-0.34
2830.0	72.0	1.8	-0.06
2840.0	71.0	2.62	-0.93
2840.0	72.0	1.79	-0.66
2840.0	79.0	1.23	-8.16
2850.0	71.0	2.56	-1.51
2850.0	72.0	1.79	-1.27
2850.0	79.0	1.23	-8.16
2860.0	71.0	2.45	-2.13
2860.0	72.0	1.69	-1.91
2860.0	79.0	1.23	-8.16
2870.0	71.0	2.35	-2.71
2870.0	72.0	1.6	-2.54
2870.0	79.0	1.23	-8.16
2870.0	81.0	3.84	-6.31
2880.0	71.0	2.19	-3.29
2880.0	72.0	1.49	-3.15
2880.0	79.0	1.23	-8.16
2880.0	81.0	3.91	-5.92
2890.0	71.0	2.13	-3.91
2890.0	72.0	1.35	-3.77
2890.0	79.0	1.23	-8.16
2890.0	81.0	4.04	-5.4
2900.0	71.0	2.06	-4.54
2900.0	72.0	1.29	-4.42
2900.0	79.0	1.23	-8.16
2900.0	81.0	4.04	-5.02
2900.0	82.0	3.09	-9.65
2910.0	71.0	2.02	-5.18
2910.0	72.0	1.2	-5.06
2910.0	79.0	1.23	-8.16
2910.0	81.0	4.09	-4.53
2910.0	82.0	3.13	-9.0
2920.0	71.0	2.09	-5.8
2920.0	72.0	1.09	-5.73
2920.0	79.0	1.23	-8.16
2920.0	81.0	4.12	-3.99
2920.0	82.0	3.14	-8.4
2930.0	71.0	2.15	-6.46
2930.0	72.0	0.99	-6.42
2930.0	79.0	1.23	-8.16
2930.0	82.0	3.3	-7.82
2940.0	71.0	2.28	-7.13
2940.0	72.0	0.83	-7.1
2940.0	79.0	1.23	-8.16
2940.0	82.0	3.43	-7.29
2950.0	71.0	2.38	-7.77
2950.0	72.0	0.76	-7.76
2950.0	79.0	1.23	-8.16
2950.0	82.0	3.53	-6.75
2960.0	71.0	2.43	-8.43
2960.0	72.0	0.75	-8.58
2960.0	79.0	1.24	-8.15
2970.0	71.0	2.48	-9.09
2970.0	72.0	0.7	-9.28
2970.0	79.0	1.23	-8.14
2980.0	71.0	2.45	-9.73
2980.0	72.0	0.85	-9.9
2980.0	79.0	1.23	-8.14
3100.0	83.0	1.65	2.7
3110.0	83.0	1.73	2.09
3110.0	84.0	3.39	-0.92
3120.0	83.0	1.73	1.52
3120.0	84.0	3.46	-0.36
3130.0	83.0	1.71	0.91
3130.0	84.0	3.54	0.19
3140.0	83.0	1.78	0.3
3140.0	84.0	3.55	0.77
3150.0	83.0	1.76	-0.31
3160.0	83.0	1.72	-0.89
3170.0	83.0	1.74	-1.47
3180.0	83.0	1.68	-2.07
3190.0	83.0	1.66	-2.67
3200.0	83.0	1.68	-3.29
3200.0	87.0	3.36	-8.77
3210.0	83.0	1.58	-3.91
3210.0	87.0	3.33	-8.02
3220.0	83.0	1.49	-4.55
3220.0	87.0	3.35	-7.3
3230.0	83.0	1.35	-5.17
3230.0	87.0	3.32	-6.61
3240.0	83.0	1.09	-5.74
3240.0	87.0	3.22	-5.88
3250.0	83.0	0.93	-6.33
3260.0	83.0	0.75	-6.88
3270.0	83.0	0.51	-7.43
3280.0	83.0	0.46	-8.02
3290.0	83.0	0.41	-8.57
3300.0	83.0	0.33	-9.13
3410.0	90.0	1.28	-0.65
3410.0	91.0	1.97	-3.91
3420.0	90.0	1.33	-1.16
3420.0	91.0	2.09	-4.42
3430.0	90.0	1.34	-1.68
3430.0	91.0	2.2	-4.95
3440.0	90.0	1.47	-2.2
3440.0	91.0	2.27	-5.49
3450.0	90.0	1.57	-2.71
3450.0	91.0	2.34	-5.99
3460.0	90.0	1.64	-3.29
3460.0	91.0	2.4	-6.48
3470.0	90.0	1.75	-3.82
3470.0	91.0	2.47	-6.94
3480.0	90.0	1.85	-4.35
3480.0	91.0	2.52	-7.37
3480.0	94.0	2.45	-10.15
3490.0	90.0	1.9	-4.9
3490.0	91.0	2.5	-7.95
3490.0	94.0	2.67	-10.02
3500.0	90.0	1.96	-5.4
3500.0	91.0	2.38	-8.32
3500.0	94.0	2.92	-9.82
3510.0	90.0	2.06	-5.93
3510.0	91.0	2.37	-8.88
3510.0	94.0	3.25	-9.56
3520.0	90.0	2.08	-6.43
3520.0	91.0	2.21	-9.41
3520.0	94.0	3.43	-9.35
3530.0	90.0	2.07	-6.97
3530.0	91.0	2.25	-9.99
3530.0	94.0	3.66	-9.02
3540.0	90.0	2.14	-7.51
3550.0	90.0	2.12	-8.08
3560.0	90.0	2.09	-8.66
3570.0	90.0	2.28	-9.11
3580.0	90.0	2.16	-9.65
4000.0	96.0	1.98	3.74
4000.0	100.0	3.22	-8.86
4000.0	101.0	1.26	-8.15
4000.0	102.0	1.37	-9.2
4010.0	96.0	1.96	3.44
4010.0	100.0	2.95	-8.25
4010.0	101.0	1.26	-8.15
4010.0	102.0	1.37	-9.2
4020.0	96.0	1.98	3.11
4020.0	100.0	2.65	-7.64
4020.0	101.0	1.25	-8.13
4020.0	102.0	1.37	-9.2
4030.0	96.0	1.86	2.78
4030.0	100.0	2.38	-6.99
4030.0	101.0	1.25	-8.13
4030.0	102.0	1.38	-9.18
4040.0	96.0	1.83	2.43
4040.0	100.0	2.08	-6.34
4040.0	101.0	1.31	-8.2
4040.0	102.0	1.38	-9.18
4050.0	96.0	1.86	2.07
4050.0	100.0	1.79	-5.74
4050.0	101.0	1.36	-8.29
4050.0	102.0	1.38	-9.18
4060.0	96.0	1.8	1.7
4060.0	100.0	1.52	-5.09
4060.0	101.0	1.37	-8.31
4060.0	102.0	1.38	-9.18
4070.0	96.0	1.81	1.32
4070.0	100.0	1.24	-4.5
4070.0	101.0	1.37	-8.31
4070.0	102.0	1.38	-9.18
4080.0	96.0	1.85	0.94
4080.0	100.0	0.97	-3.91
4080.0	101.0	1.37	-8.31
4080.0	102.0	1.38	-9.18
4090.0	96.0	1.84	0.48
4090.0	100.0	0.68	-3.3
4090.0	101.0	1.37	-8.31
4090.0	102.0	1.38	-9.18
4100.0	96.0	1.86	0.01
4100.0	100.0	0.39	-2.73
4100.0	101.0	1.37	-8.31
4100.0	102.0	1.38	-9.18
4110.0	96.0	1.9	-0.5
4110.0	100.0	0.1	-2.15
4110.0	101.0	1.37	-8.31
4110.0	102.0	1.38	-9.18
4120.0	96.0	1.86	-0.92
4120.0	100.0	-0.21	-1.62
4120.0	101.0	1.38	-8.32
4120.0	102.0	1.38	-9.18
4130.0	96.0	1.9	-1.47
4130.0	100.0	-0.57	-1.12
4130.0	101.0	1.39	-8.32
4130.0	102.0	1.38	-9.18
4140.0	96.0	1.92	-1.94
4140.0	100.0	-0.88	-0.67
4140.0	101.0	1.39	-8.32
4140.0	102.0	1.38	-9.18
4150.0	96.0	1.87	-2.41
4150.0	100.0	-1.25	-0.36
4150.0	101.0	1.39	-8.32
4150.0	102.0	1.38	-9.18
4160.0	96.0	1.95	-2.91
4160.0	100.0	-1.55	0.04
4160.0	101.0	1.39	-8.32
4160.0	102.0	1.38	-9.18
4170.0	96.0	1.99	-3.4
4170.0	100.0	-1.84	0.49
4170.0	101.0	1.39	-8.32
4170.0	102.0	1.38	-9.18
4180.0	96.0	1.96	-3.89
4180.0	101.0	1.39	-8.32
4180.0	102.0	1.38	-9.18
4190.0	96.0	2.07	-4.38
4190.0	101.0	1.39	-8.32
4190.0	102.0	1.38	-9.18
4200.0	96.0	2.12	-4.88
4200.0	101.0	1.39	-8.32
4200.0	102.0	1.38	-9.18
4210.0	96.0	2.16	-5.35
4210.0	101.0	1.39	-8.32
4210.0	102.0	1.38	-9.18
4220.0	96.0	2.35	-5.82
4220.0	101.0	1.39	-8.32
4220.0	102.0	1.38	-9.18
4230.0	96.0	2.45	-6.3
4230.0	101.0	1.39	-8.32
4230.0	102.0	1.38	-9.18
4240.0	96.0	2.51	-6.75
4240.0	101.0	1.39	-8.32
4240.0	102.0	1.38	-9.18
4250.0	96.0	2.68	-7.2
4250.0	101.0	1.39	-8.32
4250.0	102.0	1.38	-9.18
4260.0	96.0	2.69	-7.62
4260.0	101.0	1.39	-8.32
4260.0	102.0	1.41	-9.18
4430.0	104.0	1.34	-9.22
4430.0	105.0	1.37	-8.27
4430.0	106.0	2.59	-9.52
4440.0	104.0	1.34	-9.22
4440.0	105.0	1.37	-8.27
4440.0	106.0	2.62	-9.36
4450.0	104.0	1.34	-9.22
4450.0	105.0	1.37	-8.27
4450.0	106.0	2.61	-9.17
4460.0	104.0	1.34	-9.22
4460.0	105.0	1.37	-8.27
4460.0	106.0	2.53	-8.93
4470.0	104.0	1.34	-9.22
4470.0	105.0	1.37	-8.27
4470.0	106.0	2.48	-8.74
4480.0	104.0	1.34	-9.2
4480.0	105.0	1.37	-8.27
4480.0	106.0	2.49	-8.47
4490.0	104.0	1.34	-9.2
4490.0	105.0	1.37	-8.27
4490.0	106.0	2.51	-8.26
4500.0	104.0	1.34	-9.2
4500.0	105.0	1.37	-8.27
4500.0	106.0	2.46	-8.03
4510.0	104.0	1.34	-9.22
4510.0	105.0	1.37	-8.27
4510.0	106.0	2.35	-7.78
4520.0	104.0	1.34	-9.22
4520.0	105.0	1.37	-8.27
4520.0	106.0	2.3	-7.57
4530.0	104.0	1.34	-9.22
4530.0	105.0	1.37	-8.27
4530.0	106.0	2.29	-7.32
4540.0	104.0	1.34	-9.22
4540.0	105.0	1.37	-8.27
4540.0	106.0	2.29	-7.11
4550.0	104.0	1.34	-9.22
4550.0	105.0	1.37	-8.27
4550.0	106.0	2.19	-6.82
4560.0	104.0	1.34	-9.22
4560.0	105.0	1.37	-8.27
4560.0	106.0	2.05	-6.54
4570.0	104.0	1.34	-9.22
4570.0	105.0	1.37	-8.27
4570.0	106.0	2.1	-6.27
4570.0	110.0	2.56	2.43
4580.0	104.0	1.34	-9.22
4580.0	105.0	1.37	-8.27
4580.0	106.0	2.15	-6.07
4580.0	110.0	2.45	1.83
4590.0	104.0	1.34	-9.2
4590.0	105.0	1.37	-8.27
4590.0	106.0	2.11	-5.76
4590.0	110.0	2.51	1.23
4600.0	104.0	1.32	-9.2
4600.0	105.0	1.37	-8.27
4600.0	106.0	2.03	-5.49
4600.0	110.0	2.54	0.62
4610.0	104.0	1.3	-9.18
4610.0	105.0	1.37	-8.27
4610.0	106.0	2.04	-5.28
4610.0	110.0	2.56	-0.01
4620.0	104.0	1.29	-9.16
4620.0	105.0	1.37	-8.27
4620.0	106.0	2.1	-5.03
4620.0	110.0	2.66	-0.62
4630.0	104.0	1.27	-9.16
4630.0	105.0	1.37	-8.27
4630.0	106.0	2.12	-4.83
4630.0	110.0	2.63	-1.22
4640.0	104.0	1.21	-9.24
4640.0	105.0	1.37	-8.27
4640.0	106.0	2.03	-4.55
4640.0	110.0	2.8	-1.86
4650.0	104.0	1.14	-9.23
4650.0	105.0	1.37	-8.27
4650.0	106.0	1.98	-4.34
4650.0	110.0	2.87	-2.51
4660.0	104.0	1.11	-9.23
4660.0	105.0	1.37	-8.27
4660.0	106.0	2.02	-4.14
4660.0	110.0	3.04	-3.16
4670.0	104.0	1.09	-9.23
4670.0	105.0	1.37	-8.27
4670.0	106.0	2.05	-3.98
4670.0	110.0	3.19	-3.83
4680.0	104.0	1.13	-9.19
4680.0	105.0	1.37	-8.27
4680.0	106.0	1.97	-3.74
4680.0	110.0	3.17	-4.51
4690.0	104.0	1.2	-9.12
4690.0	105.0	1.37	-8.27
4690.0	106.0	1.85	-3.51
4690.0	110.0	3.26	-5.19
4700.0	104.0	1.36	-9.23
4700.0	105.0	1.37	-8.27
4700.0	106.0	1.85	-3.31
4700.0	110.0	3.08	-5.83
4710.0	104.0	1.4	-9.28
4710.0	105.0	1.37	-8.27
4710.0	106.0	1.91	-3.08
4710.0	110.0	3.03	-6.51
4720.0	104.0	1.4	-9.36
4720.0	105.0	1.37	-8.27
4720.0	106.0	1.94	-2.92
4720.0	110.0	2.83	-7.18
4730.0	104.0	1.37	-9.31
4730.0	105.0	1.37	-8.27
4730.0	106.0	1.89	-2.66
4730.0	110.0	2.71	-7.87
4740.0	104.0	1.37	-9.32
4740.0	105.0	1.37	-8.27
4740.0	106.0	1.83	-2.43
4740.0	110.0	2.63	-8.54
4750.0	104.0	1.32	-9.34
4750.0	105.0	1.37	-8.27
4750.0	106.0	1.87	-2.2
4750.0	110.0	2.41	-9.17
4760.0	104.0	1.39	-9.34
4760.0	105.0	1.33	-8.34
4760.0	106.0	1.95	-1.97
4760.0	110.0	2.39	-9.84
4770.0	104.0	1.4	-9.34
4770.0	105.0	1.36	-8.37
4770.0	106.0	1.97	-1.79
4780.0	104.0	1.42	-9.29
4780.0	105.0	1.37	-8.32
4780.0	106.0	1.88	-1.55
4790.0	104.0	1.41	-9.28
4790.0	105.0	1.37	-8.28
4790.0	106.0	1.83	-1.36
4800.0	104.0	1.42	-9.28
4800.0	105.0	1.37	-8.27
4800.0	106.0	1.87	-1.16
4810.0	104.0	1.41	-9.27
4810.0	105.0	1.37	-8.27
4810.0	106.0	1.92	-0.95
4820.0	104.0	1.43	-9.26
4820.0	105.0	1.37	-8.27
4820.0	106.0	1.91	-0.68
4830.0	104.0	1.41	-9.23
4830.0	105.0	1.37	-8.27
4830.0	106.0	1.83	-0.41
4840.0	104.0	1.44	-9.26
4840.0	105.0	1.37	-8.27
4840.0	106.0	1.77	-0.23
4850.0	104.0	1.43	-9.25
4850.0	105.0	1.35	-8.27
4850.0	106.0	1.77	-0.06
4860.0	104.0	1.43	-9.28
4860.0	105.0	1.33	-8.27
4860.0	106.0	1.81	0.13
4870.0	104.0	1.41	-9.27
4870.0	105.0	1.33	-8.27
4870.0	106.0	1.8	0.35
4880.0	104.0	1.38	-9.24
4880.0	105.0	1.33	-8.34
4880.0	106.0	1.77	0.54
4890.0	104.0	1.36	-9.24
4890.0	105.0	1.35	-8.28
4890.0	106.0	1.76	0.69
4900.0	104.0	1.29	-9.24
4900.0	105.0	1.35	-8.27
4900.0	106.0	1.82	0.87
4910.0	104.0	1.38	-9.28
4910.0	105.0	1.38	-8.35
4910.0	106.0	1.9	1.05
4920.0	104.0	1.36	-9.24
4920.0	105.0	1.35	-8.28
4920.0	106.0	1.93	1.21
4930.0	104.0	1.35	-9.26
4930.0	105.0	1.35	-8.27
4930.0	106.0	1.88	1.47
4940.0	104.0	1.31	-9.19
4940.0	105.0	1.35	-8.27
4940.0	106.0	1.85	1.68
4950.0	104.0	1.3	-9.18
4950.0	105.0	1.35	-8.27
4950.0	106.0	1.88	1.89
4960.0	104.0	1.3	-9.18
4960.0	105.0	1.35	-8.27
4960.0	106.0	1.91	2.08
4970.0	104.0	1.3	-9.18
4970.0	105.0	1.33	-8.29
4970.0	106.0	1.9	2.26
4980.0	104.0	1.3	-9.18
4980.0	105.0	1.31	-8.29
4980.0	106.0	1.83	2.51
4990.0	104.0	1.3	-9.18
4990.0	105.0	1.23	-8.23
4990.0	106.0	1.8	2.68
5000.0	104.0	1.3	-9.18
5000.0	105.0	1.17	-8.26
5000.0	106.0	1.79	2.91
5010.0	104.0	1.33	-9.25
5010.0	105.0	1.13	-8.22
5010.0	106.0	1.76	3.1
5240.0	113.0	2.6	-4.18
5240.0	116.0	-1.97	0.45
5250.0	113.0	2.56	-3.84
5250.0	116.0	-1.97	0.45
5260.0	113.0	2.44	-3.44
5260.0	116.0	-1.97	0.45
5270.0	113.0	2.42	-3.09
5270.0	116.0	-1.97	0.45
5280.0	113.0	2.42	-2.68
5280.0	116.0	-1.97	0.45
5290.0	113.0	2.4	-2.37
5290.0	116.0	-1.97	0.45
5300.0	113.0	2.32	-1.99
5300.0	116.0	-1.95	0.45
5310.0	113.0	2.33	-1.62
5310.0	116.0	-1.95	0.45
5320.0	113.0	2.37	-1.21
5320.0	116.0	-1.95	0.45
5330.0	113.0	2.34	-0.83
5330.0	116.0	-1.95	0.45
5340.0	113.0	2.19	-0.38
5340.0	116.0	-1.95	0.45
5350.0	113.0	2.25	0.06
5350.0	116.0	-1.95	0.45
5360.0	113.0	2.23	0.43
5360.0	116.0	-1.95	0.45
5370.0	113.0	2.1	0.88
5370.0	116.0	-1.95	0.45
5680.0	122.0	2.7	-8.14
5690.0	122.0	2.78	-7.37
5700.0	122.0	2.79	-6.6
5710.0	122.0	2.77	-5.79
5720.0	122.0	2.82	-5.0
5730.0	122.0	2.83	-4.19
5740.0	122.0	2.89	-3.37
5750.0	122.0	2.88	-2.58
5760.0	122.0	2.79	-1.71
5770.0	122.0	2.81	-0.86
5780.0	122.0	2.75	-0.1
5790.0	122.0	2.73	0.67
5800.0	122.0	2.69	1.41
5810.0	122.0	2.68	2.15
5820.0	124.0	1.45	-9.23
5830.0	124.0	1.45	-9.23
5840.0	124.0	1.45	-9.23
5850.0	124.0	1.45	-9.23
5860.0	124.0	1.45	-9.23
5870.0	124.0	1.45	-9.23
5880.0	124.0	1.45	-9.23
5890.0	124.0	1.45	-9.23
5900.0	124.0	1.45	-9.23
6680.0	128.0	1.86	0.38
6690.0	128.0	1.86	-0.32
6700.0	128.0	1.96	-1.04
6710.0	128.0	2.0	-1.76
6710.0	129.0	3.7	-2.88
6710.0	131.0	0.3	1.67
6720.0	128.0	2.0	-2.43
6720.0	129.0	3.56	-2.61
6720.0	131.0	0.2	1.28
6730.0	128.0	2.12	-3.17
6730.0	129.0	3.49	-2.28
6730.0	131.0	0.05	0.92
6740.0	128.0	2.17	-3.93
6740.0	129.0	3.4	-2.04
6740.0	131.0	-0.09	0.56
6750.0	128.0	2.29	-4.75
6750.0	129.0	3.26	-1.82
6750.0	131.0	-0.19	0.24
6760.0	129.0	3.19	-1.63
6760.0	131.0	-0.25	-0.11
6770.0	129.0	3.12	-1.47
6770.0	131.0	-0.29	-0.45
6780.0	129.0	3.1	-1.43
6780.0	131.0	-0.3	-0.78
6780.0	134.0	-1.94	0.5
6790.0	131.0	-0.25	-1.15
6790.0	134.0	-1.83	0.96
6800.0	131.0	-0.22	-1.5
6800.0	134.0	-1.71	1.38
6800.0	137.0	3.29	-3.01
6810.0	131.0	-0.26	-1.84
6810.0	134.0	-1.67	1.82
6810.0	137.0	3.08	-3.48
6820.0	131.0	-0.37	-2.19
6820.0	134.0	-1.54	2.21
6820.0	137.0	2.86	-3.93
6830.0	131.0	-0.57	-2.55
6830.0	137.0	2.61	-4.34
6840.0	131.0	-0.81	-2.72
6840.0	137.0	2.43	-4.79
6850.0	131.0	-1.01	-2.9
6850.0	137.0	2.26	-5.22
6860.0	131.0	-1.21	-3.14
6860.0	137.0	2.1	-5.62
6870.0	131.0	-1.39	-3.32
6870.0	137.0	2.08	-6.08
6870.0	141.0	2.61	3.32
6880.0	137.0	2.13	-6.5
6880.0	141.0	2.65	2.7
6890.0	137.0	2.11	-6.97
6890.0	141.0	2.59	2.11
6890.0	142.0	0.6	-9.34
6890.0	143.0	0.09	-9.2
6900.0	137.0	2.17	-7.44
6900.0	141.0	2.49	1.55
6900.0	142.0	0.6	-8.96
6900.0	143.0	0.09	-8.79
6910.0	137.0	2.22	-7.88
6910.0	141.0	2.43	0.95
6910.0	142.0	0.59	-8.5
6910.0	143.0	0.1	-8.32
6920.0	137.0	2.23	-8.43
6920.0	141.0	2.32	0.38
6920.0	142.0	0.82	-7.99
6920.0	143.0	0.3	-7.81
6930.0	137.0	2.32	-8.87
6930.0	141.0	2.29	-0.32
6930.0	142.0	0.99	-7.51
6930.0	143.0	0.45	-7.33
6940.0	141.0	2.25	-0.95
6940.0	142.0	1.21	-7.03
6940.0	143.0	0.49	-6.76
6950.0	141.0	2.24	-1.53
6950.0	142.0	1.31	-6.53
6950.0	143.0	0.57	-6.28
6960.0	141.0	2.31	-2.1
6960.0	142.0	1.28	-6.02
6960.0	143.0	0.62	-5.82
6970.0	141.0	2.39	-2.7
6970.0	142.0	1.33	-5.35
6970.0	143.0	0.65	-5.27
6970.0	146.0	2.21	-9.27
6980.0	141.0	2.42	-3.44
6980.0	142.0	1.37	-4.86
6980.0	143.0	0.66	-4.78
6980.0	146.0	2.21	-8.78
6980.0	147.0	3.73	-6.76
6990.0	141.0	2.52	-4.15
6990.0	142.0	1.32	-4.33
6990.0	143.0	0.73	-4.23
6990.0	146.0	2.11	-8.2
6990.0	147.0	3.72	-6.89
7000.0	141.0	2.58	-4.83
7000.0	142.0	1.36	-3.72
7000.0	143.0	0.76	-3.68
7000.0	146.0	2.0	-7.57
7000.0	147.0	3.73	-6.8
7010.0	141.0	2.62	-5.49
7010.0	142.0	1.33	-3.16
7010.0	143.0	0.79	-3.22
7010.0	146.0	1.82	-6.96
7010.0	147.0	3.67	-6.47
7020.0	141.0	2.72	-6.15
7020.0	142.0	1.25	-2.6
7020.0	143.0	0.85	-2.71
7020.0	146.0	1.68	-6.28
7030.0	141.0	2.77	-6.84
7030.0	142.0	1.34	-2.05
7030.0	143.0	0.87	-2.17
7030.0	146.0	1.55	-5.62
7040.0	141.0	2.93	-7.57
7040.0	142.0	1.45	-1.65
7040.0	143.0	0.81	-1.69
7040.0	146.0	1.54	-4.96
7050.0	141.0	3.03	-8.29
7050.0	142.0	1.44	-1.12
7050.0	143.0	0.8	-1.13
7050.0	146.0	1.52	-4.32
7060.0	142.0	1.41	-0.52
7060.0	143.0	0.7	-0.65
7060.0	146.0	1.47	-3.67
7070.0	142.0	1.45	-0.11
7070.0	143.0	0.73	-0.14
7070.0	146.0	1.42	-3.06
7080.0	142.0	1.38	0.42
7080.0	143.0	0.8	0.36
7080.0	146.0	1.23	-2.44
7090.0	142.0	1.38	0.91
7090.0	143.0	0.81	0.82
7090.0	146.0	1.21	-1.83
7100.0	142.0	1.41	1.44
7100.0	143.0	0.79	1.36
7100.0	146.0	1.26	-1.24
7110.0	142.0	1.41	2.08
7110.0	143.0	0.87	1.96
7110.0	146.0	1.31	-0.65
7120.0	142.0	1.43	2.45
7120.0	143.0	0.83	2.35
7120.0	146.0	1.39	-0.04
7130.0	142.0	1.48	3.1
7130.0	143.0	0.81	2.85
7130.0	146.0	1.49	0.63
7140.0	142.0	1.51	3.59
7140.0	143.0	0.89	3.31
7140.0	146.0	1.59	1.17
7150.0	146.0	1.68	1.74
7180.0	152.0	-1.81	-4.14
7180.0	153.0	-1.94	-9.65
7190.0	152.0	-1.81	-4.14
7190.0	153.0	-1.84	-9.32
7200.0	152.0	-1.81	-4.14
7200.0	153.0	-1.82	-9.02
7210.0	152.0	-1.81	-4.14
7210.0	153.0	-1.82	-8.82
7220.0	152.0	-1.81	-4.14
7220.0	153.0	-1.84	-8.69
7230.0	152.0	-1.81	-4.14
7230.0	153.0	-1.83	-8.62
7240.0	152.0	-1.81	-4.14
7240.0	153.0	-1.83	-8.62
7250.0	152.0	-1.81	-4.14
7250.0	153.0	-1.83	-8.62
7260.0	152.0	-1.81	-4.14
7260.0	154.0	-1.83	-8.62
7270.0	152.0	-1.81	-4.14
7270.0	154.0	-1.83	-8.6
7280.0	152.0	-1.81	-4.14
7280.0	154.0	-1.81	-8.6
7290.0	152.0	-1.81	-4.14
7290.0	154.0	-1.8	-8.62
7300.0	152.0	-1.81	-4.14
7300.0	154.0	-1.78	-8.64
7480.0	156.0	1.42	-9.38
7480.0	157.0	2.25	-9.31
7480.0	159.0	2.08	-4.13
7490.0	156.0	1.45	-8.78
7490.0	157.0	2.17	-8.67
7490.0	159.0	2.08	-3.52
7500.0	156.0	1.46	-8.11
7500.0	157.0	2.12	-8.01
7500.0	159.0	2.03	-2.93
7510.0	156.0	1.34	-7.43
7510.0	157.0	2.04	-7.34
7510.0	159.0	1.93	-2.36
7520.0	156.0	1.36	-6.75
7520.0	157.0	2.05	-6.68
7520.0	159.0	1.92	-1.78
7530.0	156.0	1.47	-5.97
7530.0	157.0	2.11	-5.99
7530.0	159.0	1.85	-1.2
7540.0	156.0	1.45	-5.29
7540.0	157.0	2.06	-5.28
7540.0	159.0	1.78	-0.63
7550.0	156.0	1.45	-4.59
7550.0	157.0	2.08	-4.58
7550.0	159.0	1.76	-0.05
7560.0	156.0	1.38	-3.87
7560.0	157.0	2.13	-3.92
7560.0	159.0	1.67	0.55
7570.0	156.0	1.34	-3.2
7570.0	157.0	2.18	-3.24
7570.0	159.0	1.64	1.14
7570.0	161.0	-0.1	2.32
7570.0	162.0	3.44	2.52
7580.0	156.0	1.24	-2.49
7580.0	157.0	2.16	-2.54
7580.0	159.0	1.55	1.71
7580.0	161.0	-0.08	2.32
7580.0	162.0	3.4	2.02
7590.0	156.0	1.19	-1.82
7590.0	157.0	2.01	-1.81
7590.0	159.0	1.42	2.29
7590.0	161.0	-0.06	2.33
7590.0	162.0	3.56	1.54
7600.0	156.0	1.27	-1.17
7600.0	157.0	1.97	-1.14
7600.0	159.0	1.35	2.87
7600.0	161.0	-0.06	2.33
7600.0	162.0	3.66	1.13
7610.0	156.0	1.32	-0.52
7610.0	157.0	1.89	-0.48
7610.0	159.0	1.2	3.49
7610.0	161.0	-0.06	2.33
7610.0	162.0	3.68	0.7
7620.0	156.0	1.32	0.11
7620.0	157.0	1.88	0.13
7620.0	161.0	-0.06	2.33
7620.0	162.0	3.93	0.23
7630.0	156.0	1.33	0.72
7630.0	157.0	1.89	0.75
7630.0	161.0	-0.06	2.33
7630.0	162.0	3.96	-0.36
7640.0	156.0	1.23	1.36
7640.0	157.0	1.79	1.39
7640.0	161.0	-0.01	2.32
7640.0	162.0	3.99	-0.79
7650.0	156.0	1.15	1.93
7650.0	157.0	1.83	2.03
7650.0	161.0	-0.0	2.32
7660.0	156.0	1.09	2.57
7660.0	157.0	1.77	2.66
7660.0	161.0	-0.0	2.32
7670.0	156.0	1.01	3.19
7670.0	157.0	1.69	3.27
7670.0	161.0	-0.0	2.32
8050.0	165.0	2.78	-8.31
8050.0	167.0	1.12	1.03
8060.0	165.0	2.84	-7.67
8060.0	167.0	1.12	0.33
8070.0	165.0	2.82	-7.06
8070.0	167.0	1.06	-0.36
8080.0	165.0	2.8	-6.44
8080.0	167.0	1.08	-1.01
8090.0	165.0	2.78	-5.84
8090.0	167.0	1.13	-1.7
8090.0	169.0	-0.03	1.18
8090.0	170.0	-0.55	-0.49
8100.0	165.0	2.77	-5.25
8100.0	167.0	1.11	-2.41
8100.0	169.0	-0.03	1.18
8100.0	170.0	-0.55	-0.49
8110.0	165.0	2.8	-4.64
8110.0	167.0	1.16	-3.09
8110.0	169.0	-0.03	1.18
8110.0	170.0	-0.55	-0.49
8120.0	165.0	2.8	-4.03
8120.0	167.0	1.17	-3.77
8120.0	169.0	-0.03	1.18
8120.0	170.0	-0.56	-0.42
8130.0	165.0	2.82	-3.37
8130.0	167.0	1.15	-4.48
8130.0	169.0	-0.03	1.18
8130.0	170.0	-0.56	-0.41
8140.0	165.0	2.9	-2.71
8140.0	167.0	1.21	-5.21
8140.0	169.0	-0.03	1.18
8140.0	170.0	-0.56	-0.41
8150.0	165.0	2.89	-2.06
8150.0	169.0	-0.03	1.18
8150.0	170.0	-0.56	-0.41
9260.0	174.0	0.95	1.71
9260.0	175.0	1.64	2.0
9270.0	174.0	0.96	1.25
9270.0	175.0	1.63	1.5
9280.0	174.0	0.95	0.75
9280.0	175.0	1.62	1.01
9280.0	177.0	-1.32	-1.22
9290.0	174.0	1.0	0.25
9290.0	175.0	1.61	0.49
9290.0	177.0	-1.32	-1.22
9300.0	174.0	0.99	-0.25
9300.0	175.0	1.64	-0.01
9300.0	177.0	-1.32	-1.19
9310.0	174.0	0.97	-0.75
9310.0	175.0	1.6	-0.5
9310.0	177.0	-1.3	-1.19
9320.0	174.0	1.04	-1.28
9320.0	175.0	1.58	-1.01
9320.0	177.0	-1.28	-1.19
9330.0	174.0	1.02	-1.8
9330.0	175.0	1.64	-1.52
9330.0	177.0	-1.26	-1.21
9340.0	174.0	1.01	-2.3
9340.0	175.0	1.66	-2.04
9350.0	174.0	1.03	-2.84
9350.0	175.0	1.76	-2.55
9360.0	174.0	0.96	-3.38
9360.0	175.0	1.83	-3.11
9370.0	174.0	0.97	-3.92
9370.0	175.0	1.83	-3.65
9380.0	174.0	0.99	-4.48
9380.0	175.0	1.9	-4.22
9390.0	174.0	0.95	-5.03
9390.0	175.0	1.8	-4.76
9400.0	174.0	0.99	-5.57
9400.0	175.0	1.76	-5.28
9400.0	182.0	1.89	-9.65
9410.0	174.0	1.05	-6.07
9410.0	175.0	1.61	-5.79
9410.0	182.0	1.92	-9.05
9410.0	183.0	-1.0	-4.77
9410.0	184.0	-1.06	-2.53
9410.0	185.0	-0.88	-1.08
9420.0	174.0	1.0	-6.55
9420.0	175.0	1.58	-6.22
9420.0	182.0	1.98	-8.51
9420.0	183.0	-0.55	-4.46
9420.0	184.0	-1.06	-2.53
9420.0	185.0	-0.86	-1.04
9430.0	174.0	0.98	-7.08
9430.0	175.0	1.45	-6.7
9430.0	182.0	2.15	-7.98
9430.0	183.0	0.11	-4.04
9430.0	184.0	-1.06	-2.53
9430.0	185.0	-0.85	-1.0
9440.0	174.0	0.94	-7.57
9440.0	175.0	1.33	-7.16
9440.0	182.0	2.17	-7.28
9440.0	183.0	0.64	-3.86
9440.0	184.0	-1.06	-2.53
9440.0	185.0	-0.85	-1.0
9450.0	174.0	0.83	-8.09
9450.0	175.0	1.31	-7.57
9450.0	182.0	2.21	-6.76
9450.0	183.0	1.18	-3.73
9450.0	184.0	-1.06	-2.53
9450.0	185.0	-0.87	-1.03
9460.0	174.0	0.8	-8.61
9460.0	175.0	1.29	-8.06
9460.0	182.0	2.28	-6.14
9460.0	183.0	1.73	-3.56
9460.0	184.0	-1.06	-2.53
9460.0	185.0	-0.91	-1.07
9460.0	189.0	0.25	-5.95
9460.0	190.0	-1.1	-0.45
9470.0	182.0	2.39	-5.44
9470.0	183.0	2.28	-3.51
9470.0	184.0	-1.06	-2.53
9470.0	185.0	-0.93	-1.09
9470.0	189.0	0.08	-5.9
9470.0	190.0	-0.69	-0.58
9480.0	182.0	2.46	-4.86
9480.0	183.0	2.81	-3.47
9480.0	184.0	-1.06	-2.53
9480.0	185.0	-0.93	-1.07
9480.0	189.0	0.0	-5.79
9480.0	190.0	-0.32	-0.9
9480.0	193.0	0.45	3.7
9490.0	182.0	2.51	-4.27
9490.0	183.0	3.37	-3.45
9490.0	184.0	-1.06	-2.53
9490.0	185.0	-0.92	-1.05
9490.0	189.0	0.09	-5.7
9490.0	190.0	-0.13	-1.34
9490.0	193.0	0.56	3.02
9500.0	182.0	2.55	-3.65
9500.0	183.0	3.85	-3.55
9500.0	184.0	-1.18	-2.51
9500.0	185.0	-0.88	-1.04
9500.0	189.0	0.01	-5.68
9500.0	190.0	-0.08	-1.86
9500.0	193.0	0.57	2.26
9500.0	194.0	1.72	-8.94
9500.0	196.0	2.07	3.9
9510.0	182.0	2.66	-3.03
9510.0	185.0	-0.86	-1.04
9510.0	189.0	-0.04	-5.75
9510.0	190.0	0.22	-2.46
9510.0	193.0	0.63	1.51
9510.0	194.0	1.78	-8.3
9510.0	196.0	2.0	3.36
9510.0	197.0	0.8	-6.49
9510.0	198.0	-1.31	-2.43
9520.0	182.0	2.7	-2.42
9520.0	185.0	-0.84	-1.04
9520.0	189.0	-0.02	-5.74
9520.0	190.0	0.54	-2.92
9520.0	193.0	0.63	0.75
9520.0	194.0	1.8	-7.81
9520.0	196.0	2.05	2.77
9520.0	197.0	0.72	-7.17
9520.0	198.0	-1.48	-2.32
9530.0	182.0	2.71	-1.76
9530.0	185.0	-0.85	-0.99
9530.0	189.0	-0.02	-5.74
9530.0	190.0	0.58	-3.49
9530.0	193.0	0.63	0.0
9530.0	194.0	1.88	-7.26
9530.0	196.0	1.97	2.08
9530.0	197.0	0.68	-7.88
9530.0	198.0	-1.54	-2.14
9540.0	182.0	2.8	-1.12
9540.0	185.0	-0.87	-1.0
9540.0	189.0	-0.02	-5.74
9540.0	190.0	0.71	-3.96
9540.0	193.0	0.59	-0.73
9540.0	194.0	1.96	-6.65
9540.0	196.0	1.9	1.49
9540.0	197.0	0.61	-8.45
9540.0	198.0	-1.7	-2.01
9550.0	182.0	2.81	-0.51
9550.0	185.0	-0.91	-1.03
9550.0	189.0	-0.02	-5.74
9550.0	190.0	0.83	-4.49
9550.0	193.0	0.51	-1.51
9550.0	194.0	1.98	-6.05
9550.0	196.0	1.81	0.87
9550.0	197.0	0.49	-9.09
9550.0	201.0	2.78	-9.95
9560.0	182.0	2.76	0.09
9560.0	185.0	-0.91	-0.98
9560.0	189.0	-0.02	-5.74
9560.0	190.0	0.87	-5.06
9560.0	193.0	0.48	-2.29
9560.0	194.0	2.04	-5.44
9560.0	196.0	1.66	0.32
9560.0	201.0	2.74	-9.37
9570.0	182.0	2.84	0.81
9570.0	185.0	-0.91	-0.99
9570.0	189.0	-0.02	-5.74
9570.0	190.0	1.04	-5.49
9570.0	193.0	0.49	-3.09
9570.0	194.0	2.06	-4.85
9570.0	196.0	1.57	-0.3
9570.0	201.0	2.77	-8.83
9580.0	182.0	2.81	1.47
9580.0	185.0	-0.9	-1.03
9580.0	189.0	-0.09	-5.79
9580.0	190.0	0.88	-6.01
9580.0	193.0	0.55	-3.93
9580.0	194.0	2.09	-4.22
9580.0	196.0	1.44	-0.92
9580.0	201.0	2.84	-8.3
9590.0	182.0	2.81	2.05
9590.0	185.0	-0.89	-1.05
9590.0	190.0	0.81	-6.64
9590.0	193.0	0.62	-4.64
9590.0	194.0	2.16	-3.62
9590.0	196.0	1.34	-1.49
9590.0	201.0	2.84	-7.75
9590.0	202.0	-0.04	-5.7
9600.0	182.0	2.77	2.62
9600.0	185.0	-0.88	-1.08
9600.0	190.0	0.89	-7.25
9600.0	193.0	0.62	-5.51
9600.0	194.0	2.15	-3.04
9600.0	196.0	1.27	-2.12
9600.0	201.0	2.82	-7.15
9600.0	202.0	-0.04	-5.7
9610.0	182.0	2.76	3.23
9610.0	185.0	-0.86	-1.08
9610.0	190.0	0.88	-7.88
9610.0	193.0	0.63	-6.29
9610.0	194.0	2.14	-2.5
9610.0	196.0	1.16	-2.75
9610.0	201.0	2.86	-6.58
9620.0	185.0	-0.91	-1.0
9620.0	190.0	0.89	-8.47
9620.0	193.0	0.49	-6.99
9620.0	194.0	2.1	-1.94
9620.0	196.0	1.15	-3.37
9620.0	201.0	2.86	-6.04
9630.0	185.0	-0.91	-1.06
9630.0	190.0	1.01	-9.06
9630.0	193.0	0.52	-7.8
9630.0	194.0	1.99	-1.37
9630.0	196.0	1.18	-4.1
9630.0	201.0	2.79	-5.45
9630.0	205.0	3.5	0.27
9640.0	185.0	-0.94	-1.11
9640.0	190.0	1.09	-9.65
9640.0	193.0	0.47	-8.55
9640.0	194.0	1.92	-0.83
9640.0	196.0	1.23	-4.67
9640.0	201.0	2.76	-4.87
9640.0	205.0	3.44	-0.23
9650.0	185.0	-0.94	-1.13
9650.0	193.0	0.42	-9.37
9650.0	194.0	1.84	-0.3
9650.0	196.0	1.38	-5.3
9650.0	201.0	2.65	-4.31
9650.0	205.0	3.33	-0.65
9660.0	185.0	-0.92	-1.12
9660.0	194.0	1.79	0.24
9660.0	196.0	1.44	-5.93
9660.0	201.0	2.67	-3.65
9660.0	205.0	3.34	-1.19
9660.0	206.0	1.26	3.88
9670.0	185.0	-0.88	-1.08
9670.0	194.0	1.75	0.86
9670.0	196.0	1.51	-6.57
9670.0	201.0	2.65	-3.15
9670.0	205.0	3.39	-1.62
9670.0	206.0	1.24	3.45
9670.0	207.0	-0.48	2.56
9670.0	208.0	-1.01	2.77
9680.0	185.0	-0.89	-0.98
9680.0	194.0	1.69	1.29
9680.0	196.0	1.52	-7.23
9680.0	201.0	2.51	-2.62
9680.0	205.0	3.4	-2.14
9680.0	206.0	1.16	2.94
9680.0	207.0	-0.19	2.81
9680.0	208.0	-0.76	3.03
9690.0	185.0	-0.94	-0.95
9690.0	194.0	1.73	1.84
9690.0	196.0	1.45	-7.91
9690.0	201.0	2.54	-2.01
9690.0	205.0	3.42	-2.51
9690.0	206.0	1.14	2.42
9690.0	207.0	0.04	3.09
9690.0	208.0	-0.49	3.3
9700.0	185.0	-0.95	-0.93
9700.0	194.0	1.77	2.35
9700.0	201.0	2.59	-1.45
9700.0	205.0	3.44	-2.96
9700.0	206.0	1.08	1.84
9710.0	185.0	-0.9	-1.02
9710.0	194.0	1.82	2.96
9710.0	201.0	2.57	-0.92
9710.0	205.0	3.51	-3.43
9710.0	206.0	1.11	1.24
9720.0	185.0	-0.89	-1.05
9720.0	201.0	2.63	-0.36
9720.0	205.0	3.65	-3.92
9720.0	206.0	1.1	0.66
9730.0	185.0	-0.9	-1.09
9730.0	201.0	2.63	0.19
9730.0	206.0	1.13	-0.02
9730.0	211.0	3.72	2.7
9730.0	212.0	3.94	0.86
9740.0	185.0	-0.9	-1.11
9740.0	201.0	2.54	0.72
9740.0	206.0	1.26	-0.53
9740.0	211.0	3.66	2.56
9740.0	212.0	3.97	1.11
9750.0	185.0	-0.92	-1.11
9750.0	201.0	2.55	1.32
9750.0	206.0	1.29	-1.2
9750.0	211.0	3.51	2.45
9750.0	212.0	4.12	1.53
9760.0	185.0	-0.95	-1.11
9760.0	201.0	2.58	1.71
9760.0	206.0	1.45	-1.82
9760.0	211.0	3.38	2.3
9770.0	185.0	-0.96	-1.11
9770.0	201.0	2.4	2.31
9770.0	206.0	1.55	-2.44
9770.0	211.0	3.28	2.1
9780.0	185.0	-0.94	-1.11
9780.0	201.0	2.49	2.87
9780.0	206.0	1.7	-3.03
9780.0	211.0	3.21	1.83
9790.0	185.0	-0.94	-1.11
9790.0	206.0	1.87	-3.61
9790.0	211.0	3.19	1.6
9790.0	214.0	1.41	-10.01
9800.0	185.0	-0.94	-1.11
9800.0	206.0	2.0	-4.29
9800.0	211.0	3.24	1.33
9800.0	214.0	1.74	-9.46
9810.0	185.0	-0.94	-1.11
9810.0	206.0	2.26	-4.91
9810.0	211.0	3.26	1.15
9810.0	214.0	1.98	-8.94
9820.0	185.0	-0.94	-1.11
9820.0	206.0	2.6	-5.41
9820.0	211.0	3.22	0.96
9820.0	214.0	2.25	-8.37
9820.0	215.0	2.85	-10.05
9830.0	185.0	-0.94	-1.11
9830.0	206.0	3.03	-5.99
9830.0	211.0	3.15	0.79
9830.0	214.0	2.53	-7.91
9830.0	215.0	2.88	-9.66
9840.0	185.0	-0.94	-1.11
9840.0	206.0	3.4	-6.47
9840.0	211.0	3.14	0.67
9840.0	214.0	2.67	-7.29
9840.0	215.0	2.85	-9.31
9850.0	185.0	-0.94	-1.11
9850.0	206.0	4.0	-7.19
9850.0	211.0	3.16	0.48
9850.0	214.0	2.92	-6.76
9850.0	215.0	2.63	-8.91
9860.0	185.0	-0.97	-1.03
9860.0	211.0	3.19	0.37
9860.0	214.0	3.15	-6.26
9860.0	215.0	2.49	-8.59
9870.0	185.0	-0.92	-1.1
9870.0	211.0	3.18	0.34
9870.0	214.0	3.42	-5.81
9870.0	215.0	2.4	-8.18
9880.0	185.0	-0.92	-1.11
9880.0	211.0	3.16	0.33
9880.0	214.0	3.81	-5.46
9880.0	215.0	2.31	-7.85
9890.0	185.0	-0.92	-1.11
9890.0	211.0	3.05	0.33
9890.0	214.0	4.19	-5.09
9890.0	215.0	2.1	-7.51
9900.0	185.0	-0.92	-1.11
9900.0	215.0	1.91	-7.2
9910.0	185.0	-0.94	-1.11
9910.0	215.0	1.85	-6.78
9920.0	185.0	-0.94	-1.11
9920.0	215.0	1.8	-6.43
9920.0	217.0	-1.42	-5.68
9930.0	185.0	-0.94	-1.11
9930.0	215.0	1.68	-6.05
9930.0	217.0	-1.42	-5.68
9940.0	185.0	-0.94	-1.11
9940.0	215.0	1.58	-5.68
9940.0	217.0	-1.42	-5.68
9950.0	185.0	-0.92	-1.13
9950.0	215.0	1.61	-5.26
9950.0	217.0	-1.42	-5.68
9960.0	185.0	-0.9	-1.15
9960.0	215.0	1.6	-4.88
9960.0	217.0	-1.42	-5.68
9970.0	185.0	-0.9	-1.08
9970.0	215.0	1.43	-4.55
9970.0	217.0	-1.42	-5.68
9980.0	185.0	-0.91	-1.07
9980.0	215.0	1.23	-4.21
9980.0	217.0	-1.42	-5.68
9990.0	185.0	-0.95	-1.05
9990.0	215.0	1.16	-3.83
9990.0	217.0	-1.42	-5.68
10000.0	219.0	1.09	-3.46
10010.0	219.0	0.96	-3.1
10020.0	219.0	0.82	-2.71
10030.0	219.0	0.84	-2.33
10040.0	219.0	0.83	-1.91
10050.0	219.0	0.69	-1.54
10050.0	222.0	-0.94	-0.96
10060.0	219.0	0.54	-1.18
10060.0	222.0	-0.99	-1.05
10070.0	219.0	0.51	-0.78
10070.0	222.0	-1.02	-1.15
10070.0	224.0	0.5	4.18
10080.0	219.0	0.46	-0.44
10080.0	222.0	-1.02	-1.2
10080.0	224.0	0.55	3.77
10080.0	226.0	1.62	-9.94
10090.0	219.0	0.32	-0.12
10090.0	222.0	-1.06	-1.2
10090.0	224.0	0.71	3.4
10090.0	226.0	1.72	-9.5
10100.0	219.0	0.18	0.21
10100.0	222.0	-1.09	-1.17
10100.0	224.0	0.74	2.98
10100.0	226.0	1.71	-8.99
10110.0	219.0	0.19	0.56
10110.0	222.0	-1.11	-1.15
10110.0	224.0	0.73	2.54
10110.0	226.0	1.7	-8.5
10120.0	219.0	0.19	1.0
10120.0	222.0	-1.11	-1.13
10120.0	224.0	0.92	2.13
10120.0	226.0	1.64	-8.02
10130.0	219.0	0.09	1.37
10130.0	222.0	-1.13	-1.11
10130.0	224.0	0.95	1.69
10130.0	226.0	1.5	-7.49
10140.0	219.0	0.07	1.75
10140.0	222.0	-1.15	-1.08
10140.0	224.0	0.9	1.15
10140.0	226.0	1.45	-6.96
10150.0	219.0	0.19	2.11
10150.0	222.0	-1.15	-1.08
10150.0	224.0	1.03	0.73
10150.0	226.0	1.4	-6.46
10160.0	219.0	0.27	2.43
10160.0	222.0	-1.15	-1.08
10160.0	224.0	1.07	0.29
10160.0	226.0	1.31	-5.96
10170.0	219.0	0.26	2.75
10170.0	222.0	-1.15	-1.08
10170.0	224.0	0.98	-0.26
10170.0	226.0	1.27	-5.46
10180.0	219.0	0.24	3.06
10180.0	222.0	-1.15	-1.08
10180.0	224.0	1.08	-0.71
10180.0	226.0	1.21	-4.99
10190.0	222.0	-1.15	-1.08
10190.0	224.0	1.19	-1.15
10190.0	226.0	1.12	-4.52
10200.0	222.0	-1.15	-1.08
10200.0	224.0	1.14	-1.78
10200.0	226.0	1.1	-4.04
10210.0	222.0	-1.15	-1.1
10210.0	224.0	1.19	-2.21
10210.0	226.0	0.97	-3.58
10220.0	222.0	-1.21	-1.19
10220.0	224.0	1.4	-2.62
10220.0	226.0	0.85	-3.14
10230.0	222.0	-1.33	-1.31
10230.0	224.0	1.41	-3.07
10230.0	226.0	0.76	-2.65
10240.0	222.0	-1.34	-1.32
10240.0	224.0	1.41	-3.53
10240.0	226.0	0.67	-2.19
10250.0	222.0	-1.69	-1.46
10250.0	224.0	1.55	-4.03
10250.0	226.0	0.67	-1.75
10260.0	222.0	-1.76	-1.4
10260.0	224.0	1.42	-4.53
10260.0	226.0	0.74	-1.28
10260.0	232.0	3.52	-10.01
10270.0	224.0	1.25	-5.05
10270.0	226.0	0.81	-0.75
10270.0	232.0	3.43	-9.55
10280.0	224.0	1.36	-5.5
10280.0	226.0	0.96	-0.34
10280.0	232.0	3.44	-9.17
10290.0	224.0	1.37	-5.96
10290.0	226.0	1.12	0.22
10290.0	232.0	3.54	-8.78
10300.0	224.0	1.19	-6.51
10300.0	226.0	1.25	0.73
10300.0	232.0	3.56	-8.35
10310.0	224.0	1.19	-7.01
10310.0	226.0	1.45	1.21
10310.0	232.0	3.56	-7.92
10320.0	224.0	1.29	-7.46
10320.0	226.0	1.58	1.69
10320.0	232.0	3.63	-7.49
10330.0	224.0	1.16	-7.98
10330.0	232.0	3.59	-7.11
10340.0	224.0	1.13	-8.44
10340.0	232.0	3.65	-6.6
10350.0	232.0	3.64	-6.25
10360.0	232.0	3.71	-5.78
10370.0	232.0	3.64	-5.35
10370.0	235.0	4.0	-9.3
10370.0	236.0	3.42	-9.44
10380.0	232.0	3.63	-5.03
10380.0	235.0	4.02	-8.91
10380.0	236.0	3.38	-9.1
10390.0	232.0	3.63	-4.68
10390.0	235.0	4.04	-8.55
10390.0	236.0	3.33	-8.76
10400.0	232.0	3.64	-4.33
10400.0	235.0	3.97	-8.19
10400.0	236.0	3.35	-8.41
10410.0	232.0	3.58	-3.97
10410.0	235.0	3.92	-7.87
10410.0	236.0	3.34	-8.07
10420.0	232.0	3.48	-3.68
10420.0	235.0	3.98	-7.55
10420.0	236.0	3.26	-7.66
10430.0	232.0	3.52	-3.34
10430.0	235.0	3.94	-7.21
10430.0	236.0	3.24	-7.32
10440.0	232.0	3.64	-2.96
10440.0	235.0	3.87	-6.89
10440.0	236.0	3.29	-6.88
10440.0	238.0	0.66	4.27
10440.0	239.0	1.13	4.18
10450.0	232.0	3.65	-2.58
10450.0	235.0	3.95	-6.5
10450.0	236.0	3.21	-6.56
10450.0	238.0	0.67	4.29
10450.0	239.0	1.12	4.2
10460.0	232.0	3.65	-2.2
10460.0	235.0	3.89	-6.17
10460.0	236.0	3.15	-6.12
10460.0	238.0	0.65	4.3
10460.0	239.0	1.13	4.19
10470.0	232.0	3.66	-1.81
10470.0	235.0	3.81	-5.81
10470.0	236.0	3.21	-5.74
10470.0	238.0	0.65	4.3
10470.0	239.0	1.1	4.21
10480.0	232.0	3.68	-1.37
10480.0	235.0	3.82	-5.41
10480.0	236.0	3.19	-5.31
10480.0	238.0	0.65	4.3
10480.0	239.0	1.09	4.19
10490.0	232.0	3.65	-0.98
10490.0	235.0	3.83	-4.95
10490.0	236.0	3.1	-4.93
10490.0	238.0	0.68	4.29
10490.0	239.0	1.08	4.19
10500.0	232.0	3.65	-0.62
10500.0	235.0	3.77	-4.52
10500.0	236.0	3.11	-4.57
10500.0	238.0	0.7	4.29
10500.0	239.0	1.09	4.19
10510.0	232.0	3.64	-0.13
10510.0	235.0	3.81	-4.12
10510.0	236.0	3.13	-4.2
10510.0	238.0	0.7	4.27
10510.0	239.0	1.15	4.2
10520.0	232.0	3.56	0.21
10520.0	235.0	3.83	-3.76
10520.0	236.0	3.07	-3.8
10520.0	238.0	0.69	4.29
10520.0	239.0	1.12	4.21
10530.0	232.0	3.49	0.61
10530.0	235.0	3.81	-3.39
10530.0	236.0	3.02	-3.42
10530.0	238.0	0.68	4.29
10530.0	239.0	1.1	4.19
10540.0	232.0	3.57	1.02
10540.0	235.0	3.82	-3.02
10540.0	236.0	3.07	-3.03
10540.0	238.0	0.68	4.29
10540.0	239.0	1.08	4.19
10550.0	232.0	3.58	1.36
10550.0	235.0	3.82	-2.65
10550.0	236.0	3.06	-2.68
10550.0	238.0	0.63	4.28
10550.0	239.0	0.99	4.14
10560.0	232.0	3.42	1.73
10560.0	235.0	3.8	-2.26
10560.0	236.0	2.94	-2.25
10570.0	232.0	3.42	2.12
10570.0	235.0	3.75	-1.88
10570.0	236.0	3.0	-1.87
10570.0	241.0	0.95	4.15
10580.0	232.0	3.53	2.47
10580.0	235.0	3.75	-1.46
10580.0	236.0	3.07	-1.5
10580.0	241.0	0.86	4.23
10590.0	232.0	3.05	2.94
10590.0	235.0	3.68	-1.09
10590.0	236.0	3.02	-1.12
10600.0	235.0	3.64	-0.75
10600.0	236.0	2.96	-0.78
10600.0	247.0	0.82	4.04
10610.0	235.0	3.66	-0.29
10610.0	236.0	3.04	-0.42
10610.0	247.0	0.8	3.88
10610.0	251.0	0.59	4.25
10620.0	235.0	3.61	-0.0
10620.0	236.0	3.03	-0.1
10620.0	247.0	0.79	3.78
10620.0	251.0	0.59	4.25
10620.0	253.0	4.02	-9.15
10630.0	235.0	3.55	0.37
10630.0	236.0	3.02	0.31
10630.0	247.0	0.82	4.02
10630.0	253.0	3.99	-8.68
10640.0	235.0	3.57	0.73
10640.0	236.0	2.94	0.7
10640.0	247.0	0.84	4.13
10640.0	253.0	3.99	-8.24
10650.0	235.0	3.51	1.04
10650.0	236.0	2.95	1.03
10650.0	247.0	0.79	3.82
10650.0	253.0	4.0	-7.78
10660.0	235.0	3.39	1.34
10660.0	236.0	2.88	1.37
10660.0	247.0	0.82	4.02
10660.0	253.0	4.0	-7.36
10670.0	235.0	3.41	1.75
10670.0	236.0	2.88	1.71
10670.0	247.0	0.87	4.07
10670.0	253.0	3.91	-6.96
10680.0	235.0	3.44	2.12
10680.0	236.0	2.91	2.05
10680.0	247.0	0.83	4.13
10680.0	253.0	3.9	-6.53
10690.0	235.0	3.41	2.47
10690.0	236.0	2.86	2.4
10690.0	247.0	0.76	3.81
10690.0	253.0	3.88	-6.07
10700.0	235.0	3.47	2.83
10700.0	236.0	2.78	2.73
10700.0	247.0	0.8	3.84
10700.0	253.0	3.94	-5.66
10710.0	235.0	3.51	3.19
10710.0	236.0	2.83	3.05
10710.0	247.0	0.76	3.85
10710.0	253.0	3.96	-5.19
10710.0	254.0	2.84	-9.9
10720.0	235.0	3.47	3.55
10720.0	236.0	2.88	3.44
10720.0	253.0	3.96	-4.73
10720.0	254.0	2.77	-9.22
10720.0	255.0	1.6	4.1
10730.0	235.0	3.52	3.72
10730.0	236.0	2.8	3.78
10730.0	253.0	4.03	-4.25
10730.0	254.0	2.78	-8.53
10730.0	255.0	1.46	3.51
10740.0	253.0	4.11	-3.86
10740.0	254.0	2.78	-7.89
10740.0	255.0	1.46	2.8
10750.0	253.0	4.12	-3.38
10750.0	254.0	2.76	-7.25
10750.0	255.0	1.39	2.07
10760.0	253.0	4.35	-2.84
10760.0	254.0	2.8	-6.59
10760.0	255.0	1.38	1.4
10770.0	254.0	2.79	-5.91
10770.0	255.0	1.41	0.68
10780.0	254.0	2.8	-5.3
10780.0	255.0	1.43	-0.07
10790.0	254.0	2.85	-4.63
10790.0	255.0	1.53	-0.82
10800.0	254.0	2.88	-3.93
10800.0	255.0	1.57	-1.58
10810.0	254.0	2.97	-3.34
10810.0	255.0	1.55	-2.25
10820.0	254.0	3.0	-2.72
10820.0	255.0	1.59	-2.82
10830.0	254.0	2.98	-2.08
10830.0	255.0	1.57	-3.56
10840.0	254.0	2.99	-1.44
10840.0	255.0	1.6	-4.31
10850.0	254.0	2.93	-0.8
10850.0	255.0	1.68	-5.16
10860.0	254.0	2.85	-0.2
10860.0	255.0	1.65	-5.91
10860.0	260.0	2.37	-1.43
10870.0	254.0	2.76	0.46
10870.0	255.0	1.74	-6.68
10870.0	260.0	2.73	-1.85
10880.0	254.0	2.64	1.07
10880.0	255.0	1.88	-7.54
10880.0	260.0	3.17	-2.21
10890.0	254.0	2.61	1.69
10890.0	255.0	1.83	-8.31
10890.0	260.0	3.66	-2.46
10900.0	254.0	2.58	2.28
10900.0	255.0	1.81	-9.03
10900.0	260.0	4.16	-2.73
10910.0	254.0	2.58	2.84
10920.0	254.0	2.47	3.39
11000.0	262.0	3.39	-9.44
11010.0	262.0	3.45	-8.86
11020.0	262.0	3.43	-8.25
11030.0	262.0	3.48	-7.66
11040.0	262.0	3.43	-6.99
11050.0	262.0	3.37	-6.35
11060.0	262.0	3.31	-5.75
11070.0	262.0	3.22	-5.17
11080.0	262.0	3.22	-4.62
11090.0	262.0	3.23	-4.02
11100.0	262.0	3.17	-3.38
11110.0	262.0	3.19	-2.78
11120.0	262.0	3.28	-2.23
11130.0	262.0	3.28	-1.47
11140.0	262.0	3.36	-0.82
11150.0	262.0	3.38	-0.27
11150.0	264.0	1.86	3.35
11160.0	262.0	3.36	0.33
11160.0	264.0	1.87	2.8
11170.0	262.0	3.36	0.94
11170.0	264.0	1.74	2.23
11180.0	262.0	3.22	1.51
11180.0	264.0	1.78	1.63
11190.0	262.0	3.17	1.98
11190.0	264.0	1.67	1.05
11200.0	262.0	3.11	2.6
11200.0	264.0	1.62	0.46
11210.0	262.0	3.0	3.15
11210.0	264.0	1.65	-0.14
11220.0	264.0	1.55	-0.76
11230.0	264.0	1.64	-1.39
11240.0	264.0	1.64	-2.01
11250.0	264.0	1.61	-2.64
11260.0	264.0	1.69	-3.29
11270.0	264.0	1.58	-3.95
11280.0	264.0	1.62	-4.62
11290.0	264.0	1.64	-5.33
11300.0	264.0	1.54	-6.03
11310.0	264.0	1.63	-6.72
11320.0	264.0	1.54	-7.36
11330.0	264.0	1.6	-8.0
11340.0	264.0	1.66	-8.67
11350.0	265.0	0.78	3.0
11350.0	266.0	-0.83	2.36
11360.0	265.0	0.8	2.48
11360.0	266.0	-0.83	2.36
11360.0	267.0	1.57	3.49
11360.0	268.0	1.98	3.77
11370.0	265.0	0.8	1.96
11370.0	266.0	-0.83	2.36
11370.0	267.0	1.61	2.85
11370.0	268.0	2.13	3.11
11370.0	271.0	3.69	-7.91
11380.0	265.0	0.85	1.4
11380.0	266.0	-0.83	2.36
11380.0	267.0	1.73	2.12
11380.0	268.0	2.26	2.49
11380.0	271.0	3.54	-7.24
11390.0	265.0	0.85	0.87
11390.0	266.0	-0.83	2.36
11390.0	267.0	1.75	1.57
11390.0	268.0	2.3	1.9
11390.0	271.0	3.51	-6.6
11400.0	265.0	0.8	0.34
11400.0	266.0	-0.83	2.36
11400.0	267.0	1.75	0.94
11400.0	268.0	2.43	1.23
11400.0	271.0	3.46	-5.91
11410.0	265.0	0.82	-0.22
11410.0	266.0	-0.83	2.36
11410.0	267.0	1.79	0.23
11410.0	268.0	2.39	0.52
11410.0	271.0	3.44	-5.24
11420.0	265.0	0.8	-0.73
11420.0	266.0	-0.83	2.36
11420.0	267.0	1.83	-0.42
11420.0	268.0	2.45	-0.24
11420.0	271.0	3.52	-4.57
11430.0	265.0	0.75	-1.26
11430.0	266.0	-0.83	2.36
11430.0	267.0	1.84	-1.06
11430.0	268.0	2.47	-0.87
11430.0	271.0	3.53	-3.86
11440.0	265.0	0.85	-1.92
11440.0	266.0	-0.83	2.36
11440.0	267.0	1.91	-1.72
11440.0	268.0	2.46	-1.51
11440.0	271.0	3.56	-3.23
11450.0	265.0	0.83	-2.48
11450.0	266.0	-0.83	2.36
11450.0	267.0	1.95	-2.4
11450.0	268.0	2.49	-2.21
11450.0	271.0	3.6	-2.54
11460.0	265.0	0.81	-3.05
11460.0	266.0	-0.83	2.36
11460.0	267.0	2.02	-3.05
11460.0	268.0	2.48	-2.86
11460.0	271.0	3.6	-1.86
11470.0	265.0	0.77	-3.63
11470.0	266.0	-0.83	2.36
11470.0	267.0	2.09	-3.76
11470.0	268.0	2.54	-3.63
11470.0	271.0	3.63	-1.27
11480.0	265.0	0.7	-4.23
11480.0	266.0	-0.83	2.36
11480.0	267.0	2.13	-4.5
11480.0	268.0	2.64	-4.34
11480.0	271.0	3.59	-0.57
11490.0	265.0	0.63	-4.77
11490.0	266.0	-0.83	2.36
11490.0	267.0	2.2	-5.17
11490.0	268.0	2.71	-5.06
11500.0	265.0	0.67	-5.45
11500.0	266.0	-0.83	2.36
11500.0	267.0	2.22	-5.9
11500.0	268.0	2.9	-5.77
11510.0	265.0	0.61	-6.1
11510.0	266.0	-0.83	2.36
11510.0	267.0	2.19	-6.55
11510.0	268.0	2.9	-6.49
11520.0	265.0	0.49	-6.7
11520.0	266.0	-0.83	2.36
11520.0	267.0	2.14	-7.32
11520.0	268.0	2.89	-7.23
11530.0	265.0	0.5	-7.29
11530.0	266.0	-0.83	2.36
11530.0	267.0	2.06	-7.97
11530.0	268.0	2.94	-7.96
11540.0	265.0	0.47	-7.82
11540.0	266.0	-0.83	2.36
11540.0	267.0	2.13	-8.67
11540.0	268.0	2.95	-8.57
11610.0	272.0	1.57	2.8
11620.0	272.0	1.6	2.28
11630.0	272.0	1.59	1.79
11640.0	272.0	1.65	1.26
11650.0	272.0	1.65	0.78
11660.0	272.0	1.61	0.3
11670.0	272.0	1.59	-0.22
11680.0	272.0	1.53	-0.71
11690.0	272.0	1.47	-1.2
11700.0	272.0	1.47	-1.73
11710.0	272.0	1.46	-2.27
11720.0	272.0	1.46	-2.81
11730.0	272.0	1.54	-3.41
11770.0	276.0	2.12	0.66
11770.0	277.0	0.28	1.49
11780.0	276.0	2.04	1.3
11780.0	277.0	0.23	0.93
11790.0	276.0	2.05	1.9
11790.0	277.0	0.21	0.37
11800.0	276.0	2.03	2.46
11800.0	277.0	0.2	-0.19
11810.0	276.0	1.99	3.06
11810.0	277.0	0.14	-0.71
11820.0	276.0	2.1	3.66
11820.0	277.0	0.1	-1.27
11830.0	277.0	0.2	-1.85
11840.0	277.0	0.24	-2.39
11850.0	277.0	0.25	-2.95
11860.0	277.0	0.34	-3.51
11870.0	277.0	0.42	-4.19
11880.0	277.0	0.28	-4.67
11890.0	277.0	0.32	-5.26
11900.0	277.0	0.28	-5.87
11910.0	277.0	0.19	-6.45
11920.0	277.0	0.21	-6.99
11930.0	277.0	0.09	-7.62
11940.0	277.0	0.06	-8.33
11950.0	277.0	0.1	-8.91
11960.0	277.0	0.17	-9.49
12440.0	284.0	0.94	1.73
12450.0	284.0	1.02	1.02
12450.0	287.0	3.66	-5.24
12450.0	288.0	3.1	-7.4
12460.0	284.0	1.02	0.29
12460.0	287.0	3.56	-4.6
12460.0	288.0	3.03	-6.72
12470.0	284.0	1.05	-0.4
12470.0	287.0	3.54	-4.03
12470.0	288.0	2.95	-6.06
12480.0	284.0	1.02	-1.12
12480.0	287.0	3.52	-3.44
12480.0	288.0	2.91	-5.43
12490.0	284.0	1.02	-1.8
12490.0	287.0	3.53	-2.87
12490.0	288.0	2.91	-4.79
12500.0	284.0	0.94	-2.55
12500.0	287.0	3.54	-2.32
12500.0	288.0	2.86	-4.12
12500.0	290.0	3.58	-7.57
12510.0	284.0	0.88	-3.27
12510.0	287.0	3.5	-1.75
12510.0	288.0	2.77	-3.44
12510.0	290.0	3.58	-6.92
12520.0	284.0	0.91	-4.01
12520.0	287.0	3.46	-1.2
12520.0	288.0	2.59	-2.84
12520.0	290.0	3.69	-6.25
12520.0	292.0	-0.85	2.36
12520.0	293.0	-0.81	4.04
12530.0	284.0	0.89	-4.79
12530.0	287.0	3.45	-0.7
12530.0	288.0	2.36	-2.18
12530.0	290.0	3.78	-5.64
12530.0	292.0	-0.85	2.36
12530.0	293.0	-0.81	4.04
12540.0	284.0	0.9	-5.54
12540.0	287.0	3.41	-0.14
12540.0	288.0	2.15	-1.58
12540.0	290.0	3.84	-5.0
12540.0	292.0	-0.85	2.36
12540.0	293.0	-0.81	4.04
12550.0	284.0	0.84	-6.3
12550.0	287.0	3.4	0.43
12550.0	288.0	1.89	-1.02
12550.0	290.0	3.99	-4.27
12550.0	292.0	-0.85	2.36
12550.0	293.0	-0.81	4.04
12560.0	284.0	0.77	-7.05
12560.0	287.0	3.38	0.96
12560.0	288.0	1.68	-0.46
12560.0	290.0	4.04	-3.64
12560.0	292.0	-0.85	2.36
12560.0	293.0	-0.81	4.04
12570.0	284.0	0.73	-7.9
12570.0	287.0	3.44	1.55
12570.0	288.0	1.48	0.07
12570.0	290.0	4.18	-3.07
12570.0	292.0	-0.85	2.36
12570.0	293.0	-0.81	4.04
12580.0	284.0	0.71	-8.65
12580.0	287.0	3.47	2.15
12580.0	288.0	1.26	0.62
12580.0	292.0	-0.85	2.36
12580.0	293.0	-0.81	4.04
12590.0	284.0	0.82	-9.38
12590.0	287.0	3.43	2.63
12590.0	288.0	1.07	1.14
12590.0	292.0	-0.85	2.36
12590.0	293.0	-0.81	4.04
12600.0	284.0	0.77	-10.06
12600.0	287.0	3.41	3.17
12600.0	288.0	0.84	1.6
12600.0	292.0	-0.85	2.36
12600.0	293.0	-0.81	4.04
12610.0	287.0	3.39	3.62
12610.0	288.0	0.67	2.03
12610.0	292.0	-0.85	2.36
12610.0	293.0	-0.81	4.04
12620.0	288.0	0.47	2.48
12620.0	292.0	-0.85	2.36
12620.0	293.0	-0.81	4.04
12630.0	288.0	0.25	2.83
12630.0	292.0	-0.85	2.36
12630.0	293.0	-0.81	4.04
12640.0	288.0	0.18	3.06
12640.0	292.0	-0.85	2.36
12640.0	293.0	-0.81	4.04
12650.0	288.0	0.09	3.33
12650.0	292.0	-0.85	2.36
12650.0	293.0	-0.81	4.04
12660.0	288.0	0.02	3.33
12660.0	292.0	-0.85	2.36
12660.0	293.0	-0.81	4.04
12670.0	288.0	0.0	3.37
12670.0	292.0	-0.85	2.36
12670.0	293.0	-0.81	4.04
12680.0	288.0	0.0	3.39
12680.0	292.0	-0.85	2.36
12680.0	293.0	-0.81	4.04
12690.0	288.0	0.0	3.39
12690.0	292.0	-0.85	2.36
12690.0	293.0	-0.81	4.04
12700.0	288.0	0.0	3.39
12700.0	292.0	-0.85	2.36
12700.0	293.0	-0.81	4.04
12700.0	296.0	1.28	3.22
12710.0	288.0	0.0	3.39
12710.0	292.0	-0.85	2.36
12710.0	293.0	-0.81	4.04
12710.0	296.0	1.23	2.62
12720.0	288.0	0.0	3.39
12720.0	292.0	-0.85	2.36
12720.0	293.0	-0.81	4.04
12720.0	296.0	1.16	2.01
12730.0	288.0	0.0	3.39
12730.0	292.0	-0.85	2.36
12730.0	293.0	-0.81	4.04
12730.0	296.0	1.17	1.3
12740.0	288.0	0.0	3.39
12740.0	292.0	-0.85	2.36
12740.0	293.0	-0.81	4.04
12740.0	296.0	1.12	0.64
12750.0	288.0	0.13	3.49
12750.0	292.0	-0.85	2.36
12750.0	293.0	-0.81	4.04
12750.0	296.0	1.13	0.0
12760.0	296.0	1.07	-0.65
12770.0	296.0	1.01	-1.28
12780.0	296.0	1.04	-1.97
12790.0	296.0	0.97	-2.66
12790.0	300.0	2.36	-8.39
12800.0	296.0	1.02	-3.35
12800.0	300.0	2.4	-7.62
12810.0	296.0	1.0	-4.07
12810.0	300.0	2.46	-6.88
12820.0	296.0	0.93	-4.86
12820.0	300.0	2.53	-6.24
12830.0	296.0	0.95	-5.59
12830.0	300.0	2.59	-5.47
12840.0	296.0	0.85	-6.33
12840.0	300.0	2.55	-4.73
12850.0	296.0	0.85	-7.0
12850.0	300.0	2.55	-3.96
12860.0	296.0	0.82	-7.67
12860.0	300.0	2.56	-3.21
12870.0	296.0	0.73	-8.35
12870.0	300.0	2.46	-2.5
12870.0	302.0	2.74	-10.19
12880.0	296.0	0.75	-9.06
12880.0	300.0	2.54	-1.69
12880.0	302.0	2.91	-9.54
12890.0	296.0	0.65	-9.78
12890.0	300.0	2.52	-0.88
12890.0	302.0	2.96	-8.71
12900.0	300.0	2.55	-0.22
12900.0	302.0	3.0	-8.04
12900.0	303.0	-2.0	0.22
12910.0	300.0	2.61	0.6
12910.0	302.0	3.07	-7.36
12910.0	303.0	-1.89	0.04
12920.0	300.0	2.64	1.35
12920.0	302.0	3.08	-6.65
12920.0	303.0	-1.82	-0.26
12930.0	300.0	2.71	2.03
12930.0	302.0	3.11	-5.96
12930.0	303.0	-1.67	-0.44
12940.0	300.0	2.76	2.71
12940.0	302.0	3.12	-5.26
12940.0	303.0	-1.45	-0.51
12950.0	302.0	3.09	-4.53
12950.0	303.0	-1.27	-0.5
12960.0	302.0	3.15	-3.8
12960.0	303.0	-1.22	-0.46
12970.0	302.0	3.14	-3.08
12970.0	303.0	-1.05	-0.41
12980.0	302.0	3.23	-2.5
12980.0	303.0	-1.03	-0.38
12990.0	302.0	3.31	-1.82
12990.0	303.0	-1.08	-0.38
13000.0	302.0	3.4	-1.15
13000.0	303.0	-1.14	-0.37
13010.0	302.0	3.42	-0.57
13010.0	303.0	-1.18	-0.32
13010.0	306.0	1.14	3.16
13020.0	302.0	3.53	0.01
13020.0	303.0	-1.22	-0.26
13020.0	306.0	1.15	2.66
13030.0	302.0	3.48	0.7
13030.0	303.0	-1.22	-0.24
13030.0	306.0	1.14	2.12
13040.0	302.0	3.69	1.2
13040.0	303.0	-1.22	-0.23
13040.0	306.0	1.17	1.6
13050.0	302.0	3.69	1.81
13050.0	303.0	-1.22	-0.23
13050.0	306.0	1.18	1.1
13060.0	303.0	-1.22	-0.23
13060.0	306.0	1.12	0.54
13060.0	307.0	2.6	-8.67
13070.0	303.0	-1.22	-0.23
13070.0	306.0	1.04	-0.09
13070.0	307.0	2.49	-8.26
13080.0	303.0	-1.22	-0.23
13080.0	306.0	0.98	-0.63
13080.0	307.0	2.47	-7.74
13090.0	303.0	-1.22	-0.23
13090.0	306.0	0.82	-1.22
13090.0	307.0	2.5	-7.26
13100.0	303.0	-1.22	-0.23
13100.0	306.0	0.8	-1.86
13100.0	307.0	2.47	-6.78
13110.0	303.0	-1.22	-0.23
13110.0	306.0	0.79	-2.5
13110.0	307.0	2.46	-6.28
13120.0	303.0	-1.22	-0.23
13120.0	306.0	0.74	-3.05
13120.0	307.0	2.53	-5.81
13130.0	303.0	-1.22	-0.23
13130.0	306.0	0.88	-3.64
13130.0	307.0	2.55	-5.37
13130.0	310.0	-1.49	-8.22
13130.0	312.0	-1.05	3.09
13140.0	303.0	-1.22	-0.23
13140.0	306.0	1.0	-4.26
13140.0	307.0	2.55	-4.94
13140.0	310.0	-1.49	-8.22
13140.0	312.0	-1.03	3.09
13150.0	303.0	-1.22	-0.23
13150.0	306.0	1.1	-4.87
13150.0	307.0	2.56	-4.48
13150.0	310.0	-1.49	-8.22
13150.0	312.0	-1.23	3.14
13160.0	303.0	-1.22	-0.23
13160.0	306.0	1.34	-5.52
13160.0	307.0	2.48	-4.14
13160.0	310.0	-1.47	-8.22
13170.0	303.0	-1.22	-0.23
13170.0	306.0	1.45	-6.04
13170.0	307.0	2.35	-3.8
13170.0	310.0	-1.45	-8.22
13170.0	315.0	1.13	-10.03
13180.0	303.0	-1.22	-0.23
13180.0	306.0	1.54	-6.69
13180.0	307.0	2.29	-3.42
13180.0	310.0	-1.45	-8.19
13180.0	315.0	1.12	-9.54
13180.0	317.0	0.66	-9.8
13190.0	303.0	-1.22	-0.23
13190.0	306.0	1.7	-7.33
13190.0	307.0	2.24	-3.07
13190.0	310.0	-1.45	-8.13
13190.0	315.0	1.0	-9.05
13190.0	317.0	0.54	-9.33
13200.0	303.0	-1.22	-0.23
13200.0	306.0	1.75	-8.04
13200.0	307.0	2.12	-2.74
13200.0	310.0	-1.45	-8.12
13200.0	315.0	0.79	-8.66
13200.0	317.0	0.55	-8.84
13210.0	303.0	-1.22	-0.23
13210.0	306.0	1.72	-8.69
13210.0	307.0	2.07	-2.36
13210.0	310.0	-1.45	-8.2
13210.0	315.0	0.77	-8.24
13210.0	317.0	0.5	-8.41
13210.0	318.0	3.7	0.62
13220.0	303.0	-1.22	-0.23
13220.0	306.0	1.75	-9.34
13220.0	307.0	2.1	-2.07
13220.0	310.0	-1.47	-8.28
13220.0	315.0	0.83	-7.78
13220.0	317.0	0.38	-7.97
13220.0	318.0	3.66	1.49
13230.0	303.0	-1.22	-0.23
13230.0	306.0	1.71	-9.94
13230.0	307.0	2.1	-1.73
13230.0	310.0	-1.48	-8.34
13230.0	315.0	0.79	-7.3
13230.0	317.0	0.36	-7.52
13230.0	318.0	3.66	2.18
13230.0	319.0	1.64	3.88
13240.0	303.0	-1.22	-0.23
13240.0	307.0	2.03	-1.54
13240.0	310.0	-1.48	-8.33
13240.0	315.0	0.69	-6.89
13240.0	317.0	0.33	-7.11
13240.0	318.0	3.64	2.88
13240.0	319.0	1.55	3.17
13250.0	303.0	-1.22	-0.23
13250.0	307.0	2.04	-1.24
13250.0	310.0	-1.48	-8.31
13250.0	315.0	0.73	-6.46
13250.0	317.0	0.24	-6.68
13250.0	319.0	1.4	2.37
13260.0	303.0	-1.22	-0.23
13260.0	307.0	2.03	-1.12
13260.0	310.0	-1.46	-8.29
13260.0	315.0	0.75	-5.98
13260.0	317.0	0.2	-6.25
13260.0	319.0	1.28	1.48
13270.0	303.0	-1.22	-0.23
13270.0	307.0	2.02	-1.21
13270.0	310.0	-1.44	-8.29
13270.0	315.0	0.62	-5.55
13270.0	317.0	0.22	-5.79
13270.0	319.0	1.15	0.76
13280.0	303.0	-1.22	-0.23
13280.0	307.0	2.02	-1.21
13280.0	310.0	-1.44	-8.29
13280.0	315.0	0.57	-5.14
13280.0	317.0	0.16	-5.43
13280.0	319.0	1.15	-0.03
13290.0	303.0	-1.22	-0.23
13290.0	307.0	2.02	-1.2
13290.0	310.0	-1.44	-8.29
13290.0	315.0	0.59	-4.67
13290.0	317.0	0.03	-5.1
13290.0	319.0	1.06	-0.92
13300.0	303.0	-1.22	-0.23
13300.0	307.0	2.01	-1.13
13300.0	310.0	-1.44	-8.29
13300.0	315.0	0.39	-4.29
13300.0	317.0	-0.09	-4.84
13300.0	319.0	1.14	-1.76
13310.0	303.0	-1.22	-0.23
13310.0	307.0	2.01	-1.14
13310.0	310.0	-1.44	-8.29
13310.0	315.0	0.16	-3.96
13310.0	317.0	-0.18	-4.63
13310.0	319.0	1.22	-2.6
13320.0	303.0	-1.22	-0.23
13320.0	307.0	2.0	-1.16
13320.0	310.0	-1.33	-8.28
13320.0	315.0	-0.05	-3.54
13320.0	317.0	-0.44	-4.45
13320.0	319.0	1.29	-3.46
13320.0	320.0	1.82	2.92
13330.0	303.0	-1.22	-0.23
13330.0	307.0	2.0	-1.18
13330.0	310.0	-1.32	-8.27
13330.0	315.0	-0.27	-3.46
13330.0	317.0	-0.65	-4.27
13330.0	319.0	1.37	-4.37
13330.0	320.0	1.98	2.34
13340.0	303.0	-1.22	-0.23
13340.0	307.0	1.98	-1.21
13340.0	310.0	-1.32	-8.29
13340.0	315.0	-0.45	-3.49
13340.0	317.0	-0.79	-4.2
13340.0	319.0	1.35	-5.25
13340.0	320.0	2.15	1.76
13350.0	303.0	-1.22	-0.23
13350.0	307.0	1.93	-1.21
13350.0	310.0	-1.32	-8.31
13350.0	315.0	-0.56	-3.5
13350.0	317.0	-0.98	-4.18
13350.0	319.0	1.39	-6.12
13350.0	320.0	2.28	1.15
13360.0	303.0	-1.22	-0.23
13360.0	307.0	1.8	-1.09
13360.0	310.0	-1.36	-8.31
13360.0	315.0	-0.57	-3.51
13360.0	317.0	-1.02	-4.18
13360.0	319.0	1.38	-6.98
13360.0	320.0	2.46	0.53
13370.0	303.0	-1.22	-0.23
13370.0	310.0	-1.31	-8.37
13370.0	315.0	-0.6	-3.43
13370.0	317.0	-0.86	-4.19
13370.0	319.0	1.32	-7.88
13370.0	320.0	2.62	-0.23
13380.0	303.0	-1.22	-0.23
13380.0	310.0	-1.29	-8.36
13380.0	319.0	1.25	-8.71
13380.0	320.0	2.7	-0.97
13380.0	321.0	1.39	-0.79
13380.0	322.0	-1.09	-4.11
13380.0	323.0	-0.73	-3.33
13390.0	303.0	-1.22	-0.23
13390.0	310.0	-1.26	-8.3
13390.0	319.0	1.19	-9.57
13390.0	320.0	2.69	-1.61
13390.0	321.0	1.21	-0.68
13390.0	322.0	-1.09	-4.11
13390.0	323.0	-0.8	-3.22
13400.0	303.0	-1.22	-0.23
13400.0	310.0	-1.24	-8.23
13400.0	320.0	2.61	-2.26
13400.0	322.0	-1.09	-4.11
13400.0	323.0	-0.88	-3.21
13410.0	320.0	2.5	-2.96
13420.0	320.0	2.34	-3.61
13430.0	320.0	2.21	-4.36
13440.0	320.0	2.07	-5.07
13450.0	320.0	1.99	-5.77
13460.0	320.0	1.95	-6.48
13470.0	320.0	1.88	-7.16
13480.0	320.0	1.9	-7.87
13490.0	320.0	1.89	-8.58
13490.0	324.0	1.68	1.09
13500.0	320.0	1.95	-9.39
13500.0	324.0	1.73	0.43
13510.0	324.0	1.72	-0.28
13520.0	324.0	1.69	-0.92
13530.0	324.0	1.71	-1.63
13540.0	324.0	1.66	-2.32
13550.0	324.0	1.69	-3.0
13560.0	324.0	1.81	-3.7
13570.0	324.0	1.66	-4.36
13580.0	324.0	1.7	-5.1
13590.0	324.0	1.67	-5.83
13730.0	325.0	3.07	-7.17
13740.0	325.0	3.01	-6.59
13750.0	325.0	3.06	-6.2
13760.0	325.0	3.13	-5.76
13770.0	325.0	3.18	-5.31
13780.0	325.0	3.13	-4.8
13790.0	325.0	3.34	-4.33
13800.0	325.0	3.33	-3.91
13810.0	325.0	3.27	-3.4
13820.0	325.0	3.24	-3.05
13830.0	325.0	3.22	-2.69
13840.0	325.0	3.07	-2.41
13850.0	325.0	3.05	-2.38
13860.0	325.0	2.99	-2.64
14160.0	331.0	1.92	1.63
14170.0	331.0	1.91	0.82
14180.0	331.0	1.87	-0.01
14180.0	332.0	-0.04	-6.8
14190.0	331.0	1.84	-0.84
14190.0	332.0	-0.04	-6.8
14200.0	331.0	1.77	-1.7
14200.0	332.0	-0.04	-6.8
14210.0	331.0	1.7	-2.6
14210.0	332.0	-0.04	-6.8
14220.0	331.0	1.7	-3.54
14220.0	332.0	-0.15	-6.83
14230.0	331.0	1.73	-4.37
14230.0	332.0	-0.06	-6.8
14240.0	331.0	1.8	-5.34
14240.0	332.0	-0.17	-6.83
14250.0	331.0	1.73	-6.24
14250.0	332.0	-0.14	-6.8
14260.0	331.0	1.76	-7.16
14260.0	332.0	-0.07	-6.74
14270.0	331.0	1.68	-8.04
14270.0	332.0	-0.07	-6.66
14280.0	331.0	1.68	-8.89
