0.0	8.0	8.06081369866	0.930773218882
0.0	33.0	8.10290672058	11.7897941058
0.0	36.0	6.71383699705	11.670464206
0.0	40.0	9.09209273582	4.29587639484
0.0	65.0	5.32476727353	10.5010311874
0.0	402.0	7.02953466149	11.4556703862
10.0	8.0	7.68660673374	1.06346806752
10.0	33.0	8.01872067673	11.7012513202
10.0	36.0	6.75214164701	11.5566234815
10.0	40.0	9.0697834342	4.34146041659
10.0	65.0	5.21153704455	10.4521059285
10.0	402.0	7.09562070592	11.507220903
20.0	8.0	7.31239976883	1.19592425636
20.0	33.0	7.93453463288	11.6124698747
20.0	36.0	6.79044629696	11.4425440973
20.0	40.0	9.04726366747	4.38728309813
20.0	65.0	5.09809635046	10.4031806695
20.0	402.0	7.16149628523	11.5585327599
30.0	8.0	6.93840326902	1.328619105
30.0	33.0	7.85034858903	11.523927089
30.0	36.0	6.8285404818	11.3287033728
30.0	40.0	9.02495436585	4.43286711988
30.0	65.0	4.98486612148	10.3542554106
30.0	402.0	7.22758232965	11.6100832767
40.0	8.0	6.51978816598	1.43458405608
40.0	33.0	7.76974045205	11.4318044063
40.0	36.0	6.86684513175	11.2148626483
40.0	40.0	9.00243459912	4.47868980142
40.0	65.0	4.87142542739	10.3210816984
40.0	402.0	7.29366837407	11.6616337934
50.0	8.0	6.03445562318	1.5009314804
50.0	33.0	7.69249975681	11.3363404864
50.0	36.0	6.98744163957	11.0881342947
50.0	40.0	8.94560901952	4.51997794677
50.0	65.0	4.75819519841	10.4313425259
50.0	402.0	7.3597544185	11.7129456503
60.0	8.0	5.5493335455	1.56727890472
60.0	33.0	7.61525906158	11.2408765665
60.0	36.0	7.16275907589	10.9528141882
60.0	40.0	8.80838576805	4.55124238054
60.0	65.0	4.64475450433	10.5413646935
60.0	402.0	7.37827534814	11.8005337968
70.0	8.0	5.0640010027	1.63338766924
70.0	33.0	7.58916138799	11.1193987284
70.0	36.0	7.33828697731	10.8177327416
70.0	40.0	8.67116251657	4.5822681545
70.0	65.0	4.53152427535	10.651625521
70.0	402.0	7.39174511516	11.8919405001
80.0	8.0	4.52563125228	1.61071498827
80.0	33.0	7.61378580581	10.972145632
80.0	36.0	7.58347883003	10.6988801614
80.0	40.0	8.55919507825	4.65338877481
80.0	65.0	4.42839637163	10.7602157299
80.0	402.0	7.40521488217	11.9833472034
90.0	8.0	3.97379173484	1.56536962632
90.0	33.0	7.63862068875	10.8246538758
90.0	36.0	7.87539393708	10.5910059319
90.0	40.0	8.44722763993	4.72450939513
90.0	65.0	4.36567776896	10.8635554232
90.0	402.0	7.41868464919	12.0747539067
100.0	8.0	3.4219522174	1.52026292417
100.0	33.0	7.66955905986	10.674298202
100.0	36.0	8.16730904413	10.4833703622
100.0	40.0	8.33526020161	4.79563001544
100.0	65.0	4.3031696314	10.9666564566
100.0	402.0	7.43404860219	12.1773776206
110.0	8.0	2.86674525821	1.47754282003
110.0	33.0	7.75627068503	10.4988832492
110.0	36.0	8.45459391877	10.4124884017
110.0	40.0	8.22329276329	4.86651197596
110.0	65.0	4.24066149384	11.0699961499
110.0	402.0	7.45741022936	12.3260626758
120.0	8.0	2.27849527681	1.45654075765
120.0	33.0	7.8429823102	10.3234682964
120.0	36.0	8.73724856099	10.3783600503
120.0	40.0	8.05702532668	4.94025785407
120.0	65.0	4.16194754284	11.1752451216
120.0	402.0	7.48077185653	12.4745090712
130.0	8.0	1.69045576051	1.43553869528
130.0	33.0	7.92948347025	10.1480533436
130.0	36.0	9.01990320322	10.344231699
130.0	40.0	7.76363696387	5.01973156737
130.0	65.0	4.06723824351	11.2826420315
130.0	402.0	7.50434394881	12.6229554666
140.0	8.0	1.10241624422	1.4142979731
140.0	33.0	8.00167300285	10.011778598
140.0	36.0	9.30255784545	10.3101033476
140.0	40.0	7.47024860105	5.09944394048
140.0	65.0	3.97252894418	11.3900389413
140.0	402.0	7.52770557598	12.7714018621
150.0	8.0	0.56215230781	1.48661189242
150.0	33.0	8.06733811706	9.89244869812
150.0	36.0	9.51302295507	10.2571208721
150.0	40.0	7.17686023823	5.17891765378
150.0	65.0	3.87781964485	11.4974358512
150.0	402.0	7.52223348313	12.8725936171
160.0	8.0	0.0420930219251	1.59902065808
160.0	33.0	8.13321369637	9.77311879827
160.0	36.0	9.7234880647	10.2041383965
160.0	40.0	6.9400869899	5.0793965173
160.0	65.0	3.78731964771	11.6026848229
160.0	402.0	7.50434394881	12.9534992892
170.0	33.0	8.16499392792	9.70915797194
170.0	36.0	9.92995433724	10.1437574672
170.0	40.0	6.70331374157	4.98011404062
170.0	65.0	3.70123941787	11.7057858563
170.0	402.0	7.48645441449	13.0344049614
180.0	33.0	8.16288927683	9.70080487895
180.0	36.0	10.1267392147	10.0669090117
180.0	40.0	6.47264398142	4.83572486179
180.0	65.0	3.61515918804	11.8088868898
180.0	402.0	7.46856488017	13.1153106335
190.0	33.0	8.16099509084	9.69221312616
190.0	36.0	10.3237345574	9.98982189641
190.0	40.0	6.24597305836	4.6612645482
190.0	65.0	3.5290789582	11.9117492635
190.0	402.0	7.45088581096	13.1962163056
200.0	33.0	8.15889043974	9.68386003317
200.0	36.0	10.5179938535	9.92371313188
200.0	40.0	6.01930213529	4.48680423461
200.0	65.0	3.43836849595	12.0158049362
200.0	402.0	7.43299627664	13.2771219777
210.0	33.0	8.15678578865	9.67526828038
210.0	36.0	10.7021508245	9.90151777051
210.0	40.0	5.64046493796	4.38346454134
210.0	65.0	3.30619640711	12.126781743
210.0	402.0	7.31492535014	13.4231817751
220.0	33.0	8.15489160266	9.66691518739
220.0	36.0	10.8863077954	9.87908374934
220.0	40.0	5.26162774064	4.27988618826
220.0	65.0	3.17402431826	12.2377585499
220.0	402.0	7.1718090756	13.5854704389
230.0	33.0	8.15278695156	9.6583234346
230.0	36.0	11.0704647663	9.85664972817
230.0	40.0	4.88279054331	4.17654649499
230.0	65.0	3.04185222942	12.3487353568
230.0	402.0	7.02869280105	13.7477591027
240.0	33.0	8.15068230047	9.64997034161
240.0	36.0	11.1230810437	9.85664972817
240.0	40.0	4.45049520814	4.06700164692
240.0	65.0	2.90989060568	12.4597121636
250.0	33.0	8.14878811448	9.64137858882
250.0	36.0	11.1756973211	9.85664972817
250.0	40.0	4.01819987297	3.95721813905
250.0	65.0	2.77729758662	12.5566080423
260.0	33.0	8.14668346338	9.63302549583
260.0	36.0	11.2283135985	9.85664972817
260.0	40.0	3.5859045378	3.84767329098
260.0	65.0	2.64449410244	12.649924024
260.0	84.0	4.13058824151	-0.0613355685264
270.0	33.0	8.14457881229	9.62443374304
270.0	36.0	11.2809298759	9.85664972817
270.0	40.0	3.16644757432	3.73836710271
270.0	65.0	2.51190108338	12.7434786655
270.0	84.0	4.3227428866	0.540564446351
280.0	33.0	8.1426846263	9.61608065005
280.0	36.0	11.3335461533	9.85664972817
280.0	40.0	2.77750805173	3.62977689384
280.0	65.0	2.37909759921	12.8367946472
280.0	84.0	4.51489753169	1.14246446123
290.0	33.0	8.14057997521	9.60748889726
290.0	36.0	11.3861624307	9.85664972817
290.0	40.0	2.38835806403	3.52142534477
290.0	65.0	2.23955923153	12.9310652681
290.0	84.0	4.6639068293	1.72503303233
300.0	33.0	8.13847532411	9.59913580427
300.0	36.0	11.4528798705	9.84018220199
300.0	40.0	1.99941854144	3.4128351359
300.0	65.0	2.07223946937	13.028915786
300.0	84.0	4.74809287315	2.27872376766
310.0	33.0	8.13658113812	9.59054405148
310.0	36.0	11.5762124247	9.75784457108
310.0	40.0	1.61426739083	3.37226296995
310.0	65.0	1.90491970722	13.1270049636
310.0	84.0	4.832278917	2.832414503
320.0	33.0	8.13447648703	9.58219095849
320.0	36.0	11.6997554441	9.67550694018
320.0	40.0	1.22911624021	3.331690804
320.0	65.0	1.73759994507	13.2248554815
320.0	84.0	4.84069752139	3.32500832961
330.0	33.0	8.13237183593	9.57383786551
330.0	36.0	11.793622883	9.58720281429
330.0	40.0	0.843754624489	3.29135729785
330.0	65.0	1.56228250875	13.304090535
330.0	84.0	4.84069752139	3.81091968182
340.0	33.0	8.13047764994	9.56524611272
340.0	36.0	11.818668231	9.48505642001
340.0	40.0	0.458603473874	3.2507851319
340.0	65.0	1.36760228235	13.339889505
340.0	84.0	4.83901380051	4.29587639484
350.0	33.0	8.12837299885	9.55689301973
350.0	36.0	11.8437135791	9.38267136593
350.0	40.0	0.0734523232593	3.21021296595
350.0	65.0	1.17292205594	13.3756884749
350.0	84.0	4.82196612663	4.77319599427
360.0	33.0	8.12626834775	9.54830126694
360.0	36.0	11.8687589271	9.28052497166
360.0	65.0	0.978241829539	13.4114874449
360.0	84.0	4.80491845275	5.2505155937
370.0	33.0	8.12437416176	9.53994817395
370.0	36.0	11.9083263677	9.17432136078
370.0	65.0	0.785455789122	13.4558781676
370.0	84.0	4.78787077887	5.72783519312
380.0	33.0	8.12226951067	9.53135642116
380.0	36.0	12.0798554321	9.03279609955
380.0	65.0	0.597931376446	13.5203163136
380.0	84.0	4.74241031519	6.1600480904
390.0	33.0	8.12016485957	9.52300332817
390.0	36.0	12.2513844964	8.89150949812
390.0	65.0	0.41019649866	13.5849931193
390.0	84.0	4.65485682959	6.52472026437
400.0	33.0	8.11827067359	9.51441157538
400.0	36.0	12.448379839	8.77575949526
400.0	65.0	0.222461620874	13.6494312652
400.0	84.0	4.56709287887	6.88939243833
410.0	33.0	8.11616602249	9.50605848239
410.0	36.0	12.6836798316	8.69843372016
410.0	84.0	4.47932892816	7.25382595249
420.0	33.0	8.11406137139	9.4974667296
420.0	36.0	12.918769359	8.62134660485
420.0	84.0	4.37535916401	7.62613524004
430.0	33.0	8.11216718541	9.48911363661
430.0	36.0	13.1540693516	8.54402082974
430.0	84.0	4.26739056277	8.00035380599
440.0	33.0	8.11006253431	9.48052188382
440.0	36.0	13.4847100388	8.43328268267
440.0	84.0	4.15921149642	8.37433371215
450.0	33.0	8.10795788321	9.47216879083
450.0	36.0	13.8155611911	8.32230587581
450.0	84.0	4.05692545314	8.73972186551
450.0	348.0	2.99912781216	13.5532513659
460.0	33.0	8.10606369723	9.46357703804
460.0	36.0	14.1333635067	8.22994453332
460.0	84.0	4.00557196639	9.02492032616
460.0	348.0	3.10436036698	13.3573116704
470.0	33.0	8.10395904613	9.45522394505
470.0	36.0	14.3991809401	8.21109040914
470.0	84.0	3.95421847964	9.31011878682
470.0	348.0	3.20959292179	13.161133315
480.0	33.0	8.15931136996	9.36572652015
480.0	36.0	14.6649983736	8.19223628496
480.0	84.0	3.9028649929	9.59531724748
480.0	348.0	3.3628115216	13.0298704252
490.0	33.0	8.27212066872	9.19532342316
490.0	36.0	14.9308158071	8.17338216079
490.0	84.0	3.85151150615	9.88051570814
490.0	348.0	3.53665570215	12.9260534123
500.0	33.0	8.38471950237	9.02468166636
500.0	36.0	15.1966332405	8.15452803661
500.0	84.0	3.82373011168	10.1318244772
500.0	348.0	3.6886115113	12.7931199038
510.0	33.0	8.54761949722	8.82229815621
510.0	84.0	3.79615918232	10.3828945865
510.0	348.0	3.80752429824	12.6167503119
520.0	33.0	8.73177646814	8.60583371787
520.0	84.0	3.76837778785	10.6342033556
520.0	348.0	3.92328010853	12.4375168023
530.0	33.0	8.91593343907	8.38960793933
530.0	84.0	3.72649523103	10.8828868669
530.0	348.0	4.00936033837	12.2313147353
540.0	33.0	9.10366831685	8.12970741744
540.0	84.0	3.6273661644	11.1215466666
540.0	348.0	4.0954405682	12.0251126684
550.0	33.0	9.2949811015	7.8258934924
550.0	84.0	3.52844756287	11.3602064664
550.0	348.0	4.17583824008	11.8267863748
560.0	33.0	9.48629388615	7.52207956737
560.0	84.0	3.42931849624	11.5988662661
560.0	348.0	4.25581498174	11.6294147204
570.0	33.0	9.67823806613	7.21635636394
570.0	84.0	3.29588361674	11.7897941058
570.0	348.0	4.33558125829	11.4318044063
580.0	33.0	9.87333922275	6.90204140771
580.0	84.0	3.15381966774	11.9687889556
580.0	348.0	4.37767428021	11.20102038
590.0	33.0	10.0684403794	6.58748779169
590.0	84.0	3.01175571874	12.1477838054
590.0	253.0	15.1189716151	6.35097593017
590.0	348.0	4.41976730214	10.9704750134
600.0	33.0	10.263541536	6.27317283547
600.0	84.0	2.86969176974	12.3267786552
600.0	253.0	14.8333704613	6.08677953189
600.0	348.0	4.46186032406	10.7396909871
610.0	33.0	10.4540124602	5.95718726065
610.0	84.0	2.71184293752	12.4752250506
610.0	253.0	14.5475588424	5.82234447381
610.0	348.0	4.46859520757	10.5010311874
620.0	33.0	10.6036531532	5.62425684005
620.0	84.0	2.54978480311	12.6160343325
620.0	253.0	14.2558542005	5.55790941573
620.0	348.0	4.47554055619	10.2623713877
630.0	33.0	10.753083381	5.29132641945
630.0	84.0	2.38793713381	12.7566049545
630.0	253.0	13.9077449092	5.29180373905
630.0	348.0	4.48227543969	10.023711588
640.0	33.0	10.9027240739	4.95839599885
640.0	84.0	2.22608946451	12.8974142363
640.0	253.0	13.5596356178	5.02569806237
640.0	348.0	4.47112078888	9.75832189068
650.0	33.0	11.0778310451	4.63739856823
650.0	84.0	2.15979295498	13.0532590855
650.0	253.0	13.2382553954	4.76722949928
650.0	348.0	4.45786148698	9.48982961601
660.0	33.0	11.3124996424	4.34360835478
660.0	84.0	2.10423016604	13.2110132131
660.0	253.0	12.943604242	4.51663670958
660.0	348.0	4.44481265018	9.22133734133
670.0	33.0	11.5471682396	4.04981814134
670.0	84.0	2.04866737709	13.3685286809
670.0	253.0	12.7059891332	4.32308361201
670.0	348.0	4.37704288488	8.93470692187
680.0	33.0	11.7332193965	3.70901194735
680.0	84.0	1.99310458815	13.5260441488
680.0	253.0	12.5028903024	4.19349134077
680.0	348.0	4.2857010273	8.64020072903
690.0	33.0	11.8980135774	3.34768101058
690.0	84.0	1.93754179921	13.6837982764
690.0	253.0	12.0943775246	4.12308669985
690.0	348.0	4.19456963484	8.34593319598
700.0	33.0	12.0630182233	2.98658873361
700.0	253.0	11.6528217246	4.05459133733
700.0	348.0	4.00409871063	8.07266772531
710.0	33.0	12.2280228692	2.62525779685
710.0	253.0	11.1615961588	3.98824391301
710.0	348.0	3.77111383427	7.80847132702
720.0	33.0	12.4218612352	2.22001345693
720.0	253.0	10.6270147803	3.90542896251
720.0	348.0	3.53812895791	7.54427492874
730.0	33.0	12.6154891361	1.81453045722
730.0	253.0	10.0631787516	3.81163566122
730.0	348.0	3.26410338518	7.25883780828
740.0	33.0	12.809327502	1.40928611731
740.0	253.0	9.49955318806	3.71808101974
740.0	348.0	2.98544758004	6.97101408983
750.0	33.0	13.003165868	1.00380311759
750.0	253.0	8.90961948578	3.63550472903
750.0	348.0	2.70700224	6.68319037138
760.0	33.0	13.1967937688	0.598558777681
760.0	253.0	8.31337183021	3.55603101573
760.0	348.0	2.39025225002	6.37221665235
770.0	33.0	13.3906321348	0.193314437768
770.0	253.0	7.73017301144	3.46748823004
770.0	348.0	2.03540807519	6.03809293275
780.0	253.0	7.16633698275	3.36510317596
780.0	348.0	1.68077436547	5.70396921315
790.0	253.0	6.60250095406	3.26271812188
790.0	348.0	1.32593019064	5.36984549355
790.0	352.0	2.10549295669	9.43326724347
800.0	253.0	6.05908004101	3.13169389184
800.0	348.0	1.01907206081	5.13118569384
800.0	352.0	2.51863596689	9.37145435535
810.0	253.0	5.52891842986	2.98157687782
810.0	348.0	0.712003465863	4.89252589413
810.0	352.0	2.93177897708	9.30940280742
820.0	253.0	4.99896728383	2.831221204
820.0	348.0	0.426191846992	4.64789959942
820.0	352.0	3.32724291807	9.22754249612
830.0	253.0	4.41555799994	2.69590109756
830.0	348.0	0.154270925356	4.39921608812
830.0	352.0	3.65262197755	9.06477651272
830.0	353.0	4.21708940157	8.02445844577
830.0	357.0	2.84885572389	13.3258085768
840.0	253.0	3.82625569299	2.56225160972
840.0	255.0	14.9238704584	5.97270014763
840.0	348.0	-0.117439531171	4.15077123662
840.0	352.0	3.97779057192	8.90201052931
840.0	353.0	4.50458474132	7.84164503918
840.0	357.0	2.78108595859	13.1296302214
850.0	253.0	3.23947896736	2.40497480171
850.0	255.0	14.6327972118	5.93761715707
850.0	352.0	4.34610451377	8.72301567953
850.0	353.0	4.79229054617	7.6585929728
850.0	357.0	2.7135266584	12.9336905259
860.0	253.0	2.6567010788	2.21213768354
860.0	255.0	14.3419344303	5.90253416651
860.0	352.0	4.71441845561	8.54402082974
860.0	353.0	5.07599751395	7.48532595821
860.0	357.0	2.70552898424	12.7451492841
870.0	253.0	2.07392319025	2.01953922518
870.0	255.0	14.0464414164	5.87007643375
870.0	352.0	5.0924137925	8.33543216479
870.0	353.0	5.32476727353	7.39845379112
870.0	357.0	2.78697898166	12.5680637127
880.0	253.0	1.53639530027	1.94913458426
880.0	255.0	13.709697241	5.86053004176
880.0	352.0	5.47672308268	8.10727339627
880.0	353.0	5.5735370331	7.31158162402
880.0	357.0	2.86842897909	12.3909781413
890.0	253.0	1.0102325262	1.90927839771
890.0	255.0	13.3729530656	5.85098364977
890.0	352.0	5.85619167533	7.92350535049
890.0	353.0	5.77789865455	7.23521048811
890.0	357.0	2.96482199929	12.2200977247
900.0	253.0	0.580252307238	2.04412118455
900.0	255.0	13.1001902835	5.80229705063
900.0	352.0	6.22450561717	7.84403163718
900.0	353.0	5.97720911336	7.1597939914
900.0	357.0	3.09636269281	12.0635368961
910.0	253.0	0.150061623163	2.17896397138
910.0	255.0	12.8699414536	5.72783519312
910.0	352.0	6.59281955902	7.76431926408
910.0	353.0	6.34194514835	6.95287594505
910.0	357.0	3.22790338633	11.9069760675
920.0	255.0	12.6396926237	5.65313467581
920.0	352.0	6.9838637327	7.63496565263
920.0	353.0	6.7454067635	6.79583779684
920.0	357.0	3.35691849853	11.7539951359
930.0	255.0	12.4006042591	5.60540271587
930.0	352.0	7.37722302259	7.50012286579
930.0	353.0	7.18738349371	6.68844088697
930.0	357.0	3.46215105334	11.634665236
940.0	163.0	15.0465716173	1.28231910386
940.0	255.0	12.1480461276	5.59728828268
940.0	352.0	7.81877882259	7.35668832617
940.0	353.0	7.61399627092	6.59130634849
940.0	357.0	3.56738360815	11.5153353362
950.0	163.0	14.9009297615	1.65868560801
950.0	255.0	11.895487996	5.58941250929
950.0	352.0	8.29232531925	7.20752595135
950.0	353.0	8.02545556024	6.50467284119
950.0	357.0	3.63852081521	11.3783446111
960.0	163.0	14.7552879056	2.03505211216
960.0	255.0	11.6597670733	5.5812980761
960.0	352.0	8.63811949436	7.08819605149
960.0	353.0	8.44533345394	6.38200170414
960.0	357.0	3.67577313961	11.2239317207
970.0	163.0	14.7056181398	2.42191964749
970.0	255.0	11.4493019636	5.57318364291
970.0	352.0	8.97633692553	6.98079914162
970.0	353.0	8.88541599817	6.17579963718
970.0	357.0	3.7128149989	11.0695188303
980.0	163.0	14.6971995354	2.81332171902
980.0	255.0	11.238836854	5.56483054992
980.0	352.0	9.27919621828	6.89989346952
980.0	353.0	9.30781947319	5.98630375621
980.0	357.0	3.74017546316	10.9046049087
990.0	163.0	14.70603907	3.19016554277
990.0	255.0	11.102455463	5.54979498254
990.0	352.0	9.53638458224	6.84691099398
990.0	353.0	9.57090086022	5.94668622946
990.0	357.0	3.67808825582	10.6449430466
1000.0	163.0	14.7839111605	3.50829905579
1000.0	255.0	11.0401577905	5.52759962116
1000.0	352.0	9.75863573801	6.78581408525
1000.0	353.0	9.74684969187	5.91995633189
1000.0	357.0	3.61621151359	10.3852811845
1010.0	163.0	14.8619937162	3.82643256881
1010.0	255.0	10.977649653	5.50564291959
1010.0	352.0	9.95731480149	6.71970532073
1010.0	353.0	9.91290666336	5.89489705292
1010.0	357.0	3.55433477136	10.1253806626
1020.0	163.0	14.9497576669	4.15602175221
1020.0	255.0	10.9153519805	5.48344755822
1020.0	352.0	10.1873531663	6.63999294763
1020.0	353.0	10.2435473506	5.89489705292
1020.0	357.0	3.50824291235	9.82299869641
1030.0	163.0	15.0474134778	4.497066606
1030.0	255.0	10.8530543081	5.46125219684
1030.0	352.0	10.4253892053	6.55693933733
1030.0	353.0	10.5743985029	5.89489705292
1030.0	357.0	3.46867547174	9.50247858539
1040.0	163.0	15.1452797538	4.83787279999
1040.0	255.0	10.7779182639	5.44454601086
1040.0	352.0	10.6550066399	6.48390943861
1040.0	353.0	10.9559717467	5.8261630306
1040.0	357.0	3.42931849624	9.18171981458
1050.0	255.0	10.5884996653	5.47652642402
1050.0	352.0	10.8766264003	6.42114191129
1050.0	353.0	11.3432275484	5.7497918947
1050.0	357.0	3.31608826726	8.85881310556
1060.0	255.0	10.3990810666	5.50826817739
1060.0	352.0	11.1260275552	6.32448469241
1060.0	353.0	11.7580542794	5.66817024319
1060.0	357.0	3.12940571502	8.53351979855
1070.0	255.0	10.20397991	5.54502178654
1070.0	352.0	11.3937391747	6.20515479255
1070.0	353.0	12.2139217069	5.5786728183
1070.0	357.0	2.94251269767	8.20846515134
1080.0	255.0	9.95710433638	5.62735941744
1080.0	352.0	11.7229066061	6.09632592388
1080.0	353.0	12.6699995995	5.48917539341
1080.0	357.0	2.75583014544	7.88317184433
1090.0	255.0	9.7104392279	5.70969704834
1090.0	352.0	12.1438368254	6.00372592159
1090.0	353.0	13.1751158626	5.43189704148
1090.0	357.0	2.56893712809	7.55811719713
1100.0	255.0	9.46629970074	5.78439756565
1100.0	352.0	12.6068600666	5.99036097281
1100.0	353.0	13.6802321257	5.37461868955
1100.0	357.0	2.38225457585	7.23282389012
1110.0	255.0	9.23247296394	5.8285496286
1110.0	352.0	13.0978751673	6.03021715936
1110.0	353.0	14.1695635055	5.31614703862
1110.0	357.0	2.1953615585	6.90776924291
1120.0	255.0	8.99864622715	5.87270169155
1120.0	352.0	13.5933100354	6.04119551015
1120.0	353.0	14.6431100022	5.25648208869
1120.0	357.0	2.00867900627	6.5824759359
1130.0	255.0	8.82101367463	5.92234292989
1130.0	352.0	14.1057925773	5.93737849727
1130.0	353.0	15.1166564989	5.19681713876
1130.0	357.0	1.70476738797	6.23832850471
1140.0	255.0	8.69957530637	5.97747334362
1140.0	352.0	14.6182751193	5.8335614844
1140.0	357.0	1.28383716872	5.87508828955
1150.0	255.0	8.57813693812	6.03260375736
1150.0	352.0	15.0482553382	5.75170117309
1150.0	357.0	0.860802298368	5.55289755993
1160.0	255.0	8.63096368063	5.96434705464
1160.0	352.0	15.4691855575	5.67222745979
1160.0	357.0	0.429980218965	5.39371147352
1170.0	255.0	8.70336367834	5.88224808354
1170.0	357.0	-0.00105232554813	5.23452538712
1180.0	255.0	8.77576367606	5.80014911244
1190.0	255.0	8.79365321037	5.76554344148
1200.0	255.0	8.78839158263	5.75098519369
1210.0	255.0	8.78312995489	5.73642694591
1210.0	365.0	8.07407300056	13.6398848732
1220.0	103.0	0.0330430222112	1.59758869928
1220.0	255.0	8.77786832715	5.72210735793
1220.0	365.0	7.99514858445	13.5265214684
1230.0	103.0	0.183315110484	1.60450983347
1230.0	255.0	8.7723962343	5.70754911015
1230.0	365.0	7.91622416834	13.4131580635
1240.0	103.0	0.333797663866	1.61119230787
1240.0	255.0	8.76713460656	5.69322952216
1240.0	365.0	7.83729975224	13.2997946586
1250.0	103.0	0.484069752139	1.61811344206
1250.0	255.0	8.76187297882	5.67867127438
1250.0	365.0	7.76931952183	13.1823740372
1260.0	103.0	0.638551142604	1.62956911244
1260.0	255.0	8.75661135108	5.6641130266
1260.0	365.0	7.80025789294	13.0279611468
1270.0	103.0	0.803134858331	1.65200313362
1270.0	255.0	8.75113925823	5.64979343862
1270.0	365.0	7.83119626406	12.8735482563
1280.0	103.0	0.967508108949	1.67443715479
1280.0	255.0	8.74587763049	5.63523519083
1280.0	365.0	7.86213463517	12.7191353659
1290.0	103.0	1.13377554555	1.69663251616
1290.0	255.0	8.74061600275	5.62091560285
1290.0	365.0	7.78510440505	12.5749848469
1300.0	103.0	1.31793251648	1.71906653734
1300.0	255.0	8.73535437501	5.60635735507
1300.0	365.0	7.6615613857	12.4348915445
1310.0	103.0	1.5020894874	1.74150055851
1310.0	255.0	8.72988228216	5.59179910729
1310.0	365.0	7.53822883146	12.2950369018
1320.0	103.0	1.68624645832	1.76393457968
1320.0	255.0	8.72462065442	5.5774795193
1320.0	365.0	7.37995906902	12.182866796
1330.0	103.0	1.90028947481	1.7522402495
1330.0	255.0	8.71935902668	5.56292127152
1330.0	365.0	7.21284977198	12.0776178243
1340.0	103.0	2.11748946794	1.73672736251
1340.0	255.0	8.71409739894	5.54836302374
1340.0	365.0	7.04553000982	11.9723688526
1350.0	103.0	2.33489992619	1.72145313533
1350.0	169.0	4.44628590595	0.180904128183
1350.0	255.0	8.70862530609	5.53404343576
1350.0	365.0	6.9247230369	11.8826327679
1360.0	103.0	2.51758364134	1.65916292761
1360.0	169.0	4.75167078002	0.304052584835
1360.0	255.0	8.70336367834	5.51948518797
1360.0	365.0	6.87294861993	11.8160466838
1370.0	103.0	2.69184875211	1.5849397299
1370.0	169.0	5.05726611919	0.427201041487
1370.0	255.0	8.6981020506	5.50516559999
1370.0	365.0	6.82117420296	11.7494605997
1380.0	103.0	2.86590339777	1.51095519199
1380.0	169.0	5.33486959879	0.530779394563
1380.0	255.0	8.69284042286	5.49060735221
1380.0	365.0	6.769399786	11.6828745156
1390.0	103.0	2.97260920835	1.40880879771
1390.0	169.0	5.57038005646	0.604525272674
1390.0	255.0	8.673898563	5.49084601201
1390.0	365.0	6.71762536903	11.6165270913
1400.0	103.0	3.07152780987	1.30355982603
1400.0	169.0	5.80589051413	0.678509810585
1400.0	174.0	8.32389508569	0.262525779685
1400.0	255.0	8.65348344736	5.49275529041
1400.0	365.0	6.66585095206	11.5499410071
1410.0	103.0	3.17065687651	1.19831085436
1410.0	169.0	6.0414009718	0.752255688697
1410.0	174.0	8.82374972105	0.680180429183
1410.0	255.0	8.63306833173	5.4946645688
1410.0	365.0	6.5968183961	11.454715747
1420.0	103.0	3.28178245439	1.05511497453
1420.0	169.0	6.26112654625	0.81645517482
1420.0	174.0	9.32360435641	1.09783507868
1420.0	255.0	8.61286368121	5.4965738472
1420.0	365.0	6.4873765391	11.2924270832
1430.0	103.0	3.40511500863	0.873972186551
1430.0	169.0	6.4175021227	0.84079847439
1430.0	174.0	9.72706597156	1.40618353991
1430.0	255.0	8.59244856557	5.4987217854
1430.0	271.0	15.0644611517	5.31113518282
1430.0	365.0	6.37793468209	11.1301384194
1440.0	103.0	3.52865802798	0.692829398568
1440.0	169.0	6.57408816426	0.865380433761
1440.0	174.0	10.1303171216	1.71429334134
1440.0	255.0	8.57203344994	5.5006310638
1440.0	271.0	14.8297925544	5.01734496938
1440.0	365.0	6.22976724492	10.9680884154
1450.0	103.0	3.58864058422	0.623140737052
1450.0	169.0	6.73046374071	0.889723733332
1450.0	174.0	10.5443019922	1.97586448183
1450.0	255.0	8.5516183343	5.50254034219
1450.0	271.0	14.5949134921	4.72355475593
1450.0	365.0	6.0719184127	10.8062770712
1460.0	103.0	3.60674058365	0.627436613447
1460.0	169.0	6.8918904798	0.939842291272
1460.0	174.0	10.9652322115	2.20593252875
1460.0	255.0	8.53120321867	5.50444962059
1460.0	271.0	14.3358309421	4.45195990385
1460.0	365.0	5.91406958048	10.6442270672
1470.0	103.0	3.62463011797	0.631971149641
1470.0	169.0	7.0646823348	1.05010311874
1470.0	174.0	11.3861624307	2.43600057568
1470.0	255.0	8.51099856815	5.50635889899
1470.0	271.0	14.0607530439	4.19492329956
1470.0	365.0	5.85787539621	10.4215574741
1480.0	103.0	3.64251965229	0.636267026036
1480.0	169.0	7.23726372469	1.16036394621
1480.0	174.0	11.6328275392	2.45580933905
1480.0	255.0	8.49058345251	5.50826817739
1480.0	271.0	13.7854646805	3.93788669527
1480.0	365.0	5.80189167705	10.1986492212
1490.0	103.0	3.66061965172	0.640562902431
1490.0	169.0	7.4100555797	1.27038611387
1490.0	174.0	11.8361368351	2.42287428669
1490.0	255.0	8.47016833688	5.51017745578
1490.0	271.0	13.5749995708	3.60734287267
1490.0	365.0	5.74569749278	9.97597962802
1500.0	103.0	3.67850918603	0.644858778826
1500.0	169.0	7.5260218551	1.35057580658
1500.0	174.0	12.0392356659	2.38993923433
1500.0	255.0	8.44975322125	5.51208673418
1500.0	271.0	13.3645344612	3.27703770987
1500.0	365.0	5.85093004759	9.76715230327
1510.0	103.0	3.69639872035	0.64939331502
1510.0	169.0	7.5567497611	1.38542013734
1510.0	174.0	12.1907705448	2.29566861344
1510.0	255.0	8.3634625263	5.53356611616
1510.0	271.0	13.2045809779	2.9145134741
1510.0	364.0	3.29377896564	13.5520580669
1510.0	365.0	5.9561626024	9.55832497852
1520.0	103.0	3.71449871978	0.653689191415
1520.0	169.0	7.58747766711	1.42026446809
1520.0	174.0	12.3364124007	2.19471551816
1520.0	255.0	8.21108578693	5.57485426151
1520.0	271.0	13.1203949341	2.50401861859
1520.0	364.0	3.39901152045	13.4014637333
1520.0	365.0	6.09296492366	9.34687239598
1530.0	103.0	3.7323882541	0.65798506781
1530.0	169.0	7.61841603822	1.45534745865
1530.0	174.0	12.4437496066	2.03743871015
1530.0	255.0	8.05870904756	5.61590374706
1530.0	271.0	13.0362088902	2.09352376309
1530.0	364.0	3.50424407527	13.2506307399
1530.0	365.0	6.25081375588	9.13374919483
1540.0	103.0	3.75048825353	0.662519604005
1540.0	169.0	7.64914394423	1.49019178941
1540.0	174.0	12.4612182107	1.7491376721
1540.0	255.0	7.91222533126	5.69704807896
1540.0	271.0	13.0515728432	1.62288663805
1540.0	364.0	3.60947663008	13.0997977465
1540.0	365.0	6.4086625881	8.92086465349
1550.0	103.0	3.76837778785	0.666815480399
1550.0	169.0	7.67987185024	1.52503612017
1550.0	174.0	12.4788972799	1.46083663405
1550.0	255.0	7.76952998694	5.80492230843
1550.0	271.0	13.0778809819	1.14556703862
1550.0	364.0	3.69766151101	12.9487260933
1550.0	365.0	6.6317556043	8.6609641316
1560.0	103.0	3.78626732216	0.671111356794
1560.0	169.0	7.71081022135	1.56011911073
1560.0	174.0	12.5710809979	1.22647271073
1560.0	255.0	7.62704510772	5.9125578781
1560.0	271.0	13.2136309776	0.621947438053
1560.0	364.0	3.77869057822	12.7971771204
1560.0	365.0	6.87126489905	8.38936927953
1570.0	103.0	3.80436732159	0.675407233189
1570.0	113.0	0.291704641941	1.75916138369
1570.0	169.0	7.74153812736	1.59496344148
1570.0	174.0	12.6718937854	0.998313942201
1570.0	255.0	7.47382650791	6.05933365492
1570.0	271.0	13.4592437606	0.0517891765378
1570.0	364.0	3.85950918031	12.6458668074
1570.0	365.0	7.11077419381	8.11777442745
1580.0	103.0	3.82225685591	0.679941769384
1580.0	113.0	0.772617417435	1.89567478912
1580.0	169.0	7.80825556711	1.69138200057
1580.0	174.0	12.8602600586	0.751301049498
1580.0	255.0	7.31008465262	6.2450109791
1580.0	364.0	3.94053824752	12.4943178346
1580.0	365.0	7.36691023222	7.87577339054
1590.0	103.0	3.84014639023	0.684237645778
1590.0	113.0	1.25226740227	2.03266551416
1590.0	169.0	8.01872067673	2.03385881316
1590.0	174.0	13.1073460973	0.491877847209
1590.0	255.0	7.14655326244	6.43044964348
1590.0	364.0	4.02156731472	12.3427688618
1590.0	365.0	7.62494045662	7.63711359083
1600.0	103.0	3.85824638966	0.688533522173
1600.0	113.0	1.72581389893	2.17180417739
1600.0	169.0	8.22918578636	2.37633562575
1600.0	174.0	13.3434879503	0.243194335908
1600.0	255.0	7.00659396454	6.56600840972
1600.0	364.0	4.10049173083	12.1914585488
1600.0	365.0	7.88297068102	7.39845379112
1610.0	103.0	3.90707429509	0.699034553361
1610.0	113.0	2.19936039559	2.31094284063
1610.0	169.0	8.40702880399	2.88444233934
1610.0	174.0	13.5539530599	0.0193314437768
1610.0	255.0	6.87273815482	6.68891820657
1610.0	364.0	4.17731149585	12.0399095759
1610.0	365.0	8.17025555566	7.14332646522
1620.0	103.0	4.0800766152	0.73292424492
1620.0	113.0	2.63081387032	2.44220573047
1620.0	169.0	8.58108344965	3.4111645173
1620.0	255.0	6.73867187999	6.81182800342
1620.0	364.0	4.25413126086	11.8883606031
1620.0	365.0	8.46490670914	6.88438058253
1630.0	103.0	4.2528684702	0.767052596279
1630.0	113.0	3.05174408957	2.57155934191
1630.0	169.0	8.75534856042	3.93788669527
1630.0	255.0	6.66395676607	6.86695841716
1630.0	364.0	4.33095102587	11.7368116303
1630.0	365.0	8.75955786261	6.62519604005
1640.0	103.0	4.41766265104	0.809056721029
1640.0	113.0	3.45583710005	2.69995831416
1640.0	169.0	8.85258344107	4.35100680858
1640.0	255.0	6.64817188285	6.85383212817
1640.0	364.0	4.40777079089	11.5852626575
1640.0	365.0	9.06599506223	6.34262283718
1650.0	103.0	4.57024985552	0.862755175964
1650.0	113.0	3.83467429738	2.82740264721
1650.0	169.0	8.94960785661	4.76412692188
1650.0	188.0	8.63601484326	0.15799278741
1650.0	255.0	6.63238699963	6.84094449899
1650.0	364.0	4.4845905559	11.4337136847
1650.0	365.0	9.40042412142	6.00587385979
1660.0	103.0	4.72283706	0.9164536309
1660.0	113.0	4.2135114947	2.95460832045
1660.0	169.0	8.98917529722	5.12856043604
1660.0	188.0	8.98686018101	0.487581970815
1660.0	255.0	6.61660211641	6.8280568698
1660.0	364.0	4.54604636791	11.3029281144
1660.0	365.0	9.73464271551	5.66888622259
1670.0	103.0	4.87542426448	0.970152085835
1670.0	113.0	4.60329287773	3.05412945693
1670.0	169.0	8.94245204288	5.42020271129
1670.0	188.0	9.33770551876	0.817171154219
1670.0	255.0	6.60081723319	6.81493058082
1670.0	364.0	4.54604636791	11.2551961545
1670.0	365.0	10.0688613096	5.3318985854
1680.0	103.0	5.05474053788	1.06609332532
1680.0	113.0	5.00970100442	3.11164646866
1680.0	169.0	8.89572878854	5.71184498654
1680.0	188.0	9.75253224983	0.964901570241
1680.0	255.0	6.58503234996	6.80204295163
1680.0	364.0	4.54604636791	11.2074641945
1680.0	365.0	10.3927671133	5.04765476394
1690.0	103.0	5.273834717	1.22504075193
1690.0	113.0	5.4161091311	3.16916348039
1690.0	169.0	8.96349855384	6.02210272617
1690.0	188.0	10.1835647943	1.06704796452
1690.0	255.0	6.56945793185	6.78891666265
1690.0	364.0	4.54604636791	11.1597322346
1690.0	365.0	10.7154101264	4.76913877767
1690.0	406.0	4.22024637821	10.1592703542
1700.0	103.0	5.49313936123	1.38422683834
1700.0	113.0	5.76674400374	3.2457732761
1700.0	169.0	9.08030668968	6.34047489899
1700.0	188.0	10.6855240808	0.842230433189
1700.0	255.0	6.55367304863	6.77602903346
1700.0	364.0	4.54604636791	11.1120002747
1700.0	365.0	11.0382636045	4.49086145121
1700.0	406.0	4.19499056506	10.2595074701
1710.0	103.0	5.57101145179	1.46370055164
1710.0	113.0	6.06139515722	3.34123719599
1710.0	169.0	9.24552180074	6.65860841201
1710.0	188.0	11.217790343	0.477319599427
1710.0	255.0	6.53788816541	6.76290274448
1710.0	364.0	4.54604636791	11.0642683147
1710.0	365.0	11.3663787104	4.12070010185
1710.0	406.0	4.1697347519	10.359744586
1720.0	103.0	5.64909400746	1.54341292475
1720.0	113.0	6.35604631069	3.43670111587
1720.0	169.0	9.41578807443	6.97674192502
1720.0	188.0	11.8653914854	0.18352938598
1720.0	255.0	6.52210328219	6.7500151153
1720.0	364.0	4.55109753054	11.0143884166
1720.0	365.0	11.6953356768	3.74027638111
1720.0	406.0	4.14447893875	10.4599817018
1730.0	103.0	5.71812656342	1.60976034907
1730.0	113.0	6.50905444539	3.61020679027
1730.0	169.0	9.55806248853	7.28604502545
1730.0	255.0	6.50631839896	6.73712748611
1730.0	364.0	4.57677427392	10.9563940852
1730.0	365.0	12.024082178	3.35985266037
1730.0	406.0	4.11922312559	10.5602188177
1740.0	103.0	5.76653353863	1.64508199942
1740.0	113.0	6.6622730452	3.78395112446
1740.0	169.0	9.69339155402	7.59272286808
1740.0	255.0	6.49053351574	6.72400119713
1740.0	364.0	4.60245101729	10.8983997539
1740.0	365.0	12.4016565847	2.94148203147
1740.0	406.0	4.11311963741	10.6513868612
1750.0	103.0	5.81473004873	1.68064230958
1750.0	113.0	6.84243117904	4.01998566637
1750.0	169.0	9.82872061951	7.89963937052
1750.0	192.0	2.63649642828	0.0875881464948
1750.0	255.0	6.47495909763	6.71111356794
1750.0	364.0	4.62791729556	10.8404054226
1750.0	365.0	12.8000670372	2.50688253619
1750.0	406.0	4.13584986925	10.7287126363
1760.0	103.0	5.86313702395	1.71620261974
1760.0	113.0	7.02953466149	4.27201041487
1760.0	169.0	9.93058573257	8.14593628382
1760.0	192.0	2.72762782075	0.286391759656
1760.0	255.0	6.45917421441	6.69798727896
1760.0	364.0	4.65359403893	10.7821724315
1760.0	365.0	13.1984774897	2.07204438111
1760.0	406.0	4.15858010109	10.8060384114
1770.0	103.0	5.91154399916	1.7515242701
1770.0	113.0	7.33197302402	4.51067021458
1770.0	169.0	10.0324508456	8.39247185692
1770.0	192.0	2.81875921321	0.485195372817
1770.0	255.0	6.44338933119	6.68509964977
1770.0	364.0	4.67906031719	10.7241781001
1770.0	365.0	13.6263530576	1.59377014249
1770.0	406.0	4.18152079804	10.8836028463
1780.0	103.0	5.95995097438	1.78708458025
1780.0	113.0	7.69123696616	4.69634753876
1780.0	169.0	10.1343159587	8.63876877023
1780.0	192.0	2.91010107079	0.684237645778
1780.0	255.0	6.43665444768	6.61493366866
1780.0	364.0	4.70473706057	10.6661837688
1780.0	365.0	14.0575960672	1.11072270787
1780.0	406.0	4.18362544914	11.016297695
1790.0	103.0	6.00814748448	1.82240623061
1790.0	113.0	8.13573927768	4.80231248983
1790.0	169.0	10.1639915391	8.89294145692
1790.0	192.0	2.8097092135	0.817409814019
1790.0	255.0	6.43223468038	6.53020943976
1790.0	364.0	4.73041380394	10.6081894375
1790.0	365.0	14.4886286117	0.627436613447
1790.0	406.0	4.17710103074	11.1730971834
1800.0	103.0	6.05655445969	1.85796654077
1800.0	113.0	8.5406741486	4.79467537624
1800.0	169.0	10.1858799105	9.14806878282
1800.0	192.0	2.58177549978	0.906907238911
1800.0	255.0	6.42802537818	6.44572387066
1800.0	364.0	4.76913938411	10.5991203651
1800.0	365.0	14.9198716214	0.144389178827
1800.0	406.0	4.17057661234	11.329658012
1810.0	103.0	6.22639980316	1.94460004807
1810.0	113.0	8.91951134593	4.71114444634
1810.0	169.0	10.2075578168	9.40319610871
1810.0	192.0	2.32627085669	1.01120157139
1810.0	255.0	6.42360561088	6.36123830156
1810.0	364.0	4.81123240604	10.6022229425
1810.0	406.0	4.11311963741	11.5067435834
1820.0	103.0	6.40971491365	2.03696139055
1820.0	113.0	9.24110203344	4.62809083604
1820.0	169.0	10.2418636297	9.4974667296
1820.0	192.0	1.96069296127	1.17444487439
1820.0	255.0	6.41918584358	6.27675273246
1820.0	364.0	4.85332542796	10.6053255199
1820.0	406.0	4.00494057106	11.7045925573
1830.0	103.0	6.59303002413	2.12956139284
1830.0	113.0	9.52438807099	4.54551454534
1830.0	169.0	10.2761694426	9.59197601028
1830.0	192.0	1.57848832219	1.32456188841
1830.0	255.0	6.41771258781	6.27150221687
1830.0	364.0	4.89541844989	10.6086667571
1830.0	406.0	3.89655103961	11.9022028715
1840.0	103.0	6.84327303947	2.09662634048
1840.0	113.0	9.80767410855	4.46293825464
1840.0	169.0	10.3102647903	9.68624663117
1840.0	192.0	1.15755810294	1.44389178827
1840.0	255.0	6.41644979715	6.26601304148
1840.0	364.0	4.93751147181	10.6117693345
1840.0	406.0	3.78837197326	12.1000518455
1850.0	103.0	7.1105637287	2.03218819456
1850.0	113.0	10.1280020054	4.46293825464
1850.0	169.0	10.3445706032	9.78051725206
1850.0	192.0	0.733049976826	1.57109746151
1850.0	255.0	6.41497654139	6.26076252588
1850.0	364.0	4.97960449374	10.6148719119
1850.0	406.0	3.63199639681	12.331790511
1860.0	103.0	7.38732534786	1.95510107925
1860.0	113.0	10.4481194371	4.46293825464
1860.0	169.0	10.4167601358	9.87359457395
1860.0	192.0	0.277182549377	1.77013973447
1860.0	255.0	6.41350328562	6.25551201029
1860.0	364.0	5.02169751567	10.6182131491
1860.0	406.0	3.47562082036	12.5637678363
1870.0	103.0	7.70302301229	1.82574746781
1870.0	113.0	10.6284880361	4.48083773962
1870.0	169.0	10.5049450167	9.96595591643
1870.0	192.0	-0.178895343182	1.96894334764
1870.0	255.0	6.41224049496	6.2502614947
1870.0	364.0	5.04989984035	10.6279982008
1870.0	406.0	3.3192452439	12.7955065018
1880.0	103.0	8.01872067673	1.69639385636
1880.0	113.0	10.7486636137	4.50637433819
1880.0	169.0	10.5931298977	10.0583172589
1880.0	255.0	6.41076723919	6.2447723193
1880.0	364.0	5.04590100327	10.6535347994
1880.0	406.0	3.2316917583	13.0091070226
1890.0	103.0	8.37040787492	1.62288663805
1890.0	113.0	10.8690496564	4.53191093676
1890.0	255.0	6.40929398343	6.23952180371
1890.0	364.0	5.04169170108	10.679071398
1890.0	406.0	3.21253943332	13.2043307387
1900.0	103.0	8.73135553792	1.56322168812
1900.0	113.0	10.9134577945	4.53644547295
1900.0	255.0	6.40803119277	6.23427128811
1900.0	364.0	5.037692864	10.7043693367
1900.0	406.0	3.19338710835	13.3995544549
1910.0	103.0	9.09209273582	1.50355673819
1910.0	113.0	10.9494473283	4.53859341115
1910.0	255.0	6.406557937	6.22902077252
1910.0	280.0	15.1193925453	8.11204659226
1910.0	364.0	5.03369402691	10.7299059353
1910.0	406.0	3.17423478337	13.5950168309
1920.0	103.0	9.41873458596	1.63529694764
1920.0	113.0	10.985436862	4.54074134935
1920.0	255.0	6.40508468123	6.22353159713
1920.0	280.0	14.8689390648	8.12350226265
1920.0	364.0	5.02948472472	10.7554425339
1920.0	406.0	3.1550824584	13.790240547
1930.0	103.0	9.74516597099	1.76679849728
1930.0	113.0	11.0216368609	4.54288928755
1930.0	255.0	6.40382189058	6.21828108153
1930.0	280.0	14.6182751193	8.13495793303
1930.0	364.0	5.02548588764	10.7809791325
1940.0	103.0	10.067808984	1.90164128412
1940.0	113.0	11.0576263946	4.54503722574
1940.0	255.0	6.40234863481	6.21303056594
1940.0	280.0	14.3903414055	8.07028112731
1940.0	364.0	5.02127658545	10.806515731
1950.0	103.0	10.3534101378	2.06345262832
1950.0	113.0	11.0936159284	4.54718516394
1950.0	255.0	6.40087537904	6.20754139055
1950.0	280.0	14.1720890869	7.97290792903
1950.0	364.0	5.01727774836	10.8318136698
1960.0	103.0	10.6390112916	2.22550263233
1960.0	113.0	11.1296054621	4.54933310214
1960.0	255.0	6.39940212327	6.20229087495
1960.0	280.0	13.9538367682	7.87577339054
1960.0	364.0	5.01306844617	10.8573502684
1970.0	103.0	10.9128263992	2.38182480114
1970.0	113.0	11.1655949959	4.55148104034
1970.0	255.0	6.39813933262	6.19704035936
1970.0	280.0	13.6785484048	7.82064297681
1970.0	364.0	5.00906960909	10.8828868669
1980.0	103.0	11.1594915077	2.52502068097
1980.0	113.0	11.2015845296	4.55362897853
1980.0	255.0	6.39666607685	6.19178984377
1980.0	280.0	13.4034705065	7.76551256308
1990.0	103.0	11.405946151	2.6682165608
1990.0	113.0	11.2377845285	4.55577691673
1990.0	255.0	6.39519282108	6.18630066837
1990.0	280.0	13.1237623758	7.70202905635
2000.0	103.0	11.6526112595	2.81141244062
2000.0	113.0	11.2737740622	4.55792485493
2000.0	255.0	6.39393003042	6.18105015278
2000.0	280.0	12.8375298267	7.62565792044
2010.0	103.0	11.8942252054	2.99016863061
2010.0	113.0	11.3036601078	4.58942794849
2010.0	255.0	6.39245677466	6.17579963718
2010.0	280.0	12.5512972776	7.54928678454
2020.0	103.0	12.1347868257	3.17751657338
2020.0	113.0	11.3320728976	4.62809083604
2020.0	255.0	6.39098351889	6.17054912159
2020.0	280.0	12.3136821689	7.50465740199
2030.0	103.0	12.375348446	3.36510317596
2030.0	113.0	11.3604856874	4.6667537236
2030.0	121.0	-0.0178895343182	3.98561865521
2030.0	255.0	6.38972072823	6.1650599462
2030.0	280.0	12.0813286878	7.46336925664
2040.0	103.0	12.6055972759	3.4992299834
2040.0	113.0	11.3891089423	4.70541661115
2040.0	121.0	0.322222082837	4.22427845493
2040.0	255.0	6.38824747246	6.1598094306
2040.0	280.0	11.8491856719	7.42231977109
2050.0	103.0	12.8358461058	3.63359545064
2050.0	113.0	11.4175217321	4.7440794987
2050.0	121.0	0.662123234882	4.46293825464
2050.0	255.0	6.3867742167	6.15455891501
2050.0	280.0	11.5776856805	7.39916977052
2060.0	103.0	13.0658844707	3.76772225808
2060.0	113.0	11.4459345219	4.78298104606
2060.0	121.0	1.0102325262	4.69587021916
2060.0	255.0	6.38551142604	6.14906973962
2060.0	280.0	11.305975224	7.37601976994
2070.0	103.0	13.2544612089	3.97082174763
2070.0	113.0	11.4743473117	4.82164393361
2070.0	121.0	1.43116274545	4.87677434734
2070.0	255.0	6.38403817027	6.14381922402
2070.0	280.0	11.0344752326	7.35310842917
2080.0	103.0	13.4325146916	4.19134340257
2080.0	113.0	11.4966566133	4.83882743919
2080.0	121.0	1.8520929647	5.05791713533
2080.0	255.0	6.3825649145	6.13856870843
2080.0	280.0	10.7604496598	7.35716564577
2090.0	103.0	13.5930995703	4.40375062431
2090.0	113.0	11.5097054501	4.82403053161
2090.0	121.0	2.28017899768	5.2438331193
2090.0	255.0	6.38130212385	6.13331819284
2090.0	280.0	10.486213622	7.36456409956
2100.0	103.0	13.6831786372	4.58560939169
2100.0	113.0	11.5227542869	4.80923362403
2100.0	121.0	2.7375196809	5.44955786666
2100.0	255.0	6.37982886808	6.12782901744
2100.0	280.0	10.2119775841	7.37172389355
2110.0	103.0	13.7658914253	4.75243259169
2110.0	113.0	11.5358031237	4.79443671644
2110.0	121.0	3.19464989901	5.65552127381
2110.0	255.0	6.37835561231	6.12257850185
2110.0	280.0	9.98425433553	7.40227234791
2120.0	103.0	13.7810449132	4.78441300486
2120.0	113.0	11.5488519605	4.77963980886
2120.0	121.0	3.61705337402	5.86363261916
2120.0	255.0	6.37709282165	6.11732798626
2120.0	280.0	9.78725899292	7.44857234906
2130.0	103.0	13.795987936	4.81639341802
2130.0	113.0	11.5621112624	4.76460424148
2130.0	121.0	3.95821731673	6.0777104595
2130.0	255.0	6.37561956589	6.11207747066
2130.0	280.0	9.59047411542	7.4946336904
2140.0	103.0	13.8109309587	4.84837383118
2140.0	113.0	11.5751600992	4.7498073339
2140.0	121.0	4.29938125943	6.29154964005
2140.0	255.0	6.37414631012	6.10658829527
2140.0	280.0	9.39305784259	7.4924857522
2150.0	103.0	13.8260844466	4.88035424434
2150.0	113.0	11.588208936	4.73501042631
2150.0	121.0	4.5938219478	6.53450531615
2150.0	255.0	6.37288351946	6.10133777967
2150.0	280.0	9.19543110465	7.44188987466
2160.0	103.0	13.8410274694	4.9123346575
2160.0	113.0	11.6012577728	4.72021351873
2160.0	121.0	4.81817775466	6.82089707581
2160.0	255.0	6.37141026369	6.09608726408
2160.0	280.0	8.99780436671	7.39129399713
2170.0	103.0	13.8561809573	4.94431507066
2170.0	113.0	11.6143066096	4.70541661115
2170.0	121.0	5.04274402663	7.10728883547
2170.0	255.0	6.36993700793	6.09059808869
2170.0	280.0	8.78586600132	7.35883626436
2180.0	103.0	13.8711239801	4.97629548383
2180.0	113.0	11.6273554464	4.69061970357
2180.0	121.0	5.26162774064	7.35549502717
2180.0	255.0	6.36846375216	6.08534757309
2180.0	280.0	8.51731252144	7.40012440971
2190.0	103.0	13.886277468	5.00827589699
2190.0	113.0	11.6404042832	4.67582279599
2190.0	121.0	5.47209285026	7.54642286694
2190.0	255.0	6.3672009615	6.0800970575
2190.0	280.0	8.24875904155	7.44117389527
2200.0	103.0	13.9012204908	5.04025631015
2200.0	113.0	11.6536635851	4.6607872286
2200.0	121.0	5.68255795989	7.73735070671
2200.0	255.0	6.36572770573	6.07484654191
2200.0	280.0	7.99767416577	7.48962183461
2210.0	103.0	13.9161635135	5.07223672331
2210.0	113.0	11.6667124219	4.64599032102
2210.0	121.0	5.89302306951	7.92827854648
2210.0	255.0	6.36425444997	6.06935736651
2210.0	280.0	7.78720905614	7.55477595993
2220.0	103.0	13.9313170014	5.10421713647
2220.0	113.0	11.6797612587	4.63119341344
2220.0	121.0	6.15757771231	8.12541154104
2220.0	255.0	6.36299165931	6.06410685092
2220.0	280.0	7.57674394652	7.61969142545
2230.0	103.0	14.0066635107	5.12832177624
2230.0	113.0	11.6928100955	4.61639650586
2230.0	121.0	6.42823584329	8.32302185521
2230.0	255.0	6.36151840354	6.05885633533
2230.0	280.0	7.36627883689	7.68484555077
2240.0	103.0	14.0887449034	5.15147177681
2240.0	113.0	11.7058589323	4.60159959828
2240.0	121.0	6.69889397427	8.52087082917
2240.0	255.0	6.36004514777	6.05360581973
2240.0	280.0	7.11961372841	7.79176514104
2250.0	103.0	14.1710367613	5.17486043719
2250.0	113.0	11.7189077691	4.58680269069
2250.0	121.0	6.98302187227	8.68554609097
2250.0	255.0	6.35878235712	6.04811664434
2250.0	280.0	6.87273815482	7.89892339112
2260.0	103.0	14.2531181541	5.19801043776
2260.0	113.0	11.9291624136	4.42355938769
2260.0	121.0	7.28798581611	8.80081877423
2260.0	255.0	6.35730910135	6.04286612874
2260.0	280.0	6.62691490678	8.01013885778
2270.0	103.0	14.383606522	5.19037332417
2270.0	113.0	12.2238135671	4.19683257796
2270.0	121.0	7.59273929485	8.91609145749
2270.0	255.0	6.35583584558	6.03761561315
2270.0	280.0	6.39014165845	8.1593012326
2280.0	103.0	14.5260914012	5.17509909699
2280.0	113.0	12.557821696	3.85960628097
2280.0	121.0	7.85434742612	9.00105434619
2280.0	255.0	6.35457305492	6.03236509756
2280.0	280.0	6.15336841012	8.30846360742
2290.0	103.0	14.6687867456	5.15958621001
2290.0	113.0	12.9084565687	3.47512534363
2290.0	121.0	8.07302067502	9.05618475993
2290.0	255.0	6.35309979916	6.02687592216
2290.0	280.0	6.00162306608	8.46621773503
2300.0	103.0	14.9177669703	5.1634047668
2300.0	113.0	13.2222600471	2.9185706907
2300.0	121.0	8.29148345881	9.11131517366
2300.0	255.0	6.35162654339	6.02162540657
2300.0	280.0	5.88628818601	8.62802907924
2310.0	103.0	15.2124181237	5.17533775679
2310.0	113.0	13.5493228275	2.34149129499
2310.0	121.0	8.4487008957	9.20128991815
2310.0	255.0	6.35036375273	6.01637489098
2310.0	280.0	5.77074284082	8.78960176365
2320.0	113.0	13.9468914196	1.75820674449
2320.0	121.0	8.59897298397	9.29484455964
2320.0	255.0	6.34889049696	6.01088571558
2320.0	280.0	5.65414517009	8.95547032445
2330.0	113.0	14.333726291	1.15344281202
2330.0	121.0	8.72946135194	9.39603631472
2330.0	255.0	6.3474172412	6.00563519999
2330.0	280.0	5.53649517381	9.12372548325
2340.0	113.0	14.7045658142	0.517175785979
2340.0	121.0	8.68021251629	9.56309817452
2340.0	198.0	15.0061623163	2.26010830329
2340.0	255.0	6.34615445054	6.0003846844
2340.0	280.0	5.41884517753	9.29221930184
2350.0	113.0	15.0754053374	-0.119329899857
2350.0	121.0	8.63117414574	9.73016003432
2350.0	198.0	14.585232097	2.6646366638
2350.0	255.0	6.34468119477	5.9951341688
2350.0	280.0	5.30498355322	9.46214507924
2360.0	121.0	8.5865555425	9.88552756393
2360.0	198.0	14.1643018778	3.06940368411
2360.0	255.0	6.343207939	5.98964499341
2360.0	280.0	5.20585448659	9.63756003203
2370.0	121.0	8.58318810075	9.93564612187
2370.0	198.0	13.7808344481	3.4118804967
2370.0	255.0	6.34194514835	5.98439447781
2370.0	280.0	5.10693588506	9.81321364462
2380.0	121.0	8.57982065899	9.98552602001
2380.0	198.0	13.4066274831	3.73908308211
2380.0	255.0	6.34047189258	5.97914396222
2380.0	280.0	5.00780681843	9.98862859741
2390.0	121.0	8.57645321724	10.035644578
2390.0	198.0	13.0326309833	4.06031917252
2390.0	255.0	6.33899863681	5.97389344663
2390.0	280.0	4.94466728554	10.1218007656
2400.0	121.0	8.57308577549	10.0857631359
2400.0	198.0	12.6590554138	4.3297660864
2400.0	255.0	6.33752538104	5.96840427123
2400.0	280.0	4.89057775237	10.2447105625
2410.0	121.0	8.56971833373	10.135643034
2410.0	198.0	12.2856903093	4.59921300028
2410.0	255.0	6.33626259039	5.96315375564
2410.0	280.0	4.83648821919	10.3673816996
2420.0	121.0	8.56635089198	10.185761592
2420.0	198.0	11.9123252048	4.86865991415
2420.0	255.0	6.33478933462	5.95790324005
2420.0	280.0	4.77882077916	10.4652322174
2430.0	198.0	11.5966275404	5.20684085035
2430.0	255.0	6.33331607885	5.95241406465
2430.0	280.0	4.71315566495	10.505088404
2430.0	380.0	0.470810450232	13.624610646
2440.0	198.0	11.2809298759	5.54478312674
2440.0	199.0	9.26804156747	0.0584716509298
2440.0	255.0	6.33205328819	5.94716354906
2440.0	280.0	4.64728008564	10.5447059307
2440.0	380.0	0.641918584358	13.5200776538
2450.0	198.0	11.0687810454	5.81184344262
2450.0	199.0	8.49331949894	0.362285575965
2450.0	255.0	6.33058003243	5.94191303347
2450.0	280.0	4.58161497144	10.5845621173
2450.0	380.0	0.812816253374	13.4157833213
2460.0	198.0	10.9256647709	6.03141045836
2460.0	199.0	7.7183869653	0.666099501
2460.0	255.0	6.32910677666	5.93666251787
2460.0	280.0	4.51573939213	10.6244183038
2460.0	380.0	0.983924387499	13.311250329
2470.0	198.0	10.7751822175	6.2488295359
2470.0	199.0	6.95587187312	0.996404663804
2470.0	255.0	6.327843986	5.93117334248
2470.0	280.0	4.41661032549	10.701744079
2470.0	380.0	1.15524298673	13.1978869242
2480.0	198.0	10.5575612941	6.44787180886
2480.0	199.0	6.20177538534	1.34437065179
2480.0	255.0	6.32637073023	5.92592282688
2480.0	280.0	4.28422777154	10.8165394426
2480.0	380.0	1.32698251619	13.0785570243
2490.0	198.0	10.3401508359	6.64667542202
2490.0	199.0	5.46283238544	1.67944901058
2490.0	255.0	6.32489747447	5.92067231129
2490.0	280.0	4.15163475247	10.9315734661
2490.0	380.0	1.49872204564	12.9592271244
2500.0	198.0	10.1178996801	6.84953625178
2500.0	199.0	4.78450333712	1.96226087324
2500.0	255.0	6.32363468381	5.9154217957
2500.0	280.0	4.05881963913	11.0528126443
2500.0	380.0	1.6704615751	12.8398972246
2510.0	198.0	9.85208224668	7.08819605149
2510.0	199.0	4.1063847539	2.2450727359
2510.0	255.0	6.32216142804	5.9099326203
2510.0	280.0	3.97589638594	11.1757224412
2510.0	380.0	1.84262203477	12.7682992847
2510.0	385.0	8.01598463031	11.5337121408
2520.0	198.0	9.60373341732	7.32136667581
2520.0	199.0	3.39206617183	2.46440109184
2520.0	255.0	6.32068817227	5.90468210471
2520.0	280.0	3.89297313274	11.298632238
2520.0	380.0	2.01478249445	12.7086343347
2520.0	385.0	7.81941021792	11.5017317276
2530.0	198.0	9.42567993458	7.53258059856
2530.0	199.0	2.64175805602	2.62000728125
2530.0	255.0	6.31942538162	5.89943158912
2530.0	280.0	3.79089755458	11.4289404887
2530.0	380.0	2.18694295412	12.6489693848
2530.0	385.0	7.62304627064	11.4699899742
2540.0	198.0	9.24741598673	7.7435558615
2540.0	199.0	1.87987435918	2.76368048068
2540.0	255.0	6.31795212585	5.89394241372
2540.0	280.0	3.66966965143	11.5664085333
2540.0	380.0	2.35910341379	12.5893044349
2540.0	385.0	7.42668232336	11.4382482209
2550.0	198.0	9.10619389817	7.98173834162
2550.0	199.0	1.07168833821	2.85914440057
2550.0	255.0	6.31647887008	5.88869189813
2550.0	280.0	3.5486522134	11.7036379181
2550.0	380.0	2.51379526937	12.5375152583
2550.0	385.0	7.19096140058	11.3761966729
2560.0	198.0	8.98917529722	8.23829762631
2560.0	199.0	0.263502317251	2.95460832045
2560.0	255.0	6.31521607942	5.88344138254
2560.0	280.0	3.40806152017	11.8358554472
2560.0	380.0	2.64259991646	12.4978977316
2560.0	385.0	6.94534861764	11.3065080114
2570.0	198.0	8.87236716137	8.4946182512
2570.0	255.0	6.31374282366	5.87819086694
2570.0	280.0	3.19065106192	11.9473095737
2570.0	380.0	2.77119409844	12.458041545
2570.0	385.0	6.69910443938	11.2108054317
2580.0	198.0	8.83448344164	8.62373320285
2580.0	255.0	6.31226956789	5.87270169155
2580.0	280.0	2.97324060368	12.0587637001
2580.0	291.0	15.0272088273	7.1597939914
2580.0	380.0	2.89978828042	12.4181853585
2580.0	385.0	6.45222886579	11.0759626449
2590.0	198.0	8.80543925651	8.73900588611
2590.0	255.0	6.31100677723	5.86745117596
2590.0	280.0	2.75583014544	12.1695018472
2590.0	291.0	14.585232097	7.15191821801
2590.0	380.0	3.01680688137	12.3339384492
2590.0	385.0	6.20388003643	10.9425518169
2600.0	198.0	8.77639507138	8.85427856937
2600.0	255.0	6.30953352146	5.86220066036
2600.0	280.0	2.53905108252	12.2778533963
2600.0	291.0	14.1432553668	7.14380378482
2600.0	380.0	3.1310894359	12.2384745293
2600.0	385.0	5.94479748648	10.823221917
2610.0	198.0	8.5996043793	8.92110331329
2610.0	255.0	6.3080602657	5.85695014477
2610.0	280.0	2.3220615545	12.3864436051
2610.0	291.0	13.7012786366	7.13592801143
2610.0	380.0	3.24537199043	12.1430106094
2610.0	385.0	5.68571493653	10.7038920171
2620.0	198.0	8.42281368721	8.98792805721
2620.0	255.0	6.30658700993	5.85146096937
2620.0	280.0	2.10528249158	12.495033814
2620.0	291.0	13.3483286478	7.18222801258
2620.0	380.0	3.34807896392	12.0320338026
2620.0	385.0	5.40053471299	10.6251342832
2620.0	410.0	7.3073486062	12.4363235033
2630.0	198.0	8.25928229703	9.14926208181
2630.0	255.0	6.30532421927	5.84621045378
2630.0	280.0	1.85756505755	12.5888271153
2630.0	291.0	12.9951681938	7.22828935392
2630.0	380.0	3.42363593828	11.8852580257
2630.0	385.0	5.08904635075	10.5869487153
2630.0	410.0	7.34944162812	12.2520781379
2640.0	198.0	8.10901020876	9.40486672731
2640.0	255.0	6.3038509635	5.84095993819
2640.0	280.0	1.60626971666	12.6811884578
2640.0	291.0	12.642218205	7.27458935507
2640.0	380.0	3.49919291263	11.7384822489
2640.0	385.0	4.7775579885	10.5487631473
2640.0	410.0	7.39153465005	12.0680714323
2650.0	198.0	7.95852765538	9.6607100326
2650.0	255.0	6.30237770774	5.83547076279
2650.0	280.0	1.35518484088	12.7737884601
2650.0	291.0	12.2343368225	7.32208265521
2650.0	380.0	3.57474988699	11.5914678123
2650.0	385.0	4.46186032406	10.4160682987
2650.0	410.0	7.43362767197	11.8838260669
2660.0	198.0	7.79457533498	9.83373838739
2660.0	255.0	6.30111491708	5.8302202472
2660.0	280.0	1.11483368569	12.853739493
2660.0	291.0	11.8203519519	7.36981461515
2660.0	295.0	14.9640692944	7.07435378311
2660.0	380.0	3.65746267507	11.4635461596
2660.0	385.0	4.15479172912	10.2871920068
2660.0	410.0	7.46140906644	11.7088884337
2670.0	198.0	7.6245195264	9.97144509183
2670.0	255.0	6.29964166131	5.82496973161
2670.0	280.0	0.877218576919	12.9308266083
2670.0	291.0	11.4065775464	7.41754657509
2670.0	295.0	14.5431390751	6.93497646007
2670.0	380.0	3.75090918375	11.364263683
2670.0	385.0	3.88181848193	10.1721579834
2670.0	410.0	7.35954395339	11.6165270913
2680.0	198.0	7.47003813594	10.1084358169
2680.0	255.0	6.29816840554	5.81971921601
2680.0	280.0	0.639603468152	13.0076750638
2680.0	291.0	11.071727557	7.47768884462
2680.0	295.0	14.1222088559	6.79583779684
2680.0	380.0	3.84456615753	11.2647425465
2680.0	385.0	3.60905569986	10.0573626197
2680.0	410.0	7.25767884033	11.5241657488
2690.0	198.0	7.45551604337	10.2401760263
2690.0	255.0	6.29690561489	5.81423004062
2690.0	280.0	0.396305801425	13.0518271267
2690.0	291.0	10.7459275673	7.53926307295
2690.0	295.0	13.7056984039	6.67054140199
2690.0	380.0	3.9380126662	11.16522141
2690.0	385.0	3.37144059109	9.91583735849
2690.0	410.0	7.15581372727	11.4318044063
2700.0	198.0	7.44099395081	10.3719162357
2700.0	255.0	6.29543235912	5.80897952503
2700.0	280.0	0.150903483602	13.0816596017
2700.0	291.0	10.4201275776	7.60083730127
2700.0	295.0	13.2908716729	6.55121150213
2700.0	380.0	4.02198824494	11.0838384183
2700.0	385.0	3.16876269052	9.7478208595
2700.0	410.0	7.03942652165	11.4067451273
2710.0	198.0	7.40774046349	10.4917234552
2710.0	255.0	6.29395910335	5.80372900943
2710.0	280.0	-0.0947092993315	13.1114920767
2710.0	291.0	10.1684113064	7.59964400228
2710.0	295.0	12.8760449418	6.43188160228
2710.0	380.0	4.10343824237	11.006751303
2710.0	385.0	2.96608478995	9.5800430203
2710.0	410.0	6.92324978113	11.3814471885
2720.0	198.0	7.29935093203	10.5640373745
2720.0	255.0	6.29269631269	5.79847849384
2720.0	291.0	9.93542643009	7.5824604967
2720.0	295.0	12.46942635	6.30348263003
2720.0	380.0	4.18488823979	10.9299028475
2720.0	385.0	2.76277549405	9.35546414877
2720.0	410.0	6.80686257551	11.3563879096
2730.0	198.0	7.19096140058	10.6363512938
2730.0	291.0	9.70244155374	7.56551565092
2730.0	295.0	12.0813286878	6.15432025521
2730.0	380.0	4.25602544685	10.8415987216
2730.0	385.0	2.55925573305	9.11680434905
2730.0	410.0	6.69342188142	11.3322832698
2740.0	198.0	7.08257186912	10.7086652131
2740.0	291.0	9.56669155803	7.48079142202
2740.0	295.0	11.6932310257	6.00515788039
2740.0	302.0	15.1223390568	7.05884089612
2740.0	380.0	4.3227428866	10.7485213997
2740.0	385.0	2.35573597204	8.87814454934
2740.0	410.0	6.59113583814	11.311758527
2750.0	198.0	7.00217419724	10.7659435651
2750.0	291.0	9.43094156232	7.39606719312
2750.0	295.0	11.3019763869	5.85981406236
2750.0	302.0	14.8575739489	6.96647955364
2750.0	380.0	4.38946032635	10.655205418
2750.0	410.0	6.48884979486	11.2912337842
2760.0	198.0	6.92493350201	10.8215512984
2760.0	291.0	9.29519156661	7.31134296422
2760.0	295.0	10.8810461676	5.7485985957
2760.0	302.0	14.5925983759	6.87411821115
2760.0	380.0	4.4561777661	10.5621280961
2760.0	410.0	6.3867742167	11.2709477013
2770.0	198.0	6.84790327189	10.8773976915
2770.0	291.0	9.12113692095	7.17077234219
2770.0	295.0	10.4601159484	5.63714446923
2770.0	302.0	14.327833268	6.78175686866
2770.0	380.0	4.61949869117	10.4976899502
2780.0	198.0	6.96260675663	10.9334827445
2780.0	291.0	8.94308343821	7.02399656537
2780.0	295.0	10.0356078223	5.52211044577
2780.0	302.0	13.9854065346	6.73617284691
2780.0	380.0	4.84701147468	10.452583248
2790.0	198.0	7.11540442622	10.9874198592
2790.0	291.0	8.72925088683	6.88915377853
2790.0	295.0	9.57826713906	5.37390271015
2790.0	302.0	13.6095158488	6.71063624834
2790.0	380.0	5.07452425818	10.4074765459
2800.0	198.0	7.33386721001	11.0334812006
2800.0	291.0	8.43165322182	6.78199552846
2800.0	295.0	9.12113692095	5.22593363433
2800.0	302.0	13.2338356281	6.68509964977
2800.0	380.0	5.30203704169	10.3623698438
2810.0	198.0	7.55254045891	11.0793038821
2810.0	291.0	8.13405555681	6.67507593819
2810.0	295.0	8.65832414488	5.0798738369
2810.0	302.0	12.7893333166	6.72233057853
2810.0	380.0	5.46430564121	10.3747801533
2820.0	198.0	7.73606603451	11.2136693493
2820.0	291.0	7.80278347426	6.61087645206
2820.0	295.0	8.17362299742	4.94240579227
2820.0	302.0	12.3372542611	6.76648264148
2820.0	380.0	5.619418427	10.3936342775
2830.0	198.0	7.89644044804	11.4067451273
2830.0	291.0	7.42078930029	6.61087645206
2830.0	295.0	7.68892184995	4.80493774763
2830.0	302.0	11.9182182279	6.83617130299
2830.0	380.0	5.7745312128	10.4124884017
2840.0	198.0	8.01661602564	11.5938544103
2840.0	291.0	7.03879512632	6.61087645206
2840.0	295.0	7.20422070248	4.6677083628
2840.0	302.0	11.6319856788	7.00800635879
2840.0	380.0	5.92417190574	10.4306265465
2850.0	198.0	8.09638230218	11.7749971983
2850.0	291.0	6.65069746417	6.56911098711
2850.0	295.0	6.72372885721	4.51950062717
2850.0	302.0	11.3457531297	7.17984141458
2850.0	307.0	14.948073946	5.62998467524
2850.0	308.0	14.9756448754	8.4962888698
2850.0	380.0	6.02435329792	10.4418435571
2860.0	198.0	8.17614857873	11.9561399862
2860.0	291.0	6.25986375559	6.50944603718
2860.0	295.0	6.24365794215	4.37033825235
2860.0	302.0	11.0292136048	7.34045945979
2860.0	307.0	14.6974100005	5.50516559999
2860.0	308.0	14.7942239509	8.73494866951
2860.0	380.0	6.1245346901	10.4532992274
2870.0	198.0	8.23255322811	12.1115075159
2870.0	291.0	5.86903004702	6.44978108726
2870.0	295.0	5.76337656199	4.22117587753
2870.0	302.0	10.6998357083	7.4960656492
2870.0	307.0	14.4658983799	5.40158724691
2870.0	308.0	14.6128030264	8.97360846923
2870.0	380.0	6.22471608228	10.4647548978
2880.0	198.0	8.27338345938	12.2501688595
2880.0	291.0	5.46556843187	6.3280645894
2880.0	295.0	5.27257192634	4.05268205893
2880.0	302.0	10.3574089749	7.59320018768
2880.0	307.0	14.2787948974	5.34860477138
2880.0	308.0	14.4206483813	9.18673167037
2880.0	380.0	6.32489747447	10.4759719084
2890.0	198.0	8.31400322554	12.3888302031
2890.0	291.0	5.06084402606	6.19966561716
2890.0	295.0	4.77692659317	3.87559648755
2890.0	302.0	9.99540898634	7.60274657967
2890.0	307.0	14.1575669943	5.30015683204
2890.0	308.0	14.2177600156	9.37431827294
2890.0	380.0	6.36656956617	10.5129641774
2900.0	198.0	8.38703461858	12.5103080412
2900.0	291.0	4.67148357325	6.05241252073
2900.0	295.0	4.28128126	3.69851091616
2900.0	302.0	9.63340899778	7.61229297166
2900.0	307.0	14.1022146705	5.25624342889
2900.0	308.0	14.0146611849	9.56166621572
2900.0	380.0	6.40171723948	10.5528203639
2910.0	198.0	8.49226717339	12.6146023737
2910.0	291.0	4.31790218908	5.86148468096
2910.0	295.0	3.78584639194	3.53502895336
2910.0	302.0	9.32044737977	7.497497608
2910.0	307.0	14.0468623466	5.21209136594
2910.0	308.0	13.8311356093	9.70605539455
2910.0	380.0	6.43665444768	10.5924378907
2920.0	198.0	8.5974997282	12.7191353659
2920.0	291.0	3.96432080491	5.67055684119
2920.0	295.0	3.290621989	3.38061606294
2920.0	302.0	9.01274738949	7.36909863575
2920.0	307.0	13.9915100228	5.16817796279
2920.0	308.0	13.6556077078	9.83206776879
2920.0	380.0	6.47180212098	10.6322940772
2930.0	198.0	8.7111508874	12.8375106266
2930.0	291.0	3.57853825896	5.46602539284
2930.0	295.0	2.79539758605	3.22620317253
2930.0	302.0	8.66863693526	7.23616512731
2930.0	307.0	13.9742518838	5.1624501276
2930.0	308.0	13.4802902715	9.95808014304
2930.0	380.0	6.50694979429	10.6721502638
2940.0	198.0	8.84437530179	12.9885822798
2940.0	291.0	3.18475803885	5.25815270729
2940.0	295.0	2.29954178777	3.0849165711
2940.0	302.0	8.23928811162	7.09296924748
2940.0	307.0	13.9736204885	5.17295115879
2940.0	308.0	13.3138123698	10.0824218987
2940.0	380.0	6.54188700249	10.7117677905
2950.0	198.0	8.9778101813	13.1398925928
2950.0	291.0	2.79097781874	5.05028002174
2950.0	295.0	1.80073947796	2.9966124452
2950.0	302.0	7.80993928798	6.94977336766
2950.0	307.0	13.972778628	5.18345218998
2950.0	308.0	13.2275216749	10.1926827262
2950.0	380.0	6.59808118676	10.7559198535
2960.0	198.0	9.10156366576	13.2919188852
2960.0	291.0	2.41150922609	4.83715682059
2960.0	295.0	1.30172670303	2.90806965951
2960.0	302.0	7.35933348828	6.84166047839
2960.0	307.0	13.9719367676	5.19395322116
2960.0	308.0	13.1410205148	10.3027048938
2960.0	380.0	6.70331374157	10.8096183084
2970.0	198.0	9.20342877881	13.4458544561
2970.0	291.0	2.03814412161	4.62164702145
2970.0	295.0	0.791769742411	2.78993305865
2970.0	302.0	6.90325559572	6.7421393419
2970.0	307.0	13.9713053723	5.20445425235
2970.0	308.0	13.0547298199	10.4129657213
2970.0	380.0	6.80854629639	10.8633167634
2980.0	198.0	9.30529389187	13.5997900269
2980.0	291.0	1.66477901714	4.40589856251
2980.0	295.0	0.270658130978	2.64220264263
2980.0	302.0	6.43602305235	6.62829861744
2980.0	307.0	13.9704635118	5.21495528354
2980.0	308.0	12.9684391249	10.522987889
2980.0	380.0	6.9137788512	10.9170152183
2990.0	198.0	9.40715900493	13.7537255977
2990.0	291.0	1.24826856519	4.20112845436
2990.0	295.0	-0.250453480454	2.4944722266
2990.0	302.0	5.95195330021	6.4932171708
2990.0	307.0	13.9696216514	5.22569497453
2990.0	380.0	7.01901140601	10.9707136732
3000.0	291.0	0.803345323441	4.00327948039
3000.0	302.0	5.46788354807	6.35789706437
3000.0	307.0	13.9689902561	5.23619600571
3010.0	291.0	0.358422081692	3.80566916623
3010.0	302.0	4.98191960995	6.22138365893
3010.0	307.0	13.9681483956	5.2466970369
3020.0	291.0	-0.0865011600561	3.60782019227
3020.0	302.0	4.49300916029	6.0827223153
3020.0	307.0	13.9673065352	5.25719806809
3030.0	302.0	4.00430917574	5.94406097166
3030.0	307.0	13.9666751399	5.26769909928
3040.0	302.0	3.52844756287	5.79251199885
3040.0	307.0	13.9658332794	5.27820013046
3050.0	302.0	3.08268246069	5.60993725206
3050.0	307.0	13.964991419	5.28870116165
3060.0	302.0	2.6369173585	5.42736250528
3060.0	307.0	13.9643600237	5.29920219284
3070.0	302.0	2.19136272142	5.2447877585
3070.0	307.0	13.9635181632	5.30994188382
3080.0	302.0	1.70224180665	5.13572023003
3080.0	307.0	13.9626763028	5.32044291501
3090.0	302.0	1.20849065947	5.03476713475
3090.0	307.0	13.9620449074	5.3309439462
3100.0	302.0	0.736627883689	4.96054393704
3100.0	307.0	13.961203047	5.34144497739
3110.0	302.0	0.315697664438	4.94861094706
3110.0	307.0	13.9603611866	5.35194600857
3120.0	302.0	-0.105232554813	4.93667795707
3120.0	307.0	13.9597297912	5.36244703976
3130.0	307.0	13.9588879308	5.37294807095
3140.0	307.0	13.9580460704	5.38344910214
3150.0	307.0	13.957414675	5.39395013332
3160.0	307.0	13.9565728146	5.40468982431
3160.0	392.0	2.1799976055	9.53159508096
3170.0	307.0	13.9557309542	5.4151908555
3170.0	392.0	2.51190108338	9.62347910385
3180.0	307.0	13.9550995588	5.42569188669
3180.0	392.0	2.84380456126	9.71536312674
3190.0	307.0	13.9542576984	5.43619291787
3190.0	392.0	3.17339292293	9.80533787123
3200.0	307.0	13.855549562	5.44144343347
3200.0	392.0	3.5006661684	9.89388065692
3210.0	307.0	13.6591856147	5.44144343347
3210.0	392.0	3.82814987898	9.98218478281
3220.0	307.0	13.3119181838	5.53690735335
3220.0	392.0	4.12216963713	10.0544987021
3230.0	307.0	12.9646507529	5.63237127324
3230.0	392.0	4.40777079089	10.122516745
3240.0	307.0	12.5738170444	5.71184498654
3240.0	392.0	4.69337194465	10.1907734478
3250.0	307.0	12.1829833358	5.79155735965
3250.0	392.0	4.81165333626	10.1907734478
3260.0	307.0	11.8803345081	5.86482591816
3260.0	392.0	4.93014519298	10.1907734478
3270.0	307.0	11.5875775407	5.93737849727
3270.0	392.0	5.04842658459	10.1907734478
3280.0	307.0	11.2403101098	6.03308107696
3280.0	392.0	5.18312425475	10.2373121087
3290.0	307.0	10.8570531451	6.14381922402
3290.0	392.0	5.32161029688	10.2955450998
3300.0	307.0	10.4735857154	6.25455737109
3300.0	392.0	5.46030680412	10.353778091
3310.0	307.0	10.1414717724	6.40181046751
3310.0	392.0	5.59879284626	10.4120110821
3320.0	307.0	9.82219620111	6.55813263633
3320.0	392.0	5.8073637699	10.4072378861
3330.0	307.0	9.50292062981	6.71445480514
3330.0	392.0	6.04603120421	10.3752574729
3340.0	307.0	9.2512043587	6.8333073854
3340.0	392.0	6.28448817342	10.3435157196
3350.0	307.0	9.00706483153	6.94786408926
3350.0	392.0	6.55556723462	10.3879064423
3360.0	307.0	8.79112762906	7.05406770013
3360.0	392.0	6.84074745816	10.4647548978
3370.0	307.0	8.6170729834	7.14738368182
3370.0	392.0	7.1259276817	10.5418420131
3380.0	307.0	8.44764857015	7.23043729212
3380.0	392.0	7.36627883689	10.4867115994
3390.0	307.0	8.31610787663	7.22041358053
3390.0	392.0	7.57674394652	10.3435157196
3400.0	307.0	8.18456718312	7.21062852874
3400.0	392.0	7.83772068245	10.1645208698
3410.0	307.0	8.14731485871	7.20728729155
3410.0	392.0	8.13237183593	9.96166004004
3420.0	307.0	8.15047183536	7.20704863175
3420.0	392.0	8.41544740838	9.80891776822
3430.0	307.0	8.153628812	7.20680997195
3430.0	392.0	8.69052530666	9.68958786837
3440.0	307.0	8.15678578865	7.20633265235
3440.0	392.0	8.96581367005	9.57025796851
3450.0	307.0	8.15994276529	7.20609399255
3450.0	392.0	9.26530552104	9.50605848239
3460.0	307.0	8.16309974194	7.20585533275
3460.0	392.0	9.56479737204	9.44185899626
3470.0	307.0	8.16646718369	7.20561667295
3470.0	392.0	9.86113224639	9.35546414877
3480.0	307.0	8.16962416033	7.20513935335
3480.0	392.0	10.1524159581	9.23613424891
3490.0	147.0	0.165846506385	1.65820828841
3490.0	307.0	8.17278113698	7.20490069355
3490.0	392.0	10.4439101349	9.11680434905
3500.0	147.0	0.578358121251	1.69639385636
3500.0	307.0	8.17593811362	7.20466203375
3500.0	392.0	10.7349833816	9.03112548096
3510.0	147.0	0.990869736117	1.73457942432
3510.0	307.0	8.17909509027	7.20418471415
3510.0	392.0	11.0258461631	8.95403836565
3520.0	147.0	1.41011623449	1.72813560973
3520.0	307.0	8.18225206691	7.20394605435
3520.0	392.0	11.3169194097	8.87671259054
3530.0	147.0	1.83104645374	1.71047478455
3530.0	307.0	8.18540904356	7.20370739455
3530.0	392.0	11.5875775407	8.79962547523
3540.0	147.0	2.23556039444	1.69138200057
3540.0	307.0	8.18877648531	7.20346873475
3540.0	392.0	11.828139161	8.72301567953
