0.0	4.0	2.27302318396	6.20515479255
0.0	5.0	13.6802321257	6.53927851215
0.0	21.0	9.78662759759	1.52742271817
0.0	220.0	8.2081392754	4.15268051501
10.0	4.0	2.45718015488	6.31708623862
10.0	5.0	12.9598100554	6.64023160743
10.0	21.0	9.83166713105	1.56155106953
10.0	220.0	8.18393578779	4.15816969041
20.0	4.0	2.6413371258	6.42877902488
20.0	5.0	12.2393879852	6.74118470271
20.0	21.0	9.87691712962	1.59567942088
20.0	220.0	8.15952183507	4.1636588658
30.0	4.0	2.82549409672	6.54071047095
30.0	5.0	11.5358031237	6.9149290369
30.0	21.0	9.92195666308	1.62980777224
30.0	220.0	8.13531834747	4.16914804119
40.0	4.0	2.87348014172	6.56457645092
40.0	5.0	10.8576845405	7.19774089956
40.0	21.0	9.96699619654	1.6636974638
40.0	220.0	8.11090439475	4.17463721659
50.0	4.0	2.88758130406	6.56648572932
50.0	5.0	10.1795659573	7.48055276222
50.0	19.0	14.8523123212	4.64193310443
50.0	21.0	10.01203573	1.69782581516
50.0	74.0	12.9997984262	12.7146008297
50.0	220.0	8.08670090714	4.18012639198
60.0	4.0	2.90168246641	6.56839500771
60.0	5.0	9.5288078383	7.70871153074
60.0	19.0	14.6746797686	4.5822681545
60.0	21.0	10.0572857286	1.73195416652
60.0	74.0	12.982119357	12.6401389722
60.0	220.0	8.06249741953	4.18561556737
70.0	4.0	2.91557316364	6.57030428611
70.0	5.0	8.88983576547	7.9132429791
70.0	19.0	14.4970472161	4.52260320457
70.0	21.0	10.102325262	1.76608251788
70.0	74.0	12.9646507529	12.5654384549
70.0	220.0	8.03808346682	4.19134340257
80.0	4.0	2.92967432599	6.57221356451
80.0	5.0	8.25107415776	8.11777442745
80.0	19.0	14.3196251287	4.46293825464
80.0	21.0	10.5485112944	1.64197942203
80.0	74.0	12.9471821488	12.4909765974
80.0	220.0	8.01387997921	4.19683257796
90.0	4.0	2.94377548833	6.57388418311
90.0	5.0	7.6899741755	8.25906102888
90.0	19.0	14.2112355972	4.40661454191
90.0	21.0	10.9946973268	1.51787632618
90.0	74.0	12.9295030796	12.4162760801
90.0	220.0	7.9896764916	4.20232175335
100.0	4.0	2.95766618557	6.5757934615
100.0	5.0	7.13729279762	8.39342649612
100.0	19.0	14.1489379248	4.35220010757
100.0	21.0	11.4360426617	1.46918972704
100.0	74.0	12.8196402924	12.3547018518
100.0	220.0	7.96526253889	4.20781092875
110.0	4.0	2.97176734791	6.5777027399
110.0	5.0	6.58482188485	8.52755330356
110.0	19.0	14.0868507175	4.29802433304
110.0	21.0	11.8725472991	1.4956809648
110.0	74.0	12.6481112281	12.3014807164
110.0	220.0	7.94105905128	4.21330010414
120.0	4.0	2.98586851026	6.5796120183
120.0	5.0	6.05844864568	8.75809867008
120.0	19.0	14.024553045	4.2438485585
120.0	21.0	12.3090519364	1.52217220257
120.0	74.0	12.4765821637	12.2484982409
120.0	220.0	7.91664509856	4.21878927953
130.0	4.0	2.99975920749	6.5815212967
130.0	5.0	5.54323005732	9.02945486236
130.0	19.0	13.9395251407	4.19754855736
130.0	21.0	12.7783891309	1.55677787353
130.0	74.0	12.4121798402	12.2387131891
130.0	220.0	7.89244161096	4.22427845493
140.0	4.0	3.01386036984	6.5834305751
140.0	5.0	5.02801146895	9.30104971443
140.0	19.0	13.7627344486	4.18322896938
140.0	21.0	13.2561449298	1.59353148269
140.0	74.0	12.3595635628	12.2337013333
140.0	220.0	7.72238580238	4.30685474563
150.0	4.0	3.02796153218	6.58533985349
150.0	5.0	4.71063008364	9.69674766236
150.0	19.0	13.5859437565	4.16890938139
150.0	21.0	13.6688670097	1.61930674106
150.0	74.0	12.3069472854	12.2289281373
150.0	220.0	7.55254045891	4.38943103633
160.0	4.0	3.04185222942	6.58701047209
160.0	5.0	4.44270799909	10.1234713842
160.0	19.0	13.4091530645	4.15458979341
160.0	21.0	13.8227170049	1.60092993648
160.0	74.0	12.2543310079	12.2239162815
160.0	220.0	7.43320674175	4.44336815107
170.0	4.0	3.05595339176	6.58891975049
170.0	5.0	4.17478591453	10.5501951061
170.0	19.0	13.2323623724	4.14027020543
170.0	21.0	13.976567	1.5825531319
170.0	74.0	12.2046612421	12.2122219513
170.0	220.0	7.38985092917	4.45386918225
180.0	4.0	3.07005455411	6.59082902889
180.0	5.0	3.94516847993	10.9516208893
180.0	19.0	13.0406286575	4.13406505064
180.0	21.0	14.1769297844	1.58947426609
180.0	74.0	12.1812996149	12.1415786506
180.0	220.0	7.34649511659	4.46437021344
190.0	4.0	3.08394525134	6.59273830728
190.0	5.0	3.75385569528	11.3277487336
190.0	19.0	12.7893333166	4.1605562884
190.0	21.0	14.408441405	1.61334024606
190.0	74.0	12.1579379877	12.0709353499
190.0	220.0	7.30313930401	4.47487124463
200.0	4.0	3.09804641369	6.59464758568
200.0	5.0	3.56254291063	11.7036379181
200.0	19.0	12.5378275106	4.18704752617
200.0	21.0	14.6399530256	1.63720622603
200.0	74.0	12.1493089182	12.0098384412
200.0	220.0	7.25978349142	4.48537227581
210.0	4.0	3.11214757603	6.59655686408
210.0	5.0	3.33944989443	12.0637755559
210.0	19.0	12.2865321697	4.21377742374
210.0	21.0	14.8714646461	1.66107220601
210.0	74.0	12.1629891504	11.9630611204
210.0	220.0	7.21642767884	4.495873307
220.0	4.0	3.12603827327	6.59822748268
220.0	5.0	2.98860455668	12.359236388
220.0	19.0	12.0261868291	4.25387227009
220.0	74.0	12.1768798476	11.9162837997
220.0	220.0	7.17307186626	4.50637433819
230.0	4.0	3.14013943561	6.60013676108
230.0	5.0	2.63818014916	12.6489693848
230.0	19.0	11.7599484654	4.30279752903
230.0	74.0	12.1905600797	11.8697451387
230.0	220.0	7.16696837808	4.48107639942
240.0	4.0	3.15424059796	6.60204603947
240.0	5.0	2.29070225316	12.8876291845
240.0	19.0	11.4939205669	4.35196144777
240.0	74.0	12.2042403119	11.822967818
240.0	220.0	7.18548930773	4.43215114048
250.0	4.0	3.16813129519	6.60395531787
250.0	5.0	1.94322435717	13.1262889842
250.0	19.0	11.1967438321	4.42451402689
250.0	74.0	12.3242054243	11.639438432
250.0	220.0	7.20401023737	4.38298722174
260.0	4.0	3.18223245754	6.60586459627
260.0	5.0	1.59553599607	13.364948784
260.0	19.0	10.7758136128	4.59085990729
260.0	74.0	12.4704786755	11.4215420349
260.0	220.0	7.29703581583	4.30041093104
270.0	4.0	3.19633361988	6.60777387467
270.0	5.0	1.24805810008	13.6036085837
270.0	19.0	10.3548833936	4.75720578769
270.0	74.0	12.55592751	11.2253636795
270.0	220.0	7.68807998951	4.0844238123
280.0	4.0	3.21022431712	6.60968315306
280.0	19.0	9.93395317432	4.92355166809
280.0	74.0	12.5801309976	11.0509033659
280.0	220.0	8.07091602392	3.87869906494
290.0	4.0	3.28746501235	6.60848985407
290.0	19.0	9.45325086394	5.10994497166
290.0	74.0	12.6043344853	10.8764430523
290.0	220.0	8.38240438617	3.76414236108
300.0	4.0	3.51203128432	6.60061408067
300.0	19.0	8.96581367005	5.29824755364
300.0	74.0	12.6167519267	10.9079461459
300.0	220.0	8.69389274841	3.64958565722
310.0	4.0	3.73638709118	6.59249964748
310.0	19.0	8.47837647615	5.48655013561
310.0	74.0	12.6279065775	10.9623605802
310.0	220.0	9.02516483096	3.42810936308
320.0	4.0	3.95295568899	6.61016047266
320.0	19.0	7.99262300314	5.661249109
320.0	74.0	12.6390612283	11.0167750146
320.0	220.0	9.36948575031	3.13503512904
330.0	4.0	4.15121382225	6.68748624777
330.0	19.0	7.52223348313	5.71017436794
330.0	74.0	12.650005414	11.0711894489
330.0	220.0	9.60815318462	2.89565934992
340.0	4.0	4.34926149041	6.76457336308
340.0	19.0	7.05184396311	5.75933828668
340.0	74.0	12.6611600649	11.125842543
340.0	220.0	9.68834039139	2.73671192331
350.0	4.0	4.54730915857	6.84189913819
350.0	19.0	6.5814544431	5.80850220543
350.0	74.0	12.6737879714	11.1988724418
350.0	220.0	9.79462527175	2.57752583691
360.0	4.0	4.64833241119	6.90323470671
360.0	19.0	6.13358468982	5.80969550442
360.0	74.0	12.6923089011	11.3461255382
360.0	220.0	9.96110317347	2.4183397505
370.0	4.0	4.73841147811	6.96289965664
370.0	19.0	5.69560679669	5.79036406065
370.0	74.0	12.7108298307	11.4936172944
370.0	220.0	10.1277915403	2.25939232389
380.0	4.0	4.82070333597	7.01635945178
380.0	19.0	5.25762890356	5.77103261687
380.0	74.0	12.7293507604	11.6408703908
380.0	220.0	10.1934566545	2.0842160309
390.0	4.0	4.832278917	7.01516615278
390.0	19.0	4.81965101042	5.75170117309
390.0	74.0	12.7430309925	11.7377662695
390.0	220.0	10.248177583	1.90760777911
400.0	4.0	4.84364403292	7.01397285378
400.0	19.0	4.49279869518	5.64502024262
400.0	35.0	14.8887227851	9.42085693389
400.0	74.0	12.755448434	11.8220131788
400.0	220.0	10.305845023	1.73267014592
410.0	4.0	4.85500914884	7.01254089498
410.0	19.0	4.16615684504	5.53810065235
410.0	35.0	14.6035425616	9.67502962058
410.0	74.0	12.7678658754	11.9062600881
410.0	220.0	10.3759299045	1.56560828612
420.0	4.0	4.86658472987	7.01134759598
420.0	19.0	3.83930452979	5.43141972188
420.0	35.0	14.318362338	9.92896364748
420.0	74.0	12.7802833169	11.9905069974
420.0	220.0	10.446014786	1.39854642632
430.0	4.0	4.87794984579	7.00991563718
430.0	19.0	3.52823709776	5.3285573482
430.0	35.0	14.0331821145	10.1831363342
430.0	74.0	12.7924902933	12.0747539067
430.0	220.0	10.5278857137	1.25654384549
440.0	4.0	4.88952542682	7.00872233818
440.0	19.0	3.27946733818	5.24192384091
440.0	35.0	13.7454763096	10.4005554117
440.0	74.0	12.8110112229	12.1835827754
440.0	220.0	10.6558485003	1.21501704034
450.0	4.0	4.90089054274	7.00729037939
450.0	19.0	3.03069757861	5.15505167381
450.0	35.0	13.4552449235	10.5816981997
450.0	74.0	12.8320577339	12.3029126752
450.0	220.0	10.7840217521	1.17349023519
460.0	4.0	4.91225565866	7.00609708039
460.0	19.0	2.78192781903	5.06817950671
460.0	35.0	13.1650135373	10.7628409877
460.0	74.0	12.8531042448	12.4222425751
460.0	220.0	10.8381112853	1.24413353591
470.0	4.0	4.92383123969	7.00490378139
470.0	19.0	2.50453480454	5.03572177395
470.0	35.0	12.8922507552	10.9038889293
470.0	74.0	12.8741507558	12.5415724749
470.0	220.0	10.8837822141	1.32718714621
480.0	4.0	4.93519635561	7.00347182259
480.0	19.0	2.22398481341	5.00923053619
480.0	35.0	12.6312740193	11.0184456332
480.0	74.0	12.9461298233	12.6005214455
480.0	220.0	10.9060915157	1.42957220028
490.0	4.0	4.94656147153	7.00227852359
490.0	19.0	1.94322435717	4.98273929842
490.0	35.0	12.3732437949	11.128229141
490.0	74.0	13.0399972622	12.6334564978
490.0	220.0	10.9130368643	1.54508354334
500.0	4.0	4.95813705256	7.00084656479
500.0	19.0	1.66562087758	4.96674909184
500.0	35.0	12.1408903139	11.193860586
500.0	74.0	13.1340751662	12.66663021
500.0	220.0	10.9197717478	1.66059488641
510.0	4.0	4.96950216848	6.9996532658
510.0	19.0	1.39517321171	4.97510218483
510.0	35.0	11.9087472979	11.2597306907
510.0	74.0	13.2279426051	12.6995652624
510.0	220.0	10.8311659367	1.89734540772
520.0	4.0	4.9808672844	6.998221307
520.0	19.0	1.12451508073	4.98369393762
520.0	35.0	11.6890217235	11.3377724452
520.0	74.0	13.321810044	12.7327389745
520.0	220.0	10.6470089657	2.25533510729
530.0	4.0	4.99244286543	6.997028008
530.0	19.0	0.843544159379	4.98798981401
530.0	35.0	11.5193868451	11.4635461596
530.0	74.0	13.4156774829	12.7656740269
530.0	220.0	10.4538019951	2.62263253905
540.0	4.0	5.00380798135	6.995834709
540.0	19.0	0.552049982548	4.98798981401
540.0	35.0	11.3499624319	11.5895585339
540.0	74.0	13.5280658514	12.801234337
540.0	220.0	10.181039213	3.07346090071
550.0	4.0	5.01517309727	6.9944027502
550.0	19.0	0.260555805716	4.98798981401
550.0	35.0	11.1803275535	11.7155709081
550.0	74.0	13.7143274734	12.8472956784
550.0	220.0	9.90827643095	3.52428926237
560.0	4.0	5.0267486783	6.9932094512
560.0	35.0	11.0546798831	11.8434925608
560.0	74.0	13.9003786303	12.8931183599
560.0	220.0	9.61278341704	3.94409185006
560.0	301.0	13.6486623592	11.7444487439
570.0	4.0	5.12208937296	6.98223110042
570.0	35.0	10.9582868629	11.9728461722
570.0	38.0	14.6957262796	5.92472952789
570.0	74.0	13.9923518832	12.9181776389
570.0	220.0	9.28340552047	4.31759443662
570.0	301.0	13.6135146859	11.5933770907
580.0	4.0	5.25363006647	6.96743419283
580.0	35.0	10.8616833776	12.1179513305
580.0	38.0	14.5115693087	5.95456200285
580.0	74.0	14.0216065335	12.9291559897
580.0	220.0	8.94013692667	4.68489186838
580.0	301.0	13.5785774777	11.4420667777
590.0	4.0	5.38517075999	6.95239862545
590.0	35.0	10.7652903573	12.3267786552
590.0	38.0	14.3274123378	5.98439447781
590.0	74.0	14.0508611837	12.9401343405
590.0	220.0	8.47353577863	4.996342907
590.0	301.0	13.5392205022	11.2790621345
600.0	4.0	5.50492540737	6.92662336708
600.0	35.0	10.6688973371	12.5356059799
600.0	38.0	14.1222088559	6.0762785007
600.0	74.0	14.0801158339	12.951351351
600.0	220.0	8.00672416548	5.30755528583
600.0	301.0	13.4901821317	11.0881342947
610.0	4.0	5.6128940086	6.88986975793
610.0	38.0	13.9117437462	6.18367541058
610.0	74.0	14.1093704842	12.9623297018
610.0	220.0	7.61883696844	5.51304137338
610.0	301.0	13.440933296	10.8972064549
620.0	4.0	5.72086260984	6.85311614877
620.0	38.0	13.6859146836	6.21374654534
620.0	74.0	14.1386251344	12.9733080526
620.0	220.0	7.2505230266	5.69203622317
620.0	301.0	13.3939995766	10.6967322232
630.0	4.0	5.82883121108	6.81660119942
630.0	38.0	13.456297249	6.22472489613
630.0	74.0	14.1678797847	12.9845250632
630.0	220.0	6.94534861764	5.79943313304
630.0	301.0	13.3519065546	10.47406263
640.0	4.0	5.89954748791	6.80824810643
640.0	38.0	13.2475158603	6.26625170128
640.0	74.0	14.1971344349	12.995503414
640.0	220.0	6.73488350802	5.79943313304
640.0	301.0	13.3098135327	10.2511543771
650.0	4.0	5.94542888181	6.81922645721
650.0	38.0	13.0528356339	6.3280645894
650.0	74.0	14.22617862	13.0064817648
650.0	220.0	6.52441839839	5.79943313304
650.0	301.0	13.2468844649	10.0616584961
660.0	4.0	5.99131027571	6.8299661482
660.0	38.0	12.8579449424	6.38987747753
660.0	74.0	14.2554332703	13.0174601156
660.0	220.0	6.30300910307	5.79322797824
660.0	301.0	13.1349170266	9.94996570985
670.0	4.0	6.03719166961	6.84094449899
670.0	38.0	12.5037321629	6.53927851215
670.0	74.0	14.2846879205	13.0286771262
670.0	220.0	6.07696957533	5.78439756565
670.0	301.0	13.0231600534	9.83803426379
680.0	4.0	6.08328352862	6.85168418997
680.0	38.0	12.1318403141	6.69846459856
680.0	220.0	5.85093004759	5.77556715307
680.0	301.0	12.9038263363	9.72109096193
690.0	4.0	6.12916492251	6.86266254076
690.0	38.0	11.7601589305	6.85741202517
690.0	42.0	14.4844193095	0.997359303003
690.0	220.0	5.46619982719	5.86601921716
690.0	301.0	12.7158809934	9.55927961772
700.0	4.0	6.17504631641	6.87340223175
700.0	38.0	11.463403126	6.92113419169
700.0	42.0	13.945839094	1.13077013104
700.0	220.0	5.08168007191	5.95670994105
700.0	301.0	12.5279356505	9.39722961372
710.0	4.0	6.22092771031	6.88414192273
710.0	38.0	11.1748554607	6.97411666723
710.0	42.0	13.4072588785	1.26418095908
710.0	220.0	4.69084636333	6.03904757195
710.0	301.0	12.325468215	9.25474971329
720.0	4.0	6.26680910421	6.89512027352
720.0	38.0	10.887570586	7.01826873017
720.0	42.0	12.8743612209	1.42265106609
720.0	220.0	4.24571265648	6.04811664434
720.0	301.0	12.0886949667	9.1578538346
730.0	4.0	6.31290096322	6.90585996451
730.0	38.0	10.6044950136	7.02638316336
730.0	42.0	12.3923961199	1.80760932303
730.0	220.0	3.80057894962	6.05742437653
730.0	301.0	11.8519217183	9.06095795592
740.0	4.0	6.35878235712	6.9168383153
740.0	38.0	10.3214194411	7.03473625635
740.0	42.0	11.9102205537	2.19256757997
740.0	220.0	3.37144059109	6.07102798511
740.0	301.0	11.6185159118	8.95905022144
750.0	4.0	6.48590328333	6.89726821172
750.0	38.0	10.0145613113	7.04786254534
750.0	42.0	11.4282554527	2.57752583691
750.0	220.0	2.95871851112	6.08940478969
750.0	301.0	11.415417081	8.81418372302
760.0	4.0	6.66711374272	6.85741202517
760.0	38.0	9.65171946232	7.07244450471
760.0	42.0	10.9372403519	3.04482172474
760.0	220.0	2.54578596603	6.10778159427
760.0	301.0	11.2125287153	8.66931722459
770.0	4.0	6.84832420211	6.81779449841
770.0	38.0	9.28866714821	7.09726512388
770.0	42.0	10.446014786	3.51235627238
770.0	220.0	2.19388830274	6.04954860314
770.0	301.0	11.0050101172	8.52445072616
780.0	4.0	7.02953466149	6.77793831186
780.0	38.0	8.8969915792	7.14070120743
780.0	42.0	9.98614852151	3.89850782832
780.0	88.0	0.399883708289	6.73020635192
780.0	220.0	1.84872552295	5.98272385922
780.0	301.0	10.7871787287	8.37958422774
790.0	4.0	7.28819628122	6.66887078339
790.0	38.0	8.46217066271	7.21229914734
790.0	42.0	9.54690783772	4.23048360972
790.0	88.0	0.744204627636	6.84953625178
790.0	220.0	1.48441041819	5.91756973389
790.0	301.0	10.5691368752	8.23471772931
800.0	4.0	7.54664743584	6.55980325492
800.0	38.0	8.02713928112	7.28389708725
800.0	42.0	9.10324738663	4.55911815393
800.0	88.0	1.08873601209	6.96886615163
800.0	220.0	1.0910511283	5.85480220657
800.0	301.0	10.3319426966	8.06359865292
810.0	4.0	7.80530905557	6.45073572645
810.0	38.0	7.62094161954	7.30370585063
810.0	42.0	8.64948461028	4.87987692474
810.0	88.0	1.43453018721	7.00514244119
810.0	220.0	0.697902303518	5.79179601945
810.0	301.0	10.0758066582	7.86646565836
820.0	4.0	8.0989078835	6.38486562173
820.0	38.0	7.25809977055	7.2461888389
820.0	42.0	8.19572183393	5.20063569556
820.0	88.0	1.78074529254	7.02041666837
820.0	220.0	0.304543013628	5.72902849212
820.0	301.0	9.80388573658	7.70011977795
830.0	4.0	8.42786484984	6.36243160056
830.0	38.0	6.89525792155	7.18867182717
830.0	42.0	7.75984859189	5.52569034277
830.0	88.0	2.12696039788	7.03592955535
830.0	301.0	9.46903574716	7.65668369441
830.0	340.0	12.9646507529	12.458041545
840.0	4.0	8.75661135108	6.34023623919
840.0	38.0	6.5157893289	7.23353986951
840.0	42.0	7.48624394938	5.89179447553
840.0	88.0	2.49611620016	7.00156254419
840.0	301.0	9.13418575775	7.61324761086
840.0	340.0	12.9947472636	12.3897848423
850.0	4.0	9.05378808587	6.35694242517
850.0	38.0	6.11948352747	7.38079296594
850.0	42.0	7.21263930687	6.25765994849
850.0	88.0	2.87495339748	6.94571615106
850.0	301.0	8.90625204402	7.59343884748
850.0	340.0	13.0248437743	12.3217667994
860.0	4.0	9.27709156718	6.46553263404
860.0	38.0	5.72338819116	7.52828472216
860.0	42.0	6.9377718737	6.62686665864
860.0	88.0	3.25379059481	6.89010841773
860.0	301.0	8.67810786519	7.57339142431
860.0	340.0	13.054940285	12.2535100967
870.0	4.0	9.50018458339	6.57388418311
870.0	38.0	5.33360680813	7.67386719999
870.0	42.0	6.65069746417	7.02447388497
870.0	88.0	3.76374755543	6.80991872502
870.0	301.0	8.52636252115	7.59988266208
870.0	340.0	13.0698833077	12.2029142191
880.0	4.0	9.7234880647	6.68247439198
880.0	38.0	5.00170333025	7.80226617223
880.0	42.0	6.36362305464	7.42231977109
880.0	88.0	4.32968823522	6.71946666093
880.0	91.0	0.336744175401	6.15742283261
880.0	301.0	8.42533926853	7.65716101401
880.0	340.0	13.0698833077	12.1699791668
890.0	4.0	9.96720666165	6.78915532245
890.0	38.0	4.66979985237	7.93090380428
890.0	42.0	6.07675911022	7.82016565721
890.0	88.0	4.89583938011	6.62901459684
890.0	91.0	0.626133701136	6.06195891272
890.0	301.0	8.30726834203	7.71181410814
890.0	340.0	13.0698833077	12.1368054546
900.0	4.0	10.2109252586	6.89607491272
900.0	38.0	4.32737311901	8.01825329097
900.0	42.0	5.72907074912	8.1628811296
900.0	88.0	5.42999982834	6.48987593361
900.0	91.0	0.915523226871	5.96649499284
900.0	301.0	8.03534742039	7.7416465831
900.0	340.0	13.0698833077	12.1038704023
910.0	4.0	10.4546438555	7.00275584319
910.0	38.0	3.97442313017	8.06431463232
910.0	42.0	5.36622890012	8.4922316532
910.0	88.0	5.9561626024	6.33880428039
910.0	91.0	1.20491275261	5.87103107295
910.0	301.0	7.76363696387	7.77147905807
910.0	340.0	13.0698833077	12.0709353499
920.0	4.0	10.708885708	7.09249192788
920.0	38.0	3.62126267622	8.11061463346
920.0	42.0	5.00317658602	8.82134351701
920.0	88.0	6.48232537647	6.18773262717
920.0	91.0	1.49430227834	5.77556715307
920.0	301.0	7.42941836978	7.81610844062
920.0	340.0	13.0698833077	12.0377616377
930.0	4.0	11.0060624428	7.11349399026
930.0	38.0	3.33208361559	8.12565020084
930.0	42.0	4.7118928743	9.23422497051
930.0	88.0	7.03648001011	6.01422695278
930.0	91.0	1.79884529197	5.68129653218
930.0	301.0	7.06868117188	7.86718163775
930.0	340.0	13.0698833077	12.0048265854
940.0	4.0	11.3032391775	7.13449605263
940.0	38.0	3.13824524963	8.09438576708
940.0	42.0	4.42860683674	9.65665281601
940.0	88.0	7.59779045748	5.83523210299
940.0	91.0	2.10359877071	5.58726457109
940.0	301.0	6.70773350888	7.91849349469
940.0	340.0	13.0698833077	11.971891533
950.0	4.0	11.6004159123	7.15549811501
950.0	38.0	2.94419641855	8.06288267352
950.0	42.0	4.1960428906	10.0871950947
950.0	88.0	8.17025555566	5.7507465339
950.0	91.0	2.40814178434	5.4929939502
950.0	301.0	6.33668352061	7.98126102202
950.0	340.0	13.0698833077	11.9387178209
960.0	4.0	11.9070635771	7.2492914163
960.0	38.0	2.75035805259	8.03161823976
960.0	42.0	4.08176033608	10.5370688171
960.0	88.0	8.75955786261	5.80802488583
960.0	91.0	2.74446502952	5.40946302031
960.0	301.0	5.96416027657	8.04569916794
960.0	340.0	13.070304238	11.9086466861
970.0	4.0	12.2162368231	7.36122286236
970.0	38.0	2.49359061884	7.95882700084
970.0	42.0	3.96747778155	10.9871811994
970.0	88.0	9.34886016957	5.86530323776
970.0	91.0	3.20748827069	5.36841353475
970.0	301.0	5.60216028801	8.09557906608
970.0	340.0	13.0745135402	11.9045894695
980.0	4.0	12.5254100691	7.47315430843
980.0	38.0	2.19494062828	7.85882854476
980.0	42.0	3.85340569213	11.4372935817
980.0	88.0	10.0172973577	5.97365478683
980.0	91.0	3.67051151187	5.327602709
980.0	94.0	0.626133701136	4.26747587868
980.0	301.0	5.26394285684	8.11276257166
980.0	340.0	13.0787228423	11.9005322529
990.0	4.0	12.8493158729	7.58699503289
990.0	38.0	1.89629063773	7.75883008868
990.0	42.0	3.62673476907	11.7936126626
990.0	88.0	10.6943636154	6.08797283089
990.0	91.0	4.13353475305	5.28655322345
990.0	94.0	0.889215088168	4.25267897109
990.0	301.0	4.92572542568	8.12970741744
990.0	340.0	13.0829321445	11.8964750363
1000.0	4.0	13.1831135367	7.70202905635
1000.0	38.0	1.58711739169	7.6593089522
1000.0	42.0	3.37186152131	12.1265430832
1000.0	88.0	11.3396496415	6.1631506678
1000.0	91.0	4.64791148097	5.27987074906
1000.0	94.0	1.1522964752	4.23764340371
1000.0	301.0	4.59066497115	8.14736824262
1000.0	340.0	13.0871414467	11.8921791599
1010.0	4.0	13.5169112006	7.81730173961
1010.0	38.0	1.26784182038	7.56050379512
1010.0	42.0	3.11719873866	12.459234844
1010.0	88.0	11.9638891567	6.21255324634
1010.0	91.0	5.1841765803	5.28750786265
1010.0	94.0	1.41874530399	4.23096092932
1010.0	301.0	4.25876149327	8.1657450472
1010.0	340.0	13.091561214	11.8881219433
1020.0	4.0	13.7968297964	7.91706153589
1020.0	38.0	0.948566249082	7.46193729784
1020.0	42.0	2.86232549091	12.7921652646
1020.0	88.0	12.5879182067	6.26195582488
1020.0	91.0	5.72065214473	5.29514497624
1020.0	94.0	1.716342969	4.29659237424
1020.0	301.0	3.92685801539	8.18412185177
1020.0	340.0	13.0957705162	11.8840647267
1030.0	4.0	14.053386765	8.01013885778
1030.0	38.0	0.568255795989	7.39702183232
1030.0	42.0	2.59566619701	13.0308250644
1030.0	88.0	13.1620670258	6.2488295359
1030.0	91.0	6.23629166331	5.35886714277
1030.0	94.0	2.01394063401	4.36246247896
1030.0	301.0	3.58422081692	8.14307236622
1030.0	340.0	13.0999798184	11.8800075101
1040.0	4.0	14.3101541988	8.10345483947
1040.0	38.0	0.147325576738	7.35501770757
1040.0	42.0	2.32921736823	13.2694848641
1040.0	88.0	13.7145379385	6.20921200914
1040.0	91.0	6.73804048466	5.45982023804
1040.0	94.0	2.34731736765	4.40685320171
1040.0	301.0	3.2405312929	8.09534040628
1040.0	340.0	13.1041891206	11.8757116337
1050.0	4.0	14.5667111674	8.19653216136
1050.0	42.0	2.06255807433	13.5081446638
1050.0	88.0	14.2611158282	6.1621960286
1050.0	91.0	7.23999977112	5.56077333332
1050.0	94.0	2.82402084096	4.36461041716
1050.0	301.0	2.89663130378	8.04760844634
1050.0	340.0	13.1083984228	11.8716544171
1060.0	4.0	14.8398948797	8.26956206007
1060.0	88.0	14.7942239509	6.09847386208
1060.0	91.0	7.79247068389	5.68010323318
1060.0	94.0	3.30051384915	4.32260629241
1060.0	301.0	2.62176387061	8.00226308439
1060.0	340.0	13.112607725	11.8675972006
1070.0	4.0	15.1240227777	8.32922701
1070.0	91.0	8.34494159665	5.79943313304
1070.0	94.0	3.77721732245	4.28036350786
1070.0	301.0	2.35426271627	7.95715638225
1070.0	340.0	13.1168170272	11.863539984
1080.0	91.0	8.86984158006	5.93212798168
1080.0	94.0	4.20930219251	4.21664134134
1080.0	301.0	2.08697202705	7.9118110203
1080.0	340.0	13.1210263294	11.8592441076
1090.0	91.0	9.37664156404	6.07341458311
1090.0	94.0	4.63023241176	4.14719133962
1090.0	301.0	1.83799180236	7.86789761715
1090.0	340.0	13.1254460967	11.855186891
1100.0	91.0	9.88323108291	6.21493984434
1100.0	94.0	5.05116263101	4.0779799977
1100.0	301.0	1.66267436604	7.8280414306
1100.0	340.0	13.1296553989	11.8511296744
1110.0	91.0	10.2824833959	6.39226407553
1110.0	94.0	5.35633703997	4.01545113018
1110.0	301.0	1.48735692972	7.78818524405
1110.0	340.0	13.1338647011	11.8470724578
1120.0	91.0	10.6697391976	6.57364552331
1120.0	94.0	5.61184168306	3.95578618025
1120.0	301.0	1.29646507529	7.75739812989
1120.0	340.0	13.1380740033	11.8427765814
1130.0	91.0	10.9913298851	6.72734243432
1130.0	94.0	5.86755679125	3.89612123032
1130.0	301.0	1.04390694374	7.76288730528
1130.0	340.0	13.1422833055	11.8387193648
1140.0	91.0	11.2140019711	6.83975119999
1140.0	94.0	6.18093933948	3.98466401602
1140.0	301.0	0.791348812192	7.76813782087
1140.0	340.0	13.1464926076	11.8346621482
1150.0	91.0	11.3766915008	6.80657748783
1150.0	94.0	6.50084630611	4.08967432789
1150.0	301.0	0.538790680641	7.77338833647
1150.0	340.0	13.1507019098	11.8306049316
1160.0	91.0	11.5134938221	6.71111356794
1160.0	94.0	6.85611141116	4.14981659742
1160.0	301.0	0.286232549091	7.77863885206
1160.0	340.0	13.154911212	11.8263090552
1170.0	91.0	11.6854438166	6.62686665864
1170.0	94.0	7.26483465405	4.14289546323
1170.0	340.0	13.1591205142	11.8222518386
1180.0	91.0	11.8725472991	6.54715428554
1180.0	94.0	7.67334743184	4.13573566923
1180.0	340.0	13.1635402815	11.818194622
1190.0	91.0	12.125736826	6.47794294362
1190.0	94.0	8.08186020962	4.12881453504
1190.0	340.0	13.1677495837	11.8141374054
1200.0	91.0	12.3862926317	6.4096862409
1200.0	94.0	8.54362066014	3.9980289648
1200.0	340.0	13.1719588859	11.809841529
1210.0	57.0	14.8510495305	7.80417545063
1210.0	91.0	12.7472402947	6.19465376136
1210.0	94.0	9.00517064555	3.86700473476
1210.0	340.0	13.1761681881	11.8057843124
1220.0	57.0	14.5265123315	7.72470173733
1220.0	91.0	13.1330228406	5.94262901286
1220.0	94.0	9.46693109607	3.73621916451
1220.0	340.0	13.1803774903	11.8017270958
1230.0	57.0	14.2019751324	7.64498936422
1230.0	91.0	13.5760518964	5.79179601945
1230.0	94.0	9.90701364029	3.55125781974
1230.0	340.0	13.1845867925	11.7976698792
1240.0	57.0	13.8864879331	7.5750620429
1240.0	91.0	14.0249739752	5.63976972703
1240.0	94.0	10.3447810683	3.36032997997
1240.0	340.0	13.1887960947	11.7936126626
1250.0	57.0	13.5918367796	7.52733008296
1250.0	91.0	14.5248286106	5.47581044463
1250.0	94.0	10.7968601238	3.20687172875
1250.0	340.0	13.1930053969	11.7893167862
1260.0	57.0	13.4041019018	7.40537492531
1260.0	91.0	15.0246832459	5.31161250242
1260.0	94.0	11.2704066204	3.10997585007
1260.0	340.0	13.1972146991	11.7852595696
1270.0	57.0	13.2273112097	7.27578265406
1270.0	94.0	11.7439531171	3.01307997138
1270.0	340.0	13.2016344664	11.7812023531
1280.0	57.0	12.9065623827	7.24165430271
1280.0	94.0	12.2170786835	2.9157067731
1280.0	340.0	13.2058437686	11.7771451365
1290.0	57.0	12.5858135556	7.20752595135
1290.0	94.0	12.6889414593	2.81690161602
1290.0	340.0	13.2100530708	11.7728492601
1300.0	57.0	12.2000310097	7.13783728983
1300.0	94.0	13.16059377	2.71833511874
1300.0	100.0	0.458393008764	5.62425684005
1300.0	340.0	13.2142623729	11.7687920435
1310.0	57.0	11.8140379986	7.06838728811
1310.0	94.0	13.6486623592	2.62358717825
1310.0	100.0	0.701690675492	5.51232539398
1310.0	340.0	13.2199449309	11.7317997745
1320.0	57.0	11.4072089417	6.97984450242
1320.0	94.0	14.1748251333	2.53838562975
1320.0	100.0	0.945198807328	5.40039394792
1320.0	340.0	13.2292053957	11.6174817305
1330.0	57.0	10.9862787225	6.87889140714
1330.0	94.0	14.7009879073	2.45318408125
1330.0	100.0	1.20533368283	5.30898724463
1330.0	340.0	13.2382553954	11.5034023462
1340.0	57.0	10.5653485032	6.77793831186
1340.0	94.0	15.2271506814	2.36774387296
1340.0	100.0	1.50524646404	5.26578982088
1340.0	340.0	13.2971856261	11.3220208984
1350.0	57.0	10.1642020043	6.69583934076
1350.0	100.0	1.80494878015	5.22235373733
1350.0	340.0	13.3561158568	11.1406394506
1360.0	57.0	9.76305550531	6.61374036966
1360.0	100.0	2.10465109626	5.17891765378
1360.0	340.0	13.3965251579	10.9635538792
1370.0	57.0	9.36169854125	6.53188005836
1370.0	100.0	2.55273131465	5.13261765264
1370.0	340.0	13.4182030642	10.7907641842
1380.0	57.0	8.92792995031	6.40085582831
1380.0	100.0	3.00081153304	5.08655631129
1380.0	340.0	13.4400914356	10.6179744893
1390.0	57.0	8.4859532201	6.25765994849
1390.0	100.0	3.44889175143	5.04025631015
1390.0	340.0	13.4283053894	10.4828930426
1400.0	57.0	8.04397648989	6.11446406866
1400.0	100.0	4.02283010538	4.998729505
1400.0	340.0	13.3942100417	10.3733481945
1410.0	57.0	7.55948580753	6.08582489269
1410.0	100.0	4.61065915657	4.95744135965
1410.0	340.0	13.3599042288	10.2635646867
1420.0	57.0	7.06426140458	6.08582489269
1420.0	100.0	5.19848820775	4.9163918741
1420.0	340.0	13.325808881	10.1540198386
1430.0	57.0	6.56903700163	6.08582489269
1430.0	100.0	5.75748353892	4.84932847038
1430.0	340.0	13.2683519061	10.0664316921
1440.0	57.0	6.08496724949	6.12759035764
1440.0	100.0	6.31647887008	4.78202640686
1440.0	340.0	13.2081588848	9.98099148382
1450.0	57.0	5.61815563634	6.23188469012
1450.0	100.0	6.87568466636	4.71496300314
1450.0	340.0	13.1479658634	9.89578993532
1460.0	57.0	5.15113355808	6.33641768239
1460.0	72.0	0.0465127892272	7.04666924634
1460.0	100.0	7.44267767169	4.63787588783
1460.0	340.0	13.0879833072	9.81058838682
1470.0	57.0	4.68895217735	6.44047335507
1470.0	72.0	0.279076735363	6.72018264033
1470.0	100.0	8.01177532811	4.55840217453
1470.0	340.0	13.0593600523	9.68362137337
1480.0	57.0	4.24529172626	6.54261974934
1480.0	72.0	0.463023241176	6.46052077824
1480.0	100.0	8.57961019388	4.47988310042
1480.0	340.0	13.0444170295	9.53875487495
1480.0	412.0	7.70575905872	2.66988717939
1490.0	57.0	3.80184174028	6.64500480342
1490.0	72.0	0.533108122681	6.35718108497
1490.0	100.0	9.13629040884	4.4106717585
1490.0	340.0	13.0292635416	9.39388837652
1490.0	412.0	7.48203464719	2.68492274678
1500.0	57.0	3.39332896249	6.72471717653
1500.0	72.0	0.603403469296	6.25360273189
1500.0	100.0	9.6929706238	4.34122175679
1500.0	340.0	12.9488658697	9.19436878396
1500.0	412.0	7.25831023566	2.69971965436
1510.0	57.0	3.03722199701	6.77053985807
1510.0	72.0	0.671383699705	6.13117025464
1510.0	100.0	10.2496508388	4.27201041487
1510.0	340.0	12.861101919	8.98888269641
1510.0	412.0	7.03479628923	2.71475522174
1520.0	57.0	2.68090456641	6.81660119942
1520.0	72.0	0.734523232593	5.96410839484
1520.0	100.0	10.8473717501	3.98561865521
1520.0	340.0	12.7735484334	8.78339660885
1520.0	412.0	6.74898467036	2.81618563662
1530.0	57.0	2.37530922723	6.85287748897
1530.0	72.0	0.797662765481	5.79704653504
1530.0	100.0	11.4450926614	3.69922689556
1530.0	340.0	12.678628669	8.59246876908
1530.0	412.0	6.42150095978	2.97537172303
1540.0	57.0	2.08213132953	6.88700584033
1540.0	72.0	0.888794157949	5.63976972703
1540.0	100.0	12.0466019447	3.39183307353
1540.0	340.0	12.5666612306	8.43590794047
1540.0	412.0	6.09422771432	3.13431914964
1550.0	57.0	1.78895343182	6.92113419169
1550.0	72.0	1.04538019951	5.50516559999
1550.0	100.0	12.6516891349	3.06367584892
1550.0	340.0	12.4549042574	8.27934711186
1550.0	412.0	5.74569749278	3.26963925607
1560.0	57.0	1.49703832477	6.94428419226
1560.0	72.0	1.20175577596	5.37056147295
1560.0	100.0	13.2548821391	2.71738047954
1560.0	340.0	12.3425158889	8.13829917023
1560.0	412.0	5.39485215503	3.40233410471
1570.0	57.0	1.20512321772	6.96743419283
1570.0	72.0	1.35834181752	5.23571868611
1570.0	100.0	13.8410274694	2.20593252875
1570.0	340.0	12.2246554275	8.13829917023
1570.0	412.0	5.06568472358	3.53956348955
1580.0	57.0	0.913208110665	6.99034553361
1580.0	72.0	1.53450111428	5.1636434266
1580.0	100.0	14.4273832648	1.69448457797
1580.0	340.0	12.1067949661	8.13829917023
1580.0	412.0	4.82280798707	3.69564699856
1590.0	57.0	0.580883702566	7.02495120457
1590.0	72.0	1.74012552638	5.18536146837
1590.0	100.0	15.0137390602	1.18303662718
1590.0	340.0	11.9916705511	8.18961102717
1590.0	412.0	4.58014171567	3.85149184778
1600.0	57.0	0.244139527166	7.06075017452
1600.0	72.0	1.94574993849	5.20707951015
1600.0	340.0	11.878229857	8.27528989526
1600.0	412.0	4.43534172025	3.93024958168
1610.0	72.0	2.1515848157	5.22879755192
1610.0	340.0	11.7649996281	8.36096876336
1610.0	412.0	4.35578590881	3.95721813905
1620.0	72.0	2.35720922781	5.2505155937
1620.0	340.0	11.6517693991	8.44664763146
1620.0	412.0	4.27644056248	3.98418669642
1630.0	72.0	2.5057975952	5.15934755021
1630.0	340.0	11.6284077719	8.4991527874
1630.0	412.0	4.19709521615	4.01139391358
1640.0	67.0	15.3384867244	0.480660836623
1640.0	72.0	2.6543859626	5.06794084692
1640.0	340.0	11.6435612598	8.53709969555
1640.0	412.0	4.11753940471	4.03836247095
1650.0	67.0	14.9324995279	0.787577339054
1650.0	72.0	2.80297432999	4.97677280342
1650.0	340.0	11.6589252128	8.5750466037
1650.0	412.0	4.01756847764	4.0784573173
1660.0	67.0	14.5246181455	1.04532992274
1660.0	72.0	2.99533944019	4.95195218425
1660.0	340.0	11.6740787007	8.61323217166
1660.0	412.0	3.86940104047	4.14910061802
1670.0	67.0	14.1121065306	1.18852580257
1670.0	72.0	3.21716966574	4.97128362803
1670.0	340.0	11.6894426537	8.65117907981
1670.0	412.0	3.72123360329	4.21974391873
1680.0	67.0	13.6995949157	1.3317216824
1680.0	72.0	3.43921035639	4.99061507181
1680.0	340.0	11.7045961416	8.68936464777
1680.0	412.0	3.45373244895	4.21234546494
1690.0	67.0	13.3401205085	1.4959196246
1690.0	72.0	3.66104058194	5.00994651558
1690.0	340.0	11.7199600946	8.72731155592
1690.0	412.0	3.10646501807	4.15268051501
1700.0	67.0	12.9939054032	1.6651294226
1700.0	72.0	3.94727313103	4.92068775049
1700.0	340.0	11.7791007904	8.72969815392
1700.0	412.0	2.77056270311	4.10590319427
1710.0	67.0	12.6476902978	1.8345778804
1710.0	72.0	4.24045102874	4.81949599541
1710.0	340.0	11.8491856719	8.72301567953
1710.0	412.0	2.44223713209	4.06771762632
1720.0	67.0	12.2290751948	2.06607788612
1720.0	72.0	4.53383939155	4.71830424033
1720.0	340.0	11.9192705534	8.71633320513
1720.0	412.0	2.09728481742	4.02380422317
1730.0	67.0	11.7797321857	2.32406912961
1730.0	72.0	4.77019170966	4.52188722517
1730.0	340.0	12.0028252019	8.69437650356
1730.0	412.0	1.6026918098	3.92834030328
1740.0	67.0	11.3303891767	2.5820603731
1740.0	72.0	4.96823937782	4.26222536308
1740.0	340.0	12.1402589185	8.61156155306
1740.0	412.0	1.12283135985	3.8340696824
1750.0	67.0	10.8810461676	2.84005161659
1750.0	72.0	5.16628704598	4.00256350099
1750.0	340.0	12.27748217	8.52850794276
1750.0	412.0	0.774722068532	3.7514933917
1760.0	67.0	10.4230740891	3.02954749756
1760.0	72.0	5.35886262129	3.73645782431
1760.0	340.0	12.3528286793	8.46884299283
1760.0	412.0	0.426612777211	3.66891710099
1770.0	67.0	9.96489154544	3.21904337854
1770.0	72.0	5.52997075541	3.44553152846
1770.0	340.0	12.4216507701	8.4118033007
1770.0	412.0	0.0785034858903	3.58634081029
1780.0	67.0	9.50691946689	3.40853925951
1780.0	72.0	5.70086842443	3.15484389241
1780.0	340.0	12.4902623958	8.35476360857
1790.0	67.0	9.1221892465	3.61999184205
1790.0	72.0	5.87197655855	2.86391759656
1790.0	340.0	12.5588740216	8.29748525664
1800.0	67.0	8.78670786176	3.84576401258
1800.0	72.0	6.07233934292	2.53432841316
1800.0	340.0	12.6481112281	8.24116154391
1810.0	67.0	8.4510160119	4.07129752331
1810.0	72.0	6.27291259239	2.20473922975
1810.0	340.0	12.7857554098	8.18603113017
1820.0	67.0	8.11532416205	4.29706969384
1820.0	72.0	6.47327537675	1.87515004635
1820.0	340.0	12.9233995914	8.13090071644
1830.0	67.0	7.78552533527	4.47940578082
1830.0	72.0	6.67384862623	1.54556086294
1830.0	340.0	13.1515437703	8.10154556107
1840.0	67.0	7.45635790381	4.65696867181
1840.0	72.0	6.78286955301	1.32790312561
1840.0	340.0	13.4188344595	8.08316875649
1850.0	67.0	7.12719047236	4.834292903
1850.0	72.0	6.86916024796	1.13816858483
1850.0	340.0	13.6781274746	8.04880174534
1860.0	67.0	6.7980230409	5.01185579398
1860.0	72.0	6.95566140801	0.948434044061
1860.0	340.0	13.8675460732	7.86980689555
1870.0	67.0	6.47979979515	5.15743827181
1870.0	72.0	7.04195210296	0.758699503289
1870.0	340.0	14.0584379277	7.68890276737
1880.0	67.0	6.1615765494	5.30302074963
1880.0	72.0	7.04784512603	0.741993317309
1880.0	340.0	14.2630100142	7.48986049441
1890.0	67.0	5.84314283853	5.44836456766
1890.0	72.0	7.0448986145	0.744141255507
1890.0	340.0	14.4677925659	7.29105688125
1900.0	67.0	5.52491959278	5.59394704548
1900.0	72.0	7.04174163785	0.746527853504
1900.0	340.0	14.6723646524	7.09225326808
1910.0	67.0	5.14208355837	5.67795529498
1910.0	72.0	7.03879512632	0.748675791701
1910.0	340.0	14.7961181369	6.81493058082
1920.0	67.0	4.75209171023	5.75528107009
1920.0	72.0	7.03584861478	0.751062389698
1920.0	340.0	14.8390530193	6.45932747924
1930.0	67.0	4.3620998621	5.8323681854
1930.0	72.0	7.03269163814	0.753210327896
1930.0	340.0	14.8819879016	6.10396303747
1940.0	67.0	3.98515685076	5.93546921887
1940.0	72.0	7.0297451266	0.755596925893
1940.0	340.0	14.924922784	5.7483599359
1950.0	67.0	3.62105221111	6.06458417052
1950.0	72.0	7.02679861507	0.75798352389
1950.0	340.0	14.9678576663	5.39275683433
1960.0	67.0	3.25715803656	6.19346046236
1960.0	72.0	7.02364163842	0.760131462087
1960.0	340.0	15.0318390597	5.04359754734
1970.0	67.0	2.89305339691	6.32257541401
1970.0	72.0	7.02069512689	0.762518060084
1970.0	340.0	15.1099216153	4.69897279656
1980.0	67.0	2.56767433743	6.35360118797
1980.0	72.0	7.01774861535	0.764665998282
1980.0	340.0	15.1877937059	4.35410938597
1990.0	67.0	2.25197667299	6.36028366236
1990.0	72.0	7.01459163871	0.767052596279
2000.0	67.0	1.93627900855	6.36696613676
2000.0	72.0	7.01164512717	0.769200534476
2010.0	67.0	1.62605343697	6.37531922975
2010.0	72.0	7.00848815053	0.771587132474
2010.0	114.0	14.5523995399	5.65575993361
2010.0	244.0	0.29212557216	8.11443319026
2020.0	67.0	1.33792670189	6.39083211673
2020.0	72.0	7.005541639	0.773973730471
2020.0	114.0	14.2341762942	5.70229859455
2020.0	244.0	0.515008123254	8.11443319026
2030.0	67.0	1.0495895017	6.40634500371
2030.0	72.0	7.00259512746	0.776121668668
2030.0	114.0	13.9159530484	5.7488372555
2030.0	244.0	0.737890674347	8.11443319026
2040.0	67.0	0.761252301516	6.42209655049
2040.0	72.0	6.99943815082	0.778508266665
2040.0	114.0	13.5975193376	5.79537591644
2040.0	244.0	0.960773225441	8.11443319026
2050.0	67.0	0.473125566438	6.43760943747
2050.0	72.0	6.99649163928	0.780656204863
2050.0	114.0	13.2571972553	5.83881199999
2050.0	244.0	1.13461740599	8.10608009727
2060.0	67.0	0.24729650381	6.44381459226
2060.0	72.0	6.99354512775	0.78304280286
2060.0	114.0	12.8838321508	5.87723622774
2060.0	244.0	1.2354301935	8.08531669469
2070.0	67.0	0.0631395328877	6.44381459226
2070.0	72.0	6.9903881511	0.785190741057
2070.0	114.0	12.5104670464	5.9156604555
2070.0	244.0	1.33708484145	8.06168937452
2080.0	72.0	6.98744163957	0.787577339054
2080.0	114.0	12.1349972908	5.94668622946
2080.0	244.0	1.44778948911	8.01133215678
2090.0	72.0	6.96492187284	0.906907238911
2090.0	114.0	11.7551077679	5.95981251844
2090.0	244.0	1.5721743689	7.94975792846
2100.0	72.0	6.94240210611	1.02623713877
2100.0	114.0	11.3750077799	5.97317746723
2100.0	244.0	1.75106971208	7.84236101858
2110.0	72.0	6.92977419953	1.18613920458
2110.0	114.0	10.9951182571	5.98630375621
2110.0	244.0	1.92175691599	7.76240998568
2120.0	72.0	6.95734512889	1.50761395479
2120.0	114.0	10.5986019905	5.96721097224
2120.0	244.0	2.05982202791	7.79224246064
2130.0	72.0	6.98470559314	1.8293273648
2130.0	114.0	10.1953508405	5.93403726008
2130.0	244.0	2.19809760493	7.82207493561
2140.0	72.0	6.87610559658	2.18373716738
2140.0	114.0	9.79188922533	5.90086354792
2140.0	244.0	2.33616271684	7.85190741057
2140.0	378.0	14.7199297672	10.6967322232
2150.0	72.0	6.75214164701	2.54172686695
2150.0	114.0	9.39221598215	5.86959911415
2150.0	244.0	2.45633829444	7.86551101916
2150.0	378.0	14.4842088444	10.801742535
2160.0	72.0	6.62838816255	2.89971656652
2160.0	114.0	9.02537529607	5.85599550557
2160.0	244.0	2.57672433715	7.87911462774
2160.0	378.0	14.2484879216	10.9067528469
2170.0	72.0	6.41476607628	3.25770626609
2170.0	114.0	8.65853460999	5.84239189699
2170.0	244.0	2.69689991474	7.89271823632
2170.0	378.0	14.0230797892	10.9833626426
2180.0	72.0	6.11148585331	3.61569596566
2180.0	114.0	8.29169392392	5.8287882884
2180.0	244.0	2.84275223571	7.9163455565
2180.0	246.0	0.295703479024	4.25578154849
2180.0	378.0	13.7974611917	11.0602110981
2190.0	72.0	5.80820563034	3.97368566523
2190.0	114.0	7.96736718998	5.80539962803
2190.0	244.0	3.01407083495	7.94951926866
2190.0	246.0	0.605929050612	4.33740319999
2190.0	378.0	13.5907844541	11.1499471828
2200.0	72.0	5.50766145379	4.327856808
2200.0	114.0	7.67145324585	5.77556715307
2200.0	244.0	3.18538943418	7.98293164062
2200.0	246.0	0.9161546222	4.41902485149
2200.0	378.0	13.4592437606	11.2917111038
2210.0	72.0	5.23132076485	4.64861557882
2210.0	114.0	7.37553930172	5.7457346781
2210.0	244.0	3.35670803342	8.01610535278
2210.0	246.0	1.22616972868	4.500646503
2210.0	378.0	13.327703067	11.4332363651
2220.0	72.0	4.95519054102	4.96937434963
2220.0	114.0	7.09877768256	5.73069911072
2220.0	244.0	3.54633709719	8.04474452874
2220.0	246.0	1.53639530027	4.5822681545
2220.0	378.0	13.1961623735	11.5750002861
2230.0	72.0	4.67884985209	5.29013312045
2230.0	114.0	6.85127071364	5.73762024491
2230.0	244.0	3.80941848422	8.05476824033
2230.0	246.0	1.80368598949	4.63381867124
2230.0	378.0	13.0728298193	11.7477899811
2240.0	72.0	4.49090450919	5.76816869927
2240.0	114.0	6.60355327961	5.7447800389
2240.0	244.0	4.07249987125	8.06479195192
2240.0	246.0	2.07118714382	4.68536918797
2240.0	378.0	12.949497265	11.9205796761
2250.0	72.0	4.31285102645	6.26386510328
2250.0	114.0	6.35604631069	5.75170117309
2250.0	244.0	4.44249753398	8.12541154104
2250.0	246.0	2.33847783305	4.73715836451
2250.0	378.0	12.8221658737	12.0852549379
2260.0	72.0	4.16889289146	6.77602903346
2260.0	114.0	6.10685562089	5.78320426666
2260.0	244.0	4.83901380051	8.19891875936
2260.0	246.0	2.65186038128	4.77940114906
2260.0	378.0	12.6609495997	12.1766616412
2270.0	72.0	4.1040696377	7.3268558512
2270.0	114.0	5.8576649311	5.81446870042
2270.0	244.0	5.20901146323	8.28746154505
2270.0	246.0	3.07279060053	4.80064187124
2270.0	378.0	12.4997333258	12.2680683445
2280.0	72.0	4.03924638393	7.87768266894
2280.0	114.0	5.60826377619	5.84597179398
2280.0	244.0	5.47209285026	8.43662391987
2280.0	246.0	3.49372081978	4.82164393361
2280.0	378.0	12.3387275169	12.3594750478
2290.0	72.0	4.06050336001	8.38268680514
2290.0	114.0	5.34476145894	5.88582798053
2290.0	244.0	5.7351742373	8.58578629469
2290.0	246.0	3.91465103903	4.84264599599
2290.0	248.0	0.352949988842	4.07153618311
2290.0	378.0	12.1775112429	12.4508817511
2300.0	72.0	4.11859173026	8.86835949755
2300.0	114.0	5.02401263187	5.95957385864
2300.0	244.0	6.04034864625	8.6633507296
2300.0	246.0	4.32968823522	4.83811145979
2300.0	248.0	0.680854629639	4.15482845321
2300.0	378.0	12.0764879903	12.5570853619
2310.0	72.0	4.17668010052	9.35379353017
2310.0	114.0	4.70347426991	6.03355839656
2310.0	129.0	14.5688158185	4.95171352445
2310.0	244.0	6.35604631069	8.72301567953
2310.0	246.0	4.74409403607	4.830713006
2310.0	248.0	1.00875927044	4.23812072331
2310.0	378.0	12.0663856651	12.6850070146
2310.0	380.0	14.8447355772	9.92824766808
2320.0	72.0	4.17204986811	9.8265785934
2320.0	114.0	4.38272544284	6.10730427467
2320.0	129.0	14.0544390906	5.04025631015
2320.0	133.0	14.9316576675	6.99177749241
2320.0	244.0	6.67342769601	8.80081877423
2320.0	246.0	5.15828937181	4.82307589241
2320.0	248.0	1.33666391123	4.32141299341
2320.0	378.0	12.0560728747	12.813167327
2320.0	380.0	14.4941007046	10.1669074678
2330.0	72.0	4.15163475247	10.2962610792
2330.0	114.0	4.06197661577	6.18128881258
2330.0	129.0	13.5398518975	5.12856043604
2330.0	133.0	14.4130716374	7.23902904491
2330.0	244.0	6.99333466264	8.90582908611
2330.0	246.0	5.58195563749	4.85219238797
2330.0	248.0	1.66456855203	4.40470526351
2330.0	378.0	12.0457600843	12.9410889797
2330.0	380.0	14.1432553668	10.4055672675
2340.0	72.0	4.13121963684	10.7659435651
2340.0	114.0	3.78142662464	6.17508365779
2340.0	129.0	13.1094507484	5.22474033533
2340.0	133.0	13.8944856073	7.48628059741
2340.0	134.0	14.9823797589	5.20278363375
2340.0	244.0	7.31324162927	9.01083939798
2340.0	246.0	6.00941027514	4.89706043032
2340.0	248.0	1.98363365822	4.46484753304
2340.0	378.0	12.0354472939	13.0692492921
2340.0	380.0	13.9590983959	10.5447059307
2350.0	72.0	4.00241498975	11.1685626472
2350.0	114.0	3.5006661684	6.16911716279
2350.0	129.0	12.7148286678	5.32402281201
2350.0	133.0	13.3780042282	7.72159915993
2350.0	134.0	14.5157786109	5.20278363375
2350.0	244.0	7.62936022393	9.0750388841
2350.0	246.0	6.43686491279	4.94168981287
2350.0	248.0	2.28186271856	4.47153000743
2350.0	380.0	13.774941425	10.6840832538
2350.0	384.0	14.9857472007	6.90228006751
2360.0	72.0	3.82688708832	11.5423038935
2360.0	114.0	3.22011617727	6.162912008
2360.0	129.0	12.3553542606	5.43285168068
2360.0	133.0	12.8819379648	7.84928215278
2360.0	134.0	14.0489669977	5.20278363375
2360.0	244.0	7.94505788836	9.13470383403
2360.0	246.0	6.86453001555	4.97892074162
2360.0	248.0	2.57988131379	4.47821248182
2360.0	380.0	13.5329065489	10.9007863519
2360.0	384.0	14.9350251092	6.43713211787
2370.0	72.0	3.651569652	11.9162837997
2370.0	114.0	2.95766618557	6.15455891501
2370.0	129.0	12.077750781	5.56292127152
2370.0	133.0	12.3858717015	7.97720380542
2370.0	134.0	13.6027809653	5.23667332531
2370.0	244.0	8.23970904184	9.19055022717
2370.0	246.0	7.2919846532	5.00875321659
2370.0	248.0	2.87811037413	4.48489495622
2370.0	380.0	13.2523565578	11.1692786266
2370.0	384.0	14.8843030178	5.97222282803
2380.0	72.0	3.37354524219	12.2740348395
2380.0	114.0	2.85853711893	6.12663571844
2380.0	129.0	11.7868879995	5.69060426437
2380.0	133.0	11.9518926454	8.04593782774
2380.0	134.0	13.2039495826	5.34979807038
2380.0	244.0	8.34494159665	9.21298424834
2380.0	246.0	7.71943929085	5.03858569155
2380.0	248.0	3.26704989672	4.54074134935
2380.0	380.0	12.9930635427	11.4215420349
2380.0	384.0	14.8333704613	5.50731353819
2390.0	72.0	3.05174408957	12.6251034048
2390.0	114.0	2.75961851741	6.09847386208
2390.0	129.0	11.3743763846	5.79561457624
2390.0	133.0	11.6625031197	7.97624916622
2390.0	134.0	12.7510286667	5.45433106265
2390.0	244.0	8.45017415146	9.23541826951
2390.0	246.0	8.12879392907	5.05266661973
2390.0	248.0	3.69471499948	4.61758980486
2390.0	380.0	12.8192193622	11.6081739983
2390.0	384.0	14.7826483699	5.04240424835
2400.0	72.0	2.69647898452	12.9086312469
2400.0	114.0	2.66048945078	6.07031200571
2400.0	129.0	10.9618647697	5.90062488812
2400.0	133.0	11.3731135939	7.90656050471
2400.0	134.0	12.2166577533	5.54597642574
2400.0	244.0	8.55540670628	9.25785229068
2400.0	246.0	8.49542415003	5.02951661916
2400.0	248.0	4.12238010224	4.69467692016
2400.0	380.0	12.6453751816	11.7950446214
2400.0	384.0	14.7319262785	4.5772562987
2410.0	72.0	2.34142434458	13.1919204292
2410.0	114.0	2.56157084925	6.04238880915
2410.0	129.0	10.557350829	5.94764086866
2410.0	133.0	11.17359267	7.58818833189
2410.0	134.0	11.6824973051	5.63786044863
2410.0	244.0	8.72672530551	9.26000022888
2410.0	246.0	8.86184390589	5.00636661859
2410.0	248.0	4.59108590137	4.73572640571
2410.0	380.0	12.4719519313	11.9905069974
2410.0	384.0	14.6378483745	4.15864701001
2420.0	72.0	1.98615923954	13.4754482712
2420.0	114.0	2.46244178262	6.01422695278
2420.0	129.0	10.1583089812	5.95575530185
2420.0	133.0	10.9841740714	7.2421316223
2420.0	134.0	11.2268403428	5.71757282174
2420.0	244.0	8.90519971848	9.26000022888
2420.0	246.0	9.21921366204	4.97462486523
2420.0	248.0	5.08715216476	4.75267125149
2420.0	380.0	12.2974763554	12.2050621573
2420.0	384.0	14.5151472155	3.77082483547
2430.0	114.0	2.27197085841	5.92329756909
2430.0	129.0	9.75905666823	5.96410839484
2430.0	133.0	10.672475244	7.16838574419
2430.0	134.0	10.7907566356	5.79442127724
2430.0	244.0	9.08388459655	9.26000022888
2430.0	246.0	9.53912062867	4.90780012131
2430.0	248.0	5.58342889326	4.76985475707
2430.0	380.0	12.1185810122	12.491453917
2430.0	384.0	14.3947611728	3.34911296938
2440.0	114.0	2.0814999342	5.8323681854
2440.0	129.0	9.42315435326	6.01661355078
2440.0	133.0	10.3473066496	7.12518832045
2440.0	134.0	10.3548833936	5.87103107295
2440.0	244.0	9.29961133391	9.29078734304
2440.0	246.0	9.8590275953	4.84097537739
2440.0	248.0	6.05423934349	4.81281352102
2440.0	380.0	11.9630472962	12.7370348509
2440.0	384.0	14.2844774554	2.79231965665
2450.0	114.0	1.89123947509	5.74143880171
2450.0	129.0	9.11461250255	6.08821149069
2450.0	133.0	10.0151927066	7.18031873418
2450.0	134.0	10.0842252626	5.9989527256
2450.0	244.0	9.54017295422	9.34186054018
2450.0	246.0	10.2595426989	4.85434032617
2450.0	248.0	6.51852537532	4.86197743976
2450.0	380.0	11.9009600889	12.8196111416
2450.0	384.0	14.1948193187	2.25867634449
2460.0	114.0	1.70076855088	5.65050941802
2460.0	129.0	8.80586018673	6.1598094306
2460.0	133.0	9.68034271723	7.27793059226
2460.0	134.0	9.81377759673	6.12663571844
2460.0	244.0	9.78052410941	9.39293373732
2460.0	246.0	10.6943636154	4.90207228611
2460.0	248.0	6.98302187227	4.9113800183
2460.0	380.0	11.8388728815	12.9024260921
2460.0	384.0	14.2905809436	1.93314437768
2470.0	114.0	1.51029762667	5.55958003432
2470.0	129.0	8.46217066271	6.28653778425
2470.0	133.0	9.36885435498	7.44165121487
2470.0	134.0	9.54669737261	6.26553572188
2470.0	244.0	10.0511822404	9.43732446007
2470.0	246.0	11.129394997	4.94980424606
2470.0	248.0	7.4319439511	4.97009032903
2470.0	380.0	11.7767856742	12.9850023828
2470.0	384.0	14.3863425685	1.60761241087
2480.0	114.0	1.31982670246	5.46865065063
2480.0	129.0	8.10374858102	6.43665479827
2480.0	133.0	9.08030668968	7.67148060199
2480.0	134.0	9.29413924106	6.44858778826
2480.0	244.0	10.3294171153	9.47980590442
2480.0	246.0	11.5288577751	4.95696404005
2480.0	248.0	7.87939277416	5.02975527896
2480.0	380.0	11.714908932	13.0675786735
2480.0	384.0	14.3627704762	1.2481907525
2490.0	114.0	1.12914531314	5.42903312388
2490.0	129.0	7.74511603422	6.58701047209
2490.0	133.0	8.7919694895	7.90130998911
2490.0	134.0	9.04158110951	6.63163985464
2490.0	244.0	10.6074415251	9.52252600857
2490.0	246.0	11.9131670652	4.94646300886
2490.0	248.0	8.31694973707	5.04312022774
2490.0	380.0	11.6528217246	13.1501549642
2490.0	384.0	14.3263600122	0.885189197137
2500.0	114.0	0.938042993601	5.4113722987
2500.0	129.0	7.5281265062	6.69130480457
2500.0	133.0	8.43796717511	8.13829917023
2500.0	134.0	8.79007530351	6.81135068382
2500.0	244.0	10.9185089572	9.58481621629
2500.0	246.0	12.3153658897	4.90135630672
2500.0	248.0	8.74524623516	5.01018517538
2500.0	380.0	11.5907345173	13.2327312549
2500.0	384.0	14.2343867593	0.71597939914
2510.0	114.0	0.747151139171	5.39371147352
2510.0	129.0	7.31092651306	6.79583779684
2510.0	133.0	8.06754858217	8.37695896994
2510.0	134.0	8.5427787997	6.97841254362
2510.0	244.0	11.2297868543	9.64710642402
2510.0	246.0	12.744083318	4.80422176823
2510.0	248.0	9.17333226814	4.97725012302
2510.0	380.0	11.52864731	13.3153075456
2510.0	384.0	14.1057925773	0.676123212588
2520.0	114.0	0.55625928474	5.37605064835
2520.0	129.0	7.09393698504	6.90037078911
2520.0	133.0	7.72638463946	8.59700330528
2520.0	134.0	8.29548229589	7.14547440342
2520.0	244.0	11.4562473122	9.8249079748
2520.0	246.0	13.1728007464	4.70684856995
2520.0	248.0	9.60162876623	5.01352641258
2520.0	380.0	11.4665601026	13.3978838363
2520.0	384.0	14.2375437359	0.711444862946
2530.0	114.0	0.3651569652	5.35838982317
2530.0	129.0	6.91588350229	7.03020172016
2530.0	133.0	7.45362185739	8.77385021687
2530.0	134.0	8.04818579208	7.31253626322
2530.0	244.0	11.6467182365	10.0521121041
2530.0	246.0	13.5101763171	4.64288774363
2530.0	248.0	10.0297147992	5.09586404348
2530.0	384.0	14.4345390786	0.765143317881
2540.0	114.0	0.17426511077	5.34072899799
2540.0	129.0	6.74751141459	7.1667151256
2540.0	133.0	7.18085907531	8.95069712845
2540.0	134.0	7.81646370638	7.47697286522
2540.0	244.0	11.7414275358	10.2229925207
2540.0	246.0	13.8081949123	4.59324650529
2540.0	248.0	10.4580112973	5.17820167438
2540.0	384.0	14.6313239561	0.819080432617
2550.0	129.0	6.57913932689	7.30298987123
2550.0	133.0	7.00427884834	9.04520640914
2550.0	134.0	7.64661836291	7.63090843604
2550.0	244.0	11.7723659069	10.3564033488
2550.0	246.0	14.1342053671	4.54813980314
2550.0	248.0	10.7859159381	5.19204394277
2560.0	129.0	6.45054514491	7.43687801887
2560.0	133.0	6.89210094491	9.08506259569
2560.0	134.0	7.47698348456	7.78484400685
2560.0	244.0	11.803304278	10.4898141768
2560.0	246.0	14.5250390757	4.51401145178
2560.0	248.0	11.0710961616	5.17653105578
2570.0	129.0	6.41455561117	7.56503833132
2570.0	133.0	6.77971257637	9.12468012244
2570.0	134.0	7.31492535014	7.94593937166
2570.0	244.0	11.8371891607	10.65281882
2570.0	246.0	14.9158727843	4.47988310042
2570.0	248.0	11.3562763852	5.1612568286
2580.0	129.0	6.37856607742	7.69295998396
2580.0	133.0	6.63028234853	9.19508476336
2580.0	134.0	7.2221102368	8.17051824319
2580.0	244.0	11.8822286941	10.9339600641
2580.0	248.0	11.4739263815	5.15672229241
2590.0	129.0	6.34278700878	7.82112029641
2590.0	133.0	6.45622770287	9.28553682745
2590.0	134.0	7.12929512346	8.39509711472
2590.0	244.0	11.9272682276	11.2153399679
2590.0	248.0	11.4800298696	5.15958621001
2600.0	129.0	6.31395328877	7.94808730986
2600.0	133.0	6.2819625921	9.37598889154
2600.0	134.0	7.036269545	8.61991464605
2600.0	244.0	11.9483147386	11.476195129
2600.0	248.0	11.4861333578	5.1624501276
2610.0	129.0	6.31395328877	8.07075844691
2610.0	133.0	6.11106492309	9.40319610871
2610.0	134.0	6.89294280535	8.80463733103
2610.0	244.0	11.9333717158	11.7062631759
2610.0	248.0	11.4920263809	5.1650753854
2620.0	129.0	6.31395328877	8.19342958396
2620.0	133.0	5.94164050984	9.40319610871
2620.0	134.0	6.72814862451	8.97241517023
2620.0	244.0	11.918428693	11.9363312229
2620.0	248.0	11.4981298691	5.167939303
2630.0	129.0	6.31395328877	8.31633938081
2630.0	133.0	5.77200563148	9.40319610871
2630.0	134.0	6.56314397856	9.13995434963
2630.0	244.0	11.8851752057	12.1239178254
2630.0	248.0	11.5042333572	5.17080322059
2640.0	129.0	6.17125794444	8.46263783804
2640.0	133.0	5.6061591251	9.40248012931
2640.0	134.0	6.39813933262	9.30773218882
2640.0	244.0	11.8401356722	12.2831039119
2640.0	248.0	11.5103368454	5.17366713819
2650.0	129.0	5.96731725321	8.61943732645
2650.0	133.0	5.47398703625	9.39579765492
2650.0	134.0	6.28680328962	9.58839611329
2650.0	244.0	11.7950961387	12.4420513385
2650.0	248.0	11.5162298685	5.17629239599
2660.0	129.0	5.76337656199	8.77599815506
2660.0	133.0	5.3416044823	9.38887652073
2660.0	134.0	6.17525678152	9.86929869755
2660.0	244.0	11.7500566053	12.6012374249
2660.0	248.0	11.5223333567	5.17915631358
2670.0	129.0	5.56511842872	8.8277873316
2670.0	133.0	5.20922192834	9.38195538654
2670.0	134.0	6.06392073853	10.149962622
2670.0	244.0	11.6989135836	12.7740271199
2670.0	248.0	11.5284368448	5.18202023118
2680.0	129.0	5.37212192319	8.77480485606
2680.0	133.0	5.04821611948	9.45307600685
2680.0	134.0	5.90649283653	10.4463780933
2680.0	244.0	11.6387205623	12.9671028978
2680.0	248.0	11.5343298679	5.18488414877
2690.0	129.0	5.17912541766	8.72158372073
2690.0	133.0	4.86784752053	9.5757471439
2690.0	134.0	5.71854749364	10.7532945957
2690.0	244.0	11.5785275409	13.1604173356
2690.0	248.0	11.5404333561	5.18750940657
2700.0	129.0	4.98633937725	8.66860124519
2700.0	133.0	4.68726845647	9.69841828096
2700.0	134.0	5.53081261585	11.0602110981
2700.0	244.0	11.5185449847	13.3534931136
2700.0	248.0	11.5465368443	5.19037332417
2710.0	129.0	4.65569869003	8.832083208
2710.0	133.0	4.52079055476	9.81846416021
2710.0	134.0	5.2826742516	11.2100894523
2710.0	244.0	11.4583519633	13.5468075513
2710.0	248.0	11.5526403325	5.19323724176
2720.0	129.0	4.31011498002	9.01966981057
2720.0	133.0	4.47869753283	9.9139280801
2720.0	134.0	5.01959286457	11.3210662592
2720.0	248.0	11.5585333555	5.19610115936
2730.0	129.0	3.98578824609	9.21680280513
2730.0	133.0	4.43660451091	10.009392
2730.0	134.0	4.75651147754	11.4318044063
2730.0	248.0	11.5646368437	5.19872641716
2740.0	129.0	3.85635220367	9.50152394619
2740.0	133.0	4.39808939584	10.1139249923
2740.0	134.0	4.49027311386	11.6802492578
2740.0	248.0	11.5707403319	5.20159033475
2750.0	129.0	3.72691616125	9.78600642745
2750.0	133.0	4.39219637278	10.2996023164
2750.0	134.0	4.22382428507	11.9286941093
2750.0	248.0	11.576633355	5.20445425235
2760.0	129.0	3.63157546659	10.0513961247
2760.0	133.0	4.38651381482	10.4850409808
2760.0	134.0	3.9575859214	12.176900301
2760.0	248.0	11.5827368431	5.20731816995
2770.0	129.0	3.5705405848	10.297693038
2770.0	133.0	4.38062079175	10.670718305
2770.0	134.0	3.69134755772	12.4253451525
2770.0	248.0	11.5888403313	5.20994342774
2780.0	129.0	3.5092952379	10.5442286111
2780.0	133.0	4.3490510253	10.8864667639
2780.0	134.0	3.42489872894	12.667823509
2780.0	248.0	11.5949438195	5.21280734534
2790.0	129.0	3.42300454295	10.7530559359
2790.0	133.0	4.29159405037	11.1322863576
2790.0	134.0	3.1573975746	12.8568420704
2790.0	248.0	11.6008368426	5.21567126294
2800.0	129.0	3.29883012827	10.9060368675
2800.0	133.0	4.23413707545	11.3783446111
2800.0	134.0	2.88989642027	13.0458606317
2800.0	248.0	11.6069403307	5.21853518053
2810.0	129.0	3.1748661787	11.0590177991
2810.0	133.0	4.14363707831	11.6141404933
2810.0	134.0	2.62239526593	13.2346405333
2810.0	248.0	11.6130438189	5.22116043833
2820.0	129.0	3.05069176402	11.2119987307
2820.0	133.0	3.92033359699	11.8093642094
2820.0	134.0	2.35510457671	13.4236590947
2820.0	248.0	11.6191473071	5.22402435593
2830.0	129.0	2.80444758576	11.4122343027
2830.0	133.0	3.69724058079	12.0045879256
2830.0	134.0	2.08760342238	13.6126776561
2830.0	248.0	11.6250403302	5.22688827352
2840.0	129.0	2.43613364392	11.6594858552
2840.0	133.0	3.47393709948	12.1998116418
2840.0	248.0	11.6311438183	5.22975219112
2850.0	129.0	2.06781970207	11.9064987479
2850.0	133.0	3.28809640768	12.4341755651
2850.0	248.0	11.6372473065	5.23237744892
2860.0	129.0	1.76096157224	12.129168341
2860.0	133.0	3.10625455296	12.6728353648
2860.0	248.0	11.6431403296	5.23524136651
2870.0	129.0	1.480201116	12.341336903
2870.0	133.0	2.92967432599	12.9210415565
2870.0	248.0	11.6492438178	5.23810528411
2880.0	129.0	1.19965112487	12.5535054649
2880.0	133.0	2.75519875011	13.1733049648
2880.0	248.0	11.655347306	5.24096920171
2890.0	129.0	1.01086392153	12.8580353694
2890.0	133.0	2.58093363934	13.4255683731
2890.0	248.0	11.6614507941	5.2435944595
2900.0	129.0	0.822287183307	13.1625652738
2900.0	133.0	2.40645806346	13.6778317814
2900.0	248.0	11.6673438172	5.2464583771
2900.0	357.0	10.9334519799	12.64276423
2910.0	129.0	0.633499979973	13.4670951782
2910.0	248.0	11.6734473054	5.2493222947
2910.0	357.0	11.1077170907	12.622478147
2920.0	248.0	11.6795507936	5.25218621229
2920.0	357.0	11.2821926666	12.6019534043
2930.0	248.0	11.6854438166	5.25481147009
2930.0	357.0	11.4564577774	12.5814286615
2940.0	248.0	11.6915473048	5.25767538769
2940.0	357.0	11.570950797	12.6091131983
2950.0	248.0	11.697650793	5.26053930528
2950.0	357.0	11.6702903287	12.6489693848
2960.0	248.0	11.7037542812	5.26340322288
2960.0	357.0	11.7696298605	12.6888255714
2970.0	248.0	11.7096473042	5.26602848068
2970.0	357.0	11.8824391592	12.7134075307
2980.0	248.0	11.7157507924	5.26889239827
2980.0	357.0	12.0480752005	12.6771312412
2990.0	248.0	11.7218542806	5.27175631587
2990.0	357.0	12.2139217069	12.6410936114
3000.0	248.0	11.7277473037	5.27462023347
3000.0	357.0	12.3797682133	12.6048173219
3010.0	248.0	11.7338507918	5.27724549126
3010.0	357.0	12.5742379746	12.6532652612
3020.0	248.0	11.73995428	5.28010940886
3020.0	357.0	12.7720751776	12.7112595925
3030.0	248.0	11.7460577682	5.28297332646
3030.0	357.0	12.9697019156	12.7690152641
3040.0	248.0	11.7519507913	5.28583724405
3040.0	357.0	13.2357298141	12.8208044406
3050.0	248.0	11.7580542794	5.28846250185
3050.0	357.0	13.5472181764	12.8685364005
3060.0	248.0	11.7641577676	5.29132641945
3060.0	357.0	13.8606007246	12.9198482575
3070.0	248.0	11.7702612558	5.29419033704
3070.0	357.0	14.1899786212	13.0029018678
3080.0	248.0	11.7761542789	5.29705425464
3080.0	357.0	14.5193565177	13.0857168183
3090.0	248.0	11.7822577671	5.29967951244
3100.0	248.0	11.7883612552	5.30254343003
3110.0	248.0	11.7942542783	5.30540734763
3120.0	248.0	11.8003577665	5.30827126523
3130.0	248.0	11.8064612547	5.31089652302
3140.0	248.0	11.8125647428	5.31376044062
3150.0	248.0	11.8184577659	5.31662435822
3160.0	248.0	11.8245612541	5.31948827581
3170.0	248.0	11.8306647423	5.32211353361
3180.0	248.0	11.8365577653	5.32497745121
3190.0	248.0	11.8426612535	5.3278413688
3200.0	248.0	11.8487647417	5.3307052864
3210.0	248.0	11.8548682299	5.3333305442
3220.0	248.0	11.8607612529	5.33619446179
3230.0	156.0	14.6694181409	7.18365997137
3230.0	248.0	11.8668647411	5.33905837939
3240.0	156.0	14.3051030361	7.0827068761
3240.0	248.0	11.8729682293	5.34192229699
3250.0	156.0	13.9407879314	6.98175378082
3250.0	248.0	11.8790717175	5.34454755478
3260.0	156.0	13.5771042219	6.88151666494
3260.0	248.0	11.8849647406	5.34741147238
3270.0	156.0	13.2142623729	6.78295016766
3270.0	248.0	11.8910682287	5.35027538998
3270.0	395.0	15.032470455	9.52252600857
3280.0	156.0	12.851420524	6.68414501057
3280.0	248.0	11.8971717169	5.35313930757
3280.0	395.0	14.7563402312	9.70152085835
3290.0	156.0	12.4595344898	6.56171253332
3290.0	248.0	11.90306474	5.35576456537
3290.0	395.0	14.4799995422	9.88051570814
3300.0	156.0	12.0386042706	6.4154140761
3300.0	248.0	11.9091682282	5.35862848297
3300.0	395.0	14.2594321073	10.0167904538
3310.0	156.0	11.6176740513	6.26911561887
3310.0	248.0	11.9152717163	5.36149240056
3310.0	395.0	14.0390751376	10.1533038592
3320.0	156.0	11.2020054598	6.20801871015
3320.0	248.0	11.9213752045	5.36435631816
3320.0	395.0	13.742319333	10.2635646867
3330.0	156.0	10.7943345425	6.27532077367
3330.0	248.0	11.9272682276	5.36698157596
3330.0	395.0	13.437144924	10.3709615965
3340.0	156.0	10.38645316	6.34238417738
3340.0	248.0	11.9333717158	5.36984549355
3340.0	395.0	13.2443588836	10.4327744847
3350.0	156.0	9.98699038195	6.40324242631
3350.0	248.0	11.9382124133	5.37390271015
3350.0	395.0	13.0637798196	10.489575517
3360.0	156.0	9.62057062609	6.43856407667
3360.0	248.0	11.9432635759	5.37819858654
3360.0	395.0	12.8383716872	10.6282368606
3370.0	156.0	9.25415087023	6.47388572703
3370.0	248.0	11.9481042734	5.38225580314
3370.0	395.0	12.6015984388	10.787422947
3380.0	156.0	8.91319739264	6.52567490356
3380.0	248.0	11.952944971	5.38655167953
3380.0	395.0	12.4033403056	10.9647471782
3390.0	156.0	8.5974997282	6.59393160628
3390.0	248.0	11.9577856685	5.39060889613
3390.0	395.0	12.2631705426	11.1692786266
3400.0	156.0	8.28180206376	6.6619496492
3400.0	248.0	11.9628368311	5.39490477252
3400.0	395.0	12.1187914773	11.3730940955
3410.0	156.0	7.95747532983	6.72185325893
3410.0	248.0	11.9676775286	5.39896198912
3410.0	395.0	11.9649414822	11.5750002861
3420.0	156.0	7.62936022393	6.77793831186
3420.0	248.0	11.9725182262	5.40325786551
3420.0	395.0	11.8110914871	11.7769064767
3430.0	156.0	7.30124511802	6.83402336479
3430.0	161.0	14.9175565051	3.01498924978
3430.0	162.0	0.388308127259	8.1597785522
3430.0	248.0	11.9773589237	5.40731508211
3430.0	395.0	11.6824973051	11.9377631817
3440.0	156.0	6.97797070963	6.90108676851
3440.0	161.0	14.3301483842	2.93551553648
3440.0	162.0	0.700638349943	8.15214143861
3440.0	248.0	11.9824100863	5.4113722987
3440.0	395.0	11.5646368437	12.0809590615
3450.0	156.0	6.66564048695	6.993448111
3450.0	161.0	13.7425297981	2.85604182317
3450.0	162.0	1.01296857263	8.14450432502
3450.0	248.0	11.9872507838	5.4156681751
3450.0	395.0	11.453932196	12.2220070031
3460.0	156.0	6.35331026427	7.08580945349
3460.0	161.0	13.1258670269	2.9149907937
3460.0	162.0	1.31940577224	8.14880020142
3460.0	248.0	11.9920914814	5.41972539169
3460.0	395.0	11.3720612684	12.3547018518
3460.0	397.0	15.0869809184	6.09799654248
3470.0	156.0	6.05844864568	7.19893419856
3470.0	161.0	12.4799496055	3.11236244806
3470.0	162.0	1.60206041447	8.20106669755
3470.0	248.0	11.9969321789	5.42402126809
3470.0	395.0	11.2901903408	12.4871580406
3470.0	397.0	15.0524646404	6.45837284005
3480.0	156.0	5.83283004816	7.39511255392
3480.0	161.0	11.834032184	3.30997276223
3480.0	162.0	1.88492552181	8.25309453389
3480.0	248.0	12.0019833415	5.42807848468
3480.0	395.0	11.2085298782	12.6198528892
3480.0	397.0	15.0181588275	6.81874913761
3490.0	156.0	5.60742191575	7.59105224949
3490.0	161.0	11.1731717398	3.43813307467
3490.0	162.0	2.16779062914	8.30536103003
3490.0	248.0	12.006824039	5.43237436108
3490.0	395.0	11.131289183	12.7282044383
3490.0	397.0	14.9838530147	7.17936409498
3500.0	156.0	5.44304866514	7.75357957309
3500.0	161.0	10.5022089703	3.52023204577
3500.0	162.0	2.44644643429	8.38268680514
3500.0	248.0	12.0116647365	5.43643157767
3500.0	395.0	11.0576263946	12.820327121
3500.0	397.0	14.9495472018	7.53974039255
3510.0	156.0	5.37085913253	7.86527235936
3510.0	161.0	9.83145666594	3.60233101687
3510.0	162.0	2.72489177432	8.45977392044
3510.0	248.0	12.0165054341	5.44072745407
3510.0	395.0	10.9837531411	12.9124498037
3510.0	397.0	14.9150309238	7.90011669011
3520.0	156.0	5.29845913482	7.97720380542
3520.0	161.0	9.18911715136	3.77583669127
3520.0	162.0	3.00354757947	8.53709969555
3520.0	248.0	12.0215565967	5.44478467066
3520.0	395.0	10.9098798877	13.0043338266
3520.0	397.0	14.880725111	8.26049298768
3530.0	156.0	5.22732192777	8.10703473647
3530.0	161.0	8.58950205404	4.08681041029
3530.0	162.0	3.32071849967	8.64736052302
3530.0	248.0	12.0263972942	5.44884188726
3530.0	395.0	10.8360066342	13.0964565093
3530.0	397.0	14.8464192981	8.62086928525
3540.0	156.0	5.16165681357	8.30846360742
3540.0	161.0	7.99009742182	4.39778412932
3540.0	162.0	3.66356616325	8.78005537166
3540.0	248.0	12.0312379917	5.45313776365
3540.0	395.0	10.7621333807	13.188579192
3540.0	397.0	14.8121134852	8.98148424262
3550.0	156.0	5.09578123425	8.50965381858
3550.0	161.0	7.41426488189	4.71878155993
3550.0	162.0	4.00662429194	8.9125115605
3550.0	248.0	12.0360786893	5.45719498025
3550.0	397.0	14.7775972072	9.34186054018
3560.0	156.0	5.03011612005	8.71108268954
3560.0	161.0	7.05121256778	5.13046971444
3560.0	162.0	4.33242428164	9.10773527666
3560.0	248.0	12.0411298519	5.46149085664
3560.0	397.0	14.7472902315	9.69913426035
3570.0	156.0	4.91078240289	8.85427856937
3570.0	161.0	6.68837071879	5.54191920915
3570.0	162.0	4.65611962025	9.30964146722
3570.0	248.0	12.0459705494	5.46554807324
3570.0	397.0	14.7262437205	10.0492481865
3580.0	156.0	4.79165915084	8.9974744492
3580.0	161.0	6.3190044514	5.92067231129
3580.0	162.0	4.92130565837	9.46644095563
3580.0	248.0	12.0508112469	5.46984394963
3580.0	397.0	14.7051972095	10.3991234529
3590.0	156.0	4.67232543369	9.14067032903
3590.0	161.0	5.9233300453	6.16887850299
3590.0	162.0	5.04926844503	9.51846879197
3590.0	248.0	12.0556519445	5.47390116623
3590.0	397.0	14.7536041847	10.7120064503
3600.0	156.0	4.53194520557	9.34400847838
3600.0	161.0	5.5276556392	6.4170846947
3600.0	162.0	5.17744169679	9.57025796851
3600.0	248.0	12.0607031071	5.47795838282
3600.0	397.0	14.9640692944	10.9382559405
3610.0	156.0	4.39177544256	9.54734662774
3610.0	161.0	5.04379635218	6.56409913132
3610.0	162.0	5.27930680985	9.73183065292
3610.0	248.0	12.0655438046	5.48225425922
3610.0	397.0	15.174534404	11.1642667708
3620.0	156.0	4.28759521329	9.76572034447
3620.0	161.0	4.52226381052	6.66791614419
3620.0	162.0	5.38117192291	9.89364199712
3620.0	248.0	12.0703845021	5.48631147581
3630.0	156.0	4.26781149299	10.0191770518
3630.0	161.0	4.04429754656	6.71875068153
3630.0	162.0	5.48303703596	10.0552146815
3630.0	248.0	12.0752251997	5.49060735221
3640.0	156.0	4.24802777268	10.2728724189
3640.0	161.0	3.6317859317	6.69011150557
3640.0	162.0	5.55627889411	10.0769327233
3640.0	248.0	12.0802763623	5.4946645688
3650.0	156.0	4.22950684303	10.5320569614
3650.0	161.0	3.21927431683	6.6614723296
3650.0	162.0	5.62636377562	10.0831378781
3650.0	248.0	12.0851170598	5.4989604452
3660.0	156.0	4.22171963398	10.8413600618
3660.0	161.0	2.88652897851	6.73569552731
3660.0	162.0	5.69665912223	10.0891043731
3660.0	248.0	12.0899577573	5.50301766179
3670.0	156.0	4.21393242492	11.1506631622
3670.0	161.0	2.56283363991	6.82137439541
3670.0	162.0	5.76674400374	10.0953095279
3670.0	248.0	12.0947984549	5.50731353819
3680.0	156.0	4.14048010166	11.4318044063
3680.0	161.0	2.2389278362	6.90705326351
3680.0	162.0	6.0239323677	10.1482920034
3680.0	248.0	12.0998496175	5.51137075478
3690.0	156.0	3.96831964199	11.670464206
3690.0	161.0	1.91523249759	6.9927321316
3690.0	162.0	6.28112073166	10.201274479
3690.0	248.0	12.3227321686	5.52831560056
3700.0	156.0	3.79594871721	11.9091240057
3700.0	161.0	1.54165692801	6.93903367667
3700.0	162.0	6.54546490935	10.2902945842
3700.0	248.0	12.6910461104	5.55385219913
3710.0	156.0	3.61999988556	12.1468291662
3710.0	161.0	1.16808135842	6.88533522173
3710.0	162.0	6.82601490048	10.4626069596
3710.0	248.0	13.0593600523	5.5796274575
3720.0	156.0	3.40953477593	12.3766585533
3720.0	161.0	0.794505788836	6.8316367668
3720.0	162.0	7.10677535673	10.634919335
3720.0	248.0	13.4238856221	5.47175322803
3730.0	156.0	3.19906966631	12.6064879405
3730.0	161.0	0.420930219251	6.77793831186
3730.0	162.0	7.38732534786	10.8072317104
3730.0	248.0	13.7873588665	5.3307052864
3740.0	156.0	2.97976502208	12.7993250586
3740.0	248.0	14.2017646673	5.14980115822
3750.0	156.0	2.74699061083	12.9367931033
3750.0	248.0	14.6502658159	4.94240579227
3760.0	156.0	2.51400573448	13.0742611479
3760.0	248.0	15.0985564994	4.73477176652
3770.0	156.0	2.28123132323	13.2117291925
3780.0	156.0	2.04845691199	13.3489585774
3790.0	156.0	1.81568250074	13.486426622
3800.0	156.0	1.58290808949	13.6238946666
4250.0	185.0	14.7738088353	4.00566607839
4260.0	185.0	14.133994902	3.96748051044
4270.0	185.0	13.4941809688	3.92929494248
4280.0	185.0	12.8709937791	3.95316092245
4290.0	185.0	12.2585403101	4.01807638798
4300.0	185.0	11.6462973062	4.0832305133
4300.0	417.0	8.32831485299	5.56268261172
4310.0	185.0	11.0460508136	4.13096247324
4310.0	417.0	8.44238694241	5.42354394849
