80.0	3.0	0.0782930207807	8.75213217509
90.0	3.0	0.659176723347	8.45619402345
100.0	3.0	1.24006042591	8.1602558718
110.0	3.0	1.8278894771	7.87052287495
120.0	3.0	2.44371038786	7.60537183747
130.0	3.0	3.05953129863	7.34022079999
140.0	3.0	3.6865068602	7.0769790409
150.0	3.0	4.32442660748	6.81588522002
160.0	3.0	4.96234635475	6.55503005893
170.0	3.0	5.59079517209	6.30061871244
180.0	3.0	6.19651375759	6.06195891272
190.0	3.0	6.80244280821	5.82329911301
200.0	3.0	7.40837185882	5.58463931329
210.0	3.0	8.11763927826	5.37247075135
220.0	3.0	8.8271171628	5.1603021894
230.0	3.0	9.53638458224	4.94813362746
240.0	5.0	15.04215185	8.56908010871
250.0	5.0	14.3507739649	8.5802971193
260.0	5.0	13.6591856147	8.59175278968
270.0	5.0	12.9480240093	8.77289557767
280.0	5.0	12.2366519387	8.95379970585
290.0	5.0	11.5246484729	9.13422651443
300.0	5.0	10.8042264026	9.30868682802
310.0	5.0	10.0838043324	9.48314714161
320.0	5.0	9.38758574974	9.65283425921
330.0	5.0	8.71578111981	9.81798684061
340.0	5.0	8.04376602478	9.98337808181
350.0	5.0	7.38311604566	10.1358816938
360.0	5.0	6.72372885721	10.286953347
370.0	5.0	6.06413120364	10.4382636601
380.0	5.0	5.40979517781	10.6067574787
390.0	5.0	4.7556696171	10.7771605757
400.0	5.0	4.10238591682	10.9468476933
410.0	5.0	3.45415337917	11.1091363571
420.0	5.0	2.80592084153	11.2714250209
430.0	5.0	2.15853016432	11.4201100761
440.0	5.0	1.51177088244	11.5599647187
450.0	5.0	0.865011600561	11.6995807016
460.0	5.0	0.218252318682	11.8391966844
470.0	5.0	-0.428717428307	11.979051327
680.0	12.0	10.4302299028	6.34477077538
690.0	12.0	10.2643833964	6.00491922059
700.0	12.0	10.0985368901	5.664829006
710.0	12.0	9.93269038367	5.32497745121
720.0	12.0	9.7409566688	4.92044909069
730.0	12.0	9.52354621056	4.45100526466
740.0	12.0	9.30613575231	3.98156143862
750.0	12.0	9.1221892465	3.55603101573
760.0	12.0	8.97191715823	3.17417533619
770.0	12.0	8.82143460484	2.79231965665
780.0	12.0	8.67116251657	2.41046397711
790.0	12.0	8.5208904283	2.10354747467
800.0	12.0	8.37040787492	1.79686963204
810.0	12.0	8.22013578664	1.48995312961
820.0	12.0	8.02524509513	1.29114951645
830.0	12.0	7.78573580038	1.20069745236
840.0	12.0	7.54622650562	1.11024538827
850.0	12.0	7.33912883775	1.13291806924
860.0	12.0	7.15328814595	1.23124590672
870.0	12.0	6.96765791926	1.3295737442
880.0	12.0	6.80559978485	1.47539488183
890.0	12.0	6.73867187999	1.81166653962
900.0	12.0	6.67174397513	2.14793819742
910.0	12.0	6.7870788552	2.40974799771
920.0	12.0	6.90262420039	2.67155779799
930.0	12.0	7.01795908046	2.93312893848
940.0	12.0	7.16549512231	3.17966451158
950.0	12.0	7.31660907102	3.42452946609
960.0	12.0	7.46772301973	3.66915576079
970.0	12.0	7.61883696844	3.9140207153
980.0	12.0	7.63125440991	4.14575938082
990.0	12.0	7.64367185138	4.37725938654
1000.0	12.0	7.65587882774	4.60899805207
1010.0	12.0	7.55990673775	4.8304743462
1020.0	12.0	7.39153465005	5.04526816594
1030.0	12.0	7.22316256235	5.26006198568
1040.0	12.0	7.04468814939	5.34025167839
1050.0	12.0	6.85947885292	5.3307052864
1060.0	12.0	6.67426955644	5.32115889441
1200.0	20.0	11.9906182256	8.161210511
1210.0	20.0	11.4349903362	8.27576721486
1220.0	20.0	10.8793624468	8.39032391873
1230.0	20.0	10.3580403702	8.4927089728
1230.0	25.0	3.84940685505	4.59014392789
1240.0	20.0	9.85124038624	8.59008217109
1240.0	25.0	4.03924638393	4.66842434219
1250.0	20.0	9.34465086737	8.68721670957
1250.0	25.0	4.22887544771	4.7467047565
1260.0	20.0	8.7658718159	8.73494866951
1260.0	25.0	4.41871497659	4.82474651101
1270.0	20.0	8.18709276443	8.78268062945
1270.0	25.0	4.60855450547	4.90302692531
1280.0	20.0	7.68387068732	8.82420743461
1280.0	25.0	4.79818356924	4.98130733962
1290.0	20.0	7.18043814509	8.86573423976
1290.0	25.0	4.98802309813	5.05958775393
1300.0	20.0	6.66648234739	8.96764197423
1300.0	25.0	5.22542774178	5.10015991988
1310.0	20.0	6.14789631727	9.09556362688
1310.0	25.0	5.46262192033	5.14073208583
1320.0	20.0	5.62909982204	9.22324661973
1320.0	25.0	5.70002656399	5.18154291158
1330.0	20.0	5.05453007277	9.4079693047
1330.0	25.0	5.93743120765	5.22211507753
1340.0	20.0	4.4736463702	9.59889714447
1340.0	25.0	6.17525678152	5.29108775965
1350.0	20.0	3.91465103903	9.7475821997
1350.0	25.0	6.41434514606	5.42688518568
1360.0	20.0	3.38848826497	9.83278374819
1360.0	25.0	6.6536439757	5.56244395192
1370.0	20.0	2.86232549091	9.91798529669
1370.0	25.0	6.89273234024	5.69800271816
1370.0	26.0	6.36741142661	0.490923208011
1380.0	20.0	2.32963829844	10.02132499
1380.0	25.0	7.13182070477	5.8335614844
1380.0	26.0	6.38993119334	1.13864590443
1390.0	20.0	1.79253133868	10.1363590134
1390.0	25.0	7.36101720915	5.94262901286
1390.0	26.0	6.41245096007	1.78660726065
1400.0	20.0	1.25563484403	10.2516316967
1400.0	25.0	7.58895092288	6.04859396394
1400.0	26.0	6.42760444796	2.38182480114
1410.0	20.0	0.739574395224	10.3924409785
1410.0	25.0	7.81709510171	6.15479757481
1410.0	26.0	6.43960095921	2.95460832045
1420.0	20.0	0.232563946136	10.5444672709
1420.0	25.0	8.02145672316	6.25169345349
1420.0	26.0	6.45159747046	3.52739183976
1430.0	20.0	-0.274656968061	10.6962549036
1430.0	25.0	8.1710974161	6.3271099502
1430.0	26.0	6.4612788655	4.0846624721
1440.0	25.0	8.32052764394	6.40228778711
1440.0	26.0	6.4612788655	4.5803588761
1450.0	25.0	8.47016833688	6.47770428382
1450.0	26.0	6.4612788655	5.07605528011
1460.0	25.0	8.61096949522	6.54596098654
1460.0	26.0	6.4612788655	5.57175168411
1470.0	25.0	8.74314158406	6.60705789527
1470.0	26.0	6.4787474696	6.06386819112
1480.0	25.0	8.87531367291	6.66815480399
1480.0	26.0	6.53662537475	6.54691562574
1490.0	25.0	9.00748576175	6.72901305292
1490.0	26.0	6.5945032799	7.03020172016
1500.0	25.0	9.10051134021	6.78080222946
1500.0	26.0	6.65238118504	7.51372647438
1510.0	25.0	9.03800320265	6.79488315764
1510.0	26.0	6.74435443795	7.97123731043
1520.0	25.0	8.97528459998	6.80920274562
1520.0	26.0	6.91672536273	8.36908319655
1530.0	25.0	8.91277646242	6.82328367381
1530.0	26.0	7.08888582241	8.76669042287
1540.0	25.0	8.85005785975	6.83760326179
1540.0	26.0	7.26104628208	9.164536309
1550.0	25.0	8.78733925709	6.85192284977
1550.0	26.0	7.40500441706	9.50367188439
1560.0	25.0	8.72483111953	6.86600377796
1560.0	26.0	7.54896255205	9.84280745978
1570.0	25.0	8.66211251686	6.88032336594
1570.0	26.0	7.69313115214	10.1819430352
1580.0	25.0	8.5996043793	6.89440429412
1580.0	26.0	7.82930207807	10.5225105694
1590.0	25.0	8.45669856986	6.85765068497
1590.0	26.0	7.93453463288	10.8692832583
1600.0	25.0	8.29400904012	6.80800944663
1600.0	26.0	8.0397671877	11.2158172875
1610.0	25.0	8.13110904527	6.75860686809
1610.0	26.0	8.14499974251	11.5625899765
1620.0	25.0	7.96820905042	6.70896562974
1620.0	26.0	8.25023229732	11.9091240057
1620.0	29.0	14.934604179	5.85504086637
1630.0	25.0	7.80551952068	6.6595630512
1630.0	26.0	8.32599973679	12.1907425694
1630.0	29.0	14.1558832734	5.89489705292
1640.0	25.0	7.69544626835	6.55526871873
1640.0	26.0	8.40176717625	12.472361133
1640.0	29.0	13.3771623678	5.93475323947
1650.0	25.0	7.63798929342	6.39608263232
1650.0	26.0	8.47753461572	12.7539796967
1650.0	29.0	12.6041240201	6.00587385979
1660.0	25.0	7.58053231849	6.23689654591
1660.0	26.0	8.55330205518	13.0355982603
1660.0	29.0	11.8538159043	6.20300685435
1670.0	25.0	7.54664743584	6.06028829412
1670.0	26.0	8.62906949465	13.317216824
1670.0	29.0	11.1035077885	6.40013984892
1680.0	25.0	7.6068404572	5.81303674162
1680.0	29.0	10.3599345562	6.67268934019
1690.0	25.0	7.66703347855	5.56578518912
1690.0	29.0	9.6009973709	6.94714810986
1700.0	25.0	7.70765324471	5.31423776022
1700.0	29.0	8.77828925737	7.19678626036
1710.0	25.0	7.71943929085	5.05553053733
1710.0	29.0	7.95558114384	7.44618575106
1720.0	25.0	7.73101487187	4.79706197424
1720.0	29.0	7.09625210124	7.6650367874
1730.0	25.0	7.74280091801	4.53859341115
1730.0	29.0	6.23671259353	7.88364916393
1740.0	25.0	7.64830208379	4.40088670672
1740.0	29.0	5.41589866599	8.02947030156
1750.0	25.0	7.52728464576	4.29348979684
1750.0	29.0	4.62097194694	8.12684349984
1760.0	25.0	7.40626720772	4.18609288697
1760.0	29.0	3.82583476277	8.22397803833
1770.0	25.0	7.28524976969	4.0786959771
1770.0	29.0	3.03911618299	8.27672185406
1780.0	29.0	2.25344992876	8.32445381401
1780.0	30.0	12.813115874	9.162149711
1780.0	31.0	1.78432319941	11.0604497579
1790.0	30.0	12.2379147294	9.39293373732
1790.0	31.0	2.40014411017	10.8573502684
1800.0	30.0	11.6625031197	9.62347910385
1800.0	31.0	3.01596502093	10.654012119
1810.0	30.0	11.0908798819	9.86118426436
1810.0	31.0	3.59137663065	10.4499579903
1820.0	30.0	10.5272543184	10.1153569511
1820.0	31.0	4.14005917144	10.2454265419
1830.0	30.0	9.96383921989	10.3692909779
1830.0	31.0	4.68895217735	10.0406564337
1840.0	30.0	9.39789854011	10.6220317058
1840.0	31.0	5.32139983177	9.89936983231
1850.0	30.0	8.8226973955	10.868567279
1850.0	31.0	5.97489399716	9.77383477766
1860.0	30.0	8.2474962509	11.1151028521
1860.0	31.0	6.60860444224	9.6585620944
1870.0	30.0	7.67545208293	11.334431208
1870.0	31.0	7.23999977112	9.54424405034
1880.0	30.0	7.11687768199	11.4446920355
1880.0	31.0	7.8583462632	9.36524920056
1890.0	30.0	6.55851374615	11.5547142031
1890.0	31.0	8.46785322067	9.14305692702
1900.0	30.0	6.01193585645	11.5862172967
1900.0	31.0	9.07757064326	8.92086465349
1910.0	30.0	5.47335564092	11.5652152343
1910.0	31.0	9.74369271522	8.69389918396
1920.0	30.0	4.93477542539	11.5442131719
1920.0	31.0	10.4340182748	8.46478577624
1930.0	30.0	4.4037719538	11.513187398
1930.0	31.0	11.1281322063	8.27624453446
1940.0	30.0	3.90223359757	11.4430214169
1940.0	31.0	11.8373996258	8.24975329669
1950.0	30.0	3.40090570644	11.3728554357
1950.0	31.0	12.5468775103	8.22326205893
1960.0	30.0	2.8993673502	11.3026894546
1960.0	31.0	13.2426751627	8.20273731615
1970.0	30.0	2.38646387804	11.3933801785
1970.0	31.0	13.9252135133	8.18817906837
1980.0	30.0	1.87040342924	11.5241657488
1980.0	31.0	14.6075413987	8.17362082059
1990.0	30.0	1.35434298044	11.654951319
1990.0	31.0	15.2898692841	8.1593012326
2000.0	30.0	0.851962763764	11.7477899811
2010.0	30.0	0.355265105048	11.824161117
2020.0	30.0	-0.141432553668	11.9005322529
2040.0	33.0	0.14585232097	10.3521074724
2050.0	33.0	0.762725557283	10.2943518008
2060.0	33.0	1.3795987936	10.2368347891
2070.0	33.0	1.99647202991	10.1544971582
2080.0	33.0	2.61334526622	9.97359303003
2090.0	33.0	3.23021850253	9.79245024204
2100.0	33.0	3.82541383255	9.61870590785
2110.0	33.0	4.36967660605	9.46238373904
2110.0	35.0	0.182473250045	8.36096876336
2120.0	33.0	4.91393937954	9.30606157023
2120.0	35.0	0.638340677494	8.32135123661
2130.0	33.0	5.44473238601	9.12539610184
2130.0	35.0	1.09441857005	8.28149505006
2140.0	33.0	5.95489981174	8.9084543439
2140.0	35.0	1.55996739254	8.22779659512
2150.0	33.0	6.46506723748	8.69151258596
2150.0	35.0	2.04024877271	8.15333473761
2160.0	33.0	6.97586605854	8.48363990041
2160.0	35.0	2.52031968777	8.0786342203
2170.0	33.0	7.49087418179	8.35810484576
2170.0	35.0	2.99302432398	8.02398112617
2180.0	33.0	8.00588230505	8.23256979112
2180.0	35.0	3.43668477508	8.04975638453
2190.0	33.0	8.52110089341	8.10679607667
2190.0	35.0	3.88013476106	8.0752929831
2200.0	33.0	9.01653576147	7.996773909
2200.0	35.0	4.33242428164	8.11085329326
2210.0	33.0	9.46651016585	7.92278937109
2210.0	35.0	4.79797310413	8.1614491708
2220.0	33.0	9.91648457023	7.84856617338
2220.0	35.0	5.26352192662	8.21204504834
2230.0	33.0	10.3948717644	7.76360328468
2230.0	35.0	5.72949167934	8.25046927609
2240.0	33.0	10.9157729107	7.6621728698
2240.0	35.0	6.19967073424	8.17887133618
2250.0	33.0	11.4366740571	7.56074245492
2250.0	35.0	6.66963932403	8.10727339627
2260.0	33.0	11.9575752034	7.45931204004
2260.0	35.0	7.14297535558	8.03495947695
2270.0	33.0	12.4868949541	7.39845379112
2270.0	35.0	7.64682882802	7.95524710385
2280.0	33.0	13.0290530765	7.39845379112
2280.0	35.0	8.15068230047	7.87577339054
2290.0	33.0	13.5712111989	7.39845379112
2290.0	35.0	8.65453577291	7.79629967724
2300.0	33.0	14.1057925773	7.4108641007
2300.0	35.0	9.1375531995	7.62040740485
2310.0	33.0	14.5723937254	7.53544451615
2310.0	35.0	9.61530899835	7.42041049269
2320.0	33.0	15.0392053385	7.6600249316
2320.0	35.0	10.0932752623	7.22041358053
2330.0	35.0	10.5714519914	7.01922336937
2340.0	35.0	11.0523647669	6.80800944663
2350.0	35.0	11.5334880075	6.59655686408
2360.0	35.0	12.0146112481	6.38510428153
2370.0	35.0	12.4969972793	6.15217231701
2380.0	35.0	12.980225171	5.90468210471
2390.0	35.0	13.4634530627	5.65719189241
2400.0	35.0	13.9517321171	5.44526199026
2410.0	35.0	14.4406425667	5.23738930471
2420.0	35.0	14.9293425513	5.02951661916
2440.0	41.0	15.2806088193	9.02134042917
2450.0	41.0	14.5063076809	9.02134042917
2460.0	41.0	13.7320065426	9.02134042917
2470.0	41.0	12.9579158694	9.02134042917
2480.0	41.0	12.150782174	9.19627806236
2490.0	41.0	11.3400705717	9.39078579912
2500.0	41.0	10.5354624576	9.59818116508
2510.0	41.0	9.75505783114	9.85664972817
2520.0	41.0	8.97465320465	10.1151182913
2530.0	41.0	8.2258183446	10.3807466483
2540.0	41.0	7.48498115872	10.648045624
2550.0	41.0	6.75845560029	10.9337214043
2560.0	41.0	6.06581492452	11.2618786289
2570.0	41.0	5.37296378363	11.5900358535
2580.0	41.0	4.72031147868	11.8890765825
2590.0	41.0	4.07207894103	12.1850147342
2600.0	41.0	3.44110454238	12.498613711
2610.0	41.0	2.8360173522	12.8387039256
2620.0	41.0	2.23093016203	13.1787941402
2630.0	41.0	1.62584297186	13.5188843548
2640.0	41.0	1.02075578168	13.8589745694
2730.0	43.0	15.2345169602	9.04711568754
2740.0	43.0	14.51409489	9.03780795535
2750.0	43.0	13.7934623546	9.02873888296
2760.0	43.0	13.0825112143	9.04997960513
2770.0	43.0	12.4090228635	9.19317548496
2780.0	43.0	11.7355345127	9.33637136479
2790.0	43.0	11.0732008127	9.60199972187
2800.0	43.0	10.4154973451	9.92037189469
2810.0	43.0	9.75211131961	10.2096275719
2820.0	43.0	9.07546599216	10.4311038661
2830.0	43.0	8.39903112983	10.65281882
2840.0	43.0	7.74511603422	10.8998317127
2840.0	45.0	-0.0380941848422	13.2785539365
2850.0	43.0	7.11372070534	11.1726198638
2850.0	45.0	0.57330695862	12.9945487748
2860.0	43.0	6.48232537647	11.4454080149
2860.0	45.0	1.18470810208	12.7103049533
2870.0	43.0	5.86797772147	11.6878863714
2870.0	45.0	1.82767901199	12.4246291731
2880.0	43.0	5.2607858802	11.9174770987
2880.0	45.0	2.48433015402	12.1382374134
2890.0	43.0	4.64896380652	12.1408626712
2890.0	45.0	3.1376138543	11.8556642106
2900.0	43.0	3.99504871091	12.311504428
2900.0	45.0	3.77742778756	11.5883652349
2910.0	43.0	3.34113361531	12.481907525
2910.0	45.0	4.41724172082	11.3210662592
2920.0	43.0	2.6960580543	12.6530266014
2920.0	45.0	5.13366495399	11.0938621299
2930.0	43.0	2.07202900426	12.8258162964
2930.0	45.0	5.88292074425	10.8838415061
2940.0	43.0	1.44778948911	12.9988446512
2940.0	45.0	6.61386606998	10.6740595422
2950.0	43.0	0.823760439074	13.1716343462
2950.0	45.0	7.27156953756	10.4652322174
2950.0	46.0	15.113078592	7.65549039541
2960.0	46.0	14.4654774497	7.71062080914
2970.0	46.0	13.8178763074	7.76551256308
2980.0	46.0	13.1658553977	7.84403163718
2990.0	46.0	12.5031007675	7.97648782602
3000.0	46.0	11.8405566024	8.10918267466
3010.0	46.0	11.2131601106	8.2492759771
3010.0	49.0	8.89130902124	8.48149196222
3020.0	46.0	10.6093357111	8.39461979512
3020.0	49.0	9.19900901151	8.33471618539
3030.0	46.0	9.99414619568	8.54187289154
3030.0	49.0	9.50649853668	8.18794040857
3040.0	46.0	9.35327993687	8.69366052416
3040.0	49.0	9.86176364172	8.11968370585
3050.0	46.0	8.71241367806	8.84759609498
3050.0	49.0	10.2643833964	8.12994607724
3060.0	46.0	8.0725997448	9.01943115077
3060.0	49.0	10.6615310583	8.13662855163
3070.0	46.0	7.43278581154	9.19126620656
3070.0	49.0	11.0374217441	8.12803679884
3080.0	46.0	6.77466141374	9.36596517995
3080.0	49.0	11.4133124299	8.11944504605
3090.0	46.0	6.10433003958	9.54281209154
3090.0	49.0	11.8453972999	8.13615123203
3100.0	46.0	5.43399866542	9.71965900313
3100.0	49.0	12.361878679	8.19032700657
3110.0	46.0	4.78513473245	9.85235385177
3110.0	49.0	12.8261647108	8.26383422488
3120.0	46.0	4.13858591568	9.98027550442
3120.0	49.0	13.0810379586	8.4146672183
3130.0	46.0	3.48993244781	10.1055718993
3130.0	49.0	13.3274926019	8.48578783861
3140.0	46.0	2.82107432942	10.2077182935
3140.0	49.0	13.5547949203	8.37123113475
3150.0	46.0	2.15200574592	10.3101033476
3150.0	49.0	13.7820972387	8.25667443089
3160.0	46.0	1.49430227834	10.4303878867
3160.0	49.0	13.6286681738	8.18603113017
3170.0	46.0	0.862906949465	10.5921992309
3170.0	49.0	13.3798984142	8.12636618024
3180.0	46.0	0.231511620588	10.7542492349
3180.0	49.0	13.1311286546	8.06670123031
3190.0	46.0	-0.399883708289	10.9160605791
3190.0	49.0	12.8823588951	8.00703628039
3200.0	49.0	12.6335891355	7.94737133046
3840.0	58.0	14.6574216297	9.51560487437
3840.0	59.0	3.29630454696	12.5205704126
3850.0	58.0	13.8906972353	9.67765487838
3850.0	59.0	4.17036614723	12.3184255622
3860.0	58.0	13.1239728409	9.83970488239
3860.0	59.0	5.04463821261	12.1165193717
3870.0	58.0	12.4250182119	9.93516880227
3870.0	59.0	5.8993370228	11.8993389539
3880.0	58.0	11.7711031162	9.98624199941
3880.0	59.0	6.74898467036	11.6783399794
3890.0	58.0	11.1169775555	10.0373151965
3890.0	59.0	7.602631155	11.4592502832
3900.0	58.0	10.4359124608	10.0623744755
3900.0	59.0	8.49310903383	11.2573440927
3910.0	58.0	9.74769155231	10.0805126203
3910.0	59.0	9.38358691265	11.0554379021
3920.0	58.0	9.05505087653	10.1198914872
3920.0	59.0	10.2412322344	10.7778765551
3930.0	58.0	8.3438892711	10.2435172635
3930.0	59.0	11.0662554641	10.4246600515
3940.0	58.0	7.63272766568	10.36690438
3940.0	59.0	11.8912786938	10.0714435479
3950.0	58.0	6.9137788512	10.5129641774
3950.0	59.0	12.7825984331	9.5800430203
3960.0	58.0	6.17715096751	10.7117677905
3960.0	59.0	13.6741286375	9.08864249269
3990.0	62.0	3.37859640482	7.15549811501
4000.0	61.0	8.1492090447	10.2461425213
4000.0	62.0	3.68819058108	7.43640069927
4010.0	61.0	8.4859532201	10.1411322094
4010.0	62.0	3.99757429223	7.71706462373
4020.0	61.0	8.8226973955	10.0361218975
4020.0	62.0	4.30716846849	7.997967208
4030.0	61.0	9.18385552362	9.93039560628
4030.0	62.0	4.73630682701	8.27839247266
4040.0	61.0	9.64309039282	9.82204405721
4040.0	62.0	5.28541029803	8.55857907752
4050.0	61.0	10.102325262	9.71345384834
4050.0	62.0	5.8292521413	8.8304125894
4060.0	61.0	10.5485112944	9.57025796851
4060.0	62.0	6.35162654339	9.06907238911
4070.0	61.0	10.9946973268	9.42706208868
4070.0	62.0	6.87421141059	9.30773218882
4080.0	61.0	11.3642740593	9.22587187752
4080.0	62.0	7.38985092917	9.54352807094
4090.0	61.0	11.6570310268	8.96644867523
4090.0	62.0	7.88991602964	9.77216415907
4100.0	61.0	11.9432635759	8.70941207094
4100.0	62.0	8.389770665	10.0008002472
4110.0	61.0	12.2027670561	8.46287649784
4110.0	62.0	8.80207181476	10.3599832458
4120.0	61.0	12.4622705363	8.21634092473
4120.0	62.0	9.20469156947	10.7334858323
4130.0	61.0	12.6735775063	7.96932803203
4130.0	62.0	9.57237411599	10.9676110958
4140.0	61.0	12.6910461104	7.72064452073
4140.0	62.0	9.91669503534	11.1084203777
4150.0	61.0	12.7085147145	7.47196100943
4150.0	62.0	10.2742752566	11.1494698632
4160.0	61.0	12.5371961153	7.42971822488
4160.0	62.0	10.6512182679	11.0399250151
4170.0	61.0	12.3187333315	7.43878729727
4170.0	62.0	11.0283717444	10.9306188269
4180.0	61.0	12.1000600826	7.44809502946
4180.0	62.0	11.1839054604	10.5986430455
4190.0	62.0	11.3394391764	10.2664286043
4200.0	62.0	11.3063961542	9.99984560799
4210.0	62.0	11.1923240648	9.76118580828
4220.0	62.0	11.0784624405	9.52252600857
4220.0	64.0	2.29406969492	11.3401590432
4230.0	64.0	2.92546502379	11.1396848114
4240.0	64.0	3.55686035267	10.9392105797
4250.0	64.0	4.18025800738	10.7069945945
4260.0	64.0	4.79860449946	10.4532992274
4270.0	64.0	5.41674052643	10.1998425202
4280.0	64.0	6.03129864654	9.9077229253
4290.0	64.0	6.64017420869	9.55832497852
4300.0	64.0	7.24904977083	9.20892703174
4310.0	64.0	7.88591719256	8.92038733389
4310.0	68.0	10.3127903717	9.61798992845
4320.0	64.0	8.54172647415	8.67241980199
4320.0	68.0	9.8918601524	9.48386312101
4330.0	64.0	9.19732529064	8.42469092988
4330.0	68.0	9.40779040026	9.27193321887
4340.0	64.0	9.80893689921	8.42469092988
4340.0	68.0	8.82901134879	8.94377599426
4350.0	64.0	10.4207589729	8.42469092988
4350.0	68.0	8.2607555528	8.69914969956
4360.0	64.0	11.0323705815	8.42469092988
4360.0	68.0	7.69776138455	8.47838938482
4370.0	64.0	11.6949147466	8.4962888698
4370.0	68.0	7.14529047179	8.26956206007
4380.0	64.0	12.3700868182	8.58578629469
4380.0	68.0	6.60860444224	8.06670123031
4390.0	64.0	13.0526251688	8.60010588267
4390.0	68.0	6.08244166818	7.86789761715
4400.0	64.0	13.7458972399	8.50201670499
4400.0	68.0	5.57837773062	7.67720843718
4410.0	64.0	14.439169311	8.40368886751
4410.0	68.0	5.07999635103	7.48890585521
4420.0	64.0	15.1324413821	8.30536103003
4420.0	68.0	4.49174636963	7.4134893585
4430.0	68.0	3.89360452807	7.35072183117
4440.0	68.0	3.32366501121	7.29105688125
4450.0	68.0	2.75351502923	7.23139193132
4460.0	68.0	2.16484411761	7.11898316565
4470.0	68.0	1.56354529941	6.97125274963
4480.0	68.0	0.986449968815	6.69345274276
4490.0	68.0	0.433979056048	6.28558314505
4500.0	68.0	-0.118491856719	5.87795220714
4510.0	69.0	9.42820551589	13.0472925905
4510.0	70.0	10.1980868869	13.3830869287
4520.0	69.0	9.37432644783	12.7902559862
4520.0	70.0	10.227131072	13.0704425911
4530.0	69.0	9.32044737977	12.533219382
4530.0	70.0	10.2561752572	12.7575595937
4540.0	69.0	9.26635784659	12.2761827777
4540.0	70.0	10.2679613033	12.460428143
4550.0	69.0	9.23941831256	11.988597719
4550.0	70.0	10.2626996756	12.1790482392
4560.0	69.0	9.23941831256	11.670464206
4560.0	70.0	10.2572275827	11.8974296755
4570.0	69.0	9.23941831256	11.352330693
4570.0	70.0	10.2517554899	11.6160497717
4580.0	69.0	9.24531133563	11.0368224377
4580.0	70.0	10.2725915357	11.3038827536
4590.0	69.0	9.27435552076	10.7322925333
4590.0	70.0	10.3108961857	10.9711909928
4600.0	69.0	9.30318924078	10.4277626289
4600.0	70.0	10.3492008356	10.638499232
4600.0	73.0	0.170055808577	9.85306983117
4610.0	69.0	9.32360435641	10.1215621058
4610.0	70.0	10.3946612993	10.2967383988
4610.0	73.0	0.817656950895	9.81631622201
4620.0	69.0	9.32360435641	9.81130436622
4620.0	70.0	10.4569589717	9.93445282287
4620.0	73.0	1.46525809321	9.77956261286
4630.0	69.0	9.30339970589	9.47908992502
4630.0	70.0	10.5192566442	9.57192858711
4630.0	73.0	2.09938946851	9.72538683832
4640.0	69.0	9.23562994059	9.09556362688
4640.0	70.0	10.5182043186	9.25427239369
4640.0	73.0	2.72026154191	9.65378889841
4650.0	69.0	9.1680706404	8.71203732874
4650.0	70.0	10.474638041	8.96621001543
4650.0	73.0	3.34155454552	9.55832497852
4660.0	69.0	9.12324157205	8.3308976286
4660.0	70.0	10.4310717633	8.67814763718
4660.0	73.0	3.96347894447	9.43899507867
4670.0	69.0	9.10156366576	7.95238318625
4670.0	70.0	10.457379902	8.33567082459
4670.0	73.0	4.58308822721	9.31823322001
4680.0	69.0	9.07967529435	7.57363008411
4680.0	70.0	10.5133636211	7.96956669183
4680.0	73.0	5.19764634731	9.19413012416
4690.0	69.0	9.08009622457	7.19225172416
4690.0	70.0	10.5695578054	7.60370121887
4690.0	73.0	5.81220446742	9.07002702831
4700.0	69.0	9.09503924736	6.80872542603
4700.0	70.0	10.6575322212	7.18867182717
4700.0	73.0	6.41329282051	8.95356104605
4710.0	69.0	9.11019273525	6.42496046809
4710.0	70.0	10.7591868692	6.75240171329
4710.0	73.0	7.01101373185	8.83900434219
4720.0	69.0	9.14681366433	5.9970434472
4720.0	70.0	10.860631052	6.31637025922
4720.0	73.0	7.63904161897	8.72158372073
4730.0	69.0	9.18890668625	5.55790941573
4730.0	70.0	10.9185089572	5.86840581515
4730.0	73.0	8.33778578292	8.59748062488
4740.0	69.0	9.22594854554	5.13762950843
4740.0	70.0	10.9652322115	5.4175774535
4740.0	73.0	9.03652994688	8.47337752903
4750.0	69.0	9.25162528892	4.76174032388
4750.0	70.0	10.8286403553	5.03691507295
4750.0	73.0	9.68139504277	8.37576567094
4760.0	69.0	9.27709156718	4.38561247953
4760.0	70.0	10.6922589643	4.65649135221
4760.0	73.0	10.3127903717	8.28483628725
4770.0	69.0	9.30255784545	4.00948463519
4770.0	70.0	10.5556671082	4.27582897167
4770.0	73.0	10.9696519788	8.20583989355
4780.0	69.0	9.17312180303	3.59636452188
4780.0	70.0	10.4384380421	3.87607380715
4780.0	73.0	11.6372473065	8.13161669584
4790.0	69.0	9.0434752955	3.18324440858
4790.0	70.0	10.3658275793	3.43168926008
4790.0	73.0	12.3050530994	8.05763215793
4800.0	69.0	8.92224739236	2.7517474907
4800.0	70.0	10.2932171165	2.98730471301
4800.0	73.0	12.9501286604	7.97672648582
4810.0	69.0	8.81301600046	2.29208871645
4810.0	70.0	10.2340764207	2.54745470214
4810.0	73.0	13.5895216634	7.89415019512
4820.0	69.0	8.70399507367	1.8324299422
4820.0	70.0	10.1951403754	2.11428716566
4820.0	73.0	14.2169181552	7.81133524462
4830.0	69.0	8.58887065871	1.37993096194
4830.0	70.0	10.1562043301	1.68111962918
4830.0	73.0	14.7956972067	7.72780431472
4840.0	69.0	8.47122066243	0.930773218882
4840.0	70.0	10.1149531686	1.23387116452
4840.0	73.0	15.3744762581	7.64427338482
4850.0	69.0	8.35357066615	0.481615475822
4850.0	70.0	10.0728601467	0.780417545063
4860.0	69.0	8.23592066987	0.0322190729613
4860.0	70.0	10.0307671248	0.326963925607
4910.0	80.0	-0.0391465103903	8.82134351701
4920.0	80.0	0.47207324089	8.86668887895
4930.0	80.0	0.983082527061	8.9122729007
4940.0	80.0	1.49598599922	8.94592393246
4950.0	80.0	2.0095208667	8.97456310842
4960.0	80.0	2.52263480397	8.97360846923
4970.0	80.0	3.03364409014	8.85427856937
4980.0	80.0	3.54486384142	8.73494866951
4990.0	80.0	4.01988359385	8.59962856307
5000.0	80.0	4.45723009165	8.43805587867
5010.0	80.0	4.96003123854	8.26550484348
5020.0	80.0	5.5188161046	8.12493422144
5030.0	80.0	6.16199747962	8.03233421916
5040.0	80.0	6.71909862479	7.98913679541
5050.0	80.0	7.21895326016	7.97911308382
5060.0	80.0	7.7316462672	7.94737133046
5070.0	80.0	8.29527183078	7.8280414306
5080.0	80.0	8.85910785947	7.70871153074
5090.0	80.0	9.41452528377	7.61873678625
5100.0	80.0	9.95773573171	7.57243678511
5110.0	80.0	10.5009461797	7.52613678396
5120.0	80.0	11.0460508136	7.48246204062
5130.0	80.0	11.595996145	7.44379915306
5140.0	80.0	12.1459414765	7.40537492531
5150.0	80.0	12.7040949472	7.35621100657
5160.0	80.0	13.2948705099	7.26432698368
5170.0	80.0	13.8858565378	7.17268162059
5180.0	80.0	14.431592567	7.0786496595
5190.0	80.0	14.9472320856	6.98318573962
5240.0	89.0	14.8104297643	8.87599661114
5250.0	89.0	14.3766611734	8.91943269469
5260.0	89.0	13.9428925825	8.96286877824
5270.0	89.0	13.4901821317	9.02635228496
5280.0	89.0	12.960862381	9.17098012359
5290.0	89.0	12.4315426303	9.31560796222
5300.0	89.0	11.9022228795	9.46023580084
5310.0	89.0	11.442356615	9.62586570184
5320.0	89.0	10.9902775595	9.79388220084
5330.0	89.0	10.5329368763	9.94662447266
5340.0	89.0	10.0553915426	10.0385084955
5350.0	89.0	9.57784620884	10.1301538586
5360.0	89.0	9.10998227014	10.2385054077
5370.0	89.0	8.64843228473	10.3578353076
5380.0	89.0	8.18709276443	10.4771652074
5390.0	89.0	7.70302301229	10.6043708807
5400.0	89.0	7.21895326016	10.7318152137
5410.0	89.0	6.73488350802	10.859020887
5410.0	92.0	0.360316267679	12.52367299
5410.0	93.0	0.51121975128	13.6188828108
5420.0	89.0	6.2360811982	10.8855121247
5420.0	92.0	1.07063601267	12.4241518535
5420.0	93.0	1.02222903745	13.4315348681
5430.0	89.0	5.73706842328	10.9120033625
5430.0	92.0	1.78095575765	12.3248693768
5430.0	93.0	1.53344878873	13.2439482655
5440.0	89.0	5.24268588077	10.9210724349
5440.0	92.0	2.56409643057	12.1444425682
5440.0	93.0	2.01436156423	13.1074348601
5450.0	89.0	4.75861612863	10.8893306815
5450.0	92.0	3.35502431254	11.955185347
5450.0	93.0	2.46538829415	13.0222333116
5460.0	89.0	4.27454637649	10.8573502684
5460.0	92.0	4.14616265962	11.7659281259
5460.0	93.0	2.91641502408	12.9370317631
5470.0	89.0	3.78837197326	10.864987382
5470.0	92.0	4.7775579885	11.5699884303
5470.0	93.0	3.44952314676	12.8279642346
5480.0	89.0	3.2973568725	10.9645085184
5480.0	92.0	5.40895331738	11.3738100749
5480.0	93.0	4.01777894275	12.7086343347
5490.0	89.0	2.80613130664	11.0637909951
5490.0	92.0	6.08054748219	11.148515224
5490.0	93.0	4.58603473874	12.5893044349
5500.0	89.0	2.26165806804	11.1067497591
5500.0	92.0	6.91335792098	10.8060384114
5500.0	93.0	5.10819867572	12.3971832961
5510.0	89.0	1.71129180637	11.1435033682
5510.0	92.0	7.74595789466	10.4635615988
5510.0	93.0	5.6105788924	12.1740363834
5520.0	89.0	1.17481624193	11.2077028543
5520.0	92.0	8.50363228931	10.1544971582
5520.0	93.0	6.11295910907	11.9506508109
5530.0	89.0	0.671173234596	11.3353858472
5530.0	92.0	9.25288807958	9.84901261457
5530.0	93.0	6.6296509532	11.7563817339
5540.0	89.0	0.167530227262	11.4633074998
5540.0	92.0	9.99709270721	9.52252600857
5540.0	93.0	7.15581372727	11.5814441007
5550.0	89.0	-0.335902314962	11.5912291525
5550.0	92.0	10.7337205909	9.164536309
5550.0	93.0	7.68197650133	11.4062678077
5560.0	92.0	11.4823449858	8.80559197023
5560.0	93.0	8.17993695071	11.178347699
5570.0	92.0	12.2783240304	8.44235175506
5570.0	93.0	8.6587450751	10.9148672801
5580.0	92.0	13.0745135402	8.0791115399
5580.0	93.0	9.13776366461	10.651625521
5590.0	92.0	13.8511297947	7.81944967781
5590.0	93.0	9.64224853238	10.3766894317
5600.0	92.0	14.6256413981	7.57124348611
5600.0	93.0	10.1574671207	10.0969801465
5610.0	92.0	15.4001530015	7.32303729441
5610.0	93.0	10.6726857091	9.81703220141
5620.0	93.0	11.1967438321	9.52252600857
5630.0	93.0	11.7229066061	9.22420125892
5640.0	93.0	12.2490693802	8.92587650928
5650.0	93.0	12.78617634	8.68793268897
5660.0	93.0	13.3304391135	8.49056103461
5670.0	93.0	13.874701887	8.29295072044
5680.0	93.0	14.3996018704	8.19581618196
5690.0	93.0	14.9162937145	8.14164040742
5700.0	93.0	15.4327750935	8.08722597309
