0.0	2.0	13.3434879503	4.43907227467
0.0	3.0	11.9123252048	4.43907227467
0.0	5.0	8.7132555385	4.4152062947
0.0	7.0	6.31395328877	3.84242277539
10.0	2.0	12.8253228504	4.43000320228
10.0	3.0	11.5046542875	4.51353413218
10.0	5.0	8.36051601476	4.36365577796
10.0	7.0	6.78539513433	3.68968050357
20.0	2.0	12.3073682156	4.42069547009
20.0	3.0	11.096772905	4.58823464949
20.0	5.0	8.00798695614	4.31210526122
20.0	7.0	7.25683697989	3.53693823175
30.0	2.0	11.8144589288	4.43358309928
30.0	3.0	10.6891019877	4.662696507
30.0	5.0	7.65524743241	4.26031608468
30.0	7.0	7.7467997551	3.4173696721
40.0	2.0	11.3596438269	4.47988310042
40.0	3.0	10.2799578145	4.70947382775
40.0	5.0	7.30061372269	4.18633154677
40.0	7.0	8.25549392506	3.3312134844
50.0	2.0	10.904828725	4.52618310157
50.0	3.0	9.87081364144	4.7493300143
50.0	5.0	6.94156024567	4.06008051273
50.0	7.0	8.76418809503	3.2450572967
60.0	2.0	10.4384380421	4.52642176137
60.0	3.0	9.46166946833	4.78918620085
60.0	5.0	6.58250676865	3.93359081888
60.0	7.0	9.27267179988	3.15890110901
70.0	2.0	9.94489736003	4.41926351129
70.0	3.0	9.05084157434	4.8297583668
70.0	5.0	6.22366375674	3.80733978483
70.0	7.0	9.7782089932	3.04291244635
80.0	2.0	9.45135667795	4.31234392102
80.0	3.0	8.63433112239	4.87462640915
80.0	5.0	5.83914400145	3.73025266952
80.0	7.0	10.2833252563	2.92358254649
90.0	2.0	8.94624041485	4.18800216537
90.0	3.0	8.21782067044	4.91925579169
90.0	5.0	5.45188819974	3.65865472961
90.0	7.0	10.8339019831	2.86009903977
100.0	2.0	8.42407647787	4.03788515135
100.0	3.0	7.80131021849	4.96412383404
100.0	5.0	5.06463239803	3.58705678969
100.0	7.0	11.3895298725	2.80282068783
110.0	2.0	7.90170207578	3.88752947753
110.0	3.0	7.38458930143	5.00875321659
110.0	5.0	4.67737659632	3.51545884978
110.0	7.0	11.9192705534	2.76845367668
120.0	2.0	7.38353697588	3.80710112503
120.0	3.0	6.97207768656	5.03786971215
120.0	5.0	4.29012079461	3.44386090987
120.0	7.0	12.4104961193	2.76845367668
130.0	2.0	6.86684513175	3.75626658769
130.0	3.0	6.56503816455	5.04312022774
130.0	5.0	3.91886034123	3.38849183633
130.0	7.0	12.90151122	2.76845367668
140.0	2.0	6.35036375273	3.70567071015
140.0	3.0	6.15820910764	5.04837074334
140.0	5.0	3.54949407383	3.3347933814
140.0	7.0	13.4188344595	2.83933563719
150.0	2.0	5.84209051299	3.67536091559
150.0	3.0	5.75138005074	5.05385991873
150.0	5.0	3.18012780644	3.28133358626
150.0	7.0	13.9755146745	3.01642120858
160.0	2.0	5.34644517982	3.67536091559
160.0	3.0	5.34434052872	5.05911043433
160.0	5.0	2.81076153905	3.22763513132
160.0	7.0	14.5321948894	3.19350677997
170.0	2.0	4.85079984665	3.67536091559
170.0	3.0	4.96276728497	5.07390734191
170.0	5.0	2.44139527166	3.17417533619
170.0	7.0	15.0890855695	3.37059235135
180.0	2.0	4.34610451377	3.65483617281
180.0	3.0	4.58393008764	5.08989754849
180.0	5.0	2.10086272428	3.17417533619
190.0	2.0	3.8199417397	3.58681812989
190.0	3.0	4.20509289032	5.10564909527
190.0	5.0	1.76054064202	3.17417533619
200.0	2.0	3.29377896564	3.51856142718
200.0	3.0	3.82625569299	5.12163930185
200.0	5.0	1.42000809464	3.17417533619
210.0	2.0	2.79308246984	3.46128307524
210.0	3.0	3.44405105391	5.1636434266
210.0	5.0	1.07947554727	3.17417533619
220.0	2.0	2.31785225231	3.4152217339
220.0	3.0	3.05658478709	5.2450264183
220.0	5.0	0.739153465005	3.17417533619
230.0	2.0	1.84262203477	3.36892173276
230.0	3.0	2.66911852027	5.32640941
230.0	5.0	0.398620917631	3.17417533619
240.0	2.0	1.37160111943	3.30830214363
240.0	3.0	2.28165225345	5.40779240171
240.0	5.0	0.0580883702566	3.17417533619
250.0	2.0	0.907104622486	3.22596451273
250.0	3.0	1.89418598663	5.48917539341
260.0	2.0	0.442608125542	3.14362688183
260.0	3.0	1.55133832305	5.6664996246
270.0	2.0	-0.0216779062914	3.06152791072
270.0	3.0	1.20870112458	5.84382385578
280.0	3.0	0.865853460999	6.02114808697
290.0	3.0	0.552470912767	6.19918829756
300.0	3.0	0.268343014773	6.37818314734
310.0	3.0	-0.0157848832219	6.55717799713
330.0	13.0	14.8948262733	3.2448186369
340.0	13.0	14.3236239658	3.25341038969
350.0	13.0	13.7524216583	3.26200214248
360.0	13.0	13.1833240018	3.27130987467
370.0	13.0	12.634641461	3.28849338025
380.0	13.0	12.0859589202	3.30543822603
390.0	13.0	11.5398019608	3.36032997997
400.0	13.0	10.9995380244	3.50352585979
410.0	13.0	10.4594845531	3.64672173962
420.0	13.0	9.92090433753	3.77798462946
430.0	13.0	9.38611249397	3.88108566294
440.0	13.0	8.85153111552	3.98442535622
450.0	13.0	8.31673927196	4.08752638969
460.0	13.0	7.82761835719	4.18394494878
470.0	13.0	7.36901488332	4.27559031187
480.0	13.0	6.91020094433	4.36747433476
490.0	13.0	6.45159747046	4.45935835765
490.0	16.0	0.261397666155	7.2440409007
500.0	13.0	5.99678236856	4.54861712274
500.0	16.0	0.350003477307	7.13091615564
510.0	13.0	5.54386145265	4.63668258883
510.0	16.0	0.43860928846	7.01779141057
520.0	13.0	5.09094053673	4.72498671473
520.0	16.0	0.527215099612	6.90490532531
530.0	13.0	4.63801962082	4.81305218082
530.0	16.0	0.611822073681	6.8256702718
540.0	13.0	4.17878475161	4.89634445092
540.0	16.0	0.686958117818	6.8256702718
550.0	13.0	3.66377662836	4.93405269928
550.0	16.0	0.762094161954	6.8256702718
560.0	13.0	3.14876850511	4.97176094763
560.0	16.0	0.84880578712	6.81445326122
570.0	13.0	2.63354991674	5.00923053619
570.0	16.0	0.946672063096	6.79225789984
580.0	13.0	2.13201156051	5.0810671359
580.0	16.0	1.04453833907	6.77006253847
590.0	13.0	1.66204297071	5.23213878912
590.0	16.0	1.14240461505	6.7478671771
600.0	13.0	1.19186391581	5.38344910214
600.0	16.0	1.25184647205	6.73474088811
610.0	13.0	0.729261604852	5.53977127095
610.0	16.0	1.40716972296	6.75741356909
610.0	19.0	0.270868596088	8.29939453504
620.0	13.0	0.283496502666	5.70826508955
620.0	16.0	1.56249297386	6.78032490986
620.0	19.0	0.349793012198	8.09653370528
630.0	16.0	1.71781622476	6.80299759083
630.0	19.0	0.428717428307	7.89367287552
630.0	20.0	0.163531390179	6.4144594369
640.0	16.0	1.87313947567	6.8256702718
640.0	19.0	0.507641844417	7.69081204577
640.0	20.0	0.438819753569	6.2493068555
650.0	16.0	2.1318010954	6.92113419169
650.0	19.0	0.681065094748	7.48818987581
650.0	20.0	0.71389765185	6.0839156143
660.0	16.0	2.39025225002	7.01659811158
660.0	19.0	0.948987179302	7.28556770585
660.0	20.0	0.98918601524	5.91876303289
670.0	16.0	2.64891386975	7.11206203146
670.0	19.0	1.21690926385	7.0831841957
670.0	20.0	1.11546508102	5.64430426322
680.0	16.0	2.92483362847	7.18151203318
680.0	19.0	1.51345460332	6.9087238821
680.0	20.0	1.24174414679	5.36984549355
690.0	16.0	3.21822199128	7.22494811673
690.0	19.0	1.92533482285	6.84643367438
690.0	20.0	1.28320577339	5.38941559713
700.0	16.0	3.5116103541	7.26838420027
700.0	19.0	2.33700457728	6.78414346665
700.0	20.0	1.32445693487	5.40898570071
710.0	16.0	3.8045777867	7.30155791243
710.0	19.0	2.6697499156	6.79440583804
710.0	20.0	1.36591856147	5.42855580428
720.0	16.0	4.09670335886	7.29368213904
720.0	19.0	2.9934452542	6.81278264262
720.0	20.0	1.40738018807	5.44812590786
730.0	16.0	4.38861846591	7.28604502545
730.0	19.0	3.30430222112	6.81182800342
730.0	20.0	1.44884181466	5.46769601144
740.0	16.0	4.6834800845	7.27578265406
740.0	19.0	3.58485221225	6.76528934248
740.0	20.0	1.49009297615	5.48726611501
750.0	16.0	5.005070772	7.2426089419
750.0	19.0	3.86561266849	6.71898934133
750.0	20.0	1.49430227834	5.27438157367
760.0	16.0	5.3264509944	7.20943522974
760.0	19.0	4.14616265962	6.67245068039
760.0	20.0	1.45978600036	4.94455373046
770.0	16.0	5.64804168191	7.17626151758
770.0	19.0	4.46606962625	6.663381608
770.0	20.0	1.40253949054	4.55410629813
780.0	16.0	5.94921725378	7.14332646522
780.0	19.0	4.80281380165	6.67030274219
780.0	20.0	1.28720461047	4.17081865979
790.0	16.0	6.22976724492	7.11015275306
790.0	19.0	5.13955797706	6.67698521658
790.0	20.0	1.08515810523	3.79850937224
800.0	16.0	6.51031723605	7.0769790409
800.0	19.0	5.46262192033	6.68915686637
800.0	20.0	0.883111599989	3.42620008469
810.0	16.0	6.79107769229	7.04380532874
810.0	19.0	5.73117540021	6.72209191873
810.0	20.0	0.64086625881	3.06295986952
820.0	16.0	7.13097884433	6.89512027352
820.0	19.0	5.99972888009	6.75478831129
820.0	20.0	0.393990685219	2.70091295336
830.0	16.0	7.47761487989	6.73378624891
830.0	19.0	6.2600742207	6.76457336308
830.0	20.0	0.147325576738	2.33886603719
840.0	16.0	7.82425091544	6.57221356451
840.0	19.0	6.50189863166	6.72042130013
850.0	16.0	8.18098927625	6.39942386952
850.0	19.0	6.74351257751	6.67626923718
860.0	16.0	8.54782996233	6.21541716394
860.0	19.0	7.01206605739	6.61875222545
870.0	16.0	8.91467064841	6.03117179856
870.0	19.0	7.29850907159	6.55264346093
880.0	16.0	9.28151133449	5.84716509298
880.0	19.0	7.58495208579	6.48629603661
890.0	16.0	9.61930783543	5.73404034792
890.0	19.0	7.87139509999	6.41994861229
900.0	16.0	9.95731480149	5.62115426265
900.0	19.0	8.2300276468	6.40228778711
910.0	16.0	10.2951113024	5.50802951759
910.0	19.0	8.58844972849	6.38462696193
920.0	16.0	10.6427996635	5.39108621573
920.0	19.0	8.92708808988	6.34906665178
930.0	16.0	11.0306868606	5.25934600629
930.0	19.0	9.21900319693	6.27221819627
940.0	16.0	11.4183635925	5.12736713704
940.0	19.0	9.51091830398	6.19513108096
950.0	16.0	11.8060403244	4.9956269276
950.0	19.0	9.81651364315	6.10730427467
960.0	16.0	12.1705658943	4.88536610013
960.0	19.0	10.1764089806	5.97651870442
970.0	16.0	12.5005751862	4.80804032503
970.0	19.0	10.536093853	5.84573313418
980.0	16.0	12.830374013	4.73071454992
980.0	19.0	10.8991461671	5.70635581115
990.0	16.0	13.1603833049	4.65315011501
990.0	19.0	11.2910322012	5.49251663061
1000.0	16.0	13.4874460852	4.60040629928
1000.0	19.0	11.6829182353	5.27843879026
1010.0	16.0	13.8134565401	4.55840217453
1010.0	19.0	12.0834333389	5.0820217751
1020.0	16.0	14.1394669949	4.51639804978
1020.0	19.0	12.517412395	4.95505476165
1030.0	16.0	14.4654774497	4.47415526523
1030.0	19.0	12.9516019161	4.828326408
1040.0	16.0	14.7914879045	4.43215114048
1040.0	19.0	13.3855809722	4.70159805435
1050.0	19.0	13.8576542131	4.68226661058
1060.0	19.0	14.329727454	4.6629351668
1070.0	19.0	14.80201116	4.64360372302
1080.0	19.0	15.2740844009	4.62427227925
1080.0	23.0	14.8630460418	6.60514861687
1090.0	23.0	14.4000228006	6.47149912903
1090.0	24.0	15.3130204461	2.90854697911
1100.0	23.0	13.9369995594	6.33784964119
1100.0	24.0	14.7563402312	2.9161840927
1110.0	23.0	13.4104158551	6.30921046522
1110.0	24.0	14.1996600162	2.92405986609
1120.0	23.0	12.8766763371	6.29202695965
1120.0	24.0	13.6429798013	2.93169697968
1130.0	23.0	12.3517763537	6.26338778368
1130.0	24.0	13.0987170278	2.89780728812
1140.0	23.0	11.9045379957	6.12902231644
1140.0	24.0	12.5670821608	2.82239079141
1150.0	23.0	11.4572996378	5.994895509
1150.0	24.0	12.0352368288	2.7472129545
1160.0	23.0	11.0100612798	5.86053004176
1160.0	24.0	11.5036019619	2.67179645779
1170.0	23.0	10.54956362	5.78153364806
1170.0	24.0	10.9801752343	2.68349078798
1180.0	23.0	10.0878031695	5.70850374935
1180.0	24.0	10.4601159484	2.73265470672
1190.0	23.0	9.62583225383	5.63571251043
1190.0	24.0	9.9400566625	2.78181862546
1200.0	23.0	9.15523226871	5.54120322975
1200.0	24.0	9.42294388815	2.82692532761
1210.0	23.0	8.66421716795	5.39657539112
1210.0	24.0	8.91256599731	2.86248563776
1220.0	23.0	8.17299160209	5.25194755249
1220.0	24.0	8.40197764136	2.89804594792
1230.0	23.0	7.68197650133	5.10731971387
1230.0	24.0	7.89159975052	2.93336759828
1240.0	23.0	7.22989744586	4.92164238969
1240.0	24.0	7.38101139457	2.96892790844
1250.0	23.0	6.77781839038	4.73596506551
1250.0	24.0	6.89041722403	2.99016863061
1260.0	23.0	6.32805445111	4.59611042288
1260.0	24.0	6.4130823554	3.0018629608
1270.0	23.0	5.88376260469	4.56293671072
1270.0	24.0	5.93553702166	3.01355729098
1280.0	23.0	5.43926029316	4.53000165836
1280.0	24.0	5.45820215303	3.02525162117
1290.0	23.0	4.99496844674	4.4968279462
1290.0	24.0	4.97560565666	3.02835419856
1300.0	23.0	4.5218428803	4.46962072903
1300.0	24.0	4.48774753255	3.02286502317
1310.0	23.0	4.03608940729	4.44527742946
1310.0	24.0	3.99988940843	3.01737584778
1320.0	23.0	3.55033593427	4.42069547009
1320.0	24.0	3.51182081921	3.01188667238
1330.0	23.0	3.06479292637	4.39635217052
1330.0	24.0	3.01975339291	3.00305625979
1340.0	23.0	2.61629177775	4.34766557138
1340.0	24.0	2.48980224687	2.96343873304
1350.0	23.0	2.17747202419	4.29325113705
1350.0	24.0	1.95964063572	2.92358254649
1360.0	23.0	1.73844180551	4.23859804291
1360.0	24.0	1.42968948969	2.88372635994
1370.0	23.0	1.27057786681	4.17941041258
1370.0	24.0	0.89952787854	2.84410883319
1380.0	23.0	0.735786023251	4.10996041087
1380.0	24.0	0.369576732502	2.80425264663
1390.0	23.0	0.200783714583	4.04027174935
1550.0	29.0	0.119123252048	5.75575838969
1560.0	29.0	0.612243003901	5.71494756394
1570.0	29.0	1.10515229064	5.67389807839
1580.0	29.0	1.5982720425	5.63308725264
1590.0	29.0	2.09749528253	5.60611869527
1600.0	29.0	2.60555805716	5.60039086008
1610.0	29.0	3.11383129691	5.59442436508
1620.0	29.0	3.62210453666	5.58869652989
1630.0	29.0	4.13395568326	5.5789114781
1640.0	29.0	4.65464636448	5.56005735392
1650.0	29.0	5.17512658058	5.54120322975
1660.0	29.0	5.6958172618	5.52234910557
1660.0	32.0	0.0391465103903	4.02595216137
1670.0	29.0	6.2162974779	5.51972384777
1670.0	32.0	0.540053471299	4.05053412074
1680.0	29.0	6.73656722889	5.53285013676
1680.0	32.0	1.0407499671	4.07535473991
1690.0	29.0	7.257047445	5.54621508554
1690.0	32.0	1.5414464629	4.09993669928
1700.0	29.0	7.77731719599	5.55934137453
1700.0	32.0	2.02888365679	4.13048515364
1710.0	29.0	8.28495904041	5.52592900257
1710.0	32.0	2.51295340893	4.162226907
1720.0	29.0	8.79112762906	5.48726611501
1720.0	32.0	2.99702316107	4.19396866036
1730.0	29.0	9.29750668282	5.44860322746
1730.0	32.0	3.37438710263	4.37320216995
1740.0	29.0	9.81693457337	5.40039394792
1740.0	32.0	3.72523244037	4.58918928869
1750.0	29.0	10.3889787413	5.31471507982
1750.0	32.0	4.09228359156	4.7467047565
1760.0	29.0	10.9608124442	5.22903621172
1760.0	32.0	4.46649055647	4.87916094534
1770.0	29.0	11.5328566122	5.14335734362
1770.0	32.0	4.79165915084	4.89252589413
1780.0	29.0	12.1049007801	5.06054239312
1780.0	32.0	5.11114518726	4.89252589413
1790.0	29.0	12.676734483	4.98393259742
1790.0	32.0	5.37359517896	4.89538981172
1800.0	29.0	13.2485681858	4.90732280171
1800.0	32.0	5.4072695965	4.90970939971
1810.0	29.0	13.8204018887	4.8309516658
1810.0	32.0	5.44094401404	4.92402898769
1820.0	29.0	14.3922355915	4.75434187009
1820.0	32.0	5.47461843158	4.93834857567
1830.0	29.0	14.9640692944	4.67773207438
1830.0	32.0	5.50829284912	4.95266816365
1840.0	32.0	5.54196726666	4.96698775164
1850.0	32.0	5.5756416842	4.98130733962
1860.0	32.0	5.60931610174	4.9956269276
1870.0	32.0	5.64299051928	5.00994651558
1880.0	32.0	5.67666493682	5.02426610357
1890.0	32.0	5.73159633043	5.04359754734
1900.0	32.0	5.87197655855	5.0834537339
1910.0	32.0	6.01235678667	5.12330992045
1920.0	32.0	6.07907422642	5.14359600342
1930.0	32.0	6.12727073653	5.15934755021
1940.0	32.0	6.17567771174	5.17509909699
1950.0	32.0	6.22387422185	5.19061198397
1960.0	32.0	6.27228119706	5.20636353075
1970.0	32.0	6.32047770716	5.22187641773
1980.0	32.0	6.48758700421	5.14908517882
1990.0	32.0	6.70562885778	5.03834703175
2000.0	32.0	6.92346024624	4.92737022488
2010.0	32.0	7.29156372298	4.84240733619
2020.0	32.0	7.67608347826	4.76006970528
2030.0	32.0	8.06081369866	4.67773207438
2040.0	32.0	8.51289275413	4.58942794849
2050.0	32.0	8.96497180961	4.5008851628
2060.0	32.0	9.41410435355	4.42475268669
2070.0	32.0	9.85608108376	4.37702072674
2080.0	32.0	10.298057814	4.3292887668
2080.0	37.0	14.7140367441	4.72546403433
2090.0	32.0	10.7459275673	4.29301247725
2090.0	37.0	14.0453890909	4.96412383404
2100.0	32.0	11.2072670876	4.28394340486
2100.0	37.0	13.4449321331	5.15075579742
2110.0	32.0	11.6686066079	4.27487433247
2110.0	37.0	12.8613123841	5.32426147181
2120.0	32.0	12.1779321732	4.21353876394
2120.0	37.0	12.2720100772	5.4977671462
2130.0	32.0	12.707462389	4.13000783404
2130.0	37.0	11.6789193982	5.67151148039
2140.0	32.0	13.2372030699	4.04647690414
2140.0	37.0	11.0864601146	5.81184344262
2150.0	32.0	13.7669437508	3.96294597424
2150.0	37.0	10.4952636217	5.90277282631
2160.0	32.0	14.2964739666	3.87941504434
2160.0	37.0	9.90953922161	6.01804550957
2170.0	32.0	14.8262146476	3.79588411444
2170.0	37.0	9.33707412343	6.18988056537
2180.0	37.0	8.76460902525	6.36171562116
2190.0	37.0	8.17867416005	6.46600995364
2200.0	37.0	7.5893718531	6.55359810013
2210.0	37.0	7.00006954615	6.64118624663
2220.0	37.0	6.42928816884	6.69822593876
2230.0	37.0	5.86334748906	6.7473898575
2240.0	37.0	5.29719634416	6.79679243604
2250.0	37.0	4.69526613064	6.86695841716
2260.0	37.0	4.08933708002	6.93927233647
2270.0	37.0	3.48361849452	7.01158625578
2280.0	37.0	2.93977665125	7.11444862946
2290.0	37.0	2.43739643457	7.23759708611
2300.0	37.0	1.9350162179	7.36074554276
2310.0	37.0	1.49745925499	7.48651925721
2320.0	37.0	1.12514647606	7.61515688926
2330.0	37.0	0.752833697131	7.7435558615
2340.0	37.0	0.6800127692	7.92756256708
2350.0	37.0	0.6406557937	8.11777442745
2360.0	37.0	0.601088353091	8.30798628782
2370.0	37.0	0.561731377591	8.4981981482
2380.0	37.0	0.522163936981	8.68841000857
2390.0	37.0	0.482806961481	8.87862186894
2400.0	37.0	0.443239520871	9.06859506951
2520.0	38.0	14.9712251081	4.48107639942
2530.0	38.0	14.4778948911	4.53859341115
2540.0	38.0	13.9843542091	4.59634908268
2550.0	38.0	13.490813527	4.65386609441
2560.0	38.0	12.9278193587	4.67773207438
2570.0	38.0	12.3648251905	4.70159805435
2580.0	38.0	11.8018310223	4.72546403433
2590.0	38.0	11.238836854	4.7493300143
2600.0	38.0	10.7227764052	4.76627486008
2610.0	38.0	10.2065054913	4.78345836566
2620.0	38.0	9.69044504249	4.80040321144
2630.0	38.0	9.17417412858	4.81758671702
2640.0	38.0	8.64422298254	4.8297583668
2650.0	38.0	8.11069392964	4.84097537739
2660.0	38.0	7.57716487674	4.85195372817
2670.0	38.0	7.04363582384	4.86317073876
2680.0	38.0	6.51389514291	4.81520011902
2690.0	38.0	5.98773236885	4.70851918855
2700.0	38.0	5.46156959478	4.60183825807
2710.0	38.0	4.93540682072	4.4949186678
2720.0	38.0	4.41808358126	4.35601866437
2730.0	38.0	3.90454871377	4.20327639255
2740.0	38.0	3.38785686964	4.06413772932
2750.0	38.0	2.85832665382	3.97941350042
2760.0	38.0	2.32879643801	3.89468927152
2770.0	38.0	1.79610924554	3.81187432102
2780.0	38.0	1.23732437949	3.7462428761
2790.0	38.0	0.678539513433	3.68037277138
2800.0	38.0	0.119754647377	3.61450266666
2880.0	41.0	15.0236309204	4.25530422889
2890.0	41.0	14.567763493	4.3269021688
2900.0	41.0	14.1116856004	4.39850010872
2910.0	41.0	13.6532925916	4.47272330643
2920.0	41.0	13.1732216766	4.56961918511
2930.0	41.0	12.6929402964	4.6665150638
2940.0	41.0	12.2128693814	4.76341094248
2950.0	41.0	11.7765752091	4.8321449648
2960.0	41.0	11.3451217344	4.89777640972
2970.0	41.0	10.9136682596	4.96340785464
2980.0	41.0	10.4822147849	5.02903929956
2990.0	41.0	10.0448682871	5.00660527839
3000.0	41.0	9.60689039397	4.97438620543
3010.0	41.0	9.16891250084	4.94216713247
3020.0	41.0	8.73787995632	4.92999548268
3030.0	41.0	8.3350497365	4.9982521854
3040.0	41.0	7.93221951668	5.06650888812
3040.0	44.0	0.300754641655	4.86603465636
3050.0	41.0	7.52917883174	5.13452693104
3050.0	44.0	0.781667417149	4.84049805779
3060.0	41.0	7.10951140315	5.18369084978
3060.0	44.0	1.26279065775	4.81496145922
3070.0	41.0	6.68247769572	5.22450167553
3070.0	44.0	1.75633133983	4.78178774706
3080.0	41.0	6.2556544534	5.26555116108
3080.0	44.0	2.27933713724	4.73119186952
3090.0	41.0	5.82988353663	5.31304446122
3090.0	44.0	2.80234293466	4.68059599198
3100.0	41.0	5.40895331738	5.38631301973
3100.0	44.0	3.32534873208	4.63000011444
3110.0	41.0	4.98802309813	5.45982023804
3110.0	44.0	3.86392894762	4.57391506151
3120.0	41.0	4.56709287887	5.53332745636
3120.0	44.0	4.40250916315	4.51759134878
3130.0	41.0	4.15942196153	5.60922127267
3130.0	44.0	4.94087891357	4.46150629584
3140.0	41.0	3.78289988041	5.69084292417
3140.0	44.0	5.45672889726	4.42355938769
3150.0	41.0	3.40616733418	5.77246457567
3150.0	44.0	5.95721492795	4.39778412932
3160.0	41.0	3.02964525306	5.85408622717
3160.0	44.0	6.45791142375	4.37200887095
3170.0	41.0	2.66680340407	5.94525427066
3170.0	44.0	6.95839745444	4.34623361258
3180.0	41.0	2.31785225231	6.04573004634
3180.0	44.0	7.49487301887	4.31449185922
3190.0	41.0	1.96890110055	6.14620582202
3190.0	44.0	8.03513695528	4.28227278626
3200.0	41.0	1.61994994879	6.2466815977
3200.0	44.0	8.5756113568	4.2500537133
3210.0	41.0	1.27962786652	6.39369603432
3210.0	44.0	9.10829854926	4.20423103175
3220.0	41.0	0.942883691122	6.56075789412
3220.0	44.0	9.61088923105	4.10423257567
3230.0	41.0	0.606139515722	6.72781975392
3230.0	44.0	10.1132694477	4.00399545979
3240.0	41.0	0.269395340321	6.89488161372
3240.0	44.0	10.6194380364	3.90280370471
3250.0	44.0	11.1594915077	3.79158823805
3260.0	44.0	11.6997554441	3.68013411158
3270.0	44.0	12.2385461247	3.5815676143
3280.0	44.0	12.7647088988	3.59922843948
3290.0	44.0	13.2908716729	3.61712792446
3300.0	44.0	13.8170344469	3.63478874964
3310.0	44.0	14.343197221	3.65244957481
3320.0	44.0	14.869359995	3.67011039999
3580.0	55.0	15.0432041756	4.67343619799
3590.0	55.0	14.9503890622	4.50494237939
3600.0	55.0	14.8575739489	4.33668722059
3610.0	55.0	14.7647588356	4.168193402
3620.0	55.0	14.61006698	4.00304082059
3630.0	55.0	14.2082890857	3.85101452818
3640.0	55.0	13.8065111914	3.69922689556
3650.0	55.0	13.2677205108	3.73741246351
3660.0	55.0	12.7289298302	3.77559803147
3670.0	55.0	12.2151844976	3.80614648583
3680.0	55.0	11.7262740479	3.8292964864
3690.0	55.0	11.2375740633	3.85244648697
3700.0	55.0	10.7436124511	3.86628875536
3710.0	55.0	10.2422845599	3.86628875536
3720.0	55.0	9.74074620369	3.86628875536
3730.0	55.0	9.23941831256	3.86628875536
3740.0	55.0	8.77639507138	3.90614494191
3750.0	55.0	8.31337183021	3.94576246866
3760.0	55.0	7.85034858903	3.98561865521
3760.0	62.0	0.22477673708	2.90401244291
3770.0	55.0	7.40563581239	3.9992222638
3770.0	62.0	0.668226723061	2.92954904148
3780.0	55.0	6.96092303575	4.01258721258
3780.0	62.0	1.11167670904	2.95508564005
3790.0	55.0	6.51599979401	4.02619082117
3790.0	62.0	1.55512669502	2.98062223862
3800.0	55.0	6.07128701737	4.03955576995
3800.0	62.0	2.01751854087	2.90926295851
3810.0	55.0	5.62657424073	4.05315937853
3810.0	62.0	2.48201503781	2.82692532761
3820.0	55.0	5.17659983635	4.12523463805
3820.0	62.0	2.94651153476	2.7445876967
3830.0	55.0	4.72452078087	4.22260783633
3830.0	62.0	3.40511500863	2.7445876967
3840.0	55.0	4.2724417254	4.31974237481
3840.0	62.0	3.8635080174	2.7445876967
3850.0	55.0	3.8024731356	4.26413464148
3850.0	62.0	4.33326614208	2.75842996509
3860.0	55.0	3.3322940807	4.20828824835
3860.0	62.0	4.84848473044	2.82740264721
3870.0	55.0	2.86232549091	4.15268051501
3870.0	62.0	5.3634928537	2.89661398912
3880.0	55.0	2.37131039015	4.03693051215
3880.0	62.0	5.87871144206	2.96558667124
3890.0	55.0	1.88008482428	3.92118050929
3890.0	62.0	6.3606765431	3.03360471416
3900.0	55.0	1.38906972353	3.80543050643
3900.0	62.0	6.79339280849	3.09995213848
3910.0	55.0	0.869852298082	3.71521710214
3910.0	62.0	7.22589860877	3.1662995628
3920.0	55.0	0.338848826497	3.63550472903
3920.0	62.0	7.65861487416	3.23240832732
3930.0	62.0	8.1426846263	3.2457732761
3940.0	62.0	8.63980321524	3.2457732761
3950.0	62.0	9.13692180417	3.2457732761
3960.0	62.0	9.633829928	3.2457732761
3970.0	62.0	10.1303171216	3.2483985339
3980.0	62.0	10.6215426875	3.27488977167
3990.0	62.0	11.1125577882	3.30138100944
4000.0	62.0	11.603572889	3.3278722472
4010.0	62.0	12.1030065941	3.34123719599
4020.0	62.0	12.6108589037	3.34123719599
4030.0	62.0	13.1187112132	3.34123719599
4040.0	62.0	13.6263530576	3.34123719599
4050.0	62.0	14.1342053671	3.34123719599
4060.0	62.0	14.6420576766	3.34123719599
4070.0	62.0	15.1499099862	3.34123719599
4750.0	73.0	14.7205611625	4.65171815621
4760.0	73.0	14.1074762982	4.59992897968
4770.0	73.0	13.5091239915	4.54098000915
4780.0	73.0	12.9688600551	4.45339186265
4790.0	73.0	12.4285961187	4.36580371616
4800.0	73.0	11.882018229	4.32117433361
4810.0	73.0	11.3089217355	4.44694804806
4820.0	73.0	10.7360357071	4.57296042231
4820.0	75.0	15.2713483544	4.35315474677
4830.0	73.0	10.1631496787	4.69897279656
4830.0	75.0	14.5557669817	4.44861866666
4840.0	73.0	9.59931365002	4.70995114734
4840.0	75.0	13.840185609	4.54408258654
4850.0	73.0	9.04158110951	4.64431970242
4850.0	75.0	13.1302867942	4.64360372302
4860.0	73.0	8.48384856901	4.5786882575
4860.0	75.0	12.4706891406	4.77868516966
4870.0	73.0	7.9261160285	4.51305681258
4870.0	75.0	11.8113019522	4.9140052761
4880.0	73.0	7.38732534786	4.4111490781
4880.0	75.0	11.1552822055	5.04693878454
4890.0	73.0	6.86116257379	4.28537536365
4890.0	75.0	10.530411295	5.15887023061
4900.0	73.0	6.33499979973	4.15936298941
4900.0	75.0	9.90575084964	5.27056301687
4910.0	73.0	5.80883702566	4.03335061516
4910.0	75.0	9.28087993916	5.38249446294
4920.0	73.0	5.25489285713	3.98299339742
4920.0	75.0	8.68252763249	5.498005806
4930.0	73.0	4.70115915371	3.93287483948
4930.0	75.0	8.08733230247	5.61399446866
4940.0	73.0	4.14721498517	3.88251762174
4940.0	75.0	7.49192650734	5.72998313132
4950.0	73.0	3.59811151416	3.8281031874
4950.0	75.0	6.89483699133	5.83738004119
4960.0	73.0	3.06710804257	3.75698256709
4960.0	75.0	6.29522189401	5.93212798168
4970.0	73.0	2.5363150361	3.68562328697
4970.0	75.0	5.69560679669	6.02687592216
4980.0	73.0	2.00531156451	3.61450266666
4980.0	75.0	5.09578123425	6.12186252245
4990.0	73.0	1.47451855804	3.54314338655
4990.0	75.0	4.49616613693	6.21661046294
5000.0	73.0	0.943725551561	3.47202276623
5000.0	75.0	3.89655103961	6.31135840342
5010.0	73.0	0.412722079976	3.40066348612
5010.0	75.0	3.29672547717	6.40610634391
5020.0	73.0	-0.1180709265	3.3295428658
5020.0	75.0	2.70300340292	6.51278727438
5030.0	75.0	2.16168714096	6.72400119713
5040.0	75.0	1.62058134412	6.93545377967
5040.0	78.0	15.1440169631	7.37029193475
5050.0	75.0	1.07947554727	7.14690636222
5050.0	78.0	14.9047181335	7.02304192617
5060.0	75.0	0.694534861764	7.4163532761
5060.0	78.0	14.6656297689	6.67603057738
5060.0	79.0	0.182683715155	3.93024958168
5070.0	75.0	0.413984870633	7.72470173733
5070.0	78.0	14.4324344275	6.34453211558
5070.0	79.0	0.671173234596	4.00685937739
5080.0	75.0	0.133224414393	8.03281153876
5080.0	78.0	14.2084995508	6.03666097395
5080.0	79.0	1.15987321915	4.0837078329
5090.0	78.0	13.9843542091	5.72855117252
5090.0	79.0	1.64268018063	4.15029391702
5100.0	78.0	13.7418984028	5.46196817624
5100.0	79.0	2.07413365536	4.12642793705
5100.0	82.0	15.0693018492	6.10969087266
5110.0	78.0	13.456297249	5.29132641945
5110.0	79.0	2.50558713009	4.10256195707
5110.0	82.0	14.8167437176	6.12568107925
5120.0	78.0	13.1706960953	5.12092332245
5120.0	79.0	2.93704060482	4.0786959771
5120.0	82.0	14.5641855861	6.14143262603
5120.0	85.0	0.341163942703	2.90735368011
5130.0	78.0	12.8728879651	5.02235682517
5130.0	79.0	3.37186152131	4.05005680114
5130.0	82.0	14.3116274545	6.15742283261
5130.0	85.0	0.686958117818	2.89876192732
5140.0	78.0	12.5630833238	4.9958655874
5140.0	79.0	3.83677894847	3.97774288182
5140.0	82.0	14.0771693224	6.02783056136
5140.0	85.0	1.03275229293	2.89040883433
5150.0	78.0	12.2530682173	4.96937434963
5150.0	79.0	4.30190684075	3.90566762231
5150.0	82.0	13.8425007252	5.89823829012
5150.0	85.0	1.16366159112	2.89303409213
5160.0	78.0	11.9432635759	4.94288311187
5160.0	79.0	4.76682426791	3.8335923628
5160.0	82.0	13.6080425931	5.76864601887
5160.0	85.0	1.2025976364	2.90019388612
5170.0	78.0	11.6071507958	4.94622434906
5170.0	79.0	5.23174169507	3.76127844348
5170.0	82.0	13.2889774869	5.62974601544
5170.0	85.0	1.24132321657	2.90759233991
5180.0	78.0	11.2680915042	4.95290682345
5180.0	79.0	5.69244982004	3.69158978197
5180.0	82.0	12.8850949415	5.48153827982
5180.0	85.0	1.28025926185	2.9149907937
5190.0	78.0	10.9290322126	4.95958929785
5190.0	79.0	6.15231608457	3.62261709985
5190.0	82.0	12.4812123961	5.3330918844
5190.0	85.0	1.31919530713	2.92238924749
5200.0	78.0	10.620700827	4.96197589584
5200.0	79.0	6.611971884	3.55340575793
5200.0	82.0	12.0773298508	5.18464548897
5200.0	85.0	1.3579208873	2.92954904148
5210.0	78.0	10.3839275787	4.95433878225
5210.0	79.0	7.07162768342	3.48443307582
5210.0	82.0	11.7704717209	4.9941949688
5210.0	85.0	1.39875111857	2.93909543347
5220.0	78.0	10.1471543304	4.94694032846
5220.0	79.0	7.54517418008	3.47846658082
5220.0	82.0	11.4880275438	4.79324341744
5220.0	85.0	1.44736855889	2.95747223805
5230.0	78.0	9.91038108205	4.94503105006
5230.0	79.0	8.01872067673	3.47250008583
5230.0	82.0	11.2055833667	4.59229186609
5230.0	85.0	1.49598599922	2.97584904263
5240.0	78.0	9.67402876394	4.9937176492
5240.0	79.0	8.49226717339	3.46653359084
5240.0	82.0	10.9231391896	4.39134031473
5240.0	85.0	1.54439297443	2.9942258472
5250.0	78.0	9.43788691094	5.04264290815
5250.0	79.0	8.96581367005	3.46056709585
5250.0	82.0	10.6600578025	4.28895526065
5250.0	85.0	1.59301041476	3.01260265178
5260.0	78.0	9.20153459283	5.09132950729
5260.0	79.0	9.41915551618	3.47894390042
5260.0	82.0	10.3969764155	4.18680886637
5260.0	85.0	1.64162785508	3.03097945636
5270.0	78.0	8.96539273983	5.14001610643
5270.0	79.0	9.87249736231	3.497320705
5270.0	82.0	10.123371773	4.09062896709
5270.0	85.0	1.6902452954	3.04935626094
5280.0	78.0	8.73114507282	5.19824909756
5280.0	79.0	10.3258392084	3.51569750958
5280.0	82.0	9.80767410855	4.01903102717
5280.0	85.0	1.96363947281	3.0775181173
5290.0	78.0	8.50447414975	5.29466765664
5290.0	79.0	10.7804438452	3.54600730414
5290.0	82.0	9.49197644411	3.94743308726
5290.0	85.0	2.33321620531	3.10973719027
5290.0	86.0	0.414195335743	3.61235472846
5300.0	78.0	8.27780322668	5.39084755593
5300.0	79.0	11.2480973188	3.68395266838
5300.0	82.0	9.1680706404	3.89277999313
5300.0	85.0	2.70300340292	3.14195626323
5300.0	86.0	0.947934853753	3.62929957424
5310.0	78.0	8.05113230361	5.48726611501
5310.0	79.0	11.7159612575	3.82165937281
5310.0	82.0	8.81154274469	3.90614494191
5310.0	85.0	3.07279060053	3.17417533619
5310.0	86.0	1.48146390665	3.64648307982
5320.0	78.0	7.82446138055	5.5836846741
5320.0	79.0	12.1836147311	3.95960473705
5320.0	82.0	8.45480438388	3.91927123089
5320.0	85.0	3.63031267593	3.11618100486
5320.0	86.0	1.95732551952	3.61569596566
5320.0	89.0	14.9202925516	6.82376099341
5330.0	78.0	7.59779045748	5.68010323318
5330.0	79.0	12.6512682047	4.09755010128
5330.0	82.0	8.09827648817	3.93263617968
5330.0	85.0	4.18762428622	3.05818667353
5330.0	86.0	2.40835224944	3.56462276852
5330.0	89.0	14.3852902429	6.69440738196
5340.0	78.0	7.35533465119	5.75957694648
5340.0	79.0	13.0477844712	4.2438485585
5340.0	82.0	7.7337509183	3.92380576709
5340.0	85.0	4.74514636162	2.9999536824
5340.0	86.0	2.85937897937	3.51331091158
5340.0	89.0	13.8502879342	6.56505377052
5350.0	78.0	7.11308931001	5.83928931959
5350.0	79.0	13.3971565532	4.39563619112
5350.0	82.0	7.3641741858	3.90065576652
5350.0	85.0	5.28498936781	2.97250780543
5350.0	86.0	3.32913710406	3.46915884863
5350.0	89.0	13.2765600454	6.40037850872
5360.0	78.0	6.87063350373	5.91876303289
5360.0	79.0	13.7463181701	4.54766248354
5360.0	82.0	6.99459745329	3.87726710614
5360.0	85.0	5.7833707474	3.01642120858
5360.0	86.0	3.80121034495	3.42596142489
5360.0	89.0	12.6929402964	6.22687283432
5370.0	78.0	6.63596490649	6.00515788039
5370.0	79.0	14.095479787	4.69945011616
5370.0	82.0	6.62502072079	3.85411710557
5370.0	85.0	6.28175212699	3.06057327153
5370.0	86.0	4.27307312073	3.38252534134
5370.0	89.0	12.1156345007	6.09322334648
5370.0	92.0	15.1478053351	3.09398564349
5380.0	78.0	6.4044532859	6.09465530528
5380.0	79.0	14.4442204736	4.8280877482
5380.0	82.0	6.28511956875	3.88013102374
5380.0	85.0	6.7803439717	3.10448667467
5380.0	86.0	4.69189868888	3.30376760743
5380.0	89.0	11.542117077	5.98630375621
5380.0	92.0	14.6757320942	3.20233719256
5390.0	78.0	6.17294166532	6.18415273017
5390.0	79.0	14.7914879045	4.86388671816
5390.0	82.0	5.97489399716	3.95554752045
5390.0	85.0	7.29009046721	3.12310213905
5390.0	86.0	5.07515565351	3.20138255336
5390.0	89.0	10.9688101184	5.87914550614
5390.0	92.0	14.2038693184	3.31092740142
5400.0	78.0	5.94143004473	6.27365015507
5400.0	79.0	15.1387553354	4.89968568812
5400.0	82.0	5.66487889068	4.03072535736
5400.0	85.0	7.81120207864	3.11618100486
5400.0	86.0	5.45862308325	3.09923615908
5400.0	89.0	10.3929775784	5.93881045607
5400.0	92.0	13.7317960775	3.41927895049
5410.0	78.0	5.73433237686	6.34787335278
5410.0	82.0	5.35465331909	4.10614185407
5410.0	85.0	8.33231369007	3.10949853047
5410.0	86.0	5.86755679125	3.12906863404
5410.0	89.0	9.81588224783	6.06959602631
5410.0	92.0	13.2683519061	3.50495781859
5420.0	78.0	5.53754749936	6.4151754163
5420.0	82.0	4.96697658716	4.13931556623
5420.0	85.0	8.85363576662	3.10257739627
5420.0	86.0	6.28301491765	3.19183616137
5420.0	89.0	9.23878691723	6.20062025636
5420.0	92.0	12.8173251762	3.55603101573
5420.0	95.0	14.7681262773	4.15721505121
5430.0	78.0	5.34076262186	6.48271613962
5430.0	82.0	4.54604636791	4.15411247381
5430.0	85.0	9.37474737805	3.09565626208
5430.0	86.0	6.69826257894	3.25460368869
5430.0	89.0	8.67958112096	6.3292578884
5430.0	92.0	12.3662984463	3.60710421287
5430.0	95.0	14.3339367562	4.26150938368
5430.0	96.0	0.316329059767	2.62979233304
5440.0	78.0	5.14397774436	6.55025686294
5440.0	82.0	4.12511614866	4.16914804119
5440.0	85.0	9.89585898948	3.08897378769
5440.0	86.0	7.11372070534	3.31737121602
5440.0	89.0	8.13237183593	6.45646356165
5440.0	92.0	11.9152717163	3.65841606981
5440.0	95.0	13.8999577001	4.36604237596
5440.0	96.0	0.845859275585	2.65294233361
5450.0	78.0	4.94403589021	6.61254707066
5450.0	82.0	3.69555685991	4.13788360743
5450.0	85.0	10.4169706009	3.0820526535
5450.0	86.0	7.52265441335	3.27656039027
5450.0	89.0	7.5851625509	6.58390789469
5450.0	92.0	11.4682438235	3.72309287553
5450.0	95.0	13.4767123647	4.46484753304
5450.0	96.0	1.3753894914	2.67609233419
5460.0	78.0	4.71441845561	6.62877593704
5460.0	82.0	3.25757896678	4.06055783232
5460.0	85.0	10.9380822123	3.07537017911
5460.0	86.0	7.93158812135	3.23551090472
5460.0	89.0	7.07688931116	6.73617284691
5460.0	92.0	11.0374217441	3.84242277539
5460.0	95.0	13.0791437726	4.55100372074
5460.0	96.0	1.90428831189	2.69685573676
5470.0	78.0	4.48480102101	6.64500480342
5470.0	82.0	2.81960107365	3.98299339742
5470.0	85.0	11.4594042889	3.06844904492
5470.0	86.0	8.34052182935	3.19470007896
5470.0	89.0	6.5945032799	6.90514398511
5470.0	92.0	10.6063891996	3.96175267524
5470.0	95.0	12.6817856456	4.63739856823
5470.0	96.0	2.42539992332	2.69685573676
5480.0	78.0	4.25518358641	6.6612336698
5480.0	82.0	2.38162318052	3.90566762231
5480.0	85.0	11.9805159003	3.06176657052
5480.0	86.0	8.78376135022	3.161287707
5480.0	89.0	6.11043352776	7.07435378311
5480.0	92.0	10.1755671202	4.0810825751
5480.0	95.0	12.2842170535	4.72355475593
5480.0	96.0	2.94651153476	2.69685573676
5490.0	78.0	4.02556615181	6.67770119598
5490.0	82.0	1.96384993792	3.8302511256
5490.0	85.0	12.5016275118	3.05484543633
5490.0	86.0	9.26151714907	3.13551244864
5490.0	89.0	5.619418427	7.2433249213
5490.0	92.0	9.74453457566	4.20041247496
5490.0	95.0	11.8818077639	4.81973465521
5490.0	96.0	3.46762314619	2.69685573676
5500.0	78.0	3.76669406697	6.70013521716
5500.0	82.0	1.55133832305	3.75531194849
5500.0	85.0	13.0092693562	3.06892636452
5500.0	86.0	9.73948341303	3.10973719027
5500.0	89.0	5.12840332625	7.4122960595
5500.0	92.0	9.39642528434	4.24170062031
5500.0	95.0	11.4775042883	4.92021043089
5500.0	96.0	3.98873475762	2.69685573676
5510.0	78.0	3.49540454066	6.72519449613
5510.0	82.0	1.13861624307	3.68061143118
5510.0	85.0	13.5169112006	3.0830072927
5510.0	86.0	10.2172392119	3.0839619319
5510.0	89.0	4.69989636305	7.46098265864
5510.0	92.0	9.04831599302	4.28298876566
5510.0	95.0	11.0732008127	5.02068620657
5510.0	96.0	4.48438009079	2.76511243948
5520.0	78.0	3.22390454924	6.7502537751
5520.0	82.0	0.725894163098	3.60567225407
5520.0	85.0	14.0243425799	3.09684956108
5520.0	86.0	10.7042554756	3.08825780829
5520.0	89.0	4.28696381796	7.47912080342
5520.0	92.0	8.7002067017	4.32427691101
5520.0	95.0	10.6688973371	5.12116198225
5520.0	96.0	4.97707891242	2.84124491559
5530.0	78.0	2.95261502294	6.77531305407
5530.0	82.0	0.313172083123	3.53073307696
5530.0	85.0	14.5319844243	3.11093048926
5530.0	86.0	11.1935868554	3.10019079828
5530.0	89.0	3.88960569099	7.4924857522
5530.0	92.0	8.35230787549	4.36556505636
5530.0	95.0	10.3146845576	5.30302074963
5530.0	96.0	5.46977773406	2.9171387319
5540.0	78.0	2.6413371258	6.78987130185
5540.0	85.0	15.0396262687	3.12501141745
5540.0	86.0	11.6829182353	3.11212378826
5540.0	89.0	3.55412430625	7.48508729841
5540.0	92.0	8.00419858417	4.40685320171
5540.0	95.0	9.96573340588	5.4939485894
5540.0	96.0	5.96247655569	2.99303254821
5550.0	78.0	2.32563946136	6.80323625063
5550.0	86.0	12.1722496152	3.12405677825
5550.0	89.0	3.21885338661	7.47745018482
5550.0	92.0	7.66913812964	4.39205629413
5550.0	95.0	9.61699271923	5.68487642917
5550.0	96.0	6.47958933004	3.04124182775
5560.0	78.0	2.00994179692	6.81636253962
5560.0	86.0	12.6630542508	3.13694440743
5560.0	89.0	2.88337200187	7.47005173103
5560.0	92.0	7.33765558198	4.36317845836
5560.0	95.0	9.20805901123	5.88129344434
5560.0	96.0	7.02153698733	3.06152791072
5570.0	78.0	1.71192320169	6.83784192159
5570.0	86.0	13.1540693516	3.15030935622
5570.0	89.0	2.61271387089	7.50418008239
5570.0	92.0	7.00596256921	4.3343006226
5570.0	95.0	8.7090462363	6.08582489269
5570.0	96.0	7.5632741795	3.0818139937
5580.0	78.0	1.45536623306	6.87865274734
5580.0	86.0	13.6450844524	3.163674305
5580.0	89.0	2.34226620502	7.53830843375
5580.0	92.0	6.6666928125	4.25530422889
5580.0	95.0	8.21003346138	6.29035634105
5580.0	96.0	8.10522183679	3.10210007668
5590.0	78.0	1.19859879932	6.91946357309
5590.0	86.0	14.1363100182	3.17680059399
5590.0	89.0	2.07202900426	7.56981152731
5590.0	92.0	6.31963584673	4.12618927725
5590.0	95.0	7.71081022135	6.4948877894
5590.0	96.0	8.64695902896	3.12238615965
5600.0	78.0	0.942041830684	6.96003573904
5600.0	86.0	14.627325119	3.19016554277
5600.0	89.0	1.80431738482	7.59152956909
5600.0	92.0	5.97257888095	3.9973129854
5600.0	95.0	7.24063116645	6.5824759359
5600.0	96.0	9.16344040799	3.12644337625
5610.0	78.0	0.676434862336	6.98127646122
5610.0	86.0	15.1183402197	3.20329183175
5610.0	89.0	1.53639530027	7.61324761086
5610.0	92.0	5.62573238029	3.86819803376
5610.0	95.0	6.77360908819	6.65717645321
5610.0	96.0	9.67360783372	3.12644337625
5620.0	78.0	0.375890685791	6.92447542889
5620.0	89.0	1.26847321571	7.63496565263
5620.0	92.0	5.2628905313	3.75507328869
5620.0	95.0	6.30679747504	6.73163831072
5620.0	96.0	10.1835647943	3.12644337625
5630.0	78.0	0.0751360441363	6.86767439655
5630.0	89.0	1.00644415423	7.88436514333
5630.0	92.0	4.89604984522	3.64600576022
5630.0	95.0	5.83788121079	6.78414346665
5630.0	96.0	10.6937322201	3.12644337625
5640.0	89.0	0.744836022965	8.1593012326
5640.0	92.0	4.52920915914	3.53693823175
5640.0	95.0	5.36854401633	6.8268635708
5640.0	96.0	11.2038996458	3.12644337625
5650.0	89.0	0.48343835681	8.43399866207
5650.0	92.0	4.17583824008	3.46724957024
5650.0	95.0	4.89899635675	6.86982233475
5650.0	96.0	11.7140670715	3.12644337625
5660.0	89.0	0.270658130978	8.95308372645
5660.0	92.0	3.85340569213	3.48968359141
5660.0	95.0	4.42944869718	6.9125424389
5660.0	96.0	12.2250763577	3.13670574763
5670.0	89.0	0.0902895320294	9.63493477423
5670.0	92.0	3.5311836093	3.51211761258
5670.0	95.0	3.99883708289	6.92996460428
5670.0	96.0	12.7360856439	3.14792275822
5680.0	92.0	3.2053836196	3.52834647896
5680.0	95.0	3.57790686363	6.94118161487
5680.0	96.0	13.2473053952	3.15937842861
5690.0	92.0	2.84822432856	3.48944493161
5690.0	95.0	3.15697664438	6.95215996565
5690.0	96.0	13.7583146813	3.17083409899
5700.0	92.0	2.49085457242	3.45054338426
5700.0	95.0	2.73604642513	6.96337697624
5700.0	96.0	14.2695344326	3.18205110958
5710.0	92.0	2.13348481627	3.4116418369
5710.0	95.0	2.36015573934	7.00299450299
5710.0	96.0	14.7807541839	3.19350677997
5710.0	98.0	14.9640692944	2.52979387696
5720.0	92.0	1.77632552524	3.37297894935
5720.0	95.0	2.02951505212	7.07125120571
5720.0	98.0	14.4856821002	2.63098563204
5730.0	92.0	1.42042902486	3.34386245379
5730.0	95.0	1.69866389979	7.13926924863
5730.0	98.0	14.0075053711	2.73217738712
5740.0	92.0	1.06495345471	3.31737121602
5740.0	95.0	1.36802321257	7.20752595135
5740.0	98.0	13.5291181769	2.833607802
5750.0	92.0	0.709477884548	3.29087997825
5750.0	95.0	1.16829182353	7.38508884233
5750.0	98.0	13.0620960987	2.86033769957
5760.0	92.0	0.35400231439	3.26438874048
5760.0	95.0	0.968770899606	7.56241307352
5760.0	98.0	12.599914718	2.85508718397
5770.0	92.0	-0.00147325576738	3.23789750271
5770.0	95.0	0.769039510572	7.73997596451
5770.0	98.0	12.1379438023	2.84983666838
5780.0	95.0	0.586355795417	7.91897081429
5780.0	98.0	11.6757624216	2.84482481258
5790.0	95.0	0.557943005617	8.11252391186
5790.0	98.0	11.2133705757	2.83718769899
5800.0	95.0	0.529530215818	8.30607700943
5800.0	98.0	10.7478217532	2.80830986323
5810.0	95.0	0.501117426018	8.49963010699
5810.0	98.0	10.2822729308	2.77919336766
5820.0	95.0	0.472704636219	8.69294454476
5820.0	98.0	9.81651364315	2.7503155319
5830.0	98.0	9.38379737776	2.77036295507
5840.0	98.0	8.95928925165	2.80282068783
5850.0	98.0	8.53499159064	2.8352784206
5860.0	98.0	8.11048346453	2.86749749356
5870.0	98.0	7.68597533841	2.89995522632
5880.0	98.0	7.2614672123	2.93217429928
5890.0	98.0	6.79107769229	2.88372635994
5900.0	98.0	6.31542654453	2.82644800801
5910.0	98.0	5.83998586189	2.76893099628
5920.0	98.0	5.36454517925	2.71141398454
5920.0	101.0	14.562080935	3.95411556165
5930.0	98.0	4.8891044966	2.65389697281
5930.0	101.0	13.8425007252	3.93860267467
5940.0	98.0	4.39766846563	2.64435058083
5940.0	101.0	13.1229205154	3.92332844749
5950.0	98.0	3.89065801654	2.68229748898
5950.0	101.0	12.4163891424	3.86628875536
5960.0	98.0	3.38364756745	2.72024439713
5960.0	101.0	11.7296414896	3.7469588555
5970.0	98.0	2.87663711836	2.75819130529
5970.0	101.0	11.0426833718	3.62762895564
5980.0	98.0	2.37257318081	2.78969439885
5980.0	101.0	10.3559357191	3.50829905579
5980.0	102.0	14.6854134892	3.53144905636
5990.0	98.0	1.8956592424	2.76320316108
5990.0	101.0	9.6447741137	3.43264389928
5990.0	102.0	13.8753332823	3.62548101745
6000.0	98.0	1.41853483888	2.73671192331
6000.0	101.0	8.91740669483	3.38586657853
6000.0	102.0	13.0654635404	3.71951297853
6010.0	98.0	0.941410435355	2.71022068555
6010.0	101.0	8.18982881086	3.33908925779
6010.0	102.0	12.2806391466	3.78538308326
6020.0	98.0	0.464496496944	2.68349078798
6020.0	101.0	7.46246139199	3.29255059685
6020.0	102.0	11.5966275404	3.73908308211
6030.0	101.0	6.73488350802	3.2457732761
6030.0	102.0	10.9126159341	3.69254442117
6040.0	101.0	6.06223701765	3.27679905007
6040.0	102.0	10.2286043278	3.64624442002
6050.0	101.0	5.3898009924	3.30806348383
6050.0	102.0	9.53722644268	3.64242586323
6060.0	101.0	4.71715450204	3.33908925779
6060.0	102.0	8.84121832515	3.6667691628
6070.0	101.0	4.04450801167	3.37035369155
6070.0	102.0	8.14499974251	3.69135112217
6080.0	101.0	3.36091733561	3.38705987753
6080.0	102.0	7.44878115987	3.71569442174
6090.0	101.0	2.660910381	3.38204802174
6090.0	102.0	6.75066839124	3.69326040057
6100.0	101.0	1.96069296127	3.37727482575
6100.0	102.0	6.05171376217	3.65054029642
6110.0	101.0	1.26068600666	3.37250162975
6110.0	102.0	5.352548668	3.60805885207
6120.0	101.0	0.560468586933	3.36748977396
6120.0	102.0	4.65359403893	3.56533874792
6130.0	101.0	-0.139538367682	3.36271657796
6130.0	102.0	3.95442894475	3.52285730357
6130.0	105.0	15.153487893	4.06270577052
6140.0	102.0	3.25021268795	3.48156915822
6140.0	105.0	14.5220925642	4.15458979341
6140.0	106.0	14.7845425559	3.21403152274
6150.0	102.0	2.49843131636	3.45316864205
6150.0	105.0	13.8906972353	4.2462351565
6150.0	106.0	14.1249449023	3.25364904949
6160.0	102.0	1.74686040989	3.42476812589
6160.0	105.0	13.2616170226	4.31592381802
6160.0	106.0	13.4655577138	3.29350523605
6170.0	102.0	0.995289503419	3.39636760972
6170.0	105.0	12.6411658794	4.29706969384
6170.0	106.0	12.8173251762	3.32405369041
6180.0	102.0	0.243508131837	3.36796709356
6180.0	105.0	12.0209252014	4.27821556966
6180.0	106.0	12.1859298473	3.34075987639
6190.0	105.0	11.4004740582	4.25936144549
6190.0	106.0	11.5545345184	3.35722740257
6200.0	105.0	10.7720252409	4.24170062031
6200.0	106.0	10.9231391896	3.37393358855
6210.0	105.0	10.1309485169	4.22547175393
6210.0	106.0	10.2927961862	3.39016245493
6220.0	105.0	9.49008225812	4.20900422775
6220.0	106.0	9.67129271751	3.40137946552
6230.0	105.0	8.84900553421	4.19277536137
6230.0	106.0	9.0499997139	3.4128351359
6240.0	105.0	8.2081392754	4.17654649499
6240.0	106.0	8.42870671028	3.42429080629
6250.0	105.0	7.63420092145	4.27964752846
6250.0	106.0	7.80720324156	3.43550781688
6260.0	105.0	7.06005210239	4.38274856194
6260.0	106.0	7.26757070048	3.48133049842
6270.0	105.0	6.48611374844	4.48561093561
6270.0	106.0	6.73698815911	3.53121039656
6280.0	105.0	5.91217539449	4.58871196909
6280.0	106.0	6.20661608286	3.5808516349
6290.0	105.0	5.35107541223	4.68727846637
6290.0	106.0	5.67603354149	3.63049287324
6300.0	105.0	4.79860449946	4.78274238626
6300.0	106.0	5.13598007019	3.68371400858
6310.0	105.0	4.2461335867	4.87820630614
6310.0	106.0	4.50984636906	3.76724493848
6320.0	105.0	3.69366267393	4.97367022603
6320.0	106.0	3.88371266792	3.85077586838
6330.0	105.0	3.12288129662	4.9970588864
6330.0	106.0	3.25736850167	3.93430679828
6340.0	105.0	2.54010340807	4.97271558683
6340.0	106.0	2.63502317251	4.00685937739
6350.0	105.0	1.95732551952	4.94813362746
6350.0	106.0	2.04677319111	3.97965216022
6360.0	105.0	1.37454763096	4.92379032789
6360.0	106.0	1.4585232097	3.95244494305
6370.0	105.0	0.811974392935	4.86364805836
6370.0	106.0	0.870062763192	3.92547638569
6380.0	105.0	0.258030224401	4.78823156165
6380.0	106.0	0.281812781789	3.89826916852
6530.0	114.0	0.315697664438	6.22902077252
6530.0	115.0	0.210465109626	6.94500017166
6540.0	114.0	0.751149976254	6.17961819398
6540.0	115.0	0.759568580639	6.92423676909
6550.0	114.0	1.18660228807	6.13021561544
6550.0	115.0	1.30846158654	6.90347336651
6560.0	114.0	1.62394878587	6.0824836555
6560.0	115.0	1.82683715155	6.86385583976
6570.0	114.0	2.07897435288	6.05026458254
6570.0	115.0	2.33195341465	6.81612387982
6580.0	114.0	2.534210385	6.01804550957
6580.0	115.0	2.83706967775	6.76839191987
6590.0	114.0	2.98923595201	5.98582643661
6590.0	115.0	3.29251617498	6.7488218163
6600.0	114.0	3.44468244924	5.96649499284
6600.0	115.0	3.72649523103	6.74142336251
6610.0	114.0	3.90054987669	5.96649499284
6610.0	115.0	4.16068475219	6.73402490871
6610.0	118.0	0.55646974985	3.83621762059
6620.0	114.0	4.35662776925	5.96649499284
6620.0	115.0	4.6112905519	6.72447851673
6620.0	118.0	0.995920898748	3.87130061115
6630.0	114.0	4.81270566181	5.96649499284
6630.0	115.0	5.07831263015	6.71278418654
6630.0	118.0	1.43558251276	3.90638360171
6640.0	114.0	5.26373239173	5.98511045721
6640.0	115.0	5.54554517352	6.70108985635
6640.0	118.0	1.87776970808	3.93311349928
6650.0	114.0	5.69497540136	6.0781877791
6650.0	115.0	6.01256725178	6.68939552617
6650.0	118.0	2.34479178634	3.88657483833
6660.0	114.0	6.12600794587	6.17150376079
6660.0	115.0	6.49011258552	6.67984913418
6660.0	118.0	2.81202432971	3.84003617739
6670.0	114.0	6.55725095549	6.26458108268
6670.0	115.0	6.98302187227	6.67364397939
6670.0	118.0	3.27904640797	3.79349751645
6680.0	114.0	6.99080908132	6.34095221859
6680.0	115.0	7.47593115901	6.66743882459
6680.0	118.0	3.74627895133	3.7469588555
6690.0	114.0	7.44457185767	6.26625170128
6690.0	115.0	7.96884044575	6.6612336698
6690.0	118.0	4.17268126344	3.6612799874
6700.0	114.0	7.89833463403	6.19178984377
6700.0	115.0	8.44764857015	6.59798882288
6700.0	118.0	4.59887311043	3.57560111931
6710.0	114.0	8.35209741038	6.11708932646
6710.0	115.0	8.91719622972	6.4970357276
6710.0	118.0	5.02527542253	3.48992225121
6720.0	114.0	8.84816367377	5.98367849842
6720.0	115.0	9.3867438893	6.39608263232
6720.0	118.0	5.4575707577	3.4116418369
6730.0	114.0	9.34907063468	5.84382385578
6730.0	115.0	9.90343573343	6.34190685779
6730.0	118.0	5.94311376561	3.39947018712
6740.0	114.0	9.84976713047	5.70396921315
6740.0	115.0	10.4199171125	6.28749242345
6740.0	118.0	6.42886723862	3.38705987753
6750.0	114.0	10.3449915334	5.70396921315
6750.0	115.0	10.9237705849	6.27007025807
6750.0	118.0	6.91462071164	3.37488822775
6760.0	114.0	10.8402159364	5.70396921315
6760.0	115.0	11.4246775458	6.26195582488
6760.0	118.0	7.4058462775	3.36152327896
6770.0	114.0	11.3354403393	5.70396921315
6770.0	115.0	11.9253740416	6.25360273189
6770.0	118.0	7.91917067988	3.34410111358
6780.0	114.0	11.8270868354	5.73404034792
6780.0	115.0	12.4742670475	6.31016510442
6780.0	118.0	8.43249508226	3.32667894821
6790.0	114.0	12.3166286804	5.78392024606
6790.0	115.0	13.0284216811	6.37388727095
6790.0	118.0	8.94581948463	3.30925678283
6800.0	114.0	12.8061705254	5.8338001442
6800.0	115.0	13.5827867799	6.43737077767
6800.0	118.0	9.45619737547	3.30472224663
6810.0	114.0	13.2955019053	5.88368004234
6810.0	115.0	13.9811972324	6.5831919153
6810.0	118.0	9.94026712761	3.4159377133
6820.0	114.0	13.7589460767	5.95456200285
6820.0	115.0	14.362349546	6.73784346551
6820.0	118.0	10.4243368798	3.52739183976
6830.0	114.0	14.1611449012	6.07389190271
6830.0	115.0	14.7432913944	6.89273367552
6830.0	118.0	10.9071438412	3.63264081144
6840.0	114.0	14.5635541908	6.19322180256
6840.0	115.0	15.1244437079	7.04762388554
6840.0	118.0	11.3792170821	3.68323668898
6850.0	114.0	14.9659634804	6.31255170242
6850.0	118.0	11.8510798579	3.73383256652
6860.0	118.0	12.3231530988	3.78466710386
6870.0	118.0	12.7752321543	3.72905937052
6880.0	118.0	13.2224705122	3.64696039942
6890.0	118.0	13.6697088702	3.56486142832
6900.0	118.0	14.1560937385	3.52595988097
6910.0	118.0	14.6685762805	3.51545884978
6920.0	118.0	15.1808483573	3.50519647839
6980.0	123.0	-0.0498802309813	4.26675989928
6990.0	123.0	0.495855798278	4.39921608812
7000.0	123.0	1.04138136243	4.53191093676
7010.0	123.0	1.58711739169	4.6643671256
7020.0	123.0	2.10254644516	4.7493300143
7030.0	123.0	2.61460805688	4.8288037276
7040.0	123.0	3.12688013371	4.90851610071
7050.0	123.0	3.65977779128	4.98393259742
7060.0	123.0	4.19478009995	5.05887177453
7070.0	123.0	4.72999287372	5.13381095164
7080.0	123.0	5.27783355408	5.20087435536
7090.0	123.0	5.84440562919	5.25600476909
7100.0	123.0	6.41118816941	5.31113518282
