230.0	4.0	15.2940785863	9.09723424548
240.0	4.0	14.6149076775	9.1623883708
250.0	4.0	13.9357367687	9.22754249612
260.0	4.0	13.2403600465	9.33828064319
270.0	4.0	12.5291984411	9.494602812
280.0	4.0	11.8180368357	9.65092498081
290.0	4.0	11.1394973223	9.85092189297
300.0	4.0	10.4828461802	10.0800353007
310.0	4.0	9.82956247995	10.3074780898
320.0	4.0	9.20595436013	10.5196466518
330.0	4.0	8.58234624031	10.7318152137
340.0	4.0	7.94716253946	10.9131966615
350.0	4.0	7.29472069962	11.0482781081
360.0	4.0	6.64227885978	11.1835982146
370.0	4.0	6.00393818229	11.3155770838
380.0	4.0	5.38643355065	11.4430214169
390.0	4.0	4.76913938411	11.5702270901
400.0	4.0	4.1413219621	11.6928982272
410.0	4.0	3.49793012198	11.8088868898
420.0	4.0	2.85453828185	11.9248755525
430.0	4.0	2.21114644173	12.0406255553
440.0	4.0	1.57301622934	12.1628193728
450.0	4.0	0.935727877395	12.2854905098
460.0	4.0	0.298229060339	12.4081616469
470.0	4.0	-0.339059291607	12.5310714438
610.0	7.0	11.2819822015	8.09844298368
610.0	8.0	0.182683715155	11.7411075067
620.0	7.0	10.8208531463	8.25762907009
620.0	8.0	0.780404626491	11.6170044109
630.0	7.0	10.3927671133	8.44545433246
630.0	8.0	1.37812553783	11.492901315
640.0	7.0	10.013929916	8.67599969898
640.0	8.0	1.96890110055	11.4096090449
650.0	7.0	9.63509271866	8.90678372531
650.0	8.0	2.55673015173	11.3437389402
660.0	7.0	9.25267761447	9.14973940141
660.0	8.0	3.14455920292	11.2778688355
670.0	7.0	8.86457995232	9.4105945625
670.0	8.0	3.74017546316	11.2339554323
680.0	7.0	8.47648229017	9.67168838339
680.0	8.0	4.33768590938	11.1955312046
680.0	10.0	15.159170451	8.38889195993
680.0	12.0	10.4302299028	6.34477077538
690.0	7.0	8.074914861	9.93421416307
690.0	8.0	4.9349858905	11.156868317
690.0	10.0	14.4715809379	8.50822185978
690.0	12.0	10.2643833964	6.00491922059
700.0	7.0	7.61883696844	10.2027064377
700.0	8.0	5.49734866342	11.1203533676
700.0	10.0	13.7839914247	8.62755175964
700.0	12.0	10.0985368901	5.664829006
710.0	7.0	7.16275907589	10.4711987124
710.0	8.0	6.04455794845	11.0845543977
710.0	10.0	13.0966123767	8.7468816595
710.0	12.0	9.93269038367	5.32497745121
720.0	7.0	6.65427537103	10.665945109
720.0	8.0	6.54946374644	11.000784808
720.0	10.0	12.4384879789	8.84640279598
720.0	12.0	9.7409566688	4.92044909069
730.0	7.0	6.13274282938	10.842314701
730.0	8.0	7.02953466149	10.9041275891
730.0	10.0	11.7837310228	8.94353733446
730.0	12.0	9.52354621056	4.45100526466
740.0	7.0	5.6128940086	10.9857492406
740.0	8.0	7.45046488074	10.8790683101
740.0	10.0	11.1224496484	9.03733063575
740.0	12.0	9.30613575231	3.98156143862
750.0	7.0	5.09493937381	11.0957714083
750.0	8.0	7.88781137855	10.8342002678
750.0	10.0	10.4348601352	9.11680434905
750.0	12.0	9.1221892465	3.55603101573
760.0	7.0	4.57677427392	11.2060322357
760.0	8.0	8.39124392077	10.7096198523
760.0	10.0	9.74727062209	9.19627806236
760.0	12.0	8.97191715823	3.17417533619
770.0	7.0	4.08849521959	11.133002337
770.0	8.0	8.89446599788	10.5850394369
770.0	10.0	9.06704738778	9.28458218825
770.0	12.0	8.82143460484	2.79231965665
780.0	7.0	3.60358360701	11.0396863553
780.0	8.0	9.3867438893	10.365711081
780.0	10.0	8.41523694327	9.4077306449
780.0	12.0	8.67116251657	2.41046397711
790.0	7.0	3.12540687794	10.9575873842
790.0	8.0	9.87775899005	10.1358816938
790.0	10.0	7.76342649876	9.53087910156
790.0	12.0	8.5208904283	2.10354747467
800.0	7.0	2.65186038128	10.8828868669
800.0	8.0	10.3795078114	9.89053941972
800.0	10.0	7.10972186826	9.6597553934
800.0	12.0	8.37040787492	1.79686963204
810.0	7.0	2.17831388462	10.8084250094
810.0	8.0	10.9231391896	9.58219095849
810.0	10.0	6.43896956388	9.83875024319
810.0	12.0	8.22013578664	1.48995312961
820.0	7.0	1.69403366738	10.7404069665
820.0	8.0	11.4667705677	9.27384249727
820.0	10.0	5.7680067944	10.017745093
820.0	12.0	8.02524509513	1.29114951645
830.0	7.0	1.19333717158	10.6821739754
830.0	8.0	12.0200833409	9.01370331558
830.0	10.0	5.09725449002	10.1967399428
830.0	12.0	7.78573580038	1.20069745236
840.0	7.0	0.692851140887	10.624179644
840.0	8.0	12.5757112303	8.76549712388
840.0	10.0	4.41618939527	10.3998394323
840.0	12.0	7.54622650562	1.11024538827
850.0	7.0	0.192365110198	10.5661853127
850.0	8.0	13.147124003	8.55595381973
850.0	10.0	3.73386150987	10.6055641797
850.0	12.0	7.33912883775	1.13291806924
860.0	8.0	13.7551577047	8.43662391987
860.0	10.0	3.05174408957	10.811288927
860.0	12.0	7.15328814595	1.23124590672
870.0	8.0	14.3629809413	8.31729402001
870.0	10.0	2.40624759835	10.9384946003
870.0	12.0	6.96765791926	1.3295737442
880.0	8.0	14.971014643	8.19796412016
880.0	10.0	1.76096157224	11.0659389333
880.0	12.0	6.80559978485	1.47539488183
890.0	10.0	1.11546508102	11.1931446066
890.0	12.0	6.73867187999	1.81166653962
900.0	10.0	0.536686029545	11.3840724463
900.0	12.0	6.67174397513	2.14793819742
910.0	10.0	-0.0420930219251	11.5750002861
910.0	12.0	6.7870788552	2.40974799771
920.0	12.0	6.90262420039	2.67155779799
930.0	12.0	7.01795908046	2.93312893848
940.0	12.0	7.16549512231	3.17966451158
950.0	12.0	7.31660907102	3.42452946609
960.0	12.0	7.46772301973	3.66915576079
960.0	14.0	8.76713460656	7.02709914276
960.0	15.0	8.97970436728	6.54906356394
970.0	12.0	7.61883696844	3.9140207153
970.0	14.0	8.32263229503	7.05382904033
970.0	15.0	8.64590670342	6.51421923318
970.0	16.0	0.471441845561	7.22661873532
980.0	12.0	7.63125440991	4.14575938082
980.0	14.0	7.87834044861	7.0803202781
980.0	15.0	8.31231950466	6.47937490242
980.0	16.0	1.20386042706	6.97841254362
990.0	12.0	7.64367185138	4.37725938654
990.0	14.0	7.43404860219	7.10681151587
990.0	15.0	7.9787323059	6.44429191186
990.0	16.0	1.93627900855	6.73020635192
1000.0	12.0	7.65587882774	4.60899805207
1000.0	14.0	6.89231141002	7.09225326808
1000.0	15.0	7.55822301687	6.40562902431
1000.0	16.0	2.6478615442	6.40061716852
1010.0	12.0	7.55990673775	4.8304743462
1010.0	14.0	6.32637073023	7.06767130871
1010.0	15.0	6.93524629238	6.35789706437
1010.0	16.0	3.35944407984	6.07102798511
1020.0	12.0	7.39153465005	5.04526816594
1020.0	14.0	5.76021958534	7.04285068954
1020.0	15.0	6.31226956789	6.31016510442
1020.0	16.0	4.05860917402	5.71017436794
1030.0	12.0	7.22316256235	5.26006198568
1030.0	14.0	5.22332309069	7.06337543232
1030.0	15.0	5.70065795932	6.23928314391
1030.0	16.0	4.75651147754	5.34597951358
1040.0	12.0	7.04468814939	5.34025167839
1040.0	14.0	4.68958357268	7.08915069069
1040.0	15.0	5.09178239717	6.1624346884
1040.0	16.0	5.48850912881	5.06579290872
1050.0	12.0	6.85947885292	5.3307052864
1050.0	14.0	4.16447312416	7.11802852645
1050.0	15.0	4.48290683502	6.08582489269
1050.0	16.0	6.2207172452	4.78560630385
1060.0	12.0	6.67426955644	5.32115889441
1060.0	14.0	3.71723476621	7.17769347638
1060.0	15.0	3.86898011025	6.05599241773
1060.0	16.0	7.02953466149	4.59992897968
1070.0	14.0	3.26999640825	7.23735842631
1070.0	15.0	3.25526385058	6.02615994276
1070.0	16.0	7.87139509999	4.45458516165
1080.0	14.0	2.92314990759	7.34189141858
1080.0	15.0	2.67943131064	6.04716200514
1080.0	16.0	8.72020088711	4.35554134477
1090.0	14.0	2.61902782418	7.46551719484
1090.0	15.0	2.12885458386	6.10229241887
1090.0	16.0	9.57974039483	4.32570886981
1100.0	14.0	2.31511620588	7.58938163089
1100.0	15.0	1.57848832219	6.15742283261
1100.0	16.0	10.4390694374	4.29587639484
1110.0	15.0	1.1786046139	6.22902077252
1110.0	16.0	11.2809298759	4.28633000285
1120.0	15.0	0.778720905614	6.30061871244
1120.0	16.0	12.1227903144	4.27678361087
1130.0	16.0	12.9646507529	4.26723721888
1160.0	19.0	12.2421240316	7.49105379341
1170.0	19.0	11.8912786938	7.51993162917
1180.0	19.0	11.5404333561	7.54880946494
1190.0	19.0	11.1897984835	7.5779259605
1200.0	19.0	10.762764776	7.63353369383
1200.0	20.0	11.9906182256	8.161210511
1210.0	19.0	10.2852194423	7.70680225235
1210.0	20.0	11.4349903362	8.27576721486
1220.0	19.0	9.80767410855	7.78030947066
1220.0	20.0	10.8793624468	8.39032391873
1230.0	19.0	9.16786017529	7.96169091844
1230.0	20.0	10.3580403702	8.4927089728
1240.0	19.0	8.52804624203	8.14307236622
1240.0	20.0	9.85124038624	8.59008217109
1250.0	19.0	7.99220207292	8.44091979627
1250.0	20.0	9.34465086737	8.68721670957
1260.0	19.0	7.56011720286	8.85547186837
1260.0	20.0	8.7658718159	8.73494866951
1270.0	19.0	7.02048466178	9.17145744319
1270.0	20.0	8.18709276443	8.78268062945
1280.0	19.0	6.40908351832	9.42133425349
1280.0	20.0	7.68387068732	8.82420743461
1290.0	19.0	5.7745312128	9.67574559998
1290.0	20.0	7.18043814509	8.86573423976
1300.0	19.0	5.11682774522	9.93421416307
1300.0	20.0	6.66648234739	8.96764197423
1310.0	19.0	4.46501730071	10.1972172624
1310.0	20.0	6.14789631727	9.09556362688
1320.0	19.0	3.86603359871	10.5000765482
1320.0	20.0	5.62909982204	9.22324661973
1330.0	19.0	3.26704989672	10.802935834
1330.0	20.0	5.05453007277	9.4079693047
1340.0	19.0	2.67648479911	11.0141497568
1340.0	20.0	4.4736463702	9.59889714447
1350.0	19.0	2.09412784077	11.1334796566
1350.0	20.0	3.91465103903	9.7475821997
1360.0	19.0	1.51177088244	11.2528095565
1360.0	20.0	3.38848826497	9.83278374819
1370.0	19.0	0.959720899892	11.3745260543
1370.0	20.0	2.86232549091	9.91798529669
1370.0	26.0	6.36741142661	0.490923208011
1380.0	19.0	0.437767428021	11.4986291502
1380.0	20.0	2.32963829844	10.02132499
1380.0	26.0	6.38993119334	1.13864590443
1390.0	19.0	-0.0841860438502	11.622732246
1390.0	20.0	1.79253133868	10.1363590134
1390.0	26.0	6.41245096007	1.78660726065
1400.0	20.0	1.25563484403	10.2516316967
1400.0	26.0	6.42760444796	2.38182480114
1410.0	20.0	0.739574395224	10.3924409785
1410.0	26.0	6.43960095921	2.95460832045
1420.0	20.0	0.232563946136	10.5444672709
1420.0	26.0	6.45159747046	3.52739183976
1430.0	20.0	-0.274656968061	10.6962549036
1430.0	26.0	6.4612788655	4.0846624721
1440.0	26.0	6.4612788655	4.5803588761
1450.0	26.0	6.4612788655	5.07605528011
1460.0	26.0	6.4612788655	5.57175168411
1470.0	26.0	6.4787474696	6.06386819112
1480.0	26.0	6.53662537475	6.54691562574
1490.0	26.0	6.5945032799	7.03020172016
1500.0	26.0	6.65238118504	7.51372647438
1510.0	26.0	6.74435443795	7.97123731043
1520.0	26.0	6.91672536273	8.36908319655
1530.0	26.0	7.08888582241	8.76669042287
1540.0	26.0	7.26104628208	9.164536309
1550.0	26.0	7.40500441706	9.50367188439
1560.0	26.0	7.54896255205	9.84280745978
1570.0	26.0	7.69313115214	10.1819430352
1580.0	26.0	7.82930207807	10.5225105694
1590.0	26.0	7.93453463288	10.8692832583
1600.0	26.0	8.0397671877	11.2158172875
1610.0	26.0	8.14499974251	11.5625899765
1620.0	26.0	8.25023229732	11.9091240057
1630.0	26.0	8.32599973679	12.1907425694
1640.0	26.0	8.40176717625	12.472361133
1650.0	26.0	8.47753461572	12.7539796967
1660.0	26.0	8.55330205518	13.0355982603
1670.0	26.0	8.62906949465	13.317216824
2040.0	33.0	0.14585232097	10.3521074724
2050.0	33.0	0.762725557283	10.2943518008
2060.0	33.0	1.3795987936	10.2368347891
2070.0	33.0	1.99647202991	10.1544971582
2080.0	33.0	2.61334526622	9.97359303003
2090.0	33.0	3.23021850253	9.79245024204
2100.0	33.0	3.82541383255	9.61870590785
2110.0	33.0	4.36967660605	9.46238373904
2120.0	33.0	4.91393937954	9.30606157023
2130.0	33.0	5.44473238601	9.12539610184
2140.0	33.0	5.95489981174	8.9084543439
2150.0	33.0	6.46506723748	8.69151258596
2150.0	36.0	14.8588367396	6.12496509985
2160.0	33.0	6.97586605854	8.48363990041
2160.0	36.0	14.2274414107	6.20181355535
2170.0	33.0	7.49087418179	8.35810484576
2170.0	36.0	13.5960460818	6.27842335106
2180.0	33.0	8.00588230505	8.23256979112
2180.0	36.0	12.9747530782	6.34357747638
2190.0	33.0	8.52110089341	8.10679607667
2190.0	36.0	12.3686135625	6.39130943633
2200.0	33.0	9.01653576147	7.996773909
2200.0	36.0	11.7624740468	6.43904139627
2210.0	33.0	9.46651016585	7.92278937109
2210.0	36.0	11.1032973234	6.48677335621
2220.0	33.0	9.91648457023	7.84856617338
2220.0	36.0	10.438227577	6.53450531615
2230.0	33.0	10.3948717644	7.76360328468
2230.0	36.0	9.75863573801	6.59106768869
2240.0	33.0	10.9157729107	7.6621728698
2240.0	36.0	9.05694506252	6.6605176904
2250.0	33.0	11.4366740571	7.56074245492
2250.0	36.0	8.35546485213	6.73020635192
2260.0	33.0	11.9575752034	7.45931204004
2260.0	36.0	7.72406952326	6.85955996336
2260.0	38.0	0.0650337188743	10.1358816938
2270.0	33.0	12.4868949541	7.39845379112
2270.0	36.0	7.09267419438	6.98867491501
2270.0	38.0	0.888583692839	9.96977447323
2280.0	33.0	13.0290530765	7.39845379112
2280.0	36.0	6.44675677294	7.12304038225
2280.0	38.0	1.7121336668	9.80366725263
2290.0	33.0	13.5712111989	7.39845379112
2290.0	36.0	5.79094749135	7.26074708668
2290.0	38.0	2.51295340893	9.70390745635
2300.0	33.0	14.1057925773	7.4108641007
2300.0	36.0	5.13534867486	7.39845379112
2300.0	38.0	3.29861966316	9.64829972302
2310.0	33.0	14.5723937254	7.53544451615
2310.0	36.0	4.50395334599	7.50871461858
2310.0	38.0	4.0844963825	9.59245332988
2320.0	33.0	15.0392053385	7.6600249316
2320.0	36.0	3.87255801711	7.61873678625
2320.0	38.0	4.89078821748	9.4962734306
2330.0	36.0	3.22495687479	7.72517905692
2330.0	38.0	5.71076028458	9.37264765435
2340.0	36.0	2.55315224487	7.8261321522
2340.0	38.0	6.53094281679	9.24926053789
2350.0	36.0	1.88113714983	7.92708524748
2350.0	38.0	7.38816720829	9.15045538081
2360.0	36.0	1.2354301935	8.04641514734
2360.0	38.0	8.26117648302	9.06191259512
2370.0	36.0	0.596247655569	8.17004092359
2370.0	38.0	9.13418575775	8.97360846923
2380.0	36.0	-0.0429348823636	8.29390535964
2380.0	38.0	9.94089852294	8.87814454934
2390.0	38.0	10.7478217532	8.78268062945
2400.0	38.0	11.5545345184	8.68721670957
2410.0	38.0	12.3486193771	8.53542907695
2420.0	38.0	13.1424937706	8.38340278453
2440.0	40.0	14.8861972038	6.56314449212
2450.0	40.0	14.1817704819	6.80180429183
2460.0	40.0	13.4771332949	7.04046409155
2470.0	40.0	12.7350333183	7.23998368411
2480.0	40.0	11.9889345047	7.43544606007
2490.0	40.0	11.2800880155	7.61229297166
2500.0	40.0	10.5872368746	7.78126410986
2510.0	40.0	9.89270201284	7.93400638167
2520.0	40.0	9.19395784888	8.04856308554
2530.0	40.0	8.49521368492	8.1631197894
2540.0	40.0	7.75921719656	8.20989711014
2550.0	40.0	7.01374977827	8.23972958511
2560.0	40.0	6.30553468438	8.29581463804
2570.0	40.0	5.65309284454	8.39127855792
2570.0	42.0	14.6942530238	8.64926980142
2580.0	40.0	5.0006510047	8.48674247781
2580.0	42.0	13.9864588602	8.57337598511
2590.0	40.0	4.30548474761	8.54736206694
2590.0	42.0	13.2668786504	8.55595381973
2600.0	40.0	3.54633709719	8.55595381973
2600.0	42.0	12.5207798367	8.67528371958
2610.0	40.0	2.78718944677	8.56454557252
2610.0	42.0	11.7734182325	8.79389764004
2620.0	40.0	2.05645458615	8.660486812
2620.0	42.0	11.0157438378	8.90511310671
2630.0	40.0	1.34445112029	8.81489970242
2630.0	42.0	10.2580694431	9.01656723317
2640.0	40.0	0.632658119534	8.96931259283
2640.0	42.0	9.50376249025	9.12539610184
2650.0	40.0	-0.0791348812192	9.12372548325
2650.0	42.0	8.77976251314	9.21131362974
2660.0	42.0	8.05576253603	9.29723115764
2670.0	42.0	7.31724046635	9.39532033532
2680.0	42.0	6.56882653652	9.50128528639
2690.0	42.0	5.8206230718	9.60748889726
2730.0	44.0	10.0490775893	6.89249501572
2740.0	44.0	9.99982875364	7.15502079541
2750.0	44.0	9.95079038309	7.41754657509
2760.0	44.0	9.90175201255	7.68007235478
2770.0	44.0	9.84071713076	7.9982058678
2780.0	44.0	9.77652527233	8.3301816492
2790.0	44.0	9.7060194606	8.58769557309
2800.0	44.0	9.62877876537	8.77074763947
2810.0	44.0	9.55153807014	8.95379970585
2820.0	44.0	9.36211947147	9.08673321429
2830.0	44.0	9.06010203916	9.16978682459
2840.0	44.0	8.78165669913	9.23016775392
2850.0	44.0	8.5974997282	9.20033527895
2860.0	44.0	8.41334275728	9.17050280399
2870.0	44.0	8.22918578636	9.14067032903
2880.0	44.0	8.06691718684	9.01799919197
2890.0	44.0	7.90443812221	8.89508939512
2900.0	44.0	7.74216952268	8.77241825807
2910.0	44.0	7.67334743184	8.65141773961
2920.0	44.0	7.69797184966	8.53208783976
2930.0	44.0	7.7228067326	8.4127579399
2940.0	44.0	7.74764161553	8.29342804004
3100.0	52.0	0.11828139161	12.9160297007
3110.0	52.0	0.441976730214	12.8518302146
3120.0	52.0	0.765672068818	12.7876307284
3130.0	52.0	1.07673950084	12.7468199027
3140.0	52.0	1.38233484002	12.7160327885
3150.0	52.0	1.68771971409	12.6852456744
3160.0	52.0	1.93985691542	12.6410936114
3170.0	52.0	2.156004583	12.5878724761
3180.0	52.0	2.3723627157	12.5348900005
3190.0	52.0	2.58872084839	12.481907525
3200.0	52.0	2.73815107623	12.3740332955
3210.0	52.0	2.88737083895	12.2663977259
3220.0	52.0	3.03680106679	12.1585234964
3230.0	52.0	3.17002548118	12.0000533894
3240.0	52.0	3.3015661747	11.836094107
3250.0	52.0	3.43310686821	11.6718961648
3260.0	52.0	3.5400231439	11.4938559542
3270.0	52.0	3.636205699	11.3098492486
3280.0	52.0	3.7323882541	11.1256038832
3290.0	52.0	3.83572662293	10.9411198581
3300.0	52.0	3.96726731644	10.7547265545
3310.0	52.0	4.09880800996	10.5680945911
3320.0	52.0	4.23034870347	10.3817012875
3330.0	52.0	4.41534753483	10.2225152011
3340.0	52.0	4.60034636619	10.0635677745
3350.0	52.0	4.78513473245	9.90438168811
3360.0	52.0	4.98360333082	9.72896673532
3370.0	52.0	5.18796495227	9.54639198854
3380.0	52.0	5.39232657372	9.36381724176
3390.0	52.0	5.60700098553	9.20844971214
3400.0	52.0	5.84608935007	9.11632702945
3410.0	52.0	6.08538817971	9.02396568697
3420.0	52.0	6.32447654425	8.93184300428
3430.0	52.0	6.56356490878	8.83972032159
3440.0	52.0	6.85505908561	8.76096258768
3450.0	52.0	7.15202535529	8.68363681257
3460.0	52.0	7.44920209009	8.60654969727
3470.0	52.0	7.77773812621	8.60631103747
3480.0	52.0	8.13763346367	8.68339815277
3490.0	52.0	8.49731833602	8.76024660828
3500.0	52.0	8.85195204574	8.8289806306
3510.0	52.0	9.19858808129	8.88506568353
3520.0	52.0	9.54522411685	8.94138939626
3520.0	55.0	0.131540693516	11.0396863553
3530.0	52.0	9.8918601524	8.9974744492
3530.0	55.0	0.815552299799	10.9375399611
3540.0	52.0	10.2856403725	8.96668733503
3540.0	55.0	1.49956390608	10.835154907
3550.0	52.0	10.6794205926	8.93590022087
3550.0	55.0	2.18126039616	10.7418389253
3560.0	52.0	11.0732008127	8.90511310671
3560.0	55.0	2.85727432828	10.669525006
3570.0	52.0	11.5090740548	8.87528063174
3570.0	55.0	3.53328826039	10.5972110867
3580.0	52.0	11.9497879943	8.84544815678
3580.0	55.0	4.20930219251	10.5248971674
3590.0	52.0	12.3905019339	8.81561568182
3590.0	55.0	4.88826263616	10.4401729385
3600.0	52.0	12.8173251762	8.7418698037
3600.0	55.0	5.56722307981	10.3554487096
3610.0	52.0	13.2382553954	8.64950846121
3610.0	55.0	6.24597305836	10.2707244807
3610.0	56.0	11.0454194183	8.44259041486
3620.0	52.0	13.6591856147	8.55714711873
3620.0	55.0	6.88220908475	10.2022291182
3620.0	56.0	11.0060624428	8.62158526465
3630.0	52.0	14.1116856004	8.47409350843
3630.0	55.0	7.51360441363	10.1354043742
3630.0	56.0	10.9664950021	8.80058011443
3640.0	52.0	14.585232097	8.39748371272
3640.0	55.0	8.12479509198	10.0876724143
3640.0	56.0	10.9271380266	8.97957496422
3650.0	52.0	15.0587785937	8.32063525721
3650.0	55.0	8.70567879455	10.0685796303
3650.0	56.0	10.9231391896	9.1626270306
3660.0	55.0	9.28656249712	10.0494868463
3660.0	56.0	10.9231391896	9.34639507638
3670.0	55.0	9.84008573543	10.0062894226
3670.0	56.0	10.906722911	9.44997342945
3680.0	55.0	10.3904519971	9.96046674104
3680.0	56.0	10.8517915174	9.36691981915
3690.0	55.0	10.9477636074	9.87884508954
3690.0	56.0	10.7968601238	9.28386620885
3700.0	55.0	11.521070566	9.71416982774
3700.0	56.0	10.6956264061	9.14234094762
3710.0	55.0	12.0945879897	9.54973322573
3710.0	56.0	10.5941822232	9.00105434619
3720.0	55.0	12.6874682036	9.36787445835
3720.0	56.0	10.4929485055	8.85952908496
3730.0	55.0	13.3096030676	9.1604790924
3740.0	55.0	13.9327902572	8.96286877824
3750.0	55.0	14.5641855861	8.85427856937
3760.0	55.0	15.195580915	8.7456883605
3840.0	59.0	3.29630454696	12.5205704126
3850.0	59.0	4.17036614723	12.3184255622
3860.0	59.0	5.04463821261	12.1165193717
3870.0	59.0	5.8993370228	11.8993389539
3880.0	59.0	6.74898467036	11.6783399794
3890.0	59.0	7.602631155	11.4592502832
3900.0	59.0	8.49310903383	11.2573440927
3910.0	59.0	9.38358691265	11.0554379021
3920.0	59.0	10.2412322344	10.7778765551
3930.0	59.0	11.0662554641	10.4246600515
3940.0	59.0	11.8912786938	10.0714435479
3950.0	59.0	12.7825984331	9.5800430203
3960.0	59.0	13.6741286375	9.08864249269
4000.0	61.0	8.1492090447	10.2461425213
4010.0	61.0	8.4859532201	10.1411322094
4020.0	61.0	8.8226973955	10.0361218975
4030.0	61.0	9.18385552362	9.93039560628
4040.0	61.0	9.64309039282	9.82204405721
4050.0	61.0	10.102325262	9.71345384834
4060.0	61.0	10.5485112944	9.57025796851
4070.0	61.0	10.9946973268	9.42706208868
4080.0	61.0	11.3642740593	9.22587187752
4090.0	61.0	11.6570310268	8.96644867523
4100.0	61.0	11.9432635759	8.70941207094
4110.0	61.0	12.2027670561	8.46287649784
4120.0	61.0	12.4622705363	8.21634092473
4130.0	61.0	12.6735775063	7.96932803203
4140.0	61.0	12.6910461104	7.72064452073
4150.0	61.0	12.7085147145	7.47196100943
4160.0	61.0	12.5371961153	7.42971822488
4170.0	61.0	12.3187333315	7.43878729727
4180.0	61.0	12.1000600826	7.44809502946
4220.0	64.0	2.29406969492	11.3401590432
4230.0	64.0	2.92546502379	11.1396848114
4240.0	64.0	3.55686035267	10.9392105797
4250.0	64.0	4.18025800738	10.7069945945
4260.0	64.0	4.79860449946	10.4532992274
4270.0	64.0	5.41674052643	10.1998425202
4280.0	64.0	6.03129864654	9.9077229253
4290.0	64.0	6.64017420869	9.55832497852
4300.0	64.0	7.24904977083	9.20892703174
4310.0	64.0	7.88591719256	8.92038733389
4320.0	64.0	8.54172647415	8.67241980199
4330.0	64.0	9.19732529064	8.42469092988
4340.0	64.0	9.80893689921	8.42469092988
4350.0	64.0	10.4207589729	8.42469092988
4360.0	64.0	11.0323705815	8.42469092988
4370.0	64.0	11.6949147466	8.4962888698
4380.0	64.0	12.3700868182	8.58578629469
4390.0	64.0	13.0526251688	8.60010588267
4400.0	64.0	13.7458972399	8.50201670499
4410.0	64.0	14.439169311	8.40368886751
4420.0	64.0	15.1324413821	8.30536103003
4560.0	71.0	14.9701727826	8.59628732588
4570.0	71.0	13.9778297907	8.64187134762
4580.0	71.0	12.9856972639	8.68721670957
4590.0	71.0	12.0291333406	8.78482856765
4600.0	71.0	11.0723589523	8.88244042574
4610.0	71.0	10.1402089818	8.98792805721
4620.0	71.0	9.21416249941	9.09532496708
4630.0	71.0	8.29421950523	9.30773218882
4640.0	71.0	7.37574976683	9.54639198854
4650.0	71.0	6.52736490993	9.85999096536
4660.0	71.0	5.72570330736	10.2237085001
4670.0	71.0	4.92130565837	10.5580708795
4680.0	71.0	4.11459289318	10.8630781036
4680.0	76.0	0.327694175687	7.05502233933
4690.0	71.0	3.36133826583	11.2296595559
4690.0	76.0	0.898896483211	7.37029193475
4700.0	71.0	2.63081387032	11.622732246
4700.0	76.0	1.47030925584	7.68580018997
4710.0	71.0	1.93627900855	11.9449229757
4710.0	76.0	1.92933365994	8.11443319026
4720.0	71.0	1.24174414679	12.2671137053
4720.0	76.0	2.34016155393	8.59175278968
4730.0	71.0	0.465548822492	12.5356059799
4730.0	76.0	2.6676452645	9.06310589412
4740.0	71.0	-0.310436036698	12.8040982546
4740.0	76.0	2.93956618614	9.53040178196
4750.0	76.0	3.24116268823	9.96667189583
4760.0	76.0	3.66209290748	10.2778842747
4770.0	76.0	4.08302312674	10.5893353133
4780.0	76.0	4.52752543826	10.7456574821
4790.0	76.0	4.97476379622	10.8847961453
4800.0	76.0	5.39316843415	10.9067528469
4810.0	76.0	5.78252888696	10.811288927
4820.0	76.0	6.00267539163	10.6606945934
4830.0	76.0	6.05339748305	10.454969846
4840.0	76.0	6.10411957447	10.2492450987
4850.0	76.0	6.02351143748	9.96643323603
4860.0	76.0	5.85513934978	9.63230951643
4870.0	76.0	5.68676726208	9.29818579684
5130.0	86.0	-0.163320925069	8.29175742144
5140.0	86.0	0.548261610575	8.36001412416
5150.0	86.0	1.25984414622	8.42803216708
5160.0	86.0	2.02046505241	8.50416464319
5170.0	86.0	2.80213246955	8.58387701629
5180.0	86.0	3.58843011912	8.65141773961
5190.0	86.0	4.37767428021	8.71108268954
5200.0	86.0	5.18123006876	8.73494866951
5210.0	86.0	5.99446725235	8.73494866951
5220.0	86.0	6.76455908847	8.71251464834
5230.0	86.0	7.47024860105	8.65642959541
5240.0	88.0	14.8422099959	8.29175742144
5250.0	88.0	14.3461437325	8.36001412416
5260.0	88.0	13.8500774691	8.42803216708
5270.0	88.0	13.3464344618	8.54736206694
5270.0	90.0	15.2418832391	7.44332183346
5280.0	88.0	12.8394240127	8.68841000857
5280.0	90.0	14.4842088444	7.5769713213
5290.0	88.0	12.3534600746	8.77385021687
5290.0	90.0	13.7265344498	7.71062080914
5300.0	88.0	11.8887531125	8.80368269183
5300.0	90.0	12.9814879617	7.84999813217
5310.0	88.0	11.4206787087	8.84377753818
5310.0	90.0	12.265906589	8.00274040399
5320.0	88.0	10.92398105	8.97742702602
5320.0	90.0	11.5503252162	8.15548267581
5330.0	88.0	10.4272833913	9.11107651386
5330.0	90.0	10.8631566333	8.332806907
5340.0	88.0	9.94573922046	9.26190950728
5340.0	90.0	10.1833543292	8.51657495277
5350.0	88.0	9.4742973749	9.42419817108
5350.0	90.0	9.50102644383	8.67934093618
5360.0	88.0	9.00348692467	9.58815745349
5360.0	90.0	8.8094380936	8.75881464948
5370.0	88.0	8.53877996262	9.76715230327
5370.0	90.0	8.11216718541	8.84091362059
5380.0	88.0	8.07407300056	9.94614715306
5380.0	90.0	7.36733116244	8.94592393246
5390.0	88.0	7.57969045805	9.96953581343
5390.0	90.0	6.63638583671	9.04639970814
5400.0	88.0	7.07268000897	9.92609972988
5400.0	90.0	5.91659516179	9.164536309
5410.0	88.0	6.57808700135	9.91989457509
5410.0	90.0	5.22395448602	9.32372239541
5410.0	92.0	0.360316267679	12.52367299
5420.0	88.0	6.0961219003	9.95068168925
5420.0	90.0	4.53110334513	9.48266982201
5420.0	92.0	1.07063601267	12.4241518535
5430.0	88.0	5.61394633415	9.98146880342
5430.0	90.0	3.84309290176	9.64901570241
5430.0	92.0	1.78095575765	12.3248693768
5440.0	88.0	5.11282890813	10.0327806604
5440.0	90.0	3.15550338862	9.81607756221
5440.0	92.0	2.56409643057	12.1444425682
5450.0	88.0	4.58308822721	10.1151182913
5450.0	90.0	2.46812434058	9.98313942201
5450.0	92.0	3.35502431254	11.955185347
5460.0	88.0	4.05334754628	10.1974559222
5460.0	90.0	1.80999994278	10.1747832412
5460.0	92.0	4.14616265962	11.7659281259
5470.0	88.0	3.5290789582	10.2683378827
5470.0	90.0	1.15524298673	10.3692909779
5470.0	92.0	4.7775579885	11.5699884303
5480.0	88.0	3.01049292808	10.3280028326
5480.0	90.0	0.505116263101	10.5683332509
5480.0	92.0	5.40895331738	11.3738100749
5490.0	88.0	2.49169643286	10.3876677825
5490.0	90.0	-0.126279065775	10.7852750089
5490.0	92.0	6.08054748219	11.148515224
5500.0	88.0	1.94890691513	10.4406502581
5500.0	92.0	6.91335792098	10.8060384114
5510.0	88.0	1.39601507215	10.4905301562
5510.0	92.0	7.74595789466	10.4635615988
5520.0	88.0	0.84291276405	10.5404100543
5520.0	92.0	8.50363228931	10.1544971582
5530.0	88.0	0.289810455954	10.5902899525
5530.0	92.0	9.25288807958	9.84901261457
5540.0	88.0	-0.263291852142	10.6404085104
5540.0	92.0	9.99709270721	9.52252600857
5550.0	92.0	10.7337205909	9.164536309
5560.0	92.0	11.4823449858	8.80559197023
5570.0	92.0	12.2783240304	8.44235175506
5580.0	92.0	13.0745135402	8.0791115399
5590.0	92.0	13.8511297947	7.81944967781
5600.0	92.0	14.6256413981	7.57124348611
5610.0	92.0	15.4001530015	7.32303729441
