0.0	2.0	12.375348446	7.92350535049
0.0	5.0	5.76674400374	7.18365997137
0.0	9.0	7.02953466149	5.17891765378
10.0	2.0	12.2187624044	7.78890122345
10.0	5.0	5.30245797191	7.23282389012
10.0	9.0	7.45572650848	5.17891765378
20.0	2.0	12.062386828	7.65429709641
20.0	5.0	4.83817194007	7.28198780886
20.0	9.0	7.88191835548	5.17891765378
30.0	2.0	11.9058007864	7.51969296937
30.0	5.0	4.37388590824	7.3311517276
30.0	9.0	8.30811020247	5.17891765378
40.0	2.0	11.7277473037	7.38938471873
40.0	5.0	3.90412778355	7.28938626265
40.0	9.0	8.73430204946	5.17891765378
50.0	2.0	11.3554345247	7.29750069584
50.0	5.0	3.4305812869	7.18700120857
50.0	9.0	9.20658575546	5.17891765378
60.0	2.0	10.9831217458	7.20561667295
60.0	5.0	2.95703479024	7.08485481429
60.0	9.0	9.67886946146	5.17891765378
70.0	2.0	10.5443019922	7.1645671874
70.0	5.0	2.46496736393	6.98795893561
70.0	9.0	10.1511531675	5.17891765378
80.0	2.0	10.0391857291	7.17411357939
80.0	5.0	1.96826970522	6.89249501572
80.0	9.0	10.6234368735	5.17891765378
90.0	2.0	9.53406946604	7.18365997137
90.0	5.0	1.4780964649	6.81540790042
90.0	9.0	11.0576263946	5.17891765378
100.0	2.0	9.06767878311	7.20943522974
100.0	5.0	1.00307671248	6.78127954906
100.0	9.0	11.4878170787	5.17891765378
110.0	2.0	8.60128810018	7.23521048811
110.0	5.0	0.52805696005	6.7471511977
110.0	9.0	11.9177972977	5.17891765378
110.0	11.0	15.063198361	5.37485734935
120.0	2.0	8.13468695214	7.26098574648
120.0	5.0	0.052826742516	6.71326150614
120.0	9.0	12.3479879817	5.17891765378
120.0	11.0	14.5801809344	5.42378260829
130.0	2.0	7.66534975767	7.28413574705
130.0	9.0	12.763235643	5.19156662317
130.0	11.0	14.0973739729	5.47294652703
140.0	2.0	7.18948814481	7.30131925263
140.0	9.0	13.1437565612	5.23357074792
140.0	11.0	13.6145670115	5.52211044577
150.0	2.0	6.71341606684	7.31826409841
150.0	9.0	13.5244879445	5.27581353247
150.0	11.0	13.0921926094	5.4951418884
160.0	2.0	6.23734398886	7.33544760399
160.0	9.0	13.9052193278	5.31781765722
160.0	11.0	12.5529809985	5.43547693847
170.0	2.0	5.76085098067	7.34952853218
170.0	9.0	14.2859507112	5.36006044176
170.0	11.0	12.0135589225	5.37581198855
170.0	13.0	-0.126279065775	4.50852227639
180.0	2.0	5.2805696005	7.33735688239
180.0	9.0	14.6666820945	5.40206456651
180.0	11.0	11.4949728924	5.38392642174
180.0	12.0	0.332324408099	4.94670166866
180.0	13.0	0.435031381596	4.51568207038
190.0	2.0	4.80028822034	7.32494657281
190.0	9.0	15.0474134778	5.44430735106
190.0	11.0	10.997012443	5.45958157824
190.0	12.0	0.912576715336	5.05529187753
190.0	13.0	0.996131363858	4.52308052417
200.0	2.0	4.32000684017	7.31277492302
200.0	9.0	15.427934396	5.48631147581
200.0	11.0	10.4990519937	5.53523673475
200.0	12.0	1.49303948768	5.1636434266
200.0	13.0	1.55744181123	4.53024031816
210.0	2.0	3.83909406468	7.29392079884
210.0	11.0	10.0013020094	5.61089189126
210.0	12.0	2.0749755158	5.2505155937
210.0	13.0	2.12380342123	4.56484598912
220.0	2.0	3.35544524276	7.2488140967
220.0	11.0	9.51407528062	5.72664189412
220.0	12.0	2.6632254972	5.2505155937
220.0	13.0	2.69774177518	4.64073980543
230.0	2.0	2.87200688595	7.20370739455
230.0	11.0	9.04305436528	5.90277282631
230.0	12.0	3.2514754786	5.2505155937
230.0	13.0	3.27168012913	4.71687228154
240.0	2.0	2.38856852914	7.1586006924
240.0	11.0	8.57203344994	6.0789037585
240.0	12.0	3.83972546001	5.2505155937
240.0	13.0	3.84582894819	4.79276609785
250.0	2.0	1.9089185443	7.10991409326
250.0	11.0	8.10080206949	6.25527335049
250.0	12.0	4.4342893947	5.25409549069
250.0	13.0	4.41976730214	4.86865991415
260.0	2.0	1.43305693144	7.05812491673
260.0	11.0	7.63988347941	6.4115955193
260.0	12.0	5.0442172824	5.26650580028
260.0	13.0	4.9918114701	4.93596197767
270.0	2.0	0.957195318577	7.00633574019
270.0	11.0	7.21895326016	6.48939861401
270.0	12.0	5.65393470498	5.27867745006
270.0	13.0	5.56385563806	5.00326404119
280.0	2.0	0.481333705714	6.95430790385
280.0	11.0	6.7980230409	6.56696304892
280.0	12.0	6.26386259267	5.29084909985
280.0	13.0	6.13589980602	5.07056610471
290.0	2.0	0.00547209285026	6.90251872731
290.0	11.0	6.37709282165	6.64476614362
290.0	12.0	6.86495094577	5.32068157481
290.0	13.0	6.71383699705	5.13357229184
300.0	11.0	5.9561626024	6.72233057853
300.0	12.0	7.45299046206	5.37676662774
300.0	13.0	7.34523232593	5.15672229241
310.0	11.0	5.49734866342	6.75693624949
310.0	12.0	8.04102997835	5.43309034048
310.0	13.0	7.97662765481	5.18011095278
320.0	11.0	5.03432542224	6.78676872445
320.0	12.0	8.62906949465	5.48917539341
320.0	13.0	8.60802298368	5.20326095335
330.0	11.0	4.57130218107	6.81660119942
330.0	12.0	9.20784854612	5.58607127209
330.0	13.0	9.23941831256	5.22664961372
340.0	11.0	4.10827893989	6.84643367438
340.0	12.0	9.78662759759	5.68296715078
340.0	13.0	9.87081364144	5.27294961487
340.0	18.0	0.0774511603422	4.77438929327
350.0	11.0	3.65472662865	6.9139743977
350.0	12.0	10.3654066491	5.78010168926
350.0	13.0	10.5022089703	5.31948827581
350.0	18.0	0.431453474732	4.78512898425
360.0	11.0	3.20222664295	6.98557233761
360.0	12.0	10.9568136071	5.80420632903
360.0	13.0	11.1336042992	5.36578827696
360.0	18.0	0.785455789122	4.79586867524
370.0	11.0	2.74972665726	7.05717027753
370.0	12.0	11.5513775418	5.81017282402
370.0	13.0	11.7490042797	5.37557332875
370.0	18.0	1.13945810351	4.80684702603
380.0	11.0	2.29722667156	7.12876821744
380.0	12.0	12.1459414765	5.81613931902
380.0	13.0	12.3402007727	5.329989307
380.0	18.0	1.49324995279	4.81758671702
390.0	11.0	1.84241156966	7.25191667409
390.0	12.0	12.7405054112	5.82210581401
390.0	13.0	12.9316077307	5.28464394505
390.0	18.0	1.90071040503	4.82092795421
400.0	11.0	1.38738600265	7.38103162574
400.0	12.0	13.3043414399	5.80969550442
400.0	13.0	13.5228042237	5.23905992331
400.0	18.0	2.33111155421	4.82092795421
410.0	11.0	0.932360435641	7.51014657738
410.0	12.0	13.8606007246	5.79251199885
410.0	13.0	14.1038983913	5.20493157195
410.0	18.0	2.76130223829	4.82092795421
420.0	11.0	0.507852309526	7.6650367874
420.0	12.0	14.4168600093	5.77556715307
420.0	13.0	14.6437413975	5.21519394334
420.0	18.0	3.19149292236	4.82092795421
430.0	11.0	0.205834877214	7.92445998969
430.0	12.0	14.9731192941	5.75862230729
430.0	13.0	15.1835844037	5.22569497453
430.0	18.0	3.61558011826	4.82498517081
440.0	11.0	-0.0961825550989	8.18388319197
440.0	18.0	4.01399057078	4.84527125378
450.0	18.0	4.41261148841	4.86555733676
450.0	19.0	15.4100448617	4.22618773333
460.0	18.0	4.81123240604	4.88584341973
460.0	19.0	14.7161413952	4.1617495874
470.0	18.0	5.20964285856	4.90612950271
470.0	19.0	14.0220274637	4.09731144148
480.0	18.0	5.63478238	4.95362280285
480.0	19.0	13.3281239973	4.03263463576
490.0	18.0	6.08644050526	5.02832332016
490.0	19.0	12.6342205308	3.96819648984
500.0	18.0	6.53809863052	5.10278517767
500.0	19.0	11.9775693888	3.90447432331
510.0	18.0	6.98954629066	5.17748569498
510.0	19.0	11.3251275489	3.84075215679
520.0	18.0	7.44120441592	5.25194755249
520.0	19.0	10.6726857091	3.77726865006
530.0	18.0	7.87497300686	5.29419033704
530.0	19.0	10.0556020077	3.69612431816
540.0	18.0	8.30074392363	5.32259085321
540.0	19.0	9.44251714335	3.61307070786
550.0	18.0	8.72672530551	5.35099136938
550.0	19.0	8.80796483783	3.62762895564
560.0	18.0	9.15270668739	5.37939188554
560.0	19.0	8.15910090485	3.70710266895
570.0	18.0	9.59636713849	5.4113722987
570.0	19.0	7.51234162297	3.79755473304
580.0	18.0	10.0574961937	5.44693260886
580.0	19.0	6.87421141059	3.93192020028
590.0	18.0	10.518835714	5.48249291902
590.0	19.0	6.23629166331	4.06604700772
600.0	18.0	10.9799647692	5.51805322917
600.0	19.0	5.59837191604	4.20041247496
610.0	18.0	11.4413042895	5.55361353933
610.0	19.0	4.94782426219	4.22929031072
620.0	18.0	11.8912786938	5.5805820967
620.0	19.0	4.29727660833	4.25816814649
630.0	18.0	12.3385170518	5.60540271587
630.0	19.0	3.64672895448	4.28728464205
640.0	18.0	12.7857554098	5.63046199484
640.0	19.0	2.9976545564	4.27773825006
650.0	18.0	13.2329937677	5.65528261401
650.0	19.0	2.34921155364	4.25196299169
660.0	18.0	13.6802321257	5.68010323318
660.0	19.0	1.70076855088	4.22618773333
670.0	18.0	14.0695925785	5.72783519312
670.0	19.0	1.05232554813	4.20041247496
680.0	18.0	14.4589530313	5.77556715307
680.0	19.0	0.452499985695	4.15268051501
680.0	23.0	15.2692437033	3.75387998969
680.0	24.0	15.2751367264	4.22690371272
690.0	18.0	14.8483134841	5.82329911301
690.0	19.0	-0.147325576738	4.10494855507
690.0	23.0	14.7430809293	3.81044236222
690.0	24.0	14.729190232	4.29778567324
700.0	18.0	15.2376739369	5.87103107295
700.0	23.0	14.2169181552	3.86700473476
700.0	24.0	14.1830332726	4.36866763375
710.0	23.0	13.6907553811	3.92332844749
710.0	24.0	13.6370867782	4.43978825407
710.0	25.0	14.8697809253	4.68465320858
710.0	26.0	15.3479576543	3.99039185121
720.0	23.0	13.1645926071	3.97989082002
720.0	24.0	13.0909298187	4.51067021458
720.0	25.0	14.3185728032	4.82092795421
720.0	26.0	14.6997251167	4.13358773104
730.0	23.0	12.6289589031	4.02857741916
730.0	24.0	12.5887600671	4.57033516451
730.0	25.0	13.721272822	4.98440991702
730.0	26.0	14.051492579	4.27678361087
740.0	23.0	12.0922728735	4.07630937911
740.0	24.0	12.0863798505	4.63000011444
740.0	25.0	13.0162147048	5.21113672674
740.0	26.0	13.3946309719	4.44360681086
750.0	23.0	11.555586844	4.12404133905
750.0	24.0	11.5842100989	4.68966506437
750.0	25.0	12.3355705403	5.44406869126
750.0	26.0	12.7030426217	4.70493929155
750.0	30.0	0.0420930219251	5.53690735335
760.0	23.0	11.0189008144	4.17177329899
760.0	24.0	11.0820403473	4.7493300143
760.0	25.0	11.7119624204	5.69155890357
760.0	26.0	12.014400783	4.95958929785
760.0	30.0	0.618977887409	5.63404189184
770.0	23.0	10.4822147849	4.20327639255
770.0	24.0	10.5786078051	4.79992589184
770.0	25.0	11.0883543006	5.93904911587
770.0	26.0	11.3505938272	5.15218775621
770.0	30.0	1.19565228778	5.73141509012
780.0	23.0	9.94552875535	4.23310886752
780.0	24.0	10.0743334024	4.84431661458
780.0	25.0	10.4742171107	6.20778005035
780.0	26.0	10.6867868715	5.34502487438
780.0	30.0	1.77632552524	5.828072309
790.0	23.0	9.40884272581	4.26294134248
790.0	24.0	9.57026946489	4.88870733733
790.0	25.0	9.86618340903	6.49059191301
790.0	26.0	10.025505497	5.5762862203
790.0	30.0	2.36562783219	5.92353622889
800.0	23.0	8.87215669626	4.29277381745
800.0	24.0	9.06620552734	4.93309806008
800.0	25.0	9.25814970732	6.77340377567
800.0	26.0	9.36696016899	5.84573313418
800.0	30.0	2.95493013914	6.01900014877
810.0	23.0	8.36956601448	4.30995732303
810.0	24.0	8.56487763621	4.96078259684
810.0	25.0	8.63601484326	6.97674192502
810.0	26.0	8.70841484098	6.11518004806
810.0	30.0	3.54423244609	6.11446406866
820.0	23.0	7.87097416978	4.32547021001
820.0	24.0	8.07070555881	4.94980424606
820.0	25.0	8.01240672344	7.17124966179
820.0	26.0	8.05534160581	6.34453211558
820.0	30.0	4.11901266048	6.16768520399
830.0	23.0	7.37217185996	4.34098309699
830.0	24.0	7.5763230163	4.93858723547
830.0	25.0	7.38585209209	7.35072183117
830.0	26.0	7.41047650991	6.51398057338
830.0	30.0	4.69042543311	6.21016664834
840.0	23.0	6.87358001526	4.35649598397
840.0	24.0	7.08194047379	4.92760888468
840.0	25.0	6.74751141459	7.47005173103
840.0	26.0	6.76540094891	6.68319037138
840.0	30.0	5.26162774064	6.25288675249
850.0	23.0	6.37961840297	4.37200887095
850.0	24.0	6.58755793128	4.9163918741
850.0	25.0	6.1091707371	7.58938163089
850.0	26.0	6.11822073681	6.84953625178
850.0	30.0	5.87555446542	6.21303056594
860.0	23.0	5.89744283682	4.38680577853
860.0	24.0	6.11022306265	4.92211970929
860.0	25.0	5.47083005961	7.70632493275
860.0	26.0	5.46577889697	7.00872233818
860.0	30.0	6.48927072508	6.17341303919
870.0	23.0	5.41505680556	4.40184134591
870.0	24.0	5.63267772891	4.92808620428
870.0	25.0	4.83248938211	7.81419916222
870.0	26.0	4.81333705714	7.16766976479
870.0	30.0	7.07920442736	6.14429654362
880.0	23.0	4.93267077429	4.4166382535
880.0	24.0	5.15534286028	4.93381403948
880.0	25.0	4.19435916973	7.92207339169
880.0	26.0	4.16510451949	7.31134296422
880.0	30.0	7.65335324642	6.12281716165
890.0	23.0	4.45049520814	4.43167382088
890.0	24.0	4.67800799165	4.93978053447
890.0	25.0	3.56275337574	8.02875432216
890.0	26.0	3.5269743071	7.41921719369
890.0	30.0	8.22729160037	6.10109911987
900.0	23.0	3.97421266506	4.43907227467
900.0	24.0	4.20046265791	4.93190476108
900.0	25.0	2.99049874267	8.12565020084
900.0	26.0	2.88884409472	7.52709142316
900.0	30.0	8.80796483783	6.06911870671
910.0	23.0	3.50403361016	4.43907227467
910.0	24.0	3.72270685906	4.92283568869
910.0	25.0	2.41845457471	8.22254607953
910.0	26.0	2.27091853286	7.64451204462
910.0	30.0	9.4042124934	6.01351097338
920.0	23.0	3.03385455525	4.43907227467
920.0	24.0	3.24516152532	4.9135279565
920.0	25.0	1.84619994164	8.31944195821
920.0	26.0	1.7338115731	7.80083421343
920.0	30.0	10.0006706141	5.95766458025
930.0	23.0	2.56367550035	4.43907227467
930.0	24.0	2.76761619158	4.90445888411
930.0	25.0	1.38738600265	8.54402082974
930.0	26.0	1.19670461333	7.95715638225
930.0	30.0	10.5626124568	5.92067231129
940.0	23.0	2.09349644545	4.43907227467
940.0	24.0	2.29007085784	4.89538981172
940.0	25.0	0.941199970245	8.78268062945
940.0	26.0	0.737680209237	8.14808422202
940.0	30.0	11.0443670927	5.92687746608
950.0	23.0	1.61174180951	4.4123423771
950.0	24.0	1.8169452914	4.89610579112
950.0	25.0	0.625923236026	9.05308218253
950.0	26.0	0.460076729641	8.41920175449
950.0	30.0	11.5263321938	5.93332128068
960.0	23.0	1.12725112715	4.37916866494
960.0	24.0	1.34550344584	4.90135630672
960.0	25.0	0.507220914198	9.37145435535
960.0	26.0	0.204572086556	8.69389918396
960.0	30.0	12.0080868297	5.93952643547
970.0	23.0	0.642549979687	4.34575629298
970.0	24.0	0.874272065384	4.90660682231
970.0	25.0	0.388518592369	9.68958786837
970.0	26.0	0.145431390751	8.99962238739
970.0	30.0	12.3675612369	5.95265272445
980.0	23.0	0.158059297329	4.31258258082
980.0	24.0	0.403040684933	4.9116186781
980.0	25.0	0.26981627054	10.0077213814
980.0	26.0	0.0860802298368	9.30558425063
980.0	30.0	12.6043344853	5.97246148783
990.0	23.0	-0.326431385029	4.27917020886
990.0	24.0	-0.0681906955187	4.9168691937
990.0	25.0	0.151113948711	10.3260935542
990.0	26.0	0.0269395340321	9.61130745406
990.0	30.0	12.8175356413	5.99036097281
1000.0	30.0	12.818798432	5.99059963261
1010.0	30.0	12.8202716877	5.99083829241
1020.0	30.0	12.8215344784	5.99107695221
1030.0	30.0	12.8230077342	5.99131561201
1040.0	30.0	12.8244809899	5.99179293161
1050.0	30.0	12.8257437806	5.99203159141
1060.0	30.0	12.8272170363	5.99227025121
1070.0	30.0	12.828479827	5.99250891101
1080.0	30.0	12.8299530828	5.9927475708
1090.0	30.0	12.8312158734	5.9929862306
1100.0	30.0	12.8326891292	5.9932248904
1110.0	30.0	12.834162385	5.9934635502
1120.0	30.0	12.8354251756	5.99370221
1130.0	30.0	12.8368984314	5.9939408698
1140.0	30.0	12.838161222	5.9944181894
1150.0	30.0	12.8396344778	5.9946568492
1160.0	30.0	12.8408972685	5.994895509
1170.0	30.0	12.8423705242	5.9951341688
1180.0	30.0	12.84384378	5.9953728286
1190.0	30.0	12.8451065707	5.9956114884
1200.0	30.0	12.8465798264	5.9958501482
1210.0	30.0	12.8478426171	5.996088808
1220.0	30.0	12.8493158729	5.9963274678
1230.0	30.0	12.8505786635	5.9965661276
1240.0	30.0	12.8520519193	5.9968047874
1250.0	30.0	12.8535251751	5.997282107
1260.0	30.0	12.8547879657	5.9975207668
1270.0	30.0	12.8562612215	5.9977594266
1280.0	30.0	12.8575240121	5.9979980864
1280.0	32.0	-0.0841860438502	4.44599340886
1290.0	30.0	12.8589972679	5.9982367462
1290.0	32.0	0.547209285026	4.53119495736
1300.0	30.0	12.8602600586	5.998475406
1300.0	32.0	1.1786046139	4.61639650586
1310.0	30.0	12.8617333143	5.9987140658
1310.0	32.0	1.80999994278	4.70159805435
1320.0	30.0	12.8632065701	5.9989527256
1320.0	32.0	2.46938713124	4.7493300143
1330.0	30.0	12.8644693608	5.9991913854
1330.0	32.0	3.1289847848	4.79706197424
1340.0	30.0	12.8659426165	5.9994300452
1340.0	32.0	3.78837197326	4.84479393418
1350.0	30.0	12.8672054072	5.9999073648
1350.0	32.0	4.43386846448	4.85266970757
1360.0	30.0	12.8686786629	6.0001460246
1360.0	32.0	5.07915449059	4.86078414076
1370.0	30.0	12.8699414536	6.0003846844
1370.0	32.0	5.72465098181	4.86865991415
1380.0	30.0	12.8714147094	6.0006233442
1380.0	32.0	6.39203584444	4.88918465693
1390.0	30.0	12.8728879651	6.00086200399
1390.0	32.0	7.05963117217	4.90947073991
1400.0	30.0	12.8741507558	6.00110066379
1400.0	32.0	7.72701603479	4.92999548268
1410.0	30.0	12.8756240116	6.00133932359
1410.0	32.0	8.39692647873	4.95362280285
1420.0	30.0	12.8768868022	6.00157798339
1420.0	32.0	9.06936250398	4.98011404062
1430.0	30.0	12.878360058	6.00181664319
1430.0	32.0	9.74158806413	5.00660527839
1440.0	30.0	12.8796228486	6.00205530299
1440.0	32.0	10.4140240894	5.03309651616
1450.0	30.0	12.8810961044	6.00229396279
1450.0	32.0	11.0746740685	5.09300012589
1460.0	30.0	12.8825693602	6.00277128239
1460.0	32.0	11.734061257	5.15672229241
1470.0	30.0	12.8838321508	6.00300994219
1470.0	32.0	12.3936589105	5.22020579913
1480.0	30.0	12.8853054066	6.00324860199
1480.0	32.0	13.0025344727	5.31734033762
1490.0	30.0	12.8865681973	6.00348726179
1490.0	32.0	13.605937942	5.41805477309
1500.0	30.0	12.888041453	6.00372592159
1500.0	32.0	14.2091309461	5.51876920857
1510.0	30.0	12.8893042437	6.00396458139
1510.0	32.0	14.8125344154	5.61972230385
1520.0	30.0	12.8907774995	6.00420324119
1520.0	32.0	15.4159378847	5.72043673933
1530.0	30.0	12.8922507552	6.00444190099
1540.0	30.0	12.8935135459	6.00468056079
1550.0	30.0	12.8949868016	6.00491922059
1560.0	30.0	12.8962495923	6.00539654019
1570.0	30.0	12.8977228481	6.00563519999
1580.0	30.0	12.8989856387	6.00587385979
1580.0	35.0	15.0042681303	4.15697639141
1590.0	30.0	12.9004588945	6.00611251959
1590.0	35.0	14.4684239612	4.17869443318
1600.0	30.0	12.9019321503	6.00635117939
1600.0	35.0	13.9327902572	4.20041247496
1610.0	30.0	12.9031949409	6.00658983919
1610.0	35.0	13.3971565532	4.22213051673
1620.0	30.0	12.9046681967	6.00682849899
1620.0	35.0	12.8613123841	4.19182072217
1630.0	30.0	12.9059309873	6.00706715879
1630.0	35.0	12.3256786801	4.15554443261
1640.0	30.0	12.9074042431	6.00730581859
1640.0	35.0	11.789834511	4.11950680285
1650.0	30.0	12.9086670338	6.00754447839
1650.0	35.0	11.2449403422	4.10065267868
1650.0	36.0	0.190681389321	6.60037542088
1660.0	30.0	12.9101402895	6.00778313819
1660.0	35.0	10.6941531503	4.09373154448
1660.0	36.0	0.487858124112	6.81803315821
1670.0	30.0	12.9116135453	6.00826045779
1670.0	35.0	10.1431554933	4.08681041029
1670.0	36.0	0.784824393794	7.03545223575
1680.0	30.0	12.912876336	6.00849911759
1680.0	35.0	9.6098369055	4.0834691731
1680.0	36.0	1.08389531457	7.25048471529
1690.0	30.0	12.9143495917	6.00873777739
1690.0	35.0	9.14681366433	4.09540216308
1690.0	36.0	1.39959297901	7.44141255507
1700.0	30.0	12.9156123824	6.00897643719
1700.0	35.0	8.68379042315	4.10733515307
1700.0	36.0	1.71529064345	7.63234039484
1710.0	30.0	12.9170856382	6.00921509698
1710.0	35.0	8.22076718197	4.11926814305
1710.0	36.0	2.03098830789	7.82326823461
1720.0	30.0	12.9183484288	6.00945375678
1720.0	35.0	7.76700440562	4.13287175164
1720.0	36.0	2.33553132151	8.01109349698
1730.0	30.0	12.9198216846	6.00969241658
1730.0	35.0	7.35070441878	4.15315783461
1730.0	36.0	2.5407348034	8.17004092359
1740.0	30.0	12.9212949403	6.00993107638
1740.0	35.0	6.93419396683	4.17344391759
1740.0	36.0	2.74572782017	8.32922701
1750.0	30.0	12.922557731	6.01016973618
1750.0	35.0	6.51768351488	4.19373000056
1750.0	36.0	2.95093130206	8.48841309641
1760.0	30.0	12.9240309868	6.01040839598
1760.0	35.0	6.10117306293	4.21401608354
1760.0	36.0	3.13782431941	8.62373320285
1770.0	30.0	12.9252937774	6.01088571558
1770.0	35.0	5.64972540279	4.21926659913
1770.0	36.0	3.25189640882	8.6647826884
1780.0	30.0	12.9267670332	6.01112437538
1780.0	35.0	5.16291960422	4.20924288755
1780.0	36.0	3.36617896335	8.70559351415
1790.0	30.0	12.9280298239	6.01136303518
1790.0	35.0	4.67632427077	4.19945783576
1790.0	36.0	3.48046151788	8.7466429997
1800.0	30.0	12.9295030796	6.01160169498
1800.0	35.0	4.18951847221	4.18943412417
1800.0	36.0	3.51981849338	8.7416311439
1810.0	30.0	12.9309763354	6.01184035478
1810.0	35.0	3.70292313875	4.17941041258
1810.0	36.0	3.52718477221	8.71681052473
1820.0	30.0	12.9322391261	6.01207901458
1820.0	35.0	3.20959292179	4.1605562884
1820.0	36.0	3.53434058594	8.69222856536
1830.0	30.0	12.9337123818	6.01231767438
1830.0	35.0	2.7135266584	4.13788360743
1830.0	36.0	3.54170686478	8.66740794619
1840.0	30.0	12.9349751725	6.01255633418
1840.0	35.0	2.21746039501	4.11521092646
1840.0	36.0	3.54886267851	8.64282598682
1850.0	30.0	12.9364484282	6.01279499398
1850.0	35.0	1.72139413163	4.09253824549
1850.0	36.0	3.55622895734	8.61800536765
1860.0	30.0	12.9377112189	6.01303365378
1860.0	35.0	1.23732437949	4.0775026781
1860.0	36.0	3.56338477107	8.59342340828
1870.0	30.0	12.9391844747	6.01327231358
1870.0	35.0	0.765251138598	4.07034288411
1870.0	36.0	3.57075104991	8.56860278911
1870.0	40.0	0.0991290666336	7.23019863232
1880.0	30.0	12.9406577304	6.01374963318
1880.0	35.0	0.293388362818	4.06294443032
1880.0	36.0	3.57790686363	8.54402082974
1880.0	40.0	0.459234869203	7.21754966293
1890.0	30.0	12.9419205211	6.01398829298
1890.0	35.0	-0.178474412962	4.05578463633
1890.0	36.0	3.69703011568	8.53041722116
1890.0	40.0	0.819130206663	7.20490069355
1900.0	30.0	12.9433937769	6.01422695278
1900.0	36.0	3.81615336773	8.51705227237
1900.0	40.0	1.17923600923	7.19249038396
1900.0	44.0	0.00378837197326	6.48390943861
1910.0	30.0	12.8326891292	6.10730427467
1910.0	36.0	3.93527661978	8.50344866379
1910.0	40.0	1.55133832305	7.18723986837
1910.0	44.0	0.341795338032	6.50920737738
1920.0	30.0	12.6942030871	6.22377025693
1920.0	36.0	4.05439987183	8.49008371501
1920.0	40.0	1.95164296156	7.19869553876
1920.0	44.0	0.679591838981	6.53426665635
1930.0	30.0	12.5555065798	6.34023623919
1930.0	36.0	4.17352312387	8.47648010642
1930.0	40.0	2.35215806517	7.21038986894
1930.0	44.0	1.01738833993	6.55932593532
1940.0	30.0	12.4170205377	6.45670222145
1940.0	36.0	4.36925567583	8.40559814591
1940.0	40.0	2.75246270368	7.22208419913
1940.0	44.0	1.35518484088	6.58438521429
1950.0	30.0	12.1996100794	6.53020943976
1950.0	36.0	4.59782078488	8.31013422602
1950.0	40.0	3.14624292379	7.19965017796
1950.0	44.0	1.71150227147	6.51732181057
1960.0	30.0	11.9487356688	6.58510119369
1960.0	36.0	4.82617542882	8.21467030614
1960.0	40.0	3.51308360987	7.04046409155
1960.0	44.0	2.06992435317	6.43999603547
1970.0	30.0	11.6989135836	6.63999294763
1970.0	36.0	5.06652658402	8.11443319026
1970.0	40.0	3.88013476106	6.88127800514
1970.0	44.0	2.42834643486	6.36243160056
1970.0	50.0	-0.186893017347	5.18655476737
1980.0	30.0	11.4600356842	6.69154346437
1980.0	36.0	5.35339052843	7.9951032904
1980.0	40.0	4.24697544713	6.72233057853
1980.0	44.0	2.78108595859	6.28009396966
1980.0	50.0	0.385572080834	5.1674619834
1980.0	52.0	15.1250751032	4.98703517481
1990.0	30.0	11.2211577848	6.7430939811
1990.0	36.0	5.64046493796	7.87577339054
1990.0	40.0	4.61023822635	6.55240480113
1990.0	44.0	3.11193711092	6.17794757538
1990.0	50.0	0.958037179015	5.14836919942
1990.0	52.0	14.5669216325	4.9972975462
2000.0	30.0	10.9822798854	6.79464449784
2000.0	36.0	5.92753934749	7.75644349069
2000.0	40.0	4.96466147096	6.35765840457
2000.0	44.0	3.44257779814	6.07556252131
2000.0	50.0	1.53134413764	5.11877538425
2000.0	52.0	14.0087681618	5.00779857739
2010.0	30.0	10.7486636137	6.87220893275
2010.0	36.0	6.21440329191	7.63711359083
2010.0	40.0	5.31929518068	6.1631506678
2010.0	44.0	3.77700685734	6.00921509698
2010.0	50.0	2.1122278402	4.9946722884
2010.0	52.0	13.4520879468	5.07486198111
2020.0	30.0	10.5228345511	6.98867491501
2020.0	36.0	6.52799630526	7.57339142431
2020.0	40.0	5.67371842528	5.96840427123
2020.0	44.0	4.11711847449	5.9970434472
2020.0	50.0	2.69311154277	4.87056919255
2020.0	52.0	12.8964600574	5.17987229298
2030.0	30.0	10.2967950233	7.10514089727
2030.0	36.0	6.84790327189	7.52375018597
2030.0	40.0	6.06139515722	5.80802488583
2030.0	44.0	4.45701962654	5.98487179741
2030.0	50.0	3.26536617584	4.76579754048
2030.0	52.0	12.3456728655	5.28058672846
2040.0	30.0	10.0709659607	7.22160687953
2040.0	36.0	7.16802070363	7.47410894763
2040.0	40.0	6.48232537647	5.68201251158
2040.0	44.0	4.79692077859	5.97270014763
2040.0	50.0	3.83214871606	4.67415217739
2040.0	52.0	11.8390833467	5.34239961659
2050.0	30.0	9.8306148055	7.36599605836
2050.0	36.0	7.48813813537	7.42422904949
2050.0	40.0	6.90325559572	5.55623879713
2050.0	44.0	5.17154867372	5.90683004291
2050.0	50.0	4.39872079117	4.5822681545
2050.0	52.0	11.3322833627	5.40421250471
2060.0	30.0	9.55637876766	7.5755393625
2060.0	36.0	7.80825556711	7.37458781115
2060.0	40.0	7.32418581497	5.43022642288
2060.0	44.0	5.58090331194	5.78750014305
2060.0	50.0	5.00759635332	4.53954805035
2060.0	52.0	10.8475822152	5.45910425865
2070.0	30.0	9.28214272981	7.78532132645
2070.0	36.0	8.16604625347	7.26313368468
2070.0	40.0	7.73880208093	5.33881971959
2070.0	44.0	5.99004748505	5.66817024319
2070.0	50.0	5.61647191547	4.497066606
2070.0	52.0	10.3955031597	5.50325632159
2080.0	30.0	9.00790669197	7.9951032904
2080.0	36.0	8.52383693983	7.15191821801
2080.0	40.0	8.15278695156	5.2512315731
2080.0	44.0	6.39940212327	5.54884034334
2080.0	50.0	6.22008584987	4.45744907925
2080.0	52.0	9.94321363915	5.54740838454
2090.0	30.0	8.71072995718	8.10751205607
2090.0	36.0	8.8816276262	7.04046409155
2090.0	40.0	8.56656135709	5.1638820864
2090.0	44.0	6.80749397084	5.39371147352
2090.0	50.0	6.80286373843	4.43000320228
2090.0	52.0	9.5376473729	5.65814653161
2100.0	30.0	8.41355322239	8.21968216193
2100.0	36.0	9.2775124974	6.97220738883
2100.0	40.0	9.00264506423	5.06555424892
2100.0	44.0	7.21579628351	5.23452538712
2100.0	50.0	7.38564162698	4.40231866551
2100.0	52.0	9.15165436185	5.79752385464
2110.0	30.0	8.11658695271	8.3320909276
2110.0	36.0	9.67339736861	6.90418934591
2110.0	40.0	9.44104388758	4.96603311244
2110.0	44.0	7.62388813108	5.07557796051
2110.0	50.0	7.99346486358	4.33883515879
2110.0	52.0	8.77786832715	5.97150684863
2120.0	30.0	7.82677649675	8.35595690757
2120.0	36.0	10.0692822398	6.83593264319
2120.0	40.0	9.87965317604	4.86675063576
2120.0	44.0	8.0397671877	4.97844342202
2120.0	50.0	8.61791484384	4.2512470123
2120.0	52.0	8.43207415204	6.22735015392
2130.0	30.0	7.54201720343	8.32087391701
2130.0	36.0	10.465167111	6.76767594047
2130.0	40.0	10.2997415349	4.81185888182
2130.0	44.0	8.46069740695	4.92283568869
2130.0	50.0	9.24215435899	4.1638975256
2130.0	52.0	8.0944881162	6.35312386837
2140.0	30.0	7.25725791011	8.28579092645
2140.0	36.0	10.8764159352	6.65598315421
2140.0	40.0	10.6773159415	4.86102280056
2140.0	44.0	8.8816276262	4.86698929556
2140.0	50.0	9.86239503705	4.11926814305
2140.0	52.0	7.67439975739	6.43307490128
2150.0	30.0	6.96471140773	8.26311824548
2150.0	36.0	11.2916635965	6.53355067696
2150.0	40.0	11.0548903482	4.9101867193
2150.0	44.0	9.30255784545	4.81472279942
2150.0	50.0	10.4796892036	4.10327793647
2150.0	52.0	7.12908465835	6.46553263404
2160.0	30.0	6.64101606912	8.29056412245
2160.0	36.0	11.7069112578	6.4108795399
2160.0	40.0	11.43267522	4.95911197825
2160.0	44.0	9.7234880647	4.76436558168
2160.0	50.0	11.0971938352	4.08752638969
2160.0	52.0	6.5749300247	6.46481665464
2170.0	30.0	6.31711026541	8.31824865921
2170.0	36.0	12.1227903144	6.29107232045
2170.0	40.0	11.7454263729	4.98464857682
2170.0	44.0	10.144418284	4.71424702374
2170.0	50.0	11.7155403273	4.07678669871
2170.0	52.0	5.98562771775	6.3311671668
2180.0	30.0	5.99825562433	8.34712649498
2180.0	36.0	12.5437205337	6.19560840056
2180.0	40.0	12.0512321772	5.00732125779
2180.0	44.0	10.5653485032	4.663889806
2180.0	50.0	12.3345182147	4.06986556451
2180.0	52.0	5.3963254108	6.19751767896
2190.0	30.0	5.68255795989	8.37695896994
2190.0	36.0	12.9646507529	6.10014448068
2190.0	40.0	12.3568275163	5.02999393876
2190.0	44.0	10.9635484906	4.62284032045
2190.0	50.0	12.9534961021	4.06294443032
2190.0	52.0	4.80491845275	6.12639705864
2200.0	30.0	5.36686029545	8.40679144491
2200.0	36.0	13.3855809722	6.00468056079
2200.0	40.0	12.6624228555	5.05266661973
2200.0	44.0	11.3560659201	4.5841774329
2200.0	50.0	13.5815239892	4.07201350271
2200.0	52.0	4.21245916915	6.0822449957
2210.0	30.0	5.11493355923	8.46168319884
2210.0	36.0	13.8065111914	5.90921664091
2210.0	40.0	13.0235809836	4.9984908452
2210.0	44.0	11.7485833495	4.54551454534
2210.0	50.0	14.245330945	4.14528206122
2210.0	52.0	3.61999988556	6.03809293275
2220.0	30.0	4.95876844789	8.55404454133
2220.0	36.0	14.2230216434	5.87103107295
2220.0	40.0	13.4087321342	4.9111413585
2220.0	44.0	12.1427844998	4.50804495679
2220.0	50.0	14.9089274357	4.21878927953
2220.0	52.0	2.98860455668	5.88248674334
2230.0	30.0	4.80260333654	8.64640588382
2230.0	36.0	14.6363751187	5.87103107295
2230.0	40.0	13.7936728197	4.82379187181
2230.0	44.0	12.5525600683	4.48298567782
2230.0	52.0	2.35720922781	5.72688055392
2240.0	30.0	4.69779171195	8.71418526694
2240.0	36.0	15.049728594	5.87103107295
2240.0	40.0	14.1786135053	4.73644238511
2240.0	44.0	12.9623356367	4.45792639885
2240.0	52.0	1.74496622391	5.56387591072
2250.0	30.0	4.71231380452	8.72468629812
2250.0	40.0	14.5993332594	4.70947382775
2250.0	44.0	13.3723216703	4.43286711988
2250.0	52.0	1.14114182439	5.39776869012
2260.0	30.0	4.72704636219	8.73494866951
2260.0	40.0	15.0436251058	4.72283877653
2260.0	44.0	13.7709425879	4.4152062947
2260.0	52.0	0.537317424874	5.2474130163
2270.0	30.0	4.74177891986	8.7452110409
2270.0	44.0	14.1432553668	4.4152062947
2270.0	52.0	-0.0658755793128	5.11996868325
2280.0	30.0	4.75630101243	8.75571207209
2280.0	44.0	14.5155681458	4.4152062947
2290.0	30.0	4.7710335701	8.76597444348
2290.0	44.0	14.8878809247	4.4152062947
2300.0	30.0	4.78555566267	8.77647547466
2300.0	44.0	15.2604041687	4.4152062947
2310.0	30.0	4.80028822034	8.78673784605
2320.0	30.0	4.8148103129	8.79723887724
2330.0	30.0	4.82954287058	8.80750124863
2340.0	30.0	4.84427542825	8.81800227981
2350.0	30.0	4.85879752081	8.8282646512
2360.0	30.0	4.84680100957	8.828503311
2370.0	30.0	4.82828007992	8.826116713
2380.0	30.0	4.80975915027	8.82396877481
2390.0	30.0	4.79123822063	8.82158217681
2400.0	30.0	4.77250682587	8.81919557881
2410.0	30.0	4.75398589622	8.81680898081
2420.0	30.0	4.73546496657	8.81442238282
2430.0	30.0	4.71694403693	8.81227444462
2440.0	30.0	4.69842310728	8.80988784662
2450.0	30.0	4.67969171252	8.80750124863
2460.0	30.0	4.58350915742	8.77933939226
2470.0	30.0	4.43576265047	8.73423269011
2480.0	30.0	4.2878056784	8.68912598797
2490.0	30.0	4.13984870633	8.64401928582
2500.0	30.0	4.03566847707	8.5798197997
2510.0	30.0	3.93632894533	8.51347237538
2520.0	30.0	3.83698941358	8.44712495106
2530.0	30.0	3.76753592741	8.40273422831
2540.0	30.0	3.76837778785	8.4094167027
2550.0	30.0	3.76900918317	8.4160991771
2560.0	30.0	3.7696405785	8.42278165149
2570.0	30.0	3.77048243894	8.42922546608
2580.0	30.0	3.77111383427	8.43590794047
2590.0	30.0	3.77195569471	8.44259041486
2600.0	30.0	3.77258709004	8.44927288926
2610.0	30.0	3.77342895048	8.45595536365
2620.0	30.0	3.7740603458	8.46239917824
2630.0	30.0	3.77490220624	8.46908165263
2640.0	30.0	3.77553360157	8.47576412702
2650.0	30.0	3.77637546201	8.48244660142
2660.0	30.0	3.77700685734	8.48889041601
2670.0	30.0	3.77784871778	8.4955728904
2680.0	30.0	3.77848011311	8.50225536479
2680.0	55.0	14.9916402237	5.75719034849
2690.0	30.0	3.77932197355	8.50893783918
2690.0	55.0	14.4265414044	5.81160478282
2700.0	30.0	3.77995336887	8.51562031358
2700.0	55.0	13.8612321199	5.86625787696
2710.0	30.0	3.78079522931	8.52206412817
2710.0	55.0	13.2959228355	5.92091097109
2720.0	30.0	3.78142662464	8.52874660256
2720.0	55.0	12.6946240173	5.95909653905
2730.0	30.0	3.78205801997	8.53542907695
2730.0	55.0	12.0693321766	5.98630375621
2740.0	30.0	3.78289988041	8.54211155134
2740.0	55.0	11.4438298708	6.01351097338
2750.0	30.0	3.78353127574	8.54855536594
2750.0	55.0	10.8244310532	6.03546767495
2760.0	30.0	3.78437313618	8.55523784033
2760.0	55.0	10.2593322338	6.00802179799
2770.0	30.0	3.78500453151	8.56192031472
2770.0	55.0	9.69402294935	5.98081458082
2780.0	30.0	3.78584639194	8.56860278911
2780.0	55.0	9.1287136649	5.95360736365
2790.0	30.0	3.78647778727	8.5752852635
2790.0	55.0	8.56487763621	5.91924035249
2800.0	30.0	3.78731964771	8.5817290781
2800.0	55.0	8.00209393307	5.88057746494
2810.0	30.0	3.78795104304	8.58841155249
2810.0	55.0	7.43931022993	5.84167591759
2820.0	30.0	3.80857662378	8.59175278968
2820.0	55.0	6.87631606169	5.80277437023
2830.0	30.0	3.84898592483	8.59175278968
2830.0	55.0	6.33100096265	5.72902849212
2840.0	30.0	3.88918476077	8.59175278968
2840.0	55.0	5.82693702509	5.57342230271
2850.0	30.0	3.92959406182	8.59175278968
2850.0	55.0	5.32287308754	5.41805477309
2860.0	30.0	3.97000336287	8.59175278968
2860.0	55.0	4.81859868488	5.26268724348
2870.0	30.0	4.01041266391	8.59175278968
2870.0	55.0	4.31453474732	5.10731971387
2880.0	30.0	4.05082196496	8.59175278968
2880.0	55.0	3.75974871835	4.98798981401
2890.0	30.0	4.09207312645	8.58674093389
2890.0	55.0	3.20475222427	4.86865991415
2900.0	30.0	4.13711265991	8.56096567552
2900.0	55.0	2.63228712609	4.80947228383
2910.0	30.0	4.18215219337	8.53542907695
2910.0	55.0	2.05561272571	4.76532022088
2920.0	30.0	4.22740219194	8.50989247838
2920.0	55.0	1.47872786023	4.72379341573
2930.0	30.0	4.2724417254	8.48435587981
2930.0	55.0	0.901842994745	4.70613259055
2940.0	30.0	4.31748125886	8.45881928124
2940.0	55.0	0.324958129262	4.68823310557
2950.0	30.0	4.36273125743	8.43328268267
2950.0	55.0	-0.251716271112	4.67057228039
2960.0	30.0	4.40777079089	8.40774608411
2970.0	30.0	4.45281032435	8.38197082574
2980.0	30.0	4.76387775637	8.2478440183
2980.0	60.0	15.1113948711	8.04283525034
2980.0	62.0	14.7565506963	4.51067021458
2990.0	30.0	5.14145216304	8.08627133389
2990.0	60.0	14.6809937219	7.8258934924
2990.0	62.0	14.1312588556	4.51067021458
3000.0	30.0	5.51923703482	7.92493730928
3000.0	60.0	14.2503821076	7.60895173446
3000.0	62.0	13.5057565498	4.51067021458
3010.0	30.0	5.92017306866	7.70871153074
3010.0	60.0	13.7757832854	7.46265327724
3010.0	62.0	12.8804647091	4.51067021458
3020.0	30.0	6.35604631069	7.4103867811
3020.0	60.0	13.2900298124	7.33425430499
3020.0	62.0	12.3256786801	4.50518103919
3030.0	30.0	6.79191955273	7.11206203146
3030.0	60.0	12.7956472699	7.21850430213
3030.0	62.0	11.770682186	4.4999305236
3040.0	30.0	7.10719628694	6.7450032595
3040.0	60.0	12.2667484494	7.15406615621
3040.0	62.0	11.2158961571	4.4944413482
3050.0	30.0	7.34207534929	6.3318831462
3050.0	60.0	11.7376391638	7.08938935049
3050.0	62.0	10.6611101281	4.48895217281
3060.0	30.0	7.57674394652	5.91876303289
3060.0	60.0	11.2087403433	7.02495120457
3060.0	62.0	10.134947354	4.47367794563
3070.0	30.0	7.54012301744	5.38965425693
3070.0	60.0	10.6771054764	6.97745790442
3070.0	62.0	9.62772643982	4.45219856365
3080.0	30.0	7.50350208837	4.86030682116
3080.0	60.0	10.1427345631	6.94690945006
3080.0	62.0	9.08598924764	4.43907227467
3090.0	30.0	7.39427069647	4.42308206809
3090.0	60.0	9.60857411484	6.9161223359
3090.0	62.0	8.49163577806	4.43907227467
3100.0	30.0	7.25410093346	4.02547484177
3100.0	60.0	9.0742032015	6.88557388153
3100.0	62.0	7.91559277302	4.44456145006
3110.0	30.0	7.11372070534	3.62762895564
3110.0	60.0	8.56698228731	6.82304501401
3110.0	62.0	7.34733697703	4.45267588325
3120.0	30.0	7.12571721659	3.57297586151
3120.0	60.0	8.07786137254	6.73927542431
3120.0	62.0	6.77908118104	4.46055165664
3130.0	30.0	7.13771372784	3.51856142718
3130.0	60.0	7.58874045777	6.65526717481
3130.0	62.0	6.23145096579	4.56317537052
3140.0	30.0	7.14971023909	3.46390833304
3140.0	60.0	7.09940907789	6.57149758511
3140.0	62.0	5.69266028515	4.70637125035
3150.0	30.0	7.15960209924	3.44839544606
3150.0	60.0	6.63154513919	6.43951871587
3150.0	62.0	5.15218588363	4.84002073819
3160.0	30.0	7.1673893083	3.47154544663
3160.0	60.0	6.1659963167	6.30205067123
3160.0	62.0	4.60497659861	4.93548465807
3170.0	30.0	7.17496605224	3.494934107
3170.0	60.0	5.70044749421	6.1645826266
3170.0	62.0	4.04492894189	4.9982521854
3180.0	30.0	7.1827532613	3.51808410758
3180.0	60.0	5.21574634674	6.04024087095
3180.0	62.0	3.43352779843	4.92999548268
3190.0	30.0	7.19054047036	3.54147276795
3190.0	60.0	4.71820682759	5.92449086809
3190.0	62.0	2.82444177117	4.86293207896
3190.0	67.0	1.20870112458	0.514789187982
3200.0	30.0	7.1981172143	3.56486142832
3200.0	60.0	4.22087777354	5.80874086523
3200.0	62.0	2.23513946422	4.80565372703
3200.0	67.0	1.09841740714	1.27635260887
3210.0	30.0	7.20590442336	3.58801142889
3210.0	60.0	3.7083952316	5.69704807896
3210.0	62.0	1.64583715727	4.7483753751
3210.0	67.0	1.03401508359	2.02646035937
3220.0	30.0	7.21348116731	3.61140008926
3220.0	60.0	3.16118594658	5.59490168468
3220.0	62.0	1.07989647749	4.74193156051
3220.0	67.0	1.15292787053	2.73217738712
3230.0	30.0	7.19264512145	3.65555215221
3230.0	60.0	2.61397666155	5.49251663061
3230.0	62.0	0.529319750708	4.76961609727
3230.0	67.0	1.27184065747	3.43765575507
3240.0	30.0	7.10488117074	3.7483908143
3240.0	60.0	2.06676737652	5.39037023633
3240.0	62.0	-0.0210465109626	4.79706197424
3240.0	67.0	1.52902902143	3.78633772245
3250.0	30.0	7.01732768513	3.84099081659
3250.0	60.0	1.55744181123	5.3316599256
3250.0	67.0	1.84409529054	4.06270577052
3260.0	30.0	6.92956373442	3.93382947868
3260.0	60.0	1.05758717587	5.28392796566
3260.0	67.0	2.32963829844	4.20948154735
3260.0	69.0	0.0	4.22427845493
3270.0	30.0	6.92219745558	3.97511762403
3270.0	60.0	0.557732540508	5.23619600571
3270.0	67.0	2.92651734934	4.26938515707
3270.0	69.0	0.508694169965	4.28394340486
3280.0	30.0	6.94934745473	3.9944490678
3280.0	60.0	0.057877905147	5.18846404577
3280.0	67.0	3.53581384171	4.31974237481
3280.0	69.0	1.01717787482	4.34360835478
3290.0	30.0	6.97649745387	4.01378051158
3290.0	67.0	4.09712428908	4.29706969384
3290.0	69.0	1.5153487893	4.40088670672
3300.0	30.0	7.00364745301	4.03287329556
3300.0	67.0	4.65822427134	4.27439701287
3300.0	69.0	2.00636389006	4.45649444005
3310.0	30.0	7.03079745215	4.05220473933
3310.0	67.0	5.19238471957	4.15960164921
3310.0	69.0	2.49758945593	4.51234083318
3320.0	30.0	7.05794745129	4.07153618311
3320.0	67.0	5.72359865627	4.03454391416
3320.0	69.0	3.00965106765	4.5791655771
3330.0	30.0	7.23389628294	4.12093876165
3330.0	67.0	6.14263468953	3.94576246866
3330.0	69.0	3.53581384171	4.65386609441
3340.0	30.0	7.55822301687	4.20041247496
3340.0	67.0	6.53346839811	3.86628875536
3340.0	69.0	4.06197661577	4.72832795192
3350.0	30.0	7.8825497508	4.27344237367
3350.0	67.0	6.9531358267	3.88633617853
3350.0	69.0	4.580773111	4.81520011902
3360.0	30.0	8.20477183364	4.28847794105
3360.0	67.0	7.38501023165	3.94910370586
3360.0	69.0	5.08820449031	4.92068775049
3370.0	30.0	8.52720438159	4.30327484863
3370.0	67.0	7.75206138284	4.1617495874
3370.0	69.0	5.59584633472	5.02593672217
3380.0	30.0	8.84942646442	4.31831041602
3380.0	67.0	8.10290672058	4.4118650575
3380.0	69.0	6.10348817914	5.13118569384
3390.0	30.0	9.01085320351	4.27081711587
3390.0	67.0	8.3941904323	4.4956346472
3390.0	69.0	6.63554397627	5.19753311816
3400.0	30.0	9.15417994316	4.21664134134
3400.0	67.0	8.66000786576	4.50804495679
3400.0	69.0	7.16759977341	5.26388054248
3410.0	30.0	9.1987985464	4.20136711416
3410.0	67.0	8.71493925937	4.5016011422
3410.0	69.0	7.69944510543	5.329989307
3420.0	30.0	9.20111366261	4.20256041315
3420.0	67.0	8.71725437558	4.49014547181
3420.0	69.0	8.23276369322	5.38893827753
3430.0	30.0	9.20321831371	4.20375371215
3430.0	67.0	8.71956949179	4.47892846122
3430.0	69.0	8.767976467	5.43667023747
3440.0	30.0	9.2053229648	4.20494701115
3440.0	67.0	8.72167414288	4.46747279084
3440.0	69.0	9.30318924078	5.48440219742
3450.0	30.0	9.20763808101	4.20614031015
3450.0	67.0	8.72398925909	4.45601712045
3450.0	69.0	9.83840201455	5.53213415736
3460.0	30.0	9.2097427321	4.20757226895
3460.0	67.0	8.72609391018	4.44480010986
3460.0	69.0	10.4154973451	5.49275529041
3470.0	30.0	9.2118473832	4.20876556795
3470.0	67.0	8.72840902639	4.43334443948
3470.0	69.0	10.9974333733	5.44359137166
3480.0	30.0	9.21416249941	4.20995886695
3480.0	67.0	8.7307241426	4.42212742889
3480.0	69.0	11.5793694014	5.39442745292
3490.0	30.0	9.2162671505	4.21115216594
3490.0	67.0	8.73282879369	4.4106717585
3490.0	69.0	12.1497298485	5.35337796737
3500.0	30.0	9.21858226671	4.21234546494
3500.0	67.0	8.7351439099	4.39921608812
3500.0	69.0	12.7085147145	5.32044291501
3510.0	30.0	9.2206869178	4.21353876394
3510.0	67.0	8.73724856099	4.38799907753
3510.0	69.0	13.2672995806	5.28750786265
3520.0	30.0	9.2227915689	4.21497072274
3520.0	67.0	8.7395636772	4.37654340715
3520.0	69.0	13.8696507243	5.29084909985
3530.0	30.0	9.22510668511	4.21616402174
3530.0	67.0	8.7416683283	4.36508773676
3530.0	69.0	14.5010460532	5.31853363661
3540.0	30.0	9.2272113362	4.21735732074
3540.0	67.0	8.7439834445	4.35387072617
3540.0	69.0	15.1324413821	5.34597951358
3550.0	30.0	9.2293159873	4.21855061973
3550.0	67.0	8.74629856071	4.34241505579
3560.0	30.0	9.2316311035	4.21974391873
3560.0	67.0	8.7484032118	4.3311980452
3570.0	30.0	9.2337357546	4.22117587753
3570.0	67.0	8.75071832801	4.31974237481
3580.0	30.0	9.2358404057	4.22236917653
3580.0	67.0	8.75282297911	4.30828670443
3590.0	30.0	9.2381555219	4.22356247553
3590.0	67.0	8.75513809531	4.29706969384
3600.0	30.0	9.33370668167	4.23573412531
3600.0	67.0	8.87847064955	4.167000103
3610.0	30.0	9.56942760445	4.26437330128
3610.0	67.0	9.01527297081	4.02380422317
3620.0	30.0	9.80514852723	4.29301247725
3620.0	67.0	9.52501946632	3.92762432388
3630.0	30.0	10.2414426995	4.35721196337
3630.0	67.0	10.0762275884	3.83669494019
3640.0	30.0	10.6998357083	4.42546866609
3640.0	67.0	10.6653194303	3.84838927038
3650.0	30.0	11.1647531354	4.4961119668
3650.0	67.0	11.263882202	3.88562019913
3660.0	30.0	11.6875484677	4.58847330929
3660.0	67.0	11.8624449738	3.92285112789
3670.0	30.0	12.2103438	4.68083465178
3670.0	67.0	12.419546119	3.99230112961
3680.0	30.0	12.7331391323	4.77319599427
3680.0	67.0	12.949497265	4.0827531937
3690.0	30.0	13.2593019064	4.80994960342
3690.0	67.0	13.479237946	4.17320525779
3700.0	30.0	13.7854646805	4.84670321258
3700.0	67.0	14.0256053706	4.25602020829
3710.0	30.0	14.3055239664	4.89133259513
3710.0	67.0	14.5789181438	4.33573258139
3720.0	30.0	14.8167437176	4.94813362746
3720.0	67.0	15.1324413821	4.4152062947
3730.0	30.0	15.3279634689	5.00493465979
4030.0	75.0	15.0903483602	8.09056721029
4040.0	75.0	14.7239286043	8.03758473475
4050.0	75.0	14.3577193135	7.98460225921
4060.0	75.0	14.003506534	7.93209710328
4070.0	75.0	13.6783379397	7.88150122574
4080.0	75.0	13.3529588802	7.8309053482
4090.0	75.0	13.0277902858	7.78030947066
4100.0	75.0	12.6910461104	7.62923781744
4110.0	75.0	12.354301935	7.47792750442
4120.0	75.0	12.0175577596	7.3268558512
4120.0	76.0	14.8430518563	4.80589238683
4130.0	75.0	11.6923891652	7.21826564233
4130.0	76.0	14.2249158294	4.76866145807
4140.0	75.0	11.3670101058	7.10991409326
4140.0	76.0	13.6065693373	4.73143052932
4150.0	75.0	11.0418415114	7.00132388439
4150.0	76.0	12.991590287	4.70159805435
4160.0	75.0	10.7156205915	7.00347182259
4160.0	76.0	12.3892391432	4.70159805435
4170.0	75.0	10.3889787413	7.05287440113
4170.0	76.0	11.7866775344	4.70159805435
4180.0	75.0	10.0623368912	7.10227697967
4180.0	76.0	11.181169414	4.70565527095
4190.0	75.0	9.73401132018	7.1597939914
4190.0	76.0	10.5676636194	4.71925887953
4200.0	75.0	9.40526481895	7.21945894133
4200.0	76.0	9.95436828996	4.73286248812
4210.0	75.0	9.0763078526	7.27912389126
4210.0	76.0	9.34107296051	4.7467047565
4220.0	75.0	8.74124739808	7.31086564462
4220.0	76.0	8.7002067017	4.80064187124
4230.0	75.0	8.40218810647	7.32423059341
4230.0	76.0	8.05281602449	4.86508001716
4240.0	75.0	8.06312881486	7.33735688239
4240.0	76.0	7.41826371897	4.9178238329
4250.0	75.0	7.72406952326	7.35072183117
4250.0	76.0	6.83632769086	4.92474496709
4260.0	75.0	7.42815557912	7.29105688125
4260.0	76.0	6.25460212785	4.93190476108
4270.0	75.0	7.13203116988	7.23139193132
4270.0	76.0	5.67266609974	4.93882589527
4280.0	75.0	6.83611722575	7.17172698139
4280.0	76.0	5.07852309526	4.9144825957
4290.0	75.0	6.50631839896	7.11898316565
4290.0	76.0	4.48122311415	4.88226352274
4300.0	75.0	6.1681009678	7.06767130871
4300.0	76.0	3.88392313303	4.85004444978
4310.0	75.0	5.82988353663	7.01659811158
4310.0	76.0	3.29020105878	4.82021197481
4320.0	75.0	5.49987424473	7.04881718454
4320.0	76.0	2.72910107651	4.81305218082
4330.0	75.0	5.17007541795	7.0810362575
4330.0	76.0	2.16779062914	4.80565372703
4340.0	75.0	4.84006612606	7.11325533046
4340.0	76.0	1.60648018177	4.79849393304
4350.0	75.0	4.49827078803	7.13592801143
4350.0	76.0	1.06137554784	4.75625114849
4360.0	75.0	4.12869405552	7.13592801143
4360.0	76.0	0.520059285885	4.70493929155
4370.0	75.0	3.75911732302	7.13592801143
4370.0	76.0	-0.0210465109626	4.65386609441
4380.0	75.0	3.38954059052	7.13592801143
4390.0	75.0	3.02564641598	7.13497337223
4400.0	75.0	2.68406154305	7.12948419684
4410.0	75.0	2.34268713524	7.12423368125
4420.0	75.0	2.00131272743	7.11898316565
4430.0	75.0	1.65993831962	7.11373265006
4440.0	75.0	1.33645344612	7.09273058768
4450.0	75.0	1.02075578168	7.06528471072
4460.0	75.0	0.705058117246	7.03760017395
4470.0	75.0	0.389360452807	7.01015429698
4480.0	75.0	0.0736627883689	6.98270842002
4490.0	75.0	-0.242034876069	6.95502388325
4870.0	89.0	0.248348829358	5.45337642345
4870.0	91.0	-0.183315110484	6.57340686351
4880.0	89.0	0.725473232879	5.49323261
4880.0	91.0	0.380310453093	6.60753521487
4890.0	89.0	1.20238717129	5.53285013676
4890.0	91.0	0.94414648178	6.64166356623
4900.0	89.0	1.66477901714	5.55838673533
4900.0	91.0	1.50777204536	6.67555325778
4910.0	89.0	2.0924441199	5.55074962174
4910.0	91.0	2.07897435288	6.71970532073
4920.0	89.0	2.52010922266	5.54311250814
4920.0	91.0	2.65186038128	6.76600532188
4930.0	89.0	2.94482781388	5.51304137338
4930.0	91.0	3.22474640968	6.81230532302
4940.0	89.0	3.35691849853	5.39371147352
4940.0	91.0	3.79784290319	6.84810429298
4950.0	89.0	3.76900918317	5.27438157367
4950.0	91.0	4.37199172225	6.84094449899
4960.0	89.0	4.1434266132	5.1614954884
4960.0	91.0	4.9459300762	6.8335460452
4970.0	89.0	4.53447078688	5.10493311587
4970.0	91.0	5.51986843015	6.8263862512
4980.0	89.0	4.98697077258	5.17653105578
4980.0	91.0	6.1245346901	6.7481058369
4990.0	89.0	5.47609168735	5.24049188211
4990.0	91.0	6.73256839181	6.6619496492
5000.0	89.0	6.05087190173	5.28631456365
5000.0	91.0	7.34060209352	6.5757934615
5010.0	89.0	6.62565211612	5.3321372452
5010.0	91.0	7.93032533069	6.47030583003
5020.0	89.0	7.1587602388	5.328796008
5020.0	91.0	8.47753461572	6.32042747581
5020.0	94.0	14.7887518581	5.38965425693
5030.0	89.0	7.67397882717	5.30397538883
5030.0	91.0	9.02474390074	6.17031046179
5030.0	94.0	14.1853483888	5.38177848354
5040.0	89.0	8.18919741553	5.27939342946
5040.0	91.0	9.57195318577	6.02043210757
5040.0	94.0	13.5819449195	5.37390271015
5050.0	89.0	8.66569042372	5.2495609545
5050.0	91.0	10.1326322378	5.79943313304
5050.0	94.0	13.0124263328	5.40230322631
5060.0	89.0	9.13229157176	5.21829652073
5060.0	91.0	10.6966787316	5.56077333332
5060.0	94.0	12.4767926288	5.46745735164
5070.0	89.0	9.60015551046	5.19204394277
5070.0	91.0	11.2609356905	5.33714910099
5070.0	94.0	11.9323193902	5.54693106494
5080.0	89.0	10.0688613096	5.17032590099
5080.0	91.0	11.8258240447	5.14884651902
5080.0	94.0	11.367431036	5.66005581
5090.0	89.0	10.5417764109	5.15505167381
5090.0	91.0	12.4264914676	5.00493465979
5090.0	94.0	10.7758136128	5.71781148153
5100.0	89.0	11.0245833724	5.15505167381
5100.0	91.0	13.0804065632	4.92832486408
5100.0	94.0	10.144418284	5.69275220256
5110.0	89.0	11.5073903339	5.15505167381
5110.0	91.0	13.7343216588	4.85171506837
5110.0	94.0	9.51723225727	5.63237127324
5120.0	89.0	11.9904077605	5.15505167381
5120.0	91.0	14.3615076855	4.88870733733
5120.0	94.0	8.89425553277	5.53690735335
5130.0	89.0	12.5058368139	5.19085064377
5130.0	91.0	14.9708041779	5.00183208239
5130.0	94.0	8.27127880828	5.44144343347
5140.0	89.0	13.0250542394	5.23070683032
5140.0	94.0	7.66261371125	5.40278054591
5150.0	89.0	13.5440611997	5.27032435707
5150.0	94.0	7.05394861421	5.36411765836
5160.0	89.0	14.0138193244	5.29967951244
5160.0	94.0	6.44528351717	5.32545477081
5170.0	89.0	14.4781053562	5.3278413688
5170.0	94.0	5.83430330393	5.30087281144
5180.0	89.0	14.9423913881	5.35576456537
5180.0	94.0	5.21806146295	5.30922590443
5190.0	89.0	15.4066774199	5.38392642174
5190.0	94.0	4.60160915685	5.31781765722
5200.0	94.0	4.02240917516	5.39084755593
5200.0	97.0	0.344952314676	5.36053776136
5210.0	94.0	3.48025105277	5.52831560056
5210.0	97.0	0.839124392077	5.27748415106
5220.0	94.0	2.93830339548	5.6655449854
5220.0	97.0	1.33287553926	5.19633981916
5230.0	94.0	2.39235690111	5.76769137967
5230.0	97.0	1.82410110512	5.13285631244
5240.0	94.0	1.83104645374	5.72783519312
5240.0	97.0	2.31511620588	5.06913414591
5250.0	94.0	1.26973600637	5.68797900657
5250.0	97.0	2.81223479482	5.01400373218
5260.0	94.0	0.677697652994	5.56554652932
5260.0	97.0	3.36470570758	5.03643775335
5270.0	94.0	0.0778720905614	5.42235064949
5270.0	97.0	3.91717662035	5.05887177453
5280.0	97.0	4.46964753312	5.0813057957
5290.0	97.0	5.01285798106	5.05743981573
5300.0	97.0	5.55501610346	5.02856197996
5310.0	97.0	6.09717422585	4.9994454844
5320.0	97.0	6.65427537103	4.96818105063
5330.0	97.0	7.22126837636	4.93500733847
5340.0	97.0	7.7884718468	4.90183362631
5350.0	97.0	8.35546485213	4.86865991415
5360.0	97.0	8.940768322	4.90589084291
5370.0	97.0	9.52628225698	4.94312177166
5380.0	97.0	10.1115857268	4.98059136022
5390.0	97.0	10.6958368712	4.95457744205
5400.0	97.0	11.2798775504	4.9128119771
5410.0	97.0	11.8639182296	4.87104651215
5420.0	97.0	12.4479589088	4.8292810472
5430.0	97.0	13.0063228446	4.79968723204
5440.0	97.0	13.5581623621	4.77319599427
5450.0	97.0	14.1100018795	4.7467047565
5460.0	97.0	14.661841397	4.72021351873
5470.0	97.0	15.2138913795	4.69372228096
6020.0	106.0	14.9777495265	4.44217485207
