0.0	4.0	2.74	-2.5
0.0	8.0	-1.45	-0.76
0.0	10.0	-0.11	-9.9
10.0	1.0	1.28	-6.35
10.0	4.0	2.76	-1.77
10.0	8.0	-1.45	-0.76
10.0	10.0	-0.1	-9.88
20.0	4.0	2.73	-1.07
20.0	8.0	-1.45	-0.76
30.0	4.0	2.73	-0.42
30.0	8.0	-1.45	-0.76
40.0	4.0	2.71	0.34
40.0	8.0	-1.45	-0.76
50.0	4.0	2.63	0.94
50.0	8.0	-1.45	-0.76
60.0	4.0	2.59	1.68
60.0	8.0	-1.45	-0.76
70.0	4.0	2.53	2.24
70.0	8.0	-1.45	-0.76
80.0	8.0	-1.45	-0.76
90.0	8.0	-1.45	-0.76
100.0	8.0	-1.45	-0.76
110.0	8.0	-1.45	-0.76
120.0	8.0	-1.45	-0.76
130.0	8.0	-1.45	-0.76
140.0	8.0	-1.45	-0.76
150.0	8.0	-1.45	-0.76
160.0	8.0	-1.45	-0.76
170.0	8.0	-1.45	-0.76
170.0	16.0	3.58	-5.93
180.0	8.0	-1.51	-0.65
180.0	16.0	3.44	-5.17
190.0	8.0	-1.45	-0.74
190.0	16.0	3.35	-4.43
200.0	8.0	-1.45	-0.76
200.0	16.0	3.25	-3.64
210.0	8.0	-1.55	-0.65
210.0	16.0	3.15	-2.85
220.0	8.0	-1.52	-0.61
220.0	16.0	3.13	-2.04
230.0	8.0	-1.45	-0.74
230.0	16.0	3.0	-1.24
230.0	17.0	1.42	-8.27
230.0	18.0	3.29	-6.77
240.0	8.0	-1.45	-0.76
240.0	16.0	2.87	-0.36
240.0	17.0	1.55	-7.52
240.0	18.0	3.29	-6.04
250.0	8.0	-1.45	-0.76
250.0	16.0	2.74	0.34
250.0	17.0	1.66	-6.71
250.0	18.0	3.24	-5.34
260.0	16.0	2.62	1.08
260.0	17.0	1.86	-5.89
260.0	18.0	3.25	-4.66
270.0	16.0	2.48	1.83
270.0	17.0	1.93	-5.09
270.0	18.0	3.24	-3.93
280.0	16.0	2.27	2.56
280.0	17.0	2.0	-4.23
280.0	18.0	3.27	-3.24
290.0	17.0	2.03	-3.38
290.0	18.0	3.26	-2.57
300.0	17.0	1.98	-2.53
300.0	18.0	3.21	-1.88
310.0	17.0	1.95	-1.66
310.0	18.0	3.22	-1.22
320.0	17.0	1.92	-0.85
320.0	18.0	3.22	-0.53
330.0	17.0	1.91	-0.02
330.0	18.0	3.29	0.12
340.0	17.0	2.03	0.84
340.0	18.0	3.43	0.85
350.0	17.0	1.98	1.56
350.0	18.0	3.44	1.44
500.0	24.0	0.27	2.65
510.0	24.0	0.44	2.34
520.0	24.0	0.58	2.1
530.0	24.0	0.7	1.88
540.0	24.0	0.72	1.61
550.0	24.0	0.76	1.34
560.0	24.0	0.83	1.0
570.0	24.0	0.82	0.68
580.0	24.0	0.85	0.35
590.0	24.0	0.99	0.01
600.0	24.0	1.07	-0.32
610.0	24.0	1.13	-0.71
620.0	24.0	1.22	-1.08
630.0	24.0	1.29	-1.47
640.0	24.0	1.33	-1.82
650.0	24.0	1.42	-2.18
660.0	24.0	1.49	-2.54
670.0	24.0	1.5	-2.91
680.0	24.0	1.54	-3.31
690.0	24.0	1.64	-3.8
700.0	24.0	1.66	-4.26
710.0	24.0	1.67	-4.72
720.0	24.0	1.7	-5.18
720.0	30.0	-1.29	-7.53
730.0	24.0	1.65	-5.59
730.0	30.0	-1.29	-7.53
740.0	24.0	1.59	-5.98
740.0	30.0	-1.29	-7.53
750.0	24.0	1.65	-6.4
750.0	30.0	-1.29	-7.53
760.0	24.0	1.69	-6.77
760.0	30.0	-1.29	-7.53
770.0	24.0	1.71	-7.14
770.0	30.0	-1.29	-7.53
780.0	24.0	1.8	-7.43
780.0	30.0	-1.29	-7.53
790.0	24.0	1.88	-7.7
790.0	30.0	-1.29	-7.53
800.0	24.0	1.85	-7.96
800.0	30.0	-1.29	-7.53
810.0	30.0	-1.29	-7.53
1000.0	36.0	0.19	-0.63
1010.0	36.0	0.04	-1.2
1010.0	39.0	-2.74	-3.22
1020.0	36.0	-0.01	-1.82
1020.0	39.0	-2.71	-3.06
1030.0	36.0	-0.19	-2.5
1030.0	39.0	-2.74	-2.76
1040.0	36.0	-0.39	-3.06
1040.0	39.0	-2.7	-2.51
1050.0	36.0	-0.64	-3.66
1050.0	39.0	-2.63	-2.3
1050.0	40.0	-1.6	0.95
1050.0	41.0	-1.74	1.3
1060.0	36.0	-0.99	-4.22
1060.0	39.0	-2.64	-2.06
1060.0	40.0	-1.6	0.95
1060.0	41.0	-1.74	1.3
1070.0	36.0	-1.22	-4.66
1070.0	39.0	-2.66	-1.97
1070.0	40.0	-1.6	0.95
1070.0	41.0	-1.74	1.3
1080.0	36.0	-1.7	-5.11
1080.0	39.0	-2.59	-2.01
1080.0	41.0	-1.74	1.3
1090.0	36.0	-2.15	-5.55
1090.0	41.0	-1.74	1.3
1100.0	36.0	-2.57	-5.88
1100.0	41.0	-1.74	1.3
1110.0	36.0	-2.88	-6.31
1120.0	36.0	-3.25	-6.55
1140.0	43.0	-1.69	-2.56
1150.0	43.0	-1.69	-2.56
1150.0	46.0	-1.65	0.9
1160.0	43.0	-1.69	-2.56
1160.0	46.0	-1.65	0.9
1170.0	43.0	-1.69	-2.56
1170.0	46.0	-1.65	0.9
1180.0	46.0	-1.65	0.9
1190.0	46.0	-1.65	0.9
1200.0	46.0	-1.65	0.9
1210.0	46.0	-1.65	0.9
1210.0	49.0	-1.09	-3.64
1220.0	46.0	-1.65	0.9
1220.0	49.0	-0.84	-4.05
1230.0	46.0	-1.65	0.9
1230.0	49.0	-0.49	-4.48
1240.0	46.0	-1.65	0.9
1240.0	49.0	-0.21	-4.78
1240.0	51.0	0.92	3.06
1250.0	46.0	-1.65	0.9
1250.0	49.0	0.04	-5.27
1250.0	51.0	1.01	2.49
1260.0	46.0	-1.65	0.9
1260.0	49.0	0.33	-5.73
1260.0	51.0	1.03	1.91
1270.0	46.0	-1.65	0.9
1270.0	49.0	0.52	-6.3
1270.0	51.0	1.02	1.33
1280.0	46.0	-1.65	0.9
1280.0	49.0	0.56	-6.89
1280.0	51.0	1.09	0.7
1290.0	46.0	-1.65	0.9
1290.0	49.0	0.67	-7.48
1290.0	51.0	1.08	0.07
1300.0	46.0	-1.65	0.9
1300.0	49.0	0.67	-8.05
1300.0	51.0	1.12	-0.52
1310.0	46.0	-1.65	0.9
1310.0	49.0	0.77	-8.64
1310.0	51.0	1.16	-1.15
1320.0	46.0	-1.65	0.9
1320.0	51.0	1.18	-1.79
1330.0	46.0	-1.65	0.9
1330.0	51.0	1.3	-2.42
1340.0	46.0	-1.65	0.9
1340.0	51.0	1.52	-3.16
1350.0	46.0	-1.65	0.9
1350.0	51.0	1.52	-3.83
1360.0	46.0	-1.65	0.9
1360.0	51.0	1.61	-4.39
1370.0	46.0	-1.65	0.9
1370.0	51.0	1.6	-5.09
1380.0	46.0	-1.65	0.9
1380.0	51.0	1.63	-5.78
1480.0	54.0	3.82	-1.39
1490.0	54.0	3.65	-0.6
1500.0	54.0	3.61	0.16
1510.0	54.0	3.6	0.82
1520.0	54.0	3.49	1.44
1530.0	54.0	3.39	2.11
1540.0	54.0	3.24	2.77
1550.0	54.0	3.21	3.45
1670.0	56.0	1.48	0.55
1670.0	57.0	3.14	-3.22
1680.0	56.0	1.75	0.66
1680.0	57.0	3.07	-2.62
1690.0	56.0	1.98	0.86
1690.0	57.0	2.96	-2.04
1700.0	56.0	2.29	0.96
1700.0	57.0	2.97	-1.5
1710.0	56.0	2.64	1.08
1710.0	57.0	2.94	-0.93
1720.0	56.0	2.93	1.22
1720.0	57.0	2.78	-0.38
1730.0	56.0	3.19	1.45
1730.0	57.0	2.69	0.13
1740.0	56.0	3.48	1.57
1740.0	57.0	2.65	0.72
1750.0	56.0	3.86	1.73
1750.0	57.0	2.57	1.34
1850.0	61.0	2.86	-5.31
1860.0	61.0	2.83	-4.61
1870.0	61.0	2.73	-3.93
1880.0	61.0	2.63	-3.27
1890.0	61.0	2.67	-2.6
1900.0	61.0	2.63	-1.94
1900.0	63.0	1.18	3.75
1910.0	61.0	2.67	-1.33
1910.0	63.0	1.2	3.25
1920.0	61.0	2.77	-0.74
1920.0	63.0	1.33	2.71
1930.0	61.0	2.7	-0.05
1930.0	63.0	1.45	2.13
1940.0	61.0	2.67	0.59
1940.0	63.0	1.69	1.61
1950.0	61.0	2.62	1.28
1950.0	63.0	1.97	1.07
1960.0	61.0	2.4	1.94
1960.0	63.0	2.2	0.54
1970.0	61.0	2.35	2.59
1970.0	63.0	2.44	-0.08
1980.0	63.0	2.56	-0.76
1990.0	63.0	2.61	-1.41
2000.0	65.0	0.7	-0.86
2010.0	65.0	0.66	-1.11
2020.0	65.0	0.55	-1.31
2030.0	65.0	0.58	-1.37
2040.0	65.0	0.5	-1.52
2050.0	65.0	0.49	-1.5
2060.0	65.0	0.49	-1.5
2130.0	69.0	3.07	-9.21
2140.0	69.0	3.04	-8.45
2150.0	69.0	2.94	-7.66
2160.0	69.0	2.73	-6.87
2170.0	69.0	2.55	-6.06
2180.0	69.0	2.29	-5.24
2190.0	69.0	2.12	-4.47
2200.0	69.0	1.93	-3.66
2210.0	69.0	1.83	-2.85
2220.0	69.0	1.88	-2.04
2230.0	69.0	1.89	-1.23
2240.0	69.0	1.98	-0.45
2840.0	78.0	3.59	-6.43
2840.0	80.0	1.48	-9.33
2850.0	78.0	3.63	-6.0
2850.0	80.0	1.48	-9.33
2860.0	78.0	3.7	-5.54
2860.0	80.0	1.48	-9.33
2870.0	78.0	3.76	-5.04
2870.0	80.0	1.48	-9.33
2870.0	81.0	3.84	-6.31
2880.0	78.0	3.79	-4.57
2880.0	80.0	1.48	-9.33
2880.0	81.0	3.91	-5.92
2890.0	78.0	3.87	-3.99
2890.0	80.0	1.48	-9.33
2890.0	81.0	4.04	-5.4
2900.0	78.0	3.87	-3.45
2900.0	80.0	1.48	-9.33
2900.0	81.0	4.04	-5.02
2910.0	78.0	3.86	-2.98
2910.0	80.0	1.48	-9.33
2910.0	81.0	4.09	-4.53
2920.0	78.0	3.85	-2.46
2920.0	80.0	1.48	-9.33
2920.0	81.0	4.12	-3.99
2930.0	80.0	1.48	-9.33
2940.0	80.0	1.48	-9.33
2950.0	80.0	1.48	-9.33
2960.0	80.0	1.48	-9.33
2970.0	80.0	1.48	-9.33
2980.0	80.0	1.5	-9.33
3170.0	85.0	1.22	-8.24
3180.0	85.0	1.22	-8.24
3190.0	85.0	1.22	-8.24
3200.0	85.0	1.22	-8.24
3210.0	85.0	1.22	-8.24
3220.0	85.0	1.22	-8.24
3230.0	85.0	1.22	-8.24
3240.0	85.0	1.22	-8.24
3250.0	85.0	1.22	-8.24
3260.0	85.0	1.22	-8.24
3270.0	85.0	1.22	-8.24
3280.0	85.0	1.22	-8.24
3290.0	85.0	1.22	-8.24
3300.0	85.0	1.22	-8.24
3410.0	90.0	1.28	-0.65
3410.0	93.0	1.41	-9.2
3420.0	90.0	1.33	-1.16
3420.0	93.0	1.41	-9.2
3430.0	90.0	1.34	-1.68
3430.0	93.0	1.41	-9.2
3440.0	90.0	1.47	-2.2
3440.0	93.0	1.41	-9.2
3450.0	90.0	1.57	-2.71
3450.0	93.0	1.41	-9.2
3460.0	90.0	1.64	-3.29
3460.0	93.0	1.41	-9.2
3470.0	90.0	1.75	-3.82
3470.0	93.0	1.41	-9.2
3480.0	90.0	1.85	-4.35
3480.0	93.0	1.41	-9.2
3490.0	90.0	1.9	-4.9
3490.0	93.0	1.41	-9.2
3500.0	90.0	1.96	-5.4
3500.0	93.0	1.41	-9.2
3510.0	90.0	2.06	-5.93
3510.0	93.0	1.41	-9.2
3520.0	90.0	2.08	-6.43
3520.0	93.0	1.41	-9.2
3530.0	90.0	2.07	-6.97
3530.0	93.0	1.41	-9.2
3540.0	90.0	2.14	-7.51
3540.0	93.0	1.43	-9.19
3550.0	90.0	2.12	-8.08
3550.0	93.0	1.47	-9.15
3560.0	90.0	2.09	-8.66
3560.0	93.0	1.45	-9.14
3570.0	90.0	2.28	-9.11
3570.0	93.0	1.4	-9.14
3580.0	90.0	2.16	-9.65
3580.0	93.0	1.38	-9.14
4000.0	100.0	3.22	-8.86
4010.0	100.0	2.95	-8.25
4020.0	100.0	2.65	-7.64
4030.0	100.0	2.38	-6.99
4040.0	100.0	2.08	-6.34
4050.0	100.0	1.79	-5.74
4060.0	100.0	1.52	-5.09
4070.0	100.0	1.24	-4.5
4080.0	100.0	0.97	-3.91
4090.0	100.0	0.68	-3.3
4100.0	100.0	0.39	-2.73
4110.0	100.0	0.1	-2.15
4120.0	100.0	-0.21	-1.62
4130.0	100.0	-0.57	-1.12
4140.0	100.0	-0.88	-0.67
4150.0	100.0	-1.25	-0.36
4160.0	100.0	-1.55	0.04
4170.0	100.0	-1.84	0.49
4490.0	108.0	3.79	-3.58
4500.0	108.0	3.79	-4.26
4510.0	108.0	3.83	-4.98
4520.0	108.0	3.8	-5.78
4530.0	108.0	3.86	-6.44
4540.0	108.0	3.87	-7.12
4570.0	110.0	2.56	2.43
4580.0	110.0	2.45	1.83
4590.0	110.0	2.51	1.23
4600.0	110.0	2.54	0.62
4610.0	110.0	2.56	-0.01
4620.0	110.0	2.66	-0.62
4630.0	110.0	2.63	-1.22
4640.0	110.0	2.8	-1.86
4650.0	110.0	2.87	-2.51
4660.0	110.0	3.04	-3.16
4670.0	110.0	3.19	-3.83
4680.0	110.0	3.17	-4.51
4690.0	110.0	3.26	-5.19
4700.0	110.0	3.08	-5.83
4710.0	110.0	3.03	-6.51
4720.0	110.0	2.83	-7.18
4730.0	110.0	2.71	-7.87
4740.0	110.0	2.63	-8.54
4750.0	110.0	2.41	-9.17
4760.0	110.0	2.39	-9.84
5240.0	113.0	2.6	-4.18
5240.0	116.0	-1.97	0.45
5250.0	113.0	2.56	-3.84
5250.0	116.0	-1.97	0.45
5260.0	113.0	2.44	-3.44
5260.0	116.0	-1.97	0.45
5270.0	113.0	2.42	-3.09
5270.0	116.0	-1.97	0.45
5280.0	113.0	2.42	-2.68
5280.0	116.0	-1.97	0.45
5290.0	113.0	2.4	-2.37
5290.0	116.0	-1.97	0.45
5300.0	113.0	2.32	-1.99
5300.0	116.0	-1.95	0.45
5310.0	113.0	2.33	-1.62
5310.0	116.0	-1.95	0.45
5320.0	113.0	2.37	-1.21
5320.0	116.0	-1.95	0.45
5330.0	113.0	2.34	-0.83
5330.0	116.0	-1.95	0.45
5340.0	113.0	2.19	-0.38
5340.0	116.0	-1.95	0.45
5350.0	113.0	2.25	0.06
5350.0	116.0	-1.95	0.45
5360.0	113.0	2.23	0.43
5360.0	116.0	-1.95	0.45
5370.0	113.0	2.1	0.88
5370.0	116.0	-1.95	0.45
5680.0	118.0	2.39	-0.56
5680.0	120.0	0.59	3.3
5680.0	122.0	2.7	-8.14
5690.0	118.0	2.54	0.03
5690.0	120.0	0.58	2.8
5690.0	122.0	2.78	-7.37
5700.0	118.0	2.58	0.66
5700.0	120.0	0.52	2.25
5700.0	122.0	2.79	-6.6
5710.0	118.0	2.73	1.27
5710.0	120.0	0.57	1.7
5710.0	122.0	2.77	-5.79
5720.0	118.0	2.82	1.85
5720.0	120.0	0.58	1.19
5720.0	122.0	2.82	-5.0
5730.0	118.0	2.79	2.46
5730.0	120.0	0.57	0.64
5730.0	122.0	2.83	-4.19
5740.0	120.0	0.64	0.06
5740.0	122.0	2.89	-3.37
5750.0	120.0	0.64	-0.43
5750.0	122.0	2.88	-2.58
5760.0	120.0	0.62	-0.92
5760.0	122.0	2.79	-1.71
5770.0	120.0	0.69	-1.44
5770.0	122.0	2.81	-0.86
5780.0	120.0	0.79	-2.02
5780.0	122.0	2.75	-0.1
5790.0	120.0	0.8	-2.61
5790.0	122.0	2.73	0.67
5800.0	120.0	1.02	-3.24
5800.0	122.0	2.69	1.41
5810.0	120.0	1.07	-3.84
5810.0	122.0	2.68	2.15
5820.0	120.0	1.23	-4.44
5830.0	120.0	1.4	-5.04
5840.0	120.0	1.55	-5.73
5850.0	120.0	1.71	-6.24
5860.0	120.0	1.86	-6.84
5870.0	120.0	1.93	-7.38
5880.0	120.0	2.14	-8.04
5890.0	120.0	2.26	-8.63
5900.0	120.0	2.24	-9.24
6680.0	128.0	1.86	0.38
6690.0	128.0	1.86	-0.32
6700.0	128.0	1.96	-1.04
6710.0	128.0	2.0	-1.76
6710.0	131.0	0.3	1.67
6720.0	128.0	2.0	-2.43
6720.0	131.0	0.2	1.28
6730.0	128.0	2.12	-3.17
6730.0	131.0	0.05	0.92
6740.0	128.0	2.17	-3.93
6740.0	131.0	-0.09	0.56
6750.0	128.0	2.29	-4.75
6750.0	131.0	-0.19	0.24
6760.0	131.0	-0.25	-0.11
6770.0	131.0	-0.29	-0.45
6780.0	131.0	-0.3	-0.78
6780.0	133.0	-1.35	-1.09
6790.0	131.0	-0.25	-1.15
6790.0	133.0	-1.32	-0.93
6790.0	136.0	3.14	-1.41
6800.0	131.0	-0.22	-1.5
6800.0	133.0	-1.34	-0.71
6800.0	136.0	3.15	-1.43
6810.0	131.0	-0.26	-1.84
6810.0	133.0	-1.39	-0.48
6810.0	136.0	3.17	-1.46
6820.0	131.0	-0.37	-2.19
6820.0	133.0	-1.37	-0.38
6820.0	136.0	3.17	-1.49
6830.0	131.0	-0.57	-2.55
6830.0	133.0	-1.24	-0.28
6830.0	136.0	3.18	-1.52
6840.0	131.0	-0.81	-2.72
6840.0	133.0	-1.09	-0.18
6840.0	136.0	3.2	-1.52
6850.0	131.0	-1.01	-2.9
6850.0	133.0	-1.05	-0.05
6850.0	136.0	3.2	-1.54
6860.0	131.0	-1.21	-3.14
6860.0	133.0	-1.06	0.17
6860.0	136.0	3.19	-1.56
6870.0	131.0	-1.39	-3.32
6870.0	136.0	3.18	-1.56
6870.0	141.0	2.61	3.32
6880.0	136.0	3.18	-1.56
6880.0	141.0	2.65	2.7
6890.0	136.0	3.19	-1.54
6890.0	141.0	2.59	2.11
6890.0	142.0	0.6	-9.34
6900.0	136.0	3.17	-1.52
6900.0	141.0	2.49	1.55
6900.0	142.0	0.6	-8.96
6910.0	136.0	3.15	-1.5
6910.0	141.0	2.43	0.95
6910.0	142.0	0.59	-8.5
6920.0	136.0	3.15	-1.49
6920.0	141.0	2.32	0.38
6920.0	142.0	0.82	-7.99
6930.0	136.0	3.17	-1.5
6930.0	141.0	2.29	-0.32
6930.0	142.0	0.99	-7.51
6940.0	136.0	3.18	-1.52
6940.0	141.0	2.25	-0.95
6940.0	142.0	1.21	-7.03
6950.0	136.0	3.18	-1.55
6950.0	141.0	2.24	-1.53
6950.0	142.0	1.31	-6.53
6960.0	136.0	3.2	-1.59
6960.0	141.0	2.31	-2.1
6960.0	142.0	1.28	-6.02
6970.0	136.0	3.22	-1.6
6970.0	141.0	2.39	-2.7
6970.0	142.0	1.33	-5.35
6970.0	145.0	2.46	2.98
6980.0	136.0	3.23	-1.6
6980.0	141.0	2.42	-3.44
6980.0	142.0	1.37	-4.86
6980.0	145.0	2.51	2.45
6990.0	136.0	3.25	-1.61
6990.0	141.0	2.52	-4.15
6990.0	142.0	1.32	-4.33
6990.0	145.0	2.6	1.9
7000.0	136.0	3.25	-1.62
7000.0	141.0	2.58	-4.83
7000.0	142.0	1.36	-3.72
7000.0	145.0	2.66	1.36
7010.0	136.0	3.2	-1.64
7010.0	141.0	2.62	-5.49
7010.0	142.0	1.33	-3.16
7010.0	145.0	2.68	0.84
7020.0	136.0	3.1	-1.62
7020.0	141.0	2.72	-6.15
7020.0	142.0	1.25	-2.6
7020.0	145.0	2.69	0.31
7020.0	148.0	2.08	-9.65
7030.0	141.0	2.77	-6.84
7030.0	142.0	1.34	-2.05
7030.0	145.0	2.53	-0.18
7030.0	148.0	2.21	-8.97
7030.0	150.0	2.97	-1.62
7040.0	141.0	2.93	-7.57
7040.0	142.0	1.45	-1.65
7040.0	145.0	2.36	-0.61
7040.0	148.0	2.2	-8.13
7040.0	150.0	2.9	-1.71
7050.0	141.0	3.03	-8.29
7050.0	142.0	1.44	-1.12
7050.0	145.0	2.17	-1.09
7050.0	148.0	2.16	-7.45
7050.0	150.0	2.83	-1.94
7060.0	142.0	1.41	-0.52
7060.0	145.0	1.95	-1.56
7060.0	148.0	2.11	-6.72
7060.0	150.0	2.73	-2.11
7070.0	142.0	1.45	-0.11
7070.0	145.0	1.85	-1.99
7070.0	148.0	1.96	-5.98
7070.0	150.0	2.53	-2.26
7080.0	142.0	1.38	0.42
7080.0	145.0	1.85	-2.54
7080.0	148.0	1.83	-5.29
7080.0	150.0	2.49	-2.4
7090.0	142.0	1.38	0.91
7090.0	145.0	1.82	-3.13
7090.0	148.0	1.64	-4.57
7090.0	150.0	2.43	-2.48
7100.0	142.0	1.41	1.44
7100.0	145.0	1.99	-3.67
7100.0	148.0	1.4	-3.87
7100.0	150.0	2.46	-2.56
7110.0	142.0	1.41	2.08
7110.0	145.0	2.1	-4.27
7110.0	148.0	1.28	-3.15
7110.0	150.0	2.37	-2.66
7120.0	142.0	1.43	2.45
7120.0	145.0	2.27	-4.96
7120.0	148.0	1.14	-2.35
7120.0	150.0	2.12	-2.79
7130.0	142.0	1.48	3.1
7130.0	145.0	2.44	-5.52
7130.0	148.0	1.12	-1.72
7130.0	150.0	1.93	-2.92
7140.0	142.0	1.51	3.59
7140.0	145.0	2.53	-6.17
7140.0	148.0	1.22	-1.03
7140.0	150.0	1.68	-3.13
7150.0	145.0	2.57	-6.81
7150.0	148.0	1.27	-0.3
7150.0	150.0	1.43	-3.28
7160.0	145.0	2.59	-7.47
7160.0	150.0	1.18	-3.44
7170.0	145.0	2.56	-8.12
7170.0	150.0	0.97	-3.61
7180.0	145.0	2.56	-8.78
7180.0	150.0	0.78	-3.76
7180.0	152.0	-1.81	-4.14
7180.0	153.0	-1.94	-9.65
7190.0	145.0	2.53	-9.4
7190.0	150.0	0.55	-3.82
7190.0	152.0	-1.81	-4.14
7190.0	153.0	-1.84	-9.32
7200.0	150.0	0.32	-3.86
7200.0	152.0	-1.81	-4.14
7200.0	153.0	-1.82	-9.02
7210.0	150.0	0.1	-3.95
7210.0	152.0	-1.81	-4.14
7210.0	153.0	-1.82	-8.82
7220.0	150.0	-0.15	-4.08
7220.0	152.0	-1.81	-4.14
7220.0	153.0	-1.84	-8.69
7230.0	150.0	-0.44	-4.16
7230.0	152.0	-1.81	-4.14
7230.0	153.0	-1.83	-8.62
7240.0	150.0	-0.69	-4.28
7240.0	152.0	-1.81	-4.14
7240.0	153.0	-1.83	-8.62
7250.0	150.0	-0.81	-4.5
7250.0	152.0	-1.81	-4.14
7250.0	153.0	-1.83	-8.62
7260.0	150.0	-1.08	-4.74
7260.0	152.0	-1.81	-4.14
7270.0	150.0	-1.24	-4.9
7270.0	152.0	-1.81	-4.14
7280.0	150.0	-1.28	-5.02
7280.0	152.0	-1.81	-4.14
7290.0	150.0	-1.32	-5.1
7290.0	152.0	-1.81	-4.14
7300.0	150.0	-1.27	-5.29
7300.0	152.0	-1.81	-4.14
7480.0	159.0	2.08	-4.13
7490.0	159.0	2.08	-3.52
7500.0	159.0	2.03	-2.93
7510.0	159.0	1.93	-2.36
7520.0	159.0	1.92	-1.78
7530.0	159.0	1.85	-1.2
7540.0	159.0	1.78	-0.63
7550.0	159.0	1.76	-0.05
7560.0	159.0	1.67	0.55
7570.0	159.0	1.64	1.14
7570.0	162.0	3.44	2.52
7580.0	159.0	1.55	1.71
7580.0	162.0	3.4	2.02
7590.0	159.0	1.42	2.29
7590.0	162.0	3.56	1.54
7600.0	159.0	1.35	2.87
7600.0	162.0	3.66	1.13
7610.0	159.0	1.2	3.49
7610.0	162.0	3.68	0.7
7620.0	162.0	3.93	0.23
7630.0	162.0	3.96	-0.36
7640.0	162.0	3.99	-0.79
8050.0	166.0	2.52	-5.1
8060.0	166.0	2.6	-4.56
8070.0	166.0	2.66	-3.92
8080.0	166.0	2.78	-3.26
8090.0	166.0	2.8	-2.72
8100.0	166.0	2.81	-2.14
8110.0	166.0	2.97	-1.55
8120.0	166.0	3.03	-0.97
8130.0	166.0	3.07	-0.38
8140.0	166.0	3.09	0.25
8150.0	166.0	3.02	0.91
9260.0	175.0	1.64	2.0
9270.0	175.0	1.63	1.5
9280.0	175.0	1.62	1.01
9290.0	175.0	1.61	0.49
9300.0	175.0	1.64	-0.01
9310.0	175.0	1.6	-0.5
9320.0	175.0	1.58	-1.01
9320.0	178.0	-0.63	-2.95
9330.0	175.0	1.64	-1.52
9330.0	178.0	-0.83	-2.92
9340.0	175.0	1.66	-2.04
9350.0	175.0	1.76	-2.55
9360.0	175.0	1.83	-3.11
9370.0	175.0	1.83	-3.65
9380.0	175.0	1.9	-4.22
9390.0	175.0	1.8	-4.76
9400.0	175.0	1.76	-5.28
9400.0	181.0	1.17	-9.88
9410.0	175.0	1.61	-5.79
9410.0	181.0	1.21	-9.22
9410.0	183.0	-1.0	-4.77
9410.0	186.0	-0.11	-0.77
9420.0	175.0	1.58	-6.22
9420.0	181.0	1.39	-8.65
9420.0	183.0	-0.55	-4.46
9420.0	186.0	0.13	-1.28
9430.0	175.0	1.45	-6.7
9430.0	181.0	1.58	-8.14
9430.0	183.0	0.11	-4.04
9430.0	186.0	0.39	-1.75
9440.0	175.0	1.33	-7.16
9440.0	181.0	1.54	-7.67
9440.0	183.0	0.64	-3.86
9440.0	186.0	0.54	-2.26
9450.0	175.0	1.31	-7.57
9450.0	181.0	1.58	-7.1
9450.0	183.0	1.18	-3.73
9450.0	186.0	0.56	-2.82
9460.0	175.0	1.29	-8.06
9460.0	181.0	1.73	-6.55
9460.0	183.0	1.73	-3.56
9460.0	186.0	0.64	-3.38
9460.0	192.0	2.07	3.85
9470.0	181.0	1.8	-5.92
9470.0	183.0	2.28	-3.51
9470.0	186.0	0.63	-3.96
9470.0	192.0	2.1	3.27
9480.0	181.0	1.88	-5.25
9480.0	183.0	2.81	-3.47
9480.0	186.0	0.77	-4.61
9480.0	192.0	2.18	2.63
9490.0	181.0	1.99	-4.66
9490.0	183.0	3.37	-3.45
9490.0	186.0	0.82	-5.21
9490.0	192.0	2.14	1.99
9500.0	181.0	2.06	-4.12
9500.0	183.0	3.85	-3.55
9500.0	186.0	0.81	-5.87
9500.0	192.0	2.1	1.29
9500.0	194.0	1.72	-8.94
9510.0	181.0	2.12	-3.45
9510.0	192.0	2.03	0.57
9510.0	194.0	1.78	-8.3
9510.0	199.0	-1.42	-3.51
9520.0	181.0	2.14	-2.76
9520.0	192.0	1.9	0.0
9520.0	194.0	1.8	-7.81
9520.0	199.0	-1.31	-3.57
9530.0	181.0	2.12	-2.17
9530.0	192.0	1.77	-0.57
9530.0	194.0	1.88	-7.26
9530.0	199.0	-1.12	-3.53
9540.0	181.0	2.22	-1.52
9540.0	192.0	1.64	-1.21
9540.0	194.0	1.96	-6.65
9540.0	199.0	-1.05	-3.55
9550.0	181.0	2.21	-0.82
9550.0	192.0	1.61	-1.93
9550.0	194.0	1.98	-6.05
9550.0	199.0	-0.98	-3.66
9560.0	181.0	2.16	-0.18
9560.0	192.0	1.53	-2.53
9560.0	194.0	2.04	-5.44
9560.0	199.0	-0.74	-3.67
9570.0	181.0	2.27	0.47
9570.0	192.0	1.47	-3.16
9570.0	194.0	2.06	-4.85
9570.0	199.0	-0.61	-3.72
9580.0	181.0	2.15	1.13
9580.0	192.0	1.45	-3.85
9580.0	194.0	2.09	-4.22
9580.0	199.0	-0.49	-3.89
9590.0	181.0	2.13	1.71
9590.0	192.0	1.43	-4.52
9590.0	194.0	2.16	-3.62
9590.0	199.0	-0.4	-4.02
9590.0	203.0	0.94	4.05
9600.0	181.0	2.13	2.37
9600.0	192.0	1.44	-5.16
9600.0	194.0	2.15	-3.04
9600.0	199.0	-0.31	-4.19
9600.0	203.0	1.04	3.55
9610.0	181.0	2.01	3.01
9610.0	192.0	1.5	-5.79
9610.0	194.0	2.14	-2.5
9610.0	199.0	-0.3	-4.21
9610.0	203.0	0.95	3.07
9620.0	192.0	1.59	-6.47
9620.0	194.0	2.1	-1.94
9620.0	199.0	-0.3	-4.21
9620.0	203.0	0.91	2.62
9630.0	192.0	1.63	-7.19
9630.0	194.0	1.99	-1.37
9630.0	199.0	-0.06	-4.27
9630.0	203.0	0.93	2.13
9630.0	205.0	3.5	0.27
9640.0	192.0	1.71	-7.9
9640.0	194.0	1.92	-0.83
9640.0	199.0	-0.03	-4.27
9640.0	203.0	0.85	1.67
9640.0	205.0	3.44	-0.23
9650.0	192.0	1.84	-8.56
9650.0	194.0	1.84	-0.3
9650.0	199.0	-0.03	-4.27
9650.0	203.0	0.83	1.17
9650.0	205.0	3.33	-0.65
9660.0	194.0	1.79	0.24
9660.0	199.0	-0.03	-4.27
9660.0	203.0	0.75	0.7
9660.0	205.0	3.34	-1.19
9670.0	194.0	1.75	0.86
9670.0	199.0	-0.03	-4.27
9670.0	203.0	0.58	0.17
9670.0	205.0	3.39	-1.62
9680.0	194.0	1.69	1.29
9680.0	199.0	-0.22	-4.18
9680.0	203.0	0.6	-0.43
9680.0	205.0	3.4	-2.14
9690.0	194.0	1.73	1.84
9690.0	199.0	-0.19	-4.29
9690.0	203.0	0.54	-0.97
9690.0	205.0	3.42	-2.51
9700.0	194.0	1.77	2.35
9700.0	199.0	-0.11	-4.16
9700.0	203.0	0.59	-1.54
9700.0	205.0	3.44	-2.96
9710.0	194.0	1.82	2.96
9710.0	199.0	-0.19	-4.19
9710.0	203.0	0.72	-2.08
9710.0	205.0	3.51	-3.43
9720.0	199.0	-0.09	-4.35
9720.0	203.0	0.76	-2.7
9720.0	205.0	3.65	-3.92
9730.0	199.0	-0.13	-4.4
9730.0	203.0	0.93	-3.24
9740.0	199.0	-0.09	-4.52
9740.0	203.0	0.97	-3.69
9750.0	199.0	0.06	-4.69
9750.0	203.0	0.98	-4.37
9760.0	199.0	0.17	-4.87
9760.0	203.0	1.11	-4.98
9770.0	203.0	1.07	-5.54
9770.0	213.0	0.36	-5.16
9780.0	203.0	1.11	-6.12
9780.0	213.0	0.5	-5.45
9790.0	203.0	1.1	-6.67
9790.0	213.0	0.66	-5.5
9800.0	203.0	0.96	-7.35
9800.0	213.0	0.55	-5.65
9810.0	203.0	0.98	-8.0
9810.0	213.0	0.44	-5.93
9820.0	203.0	0.93	-8.56
9820.0	213.0	0.51	-6.24
9830.0	203.0	0.94	-9.19
9830.0	213.0	0.57	-6.64
9840.0	203.0	0.93	-9.81
9840.0	213.0	0.59	-6.98
9850.0	213.0	0.61	-7.32
9860.0	213.0	0.75	-7.71
9870.0	213.0	0.83	-8.05
9880.0	213.0	0.83	-8.44
9890.0	213.0	0.88	-8.83
9900.0	213.0	0.95	-9.26
9980.0	218.0	3.58	3.17
9990.0	218.0	3.51	2.52
10000.0	219.0	1.09	-3.46
10010.0	219.0	0.96	-3.1
10020.0	219.0	0.82	-2.71
10030.0	219.0	0.84	-2.33
10040.0	219.0	0.83	-1.91
10050.0	219.0	0.69	-1.54
10060.0	219.0	0.54	-1.18
10060.0	223.0	1.5	4.07
10070.0	219.0	0.51	-0.78
10070.0	223.0	1.44	3.69
10070.0	224.0	0.5	4.18
10080.0	219.0	0.46	-0.44
10080.0	223.0	1.63	3.22
10080.0	224.0	0.55	3.77
10090.0	219.0	0.32	-0.12
10090.0	223.0	1.65	2.78
10090.0	224.0	0.71	3.4
10100.0	219.0	0.18	0.21
10100.0	223.0	1.62	2.32
10100.0	224.0	0.74	2.98
10110.0	219.0	0.19	0.56
10110.0	223.0	1.65	1.87
10110.0	224.0	0.73	2.54
10120.0	219.0	0.19	1.0
10120.0	223.0	1.71	1.44
10120.0	224.0	0.92	2.13
10130.0	219.0	0.09	1.37
10130.0	223.0	1.63	1.04
10130.0	224.0	0.95	1.69
10140.0	219.0	0.07	1.75
10140.0	223.0	1.67	0.54
10140.0	224.0	0.9	1.15
10150.0	219.0	0.19	2.11
10150.0	223.0	1.68	0.06
10150.0	224.0	1.03	0.73
10160.0	219.0	0.27	2.43
10160.0	223.0	1.61	-0.44
10160.0	224.0	1.07	0.29
10170.0	219.0	0.26	2.75
10170.0	223.0	1.62	-0.91
10170.0	224.0	0.98	-0.26
10180.0	219.0	0.24	3.06
10180.0	223.0	1.65	-1.37
10180.0	224.0	1.08	-0.71
10190.0	223.0	1.65	-1.86
10190.0	224.0	1.19	-1.15
10200.0	223.0	1.72	-2.35
10200.0	224.0	1.14	-1.78
10210.0	223.0	1.83	-2.77
10210.0	224.0	1.19	-2.21
10220.0	223.0	1.88	-3.23
10220.0	224.0	1.4	-2.62
10230.0	223.0	1.93	-3.67
10230.0	224.0	1.41	-3.07
10240.0	223.0	2.01	-4.16
10240.0	224.0	1.41	-3.53
10250.0	223.0	2.01	-4.67
10250.0	224.0	1.55	-4.03
10260.0	223.0	1.95	-5.25
10260.0	224.0	1.42	-4.53
10270.0	223.0	1.9	-5.74
10270.0	224.0	1.25	-5.05
10280.0	223.0	1.86	-6.25
10280.0	224.0	1.36	-5.5
10290.0	223.0	1.91	-6.77
10290.0	224.0	1.37	-5.96
10300.0	223.0	1.92	-7.24
10300.0	224.0	1.19	-6.51
10310.0	223.0	1.85	-7.72
10310.0	224.0	1.19	-7.01
10320.0	223.0	1.84	-8.19
10320.0	224.0	1.29	-7.46
10330.0	223.0	1.86	-8.71
10330.0	224.0	1.16	-7.98
10340.0	223.0	1.77	-9.18
10340.0	224.0	1.13	-8.44
10370.0	235.0	4.0	-9.3
10380.0	235.0	4.02	-8.91
10390.0	235.0	4.04	-8.55
10400.0	235.0	3.97	-8.19
10410.0	235.0	3.92	-7.87
10420.0	235.0	3.98	-7.55
10430.0	235.0	3.94	-7.21
10440.0	235.0	3.87	-6.89
10450.0	235.0	3.95	-6.5
10460.0	235.0	3.89	-6.17
10470.0	235.0	3.81	-5.81
10480.0	235.0	3.82	-5.41
10490.0	235.0	3.83	-4.95
10500.0	235.0	3.77	-4.52
10510.0	235.0	3.81	-4.12
10520.0	235.0	3.83	-3.76
10520.0	240.0	3.04	-9.01
10530.0	235.0	3.81	-3.39
10530.0	240.0	3.08	-8.44
10540.0	235.0	3.82	-3.02
10540.0	240.0	3.08	-7.85
10550.0	235.0	3.82	-2.65
10550.0	240.0	3.03	-7.23
10560.0	235.0	3.8	-2.26
10560.0	240.0	3.07	-6.62
10570.0	235.0	3.75	-1.88
10570.0	240.0	2.96	-5.98
10580.0	235.0	3.75	-1.46
10580.0	240.0	2.93	-5.33
10590.0	235.0	3.68	-1.09
10590.0	240.0	2.86	-4.69
10600.0	235.0	3.64	-0.75
10600.0	240.0	2.8	-4.21
10610.0	235.0	3.66	-0.29
10610.0	240.0	2.86	-3.53
10620.0	235.0	3.61	-0.0
10620.0	240.0	2.73	-2.93
10630.0	235.0	3.55	0.37
10630.0	240.0	2.71	-2.38
10640.0	235.0	3.57	0.73
10640.0	240.0	2.75	-1.8
10650.0	235.0	3.51	1.04
10650.0	240.0	2.74	-1.22
10660.0	235.0	3.39	1.34
10660.0	240.0	2.76	-0.74
10670.0	235.0	3.41	1.75
10670.0	240.0	2.74	-0.25
10680.0	235.0	3.44	2.12
10680.0	240.0	2.67	0.22
10690.0	235.0	3.41	2.47
10690.0	240.0	2.65	0.74
10700.0	235.0	3.47	2.83
10700.0	240.0	2.62	1.21
10710.0	235.0	3.51	3.19
10710.0	240.0	2.51	1.68
10720.0	235.0	3.47	3.55
10720.0	240.0	2.63	2.06
10730.0	235.0	3.52	3.72
10730.0	240.0	2.61	2.37
10740.0	240.0	2.56	2.77
10750.0	240.0	2.64	3.22
10790.0	258.0	1.73	2.53
10800.0	258.0	1.71	1.92
10810.0	258.0	1.79	1.25
10820.0	258.0	1.84	0.65
10830.0	258.0	1.92	0.22
10840.0	258.0	2.03	-0.48
10850.0	258.0	2.09	-1.06
10850.0	259.0	3.58	2.97
10860.0	259.0	3.46	2.39
10860.0	260.0	2.37	-1.43
10870.0	259.0	3.45	1.84
10870.0	260.0	2.73	-1.85
10880.0	259.0	3.48	1.32
10880.0	260.0	3.17	-2.21
10890.0	259.0	3.45	0.77
10890.0	260.0	3.66	-2.46
10900.0	259.0	3.45	0.2
10900.0	260.0	4.16	-2.73
10910.0	259.0	3.43	-0.36
10920.0	259.0	3.4	-0.94
10930.0	259.0	3.45	-1.53
10940.0	259.0	3.45	-2.16
10950.0	259.0	3.47	-2.77
10960.0	259.0	3.45	-3.35
10970.0	259.0	3.33	-3.96
10980.0	259.0	3.23	-4.58
10990.0	259.0	3.04	-5.18
11000.0	259.0	2.88	-5.77
11000.0	262.0	3.39	-9.44
11010.0	259.0	2.77	-6.39
11010.0	262.0	3.45	-8.86
11010.0	263.0	1.15	-10.15
11020.0	259.0	2.67	-7.16
11020.0	262.0	3.43	-8.25
11020.0	263.0	1.19	-9.46
11030.0	259.0	2.71	-7.8
11030.0	262.0	3.48	-7.66
11030.0	263.0	1.26	-8.82
11040.0	259.0	2.74	-8.45
11040.0	262.0	3.43	-6.99
11040.0	263.0	1.23	-8.21
11050.0	259.0	2.85	-9.1
11050.0	262.0	3.37	-6.35
11050.0	263.0	1.24	-7.58
11060.0	259.0	3.06	-9.78
11060.0	262.0	3.31	-5.75
11060.0	263.0	1.33	-6.89
11070.0	262.0	3.22	-5.17
11070.0	263.0	1.39	-6.21
11080.0	262.0	3.22	-4.62
11080.0	263.0	1.54	-5.58
11090.0	262.0	3.23	-4.02
11090.0	263.0	1.74	-4.92
11100.0	262.0	3.17	-3.38
11100.0	263.0	1.88	-4.29
11110.0	262.0	3.19	-2.78
11110.0	263.0	2.07	-3.69
11120.0	262.0	3.28	-2.23
11120.0	263.0	2.22	-3.04
11130.0	262.0	3.28	-1.47
11130.0	263.0	2.27	-2.39
11140.0	262.0	3.36	-0.82
11140.0	263.0	2.4	-1.76
11150.0	262.0	3.38	-0.27
11150.0	263.0	2.46	-1.09
11160.0	262.0	3.36	0.33
11160.0	263.0	2.45	-0.44
11170.0	262.0	3.36	0.94
11170.0	263.0	2.5	0.22
11180.0	262.0	3.22	1.51
11180.0	263.0	2.47	0.88
11190.0	262.0	3.17	1.98
11190.0	263.0	2.4	1.5
11200.0	262.0	3.11	2.6
11200.0	263.0	2.4	2.08
11210.0	262.0	3.0	3.15
11210.0	263.0	2.35	2.61
11360.0	268.0	1.98	3.77
11370.0	268.0	2.13	3.11
11370.0	271.0	3.69	-7.91
11380.0	268.0	2.26	2.49
11380.0	271.0	3.54	-7.24
11390.0	268.0	2.3	1.9
11390.0	271.0	3.51	-6.6
11400.0	268.0	2.43	1.23
11400.0	271.0	3.46	-5.91
11410.0	268.0	2.39	0.52
11410.0	271.0	3.44	-5.24
11420.0	268.0	2.45	-0.24
11420.0	271.0	3.52	-4.57
11430.0	268.0	2.47	-0.87
11430.0	271.0	3.53	-3.86
11440.0	268.0	2.46	-1.51
11440.0	271.0	3.56	-3.23
11450.0	268.0	2.49	-2.21
11450.0	271.0	3.6	-2.54
11460.0	268.0	2.48	-2.86
11460.0	271.0	3.6	-1.86
11470.0	268.0	2.54	-3.63
11470.0	271.0	3.63	-1.27
11480.0	268.0	2.64	-4.34
11480.0	271.0	3.59	-0.57
11490.0	268.0	2.71	-5.06
11500.0	268.0	2.9	-5.77
11510.0	268.0	2.9	-6.49
11520.0	268.0	2.89	-7.23
11530.0	268.0	2.94	-7.96
11540.0	268.0	2.95	-8.57
11610.0	274.0	3.75	-8.15
11620.0	274.0	3.75	-7.49
11630.0	274.0	3.62	-6.76
11640.0	274.0	3.61	-6.08
11650.0	274.0	3.53	-5.39
11660.0	274.0	3.46	-4.63
11670.0	274.0	3.45	-3.97
11680.0	274.0	3.34	-3.25
11690.0	274.0	3.35	-2.6
11700.0	274.0	3.38	-1.91
11710.0	274.0	3.24	-1.2
11720.0	274.0	3.27	-0.59
11730.0	274.0	3.24	0.09
11740.0	274.0	3.22	0.69
11770.0	278.0	1.34	4.05
11770.0	281.0	3.44	-5.51
11780.0	278.0	1.24	3.41
11780.0	281.0	3.44	-4.92
11790.0	278.0	1.2	2.78
11790.0	281.0	3.39	-4.31
11800.0	278.0	1.15	2.14
11800.0	281.0	3.33	-3.68
11810.0	278.0	1.18	1.49
11810.0	281.0	3.29	-3.06
11820.0	278.0	1.19	0.89
11820.0	281.0	3.27	-2.47
11830.0	278.0	1.17	0.24
11830.0	281.0	3.24	-1.9
11840.0	278.0	1.22	-0.43
11840.0	281.0	3.24	-1.33
11850.0	278.0	1.22	-1.09
11850.0	281.0	3.22	-0.74
11860.0	278.0	1.26	-1.75
11860.0	281.0	3.16	-0.16
11870.0	278.0	1.31	-2.42
11870.0	281.0	3.24	0.62
11880.0	278.0	1.33	-3.1
11880.0	281.0	3.22	1.24
11890.0	278.0	1.42	-3.81
11890.0	281.0	3.18	1.83
11900.0	278.0	1.43	-4.51
11900.0	281.0	3.22	2.41
11910.0	278.0	1.41	-5.21
11910.0	281.0	3.22	2.96
11920.0	278.0	1.42	-5.93
11920.0	283.0	3.6	-9.28
11930.0	278.0	1.37	-6.67
11930.0	283.0	3.61	-8.69
11940.0	278.0	1.38	-7.38
11940.0	283.0	3.58	-8.08
11950.0	278.0	1.32	-8.15
11950.0	283.0	3.59	-7.45
11960.0	278.0	1.28	-8.85
11960.0	283.0	3.56	-6.82
11970.0	283.0	3.52	-6.22
11980.0	283.0	3.46	-5.59
11990.0	283.0	3.37	-4.96
12440.0	284.0	0.94	1.73
12450.0	284.0	1.02	1.02
12460.0	284.0	1.02	0.29
12470.0	284.0	1.05	-0.4
12480.0	284.0	1.02	-1.12
12480.0	289.0	2.98	-7.11
12490.0	284.0	1.02	-1.8
12490.0	289.0	2.98	-6.5
12500.0	284.0	0.94	-2.55
12500.0	289.0	2.88	-5.87
12510.0	284.0	0.88	-3.27
12510.0	289.0	2.81	-5.27
12520.0	284.0	0.91	-4.01
12520.0	289.0	2.79	-4.61
12530.0	284.0	0.89	-4.79
12530.0	289.0	2.65	-4.01
12540.0	284.0	0.9	-5.54
12540.0	289.0	2.54	-3.41
12550.0	284.0	0.84	-6.3
12550.0	289.0	2.39	-2.81
12560.0	284.0	0.77	-7.05
12560.0	289.0	2.15	-2.28
12570.0	284.0	0.73	-7.9
12570.0	289.0	2.01	-1.68
12580.0	284.0	0.71	-8.65
12580.0	289.0	1.86	-1.12
12590.0	284.0	0.82	-9.38
12590.0	289.0	1.7	-0.59
12600.0	284.0	0.77	-10.06
12600.0	289.0	1.64	0.07
12610.0	289.0	1.53	0.64
12620.0	289.0	1.53	1.2
12630.0	289.0	1.52	1.74
12640.0	289.0	1.41	2.27
12650.0	289.0	1.36	2.83
12660.0	289.0	1.22	3.36
12670.0	289.0	0.92	3.9
12790.0	299.0	3.46	-7.18
12800.0	299.0	3.5	-6.4
12810.0	299.0	3.52	-5.63
12820.0	299.0	3.51	-4.88
12830.0	299.0	3.48	-4.14
12840.0	299.0	3.27	-3.44
12850.0	299.0	3.01	-2.77
12860.0	299.0	2.59	-2.09
12870.0	299.0	2.05	-1.64
12880.0	299.0	1.54	-1.14
12890.0	299.0	1.0	-0.72
12900.0	299.0	0.38	-0.24
12900.0	303.0	-2.0	0.22
12910.0	299.0	-0.27	0.21
12910.0	303.0	-1.89	0.04
12920.0	299.0	-0.91	0.61
12920.0	303.0	-1.82	-0.26
12930.0	299.0	-1.46	1.04
12930.0	303.0	-1.67	-0.44
12940.0	299.0	-2.0	1.45
12940.0	303.0	-1.45	-0.51
12950.0	299.0	-2.48	1.84
12950.0	303.0	-1.27	-0.5
12960.0	299.0	-3.06	2.21
12960.0	303.0	-1.22	-0.46
12970.0	303.0	-1.05	-0.41
12980.0	303.0	-1.03	-0.38
12990.0	303.0	-1.08	-0.38
13000.0	303.0	-1.14	-0.37
13010.0	303.0	-1.18	-0.32
13020.0	303.0	-1.22	-0.26
13030.0	303.0	-1.22	-0.24
13040.0	303.0	-1.22	-0.23
13050.0	303.0	-1.22	-0.23
13060.0	303.0	-1.22	-0.23
13070.0	303.0	-1.22	-0.23
13080.0	303.0	-1.22	-0.23
13090.0	303.0	-1.22	-0.23
13100.0	303.0	-1.22	-0.23
13100.0	308.0	3.11	-8.24
13110.0	303.0	-1.22	-0.23
13110.0	308.0	3.42	-7.47
13120.0	303.0	-1.22	-0.23
13120.0	308.0	3.57	-6.66
13130.0	303.0	-1.22	-0.23
13130.0	308.0	3.73	-5.84
13130.0	311.0	-1.36	-2.68
13130.0	313.0	-0.52	3.4
13140.0	303.0	-1.22	-0.23
13140.0	308.0	3.82	-5.04
13140.0	311.0	-1.36	-2.68
13140.0	313.0	-0.52	3.4
13150.0	303.0	-1.22	-0.23
13150.0	308.0	3.87	-4.19
13150.0	311.0	-1.36	-2.68
13150.0	313.0	-0.52	3.4
13160.0	303.0	-1.22	-0.23
13160.0	308.0	3.88	-3.33
13160.0	311.0	-1.36	-2.68
13160.0	313.0	-0.52	3.4
13170.0	303.0	-1.22	-0.23
13170.0	308.0	3.88	-2.56
13170.0	311.0	-1.36	-2.68
13170.0	313.0	-0.52	3.4
13170.0	315.0	1.13	-10.03
13180.0	303.0	-1.22	-0.23
13180.0	308.0	3.88	-1.66
13180.0	311.0	-1.36	-2.68
13180.0	313.0	-0.52	3.4
13180.0	315.0	1.12	-9.54
13190.0	303.0	-1.22	-0.23
13190.0	308.0	3.87	-0.89
13190.0	311.0	-1.36	-2.68
13190.0	313.0	-0.52	3.4
13190.0	315.0	1.0	-9.05
13200.0	303.0	-1.22	-0.23
13200.0	311.0	-1.36	-2.68
13200.0	313.0	-0.52	3.4
13200.0	315.0	0.79	-8.66
13210.0	303.0	-1.22	-0.23
13210.0	311.0	-1.36	-2.68
13210.0	313.0	-0.52	3.4
13210.0	315.0	0.77	-8.24
13210.0	318.0	3.7	0.62
13220.0	303.0	-1.22	-0.23
13220.0	311.0	-1.36	-2.68
13220.0	313.0	-0.52	3.4
13220.0	315.0	0.83	-7.78
13220.0	318.0	3.66	1.49
13230.0	303.0	-1.22	-0.23
13230.0	311.0	-1.36	-2.68
13230.0	313.0	-0.52	3.4
13230.0	315.0	0.79	-7.3
13230.0	318.0	3.66	2.18
13230.0	319.0	1.64	3.88
13240.0	303.0	-1.22	-0.23
13240.0	311.0	-1.36	-2.68
13240.0	313.0	-0.52	3.4
13240.0	315.0	0.69	-6.89
13240.0	318.0	3.64	2.88
13240.0	319.0	1.55	3.17
13250.0	303.0	-1.22	-0.23
13250.0	311.0	-1.36	-2.68
13250.0	313.0	-0.52	3.4
13250.0	315.0	0.73	-6.46
13250.0	319.0	1.4	2.37
13260.0	303.0	-1.22	-0.23
13260.0	311.0	-1.36	-2.68
13260.0	313.0	-0.52	3.4
13260.0	315.0	0.75	-5.98
13260.0	319.0	1.28	1.48
13270.0	303.0	-1.22	-0.23
13270.0	311.0	-1.36	-2.68
13270.0	313.0	-0.52	3.4
13270.0	315.0	0.62	-5.55
13270.0	319.0	1.15	0.76
13280.0	303.0	-1.22	-0.23
13280.0	311.0	-1.36	-2.68
13280.0	313.0	-0.52	3.4
13280.0	315.0	0.57	-5.14
13280.0	319.0	1.15	-0.03
13290.0	303.0	-1.22	-0.23
13290.0	311.0	-1.36	-2.68
13290.0	313.0	-0.52	3.4
13290.0	315.0	0.59	-4.67
13290.0	319.0	1.06	-0.92
13300.0	303.0	-1.22	-0.23
13300.0	311.0	-1.36	-2.68
13300.0	313.0	-0.52	3.4
13300.0	315.0	0.39	-4.29
13300.0	319.0	1.14	-1.76
13310.0	303.0	-1.22	-0.23
13310.0	311.0	-1.36	-2.68
13310.0	313.0	-0.52	3.4
13310.0	315.0	0.16	-3.96
13310.0	319.0	1.22	-2.6
13320.0	303.0	-1.22	-0.23
13320.0	311.0	-1.36	-2.68
13320.0	313.0	-0.52	3.4
13320.0	315.0	-0.05	-3.54
13320.0	319.0	1.29	-3.46
13320.0	320.0	1.82	2.92
13330.0	303.0	-1.22	-0.23
13330.0	311.0	-1.36	-2.68
13330.0	313.0	-0.52	3.4
13330.0	315.0	-0.27	-3.46
13330.0	319.0	1.37	-4.37
13330.0	320.0	1.98	2.34
13340.0	303.0	-1.22	-0.23
13340.0	311.0	-1.36	-2.68
13340.0	313.0	-0.52	3.4
13340.0	315.0	-0.45	-3.49
13340.0	319.0	1.35	-5.25
13340.0	320.0	2.15	1.76
13350.0	303.0	-1.22	-0.23
13350.0	311.0	-1.36	-2.59
13350.0	313.0	-0.56	3.21
13350.0	315.0	-0.56	-3.5
13350.0	319.0	1.39	-6.12
13350.0	320.0	2.28	1.15
13360.0	303.0	-1.22	-0.23
13360.0	311.0	-1.36	-2.67
13360.0	313.0	-0.57	3.19
13360.0	315.0	-0.57	-3.51
13360.0	319.0	1.38	-6.98
13360.0	320.0	2.46	0.53
13370.0	303.0	-1.22	-0.23
13370.0	311.0	-1.36	-2.68
13370.0	313.0	-0.57	3.19
13370.0	315.0	-0.6	-3.43
13370.0	319.0	1.32	-7.88
13370.0	320.0	2.62	-0.23
13380.0	303.0	-1.22	-0.23
13380.0	311.0	-1.36	-2.68
13380.0	313.0	-0.57	3.19
13380.0	319.0	1.25	-8.71
13380.0	320.0	2.7	-0.97
13390.0	303.0	-1.22	-0.23
13390.0	311.0	-1.36	-2.68
13390.0	313.0	-0.57	3.19
13390.0	319.0	1.19	-9.57
13390.0	320.0	2.69	-1.61
13400.0	303.0	-1.22	-0.23
13400.0	311.0	-1.36	-2.68
13400.0	313.0	-0.57	3.19
13400.0	320.0	2.61	-2.26
13410.0	320.0	2.5	-2.96
13420.0	320.0	2.34	-3.61
13430.0	320.0	2.21	-4.36
13440.0	320.0	2.07	-5.07
13450.0	320.0	1.99	-5.77
13460.0	320.0	1.95	-6.48
13470.0	320.0	1.88	-7.16
13480.0	320.0	1.9	-7.87
13490.0	320.0	1.89	-8.58
13500.0	320.0	1.95	-9.39
13750.0	328.0	2.75	1.15
13760.0	328.0	2.73	0.39
13770.0	328.0	2.66	-0.35
13780.0	328.0	2.63	-1.11
13790.0	328.0	2.5	-1.9
13800.0	328.0	2.45	-2.81
13810.0	328.0	2.37	-3.62
13820.0	328.0	2.37	-4.44
13830.0	328.0	2.36	-5.27
13840.0	328.0	2.46	-6.04
13850.0	328.0	2.52	-6.87
13860.0	328.0	2.63	-7.64
13870.0	328.0	2.79	-8.46
13880.0	328.0	3.01	-9.39
14340.0	333.0	0.52	-4.89
14350.0	333.0	0.35	-4.51
14360.0	333.0	0.34	-4.47
14370.0	333.0	0.14	-4.25
14380.0	333.0	-0.03	-3.94
14390.0	333.0	-0.19	-3.62
14390.0	335.0	1.09	2.95
