0.0	4.0	11.828139161	5.15505167381
0.0	8.0	4.33558125829	7.35072183117
10.0	4.0	11.3823740588	5.21113672674
10.0	8.0	4.5544649723	7.27435069527
20.0	4.0	10.9368194217	5.26746043948
20.0	8.0	4.77334868631	7.19797955936
20.0	9.0	15.2423041693	3.6682011216
30.0	4.0	10.4910543195	5.32354549241
30.0	8.0	4.95540100613	7.17124966179
30.0	9.0	14.665840234	3.53311967496
40.0	4.0	10.0709659607	5.34597951358
40.0	8.0	5.10083239688	7.19392234276
40.0	9.0	14.0891658337	3.39827688812
50.0	4.0	9.66792527576	5.34597951358
50.0	8.0	5.24605332253	7.21659502374
50.0	9.0	13.5446925951	3.30973410243
60.0	4.0	9.26488459083	5.34597951358
60.0	8.0	5.39148471328	7.23926770471
60.0	9.0	13.0479949363	3.29064131845
70.0	4.0	8.86184390589	5.34597951358
70.0	8.0	5.54217773177	7.25931512788
70.0	9.0	12.5512972776	3.27154853447
80.0	4.0	8.45880322096	5.34597951358
80.0	8.0	5.70591958706	7.27244141687
80.0	9.0	12.0992182222	3.31426863862
90.0	4.0	8.03176951353	5.39633673132
90.0	8.0	5.86966144235	7.28580636565
90.0	9.0	11.6519798642	3.36414853676
100.0	4.0	7.60178929456	5.45218312445
100.0	8.0	6.03340329764	7.29893265464
100.0	9.0	11.2217891801	3.3314521442
110.0	4.0	7.17201954071	5.50802951759
110.0	8.0	6.13505794558	7.3328223462
110.0	9.0	10.8086461699	3.21665678054
120.0	4.0	6.74203932174	5.56387591072
120.0	8.0	6.21019398972	7.37554245034
120.0	9.0	10.3955031597	3.10162275708
130.0	4.0	6.32089863738	5.61638106666
130.0	8.0	6.28533003386	7.41802389469
130.0	9.0	9.87502294363	3.01761450758
140.0	4.0	5.93511609144	5.65623725321
140.0	8.0	6.27943701079	7.46838111243
140.0	9.0	9.3278136586	2.94124337167
150.0	4.0	5.5493335455	5.69609343976
150.0	8.0	6.26428352289	7.51945430957
150.0	9.0	8.81070088425	2.90114852532
160.0	4.0	5.16334053444	5.73571096651
160.0	8.0	6.22703119849	7.56360637252
160.0	9.0	8.3634625263	2.94601656766
170.0	4.0	4.7775579885	5.77556715307
170.0	8.0	5.98962655483	7.54522956794
170.0	9.0	7.91622416834	2.99064595021
180.0	4.0	4.40293009337	5.82091251501
180.0	8.0	5.75222191118	7.52685276336
180.0	9.0	7.46603929886	3.02835419856
190.0	4.0	4.045139407	5.87461096995
190.0	8.0	5.51481726752	7.50871461858
190.0	9.0	6.99101954643	3.0009083216
200.0	4.0	3.68734872064	5.92830942488
200.0	8.0	5.28625215846	7.50060018539
200.0	9.0	6.51599979401	2.97370110443
210.0	4.0	3.32955803428	5.98200787982
210.0	8.0	5.09325565294	7.53377389755
210.0	9.0	6.04098004158	2.94649388726
220.0	4.0	2.99618130063	6.03809293275
220.0	8.0	4.90025914741	7.56694760971
220.0	9.0	5.57101145179	2.95866553705
230.0	4.0	2.69963596117	6.09775788268
230.0	8.0	4.70747310699	7.59988266208
230.0	9.0	5.10462076886	2.9973284246
240.0	4.0	2.4030906217	6.15742283261
240.0	8.0	4.50942543884	7.59773472388
240.0	9.0	4.63823008593	3.03622997195
250.0	4.0	2.10654528224	6.21708778254
250.0	8.0	4.30822079403	7.57172080571
250.0	9.0	4.171839403	3.07489285951
260.0	4.0	1.80999994278	6.27675273246
260.0	8.0	4.10680568412	7.54570688754
260.0	9.0	3.71976034752	3.09875883948
270.0	4.0	1.57385808978	6.4163687153
270.0	8.0	3.90560103932	7.51993162917
270.0	9.0	3.26957547803	3.12095420085
280.0	4.0	1.33771623678	6.55622335793
280.0	8.0	3.70418592941	7.493917711
280.0	9.0	2.81918014343	3.14314956223
290.0	4.0	1.10157438378	6.69583934076
290.0	8.0	3.52529058623	7.48795121601
290.0	9.0	2.36899527394	3.1653449236
300.0	4.0	0.86543253078	6.83545532359
300.0	8.0	3.34639524305	7.48198472102
300.0	9.0	2.03098830789	3.18754028497
310.0	4.0	0.580252307238	7.01325687438
310.0	8.0	3.16749989986	7.47601822602
310.0	9.0	1.76790692085	3.20997430615
320.0	4.0	0.289599990845	7.19511564176
320.0	8.0	2.98860455668	7.47005173103
320.0	9.0	1.50482553382	3.23240832732
330.0	8.0	2.95282548805	7.41921719369
330.0	9.0	1.34087321342	3.2483985339
340.0	8.0	2.91704641941	7.36838265635
340.0	9.0	1.32571972553	3.25484234849
350.0	8.0	2.88105688566	7.31778677881
350.0	9.0	1.31056623764	3.26128616308
360.0	8.0	2.84527781703	7.26695224147
360.0	9.0	1.29541274975	3.26772997768
370.0	8.0	2.79308246984	7.22733471472
370.0	9.0	1.28025926185	3.27417379227
380.0	8.0	2.70300340292	7.21373110614
380.0	9.0	1.26510577396	3.28061760686
390.0	8.0	2.61271387089	7.20012749756
390.0	9.0	1.24995228607	3.28706142145
400.0	8.0	2.52263480397	7.18628522917
400.0	9.0	1.23479879817	3.29350523605
410.0	8.0	2.40582666813	7.13759863003
410.0	9.0	1.21964531028	3.29994905064
420.0	8.0	2.28249411389	7.0800816183
420.0	9.0	1.20449182239	3.30639286523
430.0	8.0	2.15916155965	7.02232594677
430.0	9.0	1.18912786938	3.31283667982
440.0	8.0	2.08360458529	7.02304192617
440.0	9.0	1.17397438149	3.31928049441
450.0	8.0	2.01351970379	7.03044037996
450.0	9.0	1.1588208936	3.32572430901
460.0	8.0	1.94322435717	7.03760017395
460.0	9.0	1.14366740571	3.3321681236
470.0	8.0	1.85040924383	7.02566718396
470.0	9.0	1.12851391781	3.33861193819
480.0	8.0	1.74244064259	7.00132388439
480.0	9.0	1.11336042992	3.34505575278
490.0	8.0	1.63468250646	6.97674192502
490.0	9.0	1.09820694203	3.35149956738
500.0	8.0	1.52671390522	6.95239862545
500.0	9.0	1.08305345413	3.35794338197
510.0	8.0	1.48419995308	7.03712285435
510.0	9.0	1.06789996624	3.36438719656
520.0	8.0	1.46967786052	7.16886306379
520.0	9.0	1.05274647835	3.37083101115
530.0	8.0	1.45515576795	7.30060327323
530.0	9.0	1.03759299045	3.37727482575
540.0	8.0	1.45263018664	7.33353832559
540.0	9.0	1.02243950256	3.38371864034
550.0	8.0	1.45305111685	7.34189141858
550.0	9.0	0.996131363858	3.39421967152
560.0	8.0	1.45368251218	7.35000585178
560.0	9.0	0.926046482352	3.42071090929
570.0	8.0	1.4541034424	7.35835894477
570.0	9.0	0.855961600847	3.44720214706
580.0	8.0	1.45473483773	7.36671203776
580.0	9.0	0.785666254232	3.47393204463
590.0	8.0	1.45515576795	7.37482647095
590.0	9.0	0.694534861764	3.48729699341
600.0	8.0	1.45578716328	7.38317956394
600.0	9.0	0.589302306951	3.49207018941
610.0	8.0	1.4562080935	7.39153265693
610.0	9.0	0.484069752139	3.4968433854
610.0	19.0	0.270868596088	8.29939453504
620.0	8.0	1.45683948883	7.39988574992
620.0	9.0	0.378837197326	3.5016165814
620.0	19.0	0.349793012198	8.09653370528
630.0	8.0	1.45726041905	7.40800018311
630.0	9.0	0.273604642513	3.50638977739
630.0	19.0	0.428717428307	7.89367287552
630.0	20.0	0.163531390179	6.4144594369
640.0	8.0	1.45789181438	7.4163532761
640.0	19.0	0.507641844417	7.69081204577
640.0	20.0	0.438819753569	6.2493068555
650.0	8.0	1.4583127446	7.42470636909
650.0	19.0	0.681065094748	7.48818987581
650.0	20.0	0.71389765185	6.0839156143
660.0	8.0	1.45894413992	7.43305946208
660.0	19.0	0.948987179302	7.28556770585
660.0	20.0	0.98918601524	5.91876303289
670.0	8.0	1.45936507014	7.44117389527
670.0	19.0	1.21690926385	7.0831841957
670.0	20.0	1.11546508102	5.64430426322
680.0	8.0	1.45999646547	7.44952698826
680.0	19.0	1.51345460332	6.9087238821
680.0	20.0	1.24174414679	5.36984549355
690.0	8.0	1.46041739569	7.45788008125
690.0	19.0	1.92533482285	6.84643367438
690.0	20.0	1.28320577339	5.38941559713
700.0	8.0	1.46104879102	7.46623317424
700.0	19.0	2.33700457728	6.78414346665
700.0	20.0	1.32445693487	5.40898570071
710.0	8.0	1.46146972124	7.47434760743
710.0	19.0	2.6697499156	6.79440583804
710.0	20.0	1.36591856147	5.42855580428
720.0	8.0	1.46210111657	7.48270070042
720.0	19.0	2.9934452542	6.81278264262
720.0	20.0	1.40738018807	5.44812590786
730.0	8.0	1.46252204679	7.49105379341
730.0	19.0	3.30430222112	6.81182800342
730.0	20.0	1.44884181466	5.46769601144
740.0	8.0	1.46315344212	7.4994068864
740.0	19.0	3.58485221225	6.76528934248
740.0	20.0	1.49009297615	5.48726611501
750.0	8.0	1.46357437234	7.50752131959
750.0	19.0	3.86561266849	6.71898934133
750.0	20.0	1.49430227834	5.27438157367
760.0	8.0	1.46420576766	7.51587441258
760.0	19.0	4.14616265962	6.67245068039
760.0	20.0	1.45978600036	4.94455373046
770.0	8.0	1.46462669788	7.52422750557
770.0	19.0	4.46606962625	6.663381608
770.0	20.0	1.40253949054	4.55410629813
780.0	8.0	1.46525809321	7.53258059856
780.0	19.0	4.80281380165	6.67030274219
780.0	20.0	1.28720461047	4.17081865979
790.0	8.0	1.46567902343	7.54069503175
790.0	19.0	5.13955797706	6.67698521658
790.0	20.0	1.08515810523	3.79850937224
800.0	8.0	1.46631041876	7.54904812474
800.0	19.0	5.46262192033	6.68915686637
800.0	20.0	0.883111599989	3.42620008469
810.0	8.0	1.46673134898	7.55740121773
810.0	19.0	5.73117540021	6.72209191873
810.0	20.0	0.64086625881	3.06295986952
820.0	8.0	1.4671522792	7.56551565092
820.0	19.0	5.99972888009	6.75478831129
820.0	20.0	0.393990685219	2.70091295336
830.0	8.0	1.46778367453	7.57386874391
830.0	19.0	6.2600742207	6.76457336308
830.0	20.0	0.147325576738	2.33886603719
840.0	8.0	1.46820460475	7.5822218369
840.0	19.0	6.50189863166	6.72042130013
850.0	8.0	1.46883600008	7.59057492989
850.0	19.0	6.74351257751	6.67626923718
860.0	8.0	1.4692569303	7.59868936308
860.0	19.0	7.01206605739	6.61875222545
860.0	21.0	13.9965611854	10.9373013013
870.0	8.0	1.46988832562	7.60704245607
870.0	19.0	7.29850907159	6.55264346093
870.0	21.0	13.945839094	10.476449228
880.0	8.0	1.47030925584	7.61539554906
880.0	19.0	7.58495208579	6.48629603661
880.0	21.0	13.8951170026	10.0155971548
890.0	8.0	1.47094065117	7.62374864205
890.0	19.0	7.87139509999	6.41994861229
890.0	21.0	13.7949356104	9.60032910327
900.0	8.0	1.47136158139	7.63186307524
900.0	19.0	8.2300276468	6.40228778711
900.0	21.0	13.6455053826	9.23064507352
910.0	8.0	1.47199297672	7.64021616823
910.0	19.0	8.58844972849	6.38462696193
910.0	21.0	13.4962856198	8.86119970356
920.0	8.0	1.47241390694	7.64856926122
920.0	19.0	8.92708808988	6.34906665178
920.0	21.0	13.3224414393	8.50655124119
930.0	8.0	1.47304530227	7.65692235421
930.0	19.0	9.21900319693	6.27221819627
930.0	21.0	13.1119763297	8.17409814019
940.0	8.0	1.45999646547	7.63114709584
940.0	19.0	9.51091830398	6.19513108096
940.0	21.0	12.90151122	7.84164503918
950.0	8.0	1.43368832677	7.57148214591
950.0	19.0	9.81651364315	6.10730427467
950.0	21.0	12.6834693665	7.48747389641
960.0	8.0	1.40738018807	7.51181719598
960.0	19.0	10.1764089806	5.97651870442
960.0	21.0	12.4601658852	7.11850584605
970.0	8.0	1.37644181695	7.45573214305
970.0	19.0	10.536093853	5.84573313418
970.0	21.0	12.2368624038	6.7497764555
980.0	8.0	1.33434879503	7.40800018311
980.0	19.0	10.8991461671	5.70635581115
980.0	21.0	11.9514717152	6.4166073751
990.0	8.0	1.2922557731	7.36026822316
990.0	19.0	11.2910322012	5.49251663061
990.0	21.0	11.5204391707	6.166491905
1000.0	8.0	1.25121507672	7.30800172703
1000.0	19.0	11.6829182353	5.27843879026
1000.0	21.0	11.0567845342	5.93952643547
1010.0	8.0	1.21248949655	7.2452341997
1010.0	19.0	12.0834333389	5.0820217751
1010.0	21.0	10.4620101344	5.80468364863
1020.0	8.0	1.17355345127	7.18246667238
1020.0	19.0	12.517412395	4.95505476165
1020.0	21.0	9.86723573457	5.66984086179
1030.0	8.0	1.1348278711	7.11969914505
1030.0	19.0	12.9516019161	4.828326408
1030.0	21.0	9.27730203229	5.58463931329
1040.0	8.0	1.1259883365	7.0796042987
1040.0	19.0	13.3855809722	4.70159805435
1040.0	21.0	8.68799972534	5.50516559999
1050.0	8.0	1.14724531257	7.06265945292
1050.0	19.0	13.8576542131	4.68226661058
1050.0	21.0	8.09869741839	5.42545322689
1060.0	8.0	1.16829182353	7.04571460714
1060.0	19.0	14.329727454	4.6629351668
1060.0	21.0	7.5129730183	5.3302279668
1070.0	8.0	1.1895487996	7.02876976136
1070.0	19.0	14.80201116	4.64360372302
1070.0	21.0	6.92766954843	5.23333208812
1080.0	8.0	1.21080577568	7.01182491558
1080.0	19.0	15.2740844009	4.62427227925
1080.0	21.0	6.34215561346	5.13643620943
1080.0	23.0	14.8630460418	6.60514861687
1090.0	8.0	1.23185228664	6.9948800698
1090.0	21.0	5.74106726037	5.07486198111
1090.0	23.0	14.4000228006	6.47149912903
1090.0	24.0	15.3130204461	2.90854697911
1100.0	8.0	1.25310926271	6.97793522402
1100.0	21.0	5.13303355866	5.02832332016
1100.0	23.0	13.9369995594	6.33784964119
1100.0	24.0	14.7563402312	2.9161840927
1110.0	8.0	1.27415577367	6.96099037824
1110.0	21.0	4.52499985695	4.98202331902
1110.0	23.0	13.4104158551	6.30921046522
1110.0	24.0	14.1996600162	2.92405986609
1120.0	8.0	1.29541274975	6.94404553246
1120.0	21.0	3.91738708546	4.94097383347
1120.0	23.0	12.8766763371	6.29202695965
1120.0	24.0	13.6429798013	2.93169697968
1130.0	8.0	1.31666972582	6.92710068668
1130.0	21.0	3.31314175573	4.94861094706
1130.0	23.0	12.3517763537	6.26338778368
1130.0	24.0	13.0987170278	2.89780728812
1140.0	8.0	1.33771623678	6.9101558409
1140.0	21.0	2.70889642599	4.95648672045
1140.0	23.0	11.9045379957	6.12902231644
1140.0	24.0	12.5670821608	2.82239079141
1150.0	8.0	1.35897321285	6.89321099512
1150.0	21.0	2.10465109626	4.96412383404
1150.0	23.0	11.4572996378	5.994895509
1150.0	24.0	12.0352368288	2.7472129545
1160.0	8.0	1.38001972381	6.87626614934
1160.0	21.0	1.57238483401	5.04144960915
1160.0	23.0	11.0100612798	5.86053004176
1160.0	24.0	11.5036019619	2.67179645779
1170.0	8.0	1.40127669989	6.85932130356
1170.0	21.0	1.03990810666	5.11853672445
1170.0	23.0	10.54956362	5.78153364806
1170.0	24.0	10.9801752343	2.68349078798
1180.0	8.0	1.42253367596	6.84237645778
1180.0	21.0	0.507641844417	5.19586249956
1180.0	23.0	10.0878031695	5.70850374935
1180.0	24.0	10.4601159484	2.73265470672
1190.0	8.0	1.44358018692	6.825431612
1190.0	23.0	9.62583225383	5.63571251043
1190.0	24.0	9.9400566625	2.78181862546
1200.0	8.0	1.46483716299	6.80848676623
1200.0	23.0	9.15523226871	5.54120322975
1200.0	24.0	9.42294388815	2.82692532761
1210.0	8.0	1.59953483315	6.83903522059
1210.0	23.0	8.66421716795	5.39657539112
1210.0	24.0	8.91256599731	2.86248563776
1220.0	8.0	1.80999994278	6.90084810871
1220.0	23.0	8.17299160209	5.25194755249
1220.0	24.0	8.40197764136	2.89804594792
1230.0	8.0	2.02046505241	6.96266099684
1230.0	23.0	7.68197650133	5.10731971387
1230.0	24.0	7.89159975052	2.93336759828
1240.0	8.0	2.26881388176	6.98103780142
1240.0	23.0	7.22989744586	4.92164238969
1240.0	24.0	7.38101139457	2.96892790844
1250.0	8.0	2.52137201331	6.9948800698
1250.0	23.0	6.77781839038	4.73596506551
1250.0	24.0	6.89041722403	2.99016863061
1260.0	8.0	2.77393014486	7.00848367839
1260.0	23.0	6.32805445111	4.59611042288
1260.0	24.0	6.4130823554	3.0018629608
1270.0	8.0	3.01933246269	7.02757646236
1270.0	23.0	5.88376260469	4.56293671072
1270.0	24.0	5.93553702166	3.01355729098
1280.0	8.0	3.25379059481	7.05478367953
1280.0	23.0	5.43926029316	4.53000165836
1280.0	24.0	5.45820215303	3.02525162117
1290.0	8.0	3.48824872693	7.0819908967
1290.0	23.0	4.99496844674	4.4968279462
1290.0	24.0	4.97560565666	3.02835419856
1300.0	8.0	3.72291732417	7.10943677366
1300.0	23.0	4.5218428803	4.46962072903
1300.0	24.0	4.48774753255	3.02286502317
1300.0	27.0	15.2267297512	6.94738676966
1310.0	8.0	3.88034522617	7.12113110385
1310.0	23.0	4.03608940729	4.44527742946
1310.0	24.0	3.99988940843	3.01737584778
1310.0	27.0	14.6755216291	6.82232903461
1320.0	8.0	4.02956498889	7.13091615564
1320.0	23.0	3.55033593427	4.42069547009
1320.0	24.0	3.51182081921	3.01188667238
1320.0	27.0	14.124313507	6.69727129956
1330.0	8.0	4.17857428651	7.14093986723
1330.0	23.0	3.06479292637	4.39635217052
1330.0	24.0	3.01975339291	3.00305625979
1330.0	27.0	13.5602670132	6.56218985292
1340.0	8.0	4.32758358412	7.15096357881
1340.0	23.0	2.61629177775	4.34766557138
1340.0	24.0	2.48980224687	2.96343873304
1340.0	27.0	12.9838030779	6.4168460349
1350.0	8.0	4.47091032378	7.163851208
1350.0	23.0	2.17747202419	4.29325113705
1350.0	24.0	1.95964063572	2.92358254649
1350.0	27.0	12.3919751896	6.27293417567
1360.0	8.0	4.56035799537	7.20442337395
1360.0	23.0	1.73844180551	4.23859804291
1360.0	24.0	1.42968948969	2.88372635994
1360.0	27.0	11.7384810243	6.13475015163
1370.0	8.0	4.65001613207	7.2449955399
1370.0	23.0	1.27057786681	4.17941041258
1370.0	24.0	0.89952787854	2.84410883319
1370.0	27.0	11.0915112773	6.02186406637
1380.0	8.0	4.73946380366	7.28580636565
1380.0	23.0	0.735786023251	4.10996041087
1380.0	24.0	0.369576732502	2.80425264663
1380.0	27.0	10.4601159484	5.96768829183
1390.0	8.0	4.82912194036	7.3263785316
1390.0	23.0	0.200783714583	4.04027174935
1390.0	27.0	9.83208806127	5.92425220829
1400.0	8.0	4.86048124169	7.34236873818
1400.0	27.0	9.23457761504	5.97795066322
1410.0	8.0	4.80470798764	7.32112801601
1410.0	27.0	8.63727763392	6.03188777796
1420.0	8.0	4.7491451987	7.30012595363
1420.0	27.0	8.0397671877	6.08582489269
1430.0	8.0	4.69337194465	7.27912389126
1430.0	27.0	7.37553930172	6.12305582145
1440.0	8.0	4.53552311243	7.2466661585
1440.0	27.0	6.71110095063	6.1602867502
1450.0	8.0	4.37767428021	7.21396976594
1450.0	27.0	6.04687306465	6.19775633876
1460.0	8.0	4.21982544799	7.18151203318
1460.0	27.0	5.42999982834	6.25288675249
1470.0	8.0	4.06197661577	7.14905430042
1470.0	27.0	4.82491263817	6.31255170242
1480.0	8.0	3.90496964399	7.12113110385
1480.0	27.0	4.21982544799	6.37221665235
1490.0	8.0	3.74838360243	7.09678780428
1490.0	27.0	3.63052314104	6.48104552102
1500.0	8.0	3.59200802598	7.07220584491
1500.0	27.0	3.05174408957	6.62280944205
1510.0	8.0	3.43542198442	7.04786254534
1510.0	27.0	2.4729650381	6.76457336308
1520.0	8.0	3.27631036154	7.04762388554
1520.0	27.0	1.94406621761	6.96504759484
1530.0	8.0	3.11635687823	7.05812491673
1530.0	27.0	1.48988251104	7.25406461229
1540.0	8.0	2.9561929298	7.06838728811
1540.0	27.0	1.12493601095	7.56312905292
1550.0	8.0	2.79602898138	7.0788883193
1550.0	27.0	0.849016252229	7.89224091672
1550.0	29.0	0.119123252048	5.75575838969
1560.0	8.0	2.64175805602	7.08915069069
1560.0	27.0	0.57330695862	8.22135278053
1560.0	29.0	0.612243003901	5.71494756394
1570.0	8.0	2.54115573362	7.09965172188
1570.0	27.0	0.372733709147	8.53709969555
1570.0	29.0	1.10515229064	5.67389807839
1570.0	31.0	14.6123820962	3.77774596966
1580.0	8.0	2.44055341122	7.10991409326
1580.0	27.0	0.222461620874	8.84401619798
1580.0	29.0	1.5982720425	5.63308725264
1580.0	31.0	13.9433135127	3.85435576537
1590.0	8.0	2.34647550722	7.11206203146
1590.0	27.0	0.0721895326016	9.15093270041
1590.0	29.0	2.09749528253	5.60611869527
1590.0	31.0	13.2742449292	3.93096556108
1600.0	8.0	2.25408132409	7.11206203146
1600.0	29.0	2.60555805716	5.60039086008
1600.0	31.0	12.6232763451	3.96175267524
1610.0	8.0	2.16168714096	7.11206203146
1610.0	29.0	3.11383129691	5.59442436508
1610.0	31.0	11.9840938072	3.96175267524
1620.0	8.0	2.06929295784	7.11206203146
1620.0	29.0	3.62210453666	5.58869652989
1620.0	31.0	11.3449112693	3.96175267524
1630.0	8.0	1.97605691427	7.0824682163
1630.0	29.0	4.13395568326	5.5789114781
1630.0	31.0	10.7196194286	3.93788669527
1640.0	8.0	1.88239994049	7.03998677195
1640.0	29.0	4.65464636448	5.56005735392
1640.0	31.0	10.0960113087	3.9113954575
1650.0	8.0	1.78895343182	6.9975053276
1650.0	29.0	5.17512658058	5.54120322975
1650.0	31.0	9.48187411885	3.88800679713
1660.0	8.0	1.69550692314	6.95502388325
1660.0	29.0	5.6958172618	5.52234910557
1660.0	31.0	8.90541018358	3.87774442574
1660.0	33.0	-0.0164162785508	4.84216867639
1670.0	8.0	1.62500111142	6.91994089269
1670.0	29.0	6.2162974779	5.51972384777
1670.0	31.0	8.32894624832	3.86724339456
1670.0	33.0	0.459024404093	4.85099908898
1680.0	8.0	1.64709994793	6.9134970781
1680.0	29.0	6.73656722889	5.53285013676
1680.0	31.0	7.76321603365	3.78824700085
1680.0	33.0	0.934675551847	4.85982950156
1690.0	8.0	1.66940924955	6.90729192331
1690.0	29.0	7.257047445	5.54621508554
1690.0	31.0	7.19895907474	3.70137483376
1690.0	33.0	1.41011623449	4.86865991415
1700.0	8.0	1.69150808606	6.90108676851
1700.0	29.0	7.77731719599	5.55934137453
1700.0	31.0	6.65069746417	3.5798969957
1700.0	33.0	1.89860575393	4.90278826551
1710.0	8.0	1.71360692257	6.89464295392
1710.0	29.0	8.28495904041	5.52592900257
1710.0	31.0	6.10959166732	3.44362225007
1710.0	33.0	2.38730573848	4.93691661687
1720.0	8.0	1.73570575908	6.88843779913
1720.0	29.0	8.79112762906	5.48726611501
1720.0	31.0	5.56827540536	3.30710884463
1720.0	33.0	2.86590339777	4.9972975462
1730.0	8.0	1.7580150607	6.88223264434
1730.0	29.0	9.29750668282	5.44860322746
1730.0	31.0	4.99896728383	3.2505464721
1730.0	33.0	3.30514408156	5.1634047668
1740.0	8.0	1.78011389721	6.87602748954
1740.0	29.0	9.81693457337	5.40039394792
1740.0	31.0	4.42650218564	3.20281451215
1740.0	33.0	3.74438476535	5.3292733276
1750.0	8.0	1.84830459273	6.87053831415
1750.0	29.0	10.3889787413	5.31471507982
1750.0	31.0	3.83677894847	3.18825626437
1750.0	33.0	4.19877893703	5.4175774535
1760.0	8.0	1.94743365937	6.86600377796
1760.0	29.0	10.9608124442	5.22903621172
1760.0	31.0	3.22095803771	3.22357791473
1760.0	33.0	4.65485682959	5.4970511668
1770.0	8.0	2.046562726	6.86123058196
1770.0	29.0	11.5328566122	5.14335734362
1770.0	31.0	2.60513712694	3.25913822489
1770.0	33.0	4.97055449403	5.57175168411
1780.0	8.0	2.14548132752	6.85645738597
1780.0	29.0	12.1049007801	5.06054239312
1780.0	31.0	2.01120458758	3.26510471988
1780.0	33.0	5.14587193034	5.64120168583
1790.0	8.0	2.24461039416	6.85192284977
1790.0	29.0	12.676734483	4.98393259742
1790.0	31.0	1.42653251304	3.25842224549
1790.0	33.0	5.30477308811	5.70444653275
1800.0	8.0	2.26797202132	6.85812800457
1800.0	29.0	13.2485681858	4.90732280171
1800.0	31.0	0.841860438502	3.2517397711
1800.0	33.0	5.31592773892	5.71017436794
1810.0	8.0	2.21598713925	6.87531151015
1810.0	29.0	13.8204018887	4.8309516658
1810.0	31.0	0.257188363962	3.2450572967
1810.0	33.0	5.32687192462	5.71566354334
1820.0	8.0	2.16379179206	6.89249501572
1820.0	29.0	14.3922355915	4.75434187009
1820.0	33.0	5.33781611032	5.72115271873
1820.0	34.0	0.20814999342	7.03067903976
1830.0	8.0	2.11180690998	6.9099171811
1830.0	29.0	14.9640692944	4.67773207438
1830.0	33.0	5.34897076113	5.72664189412
1830.0	34.0	0.395253475877	6.93354450128
1840.0	8.0	2.05982202791	6.92710068668
1840.0	33.0	5.35991494683	5.73236972932
1840.0	34.0	0.582356958334	6.83617130299
1850.0	8.0	2.00762668072	6.94428419226
1850.0	33.0	5.37085913253	5.73785890471
1850.0	34.0	0.774090673203	6.71421614534
1860.0	8.0	1.95564179864	6.96146769784
1860.0	33.0	5.38201378334	5.7433480801
1860.0	34.0	0.972769736689	6.55526871873
1870.0	8.0	1.90344645145	6.97865120342
1870.0	33.0	5.39295796904	5.7488372555
1870.0	34.0	1.17165926529	6.39608263232
1880.0	8.0	1.85146156938	6.995834709
1880.0	33.0	5.40390215475	5.75456509069
1880.0	34.0	1.37033832877	6.23689654591
1890.0	8.0	1.79926622219	7.01325687438
1890.0	33.0	5.41484634045	5.76005426608
1890.0	34.0	1.53534297472	6.1660145854
1900.0	8.0	1.63026273916	6.96743419283
1900.0	33.0	5.42600099126	5.76554344148
1900.0	34.0	1.69171855117	6.11708932646
1910.0	8.0	1.43179414078	6.90609862431
1910.0	33.0	5.43694517696	5.77103261687
1910.0	34.0	1.84830459273	6.06816406751
1920.0	8.0	1.23332554241	6.84476305578
1920.0	33.0	5.44788936266	5.77676045206
1920.0	34.0	2.00489063429	6.01923880857
1930.0	8.0	1.01254764241	6.81158934362
1930.0	33.0	5.45904401347	5.78224962746
1930.0	34.0	2.21451388348	5.9982367462
1940.0	8.0	0.739574395224	6.84380841658
1940.0	33.0	5.46998819917	5.78773880285
1940.0	34.0	2.43024062085	5.98033726122
1950.0	8.0	0.46639068293	6.87602748954
1950.0	33.0	5.48093238487	5.79322797824
1950.0	34.0	2.64596735821	5.96243777624
1960.0	8.0	0.193417435746	6.90824656251
1960.0	33.0	5.49208703568	5.79895581344
1960.0	34.0	2.86169409558	5.94453829126
1970.0	33.0	5.72191493539	5.79036406065
1970.0	34.0	3.04037897365	6.00539654019
1980.0	33.0	5.97636725293	5.78057900886
1980.0	34.0	3.21506501464	6.07532386151
1990.0	33.0	6.30974398657	5.71828880113
1990.0	34.0	3.38954059052	6.14525118282
2000.0	33.0	6.72225560144	5.60373209727
2000.0	34.0	3.5640161664	6.21493984434
2010.0	33.0	7.13476721631	5.48917539341
2010.0	34.0	3.63052314104	6.26171716508
2020.0	33.0	7.58053231849	5.45409240285
2020.0	34.0	3.66988011654	6.30276665063
2030.0	33.0	8.02608695557	5.41900941229
2030.0	34.0	3.70944755715	6.34381613618
2040.0	33.0	8.47185205776	5.38392642174
2040.0	34.0	3.74880453265	6.38486562173
2050.0	33.0	8.91467064841	5.34263827639
2050.0	34.0	3.78837197326	6.42591510728
2060.0	33.0	9.35559505307	5.29705425464
2060.0	34.0	3.82772894876	6.46696459284
2070.0	33.0	9.79672992285	5.25170889269
2070.0	34.0	3.97652778126	6.49417181
2080.0	33.0	10.2376543275	5.20612487095
2080.0	34.0	4.28927893417	6.50109294419
2090.0	33.0	10.670581058	5.14383466322
2090.0	34.0	4.60203008707	6.50801407839
2100.0	33.0	11.0915112773	5.05648517653
2100.0	34.0	4.91457077487	6.51469655278
2110.0	33.0	11.5124414965	4.96889703003
2110.0	34.0	5.28688355379	6.46720325264
2120.0	33.0	11.9617845056	4.89873104892
2120.0	34.0	5.66572075112	6.4135047977
2130.0	33.0	12.454062397	4.85481764577
2130.0	34.0	6.04455794845	6.35980634276
2140.0	33.0	12.9461298233	4.81066558282
2140.0	34.0	6.42339514577	6.30610788783
2150.0	33.0	13.4384077147	4.76651351988
2150.0	34.0	6.76161257694	6.21159860714
2160.0	33.0	13.930475141	4.72260011673
2160.0	34.0	7.0951997757	6.11255479026
2170.0	33.0	14.4227530324	4.67844805378
2170.0	34.0	7.42899743956	6.01374963318
2180.0	33.0	14.9148204587	4.63429599084
2180.0	34.0	7.76258463832	5.9147058163
2190.0	34.0	8.09659276729	5.82425375221
2200.0	34.0	8.43060089627	5.73618828611
2210.0	34.0	8.76439856014	5.64788416022
2220.0	34.0	9.09840668911	5.55981869412
2230.0	34.0	9.42104970217	5.48225425922
2240.0	34.0	9.69844271665	5.44836456766
2250.0	34.0	9.97562526603	5.4142362163
2260.0	34.0	10.2530182805	5.38010786494
2270.0	34.0	10.5302008299	5.34597951358
2280.0	34.0	10.8075938444	5.31185116222
2290.0	34.0	11.0847763938	5.27772281086
2300.0	34.0	11.3390182462	5.21543260314
2310.0	34.0	11.5909449824	5.14980115822
2320.0	34.0	11.8426612535	5.0844083731
2330.0	34.0	12.0943775246	5.01877692817
2340.0	34.0	12.3460937957	4.95338414305
2350.0	34.0	12.6603182044	4.88608207953
2360.0	34.0	12.9903274963	4.81830269641
2370.0	34.0	13.3201263231	4.7505233133
2380.0	34.0	13.650135615	4.68298258998
2390.0	34.0	13.9799344418	4.61520320686
2400.0	34.0	14.3099437337	4.54742382374
2410.0	34.0	14.6397425604	4.47964444062
2420.0	34.0	14.9697518523	4.4118650575
2530.0	39.0	14.7205611625	5.03906301115
2540.0	39.0	14.2169181552	5.10731971387
2550.0	39.0	13.7132751479	5.17557641659
2560.0	39.0	13.1403891195	5.25337951129
2570.0	39.0	12.5214112321	5.33762642059
2580.0	39.0	11.9024333447	5.42187332989
2590.0	39.0	11.3030287124	5.4970511668
2600.0	39.0	10.781917101	5.53690735335
2610.0	39.0	10.2605950245	5.5767635399
2620.0	39.0	9.73948341303	5.61638106666
2630.0	39.0	9.2183718016	5.65623725321
2640.0	39.0	8.71914856157	5.65074807782
2650.0	39.0	8.21992532153	5.64502024262
2660.0	39.0	7.7207020815	5.63953106723
2670.0	39.0	7.22147884147	5.63404189184
2680.0	39.0	6.73362071736	5.65194137681
2690.0	39.0	6.25081375588	5.68010323318
2700.0	39.0	5.7680067944	5.70826508955
2710.0	39.0	5.26709983349	5.67890993418
2720.0	39.0	4.72431031576	5.51566663118
2730.0	39.0	4.18152079804	5.35218466837
2740.0	39.0	3.63873128032	5.18894136537
2750.0	39.0	3.10246618099	5.03667641315
2760.0	39.0	2.57230456984	4.89515115192
2770.0	39.0	2.04235342381	4.75386455049
2780.0	39.0	1.50251041762	4.65601403261
2790.0	39.0	0.960562760331	4.56914186551
2800.0	39.0	0.418404637936	4.48250835822
2810.0	39.0	-0.12375348446	4.39563619112
2930.0	42.0	-0.0926046482352	5.76124756508
2940.0	42.0	0.454604636791	5.73738158511
2950.0	42.0	1.00181392182	5.71351560514
2960.0	42.0	1.54902320684	5.68964962517
2970.0	42.0	2.06866156251	5.69704807896
2980.0	42.0	2.57019991875	5.72497127553
2990.0	42.0	3.07152780987	5.75313313189
3000.0	42.0	3.56822546859	5.77676045206
3010.0	42.0	4.04598126744	5.78320426666
3020.0	42.0	4.5239475314	5.78964808125
3030.0	42.0	5.00170333025	5.79609189584
3040.0	42.0	5.49313936123	5.80229705063
3040.0	44.0	0.300754641655	4.86603465636
3040.0	45.0	0.112809298759	4.1629428864
3050.0	42.0	5.99825562433	5.80826354563
3050.0	44.0	0.781667417149	4.84049805779
3050.0	45.0	0.6690685835	4.06055783232
3060.0	42.0	6.50337188743	5.81423004062
3060.0	44.0	1.26279065775	4.81496145922
3060.0	45.0	1.22511740313	3.95841143805
3070.0	42.0	7.00848815053	5.82019653561
3070.0	44.0	1.75633133983	4.78178774706
3070.0	45.0	1.77443133925	3.86414081716
3080.0	42.0	7.50960557655	5.81995787581
3080.0	44.0	2.27933713724	4.73119186952
3080.0	45.0	2.26165806804	3.84385473418
3090.0	42.0	8.00651370037	5.81327540142
3090.0	44.0	2.80234293466	4.68059599198
3090.0	45.0	2.74867433171	3.82332999141
3100.0	42.0	8.5034218242	5.80683158683
3100.0	44.0	3.32534873208	4.63000011444
3100.0	45.0	3.23569059538	3.80280524863
3110.0	42.0	9.00032994803	5.80014911244
3110.0	44.0	3.86392894762	4.57391506151
3110.0	45.0	3.75111964886	3.76175576308
3120.0	42.0	9.4808217933	5.7457346781
3120.0	44.0	4.40250916315	4.51759134878
3120.0	45.0	4.2854905622	3.70662534935
3130.0	42.0	9.9596299177	5.68606972817
3130.0	44.0	4.94087891357	4.46150629584
3130.0	45.0	4.81965101042	3.65149493562
3130.0	46.0	0.535212773778	4.00256350099
3140.0	42.0	10.4384380421	5.62640477824
3140.0	44.0	5.45672889726	4.42355938769
3140.0	45.0	5.35381145865	3.59636452188
3140.0	46.0	1.08389531457	4.04528360514
3150.0	42.0	10.9172461665	5.56673982832
3150.0	44.0	5.95721492795	4.39778412932
3150.0	45.0	5.88249981403	3.57583977911
3150.0	46.0	1.63257785537	4.08800370929
3160.0	42.0	11.4703484746	5.48201559942
3160.0	44.0	6.45791142375	4.37200887095
3160.0	45.0	6.4086625881	3.57035060371
3160.0	46.0	2.15768830388	4.14647536022
3170.0	42.0	12.031658922	5.39442745292
3170.0	44.0	6.95839745444	4.34623361258
3170.0	45.0	6.93482536216	3.56462276852
3170.0	46.0	2.66680340407	4.21592536194
3180.0	42.0	12.5927589042	5.30707796623
3180.0	44.0	7.49487301887	4.31449185922
3180.0	45.0	7.46098813622	3.55889493333
3180.0	46.0	3.17591850425	4.28513670385
3190.0	42.0	13.0989274929	5.2445490987
3190.0	44.0	8.03513695528	4.28227278626
3190.0	45.0	7.96568346911	3.49374080801
3190.0	46.0	3.67072197698	4.31663979742
3200.0	42.0	13.5987821282	5.18488414877
3200.0	44.0	8.5756113568	4.2500537133
3200.0	45.0	8.4487008957	3.36892173276
3200.0	46.0	4.15100335714	4.31067330242
3210.0	42.0	14.1041088564	5.08679497109
3210.0	44.0	9.10829854926	4.20423103175
3210.0	45.0	8.9319287874	3.2441026575
3210.0	46.0	4.63128473731	4.30446814763
3210.0	50.0	14.9125053425	4.46938206923
3220.0	42.0	14.6153286077	4.95052022546
3220.0	44.0	9.61088923105	4.10423257567
3220.0	45.0	9.41494621399	3.11928358225
3220.0	46.0	5.11156611748	4.29826299284
3220.0	50.0	14.3383565235	4.62140836165
3230.0	42.0	15.1263378939	4.81400682002
3230.0	44.0	10.1132694477	4.00399545979
3230.0	45.0	9.90364619854	3.0013856412
3230.0	46.0	5.63204633358	4.25506556909
3230.0	50.0	13.7644181695	4.77319599427
3240.0	44.0	10.6194380364	3.90280370471
3240.0	45.0	10.4422264141	2.94530058826
3240.0	46.0	6.17925561861	4.18680886637
3240.0	50.0	13.2422542325	4.84383929498
3250.0	44.0	11.1594915077	3.79158823805
3250.0	45.0	10.9808066296	2.88921553533
3250.0	46.0	6.72646490363	4.11855216365
3250.0	50.0	12.7198798304	4.9147212555
3260.0	44.0	11.6997554441	3.68013411158
3260.0	45.0	11.51917638	2.8331304824
3260.0	46.0	7.2679916307	4.05530731673
3260.0	50.0	12.2059240327	4.9989681648
3270.0	44.0	12.2385461247	3.5815676143
3270.0	45.0	12.0737519439	2.80616192503
3270.0	46.0	7.75921719656	4.03693051215
3270.0	50.0	11.7109100949	5.11495682746
3280.0	44.0	12.7647088988	3.59922843948
3280.0	45.0	12.6348519261	2.79160367725
3280.0	46.0	8.25023229732	4.01855370758
3280.0	50.0	11.2161066222	5.23118414992
3290.0	44.0	13.2908716729	3.61712792446
3290.0	45.0	13.1961623735	2.77704542947
3290.0	46.0	8.74124739808	4.0004155628
3290.0	50.0	10.7213031494	5.34717281258
3300.0	44.0	13.8170344469	3.63478874964
3300.0	45.0	13.7448449143	2.79160367725
3300.0	46.0	9.24110203344	3.98442535622
3300.0	50.0	10.2060845611	5.42545322689
3310.0	44.0	14.343197221	3.65244957481
3310.0	45.0	14.2745855952	2.84912068898
3310.0	46.0	9.775893877	3.97798154162
3310.0	50.0	9.6776066708	5.47867436222
3320.0	44.0	14.869359995	3.67011039999
3320.0	45.0	14.8043262762	2.90663770071
3320.0	46.0	10.3104752554	3.97153772703
3320.0	50.0	9.14912878053	5.53165683776
3330.0	45.0	15.3342774222	2.96439337224
3330.0	46.0	10.845267099	3.96509391244
3330.0	50.0	8.62065089026	5.58463931329
3340.0	46.0	11.3813217332	3.96509391244
3340.0	50.0	8.09659276729	5.63642848983
3350.0	46.0	11.9188496232	3.97153772703
3350.0	50.0	7.61252301516	5.67819395478
3360.0	46.0	12.4563775132	3.97798154162
3360.0	50.0	7.12845326302	5.71995941973
3370.0	46.0	12.9939054032	3.98442535622
3370.0	50.0	6.64438351088	5.76172488468
3370.0	52.0	0.00820813927539	4.07392278111
3380.0	46.0	13.5314332932	3.99086917081
3380.0	50.0	6.15905096808	5.80659292703
3380.0	52.0	0.566361610002	4.03239597596
3390.0	46.0	14.0689611831	3.9973129854
3390.0	50.0	5.66151144893	5.87890684634
3390.0	52.0	1.12451508073	3.99086917081
3400.0	46.0	14.6064890731	4.00375679999
3400.0	50.0	5.16397192977	5.95122076565
3400.0	52.0	1.68182669102	3.94647844806
3410.0	46.0	15.1440169631	4.01020061459
3410.0	50.0	4.66664287573	6.02353468497
3410.0	52.0	2.23661271999	3.89588257052
3420.0	50.0	4.22108823865	6.06458417052
3420.0	52.0	2.79160921407	3.84528669298
3430.0	50.0	3.78837197326	6.09775788268
3430.0	52.0	3.34639524305	3.79469081544
3440.0	50.0	3.35565570787	6.13093159484
3440.0	52.0	3.94095917774	3.75889184549
3450.0	50.0	2.92293944248	6.19369912216
3450.0	52.0	4.53552311243	3.72309287553
3460.0	50.0	2.48917085154	6.37436459055
3460.0	52.0	5.13008704712	3.68729390557
3470.0	50.0	2.05561272571	6.55526871873
3470.0	52.0	5.72465098181	3.65149493562
3480.0	50.0	1.62184413477	6.73593418711
3480.0	52.0	6.34426026455	3.6648598844
3490.0	50.0	1.28257437806	6.9151676967
3490.0	52.0	6.9640800124	3.67798617338
3500.0	50.0	0.953617411713	7.09416254648
3500.0	52.0	7.58368929514	3.69135112217
3510.0	50.0	0.624870910478	7.27315739627
3510.0	52.0	8.22224043774	3.68323668898
3520.0	52.0	8.88857297481	3.64361916223
3530.0	52.0	9.555115977	3.60376297567
3540.0	52.0	10.2216589792	3.56390678912
3550.0	52.0	10.8450566339	3.51665214878
3560.0	52.0	11.4579310331	3.46748823004
3570.0	52.0	12.0708054324	3.4185629711
3580.0	52.0	12.6954658777	3.34004389699
3580.0	55.0	15.0432041756	4.67343619799
3580.0	56.0	0.153429064917	8.46406979684
3590.0	52.0	13.3375949272	3.21761141974
3590.0	55.0	14.9503890622	4.50494237939
3590.0	56.0	0.295913944133	8.12708215964
3600.0	52.0	13.9797239767	3.09517894248
3600.0	55.0	14.8575739489	4.33668722059
3600.0	56.0	0.43818835824	7.79009452245
3610.0	52.0	14.6218530261	2.97274646523
3610.0	55.0	14.7647588356	4.168193402
3610.0	56.0	0.580673237457	7.45310688525
3620.0	52.0	15.2641925407	2.85055264778
3620.0	55.0	14.61006698	4.00304082059
3620.0	56.0	0.780194161382	7.13950790843
3630.0	55.0	14.2082890857	3.85101452818
3630.0	56.0	1.20891158969	6.91850893389
3640.0	55.0	13.8065111914	3.69922689556
3640.0	56.0	1.637629018	6.69750995936
3650.0	55.0	13.2677205108	3.73741246351
3650.0	56.0	2.0859197015	6.53832387295
3660.0	55.0	12.7289298302	3.77559803147
3660.0	56.0	2.55357317509	6.44118933447
3670.0	55.0	12.2151844976	3.80614648583
3670.0	56.0	3.02143711378	6.34381613618
3680.0	55.0	11.7262740479	3.8292964864
3680.0	56.0	3.46741268108	6.29465221744
3690.0	55.0	11.2375740633	3.85244648697
3690.0	56.0	3.90812662064	6.25742128869
3700.0	55.0	10.7436124511	3.86628875536
3700.0	56.0	4.34863009508	6.21995170013
3710.0	55.0	10.2422845599	3.86628875536
3710.0	56.0	4.82722775437	6.1660145854
3720.0	55.0	9.74074620369	3.86628875536
3720.0	56.0	5.33108122681	6.10109911987
3730.0	55.0	9.23941831256	3.86628875536
3730.0	56.0	5.83493469926	6.03594499455
3740.0	55.0	8.77639507138	3.90614494191
3740.0	56.0	6.31984631184	5.93881045607
3750.0	55.0	8.31337183021	3.94576246866
3750.0	56.0	6.76056025139	5.76745271988
3760.0	55.0	7.85034858903	3.98561865521
3760.0	56.0	7.20127419095	5.59585632388
3760.0	60.0	0.385151150615	4.07583205951
3770.0	55.0	7.40563581239	3.9992222638
3770.0	56.0	7.64998580467	5.43643157767
3770.0	60.0	0.83723020609	4.04934082174
3780.0	55.0	6.96092303575	4.01258721258
3780.0	56.0	8.17299160209	5.38583570013
3780.0	60.0	1.28930926157	4.02284958397
3790.0	55.0	6.51599979401	4.02619082117
3790.0	56.0	8.69599739951	5.33523982259
3790.0	60.0	1.73528482886	4.00948463519
3800.0	55.0	6.07128701737	4.03955576995
3800.0	56.0	9.21900319693	5.28440528526
3800.0	60.0	2.17536737309	4.00948463519
3810.0	55.0	5.62657424073	4.05315937853
3810.0	56.0	9.75169038939	5.21972847953
3810.0	60.0	2.61544991732	4.00948463519
3820.0	55.0	5.17659983635	4.12523463805
3820.0	56.0	10.2869031632	5.15171043661
3820.0	60.0	3.05721618242	4.00638205779
3830.0	55.0	4.72452078087	4.22260783633
3830.0	56.0	10.8221159369	5.0834537339
3830.0	60.0	3.50529640081	3.99110783061
3840.0	55.0	4.2724417254	4.31974237481
3840.0	56.0	11.3529089434	5.01591301058
3840.0	60.0	3.95337661921	3.97559494363
3850.0	55.0	3.8024731356	4.26413464148
3850.0	56.0	11.8731786944	4.94956558626
3850.0	60.0	4.40314055848	3.96580989184
3860.0	55.0	3.3322940807	4.20828824835
3860.0	56.0	12.3934484454	4.88321816194
3860.0	60.0	4.86763705542	4.00709803719
3870.0	55.0	2.86232549091	4.15268051501
3870.0	56.0	12.9137181964	4.81687073762
3870.0	60.0	5.33192308725	4.04814752274
3880.0	55.0	2.37131039015	4.03693051215
3880.0	56.0	13.4586123652	4.72283877653
3880.0	60.0	5.7943149331	4.09158360629
3890.0	55.0	1.88008482428	3.92118050929
3890.0	56.0	14.0140297895	4.61663516566
3890.0	60.0	6.24807770945	4.14361144262
3900.0	55.0	1.38906972353	3.80543050643
3900.0	56.0	14.5694472138	4.51067021458
3900.0	60.0	6.70205095092	4.19587793876
3910.0	55.0	0.869852298082	3.71521710214
3910.0	56.0	15.1248646381	4.40470526351
3910.0	60.0	7.15581372727	4.2481444349
3920.0	55.0	0.338848826497	3.63550472903
3920.0	60.0	7.63925208408	4.30613876623
3930.0	60.0	8.122900906	4.36413309756
3940.0	60.0	8.60633926281	4.42236608869
3950.0	60.0	9.10093227043	4.46675681144
3960.0	60.0	9.62162295164	4.47916712102
3970.0	60.0	10.1421031677	4.49181609041
3980.0	60.0	10.662793849	4.50446505979
3990.0	60.0	11.1704356934	4.52260320457
4000.0	60.0	11.665028701	4.54646918454
4010.0	60.0	12.1596217086	4.57033516451
4010.0	66.0	13.3811612049	12.2842972109
4020.0	60.0	12.6542147162	4.59420114448
4020.0	66.0	13.3958937626	12.0678327725
4030.0	60.0	13.1488077239	4.61806712446
4030.0	66.0	13.4106263202	11.8513683342
4040.0	60.0	13.6434007315	4.64193310443
4040.0	66.0	13.4251484128	11.6349038958
4050.0	60.0	14.1379937391	4.6657990844
4050.0	66.0	13.4398809705	11.4184394575
4060.0	60.0	14.6325867467	4.68966506437
4060.0	66.0	13.4706088765	11.1661760492
4070.0	60.0	15.1271797543	4.71353104434
4070.0	66.0	13.5255402701	10.8599755262
4080.0	66.0	13.5804716637	10.5540136629
4090.0	66.0	13.6354030573	10.2478131399
4100.0	66.0	13.6903344509	9.94185127666
4110.0	66.0	13.7090658457	9.6628579708
4120.0	66.0	13.7189577058	9.39102445892
4130.0	66.0	13.7286391009	9.11895228725
4140.0	66.0	13.738530961	8.84711877538
4150.0	66.0	13.7412670075	8.56788680971
4160.0	66.0	13.7370577053	8.28149505006
4170.0	66.0	13.7328484031	7.9951032904
4180.0	66.0	13.7286391009	7.70871153074
4190.0	66.0	13.7244297987	7.42231977109
4200.0	66.0	13.6583437543	7.12566564004
4210.0	66.0	13.5305914327	6.81874913761
4220.0	66.0	13.4028391112	6.51207129498
4230.0	66.0	13.1435460961	6.22711149412
4240.0	66.0	12.8278484317	5.95169808525
4250.0	66.0	12.5009961164	5.69394550156
4260.0	66.0	12.0733310137	5.59394704548
4270.0	66.0	11.6454554458	5.4937099296
4280.0	66.0	11.217790343	5.39371147352
4290.0	66.0	10.7785496593	5.40922436051
4300.0	66.0	10.3393089755	5.42473724749
4310.0	66.0	9.90006829168	5.44048879427
4320.0	66.0	9.46082760789	5.45600168125
4330.0	66.0	9.02705901695	5.4987217854
4340.0	66.0	8.60107763507	5.5817753957
4350.0	66.0	8.17530671829	5.6650676658
4360.0	66.0	7.74953580152	5.7483599359
4370.0	66.0	7.32776372183	5.8309362266
4380.0	66.0	6.94282303633	5.90659138311
4390.0	66.0	6.55788235082	5.98224653962
4400.0	66.0	6.17273120021	6.05790169613
4410.0	66.0	5.7877905147	6.13355685264
4420.0	66.0	5.39885099211	6.16983314219
4430.0	66.0	5.00991146953	6.20610943175
4440.0	66.0	4.62118241205	6.2426243811
4450.0	66.0	4.23224288946	6.27890067066
4460.0	66.0	3.85572080834	6.29894809384
4470.0	66.0	3.49793012198	6.29512953704
4480.0	66.0	3.14013943561	6.29107232045
4490.0	66.0	2.78234874925	6.28701510385
4500.0	66.0	2.42455806289	6.28319654706
4510.0	66.0	2.06676737652	6.27913933046
4520.0	66.0	1.72328831761	6.30109603203
4530.0	66.0	1.401487165	6.36195428096
4540.0	66.0	1.07947554727	6.42281252989
4550.0	66.0	0.757674394652	6.48367077882
4560.0	66.0	0.435873242034	6.54452902774
4570.0	66.0	0.113861624307	6.60514861687
5040.0	78.0	15.1440169631	7.37029193475
5050.0	78.0	14.9047181335	7.02304192617
5060.0	78.0	14.6656297689	6.67603057738
5070.0	78.0	14.4324344275	6.34453211558
5080.0	78.0	14.2084995508	6.03666097395
5090.0	78.0	13.9843542091	5.72855117252
5100.0	78.0	13.7418984028	5.46196817624
5110.0	78.0	13.456297249	5.29132641945
5120.0	78.0	13.1706960953	5.12092332245
5130.0	78.0	12.8728879651	5.02235682517
5140.0	78.0	12.5630833238	4.9958655874
5150.0	78.0	12.2530682173	4.96937434963
5160.0	78.0	11.9432635759	4.94288311187
5170.0	78.0	11.6071507958	4.94622434906
5180.0	78.0	11.2680915042	4.95290682345
5190.0	78.0	10.9290322126	4.95958929785
5200.0	78.0	10.620700827	4.96197589584
5210.0	78.0	10.3839275787	4.95433878225
5220.0	78.0	10.1471543304	4.94694032846
5230.0	78.0	9.91038108205	4.94503105006
5240.0	78.0	9.67402876394	4.9937176492
5250.0	78.0	9.43788691094	5.04264290815
5260.0	78.0	9.20153459283	5.09132950729
5270.0	78.0	8.96539273983	5.14001610643
5280.0	78.0	8.73114507282	5.19824909756
5290.0	78.0	8.50447414975	5.29466765664
5290.0	86.0	0.414195335743	3.61235472846
5300.0	78.0	8.27780322668	5.39084755593
5300.0	86.0	0.947934853753	3.62929957424
5310.0	78.0	8.05113230361	5.48726611501
5310.0	86.0	1.48146390665	3.64648307982
5320.0	78.0	7.82446138055	5.5836846741
5320.0	86.0	1.95732551952	3.61569596566
5320.0	89.0	14.9202925516	6.82376099341
5330.0	78.0	7.59779045748	5.68010323318
5330.0	86.0	2.40835224944	3.56462276852
5330.0	89.0	14.3852902429	6.69440738196
5340.0	78.0	7.35533465119	5.75957694648
5340.0	86.0	2.85937897937	3.51331091158
5340.0	89.0	13.8502879342	6.56505377052
5350.0	78.0	7.11308931001	5.83928931959
5350.0	86.0	3.32913710406	3.46915884863
5350.0	89.0	13.2765600454	6.40037850872
5360.0	78.0	6.87063350373	5.91876303289
5360.0	86.0	3.80121034495	3.42596142489
5360.0	89.0	12.6929402964	6.22687283432
5370.0	78.0	6.63596490649	6.00515788039
5370.0	86.0	4.27307312073	3.38252534134
5370.0	89.0	12.1156345007	6.09322334648
5380.0	78.0	6.4044532859	6.09465530528
5380.0	86.0	4.69189868888	3.30376760743
5380.0	89.0	11.542117077	5.98630375621
5390.0	78.0	6.17294166532	6.18415273017
5390.0	86.0	5.07515565351	3.20138255336
5390.0	89.0	10.9688101184	5.87914550614
5400.0	78.0	5.94143004473	6.27365015507
5400.0	86.0	5.45862308325	3.09923615908
5400.0	89.0	10.3929775784	5.93881045607
5410.0	78.0	5.73433237686	6.34787335278
5410.0	86.0	5.86755679125	3.12906863404
5410.0	89.0	9.81588224783	6.06959602631
5410.0	94.0	14.9196611562	3.3309748246
5420.0	78.0	5.53754749936	6.4151754163
5420.0	86.0	6.28301491765	3.19183616137
5420.0	89.0	9.23878691723	6.20062025636
5420.0	94.0	14.4762111703	3.46748823004
5430.0	78.0	5.34076262186	6.48271613962
5430.0	86.0	6.69826257894	3.25460368869
5430.0	89.0	8.67958112096	6.3292578884
5430.0	94.0	14.0327611843	3.60376297567
5440.0	78.0	5.14397774436	6.55025686294
5440.0	86.0	7.11372070534	3.31737121602
5440.0	89.0	8.13237183593	6.45646356165
5440.0	94.0	13.6042542211	3.73621916451
5450.0	78.0	4.94403589021	6.61254707066
5450.0	86.0	7.52265441335	3.27656039027
5450.0	89.0	7.5851625509	6.58390789469
5450.0	94.0	13.210474001	3.85936762117
5460.0	78.0	4.71441845561	6.62877593704
5460.0	86.0	7.93158812135	3.23551090472
5460.0	89.0	7.07688931116	6.73617284691
5460.0	94.0	12.8166937809	3.98251607782
5470.0	78.0	4.48480102101	6.64500480342
5470.0	86.0	8.34052182935	3.19470007896
5470.0	89.0	6.5945032799	6.90514398511
5470.0	94.0	12.4197565841	4.09874340028
5480.0	78.0	4.25518358641	6.6612336698
5480.0	86.0	8.78376135022	3.161287707
5480.0	89.0	6.11043352776	7.07435378311
5480.0	94.0	12.0110333412	4.18752484577
5490.0	78.0	4.02556615181	6.67770119598
5490.0	86.0	9.26151714907	3.13551244864
5490.0	89.0	5.619418427	7.2433249213
5490.0	94.0	11.6020996332	4.27606763147
5500.0	78.0	3.76669406697	6.70013521716
5500.0	86.0	9.73948341303	3.10973719027
5500.0	89.0	5.12840332625	7.4122960595
5500.0	94.0	11.1931659252	4.36484907696
5510.0	78.0	3.49540454066	6.72519449613
5510.0	86.0	10.2172392119	3.0839619319
5510.0	89.0	4.69989636305	7.46098265864
5510.0	94.0	10.7833903568	4.48131505922
5520.0	78.0	3.22390454924	6.7502537751
5520.0	86.0	10.7042554756	3.08825780829
5520.0	89.0	4.28696381796	7.47912080342
5520.0	94.0	10.3731938581	4.60971403147
5530.0	78.0	2.95261502294	6.77531305407
5530.0	86.0	11.1935868554	3.10019079828
5530.0	89.0	3.88960569099	7.4924857522
5530.0	94.0	9.96299735945	4.73835166351
5540.0	78.0	2.6413371258	6.78987130185
5540.0	86.0	11.6829182353	3.11212378826
5540.0	89.0	3.55412430625	7.48508729841
5540.0	94.0	9.5530113259	4.86675063576
5550.0	78.0	2.32563946136	6.80323625063
5550.0	86.0	12.1722496152	3.12405677825
5550.0	89.0	3.21885338661	7.47745018482
5550.0	94.0	9.13923692038	5.0777258987
5560.0	78.0	2.00994179692	6.81636253962
5560.0	86.0	12.6630542508	3.13694440743
5560.0	89.0	2.88337200187	7.47005173103
5560.0	94.0	8.72483111953	5.30898724463
5570.0	78.0	1.71192320169	6.83784192159
5570.0	86.0	13.1540693516	3.15030935622
5570.0	89.0	2.61271387089	7.50418008239
5570.0	94.0	8.31021485356	5.54048725035
5580.0	78.0	1.45536623306	6.87865274734
5580.0	86.0	13.6450844524	3.163674305
5580.0	89.0	2.34226620502	7.53830843375
5580.0	94.0	7.85308463546	5.69728673876
5590.0	78.0	1.19859879932	6.91946357309
5590.0	86.0	14.1363100182	3.17680059399
5590.0	89.0	2.07202900426	7.56981152731
5590.0	94.0	7.35301953499	5.77938570986
5600.0	78.0	0.942041830684	6.96003573904
5600.0	86.0	14.627325119	3.19016554277
5600.0	89.0	1.80431738482	7.59152956909
5600.0	94.0	6.85316489963	5.86124602116
5610.0	78.0	0.676434862336	6.98127646122
5610.0	86.0	15.1183402197	3.20329183175
5610.0	89.0	1.53639530027	7.61324761086
5610.0	94.0	6.35246840383	5.94859550786
5620.0	78.0	0.375890685791	6.92447542889
5620.0	89.0	1.26847321571	7.63496565263
5620.0	94.0	5.84966725693	6.04811664434
5630.0	78.0	0.0751360441363	6.86767439655
5630.0	89.0	1.00644415423	7.88436514333
5630.0	94.0	5.34707657515	6.14739912102
5640.0	89.0	0.744836022965	8.1593012326
5640.0	94.0	4.84427542825	6.2469202575
5650.0	89.0	0.48343835681	8.43399866207
5650.0	94.0	4.35368125771	6.27675273246
5660.0	89.0	0.270658130978	8.95308372645
5660.0	94.0	3.86855918003	6.27675273246
5670.0	89.0	0.0902895320294	9.63493477423
5670.0	94.0	3.38322663723	6.27675273246
5680.0	94.0	2.89747316421	6.28462850585
5690.0	94.0	2.40624759835	6.36434087896
5700.0	94.0	1.91523249759	6.44381459226
5710.0	94.0	1.44168600093	6.52853882116
5720.0	94.0	1.1259883365	6.6605176904
5730.0	94.0	0.810290672058	6.79249655964
5740.0	94.0	0.49459300762	6.92423676909
5750.0	94.0	0.178895343182	7.05621563833
5860.0	99.0	0.479229054617	5.79680787524
5870.0	99.0	0.88816276262	5.78988674105
5880.0	99.0	1.29709647062	5.78296560686
5890.0	99.0	1.70603017862	5.77628313246
5900.0	99.0	2.10507202647	5.7443027193
5910.0	99.0	2.50306154878	5.70969704834
5920.0	99.0	2.90105107108	5.67485271759
5930.0	99.0	3.29904059338	5.64024704663
5940.0	99.0	3.69681965057	5.60540271587
5950.0	99.0	4.10912080033	5.57294498311
5960.0	99.0	4.54309985638	5.54382848754
5970.0	99.0	4.97686844731	5.51447333218
5980.0	99.0	5.41063703825	5.48535683661
5990.0	99.0	5.84440562919	5.45600168125
6000.0	99.0	6.29753701022	5.43667023747
6010.0	99.0	6.77003118132	5.42688518568
6020.0	99.0	7.24252535243	5.4171001339
6030.0	99.0	7.71501952354	5.40731508211
6040.0	99.0	8.18751369465	5.39753003032
6050.0	99.0	8.66337530752	5.4116109585
6060.0	99.0	9.14113110637	5.44144343347
6070.0	99.0	9.61909737033	5.47127590843
6070.0	103.0	0.131540693516	7.06003419512
6070.0	104.0	0.363262779214	8.04378988954
6080.0	99.0	10.0970636343	5.5011083834
6080.0	103.0	0.499854635361	6.86409449956
6080.0	104.0	0.729682535072	7.79629967724
6090.0	99.0	10.5750298982	5.53094085836
6090.0	103.0	0.868168577205	6.66791614419
6090.0	104.0	1.09589182582	7.54880946494
6100.0	99.0	10.9382926775	5.56626250872
6100.0	103.0	1.24953135585	6.46839655163
6100.0	104.0	1.47704413935	7.31707079941
6110.0	99.0	11.2729322018	5.60301611787
6110.0	103.0	1.74875459588	6.23641922631
6110.0	104.0	1.91649528825	7.14857698082
6120.0	99.0	11.607361261	5.63976972703
6120.0	103.0	2.2477673708	6.00468056079
6120.0	104.0	2.35594643715	6.98008316222
6130.0	99.0	11.9420007853	5.67652333618
6130.0	103.0	2.74678014572	5.77294189527
6130.0	104.0	2.79539758605	6.81158934362
6140.0	99.0	12.3439891446	5.84263055678
6140.0	103.0	3.24558245554	5.65361199541
6140.0	104.0	3.27862547775	6.68653160857
6140.0	106.0	14.7845425559	3.21403152274
6150.0	99.0	12.753554248	6.02329602517
6150.0	103.0	3.74396383513	5.60969859226
6150.0	104.0	3.77279755515	6.57245222431
6150.0	106.0	14.1249449023	3.25364904949
6160.0	99.0	13.1631193513	6.20396149355
6160.0	103.0	4.24255567983	5.56578518912
6160.0	104.0	4.26696963255	6.45837284005
6160.0	106.0	13.4655577138	3.29350523605
6170.0	99.0	13.5737367802	6.40013984892
6170.0	103.0	4.74093705942	5.52187178597
6170.0	104.0	4.76114170995	6.34429345578
6170.0	106.0	12.8173251762	3.32405369041
6180.0	99.0	13.9887739764	6.6593243914
6180.0	103.0	5.22227076514	5.41972539169
6180.0	104.0	5.26373239173	6.23498726751
6180.0	106.0	12.1859298473	3.34075987639
6190.0	99.0	14.4036007074	6.91850893389
6190.0	103.0	5.69939516866	5.30302074963
6190.0	104.0	5.80041842128	6.14548984262
6190.0	106.0	11.5545345184	3.35722740257
6200.0	99.0	14.8186379036	7.17745481658
6200.0	103.0	6.17651957218	5.18631610757
6200.0	104.0	6.33710445082	6.05599241773
6200.0	106.0	10.9231391896	3.37393358855
6210.0	103.0	6.65343351059	5.06961146551
6210.0	104.0	6.87379048037	5.96649499284
6210.0	106.0	10.2927961862	3.39016245493
6220.0	103.0	7.15139395997	4.97963672102
6220.0	104.0	7.40163697531	5.88797591873
6220.0	106.0	9.67129271751	3.40137946552
6230.0	103.0	7.69776138455	4.95219084405
6230.0	104.0	7.89454626205	5.85289292817
6230.0	106.0	9.0499997139	3.4128351359
6240.0	103.0	8.24412880914	4.92474496709
6240.0	104.0	8.38724508369	5.81804859741
6240.0	106.0	8.42870671028	3.42429080629
6250.0	103.0	8.79049623373	4.89706043032
6250.0	104.0	8.88015437043	5.78320426666
6250.0	106.0	7.80720324156	3.43550781688
6260.0	103.0	9.33686365832	4.86961455335
6260.0	104.0	9.37453691294	5.7457346781
6260.0	106.0	7.26757070048	3.48133049842
6270.0	103.0	9.87733805984	4.8314289854
6270.0	104.0	9.8830206178	5.68606972817
6270.0	106.0	6.73698815911	3.53121039656
6280.0	103.0	10.3628810677	4.69658619856
6280.0	104.0	10.3917147878	5.62640477824
6280.0	106.0	6.20661608286	3.5808516349
6290.0	103.0	10.8486345408	4.56198207152
6290.0	104.0	10.9004089577	5.56673982832
6290.0	106.0	5.67603354149	3.63049287324
6300.0	103.0	11.3343880138	4.42737794448
6300.0	104.0	11.3920554538	5.43595425807
6300.0	106.0	5.13598007019	3.68371400858
6310.0	103.0	11.8230879983	4.29850165264
6310.0	104.0	11.8670752062	5.23404806752
6310.0	106.0	4.50984636906	3.76724493848
6320.0	103.0	12.3242054243	4.19253670157
6320.0	104.0	12.3418844936	5.03214187696
6320.0	106.0	3.88371266792	3.85077586838
6330.0	103.0	12.8253228504	4.08633309069
6330.0	104.0	12.8166937809	4.8299970266
6330.0	106.0	3.25736850167	3.93430679828
6340.0	103.0	13.3264402764	3.98036813962
6340.0	104.0	13.2828739987	4.71591764234
6340.0	106.0	2.63502317251	4.00685937739
6350.0	103.0	13.8275577024	3.87416452875
6350.0	104.0	13.7429507283	4.6605485688
6350.0	106.0	2.04677319111	3.97965216022
6360.0	103.0	14.3286751284	3.76819957768
6360.0	104.0	14.203027458	4.60494083547
6360.0	106.0	1.4585232097	3.95244494305
6370.0	103.0	14.8297925544	3.6619959668
6370.0	104.0	14.6631041876	4.54957176194
6370.0	106.0	0.870062763192	3.92547638569
6380.0	104.0	15.1231809173	4.4939640286
6380.0	106.0	0.281812781789	3.89826916852
6400.0	110.0	0.39883138274	2.56249026952
6410.0	110.0	0.919311598844	2.60640367267
6420.0	110.0	1.44000228006	2.65031707582
6430.0	110.0	1.96069296127	2.69423047897
6440.0	110.0	2.47549061942	2.72430161373
6450.0	110.0	2.98123827785	2.73360934592
6460.0	110.0	3.48719640139	2.74267841831
6470.0	110.0	3.99315452493	2.7519861505
6480.0	110.0	4.49911264846	2.76105522288
6490.0	110.0	4.99959867915	2.76988563547
6500.0	110.0	5.47882773377	2.77728408927
6510.0	110.0	5.95805678839	2.78468254306
6520.0	110.0	6.43728584301	2.79184233705
6530.0	110.0	6.91651489762	2.79924079084
6530.0	114.0	0.315697664438	6.22902077252
6540.0	110.0	7.39574395224	2.80663924463
6540.0	114.0	0.751149976254	6.17961819398
6550.0	110.0	7.87497300686	2.81403769842
6550.0	114.0	1.18660228807	6.13021561544
6560.0	110.0	8.41734159436	2.81379903862
6560.0	114.0	1.62394878587	6.0824836555
6570.0	110.0	8.98686018101	2.81021914163
6570.0	114.0	2.07897435288	6.05026458254
6580.0	110.0	9.55637876766	2.80663924463
6580.0	114.0	2.534210385	6.01804550957
6590.0	110.0	10.1258973543	2.80329800743
6590.0	114.0	2.98923595201	5.98582643661
6600.0	110.0	10.695415941	2.79971811044
6600.0	114.0	3.44468244924	5.96649499284
6600.0	117.0	0.527215099612	4.67653877539
6610.0	110.0	11.2649345276	2.79613821344
6610.0	114.0	3.90054987669	5.96649499284
6610.0	117.0	0.953196481494	4.67081094019
6610.0	118.0	0.55646974985	3.83621762059
6620.0	110.0	11.8342426491	2.79255831645
6620.0	114.0	4.35662776925	5.96649499284
6620.0	117.0	1.37938832849	4.6648444452
6620.0	118.0	0.995920898748	3.87130061115
6630.0	110.0	12.3938693756	2.77585213047
6630.0	114.0	4.81270566181	5.96649499284
6630.0	117.0	1.80536971037	4.65911661001
6630.0	118.0	1.43558251276	3.90638360171
6640.0	110.0	12.9524437766	2.75747532589
6640.0	114.0	5.26373239173	5.98511045721
6640.0	117.0	2.23408713867	4.64885423862
6640.0	118.0	1.87776970808	3.93311349928
6650.0	110.0	13.5110181775	2.73909852131
6650.0	114.0	5.69497540136	6.0781877791
6650.0	117.0	2.68742898481	4.59992897968
6650.0	118.0	2.34479178634	3.88657483833
6660.0	110.0	14.0695925785	2.72072171673
6660.0	114.0	6.12600794587	6.17150376079
6660.0	117.0	3.14077083094	4.55100372074
6660.0	118.0	2.81202432971	3.84003617739
6670.0	110.0	14.6281669794	2.70234491216
6670.0	114.0	6.55725095549	6.26458108268
6670.0	117.0	3.59411267708	4.50207846179
6670.0	118.0	3.27904640797	3.79349751645
6680.0	114.0	6.99080908132	6.34095221859
6680.0	117.0	4.04324522102	4.44312949127
6680.0	118.0	3.74627895133	3.7469588555
6690.0	114.0	7.44457185767	6.26625170128
6690.0	117.0	4.47596148641	4.34360835478
6690.0	118.0	4.17268126344	3.6612799874
6700.0	114.0	7.89833463403	6.19178984377
6700.0	117.0	4.90846728669	4.2440872183
6700.0	118.0	4.59887311043	3.57560111931
6710.0	114.0	8.35209741038	6.11708932646
6710.0	117.0	5.34118355208	4.14480474162
6710.0	118.0	5.02527542253	3.48992225121
6720.0	114.0	8.84816367377	5.98367849842
6720.0	117.0	5.8008393515	4.11091505006
6720.0	118.0	5.4575707577	3.4116418369
6730.0	114.0	9.34907063468	5.84382385578
6730.0	117.0	6.27880561546	4.12093876165
6730.0	118.0	5.94311376561	3.39947018712
6740.0	114.0	9.84976713047	5.70396921315
6740.0	117.0	6.75677187942	4.13072381344
6740.0	118.0	6.42886723862	3.38705987753
6750.0	114.0	10.3449915334	5.70396921315
6750.0	117.0	7.23473814338	4.14074752503
6750.0	118.0	6.91462071164	3.37488822775
6760.0	114.0	10.8402159364	5.70396921315
6760.0	117.0	7.71270440734	4.15077123662
6760.0	118.0	7.4058462775	3.36152327896
6770.0	114.0	11.3354403393	5.70396921315
6770.0	117.0	8.17930555538	4.18394494878
6770.0	118.0	7.91917067988	3.34410111358
6780.0	114.0	11.8270868354	5.73404034792
6780.0	117.0	8.64317065699	4.22284649613
6780.0	118.0	8.43249508226	3.32667894821
6790.0	114.0	12.3166286804	5.78392024606
6790.0	117.0	9.10703575861	4.26174804348
6790.0	118.0	8.94581948463	3.30925678283
6800.0	114.0	12.8061705254	5.8338001442
6800.0	117.0	9.57111132533	4.30064959084
6800.0	118.0	9.45619737547	3.30472224663
6810.0	114.0	13.2955019053	5.88368004234
6810.0	117.0	10.0349764269	4.33978979799
6810.0	118.0	9.94026712761	3.4159377133
6810.0	120.0	0.708425559	3.95363824205
6820.0	114.0	13.7589460767	5.95456200285
6820.0	117.0	10.5358833879	4.35220010757
6820.0	118.0	10.4243368798	3.52739183976
6820.0	120.0	0.964772062523	4.00566607839
6830.0	114.0	14.1611449012	6.07389190271
6830.0	117.0	11.040999651	4.36174649956
6830.0	118.0	10.9071438412	3.63264081144
6830.0	120.0	1.22132903116	4.05793257453
6840.0	114.0	14.5635541908	6.19322180256
6840.0	117.0	11.5461159141	4.37129289155
6840.0	118.0	11.3792170821	3.68323668898
6840.0	120.0	1.495565069	4.10566453447
6850.0	114.0	14.9659634804	6.31255170242
6850.0	117.0	12.0512321772	4.38083928354
6850.0	118.0	11.8510798579	3.73383256652
6850.0	120.0	1.93017552038	4.11330164806
6860.0	117.0	12.5563484403	4.39038567553
6860.0	118.0	12.3231530988	3.78466710386
6860.0	120.0	2.36457550664	4.12117742145
6870.0	117.0	13.0303158671	4.37439546895
6870.0	118.0	12.7752321543	3.72905937052
6870.0	120.0	2.79918595802	4.12881453504
6880.0	117.0	13.5007053871	4.35578000457
6880.0	118.0	13.2224705122	3.64696039942
6880.0	120.0	3.22011617727	4.14050886523
6890.0	117.0	13.9710949072	4.33716454019
6890.0	118.0	13.6697088702	3.56486142832
6890.0	120.0	3.64104639652	4.15220319541
6900.0	117.0	14.4416948923	4.31831041602
6900.0	118.0	14.1560937385	3.52595988097
6900.0	120.0	4.06197661577	4.1636588658
6910.0	117.0	14.9120844123	4.29969495164
6910.0	118.0	14.6685762805	3.51545884978
6910.0	120.0	4.48290683502	4.17535319599
6920.0	118.0	15.1808483573	3.50519647839
6920.0	120.0	4.97013356381	4.24098464091
6930.0	120.0	5.46472657143	4.31258258082
6940.0	120.0	5.95931957905	4.38418052074
6950.0	120.0	6.45391258667	4.45577846065
6960.0	120.0	6.92156606025	4.53453619456
6970.0	120.0	7.38648348742	4.61400990786
6980.0	120.0	7.85119044947	4.69372228096
6980.0	122.0	0.231511620588	3.17417533619
6990.0	120.0	8.31610787663	4.77319599427
6990.0	122.0	0.736627883689	3.34601039198
7000.0	120.0	8.78418228044	4.84527125378
7000.0	122.0	1.24174414679	3.51784544778
7010.0	120.0	9.28340552047	4.85099908898
7010.0	122.0	1.74328250303	3.67130369899
7020.0	120.0	9.7826287605	4.85648826437
7020.0	122.0	2.24145341751	3.80662380543
7030.0	120.0	10.2818520005	4.86197743976
7030.0	122.0	2.739624332	3.94194391187
7040.0	120.0	10.7812857057	4.86746661516
7040.0	122.0	3.2405312929	4.04934082174
7050.0	120.0	11.2802984806	4.84694187238
7050.0	122.0	3.74438476535	4.12881453504
7060.0	120.0	11.7795217206	4.81949599541
7060.0	122.0	4.24823823779	4.20828824835
7070.0	120.0	12.2785344956	4.79228877825
7070.0	122.0	4.7645091517	4.26699855908
7080.0	120.0	12.7893333166	4.75481918969
7080.0	122.0	5.33129169192	4.24265525951
7090.0	120.0	13.3279135321	4.69372228096
7090.0	122.0	5.89786376704	4.21807330014
7100.0	120.0	13.8662832826	4.63286403204
7100.0	122.0	6.46443584215	4.19373000056
