930.0	7.0	12.09	5.87
940.0	7.0	10.75	6.0
950.0	7.0	9.48	6.07
950.0	8.0	-2.48	-0.22
960.0	7.0	8.15	5.86
960.0	8.0	-1.67	0.53
970.0	7.0	6.86	5.83
970.0	8.0	-0.93	0.96
980.0	7.0	5.62	5.66
980.0	8.0	-0.14	1.5
990.0	7.0	4.31	5.44
990.0	8.0	0.82	1.83
1000.0	7.0	3.06	5.26
1000.0	8.0	1.59	2.13
1010.0	7.0	1.84	5.07
1010.0	8.0	2.63	2.49
1020.0	7.0	0.7	4.91
1020.0	8.0	3.67	2.83
1030.0	8.0	4.46	2.72
1040.0	8.0	5.47	3.02
1050.0	8.0	6.5	3.24
1050.0	10.0	12.78	5.29
1060.0	8.0	7.35	3.65
1060.0	10.0	12.78	5.29
1070.0	8.0	8.29	3.92
1070.0	10.0	12.78	5.29
1070.0	14.0	13.2	6.51
1080.0	8.0	9.23	4.15
1080.0	10.0	12.78	5.29
1080.0	14.0	12.54	7.0
1090.0	8.0	10.08	4.34
1090.0	10.0	12.8	5.26
1090.0	14.0	11.94	7.22
1090.0	15.0	12.61	6.38
1100.0	8.0	10.89	4.53
1100.0	10.0	12.91	5.25
1100.0	14.0	11.29	7.42
1100.0	15.0	11.91	6.65
1100.0	16.0	12.1	5.49
1110.0	8.0	11.59	4.68
1110.0	14.0	10.58	7.56
1110.0	15.0	11.25	6.81
1110.0	16.0	11.21	5.8
1120.0	8.0	12.28	4.93
1120.0	14.0	9.92	7.42
1120.0	15.0	10.43	6.82
1120.0	16.0	10.41	5.86
1130.0	8.0	12.93	5.1
1130.0	14.0	9.11	7.34
1130.0	15.0	9.6	6.69
1130.0	16.0	9.57	5.82
1140.0	14.0	8.35	7.32
1140.0	15.0	8.86	6.64
1140.0	16.0	8.85	5.63
1150.0	14.0	7.75	7.43
1150.0	15.0	8.09	6.55
1150.0	16.0	8.01	5.6
1160.0	14.0	6.92	7.36
1160.0	15.0	7.32	6.51
1160.0	16.0	7.24	5.38
1170.0	14.0	6.02	7.19
1170.0	15.0	6.55	6.4
1170.0	16.0	6.62	5.39
1180.0	14.0	5.23	7.1
1180.0	15.0	5.77	6.26
1180.0	16.0	5.77	5.36
1190.0	14.0	4.43	7.0
1190.0	15.0	5.0	6.07
1190.0	16.0	4.99	5.22
1200.0	14.0	3.66	6.99
1200.0	15.0	4.16	6.01
1200.0	16.0	4.16	5.19
1210.0	14.0	2.87	6.86
1210.0	15.0	3.39	5.83
1210.0	16.0	3.41	5.0
1220.0	14.0	2.0	6.75
1220.0	15.0	2.37	5.98
1220.0	16.0	2.54	5.01
1230.0	14.0	1.19	6.6
1230.0	15.0	1.53	5.83
1230.0	16.0	1.66	4.83
1240.0	14.0	0.33	6.47
1240.0	15.0	0.68	5.71
1240.0	16.0	0.85	4.84
1340.0	27.0	10.17	4.86
1350.0	27.0	9.21	4.56
1360.0	27.0	8.09	4.38
1370.0	27.0	6.97	4.29
1380.0	27.0	5.8	4.23
1390.0	27.0	4.65	4.2
1450.0	30.0	3.08	2.76
1460.0	30.0	3.84	3.11
1470.0	30.0	4.4	3.13
1480.0	30.0	5.15	3.33
1490.0	30.0	5.91	3.45
1500.0	30.0	6.78	3.53
1510.0	30.0	7.64	3.7
1520.0	30.0	8.42	3.89
1530.0	30.0	9.18	4.03
1540.0	30.0	9.92	4.16
1550.0	30.0	10.67	4.32
1560.0	30.0	11.47	4.53
1570.0	30.0	12.22	4.83
1810.0	37.0	13.06	5.51
1820.0	37.0	11.87	5.44
1830.0	37.0	10.66	5.55
1840.0	37.0	9.48	5.73
1850.0	37.0	8.3	5.82
1860.0	37.0	7.17	5.95
1870.0	37.0	6.03	5.92
1880.0	37.0	4.96	5.9
1890.0	37.0	3.83	5.9
1900.0	37.0	2.75	5.89
1910.0	37.0	1.68	6.0
1920.0	37.0	0.54	6.14
1930.0	37.0	-0.55	6.21
1970.0	39.0	11.13	5.34
1980.0	39.0	9.81	5.26
1990.0	39.0	8.47	5.21
2000.0	39.0	7.17	5.13
2010.0	39.0	5.79	4.92
2020.0	39.0	4.52	4.83
2030.0	39.0	3.25	4.68
2040.0	39.0	1.99	4.55
2050.0	39.0	0.72	4.56
2060.0	39.0	-0.55	4.5
2860.0	50.0	7.5	7.25
2860.0	55.0	2.09	3.92
2870.0	50.0	6.43	7.55
2870.0	55.0	3.11	4.09
2880.0	50.0	5.34	7.82
2880.0	55.0	4.27	4.14
2890.0	50.0	4.28	8.12
2890.0	55.0	5.39	4.29
2900.0	50.0	3.22	8.38
2900.0	55.0	6.52	4.44
2910.0	50.0	2.15	8.75
2910.0	55.0	7.44	4.48
2920.0	50.0	1.12	9.16
2920.0	55.0	8.88	4.54
2930.0	50.0	0.12	9.62
2930.0	55.0	9.98	4.68
2940.0	55.0	11.25	4.85
2950.0	55.0	12.49	5.52
3010.0	59.0	-1.06	1.16
3020.0	59.0	-0.16	1.58
3030.0	59.0	0.89	2.07
3040.0	59.0	1.8	2.54
3050.0	59.0	2.78	2.76
3060.0	59.0	3.82	3.05
3070.0	59.0	4.72	3.32
3080.0	59.0	5.78	3.51
3090.0	59.0	6.83	3.7
3100.0	59.0	7.85	3.93
3110.0	59.0	8.86	4.13
3120.0	59.0	9.93	4.33
3130.0	59.0	10.99	4.58
3140.0	59.0	12.03	4.74
3650.0	66.0	3.87	8.27
3650.0	68.0	-2.14	0.04
3660.0	66.0	3.09	8.33
3660.0	68.0	-1.28	0.68
3670.0	66.0	2.31	8.02
3670.0	68.0	-0.11	1.25
3680.0	66.0	1.55	7.99
3680.0	68.0	0.98	1.73
3690.0	68.0	2.06	2.16
3700.0	68.0	3.17	2.42
3710.0	68.0	4.41	2.82
3720.0	68.0	5.69	3.21
3730.0	68.0	6.73	3.7
3740.0	68.0	7.86	4.11
3750.0	68.0	9.04	4.48
3760.0	68.0	10.11	4.9
3770.0	68.0	11.27	5.12
4160.0	69.0	9.85	4.8
4170.0	69.0	8.92	4.5
4180.0	69.0	7.79	4.22
4190.0	69.0	6.65	3.94
4200.0	69.0	5.38	3.61
4210.0	69.0	4.37	3.45
4220.0	69.0	3.22	3.32
4220.0	74.0	12.45	4.92
4230.0	69.0	2.07	3.13
4230.0	74.0	11.75	4.81
4240.0	69.0	0.96	2.92
4240.0	74.0	10.94	4.57
4250.0	69.0	-0.28	2.76
4250.0	74.0	10.01	4.39
4260.0	69.0	-1.19	2.66
4260.0	74.0	9.07	4.16
4270.0	74.0	8.22	3.88
4280.0	74.0	7.35	3.54
4290.0	74.0	6.4	3.13
4300.0	74.0	5.56	2.96
4310.0	74.0	4.51	2.67
4320.0	74.0	3.64	2.42
4330.0	74.0	2.66	2.27
4330.0	79.0	-3.78	5.15
4340.0	74.0	1.7	2.07
4340.0	79.0	-3.09	5.12
4350.0	74.0	0.86	1.71
4350.0	79.0	-2.34	5.19
4360.0	74.0	-0.12	1.35
4360.0	79.0	-1.61	5.17
4360.0	80.0	-2.27	5.91
4370.0	74.0	-0.96	0.92
4370.0	79.0	-0.84	5.31
4370.0	80.0	-1.17	6.1
4380.0	79.0	-0.13	5.27
4380.0	80.0	-0.05	6.16
4390.0	79.0	0.61	5.36
4390.0	80.0	0.99	6.37
4400.0	79.0	1.38	5.43
4400.0	80.0	2.36	6.36
4410.0	79.0	2.19	5.68
4410.0	80.0	3.48	6.2
4420.0	79.0	2.94	5.83
4420.0	80.0	4.62	6.28
4420.0	81.0	-4.98	5.09
4430.0	79.0	3.73	5.95
4430.0	80.0	5.82	6.19
4430.0	81.0	-3.95	5.06
4440.0	79.0	4.53	6.04
4440.0	80.0	7.0	6.02
4440.0	81.0	-2.81	5.08
4450.0	79.0	5.37	6.03
4450.0	80.0	8.09	5.86
4450.0	81.0	-1.57	5.15
4460.0	79.0	6.19	6.0
4460.0	80.0	9.32	5.73
4460.0	81.0	-0.39	5.22
4460.0	82.0	-3.79	6.99
4470.0	79.0	7.09	6.0
4470.0	80.0	10.55	5.79
4470.0	81.0	0.74	5.28
4470.0	82.0	-3.09	7.02
4480.0	79.0	7.95	5.99
4480.0	80.0	11.69	5.87
4480.0	81.0	1.83	5.31
4480.0	82.0	-1.93	7.07
4490.0	79.0	8.8	6.04
4490.0	81.0	2.99	5.3
4490.0	82.0	-0.92	7.11
4500.0	79.0	9.68	6.04
4500.0	81.0	4.22	5.27
4500.0	82.0	0.2	7.0
4510.0	79.0	10.51	5.99
4510.0	81.0	5.34	5.27
4510.0	82.0	1.21	6.83
4520.0	79.0	11.33	5.98
4520.0	81.0	6.52	5.29
4520.0	82.0	2.24	6.75
4530.0	81.0	7.72	5.23
4530.0	82.0	3.27	6.62
4540.0	81.0	8.91	5.18
4540.0	82.0	4.37	6.56
4550.0	81.0	10.09	5.25
4550.0	82.0	5.48	6.48
4560.0	81.0	11.27	5.37
4560.0	82.0	6.56	6.35
4570.0	81.0	12.43	5.45
4570.0	82.0	7.6	6.12
4580.0	82.0	8.68	5.94
4590.0	82.0	9.78	5.78
4600.0	82.0	10.9	5.63
4600.0	83.0	11.39	4.7
4610.0	82.0	11.99	5.62
4610.0	83.0	10.34	4.58
4620.0	83.0	9.27	4.51
4630.0	83.0	8.27	4.54
4640.0	83.0	7.33	4.47
4650.0	83.0	6.34	4.41
4660.0	83.0	5.35	4.26
4670.0	83.0	4.41	4.12
4680.0	83.0	3.47	4.01
4690.0	83.0	2.48	3.77
4700.0	83.0	1.49	3.66
4710.0	83.0	0.54	3.59
4720.0	83.0	-0.46	3.52
4720.0	87.0	11.99	5.08
4730.0	83.0	-1.5	3.48
4730.0	87.0	10.88	4.72
4730.0	89.0	-1.74	6.64
4740.0	87.0	9.71	4.49
4740.0	89.0	-0.68	6.48
4750.0	87.0	8.67	4.07
4750.0	89.0	0.41	6.5
4760.0	87.0	7.51	3.81
4760.0	89.0	1.49	6.57
4770.0	87.0	6.36	3.69
4770.0	89.0	2.48	6.54
4780.0	87.0	5.29	3.39
4780.0	89.0	3.53	6.52
4790.0	87.0	4.51	3.22
4790.0	89.0	4.61	6.51
4800.0	87.0	3.13	3.03
4800.0	89.0	5.69	6.5
4810.0	87.0	2.05	2.82
4810.0	89.0	6.8	6.47
4810.0	92.0	-1.3	4.98
4810.0	93.0	-1.39	5.59
4820.0	87.0	1.21	2.55
4820.0	89.0	7.86	6.39
4820.0	92.0	-0.35	5.08
4820.0	93.0	-0.44	5.66
4830.0	87.0	0.22	2.4
4830.0	89.0	9.06	6.25
4830.0	92.0	0.44	4.92
4830.0	93.0	0.54	5.65
4840.0	87.0	-0.65	2.05
4840.0	89.0	10.03	6.13
4840.0	92.0	1.37	4.93
4840.0	93.0	1.48	5.65
4850.0	87.0	-1.57	1.41
4850.0	89.0	10.97	6.0
4850.0	92.0	2.36	4.92
4850.0	93.0	2.46	5.61
4860.0	87.0	-2.41	0.9
4860.0	89.0	11.97	5.85
4860.0	92.0	3.37	4.89
4860.0	93.0	3.46	5.59
4870.0	87.0	-3.09	0.16
4870.0	89.0	13.03	5.61
4870.0	92.0	4.28	5.0
4870.0	93.0	4.48	5.51
4880.0	87.0	-3.89	-0.7
4880.0	92.0	5.18	4.87
4880.0	93.0	5.46	5.48
4890.0	92.0	6.06	4.82
4890.0	93.0	6.37	5.56
4890.0	96.0	-2.79	5.55
4900.0	92.0	7.05	4.78
4900.0	93.0	7.25	5.6
4900.0	96.0	-1.66	5.47
4910.0	92.0	8.03	4.84
4910.0	93.0	8.2	5.55
4910.0	96.0	-0.5	5.48
4920.0	92.0	8.95	4.89
4920.0	93.0	9.19	5.57
4920.0	96.0	0.64	5.52
4930.0	92.0	9.9	4.89
4930.0	93.0	10.13	5.53
4930.0	96.0	1.75	5.58
4940.0	92.0	10.78	4.87
4940.0	93.0	10.83	5.46
4940.0	96.0	2.9	5.63
4950.0	92.0	11.69	4.85
4950.0	93.0	11.71	5.4
4950.0	96.0	3.98	5.77
4960.0	92.0	12.57	4.81
4960.0	93.0	12.09	5.42
4960.0	96.0	5.1	5.75
4970.0	93.0	12.85	5.18
4970.0	96.0	6.24	5.77
4980.0	96.0	7.2	5.79
4990.0	96.0	7.99	5.75
5110.0	106.0	5.26	6.57
5120.0	106.0	4.35	6.37
5130.0	106.0	3.6	5.91
5140.0	106.0	2.85	5.39
5150.0	106.0	2.32	4.7
5160.0	106.0	1.75	4.0
5170.0	106.0	0.87	3.45
5180.0	106.0	0.2	2.85
5400.0	113.0	12.43	6.53
5410.0	113.0	11.74	6.57
5420.0	113.0	11.01	6.55
5430.0	113.0	10.22	6.55
5440.0	113.0	9.35	6.56
5440.0	116.0	-0.55	1.19
5450.0	113.0	8.52	6.54
5450.0	116.0	0.59	1.83
5460.0	113.0	7.68	6.52
5460.0	116.0	1.71	2.36
5470.0	113.0	6.89	6.39
5470.0	116.0	2.95	2.92
5480.0	113.0	6.06	6.39
5480.0	116.0	4.11	3.44
5490.0	113.0	5.22	6.47
5490.0	116.0	5.35	3.85
5490.0	118.0	-2.63	-0.35
5500.0	113.0	4.42	6.48
5500.0	116.0	6.63	4.07
5500.0	118.0	-1.87	0.36
5510.0	113.0	3.56	6.61
5510.0	116.0	7.79	4.31
5510.0	118.0	-1.0	1.07
5520.0	113.0	2.75	6.75
5520.0	116.0	8.96	4.5
5520.0	118.0	-0.2	1.73
5530.0	113.0	1.94	6.87
5530.0	116.0	10.18	4.59
5530.0	118.0	0.59	2.43
5540.0	113.0	1.12	7.05
5540.0	116.0	11.38	4.8
5540.0	118.0	1.49	2.91
5550.0	113.0	0.28	7.12
5550.0	116.0	12.59	4.98
5550.0	118.0	2.49	3.26
5560.0	113.0	-0.5	7.2
5560.0	118.0	3.52	3.43
5570.0	113.0	-1.23	7.22
5570.0	118.0	4.5	3.63
5580.0	118.0	5.52	3.93
5590.0	118.0	6.54	4.19
5600.0	118.0	7.59	4.42
5610.0	118.0	8.66	4.68
5620.0	118.0	9.69	4.92
5630.0	118.0	10.71	5.27
6340.0	123.0	-2.46	5.21
6350.0	123.0	-1.66	5.08
6360.0	123.0	-0.88	4.85
6370.0	123.0	0.08	4.78
6380.0	123.0	1.02	4.72
6390.0	123.0	1.94	4.67
6400.0	123.0	2.92	4.57
6410.0	123.0	3.83	4.5
6420.0	123.0	4.81	4.47
6430.0	123.0	5.75	4.33
6440.0	123.0	6.69	4.38
6450.0	123.0	7.62	4.43
6460.0	123.0	8.54	4.68
6470.0	123.0	9.45	4.91
6480.0	123.0	10.37	5.02
6490.0	123.0	11.32	5.15
6500.0	123.0	12.31	5.24
6830.0	135.0	-3.17	-1.27
6840.0	135.0	-2.52	-0.43
6850.0	135.0	-1.81	0.36
6860.0	135.0	-0.95	1.04
6870.0	135.0	-0.02	1.46
6880.0	135.0	0.79	1.81
6890.0	135.0	1.66	2.2
6900.0	135.0	2.71	2.55
6910.0	135.0	3.57	2.7
6920.0	135.0	4.45	2.93
6930.0	135.0	5.24	2.99
6940.0	135.0	6.3	3.16
6950.0	135.0	7.17	3.48
6960.0	135.0	8.06	3.98
6970.0	135.0	8.89	4.5
6970.0	141.0	-3.48	11.52
6980.0	135.0	9.86	4.68
6980.0	141.0	-3.0	10.65
6980.0	143.0	-4.93	5.21
6990.0	135.0	10.91	4.82
6990.0	141.0	-1.88	9.81
6990.0	143.0	-3.95	5.24
7000.0	135.0	12.04	5.07
7000.0	141.0	-0.73	9.29
7000.0	143.0	-2.91	5.21
7010.0	141.0	0.44	8.78
7010.0	143.0	-2.01	5.18
7020.0	141.0	1.6	8.32
7020.0	143.0	-1.24	5.07
7030.0	141.0	2.8	8.05
7030.0	143.0	-0.26	5.12
7040.0	141.0	4.02	7.74
7040.0	143.0	0.77	5.11
7050.0	141.0	5.26	7.43
7050.0	143.0	1.84	5.16
7060.0	141.0	6.51	7.13
7060.0	143.0	2.84	5.46
7070.0	141.0	7.75	6.75
7070.0	143.0	3.89	5.42
7080.0	141.0	8.92	6.25
7080.0	143.0	4.89	5.51
7090.0	141.0	10.19	5.91
7090.0	143.0	5.95	5.57
7100.0	141.0	11.44	5.76
7100.0	143.0	6.87	5.57
7110.0	141.0	12.7	5.68
7110.0	143.0	7.45	5.61
7120.0	143.0	8.16	5.58
7130.0	143.0	8.77	5.26
7140.0	143.0	9.53	4.71
7150.0	143.0	10.61	4.37
7160.0	143.0	11.72	4.44
7380.0	150.0	13.04	6.06
7390.0	150.0	11.87	6.35
7400.0	150.0	10.6	6.46
7400.0	151.0	12.46	5.79
7410.0	150.0	9.44	6.57
7410.0	151.0	11.28	6.05
7420.0	150.0	8.21	6.71
7420.0	151.0	10.27	6.03
7430.0	150.0	7.02	6.69
7430.0	151.0	9.24	6.07
7440.0	150.0	5.99	6.57
7440.0	151.0	8.24	6.23
7450.0	150.0	4.83	6.7
7450.0	151.0	7.25	6.28
7460.0	150.0	3.66	6.95
7460.0	151.0	6.2	6.48
7470.0	150.0	2.57	7.1
7470.0	151.0	5.13	6.76
7480.0	150.0	1.59	7.2
7480.0	151.0	4.11	7.07
7490.0	150.0	0.49	7.16
7490.0	151.0	3.09	7.31
7500.0	150.0	-0.62	6.91
7500.0	151.0	2.03	7.35
7510.0	150.0	-1.96	6.83
7510.0	151.0	0.96	7.34
7580.0	156.0	12.44	6.66
7590.0	156.0	11.16	6.91
7600.0	156.0	10.08	6.75
7610.0	156.0	8.78	6.75
7620.0	156.0	7.64	6.72
7630.0	156.0	6.47	6.55
7630.0	157.0	0.12	1.45
7640.0	156.0	5.29	6.36
7640.0	157.0	1.09	1.97
7650.0	156.0	4.15	6.29
7650.0	157.0	2.04	2.34
7660.0	156.0	2.88	6.25
7660.0	157.0	3.01	2.68
7670.0	156.0	1.64	6.22
7670.0	157.0	4.12	2.91
7680.0	156.0	0.68	6.23
7680.0	157.0	5.19	3.1
7690.0	156.0	-0.61	6.33
7690.0	157.0	6.3	3.48
7700.0	156.0	-1.73	6.5
7700.0	157.0	7.35	3.71
7710.0	157.0	8.37	4.04
7720.0	157.0	9.38	4.36
7730.0	157.0	10.42	4.56
7740.0	157.0	11.51	4.71
7750.0	157.0	12.6	4.93
7780.0	162.0	12.88	5.97
7790.0	162.0	11.72	6.08
7800.0	162.0	10.57	6.15
7810.0	162.0	9.34	6.25
7820.0	162.0	8.11	6.34
7830.0	162.0	6.9	6.33
7840.0	162.0	5.69	6.29
7850.0	162.0	4.46	6.32
7860.0	162.0	3.27	6.41
7870.0	162.0	2.1	6.5
7870.0	167.0	12.54	4.31
7880.0	162.0	0.96	6.66
7880.0	167.0	11.66	3.83
7890.0	162.0	-0.25	6.82
7890.0	167.0	10.78	3.48
7900.0	162.0	-1.44	6.92
7900.0	167.0	9.7	3.23
7910.0	162.0	-2.49	6.89
7910.0	167.0	8.75	3.25
7920.0	162.0	-3.69	6.98
7920.0	167.0	7.56	2.88
7930.0	162.0	-4.76	6.88
7930.0	167.0	6.6	2.75
7940.0	167.0	5.7	2.64
7950.0	167.0	4.64	2.59
7960.0	167.0	3.77	2.41
7970.0	167.0	2.88	2.3
7980.0	167.0	1.77	1.98
8120.0	169.0	-2.42	4.99
8130.0	169.0	-1.31	5.14
8140.0	169.0	0.13	5.18
8150.0	169.0	1.42	5.32
8150.0	172.0	-1.9	0.09
8160.0	169.0	2.69	5.42
8160.0	172.0	-1.01	0.97
8170.0	169.0	3.98	5.52
8170.0	172.0	-0.15	1.51
8180.0	169.0	5.3	5.58
8180.0	172.0	0.84	1.98
8190.0	169.0	6.57	5.69
8190.0	172.0	1.8	2.43
8200.0	169.0	7.85	5.73
8200.0	172.0	2.82	2.87
8210.0	169.0	9.21	5.7
8210.0	172.0	3.96	3.2
8220.0	169.0	10.5	5.65
8220.0	172.0	4.96	3.54
8230.0	169.0	11.79	5.58
8230.0	172.0	6.06	3.88
8240.0	169.0	13.25	5.68
8240.0	172.0	7.14	4.17
8250.0	172.0	8.22	4.38
8260.0	172.0	9.31	4.57
8270.0	172.0	10.36	4.77
8280.0	172.0	11.45	4.96
8290.0	172.0	12.54	5.23
8290.0	174.0	-3.14	13.21
8290.0	175.0	-1.98	0.1
8300.0	172.0	13.91	5.62
8300.0	174.0	-2.68	12.24
8300.0	175.0	-1.19	0.75
8310.0	174.0	-2.1	11.41
8310.0	175.0	-0.37	1.29
8320.0	174.0	-1.38	10.59
8320.0	175.0	0.53	1.7
8330.0	174.0	-0.71	10.15
8330.0	175.0	1.5	2.13
8340.0	174.0	0.08	9.64
8340.0	175.0	2.4	2.45
8350.0	174.0	0.99	9.2
8350.0	175.0	3.47	2.82
8360.0	174.0	2.17	8.84
8360.0	175.0	4.44	3.03
8370.0	174.0	3.15	8.54
8370.0	175.0	5.39	3.23
8370.0	177.0	-1.24	7.06
8380.0	174.0	4.14	8.31
8380.0	175.0	6.43	3.44
8380.0	177.0	-0.11	7.14
8390.0	174.0	5.2	8.09
8390.0	175.0	7.47	3.7
8390.0	177.0	0.92	7.19
8400.0	174.0	6.25	7.82
8400.0	175.0	8.48	4.0
8400.0	177.0	2.06	7.24
8400.0	181.0	-1.11	4.92
8400.0	184.0	-1.68	7.01
8410.0	174.0	7.27	7.53
8410.0	175.0	9.5	4.38
8410.0	177.0	3.08	7.36
8410.0	181.0	-0.09	4.8
8410.0	184.0	-0.46	7.21
8420.0	174.0	8.28	7.22
8420.0	175.0	10.48	4.72
8420.0	177.0	4.15	7.47
8420.0	181.0	0.91	4.81
8420.0	184.0	0.72	7.33
8430.0	174.0	9.31	6.83
8430.0	175.0	11.54	4.97
8430.0	177.0	5.17	7.41
8430.0	181.0	2.02	4.73
8430.0	184.0	1.91	7.52
8440.0	174.0	10.33	6.48
8440.0	175.0	12.66	5.2
8440.0	177.0	6.25	7.24
8440.0	181.0	3.16	4.62
8440.0	184.0	3.17	7.73
8450.0	174.0	11.32	6.16
8450.0	175.0	14.15	5.64
8450.0	177.0	7.26	7.14
8450.0	181.0	4.12	4.66
8450.0	184.0	4.47	7.71
8460.0	174.0	12.18	5.82
8460.0	177.0	8.32	7.1
8460.0	181.0	5.12	4.68
8460.0	184.0	5.7	7.52
8460.0	185.0	-1.98	6.4
8460.0	186.0	-3.14	7.07
8470.0	174.0	13.11	5.66
8470.0	177.0	9.36	7.15
8470.0	181.0	6.11	4.7
8470.0	184.0	6.9	7.38
8470.0	185.0	-1.15	6.14
8470.0	186.0	-2.18	7.19
8480.0	177.0	10.52	6.88
8480.0	181.0	7.14	4.77
8480.0	184.0	8.14	7.33
8480.0	185.0	0.02	5.85
8480.0	186.0	-0.95	7.39
8480.0	189.0	11.99	7.34
8490.0	177.0	11.68	6.59
8490.0	181.0	8.2	4.81
8490.0	184.0	9.35	7.23
8490.0	185.0	1.02	6.01
8490.0	186.0	0.19	7.2
8490.0	189.0	10.63	7.83
8500.0	177.0	12.86	6.35
8500.0	181.0	9.2	4.89
8500.0	184.0	10.44	7.22
8500.0	185.0	2.15	5.94
8500.0	186.0	1.29	6.99
8500.0	189.0	9.12	7.55
8510.0	181.0	10.22	4.99
8510.0	184.0	11.72	6.94
8510.0	185.0	3.17	6.0
8510.0	186.0	2.35	6.75
8510.0	189.0	7.59	6.74
8510.0	191.0	1.19	1.87
8520.0	181.0	11.18	5.09
8520.0	184.0	12.53	6.79
8520.0	185.0	4.21	6.1
8520.0	186.0	3.23	6.56
8520.0	189.0	5.78	5.51
8520.0	191.0	2.39	2.3
8530.0	181.0	12.0	5.3
8530.0	184.0	13.36	6.75
8530.0	185.0	5.29	6.07
8530.0	186.0	4.05	6.39
8530.0	189.0	3.79	4.2
8530.0	191.0	3.36	2.52
8540.0	181.0	12.69	5.47
8540.0	185.0	6.44	5.97
8540.0	186.0	5.06	6.38
8540.0	189.0	1.63	3.01
8540.0	191.0	4.69	2.92
8550.0	181.0	13.47	5.74
8550.0	185.0	7.46	5.73
8550.0	186.0	6.15	6.07
8550.0	189.0	-0.52	1.78
8550.0	191.0	5.89	3.18
8560.0	185.0	8.58	5.61
8560.0	186.0	7.14	5.8
8560.0	189.0	-2.55	0.26
8560.0	191.0	7.1	3.34
8570.0	185.0	9.71	5.55
8570.0	186.0	8.05	5.51
8570.0	189.0	-4.58	-1.35
8570.0	191.0	8.26	3.53
8580.0	185.0	10.78	5.64
8580.0	186.0	8.92	5.48
8580.0	191.0	9.45	4.04
8590.0	185.0	11.92	5.71
8590.0	186.0	9.79	5.34
8590.0	191.0	10.66	4.32
8600.0	185.0	13.06	5.59
8600.0	186.0	10.6	5.04
8600.0	191.0	11.74	4.72
8610.0	186.0	11.45	5.1
8610.0	191.0	12.86	5.08
8620.0	186.0	12.3	4.95
8620.0	191.0	13.31	5.34
8710.0	193.0	9.74	7.75
8720.0	193.0	8.73	7.9
8730.0	193.0	7.75	7.99
8740.0	193.0	6.75	7.95
8750.0	193.0	5.75	7.85
8760.0	193.0	4.79	7.82
8770.0	193.0	3.77	7.91
8780.0	193.0	2.79	8.16
8790.0	193.0	1.8	8.45
8800.0	193.0	1.34	9.1
8810.0	193.0	0.53	9.5
8860.0	194.0	0.46	4.97
8870.0	194.0	1.56	5.01
8880.0	194.0	2.66	5.0
8890.0	194.0	3.73	5.04
8900.0	194.0	4.86	5.11
8910.0	194.0	6.05	5.1
8920.0	194.0	7.16	5.12
8930.0	194.0	8.16	5.15
8930.0	198.0	12.76	6.28
8940.0	194.0	8.86	5.52
8940.0	198.0	11.83	6.52
8940.0	199.0	-1.31	4.48
8940.0	200.0	13.26	5.37
8950.0	194.0	9.47	5.91
8950.0	198.0	10.89	6.9
8950.0	199.0	-0.13	4.59
8950.0	200.0	12.39	4.74
8960.0	194.0	10.35	6.0
8960.0	198.0	9.99	7.22
8960.0	199.0	1.08	4.71
8960.0	200.0	11.65	4.3
8970.0	194.0	11.31	5.95
8970.0	198.0	9.05	7.33
8970.0	199.0	2.28	4.86
8970.0	200.0	10.84	3.93
8970.0	202.0	12.87	5.37
8980.0	194.0	12.44	6.02
8980.0	198.0	8.09	7.41
8980.0	199.0	3.45	5.07
8980.0	200.0	10.01	3.66
8980.0	202.0	11.94	5.24
8990.0	198.0	7.1	7.47
8990.0	199.0	4.64	5.32
8990.0	200.0	9.19	3.51
8990.0	202.0	11.07	5.14
9000.0	198.0	6.15	7.57
9000.0	199.0	5.85	5.49
9000.0	200.0	8.21	3.32
9000.0	202.0	10.18	5.01
9010.0	198.0	5.19	7.76
9010.0	199.0	7.05	5.63
9010.0	200.0	7.32	3.14
9010.0	202.0	9.25	4.81
9020.0	198.0	4.25	8.04
9020.0	199.0	8.23	5.61
9020.0	200.0	6.36	2.9
9020.0	202.0	8.31	4.64
9030.0	198.0	3.32	8.27
9030.0	199.0	9.46	5.64
9030.0	200.0	5.2	2.65
9030.0	202.0	7.37	4.49
9040.0	198.0	2.38	8.53
9040.0	199.0	10.63	5.64
9040.0	200.0	4.46	2.6
9040.0	202.0	6.38	4.37
9050.0	198.0	1.45	8.79
9050.0	199.0	11.92	5.64
9050.0	200.0	3.55	2.53
9050.0	202.0	5.48	4.18
9050.0	207.0	-2.81	5.16
9060.0	198.0	0.6	9.1
9060.0	200.0	2.91	2.39
9060.0	202.0	4.55	4.11
9060.0	207.0	-1.77	5.1
9070.0	198.0	-0.3	9.53
9070.0	200.0	1.96	2.13
9070.0	202.0	3.6	3.97
9070.0	207.0	-0.85	5.1
9080.0	198.0	-1.09	10.05
9080.0	200.0	1.05	1.86
9080.0	202.0	2.63	3.87
9080.0	207.0	0.24	5.1
9080.0	208.0	-3.33	4.78
9090.0	198.0	-1.86	10.49
9090.0	200.0	0.18	1.55
9090.0	202.0	1.7	3.68
9090.0	207.0	1.45	5.11
9090.0	208.0	-2.39	4.89
9090.0	209.0	-3.41	-1.97
9100.0	198.0	-2.62	11.08
9100.0	200.0	-0.66	1.36
9100.0	202.0	0.75	3.61
9100.0	207.0	2.53	5.13
9100.0	208.0	-1.01	4.91
9100.0	209.0	-2.5	-0.82
9110.0	200.0	-1.5	0.99
9110.0	202.0	-0.3	3.51
9110.0	207.0	3.62	5.2
9110.0	208.0	0.17	4.87
9110.0	209.0	-1.85	-0.27
9120.0	200.0	-2.34	0.54
9120.0	202.0	-1.29	3.4
9120.0	207.0	4.74	5.32
9120.0	208.0	1.36	4.91
9120.0	209.0	-0.83	0.28
9130.0	202.0	-2.3	3.29
9130.0	207.0	5.88	5.36
9130.0	208.0	2.57	4.97
9130.0	209.0	0.29	0.83
9140.0	202.0	-3.23	3.22
9140.0	207.0	7.21	5.41
9140.0	208.0	3.66	4.93
9140.0	209.0	1.17	1.58
9150.0	207.0	8.34	5.45
9150.0	208.0	4.88	4.93
9150.0	209.0	2.26	2.27
9160.0	207.0	9.48	5.36
9160.0	208.0	5.99	5.07
9160.0	209.0	3.45	2.88
9170.0	207.0	10.65	5.35
9170.0	208.0	7.06	5.27
9170.0	209.0	4.62	3.3
9180.0	207.0	11.71	5.24
9180.0	208.0	8.25	5.37
9180.0	209.0	5.86	3.74
9190.0	207.0	12.68	5.03
9190.0	208.0	9.36	5.28
9190.0	209.0	7.1	4.03
9200.0	207.0	13.6	4.99
9200.0	208.0	10.52	5.17
9200.0	209.0	8.37	4.34
9210.0	208.0	11.64	5.01
9210.0	209.0	9.62	4.58
9220.0	208.0	12.82	5.0
9220.0	209.0	10.82	4.84
9230.0	208.0	14.42	5.44
9230.0	209.0	12.14	5.09
9240.0	209.0	13.32	5.31
9300.0	218.0	-6.57	4.94
9310.0	218.0	-5.53	4.76
9320.0	218.0	-4.22	4.65
9330.0	218.0	-3.01	4.55
9340.0	218.0	-1.71	4.33
9350.0	218.0	-0.46	4.34
9360.0	218.0	0.76	4.38
9370.0	218.0	1.95	4.43
9380.0	218.0	3.22	4.43
9390.0	218.0	4.43	4.4
9400.0	218.0	5.62	4.42
9400.0	219.0	-2.37	4.43
9410.0	218.0	7.03	4.45
9410.0	219.0	-1.19	4.36
9420.0	218.0	8.27	4.58
9420.0	219.0	-0.09	4.4
9420.0	221.0	-2.45	0.24
9430.0	218.0	9.46	4.73
9430.0	219.0	1.03	4.5
9430.0	221.0	-1.79	1.08
9440.0	218.0	10.67	4.86
9440.0	219.0	2.08	4.51
9440.0	221.0	-0.74	1.72
9450.0	218.0	11.78	5.03
9450.0	219.0	3.33	4.67
9450.0	221.0	0.23	2.23
9460.0	218.0	12.67	5.2
9460.0	219.0	4.52	4.75
9460.0	221.0	1.23	2.66
9470.0	219.0	5.63	4.79
9470.0	221.0	2.23	3.11
9480.0	219.0	6.76	4.84
9480.0	221.0	3.23	3.5
9490.0	219.0	7.91	4.8
9490.0	221.0	4.26	3.81
9500.0	219.0	9.02	4.66
9500.0	221.0	5.31	3.97
9500.0	222.0	-3.28	-2.0
9510.0	219.0	10.16	4.49
9510.0	221.0	6.46	4.11
9510.0	222.0	-2.79	-1.06
9520.0	219.0	11.3	4.33
9520.0	221.0	7.67	4.19
9520.0	222.0	-2.05	-0.04
9530.0	219.0	12.45	4.39
9530.0	221.0	8.84	4.27
9530.0	222.0	-1.19	1.01
9540.0	219.0	13.57	4.79
9540.0	221.0	9.98	4.51
9540.0	222.0	-0.02	1.41
9550.0	221.0	11.13	4.79
9550.0	222.0	1.08	1.84
9560.0	221.0	12.32	5.04
9560.0	222.0	2.37	2.27
9570.0	221.0	13.5	5.21
9570.0	222.0	3.65	2.61
9580.0	222.0	4.78	2.91
9590.0	222.0	6.02	3.29
9600.0	222.0	7.52	3.58
9610.0	222.0	8.82	3.86
9620.0	222.0	10.19	4.13
9630.0	222.0	11.56	4.46
9640.0	222.0	13.03	5.0
9680.0	229.0	1.76	2.48
9680.0	230.0	-3.11	5.32
9690.0	229.0	2.77	2.84
9690.0	230.0	-2.09	5.21
9700.0	229.0	3.9	3.26
9700.0	230.0	-1.28	5.33
9710.0	229.0	5.05	3.61
9710.0	230.0	-0.44	5.26
9720.0	229.0	6.15	3.86
9720.0	230.0	0.45	5.28
9730.0	229.0	7.28	4.05
9730.0	230.0	1.34	5.34
9740.0	229.0	8.49	4.23
9740.0	230.0	2.28	5.27
9750.0	229.0	9.65	4.44
9750.0	230.0	3.18	5.2
9750.0	232.0	12.66	6.61
9760.0	229.0	10.82	4.65
9760.0	230.0	4.11	5.16
9760.0	232.0	11.56	6.67
9770.0	229.0	12.01	4.91
9770.0	230.0	5.03	5.09
9770.0	232.0	10.43	6.68
9780.0	229.0	13.1	5.24
9780.0	230.0	6.02	5.04
9780.0	232.0	9.3	6.63
9780.0	233.0	0.08	9.05
9790.0	230.0	7.01	5.03
9790.0	232.0	8.21	6.48
9790.0	233.0	1.16	8.69
9800.0	230.0	8.05	4.96
9800.0	232.0	7.05	6.06
9800.0	233.0	2.31	8.46
9810.0	230.0	8.94	4.89
9810.0	232.0	5.93	5.72
9810.0	233.0	3.43	8.17
9820.0	230.0	9.88	4.84
9820.0	232.0	4.87	5.45
9820.0	233.0	4.64	7.9
9830.0	230.0	10.74	4.75
9830.0	232.0	3.89	5.27
9830.0	233.0	5.83	7.6
9840.0	230.0	11.7	4.6
9840.0	232.0	2.82	4.93
9840.0	233.0	6.94	7.29
9850.0	230.0	12.52	4.3
9850.0	232.0	1.74	4.55
9850.0	233.0	8.12	6.99
9860.0	230.0	13.01	4.26
9860.0	232.0	0.74	4.12
9860.0	233.0	9.24	6.75
9870.0	230.0	13.05	4.4
9870.0	232.0	-0.26	3.62
9870.0	233.0	10.39	6.65
9870.0	236.0	12.83	5.79
9880.0	230.0	13.05	4.4
9880.0	232.0	-1.19	3.03
9880.0	233.0	11.72	6.46
9880.0	236.0	11.73	5.73
9890.0	230.0	12.68	4.6
9890.0	232.0	-1.65	2.4
9890.0	233.0	12.99	6.22
9890.0	236.0	10.73	5.85
9900.0	230.0	12.61	4.7
9900.0	232.0	-2.31	1.41
9900.0	236.0	9.8	6.02
9910.0	230.0	12.62	4.76
9910.0	232.0	-2.96	0.51
9910.0	236.0	8.87	6.15
9920.0	230.0	12.65	4.76
9920.0	236.0	8.01	6.23
9920.0	239.0	-1.57	5.57
9920.0	240.0	-1.36	4.73
9930.0	230.0	12.65	4.76
9930.0	236.0	7.09	6.33
9930.0	239.0	-0.74	5.53
9930.0	240.0	-0.48	4.76
9940.0	230.0	12.65	4.76
9940.0	236.0	6.25	6.31
9940.0	239.0	0.07	5.49
9940.0	240.0	0.49	4.84
9950.0	230.0	12.68	4.76
9950.0	236.0	5.46	6.21
9950.0	239.0	1.01	5.49
9950.0	240.0	1.47	4.88
9960.0	230.0	12.62	4.88
9960.0	236.0	4.72	6.05
9960.0	239.0	1.95	5.41
9960.0	240.0	2.4	4.83
9970.0	230.0	13.18	5.24
9970.0	236.0	3.98	6.02
9970.0	239.0	2.87	5.33
9970.0	240.0	3.31	4.79
9970.0	244.0	-2.59	5.75
9980.0	230.0	13.18	5.24
9980.0	236.0	3.09	5.81
9980.0	239.0	3.75	5.37
9980.0	240.0	4.22	4.83
9980.0	244.0	-1.43	5.98
9990.0	236.0	2.28	5.53
9990.0	239.0	4.62	5.47
9990.0	240.0	5.11	4.88
9990.0	244.0	-0.29	6.13
10000.0	236.0	1.51	5.06
10000.0	239.0	5.44	5.48
10000.0	240.0	5.97	4.96
10000.0	244.0	0.78	6.32
10010.0	236.0	0.75	4.51
10010.0	239.0	6.19	5.49
10010.0	240.0	6.78	4.97
10010.0	244.0	1.97	6.52
10020.0	236.0	0.15	3.78
10020.0	239.0	6.97	5.46
10020.0	240.0	7.51	5.02
10020.0	244.0	3.08	6.59
10030.0	239.0	7.74	5.47
10030.0	240.0	8.27	5.04
10030.0	244.0	4.13	6.67
10040.0	239.0	8.51	5.47
10040.0	240.0	9.2	5.08
10040.0	244.0	5.29	6.75
10050.0	239.0	9.12	5.37
10050.0	240.0	10.14	5.01
10050.0	244.0	6.37	6.79
10060.0	239.0	9.74	5.31
10060.0	240.0	11.0	4.93
10060.0	244.0	7.48	6.9
10070.0	239.0	10.47	5.34
10070.0	240.0	11.86	4.87
10070.0	244.0	8.67	6.96
10080.0	239.0	11.28	5.18
10080.0	240.0	12.71	4.91
10080.0	244.0	9.86	6.88
10090.0	239.0	12.01	5.09
10090.0	240.0	13.46	5.1
10090.0	244.0	11.09	6.76
10100.0	239.0	12.74	5.32
10100.0	244.0	12.26	6.62
10100.0	245.0	4.12	6.31
10110.0	239.0	13.43	5.4
10110.0	244.0	13.49	6.73
10110.0	245.0	5.17	6.31
10120.0	245.0	6.21	6.27
10130.0	245.0	7.26	6.31
10140.0	245.0	8.28	6.37
10150.0	245.0	9.36	6.48
10160.0	245.0	10.37	6.62
10170.0	245.0	11.32	6.57
10180.0	245.0	12.15	6.55
10190.0	245.0	12.97	6.24
10200.0	245.0	13.23	6.08
10220.0	254.0	0.54	5.08
10230.0	254.0	1.81	5.19
