0.0	3.0	9.3867438893	7.06433007152
0.0	7.0	7.32418581497	5.91876303289
10.0	1.0	12.419546119	7.19678626036
10.0	3.0	9.80767410855	6.8256702718
10.0	7.0	7.93642881887	5.96935891043
20.0	1.0	12.0640705488	7.11444862946
20.0	3.0	10.2286043278	6.58701047209
20.0	7.0	8.54867182277	6.01995478797
30.0	1.0	11.7031228858	7.03640687495
30.0	3.0	10.653322919	6.35694242517
30.0	7.0	9.16091482667	6.07055066551
40.0	1.0	11.2937682476	6.9967893482
40.0	3.0	11.0818298822	6.13522747123
40.0	7.0	9.76705434239	6.15264963661
50.0	1.0	10.8846240745	6.95693316165
50.0	3.0	11.5101263803	5.9137511771
50.0	7.0	10.3702473466	6.2481135565
60.0	1.0	10.4752694363	6.91707697509
60.0	3.0	11.9786217143	5.73785890471
60.0	7.0	10.9736508159	6.34357747638
70.0	1.0	10.0602322401	6.88366460314
70.0	3.0	12.4643751874	5.5817753957
70.0	7.0	11.6195682373	6.42973366408
80.0	1.0	9.63930202085	6.85645738597
80.0	3.0	12.9427623815	5.42115735049
80.0	7.0	12.2840065884	6.51159397538
90.0	1.0	9.2183718016	6.829011509
90.0	3.0	13.3559053917	5.21781920114
90.0	7.0	12.9482344744	6.59369294648
100.0	1.0	8.79744158235	6.80180429183
100.0	3.0	13.7690484019	5.01448105178
100.0	7.0	13.6065693373	6.62686665864
110.0	1.0	8.34788810819	6.80180429183
110.0	3.0	14.2021855975	4.84288465579
110.0	7.0	14.2590111771	6.61087645206
120.0	1.0	7.89812416892	6.80180429183
120.0	3.0	14.6652088387	4.71878155993
120.0	7.0	14.911453017	6.59488624548
130.0	1.0	7.44857069476	6.80180429183
130.0	3.0	15.1282320799	4.59467846408
130.0	7.0	15.5638948568	6.5791346987
140.0	1.0	6.9990172206	6.80180429183
150.0	1.0	6.53746723519	6.79440583804
160.0	1.0	6.06791957561	6.78223418826
170.0	1.0	5.59837191604	6.77006253847
180.0	1.0	5.12882425646	6.75765222889
190.0	1.0	4.64812194608	6.71135222774
200.0	1.0	4.16236847306	6.65001665922
210.0	1.0	3.67661500005	6.58891975049
220.0	1.0	3.19107199214	6.52758418196
230.0	1.0	2.70531851913	6.4958424286
240.0	1.0	2.21956504611	6.47126046923
250.0	1.0	1.7338115731	6.44691716966
260.0	1.0	1.24826856519	6.42233521029
270.0	1.0	0.78692904489	6.37388727095
280.0	1.0	0.328536036125	6.32281407381
290.0	1.0	-0.130067437749	6.27174087667
320.0	16.0	15.0158437113	4.40565990271
330.0	16.0	14.4324344275	4.35792794277
340.0	16.0	13.8492356087	4.31019598282
350.0	16.0	13.2658263248	4.26246402288
360.0	16.0	12.6689472739	4.30685474563
370.0	16.0	12.0659647348	4.39062433533
380.0	16.0	11.4629821958	4.47463258483
390.0	16.0	10.8599996567	4.55840217453
400.0	16.0	10.2917438607	4.77319599427
410.0	16.0	9.7234880647	4.98798981401
420.0	16.0	9.15523226871	5.20278363375
430.0	16.0	8.58697647272	5.4175774535
440.0	16.0	8.07512532611	5.63690580943
450.0	16.0	7.56306371439	5.85623416537
460.0	16.0	7.05121256778	6.07556252131
470.0	16.0	6.55114746731	6.29536819684
480.0	16.0	6.07886376131	6.51660583118
490.0	16.0	5.60658005531	6.73784346551
500.0	16.0	5.13429634931	6.95908109984
510.0	16.0	4.66053938755	7.16695378539
520.0	16.0	4.18088940271	7.32232131501
530.0	16.0	3.70123941787	7.47792750442
540.0	16.0	3.22158943304	7.63329503403
550.0	16.0	2.7419394482	7.78866256365
560.0	16.0	2.33763597261	7.98818215621
570.0	16.0	1.94175110141	8.19295226436
580.0	16.0	1.5458662302	8.39748371272
590.0	16.0	1.14998135899	8.60201516107
600.0	16.0	0.866484856328	8.81060382602
600.0	20.0	15.0895064997	4.80756300543
610.0	16.0	0.630974398657	9.02086310957
610.0	20.0	14.6601576761	4.67391351759
620.0	16.0	0.395463940986	9.23112239312
620.0	20.0	14.2308088524	4.54026402975
630.0	16.0	0.159953483315	9.44138167666
630.0	20.0	13.774941425	4.3292887668
640.0	16.0	-0.0757674394652	9.65140230041
640.0	20.0	13.3013949283	4.06676298712
650.0	20.0	12.8019612232	4.01378051158
660.0	20.0	12.2854798442	4.10065267868
670.0	20.0	11.7637368374	4.21258412474
680.0	20.0	11.2346275518	4.36270113876
690.0	20.0	10.7055182662	4.51281815278
700.0	20.0	10.1761985155	4.662696507
710.0	20.0	9.64119620684	4.79491403604
720.0	20.0	9.10556250284	4.92498362689
730.0	20.0	8.56971833373	5.05529187753
740.0	20.0	8.04608114098	5.09300012589
740.0	27.0	14.8649402277	4.77773053046
750.0	20.0	7.5304416224	5.06913414591
750.0	27.0	14.3015251293	4.90875476051
760.0	20.0	7.01480210382	5.04526816594
760.0	27.0	13.7378995657	5.03954033075
770.0	20.0	6.49916258524	5.02140218597
770.0	27.0	13.179746095	5.21853518053
780.0	20.0	5.97552539249	4.996342907
780.0	27.0	12.6337996006	5.50922281659
790.0	20.0	5.44641610689	4.97056764863
790.0	27.0	12.0878531062	5.80014911244
800.0	20.0	4.9175172864	4.94479239026
800.0	27.0	11.5423275421	6.08510891329
810.0	20.0	4.3884080008	4.91901713189
810.0	27.0	10.9991170941	6.31613159942
820.0	20.0	3.85445801768	4.93954187467
820.0	27.0	10.4561171113	6.54691562574
830.0	20.0	3.31966617412	4.96531713304
830.0	27.0	9.91290666336	6.77793831186
840.0	20.0	2.78487433056	4.99133105121
840.0	27.0	9.36127761103	7.00848367839
850.0	20.0	2.25850109139	5.01376507238
850.0	27.0	8.80985902381	7.23879038511
860.0	20.0	1.7645394791	5.02355012417
860.0	27.0	8.25654625061	7.45549348325
870.0	20.0	1.27057786681	5.03333517596
870.0	27.0	7.68892184995	7.54952544434
880.0	20.0	0.776616254518	5.04312022774
880.0	27.0	7.12129744929	7.64355740542
890.0	20.0	0.282654642227	5.05266661973
890.0	27.0	6.55367304863	7.73758936651
900.0	20.0	-0.211306970064	5.06245167152
900.0	27.0	5.97847190402	7.81181256422
910.0	27.0	5.40158703854	7.88126256594
920.0	27.0	4.82449170795	7.95047390785
930.0	27.0	4.25202660976	7.98746617681
940.0	27.0	3.68187662779	8.01061617738
950.0	27.0	3.1115161807	8.03352751815
960.0	27.0	2.54157666384	8.00083112559
970.0	27.0	1.9722685423	7.93042648468
980.0	27.0	1.40274995565	7.86026050356
990.0	27.0	0.830705787692	7.77887751186
1000.0	27.0	0.248769759577	7.65262647781
1010.0	27.0	-0.332955803428	7.52613678396
1190.0	31.0	-0.0858697647272	9.72944405492
1200.0	31.0	0.343689524018	9.29174198224
1210.0	31.0	0.773459277874	8.85427856937
1220.0	31.0	1.23269414708	8.50321000399
1230.0	31.0	1.73633715441	8.28149505006
1240.0	31.0	2.23998016174	8.05978009612
1250.0	31.0	2.81581270168	7.85763524577
1260.0	31.0	3.44005221683	7.66837802459
1270.0	31.0	4.06408126687	7.47912080342
1280.0	31.0	4.66117078288	7.27100945807
1290.0	31.0	5.24647425275	7.05454501973
1300.0	31.0	5.83177772261	6.83831924119
1310.0	31.0	6.43118235483	6.63474243203
1320.0	31.0	7.04447768428	6.44381459226
1330.0	31.0	7.65798347883	6.25288675249
1340.0	31.0	8.27127880828	6.06195891272
1350.0	31.0	8.92477297367	5.88606664033
1360.0	31.0	9.57847760417	5.71017436794
1370.0	31.0	10.2319717696	5.53428209556
1380.0	31.0	10.8871496558	5.38177848354
1390.0	31.0	11.5484310303	5.32211353361
1400.0	31.0	12.2099228698	5.26244858368
1410.0	31.0	12.8659426165	5.27796147066
1420.0	31.0	13.5135437588	5.40659910271
1430.0	31.0	14.1611449012	5.53499807495
1440.0	31.0	14.8087460435	5.663635707
1450.0	31.0	15.4561367207	5.79203467925
1580.0	35.0	15.0042681303	4.15697639141
1590.0	34.0	14.7887518581	4.80111919084
1590.0	35.0	14.4684239612	4.17869443318
1600.0	34.0	14.2274414107	4.80899496423
1600.0	35.0	13.9327902572	4.20041247496
1610.0	34.0	13.6661309633	4.81687073762
1610.0	35.0	13.3971565532	4.22213051673
1620.0	34.0	13.1142914459	4.82092795421
1620.0	35.0	12.8613123841	4.19182072217
1630.0	34.0	12.5715019282	4.82092795421
1630.0	35.0	12.3256786801	4.15554443261
1640.0	34.0	12.0287124104	4.82092795421
1640.0	35.0	11.789834511	4.11950680285
1650.0	34.0	11.4859228927	4.82092795421
1650.0	35.0	11.2449403422	4.10065267868
1660.0	34.0	10.9685996532	4.79992589184
1660.0	35.0	10.6941531503	4.09373154448
1670.0	34.0	10.4620101344	4.77009341687
1670.0	35.0	10.1431554933	4.08681041029
1680.0	34.0	9.95563108062	4.74026094191
1680.0	35.0	9.6098369055	4.0834691731
1680.0	39.0	0.136381391037	4.95600940085
1690.0	34.0	9.45914388701	4.73548774591
1690.0	35.0	9.14681366433	4.09540216308
1690.0	39.0	0.608244166818	4.9147212555
1700.0	34.0	8.97233808845	4.75529650929
1700.0	35.0	8.68379042315	4.10733515307
1700.0	39.0	1.07989647749	4.87367176995
1710.0	34.0	8.48574275499	4.77510527267
1710.0	35.0	8.22076718197	4.11926814305
1710.0	39.0	1.55260111371	4.83667950099
1720.0	34.0	7.99893695643	4.79515269584
1720.0	35.0	7.76700440562	4.13287175164
1720.0	39.0	2.02762086613	4.80923362403
1730.0	34.0	7.51234162297	4.81496145922
1730.0	35.0	7.35070441878	4.15315783461
1730.0	39.0	2.50264061856	4.78202640686
1740.0	34.0	7.06341954414	4.82092795421
1740.0	35.0	6.93419396683	4.17344391759
1740.0	39.0	2.97787083609	4.75481918969
1750.0	34.0	6.63091374386	4.82092795421
1750.0	35.0	6.51768351488	4.19373000056
1750.0	39.0	3.44110454238	4.8268944492
1760.0	34.0	6.19819747847	4.82092795421
1760.0	35.0	6.10117306293	4.21401608354
1760.0	39.0	3.90139173713	4.92379032789
1770.0	34.0	5.76548121308	4.82092795421
1770.0	35.0	5.64972540279	4.21926659913
1770.0	39.0	4.36188939699	5.02068620657
1780.0	34.0	5.3329754128	4.82092795421
1780.0	35.0	5.16291960422	4.20924288755
1780.0	39.0	4.81607310356	5.10397847667
1790.0	34.0	4.89457658945	4.81782537682
1790.0	35.0	4.67632427077	4.19945783576
1790.0	39.0	5.26604750794	5.17820167438
1800.0	34.0	4.44291846419	4.80804032503
1800.0	35.0	4.18951847221	4.18943412417
1800.0	39.0	5.71602191232	5.25218621229
1810.0	34.0	3.99147080405	4.79801661344
1810.0	35.0	3.70292313875	4.17941041258
1810.0	39.0	6.15484166589	5.2431171399
1820.0	34.0	3.53981267879	4.78799290185
1820.0	35.0	3.20959292179	4.1605562884
1820.0	39.0	6.58882072194	5.19824909756
1830.0	34.0	3.08815455354	4.77820785006
1830.0	35.0	2.7135266584	4.13788360743
1830.0	39.0	7.02301024309	5.15361971501
1840.0	34.0	2.63523363762	4.76364960228
1840.0	35.0	2.21746039501	4.11521092646
1840.0	39.0	7.47824627521	5.12068466265
1850.0	34.0	2.18083946594	4.7447954781
1850.0	35.0	1.72139413163	4.09253824549
1850.0	39.0	7.95494974852	5.09968260028
1860.0	34.0	1.72644529426	4.72594135393
1860.0	35.0	1.23732437949	4.0775026781
1860.0	39.0	8.43165322182	5.0784418781
1870.0	34.0	1.27205112258	4.70684856995
1870.0	35.0	0.765251138598	4.07034288411
1870.0	39.0	8.90435785804	5.05362125893
1880.0	34.0	0.817867416005	4.68799444577
1880.0	35.0	0.293388362818	4.06294443032
1880.0	39.0	9.3429671465	4.993956309
1890.0	34.0	0.363473244323	4.66890166179
1890.0	35.0	-0.178474412962	4.05578463633
1890.0	39.0	9.78136596985	4.93429135908
1890.0	41.0	0.0170476738797	7.6597862718
1900.0	34.0	-0.0909209273582	4.65004753762
1900.0	39.0	10.2197647932	4.87462640915
1900.0	41.0	0.352739523732	7.6662300864
1900.0	44.0	0.00378837197326	6.48390943861
1910.0	39.0	10.6495345471	4.82092795421
1910.0	41.0	0.688220908475	7.67267390099
1910.0	44.0	0.341795338032	6.50920737738
1910.0	45.0	-0.034305812869	7.14953162002
1920.0	39.0	11.0704647663	4.77319599427
1920.0	41.0	1.02391275833	7.67911771558
1920.0	44.0	0.679591838981	6.53426665635
1920.0	45.0	0.314434873781	7.11540326866
1930.0	39.0	11.4913949856	4.72546403433
1930.0	41.0	1.35960460818	7.68269761258
1930.0	44.0	1.01738833993	6.55932593532
1930.0	45.0	0.66317556043	7.0812749173
1940.0	39.0	11.9123252048	4.67773207438
1940.0	41.0	1.69634878358	7.6624115296
1940.0	44.0	1.35518484088	6.58438521429
1940.0	45.0	1.01212671219	7.04738522574
1950.0	39.0	12.2806391466	4.76388826208
1950.0	41.0	2.03309295898	7.64188678682
1950.0	44.0	1.71150227147	6.51732181057
1950.0	45.0	1.36360344526	7.01874604977
1960.0	39.0	12.6489530885	4.85004444978
1960.0	41.0	2.36983713438	7.62136204405
1960.0	44.0	2.06992435317	6.43999603547
1960.0	45.0	1.74138831704	7.03974811215
1970.0	39.0	13.0172670303	4.93620063747
1970.0	41.0	2.69900456584	7.61324761086
1970.0	44.0	2.42834643486	6.36243160056
1970.0	45.0	2.11896272371	7.06075017452
1980.0	39.0	13.3750577167	5.05553053733
1980.0	41.0	3.02333129977	7.61324761086
1980.0	44.0	2.78108595859	6.28009396966
1980.0	45.0	2.49653713038	7.0819908967
1980.0	51.0	15.0693018492	5.54549910614
1990.0	39.0	13.7170635198	5.22474033533
1990.0	41.0	3.34744756859	7.61324761086
1990.0	44.0	3.11193711092	6.17794757538
1990.0	45.0	2.88105688566	7.04428264834
1990.0	51.0	14.6483716299	5.45958157824
2000.0	39.0	14.059069323	5.39371147352
2000.0	41.0	3.67177430253	7.61324761086
2000.0	44.0	3.44257779814	6.07556252131
2000.0	45.0	3.2689440827	6.98151512102
2000.0	51.0	14.2274414107	5.37366405035
2010.0	39.0	14.425699544	5.27820013046
2010.0	41.0	4.00409871063	7.50585070099
2010.0	44.0	3.77700685734	6.00921509698
2010.0	45.0	3.65662081463	6.91850893389
2010.0	51.0	13.7515797978	5.3345238432
2020.0	39.0	14.7923297649	5.1626887874
2020.0	41.0	4.33726497916	7.38652080113
2020.0	44.0	4.11711847449	5.9970434472
2020.0	45.0	4.04429754656	6.85574140657
2020.0	51.0	13.1934263271	5.36578827696
2030.0	39.0	15.1589599859	5.04717744434
2030.0	41.0	4.67064171281	7.26719090127
2030.0	44.0	4.45701962654	5.98487179741
2030.0	45.0	4.39472195409	6.75264037309
2030.0	51.0	12.6392716935	5.4106563193
2040.0	41.0	5.02127658545	7.14189450642
2040.0	44.0	4.79692077859	5.97270014763
2040.0	45.0	4.74093705942	6.64476614362
2040.0	51.0	12.1204751982	5.5812980761
2050.0	41.0	5.41295215446	7.00275584319
2050.0	44.0	5.17154867372	5.90683004291
2050.0	45.0	5.08715216476	6.53689191415
2050.0	51.0	11.6018891681	5.75170117309
2060.0	41.0	5.80483818858	6.86337852016
2060.0	44.0	5.58090331194	5.78750014305
2060.0	45.0	5.47272424559	6.39966252932
2060.0	51.0	11.0915112773	5.90277282631
2070.0	41.0	6.19651375759	6.72423985693
2070.0	44.0	5.99004748505	5.66817024319
2070.0	45.0	5.86818818658	6.25503469069
2070.0	51.0	10.6004961765	6.00897643719
2080.0	41.0	6.56714281565	6.60944449326
2080.0	44.0	6.39940212327	5.54884034334
2080.0	45.0	6.26365212757	6.11040685206
2080.0	51.0	10.1092706106	6.11494138826
2090.0	41.0	6.92893233909	6.50491150099
2090.0	44.0	6.80749397084	5.39371147352
2090.0	45.0	6.64627769686	5.94406097166
2090.0	51.0	9.64098574173	6.21255324634
2100.0	41.0	7.29072186254	6.40061716852
2100.0	44.0	7.21579628351	5.23452538712
2100.0	45.0	7.01606489448	5.75599704949
2100.0	51.0	9.18764389559	6.30419860943
2110.0	41.0	7.56622069104	6.20515479255
2110.0	44.0	7.62388813108	5.07557796051
2110.0	45.0	7.3860625572	5.56793312731
2110.0	51.0	8.73430204946	6.39608263232
2120.0	41.0	7.7556392897	5.91876303289
2120.0	44.0	8.0397671877	4.97844342202
2120.0	45.0	7.74216952268	5.40397384491
2120.0	51.0	8.25023229732	6.53140273876
2130.0	41.0	7.96147416691	5.70921972875
2130.0	44.0	8.46069740695	4.92283568869
2130.0	45.0	8.04271369923	5.33571714219
2130.0	51.0	7.76616254518	6.6664841854
2140.0	41.0	8.18351485757	5.5767635399
2140.0	44.0	8.8816276262	4.86698929556
2140.0	45.0	8.35988461944	5.27342693447
2140.0	51.0	7.28209279304	6.80180429183
2150.0	41.0	8.46764275556	5.60850529327
2150.0	44.0	9.30255784545	4.81472279942
2150.0	45.0	8.82459158149	5.26340322288
2150.0	51.0	6.78139629724	6.80991872502
2160.0	41.0	8.77849972248	5.71089034734
2160.0	44.0	9.7234880647	4.76436558168
2160.0	45.0	9.28950900865	5.25337951129
2160.0	51.0	6.28048933634	6.81827181801
2170.0	41.0	9.19016947691	5.79609189584
2170.0	44.0	10.144418284	4.71424702374
2170.0	45.0	9.73337992485	5.26722177968
2170.0	51.0	5.77579400345	6.81779449841
2180.0	41.0	9.66897760131	5.87031509355
2180.0	44.0	10.5653485032	4.663889806
2180.0	45.0	10.1682008413	5.29108775965
2180.0	51.0	5.23574053215	6.73808212531
2190.0	41.0	10.1479961908	5.94429963146
2190.0	44.0	10.9635484906	4.62284032045
2190.0	45.0	10.6032322229	5.31495373962
2190.0	51.0	4.69547659575	6.65860841201
2200.0	41.0	10.611019432	5.93857179627
2200.0	44.0	11.3560659201	4.5841774329
2200.0	45.0	11.0559426737	5.32211353361
2200.0	51.0	4.1499510316	6.57340686351
2210.0	41.0	11.0668868594	5.89895426952
2210.0	44.0	11.7485833495	4.54551454534
2210.0	45.0	11.5164403336	5.32211353361
2210.0	51.0	3.55601849223	6.43689345807
2220.0	41.0	11.522964752	5.85909808297
2220.0	44.0	12.1427844998	4.50804495679
2220.0	45.0	11.9767275284	5.32211353361
2220.0	51.0	2.96229641798	6.30061871244
2230.0	41.0	11.9409484597	5.86243932016
2230.0	44.0	12.5525600683	4.48298567782
2230.0	45.0	12.4311217	5.32211353361
2230.0	51.0	2.37825573877	6.15742283261
2240.0	41.0	12.342726354	5.88415736194
2240.0	44.0	12.9623356367	4.45792639885
2240.0	45.0	12.8792019184	5.32211353361
2240.0	51.0	1.8169452914	5.9982367462
2250.0	41.0	12.7447147134	5.90563674391
2250.0	44.0	13.3723216703	4.43286711988
2250.0	45.0	13.3272821368	5.32211353361
2250.0	51.0	1.25584530914	5.83928931959
2260.0	41.0	13.1563844678	5.90826200171
2260.0	44.0	13.7709425879	4.4152062947
2260.0	45.0	13.757683286	5.30707796623
2260.0	51.0	0.703584861478	5.71089034734
2270.0	41.0	13.5832077101	5.88153210414
2270.0	44.0	14.1432553668	4.4152062947
2270.0	45.0	14.1619867616	5.26936971787
2270.0	51.0	0.152376739369	5.58583261229
2280.0	41.0	14.0100309524	5.85504086637
2280.0	44.0	14.5155681458	4.4152062947
2280.0	45.0	14.5665007023	5.23166146952
2290.0	41.0	14.4366437297	5.8285496286
2290.0	44.0	14.8878809247	4.4152062947
2290.0	45.0	14.9708041779	5.19395322116
2300.0	41.0	14.8948262733	5.80969550442
2300.0	44.0	15.2604041687	4.4152062947
2310.0	41.0	15.3610064911	5.79251199885
2680.0	55.0	14.9916402237	5.75719034849
2690.0	55.0	14.4265414044	5.81160478282
2700.0	55.0	13.8612321199	5.86625787696
2710.0	55.0	13.2959228355	5.92091097109
2720.0	55.0	12.6946240173	5.95909653905
2720.0	56.0	0.147956972067	8.35667288697
2730.0	55.0	12.0693321766	5.98630375621
2730.0	56.0	0.401567429166	8.17314350099
2740.0	55.0	11.4438298708	6.01351097338
2740.0	56.0	0.655177886264	7.98961411501
2750.0	55.0	10.8244310532	6.03546767495
2750.0	56.0	0.908788343363	7.80608472903
2760.0	55.0	10.2593322338	6.00802179799
2760.0	56.0	1.11904298788	7.60919039426
2770.0	55.0	9.69402294935	5.98081458082
2770.0	56.0	1.30025344727	7.40370430671
2780.0	55.0	9.1287136649	5.95360736365
2780.0	56.0	1.48146390665	7.19821821916
2790.0	55.0	8.56487763621	5.91924035249
2790.0	56.0	1.66267436604	6.9927321316
2790.0	57.0	0.57877905147	9.29388992044
2800.0	55.0	8.00209393307	5.88057746494
2800.0	56.0	1.94133017119	6.81206666322
2800.0	57.0	0.684011606283	8.92921774648
2810.0	55.0	7.43931022993	5.84167591759
2810.0	56.0	2.22019644144	6.63140119484
2810.0	57.0	0.789244161096	8.56454557252
2820.0	55.0	6.87631606169	5.80277437023
2820.0	56.0	2.49885224658	6.45097438625
2820.0	57.0	0.894476715908	8.19987339855
2830.0	55.0	6.33100096265	5.72902849212
2830.0	56.0	2.74004526221	6.31350634162
2830.0	57.0	1.20596507815	7.94570071186
2840.0	55.0	5.82693702509	5.57342230271
2840.0	56.0	2.89389525735	6.27675273246
2840.0	57.0	1.60584878644	7.73902132531
2850.0	55.0	5.32287308754	5.41805477309
2850.0	56.0	3.04774525249	6.23999912331
2850.0	57.0	2.00573249473	7.53210327896
2860.0	55.0	4.81859868488	5.26268724348
2860.0	56.0	3.00628362589	6.2497841751
2860.0	57.0	2.41634992361	7.43401410127
2870.0	55.0	4.31453474732	5.10731971387
2870.0	56.0	2.88147781588	6.27961665006
2870.0	57.0	2.8315975849	7.38222492474
2880.0	55.0	3.75974871835	4.98798981401
2880.0	56.0	2.75646154077	6.30944912502
2880.0	57.0	3.24684524619	7.330674408
2890.0	55.0	3.20475222427	4.86865991415
2890.0	56.0	2.63144526565	6.33928159999
2890.0	57.0	3.66209290748	7.27912389126
2900.0	55.0	2.63228712609	4.80947228383
2900.0	56.0	2.50642899053	6.36911407495
2900.0	57.0	3.80773476335	7.2423702821
2910.0	55.0	2.05561272571	4.76532022088
2910.0	56.0	2.38162318052	6.39894654992
2910.0	57.0	3.95358708432	7.20561667295
2920.0	55.0	1.47872786023	4.72379341573
2920.0	56.0	2.18294411704	6.50300222259
2920.0	57.0	4.04492894189	7.18342131158
2930.0	55.0	0.901842994745	4.70613259055
2930.0	56.0	1.8125255241	6.77984759026
2930.0	57.0	4.05482080205	7.18246667238
2940.0	55.0	0.324958129262	4.68823310557
2940.0	56.0	1.44210693115	7.05669295793
2940.0	57.0	4.0647126622	7.18151203318
2950.0	55.0	-0.251716271112	4.67057228039
2950.0	56.0	1.11546508102	7.32208265521
2950.0	57.0	4.07460452235	7.18079605378
2960.0	56.0	0.799767416577	7.58460843489
2960.0	57.0	4.0844963825	7.17984141458
2970.0	56.0	0.484069752139	7.84713421458
2970.0	57.0	4.09438824266	7.17888677538
2980.0	56.0	0.291915107051	8.11610380886
2980.0	57.0	4.10428010281	7.17817079598
2990.0	56.0	0.130488367968	8.38650536193
2990.0	57.0	4.11438242807	7.17721615678
3000.0	56.0	-0.030938371115	8.65690691501
3000.0	57.0	4.12427428822	7.17650017738
3010.0	57.0	4.13416614837	7.17554553818
3020.0	57.0	4.14405800853	7.17459089899
3020.0	63.0	-0.138906972353	7.32446925321
3030.0	57.0	4.15394986868	7.17387491959
3030.0	63.0	0.324116268823	7.3323450266
3040.0	57.0	4.16384172883	7.17292028039
3040.0	63.0	0.787139509999	7.34045945979
3050.0	57.0	4.17373358898	7.17196564119
3050.0	63.0	1.25016275118	7.34833523318
3050.0	65.0	-0.130488367968	4.62045372245
3060.0	57.0	4.18362544914	7.17124966179
3060.0	63.0	1.44168600093	7.43425276107
3060.0	65.0	0.374627895133	4.65219547581
3070.0	57.0	4.19351730929	7.17029502259
3070.0	63.0	1.41853483888	7.63234039484
3070.0	65.0	0.873009274727	4.65505939341
3080.0	57.0	4.20340916944	7.16957904319
3080.0	63.0	1.20617554326	7.96527081544
3080.0	65.0	1.34403019007	4.54145732875
3090.0	57.0	4.2135114947	7.16862440399
3090.0	63.0	1.08789415165	8.18412185177
3090.0	65.0	1.81673482629	4.43525371787
3100.0	57.0	4.22340335486	7.16766976479
3100.0	63.0	0.969402294935	8.40273422831
3100.0	65.0	2.30564527595	4.39682949012
3110.0	57.0	4.23329521501	7.16695378539
3110.0	63.0	0.851120903326	8.62158526465
3110.0	65.0	2.7943452605	4.35816660257
3120.0	57.0	4.24318707516	7.1659991462
3120.0	63.0	0.732629046606	8.84043630099
3120.0	65.0	3.28325571016	4.31974237481
3130.0	57.0	4.25307893531	7.165044507
3130.0	63.0	0.650758118962	9.05523012073
3130.0	65.0	3.76227429967	4.27869288926
3140.0	57.0	4.26297079547	7.1643285276
3140.0	63.0	0.605087190173	9.26596672387
3140.0	65.0	4.24129288917	4.23740474391
3140.0	66.0	-0.122490693802	7.32399193361
3150.0	57.0	4.27286265562	7.1633738884
3150.0	63.0	0.559416261385	9.47670332702
3150.0	65.0	4.71378706028	4.20184443375
3150.0	66.0	0.384940685505	7.5767326615
3160.0	57.0	4.28275451577	7.162657909
3160.0	63.0	0.513955797706	9.68767858997
3160.0	65.0	5.12882425646	4.21497072274
3160.0	66.0	0.879112762906	7.81157390442
3170.0	57.0	4.29264637592	7.1617032698
3170.0	63.0	0.468284868917	9.89841519312
3170.0	65.0	5.54407191776	4.22833567152
3170.0	66.0	1.25142554183	7.88484246293
3180.0	57.0	4.30253823607	7.1607486306
3180.0	63.0	0.422613940128	10.1091517963
3180.0	65.0	5.95910911394	4.24146196051
3180.0	66.0	1.62373832076	7.95834968124
3190.0	57.0	4.31264056134	7.1600326512
3190.0	63.0	0.377153476449	10.3201270592
3190.0	65.0	6.42465793643	4.26747587868
3190.0	66.0	1.98784296041	8.00751359999
3190.0	67.0	1.20870112458	0.514789187982
3200.0	57.0	4.30548474761	7.16146461
3200.0	65.0	6.94050792012	4.30590010643
3200.0	66.0	2.34331853057	8.03209555936
3200.0	67.0	1.09841740714	1.27635260887
3210.0	57.0	4.2943300968	7.1633738884
3210.0	65.0	7.45656836892	4.34432433418
3210.0	66.0	2.69900456584	8.05691617853
3210.0	67.0	1.03401508359	2.02646035937
3220.0	57.0	4.28317544599	7.1652831668
3220.0	65.0	7.98778230562	4.37391814935
3220.0	66.0	3.10457083209	8.04211927094
3220.0	67.0	1.15292787053	2.73217738712
3230.0	57.0	4.27202079518	7.16719244519
3230.0	65.0	8.54214740437	4.38966969613
3230.0	66.0	3.54360105077	8.00130844519
3230.0	67.0	1.27184065747	3.43765575507
3240.0	57.0	4.26065567926	7.16910172359
3240.0	65.0	9.09630203802	4.40565990271
3240.0	66.0	3.98263126944	7.96025895964
3240.0	67.0	1.52902902143	3.78633772245
3250.0	57.0	4.24950102845	7.17124966179
3250.0	65.0	9.65971713648	4.40900113991
3250.0	66.0	4.42439753455	7.91825483489
3250.0	67.0	1.84409529054	4.06270577052
3260.0	57.0	4.23834637764	7.17315894019
3260.0	65.0	10.2368124671	4.39372691272
3260.0	66.0	4.89141961281	7.86598833876
3260.0	67.0	2.32963829844	4.20948154735
3260.0	69.0	0.0	4.22427845493
3260.0	70.0	-0.158269762438	3.89755318912
3270.0	57.0	4.22698126172	7.17506821859
3270.0	65.0	10.8139077977	4.37821402574
3270.0	66.0	5.35823122596	7.81396050242
3270.0	67.0	2.92651734934	4.26938515707
3270.0	69.0	0.508694169965	4.28394340486
3270.0	70.0	0.34263719847	3.93860267467
3280.0	57.0	4.21582661091	7.17697749698
3280.0	65.0	11.3872147563	4.35816660257
3280.0	66.0	5.82525330422	7.76169400628
3280.0	67.0	3.53581384171	4.31974237481
3280.0	69.0	1.01717787482	4.34360835478
3280.0	70.0	0.843333694269	3.97989082002
3290.0	57.0	4.2046719601	7.17888677538
3290.0	65.0	11.9521031105	4.32666350901
3290.0	66.0	6.34257654367	7.73042957252
3290.0	67.0	4.09712428908	4.29706969384
3290.0	69.0	1.5153487893	4.40088670672
3290.0	70.0	1.34403019007	4.02094030557
3300.0	57.0	4.19351730929	7.18103471358
3300.0	65.0	12.5172019299	4.29516041544
3300.0	66.0	6.86558234109	7.70155173675
3300.0	67.0	4.65822427134	4.27439701287
3300.0	69.0	2.00636389006	4.45649444005
3300.0	70.0	1.84788366251	4.0834691731
3310.0	57.0	4.18215219337	7.18294399198
3310.0	65.0	13.0820902841	4.26389598168
3310.0	66.0	7.38858813851	7.67243524119
3310.0	67.0	5.19238471957	4.15960164921
3310.0	69.0	2.49758945593	4.51234083318
3310.0	70.0	2.35299992561	4.15506711301
3320.0	57.0	4.17099754256	7.18485327037
3320.0	65.0	13.6324565458	4.25530422889
3320.0	66.0	7.91138347082	7.60656513647
3320.0	67.0	5.72359865627	4.03454391416
3320.0	69.0	3.00965106765	4.5791655771
3320.0	70.0	2.85811618871	4.22666505293
3330.0	57.0	4.15984289175	7.18676254877
3330.0	65.0	14.1680902498	4.26986247667
3330.0	66.0	8.43375787291	7.51611307238
3330.0	67.0	6.14263468953	3.94576246866
3330.0	69.0	3.53581384171	4.65386609441
3330.0	70.0	3.37985919548	4.26174804348
3340.0	57.0	4.14847777583	7.18867182717
3340.0	65.0	14.7039344189	4.28442072446
3340.0	66.0	8.95634274011	7.42566100828
3340.0	67.0	6.53346839811	3.86628875536
3340.0	69.0	4.06197661577	4.72832795192
3340.0	70.0	3.90896848107	4.28107948726
3350.0	57.0	4.13732312502	7.19081976537
3350.0	65.0	15.2395681229	4.29874031244
3350.0	66.0	9.4961857463	7.35382440857
3350.0	67.0	6.9531358267	3.88633617853
3350.0	69.0	4.580773111	4.81520011902
3350.0	70.0	4.43786730156	4.30041093104
3360.0	57.0	4.12616847421	7.19272904376
3360.0	66.0	10.0433950313	7.29034090185
3360.0	67.0	7.38501023165	3.94910370586
3360.0	69.0	5.08820449031	4.92068775049
3360.0	70.0	4.96697658716	4.31974237481
3370.0	57.0	4.1150138234	7.19463832216
3370.0	66.0	10.5906043164	7.22661873532
3370.0	67.0	7.75206138284	4.1617495874
3370.0	69.0	5.59584633472	5.02593672217
3370.0	70.0	5.49608587276	4.40828516051
3380.0	57.0	4.10364870748	7.19654760056
3380.0	66.0	11.1125577882	7.26719090127
3380.0	67.0	8.10290672058	4.4118650575
3380.0	69.0	6.10348817914	5.13118569384
3380.0	70.0	6.02540562347	4.497066606
3390.0	57.0	4.09249405667	7.19845687896
3390.0	66.0	11.6237775395	7.35239244977
3390.0	67.0	8.3941904323	4.4956346472
3390.0	69.0	6.63554397627	5.19753311816
3390.0	70.0	6.55451490907	4.58560939169
3400.0	57.0	4.08133940586	7.20036615735
3400.0	66.0	12.1347868257	7.43759399827
3400.0	67.0	8.66000786576	4.50804495679
3400.0	69.0	7.16759977341	5.26388054248
3400.0	70.0	7.0800462878	4.69205166237
3400.0	72.0	0.189418598663	4.70708722975
3410.0	57.0	4.07018475505	7.20251409555
3410.0	66.0	12.6163309965	7.72923627352
3410.0	67.0	8.71493925937	4.5016011422
3410.0	69.0	7.69944510543	5.329989307
3410.0	70.0	7.60199975967	4.81615475822
3410.0	72.0	0.82081392754	4.85386300657
3420.0	57.0	4.05881963913	7.20442337395
3420.0	66.0	13.0947181907	8.04402854934
3420.0	67.0	8.71725437558	4.49014547181
3420.0	69.0	8.23276369322	5.38893827753
3420.0	70.0	8.12395323155	4.94025785407
3420.0	72.0	1.45220925642	5.0008774432
3430.0	57.0	4.04766498832	7.20633265235
3430.0	66.0	13.5446925951	8.21180638854
3430.0	67.0	8.71956949179	4.47892846122
3430.0	69.0	8.767976467	5.43667023747
3430.0	70.0	8.68526367892	4.93142744148
3430.0	72.0	2.09328598034	5.12020734305
3440.0	57.0	4.12511614866	7.21396976594
3440.0	66.0	13.9824600231	8.31681670041
3440.0	67.0	8.72167414288	4.46747279084
3440.0	69.0	9.30318924078	5.48440219742
3440.0	70.0	9.24636366118	4.92259702889
3440.0	72.0	2.74088712265	5.22116043833
3450.0	57.0	4.33558125829	7.22972131272
3450.0	66.0	14.4214902418	8.40345020771
3450.0	67.0	8.72398925909	4.45601712045
3450.0	69.0	9.83840201455	5.53213415736
3450.0	70.0	9.80641131789	4.9142439359
3450.0	72.0	3.38848826497	5.32211353361
3460.0	57.0	4.54604636791	7.2457115193
3460.0	66.0	14.8657820882	8.41681515649
3460.0	67.0	8.72609391018	4.44480010986
3460.0	69.0	10.4154973451	5.49275529041
3460.0	70.0	10.3635124631	4.90732280171
3460.0	72.0	4.04619173255	5.4116109585
3470.0	57.0	4.80281380165	7.23186925092
3470.0	66.0	15.3100739346	8.42994144548
3470.0	67.0	8.72840902639	4.43334443948
3470.0	69.0	10.9974333733	5.44359137166
3470.0	70.0	10.9206136082	4.90016300772
3470.0	72.0	4.70389520013	5.5011083834
3480.0	57.0	5.12924518668	7.17339759999
3480.0	67.0	8.7307241426	4.42212742889
3480.0	69.0	11.5793694014	5.39442745292
3480.0	70.0	11.4777147534	4.89324187352
3480.0	72.0	5.36159866771	5.59060580829
3490.0	57.0	5.45567657171	7.11492594906
3490.0	67.0	8.73282879369	4.4106717585
3490.0	69.0	12.1497298485	5.35337796737
3490.0	70.0	12.0672275255	4.86006816136
3490.0	72.0	6.02077539106	5.65933983061
3500.0	57.0	5.78210795674	7.05645429813
3500.0	67.0	8.7351439099	4.39921608812
3500.0	69.0	12.7085147145	5.32044291501
3500.0	70.0	12.6605286695	4.82379187181
3500.0	72.0	6.68016257951	5.72306199713
3510.0	57.0	6.10853934177	6.9979826472
3510.0	67.0	8.73724856099	4.38799907753
3510.0	69.0	13.2672995806	5.28750786265
3510.0	70.0	13.2536193484	4.78775424205
3510.0	72.0	7.33954976797	5.78678416365
3520.0	57.0	6.51410560802	6.95502388325
3520.0	67.0	8.7395636772	4.37654340715
3520.0	69.0	13.8696507243	5.29084909985
3520.0	70.0	13.8380809579	4.78847022145
3520.0	72.0	7.94379509771	5.92138829069
3530.0	57.0	6.99859629038	6.92733934648
3530.0	67.0	8.7416683283	4.36508773676
3530.0	69.0	14.5010460532	5.31853363661
3530.0	70.0	14.4168600093	4.81400682002
3530.0	72.0	8.53436019532	6.07389190271
3540.0	57.0	7.48329743785	6.89941614992
3540.0	67.0	8.7439834445	4.35387072617
3540.0	69.0	15.1324413821	5.34597951358
3540.0	70.0	14.9956390608	4.83978207839
3540.0	72.0	9.12492529292	6.22639551472
3550.0	57.0	7.9677881202	6.87173161315
3550.0	67.0	8.74629856071	4.34241505579
3550.0	72.0	9.70307294907	6.39751459112
3560.0	57.0	8.44638577949	6.8333073854
3560.0	67.0	8.7484032118	4.3311980452
3560.0	72.0	10.2321822347	6.64285686522
3570.0	57.0	8.90077995117	6.75192439369
3570.0	67.0	8.75071832801	4.31974237481
3570.0	72.0	10.7612915203	6.88843779913
3580.0	57.0	9.35517412285	6.67054140199
3580.0	67.0	8.75282297911	4.30828670443
3580.0	72.0	11.290611271	7.13378007323
3590.0	57.0	9.80956829454	6.58915841029
3590.0	67.0	8.75513809531	4.29706969384
3590.0	72.0	11.6987031185	7.50298678339
3600.0	57.0	10.2639624662	6.50777541859
3600.0	67.0	8.87847064955	4.167000103
3600.0	72.0	12.054810084	7.92541462888
3610.0	57.0	10.7463484975	6.44262129326
3610.0	67.0	9.01527297081	4.02380422317
3610.0	72.0	12.3938693756	8.35022907237
3620.0	57.0	11.2358903425	6.38176304434
3620.0	67.0	9.52501946632	3.92762432388
3620.0	72.0	12.5780263466	8.79771619684
3630.0	57.0	11.7254321875	6.32066613561
3630.0	67.0	10.0762275884	3.83669494019
3630.0	72.0	12.7621833175	9.2452033213
3640.0	57.0	12.2147635673	6.25956922688
3640.0	67.0	10.6653194303	3.84838927038
3640.0	72.0	12.9463402884	9.69269044576
3650.0	57.0	12.7322972719	6.19011922517
3650.0	67.0	11.263882202	3.88562019913
3650.0	72.0	13.0976647022	10.1377909722
3660.0	57.0	13.2778228361	6.11207747066
3660.0	67.0	11.8624449738	3.92285112789
3660.0	72.0	13.2456216743	10.5828914987
3670.0	57.0	13.8233484002	6.03427437595
3670.0	67.0	12.419546119	3.99230112961
3670.0	72.0	13.3935786463	11.0279920252
3680.0	57.0	14.3686634992	5.95623262145
3680.0	67.0	12.949497265	4.0827531937
3680.0	72.0	13.5350112	11.4671260566
3690.0	57.0	14.9141890634	5.87842952674
3690.0	67.0	13.479237946	4.17320525779
3690.0	72.0	13.6503460801	11.8828714277
3700.0	67.0	14.0256053706	4.25602020829
3700.0	72.0	13.7656809602	12.2986167988
3710.0	67.0	14.5789181438	4.33573258139
3710.0	72.0	13.8812263054	12.7143621699
3720.0	67.0	15.1324413821	4.4152062947
3990.0	74.0	0.198889528596	5.37795992674
4000.0	74.0	0.772196487216	5.41924807209
4010.0	74.0	1.34550344584	5.46029755764
4020.0	74.0	1.90555110255	5.49132333161
4030.0	74.0	2.43487085326	5.498005806
4040.0	74.0	2.96398013886	5.50492694019
4050.0	74.0	3.49308942445	5.51160941458
4060.0	74.0	4.05987196468	5.52211044577
4070.0	74.0	4.63633589994	5.53356611616
4080.0	74.0	5.2125893701	5.54478312674
4090.0	74.0	5.78884284025	5.55623879713
4100.0	74.0	6.38551142604	5.5786728183
4110.0	74.0	6.99586024395	5.60850529327
4120.0	74.0	7.60620906187	5.63833776823
4130.0	74.0	8.21655787978	5.66817024319
4140.0	74.0	8.78502414088	5.75504241029
4150.0	74.0	9.3254985424	5.87962282574
4160.0	74.0	9.86597294392	6.00444190099
4170.0	74.0	10.4064473454	6.12926097624
4180.0	74.0	10.9429229099	6.25718262889
4190.0	74.0	11.4629821958	6.39751459112
4190.0	78.0	14.942180923	5.78702282345
4200.0	74.0	11.9828310165	6.53784655335
4200.0	78.0	14.4480088456	5.7454960183
4210.0	74.0	12.5028903024	6.67817851558
4210.0	78.0	13.9538367682	5.70396921315
4220.0	74.0	13.0227391232	6.663381608
4220.0	78.0	13.4211495757	5.73380168812
4230.0	74.0	13.5423774789	6.60992181286
4230.0	78.0	12.8884623832	5.76363416308
4240.0	74.0	14.0620158345	6.55622335793
4240.0	78.0	12.3555647257	5.79346663804
4250.0	74.0	14.5818646553	6.50276356279
4250.0	78.0	11.8664438109	5.89776097052
4260.0	74.0	15.101503011	6.44906510786
4260.0	78.0	11.3880566167	6.02067076737
4270.0	78.0	10.9096694225	6.14358056422
4280.0	78.0	10.4397008328	6.27150221687
4290.0	78.0	9.97772991713	6.40395840571
4300.0	78.0	9.51596946661	6.53665325435
4310.0	78.0	9.05399855098	6.66910944319
4320.0	78.0	8.61328461142	6.77793831186
4330.0	78.0	8.17488578807	6.88390326293
4340.0	78.0	7.73627649962	6.99010687381
4350.0	78.0	7.28735442078	7.09559450528
4360.0	78.0	6.81380792413	7.20012749756
4370.0	78.0	6.34026142747	7.30442183003
4380.0	78.0	5.87387074454	7.40585224491
4390.0	78.0	5.47083005961	7.48103008182
4400.0	78.0	5.06799983978	7.55596925893
4410.0	78.0	4.66516961996	7.63090843604
4420.0	78.0	4.23645219165	7.70298369555
4430.0	78.0	3.79089755458	7.77338833647
4440.0	78.0	3.34513245239	7.84355431758
4450.0	78.0	2.91220572189	7.9115723605
4460.0	78.0	2.53084294325	7.97123731043
4470.0	78.0	2.1492696995	8.03090226036
4480.0	78.0	1.76790692085	8.09056721029
4490.0	78.0	1.43621390808	8.19915741916
4500.0	78.0	1.10452089531	8.30750896823
4510.0	78.0	0.773038347655	8.4160991771
4520.0	78.0	0.51690230924	8.55308990213
4530.0	78.0	0.293388362818	8.70225227695
4540.0	78.0	0.069663951286	8.85141465177
4550.0	78.0	-0.153849995136	9.00057702659
4780.0	87.0	15.1543297535	5.39204085493
4790.0	87.0	14.5153576807	5.40898570071
4800.0	87.0	13.8763856078	5.42616920628
4810.0	87.0	13.2388867908	5.44764858826
4820.0	87.0	12.6129635547	5.51041611558
4830.0	87.0	11.9870403187	5.57342230271
4840.0	87.0	11.3613275478	5.63618983003
4850.0	87.0	10.7503473346	5.67819395478
4860.0	87.0	10.1743043295	5.67198879999
4870.0	87.0	9.59826132447	5.6655449854
4880.0	87.0	9.02221831943	5.65933983061
4890.0	87.0	8.44133461686	5.66912488239
4900.0	87.0	7.85539975166	5.69490014076
4910.0	87.0	7.26967535158	5.72067539913
4910.0	92.0	0.199941854144	4.68656248697
4920.0	87.0	6.68374048638	5.7464506575
4920.0	92.0	0.726104628208	4.71639496194
4930.0	87.0	6.11274864396	5.73571096651
4930.0	92.0	1.25226740227	4.7462274369
4940.0	87.0	5.54575563863	5.71590220314
4940.0	92.0	1.75254296785	4.73620372531
4950.0	87.0	4.9787626333	5.69609343976
4950.0	92.0	2.25008248701	4.72188413733
4960.0	87.0	4.40777079089	5.68917230557
4960.0	92.0	2.74762200616	4.70732588955
4970.0	87.0	3.82183592569	5.73427900772
4970.0	92.0	3.24684524619	4.71711094134
4980.0	87.0	3.2361115256	5.77938570986
4980.0	92.0	3.74733127688	4.74288619971
4990.0	87.0	2.6501766604	5.82449241201
4990.0	92.0	4.24802777268	4.76866145807
5000.0	87.0	2.05729644659	5.81136612302
5000.0	92.0	4.74851380337	4.79443671644
5010.0	87.0	1.45747088416	5.73976818311
5010.0	92.0	5.26057541509	4.79706197424
5020.0	87.0	0.857645321724	5.66817024319
5020.0	92.0	5.77389981747	4.79706197424
5020.0	94.0	14.7887518581	5.38965425693
5030.0	87.0	0.257819759291	5.59657230328
5030.0	92.0	6.28722421984	4.79706197424
5030.0	94.0	14.1853483888	5.38177848354
5040.0	87.0	-0.342005803141	5.52497436337
5040.0	92.0	6.80054862222	4.79706197424
5040.0	94.0	13.5819449195	5.37390271015
5050.0	92.0	7.28440790925	4.73668104491
5050.0	94.0	13.0124263328	5.40230322631
5060.0	92.0	7.76069045233	4.661503208
5060.0	94.0	12.4767926288	5.46745735164
5070.0	92.0	8.23697299541	4.58608671129
5070.0	94.0	11.9323193902	5.54693106494
5080.0	92.0	8.7132555385	4.51067021458
5080.0	94.0	11.367431036	5.66005581
5090.0	92.0	9.18048808187	4.55840217453
5090.0	94.0	10.7758136128	5.71781148153
5100.0	92.0	9.64772062523	4.60613413447
5100.0	94.0	10.144418284	5.69275220256
5110.0	92.0	10.1149531686	4.65386609441
5110.0	94.0	9.51723225727	5.63237127324
5120.0	92.0	10.582185712	4.70159805435
5120.0	94.0	8.89425553277	5.53690735335
5130.0	92.0	11.0494182553	4.7493300143
5130.0	94.0	8.27127880828	5.44144343347
5140.0	92.0	11.5486414954	4.86030682116
5140.0	94.0	7.66261371125	5.40278054591
5150.0	92.0	12.0478647354	4.97128362803
5150.0	94.0	7.05394861421	5.36411765836
5160.0	92.0	12.5470879754	5.0822604349
5160.0	94.0	6.44528351717	5.32545477081
5170.0	92.0	13.0463112155	5.19323724176
5170.0	94.0	5.83430330393	5.30087281144
5180.0	92.0	13.5436402695	5.27796147066
5180.0	94.0	5.21806146295	5.30922590443
5190.0	92.0	14.0401274631	5.35146868897
5190.0	94.0	4.60160915685	5.31781765722
5200.0	92.0	14.5366146567	5.42497590729
5200.0	94.0	4.02240917516	5.39084755593
5210.0	92.0	15.0331018503	5.4982444658
5210.0	94.0	3.48025105277	5.52831560056
5220.0	94.0	2.93830339548	5.6655449854
5230.0	94.0	2.39235690111	5.76769137967
5240.0	94.0	1.83104645374	5.72783519312
5250.0	94.0	1.26973600637	5.68797900657
5260.0	94.0	0.677697652994	5.56554652932
5270.0	94.0	0.0778720905614	5.42235064949
5360.0	99.0	0.182052319826	5.21304600514
5370.0	99.0	0.776826719628	5.26507384148
5380.0	99.0	1.37160111943	5.31686301802
5390.0	99.0	1.96700691456	5.35290064777
5400.0	99.0	2.56220224458	5.38679033933
5410.0	99.0	3.15760803971	5.42091869069
5420.0	99.0	3.75280336973	5.43881817567
5430.0	99.0	4.34820916486	5.43189704148
5440.0	99.0	4.94361495999	5.42497590729
5440.0	101.0	0.336744175401	7.62183936365
5450.0	99.0	5.53881029002	5.41829343289
5450.0	101.0	0.757674394652	7.40012440971
5460.0	99.0	6.19188352518	5.51781456937
5460.0	101.0	1.1786046139	7.17864811558
5470.0	99.0	6.85127071364	5.62926869584
5470.0	101.0	1.58396041504	6.97578728582
5480.0	99.0	7.51086836721	5.74048416251
5480.0	101.0	1.98279179778	6.78104088926
5490.0	99.0	8.1273206733	5.86578055736
5490.0	101.0	2.38162318052	6.58629449269
5500.0	99.0	8.73893228187	5.99250891101
5500.0	101.0	2.78045456326	6.39178675593
5510.0	99.0	9.35054389044	6.11947592445
5510.0	101.0	3.21674873552	6.19775633876
5520.0	99.0	9.94237177871	6.23379396852
5520.0	101.0	3.65746267507	6.00372592159
5530.0	99.0	10.5255705975	6.34286149698
5530.0	101.0	4.09817661463	5.80993416422
5540.0	99.0	11.1089798814	6.45192902545
5540.0	101.0	4.532787066	5.70778776995
5550.0	99.0	11.6991240488	6.53283469756
5550.0	101.0	4.96466147096	5.64502024262
5560.0	99.0	12.3164182153	6.50109294419
5560.0	101.0	5.39674634102	5.5820140555
5570.0	99.0	12.9337123818	6.46935119083
5570.0	101.0	5.82883121108	5.51924652817
5580.0	99.0	13.5453239904	6.4108795399
5580.0	101.0	6.22029631498	5.52688364176
5590.0	99.0	14.1331530416	6.2462042781
5590.0	101.0	6.60734165158	5.54239652875
5600.0	99.0	14.7209820928	6.0817676761
5600.0	101.0	6.99417652308	5.55767075593
5610.0	99.0	15.3088111439	5.9170924143
5610.0	101.0	7.34396953527	5.60564137567
5620.0	101.0	7.68450208265	5.6619650884
5630.0	101.0	8.02482416491	5.71805014133
5630.0	104.0	13.6859146836	12.1160420521
5640.0	101.0	8.38703461858	5.7457346781
5640.0	104.0	13.594572826	11.7976698792
5650.0	101.0	8.78165669913	5.73069911072
5650.0	104.0	13.5034414336	11.4795363662
5660.0	101.0	9.17627877967	5.71590220314
5660.0	104.0	13.4270425988	11.1439806878
5670.0	101.0	9.58310783658	5.68678570757
5670.0	104.0	13.3729530656	10.7826497511
5680.0	101.0	10.0391857291	5.60062951988
5680.0	104.0	13.3188635324	10.4213188143
5690.0	101.0	10.4952636217	5.51447333218
5690.0	104.0	13.2647739993	10.0597492177
5700.0	101.0	10.9511310491	5.42807848468
5700.0	104.0	13.1780623741	9.73994508611
5710.0	101.0	11.426992662	5.35170734877
5710.0	104.0	13.0879833072	9.42443683088
5720.0	101.0	11.9161135768	5.28130270786
5720.0	104.0	12.9913798219	9.11322445206
5730.0	101.0	12.4050240264	5.21113672674
5730.0	104.0	12.8375298267	8.83781104319
5740.0	101.0	12.8973019179	5.14240270443
5740.0	104.0	12.6836798316	8.56239763432
5750.0	101.0	13.402418181	5.0786805379
5750.0	104.0	12.5226740227	8.32922701
5760.0	101.0	13.9075344441	5.01495837138
5760.0	104.0	12.354301935	8.13829917023
5770.0	101.0	14.4126507072	4.95147486465
5770.0	104.0	12.2656961239	7.97815844462
5780.0	101.0	14.9177669703	4.88775269813
5780.0	104.0	12.2570670544	7.84904349298
5790.0	104.0	12.2572775195	7.72326977853
5800.0	104.0	12.3399903076	7.62947647724
5810.0	104.0	12.4227030956	7.53568317595
5820.0	104.0	12.5527705334	7.4113414203
5830.0	104.0	12.7933321537	7.21516306494
5840.0	104.0	13.033893774	7.01922336937
5850.0	104.0	13.3540112057	6.88939243833
5860.0	104.0	13.753894914	6.8256702718
5870.0	104.0	14.1537786223	6.76194810528
5880.0	104.0	14.5536623306	6.71230686694
5890.0	104.0	14.9535460389	6.67650789698
5900.0	104.0	15.3534297472	6.64070892703
