10.0	2.0	0.279287200473	9.98910591701
20.0	2.0	1.06390112916	9.85879766636
30.0	2.0	1.84830459273	9.72872807552
40.0	2.0	2.6106092198	9.56739405091
50.0	2.0	3.36344291693	9.39317239712
60.0	2.0	4.11185684675	9.20176723775
70.0	2.0	4.82112426619	8.85690382717
80.0	2.0	5.53060215074	8.51227907638
90.0	2.0	6.24365794215	8.15070947981
100.0	2.0	6.9619753613	7.76384194448
110.0	2.0	7.68050324556	7.37697440914
120.0	2.0	8.41944624546	7.01254089498
130.0	2.0	9.1790148261	6.67006408239
140.0	2.0	9.9465810809	6.35216922917
150.0	2.0	10.7463484975	6.13260221344
160.0	2.0	11.5461159141	5.9130351977
170.0	2.0	12.3340972845	5.84048261859
180.0	2.0	13.1170274923	5.8309362266
190.0	2.0	13.8970111886	5.832845505
200.0	2.0	14.6652088387	5.88057746494
210.0	2.0	15.4334064888	5.92830942488
240.0	5.0	15.04215185	8.56908010871
250.0	5.0	14.3507739649	8.5802971193
260.0	5.0	13.6591856147	8.59175278968
270.0	5.0	12.9480240093	8.77289557767
280.0	5.0	12.2366519387	8.95379970585
290.0	5.0	11.5246484729	9.13422651443
300.0	5.0	10.8042264026	9.30868682802
310.0	5.0	10.0838043324	9.48314714161
320.0	5.0	9.38758574974	9.65283425921
330.0	5.0	8.71578111981	9.81798684061
340.0	5.0	8.04376602478	9.98337808181
350.0	5.0	7.38311604566	10.1358816938
360.0	5.0	6.72372885721	10.286953347
370.0	5.0	6.06413120364	10.4382636601
380.0	5.0	5.40979517781	10.6067574787
390.0	5.0	4.7556696171	10.7771605757
400.0	5.0	4.10238591682	10.9468476933
410.0	5.0	3.45415337917	11.1091363571
420.0	5.0	2.80592084153	11.2714250209
430.0	5.0	2.15853016432	11.4201100761
440.0	5.0	1.51177088244	11.5599647187
450.0	5.0	0.865011600561	11.6995807016
460.0	5.0	0.218252318682	11.8391966844
470.0	5.0	-0.428717428307	11.979051327
500.0	6.0	15.0046890605	9.01441929498
510.0	6.0	14.5761820973	8.98052960342
520.0	6.0	14.1476751341	8.94640125206
530.0	6.0	13.7118018921	8.92181929269
540.0	6.0	13.2645635341	8.9120342409
550.0	6.0	12.8173251762	8.90201052931
560.0	6.0	12.3288356568	9.00439558339
570.0	6.0	11.8401356722	9.10654197767
580.0	6.0	11.3564868503	9.19651672216
590.0	6.0	10.8919903533	9.23780486751
600.0	6.0	10.4274938564	9.27885435306
610.0	6.0	9.9661543361	9.3256316738
610.0	8.0	0.182683715155	11.7411075067
620.0	6.0	9.51239155974	9.38529662373
620.0	8.0	0.780404626491	11.6170044109
630.0	6.0	9.05862878339	9.44496157366
630.0	8.0	1.37812553783	11.492901315
640.0	6.0	8.60507647215	9.51011569898
640.0	8.0	1.96890110055	11.4096090449
650.0	6.0	8.15510206777	9.62538838224
650.0	8.0	2.55673015173	11.3437389402
660.0	6.0	7.70512766339	9.7406610655
660.0	8.0	3.14455920292	11.2778688355
670.0	6.0	7.25346953813	9.85163787237
670.0	8.0	3.74017546316	11.2339554323
680.0	6.0	6.79507652937	9.94519251386
680.0	8.0	4.33768590938	11.1955312046
690.0	6.0	6.3364730555	10.0389858151
690.0	8.0	4.9349858905	11.156868317
700.0	6.0	5.88986609287	10.123710044
700.0	8.0	5.49734866342	11.1203533676
710.0	6.0	5.46114866456	10.1943533448
710.0	8.0	6.04455794845	11.0845543977
720.0	6.0	5.03243123626	10.2649966455
720.0	8.0	6.54946374644	11.000784808
730.0	6.0	4.57972078545	10.3642791222
730.0	8.0	7.02953466149	10.9041275891
740.0	6.0	4.11669754428	10.4754945888
740.0	8.0	7.45046488074	10.8790683101
750.0	6.0	3.6536743031	10.5869487153
750.0	8.0	7.88781137855	10.8342002678
750.0	11.0	0.0883953460427	7.70393833475
760.0	6.0	3.17591850425	10.6816966558
760.0	8.0	8.39124392077	10.7096198523
760.0	11.0	0.635604631069	7.44141255507
770.0	6.0	2.69184875211	10.7690461425
770.0	8.0	8.89446599788	10.5850394369
770.0	11.0	1.1828139161	7.17888677538
780.0	6.0	2.20777899997	10.856634289
780.0	8.0	9.3867438893	10.365711081
780.0	11.0	1.73318017777	6.9103945007
790.0	6.0	1.76790692085	10.9890904778
790.0	8.0	9.87775899005	10.1358816938
790.0	11.0	2.29680574134	6.61779758625
800.0	6.0	1.3469767016	11.1411167702
800.0	8.0	10.3795078114	9.89053941972
800.0	11.0	2.86022083981	6.32520067181
810.0	6.0	0.926046482352	11.2929044028
810.0	8.0	10.9231391896	9.58219095849
810.0	11.0	3.42700338003	6.03880891215
820.0	6.0	0.50048603069	11.4158141997
820.0	8.0	11.4667705677	9.27384249727
820.0	11.0	4.02346150071	5.80683158683
830.0	6.0	0.0677697652994	11.4955265728
830.0	8.0	12.0200833409	9.01370331558
830.0	11.0	4.61970915628	5.57461560171
840.0	8.0	12.5757112303	8.76549712388
840.0	11.0	5.21595681185	5.34263827639
850.0	8.0	13.147124003	8.55595381973
850.0	11.0	5.84840446627	5.14240270443
860.0	8.0	13.7551577047	8.43662391987
860.0	11.0	6.51705211955	4.97390888583
870.0	8.0	14.3629809413	8.31729402001
870.0	11.0	7.18548930773	4.80541506723
880.0	8.0	14.971014643	8.19796412016
880.0	11.0	7.85413696101	4.64670630042
890.0	11.0	8.52215321896	4.57510836051
900.0	11.0	9.19037994202	4.50351042059
910.0	11.0	9.85860666508	4.43191248068
920.0	11.0	10.5268333881	4.36484907696
930.0	11.0	11.1931659252	4.33835783919
940.0	11.0	11.8597089274	4.31186660142
950.0	11.0	12.5262519296	4.28537536365
960.0	11.0	13.1359693522	4.37200887095
960.0	15.0	8.97970436728	6.54906356394
970.0	11.0	13.6890716603	4.57176712331
970.0	15.0	8.64590670342	6.51421923318
980.0	11.0	14.2421739684	4.77152537567
980.0	15.0	8.31231950466	6.47937490242
990.0	11.0	14.7952762765	4.97128362803
990.0	15.0	7.9787323059	6.44429191186
1000.0	11.0	15.3483785846	5.17104188039
1000.0	15.0	7.55822301687	6.40562902431
1010.0	15.0	6.93524629238	6.35789706437
1020.0	15.0	6.31226956789	6.31016510442
1030.0	15.0	5.70065795932	6.23928314391
1040.0	15.0	5.09178239717	6.1624346884
1050.0	15.0	4.48290683502	6.08582489269
1060.0	15.0	3.86898011025	6.05599241773
1070.0	15.0	3.25526385058	6.02615994276
1080.0	15.0	2.67943131064	6.04716200514
1090.0	15.0	2.12885458386	6.10229241887
1100.0	15.0	1.57848832219	6.15742283261
1110.0	15.0	1.1786046139	6.22902077252
1120.0	15.0	0.778720905614	6.30061871244
1140.0	21.0	1.13588019665	7.65238781801
1150.0	21.0	1.55154878816	7.80536874963
1160.0	21.0	1.96700691456	7.95834968124
1170.0	21.0	2.38267550607	8.11133061286
1180.0	21.0	2.81328712036	8.26717546207
1190.0	21.0	3.30430222112	8.43423732187
1200.0	20.0	11.9906182256	8.161210511
1200.0	21.0	3.79531732188	8.60129918167
1210.0	20.0	11.4349903362	8.27576721486
1210.0	21.0	4.28128126	8.75380279369
1220.0	20.0	10.8793624468	8.39032391873
1220.0	21.0	4.7470405476	8.84783475478
1230.0	20.0	10.3580403702	8.4927089728
1230.0	21.0	5.2125893701	8.94186671586
1240.0	20.0	9.85124038624	8.59008217109
1240.0	21.0	5.67813819259	9.03589867695
1250.0	20.0	9.34465086737	8.68721670957
1250.0	21.0	6.233766082	9.17957187638
1260.0	20.0	8.7658718159	8.73494866951
1260.0	21.0	6.74014513576	9.30892548782
1270.0	20.0	8.18709276443	8.78268062945
1270.0	21.0	7.1084590776	9.39245641772
1280.0	20.0	7.68387068732	8.82420743461
1280.0	21.0	7.50350208837	9.48505642001
1290.0	20.0	7.18043814509	8.86573423976
1290.0	21.0	7.9610532367	9.59937446407
1300.0	20.0	6.66648234739	8.96764197423
1300.0	21.0	8.41860438502	9.71345384834
1310.0	20.0	6.14789631727	9.09556362688
1310.0	21.0	8.798704373	9.71345384834
1310.0	22.0	14.7805437188	5.88272540314
1320.0	20.0	5.62909982204	9.22324661973
1320.0	21.0	9.1790148261	9.71345384834
1320.0	22.0	14.3219402449	5.85217694877
1330.0	20.0	5.05453007277	9.4079693047
1330.0	21.0	9.55911481408	9.71345384834
1330.0	22.0	13.8631263059	5.82138983461
1340.0	20.0	4.4736463702	9.59889714447
1340.0	21.0	9.80620085278	9.61727394905
1340.0	22.0	13.404522832	5.79084138025
1350.0	20.0	3.91465103903	9.7475821997
1350.0	21.0	10.0385543338	9.51011569898
1350.0	22.0	12.9646507529	5.78940942145
1360.0	20.0	3.38848826497	9.83278374819
1360.0	21.0	10.2706973497	9.40319610871
1360.0	22.0	12.5437205337	5.81709395822
1370.0	20.0	2.86232549091	9.91798529669
1370.0	22.0	12.1227903144	5.84501715478
1380.0	20.0	2.32963829844	10.02132499
1380.0	22.0	11.7018600952	5.87270169155
1390.0	20.0	1.79253133868	10.1363590134
1390.0	22.0	11.2765101086	5.88511200113
1400.0	20.0	1.25563484403	10.2516316967
1400.0	22.0	10.8341124482	5.83618674219
1410.0	20.0	0.739574395224	10.3924409785
1410.0	22.0	10.3915043227	5.78726148325
1420.0	20.0	0.232563946136	10.5444672709
1420.0	22.0	9.94910666222	5.73833622431
1430.0	20.0	-0.274656968061	10.6962549036
1430.0	22.0	9.5201787688	5.67127282059
1440.0	22.0	9.12345203716	5.56220529212
1450.0	22.0	8.7265148404	5.45313776365
1460.0	22.0	8.32957764365	5.34383157538
1470.0	22.0	7.93811253975	5.30349806923
1480.0	22.0	7.5479102265	5.28010940886
1490.0	22.0	7.15791837836	5.25695940829
1500.0	22.0	6.76771606512	5.23357074792
1510.0	22.0	6.33036956732	5.20159033475
1520.0	22.0	5.87260795388	5.1657913648
1530.0	22.0	5.41484634045	5.12999239484
1540.0	22.0	4.95708472701	5.09419342488
1550.0	22.0	4.52163241519	5.07175940371
1560.0	22.0	4.09565103331	5.05505321773
1570.0	22.0	3.66988011654	5.03858569155
1580.0	22.0	3.24410919977	5.02187950557
1590.0	22.0	2.81202432971	5.00493465979
1600.0	22.0	2.37046852971	4.98751249441
1610.0	22.0	1.92912319483	4.96985166923
1620.0	22.0	1.48756739483	4.95242950385
1620.0	29.0	14.934604179	5.85504086637
1630.0	22.0	1.06221740828	4.96483981344
1630.0	29.0	14.1558832734	5.89489705292
1640.0	22.0	0.674119746131	5.04693878454
1640.0	29.0	13.3771623678	5.93475323947
1650.0	22.0	0.286022083981	5.12903775564
1650.0	29.0	12.6041240201	6.00587385979
1660.0	22.0	-0.101865113059	5.21089806694
1660.0	29.0	11.8538159043	6.20300685435
1670.0	29.0	11.1035077885	6.40013984892
1680.0	29.0	10.3599345562	6.67268934019
1690.0	29.0	9.6009973709	6.94714810986
1700.0	29.0	8.77828925737	7.19678626036
1710.0	29.0	7.95558114384	7.44618575106
1720.0	29.0	7.09625210124	7.6650367874
1730.0	29.0	6.23671259353	7.88364916393
1740.0	29.0	5.41589866599	8.02947030156
1750.0	29.0	4.62097194694	8.12684349984
1760.0	29.0	3.82583476277	8.22397803833
1770.0	29.0	3.03911618299	8.27672185406
1780.0	29.0	2.25344992876	8.32445381401
1780.0	31.0	1.78432319941	11.0604497579
1790.0	31.0	2.40014411017	10.8573502684
1800.0	31.0	3.01596502093	10.654012119
1810.0	31.0	3.59137663065	10.4499579903
1820.0	31.0	4.14005917144	10.2454265419
1830.0	31.0	4.68895217735	10.0406564337
1840.0	31.0	5.32139983177	9.89936983231
1850.0	31.0	5.97489399716	9.77383477766
1860.0	31.0	6.60860444224	9.6585620944
1870.0	31.0	7.23999977112	9.54424405034
1880.0	31.0	7.8583462632	9.36524920056
1890.0	31.0	8.46785322067	9.14305692702
1900.0	31.0	9.07757064326	8.92086465349
1910.0	31.0	9.74369271522	8.69389918396
1920.0	31.0	10.4340182748	8.46478577624
1930.0	31.0	11.1281322063	8.27624453446
1940.0	31.0	11.8373996258	8.24975329669
1950.0	31.0	12.5468775103	8.22326205893
1960.0	31.0	13.2426751627	8.20273731615
1970.0	31.0	13.9252135133	8.18817906837
1980.0	31.0	14.6075413987	8.17362082059
1990.0	31.0	15.2898692841	8.1593012326
2110.0	35.0	0.182473250045	8.36096876336
2120.0	35.0	0.638340677494	8.32135123661
2130.0	35.0	1.09441857005	8.28149505006
2140.0	35.0	1.55996739254	8.22779659512
2150.0	35.0	2.04024877271	8.15333473761
2160.0	35.0	2.52031968777	8.0786342203
2170.0	35.0	2.99302432398	8.02398112617
2180.0	35.0	3.43668477508	8.04975638453
2190.0	35.0	3.88013476106	8.0752929831
2200.0	35.0	4.33242428164	8.11085329326
2210.0	35.0	4.79797310413	8.1614491708
2220.0	35.0	5.26352192662	8.21204504834
2230.0	35.0	5.72949167934	8.25046927609
2240.0	35.0	6.19967073424	8.17887133618
2250.0	35.0	6.66963932403	8.10727339627
2260.0	35.0	7.14297535558	8.03495947695
2270.0	35.0	7.64682882802	7.95524710385
2280.0	35.0	8.15068230047	7.87577339054
2290.0	35.0	8.65453577291	7.79629967724
2300.0	35.0	9.1375531995	7.62040740485
2310.0	35.0	9.61530899835	7.42041049269
2320.0	35.0	10.0932752623	7.22041358053
2330.0	35.0	10.5714519914	7.01922336937
2340.0	35.0	11.0523647669	6.80800944663
2350.0	35.0	11.5334880075	6.59655686408
2360.0	35.0	12.0146112481	6.38510428153
2370.0	35.0	12.4969972793	6.15217231701
2380.0	35.0	12.980225171	5.90468210471
2390.0	35.0	13.4634530627	5.65719189241
2400.0	35.0	13.9517321171	5.44526199026
2410.0	35.0	14.4406425667	5.23738930471
2420.0	35.0	14.9293425513	5.02951661916
2440.0	41.0	15.2806088193	9.02134042917
2450.0	41.0	14.5063076809	9.02134042917
2460.0	41.0	13.7320065426	9.02134042917
2470.0	41.0	12.9579158694	9.02134042917
2480.0	41.0	12.150782174	9.19627806236
2490.0	41.0	11.3400705717	9.39078579912
2500.0	41.0	10.5354624576	9.59818116508
2510.0	41.0	9.75505783114	9.85664972817
2520.0	41.0	8.97465320465	10.1151182913
2530.0	41.0	8.2258183446	10.3807466483
2540.0	41.0	7.48498115872	10.648045624
2550.0	41.0	6.75845560029	10.9337214043
2560.0	41.0	6.06581492452	11.2618786289
2570.0	41.0	5.37296378363	11.5900358535
2570.0	42.0	14.6942530238	8.64926980142
2580.0	41.0	4.72031147868	11.8890765825
2580.0	42.0	13.9864588602	8.57337598511
2590.0	41.0	4.07207894103	12.1850147342
2590.0	42.0	13.2668786504	8.55595381973
2600.0	41.0	3.44110454238	12.498613711
2600.0	42.0	12.5207798367	8.67528371958
2610.0	41.0	2.8360173522	12.8387039256
2610.0	42.0	11.7734182325	8.79389764004
2620.0	41.0	2.23093016203	13.1787941402
2620.0	42.0	11.0157438378	8.90511310671
2630.0	41.0	1.62584297186	13.5188843548
2630.0	42.0	10.2580694431	9.01656723317
2640.0	41.0	1.02075578168	13.8589745694
2640.0	42.0	9.50376249025	9.12539610184
2650.0	42.0	8.77976251314	9.21131362974
2660.0	42.0	8.05576253603	9.29723115764
2670.0	42.0	7.31724046635	9.39532033532
2680.0	42.0	6.56882653652	9.50128528639
2690.0	42.0	5.8206230718	9.60748889726
3010.0	49.0	8.89130902124	8.48149196222
3020.0	49.0	9.19900901151	8.33471618539
3030.0	49.0	9.50649853668	8.18794040857
3040.0	49.0	9.86176364172	8.11968370585
3040.0	50.0	0.111546508102	10.1883868498
3050.0	49.0	10.2643833964	8.12994607724
3050.0	50.0	0.469337194465	9.97359303003
3060.0	49.0	10.6615310583	8.13662855163
3060.0	50.0	0.827127880828	9.75879921028
3070.0	49.0	11.0374217441	8.12803679884
3070.0	50.0	1.18491856719	9.54400539054
3080.0	49.0	11.4133124299	8.11944504605
3080.0	50.0	1.54733948597	9.35952136536
3090.0	49.0	11.8453972999	8.13615123203
3090.0	50.0	1.91018133496	9.17861723718
3100.0	49.0	12.361878679	8.19032700657
3100.0	50.0	2.27302318396	8.9974744492
3110.0	49.0	12.8261647108	8.26383422488
3110.0	50.0	2.59229875526	8.89055485893
3120.0	49.0	13.0810379586	8.4146672183
3120.0	50.0	2.91157432656	8.78339660885
3130.0	49.0	13.3274926019	8.48578783861
3130.0	50.0	3.21885338661	8.68101155478
3140.0	49.0	13.5547949203	8.37123113475
3140.0	50.0	3.41563826411	8.61943732645
3150.0	49.0	13.7820972387	8.25667443089
3150.0	50.0	3.61263360672	8.55786309812
3160.0	49.0	13.6286681738	8.18603113017
3160.0	50.0	3.80941848422	8.4962888698
3170.0	49.0	13.3798984142	8.12636618024
3170.0	50.0	3.85887778498	8.48793577681
3180.0	49.0	13.1311286546	8.06670123031
3180.0	50.0	3.90854755086	8.47934402402
3190.0	49.0	12.8823588951	8.00703628039
3190.0	50.0	3.95800685162	8.47099093103
3200.0	49.0	12.6335891355	7.94737133046
3200.0	50.0	4.00746615238	8.46263783804
3210.0	50.0	4.05692545314	8.45428474505
3220.0	50.0	4.10659521901	8.44569299226
3230.0	50.0	4.15605451978	8.43733989927
3240.0	50.0	4.20551382054	8.42898680628
3250.0	50.0	4.39872079117	8.38030020714
3260.0	50.0	4.73546496657	8.29175742144
3270.0	50.0	5.07220914198	8.20297597595
3280.0	50.0	5.40895331738	8.11443319026
3290.0	50.0	5.84166958277	7.9951032904
3300.0	50.0	6.27417538305	7.87577339054
3310.0	50.0	6.70689164844	7.75644349069
3320.0	50.0	7.18864628437	7.63711359083
3330.0	50.0	7.74385324356	7.51778369097
3340.0	50.0	8.29927066786	7.39845379112
3350.0	50.0	8.85468809217	7.27912389126
3360.0	50.0	9.39179505193	7.09798110328
3370.0	50.0	9.92406131417	6.90156408811
3380.0	50.0	10.4563275764	6.70490841315
3390.0	50.0	11.0109031403	6.54739294534
3400.0	50.0	11.5987321915	6.44882644806
3410.0	50.0	12.1865612426	6.35002129098
3420.0	50.0	12.7436623878	6.28391252646
3430.0	50.0	13.2698251619	6.2505001545
3440.0	50.0	13.795987936	6.21708778254
3450.0	50.0	14.32215071	6.18367541058
3460.0	50.0	14.8483134841	6.15026303862
3460.0	54.0	-0.161637204192	11.0554379021
3470.0	50.0	15.3744762581	6.11685066666
3470.0	54.0	0.727998814195	10.957826044
3480.0	54.0	1.61763483258	10.860214186
3490.0	54.0	2.49801038615	10.7824110913
3500.0	54.0	3.36891500978	10.7248940795
3510.0	54.0	4.23981963341	10.6673770678
3520.0	54.0	5.07747076972	10.6174971697
3530.0	54.0	5.89302306951	10.5726291273
3540.0	54.0	6.70857536931	10.5279997448
3550.0	54.0	7.51276255319	10.4480487119
3560.0	54.0	8.3001125283	10.3153538632
3570.0	54.0	9.08746250341	10.1828976744
3580.0	54.0	9.87607526918	10.035644578
3590.0	54.0	10.6653194303	9.88218632673
3600.0	54.0	11.4545635914	9.72872807552
3610.0	54.0	12.2334949621	9.67598425978
3610.0	56.0	11.0454194183	8.44259041486
3620.0	54.0	13.0113740073	9.63469611443
3620.0	56.0	11.0060624428	8.62158526465
3630.0	54.0	13.805669331	9.54328941114
3630.0	56.0	10.9664950021	8.80058011443
3640.0	54.0	14.6109088404	9.41870899569
3640.0	56.0	10.9271380266	8.97957496422
3650.0	54.0	15.4161483499	9.29412858024
3650.0	56.0	10.9231391896	9.1626270306
3660.0	56.0	10.9231391896	9.34639507638
3670.0	56.0	10.906722911	9.44997342945
3680.0	56.0	10.8517915174	9.36691981915
3690.0	56.0	10.7968601238	9.28386620885
3700.0	56.0	10.6956264061	9.14234094762
3710.0	56.0	10.5941822232	9.00105434619
3720.0	56.0	10.4929485055	8.85952908496
3840.0	58.0	14.6574216297	9.51560487437
3840.0	59.0	3.29630454696	12.5205704126
3850.0	58.0	13.8906972353	9.67765487838
3850.0	59.0	4.17036614723	12.3184255622
3860.0	58.0	13.1239728409	9.83970488239
3860.0	59.0	5.04463821261	12.1165193717
3870.0	58.0	12.4250182119	9.93516880227
3870.0	59.0	5.8993370228	11.8993389539
3880.0	58.0	11.7711031162	9.98624199941
3880.0	59.0	6.74898467036	11.6783399794
3890.0	58.0	11.1169775555	10.0373151965
3890.0	59.0	7.602631155	11.4592502832
3900.0	58.0	10.4359124608	10.0623744755
3900.0	59.0	8.49310903383	11.2573440927
3910.0	58.0	9.74769155231	10.0805126203
3910.0	59.0	9.38358691265	11.0554379021
3920.0	58.0	9.05505087653	10.1198914872
3920.0	59.0	10.2412322344	10.7778765551
3930.0	58.0	8.3438892711	10.2435172635
3930.0	59.0	11.0662554641	10.4246600515
3940.0	58.0	7.63272766568	10.36690438
3940.0	59.0	11.8912786938	10.0714435479
3950.0	58.0	6.9137788512	10.5129641774
3950.0	59.0	12.7825984331	9.5800430203
3960.0	58.0	6.17715096751	10.7117677905
3960.0	59.0	13.6741286375	9.08864249269
4020.0	63.0	14.8419995308	10.3960208755
4030.0	63.0	14.2611158282	10.5201239714
4040.0	63.0	13.6802321257	10.6442270672
4050.0	63.0	13.1246042362	10.796969339
4060.0	63.0	12.5689763468	10.9497116109
4070.0	63.0	12.0133484574	11.0499487267
4080.0	63.0	11.457720568	11.0976806867
4090.0	63.0	10.9020926786	11.1454126466
4100.0	63.0	10.2949008373	11.2189198649
4110.0	63.0	9.68791946117	11.2921884234
4120.0	63.0	9.11671715365	11.3840724463
4130.0	63.0	8.59918344908	11.5034023462
4140.0	63.0	8.08186020962	11.622732246
4150.0	63.0	7.53465092459	11.7420621459
4160.0	63.0	6.98744163957	11.8613920458
4170.0	63.0	6.44023235454	11.9807219456
4180.0	63.0	5.91806841756	12.0690260715
4190.0	63.0	5.39569401547	12.1575688572
4200.0	63.0	4.87353007849	12.2458729831
4220.0	64.0	2.29406969492	11.3401590432
4230.0	64.0	2.92546502379	11.1396848114
4240.0	64.0	3.55686035267	10.9392105797
4250.0	64.0	4.18025800738	10.7069945945
4260.0	64.0	4.79860449946	10.4532992274
4270.0	64.0	5.41674052643	10.1998425202
4270.0	66.0	11.244519412	7.96694143403
4280.0	64.0	6.03129864654	9.9077229253
4280.0	66.0	10.8427415177	8.11156927266
4290.0	64.0	6.64017420869	9.55832497852
4290.0	66.0	10.4409636234	8.25619711129
4300.0	64.0	7.24904977083	9.20892703174
4300.0	66.0	10.0391857291	8.40082494991
4310.0	64.0	7.88591719256	8.92038733389
4310.0	66.0	9.48061132819	8.74974557709
4320.0	64.0	8.54172647415	8.67241980199
4320.0	66.0	8.92203692725	9.09842754448
4330.0	64.0	9.19732529064	8.42469092988
4330.0	66.0	8.33105089942	9.3268249728
4340.0	64.0	9.80893689921	8.42469092988
4340.0	66.0	7.69123696616	9.37455693274
4350.0	64.0	10.4207589729	8.42469092988
4350.0	66.0	7.05142303289	9.42228889269
4360.0	64.0	11.0323705815	8.42469092988
4360.0	66.0	6.44823002871	9.34448579798
4370.0	64.0	11.6949147466	8.4962888698
4370.0	66.0	5.84924632671	9.25260177509
4380.0	64.0	12.3700868182	8.58578629469
4380.0	66.0	5.27215099612	9.15546723661
4390.0	64.0	13.0526251688	8.60010588267
4390.0	66.0	4.74598822206	9.04520640914
4400.0	64.0	13.7458972399	8.50201670499
4400.0	66.0	4.21982544799	8.93494558167
4410.0	64.0	14.439169311	8.40368886751
4410.0	66.0	3.75596034638	8.79270434104
4420.0	64.0	15.1324413821	8.30536103003
4420.0	66.0	3.31882431368	8.63662083203
4430.0	66.0	2.87663711836	8.492470313
4440.0	66.0	2.38835806403	8.45428474505
4450.0	66.0	1.9000790097	8.4160991771
4460.0	66.0	1.53113367253	8.48149196222
4470.0	66.0	1.24174414679	8.61561876966
4480.0	66.0	0.952354621056	8.74998423689
4490.0	66.0	0.66296509532	8.88411104433
4510.0	70.0	10.1980868869	13.3830869287
4520.0	70.0	10.227131072	13.0704425911
4530.0	70.0	10.2561752572	12.7575595937
4530.0	72.0	7.18191140086	7.59367750728
4540.0	70.0	10.2679613033	12.460428143
4540.0	72.0	6.9880730349	7.92660792788
4550.0	70.0	10.2626996756	12.1790482392
4550.0	72.0	6.79423466893	8.25953834848
4560.0	70.0	10.2572275827	11.8974296755
4560.0	72.0	6.60039630297	8.59246876908
4570.0	70.0	10.2517554899	11.6160497717
4570.0	72.0	6.31584747475	8.93780949927
4580.0	70.0	10.2725915357	11.3038827536
4580.0	72.0	5.94100911451	9.29579919884
4590.0	70.0	10.3108961857	10.9711909928
4590.0	72.0	5.56617075427	9.65378889841
4600.0	70.0	10.3492008356	10.638499232
4600.0	72.0	5.1580789067	9.98695797881
4610.0	70.0	10.3946612993	10.2967383988
4610.0	72.0	4.67232543369	10.2623713877
4620.0	70.0	10.4569589717	9.93445282287
4620.0	72.0	4.18657196067	10.5377847965
4630.0	70.0	10.5192566442	9.57192858711
4630.0	72.0	3.67261616297	10.7680915033
4640.0	70.0	10.5182043186	9.25427239369
4640.0	72.0	3.1464533889	10.979305426
4650.0	70.0	10.474638041	8.96621001543
4650.0	72.0	2.62071154506	11.1816889362
4660.0	70.0	10.4310717633	8.67814763718
4660.0	72.0	2.09875807319	11.305792032
4670.0	70.0	10.457379902	8.33567082459
4670.0	72.0	1.57680460131	11.4298951279
4680.0	70.0	10.5133636211	7.96956669183
4680.0	72.0	1.1259883365	11.5272683262
4690.0	70.0	10.5695578054	7.60370121887
4690.0	72.0	0.722526721344	11.6067420395
4700.0	70.0	10.6575322212	7.18867182717
4700.0	72.0	0.319275571302	11.6864544126
4710.0	70.0	10.7591868692	6.75240171329
4710.0	72.0	-0.0841860438502	11.7659281259
4720.0	70.0	10.860631052	6.31637025922
4730.0	70.0	10.9185089572	5.86840581515
4740.0	70.0	10.9652322115	5.4175774535
4750.0	70.0	10.8286403553	5.03691507295
4760.0	70.0	10.6922589643	4.65649135221
4770.0	70.0	10.5556671082	4.27582897167
4780.0	70.0	10.4384380421	3.87607380715
4790.0	70.0	10.3658275793	3.43168926008
4800.0	70.0	10.2932171165	2.98730471301
4810.0	70.0	10.2340764207	2.54745470214
4820.0	70.0	10.1951403754	2.11428716566
4830.0	70.0	10.1562043301	1.68111962918
4840.0	70.0	10.1149531686	1.23387116452
4850.0	70.0	10.0728601467	0.780417545063
4860.0	70.0	10.0307671248	0.326963925607
5130.0	86.0	-0.163320925069	8.29175742144
5140.0	86.0	0.548261610575	8.36001412416
5150.0	86.0	1.25984414622	8.42803216708
5160.0	86.0	2.02046505241	8.50416464319
5170.0	86.0	2.80213246955	8.58387701629
5180.0	86.0	3.58843011912	8.65141773961
5190.0	86.0	4.37767428021	8.71108268954
5200.0	86.0	5.18123006876	8.73494866951
5210.0	86.0	5.99446725235	8.73494866951
5220.0	86.0	6.76455908847	8.71251464834
5230.0	86.0	7.47024860105	8.65642959541
5270.0	90.0	15.2418832391	7.44332183346
5280.0	90.0	14.4842088444	7.5769713213
5290.0	90.0	13.7265344498	7.71062080914
5300.0	90.0	12.9814879617	7.84999813217
5310.0	90.0	12.265906589	8.00274040399
5320.0	90.0	11.5503252162	8.15548267581
5330.0	90.0	10.8631566333	8.332806907
5340.0	90.0	10.1833543292	8.51657495277
5350.0	90.0	9.50102644383	8.67934093618
5360.0	90.0	8.8094380936	8.75881464948
5370.0	90.0	8.11216718541	8.84091362059
5380.0	90.0	7.36733116244	8.94592393246
5390.0	90.0	6.63638583671	9.04639970814
5400.0	90.0	5.91659516179	9.164536309
5410.0	90.0	5.22395448602	9.32372239541
5420.0	90.0	4.53110334513	9.48266982201
5430.0	90.0	3.84309290176	9.64901570241
5440.0	90.0	3.15550338862	9.81607756221
5450.0	90.0	2.46812434058	9.98313942201
5460.0	90.0	1.80999994278	10.1747832412
5470.0	90.0	1.15524298673	10.3692909779
5480.0	90.0	0.505116263101	10.5683332509
5480.0	94.0	0.357790686363	11.8852580257
5490.0	90.0	-0.126279065775	10.7852750089
5490.0	94.0	0.98918601524	11.8375260658
5500.0	94.0	1.62058134412	11.7897941058
5510.0	94.0	2.16337086184	11.7394368881
5520.0	94.0	2.70489758891	11.6790559588
5530.0	94.0	3.23526966516	11.526313687
5540.0	94.0	3.76564174142	11.3735714151
5550.0	94.0	4.3511556764	11.2315688343
5560.0	94.0	4.97329054045	11.0967260475
5570.0	94.0	5.59205796275	10.9831239828
5580.0	94.0	6.20240678066	10.9194018163
5590.0	94.0	6.81275559858	10.8559183096
5600.0	94.0	7.42036837007	10.793389442
5610.0	94.0	8.02166718827	10.7337244921
5620.0	94.0	8.62296600647	10.6740595422
5630.0	94.0	9.2206869178	10.5461378895
5640.0	94.0	9.81440899206	10.350198194
5650.0	94.0	10.4083415314	10.1540198386
5660.0	94.0	10.9694415137	9.87478787294
5660.0	95.0	0.0311488362246	12.3298812326
5670.0	94.0	11.5166507987	9.55975693732
5670.0	95.0	0.506589518869	12.1353734958
5680.0	94.0	12.0527054329	9.26525074448
5680.0	95.0	0.982240666622	11.9408657591
5690.0	94.0	12.5437205337	9.05308218253
5690.0	95.0	1.4585232097	11.7518471977
5700.0	94.0	13.0347356344	8.84091362059
5700.0	95.0	1.94175110141	11.6103219365
5710.0	94.0	13.5697379431	8.71251464834
5710.0	95.0	2.42497899311	11.469035335
5720.0	94.0	14.1485169946	8.66788526579
5720.0	95.0	2.93746153504	11.326078115
5730.0	94.0	14.727296046	8.62301722345
5730.0	95.0	3.49372081978	11.1812116166
5740.0	94.0	15.3060750975	8.5783878409
5740.0	95.0	4.04998010452	11.0363451181
5750.0	95.0	4.59508473845	10.9146286203
5760.0	95.0	5.13303355866	10.8086636692
5770.0	95.0	5.67077191375	10.7024600583
5780.0	95.0	6.17231026999	10.5552069619
5790.0	95.0	6.66984978914	10.4034193293
5800.0	95.0	7.13476721631	10.2027064377
5810.0	95.0	7.58579394623	9.98099148382
5820.0	95.0	8.03682067616	9.75951518968
5830.0	95.0	8.55898461314	9.59412394848
5840.0	95.0	9.08893575918	9.43493786207
5850.0	95.0	9.61909737033	9.26525074448
5860.0	95.0	10.1490485164	9.05308218253
5870.0	95.0	10.6792101275	8.84091362059
5880.0	95.0	11.2455717375	8.69151258596
5890.0	95.0	11.8481333464	8.60487907867
5900.0	95.0	12.4443810019	8.47528680742
5910.0	95.0	13.0252647045	8.2461733997
5920.0	95.0	13.6061484071	8.01705999197
5930.0	95.0	14.1432553668	7.80226617223
