800.0	2.0	13.64	5.8
810.0	2.0	12.09	5.75
820.0	2.0	11.37	5.8
830.0	2.0	10.31	5.97
830.0	3.0	12.49	6.6
840.0	2.0	9.57	6.24
840.0	3.0	11.94	6.77
850.0	2.0	8.73	6.34
850.0	3.0	11.03	6.84
860.0	2.0	7.94	6.5
860.0	3.0	10.21	6.81
870.0	2.0	7.17	6.62
870.0	3.0	9.36	6.85
880.0	2.0	6.47	6.68
880.0	3.0	8.59	6.85
890.0	2.0	5.86	6.82
890.0	3.0	7.78	6.84
900.0	2.0	5.24	6.98
900.0	3.0	6.96	6.84
910.0	2.0	4.87	7.16
910.0	3.0	6.29	7.0
920.0	2.0	4.51	7.58
920.0	3.0	5.62	7.1
930.0	2.0	4.2	7.3
930.0	3.0	5.06	7.04
940.0	2.0	3.95	7.71
940.0	3.0	4.69	7.0
950.0	2.0	3.47	7.86
950.0	3.0	4.35	7.01
960.0	2.0	2.82	8.0
960.0	3.0	3.76	6.99
970.0	2.0	2.01	8.0
970.0	3.0	3.19	6.89
980.0	2.0	1.28	7.82
980.0	3.0	2.62	7.13
990.0	2.0	0.54	7.4
990.0	3.0	1.78	7.15
1000.0	2.0	-0.18	7.06
1000.0	3.0	1.01	6.96
1010.0	2.0	-0.83	6.43
1010.0	3.0	0.07	6.91
1020.0	2.0	-1.52	6.05
1020.0	3.0	-0.72	6.66
1050.0	11.0	12.51	6.19
1060.0	11.0	11.54	6.03
1070.0	11.0	10.96	5.97
1080.0	11.0	10.29	6.12
1090.0	11.0	9.88	6.21
1090.0	15.0	12.61	6.38
1100.0	11.0	9.54	6.09
1100.0	15.0	11.91	6.65
1100.0	16.0	12.1	5.49
1110.0	11.0	8.87	5.99
1110.0	15.0	11.25	6.81
1110.0	16.0	11.21	5.8
1110.0	18.0	12.81	6.25
1120.0	11.0	8.04	5.66
1120.0	15.0	10.43	6.82
1120.0	16.0	10.41	5.86
1120.0	18.0	12.08	6.36
1120.0	20.0	12.81	6.52
1130.0	11.0	7.17	5.45
1130.0	15.0	9.6	6.69
1130.0	16.0	9.57	5.82
1130.0	18.0	11.2	6.55
1130.0	20.0	12.07	6.94
1140.0	11.0	6.43	5.23
1140.0	15.0	8.86	6.64
1140.0	16.0	8.85	5.63
1140.0	18.0	10.31	6.71
1140.0	20.0	11.12	7.33
1150.0	11.0	5.67	5.16
1150.0	15.0	8.09	6.55
1150.0	16.0	8.01	5.6
1150.0	18.0	9.53	6.83
1150.0	20.0	10.12	7.5
1150.0	21.0	11.33	5.2
1160.0	11.0	4.94	4.95
1160.0	15.0	7.32	6.51
1160.0	16.0	7.24	5.38
1160.0	18.0	8.56	6.74
1160.0	20.0	8.99	7.48
1160.0	21.0	10.52	4.69
1170.0	11.0	4.26	4.71
1170.0	15.0	6.55	6.4
1170.0	16.0	6.62	5.39
1170.0	18.0	7.82	6.82
1170.0	20.0	7.98	7.51
1170.0	21.0	9.65	4.34
1180.0	11.0	3.54	4.54
1180.0	15.0	5.77	6.26
1180.0	16.0	5.77	5.36
1180.0	18.0	6.88	6.9
1180.0	20.0	7.05	7.62
1180.0	21.0	8.73	4.0
1190.0	11.0	2.82	4.35
1190.0	15.0	5.0	6.07
1190.0	16.0	4.99	5.22
1190.0	18.0	5.81	6.96
1190.0	20.0	5.9	7.71
1190.0	21.0	7.79	3.79
1200.0	11.0	2.16	4.19
1200.0	15.0	4.16	6.01
1200.0	16.0	4.16	5.19
1200.0	18.0	4.87	6.92
1200.0	20.0	4.87	7.68
1200.0	21.0	6.83	3.62
1210.0	11.0	1.39	3.97
1210.0	15.0	3.39	5.83
1210.0	16.0	3.41	5.0
1210.0	18.0	4.06	6.82
1210.0	20.0	3.91	7.71
1210.0	21.0	5.85	3.4
1220.0	11.0	0.71	3.72
1220.0	15.0	2.37	5.98
1220.0	16.0	2.54	5.01
1220.0	18.0	3.01	6.78
1220.0	20.0	2.95	7.8
1220.0	21.0	4.91	3.24
1230.0	11.0	0.01	3.41
1230.0	15.0	1.53	5.83
1230.0	16.0	1.66	4.83
1230.0	18.0	2.19	6.64
1230.0	20.0	1.93	7.8
1230.0	21.0	3.92	3.09
1240.0	11.0	-0.63	3.08
1240.0	15.0	0.68	5.71
1240.0	16.0	0.85	4.84
1240.0	18.0	1.26	6.73
1240.0	20.0	0.95	7.68
1240.0	21.0	3.05	2.8
1340.0	27.0	10.17	4.86
1350.0	27.0	9.21	4.56
1360.0	27.0	8.09	4.38
1370.0	27.0	6.97	4.29
1380.0	27.0	5.8	4.23
1390.0	27.0	4.65	4.2
1450.0	28.0	10.02	4.29
1460.0	28.0	8.88	4.1
1470.0	28.0	7.93	4.1
1480.0	28.0	7.01	4.1
1490.0	28.0	5.86	4.08
1490.0	31.0	11.2	5.57
1500.0	28.0	4.87	4.04
1500.0	31.0	9.98	5.5
1510.0	28.0	3.96	3.87
1510.0	31.0	8.73	5.18
1520.0	28.0	2.96	3.82
1520.0	31.0	7.63	5.05
1530.0	28.0	2.03	3.74
1530.0	31.0	6.46	4.94
1540.0	28.0	1.13	3.62
1540.0	31.0	5.4	4.97
1550.0	28.0	0.2	3.61
1550.0	31.0	4.36	5.18
1560.0	28.0	-0.72	3.51
1560.0	31.0	3.3	5.22
1570.0	28.0	-1.79	3.53
1570.0	31.0	2.26	5.33
1750.0	35.0	3.03	2.72
1760.0	35.0	3.84	3.05
1770.0	35.0	4.73	3.26
1780.0	35.0	5.6	3.49
1790.0	35.0	6.57	3.75
1800.0	35.0	7.45	3.94
1800.0	36.0	12.14	6.1
1810.0	35.0	8.38	4.13
1810.0	36.0	10.99	6.46
1810.0	37.0	13.06	5.51
1820.0	35.0	9.28	4.35
1820.0	36.0	9.86	6.71
1820.0	37.0	11.87	5.44
1830.0	35.0	10.14	4.49
1830.0	36.0	8.79	6.97
1830.0	37.0	10.66	5.55
1840.0	35.0	11.03	4.71
1840.0	36.0	7.73	7.23
1840.0	37.0	9.48	5.73
1850.0	35.0	11.88	4.87
1850.0	36.0	6.65	7.42
1850.0	37.0	8.3	5.82
1860.0	36.0	5.55	7.68
1860.0	37.0	7.17	5.95
1870.0	36.0	4.46	7.96
1870.0	37.0	6.03	5.92
1880.0	36.0	3.4	8.25
1880.0	37.0	4.96	5.9
1890.0	36.0	2.9	8.43
1890.0	37.0	3.83	5.9
1900.0	36.0	1.65	8.92
1900.0	37.0	2.75	5.89
1910.0	36.0	0.55	9.49
1910.0	37.0	1.68	6.0
1920.0	36.0	-0.28	9.98
1920.0	37.0	0.54	6.14
1930.0	36.0	-1.31	10.3
1930.0	37.0	-0.55	6.21
1930.0	38.0	10.9	4.26
1940.0	38.0	9.56	3.88
1950.0	38.0	8.21	3.63
1960.0	38.0	6.86	3.4
1970.0	38.0	5.58	3.13
1980.0	38.0	4.39	3.0
1990.0	38.0	2.93	2.94
2000.0	38.0	1.61	2.86
2010.0	38.0	0.37	2.62
2020.0	38.0	-0.8	1.92
2030.0	38.0	-1.74	1.01
2120.0	42.0	12.54	5.16
2130.0	42.0	11.73	5.34
2140.0	42.0	10.95	5.36
2150.0	42.0	10.19	5.49
2160.0	42.0	9.25	5.45
2170.0	42.0	8.38	5.43
2180.0	42.0	7.61	5.28
2190.0	42.0	6.74	5.18
2200.0	42.0	5.85	5.13
2210.0	42.0	5.0	4.91
2210.0	47.0	12.84	5.19
2220.0	42.0	4.18	4.88
2220.0	47.0	11.56	4.72
2230.0	42.0	3.33	4.74
2230.0	47.0	10.41	4.34
2240.0	42.0	2.4	4.59
2240.0	47.0	9.26	3.93
2250.0	42.0	1.42	4.39
2250.0	47.0	8.29	3.63
2260.0	42.0	0.51	4.2
2260.0	47.0	6.9	3.22
2270.0	42.0	-0.32	4.03
2270.0	47.0	5.57	3.01
2270.0	49.0	11.67	6.02
2280.0	42.0	-1.25	3.61
2280.0	47.0	4.52	2.82
2280.0	49.0	10.36	5.96
2290.0	42.0	-1.74	3.15
2290.0	47.0	3.38	2.61
2290.0	49.0	9.13	6.05
2300.0	47.0	2.72	2.4
2300.0	49.0	7.99	6.26
2310.0	49.0	6.67	6.23
2320.0	49.0	5.48	6.3
2330.0	49.0	4.26	6.41
2860.0	51.0	7.05	8.44
2860.0	57.0	1.25	7.97
2870.0	51.0	7.05	8.44
2870.0	57.0	2.22	7.53
2880.0	51.0	7.05	8.44
2880.0	57.0	3.34	7.14
2890.0	51.0	7.05	8.44
2890.0	57.0	4.38	6.75
2900.0	51.0	7.05	8.44
2900.0	57.0	5.41	6.41
2910.0	51.0	7.05	8.44
2910.0	57.0	6.48	6.11
2920.0	51.0	7.05	8.44
2920.0	57.0	7.72	6.04
2930.0	51.0	7.05	8.44
2930.0	57.0	9.05	6.21
2940.0	51.0	7.05	8.44
2940.0	57.0	10.46	6.39
2950.0	51.0	7.05	8.44
2950.0	57.0	11.69	6.38
2960.0	51.0	7.05	8.44
2970.0	51.0	7.05	8.44
2980.0	51.0	7.05	8.44
2990.0	51.0	7.05	8.44
3000.0	51.0	7.05	8.44
3010.0	51.0	6.93	8.26
3020.0	51.0	6.87	8.09
3030.0	51.0	7.02	7.91
3040.0	51.0	7.07	7.78
3050.0	51.0	7.1	7.82
3060.0	51.0	6.77	8.09
3070.0	51.0	6.77	8.09
3080.0	51.0	6.77	8.09
3090.0	51.0	6.77	8.13
3100.0	51.0	6.78	8.17
3110.0	51.0	6.62	8.55
3120.0	51.0	6.41	8.7
3130.0	51.0	6.36	8.76
3140.0	51.0	6.35	8.69
3150.0	51.0	6.4	8.49
3160.0	51.0	6.4	8.49
3170.0	51.0	6.4	8.49
3170.0	63.0	10.56	6.37
3180.0	51.0	6.4	8.49
3180.0	63.0	9.49	6.2
3190.0	51.0	6.4	8.49
3190.0	63.0	8.54	5.78
3200.0	51.0	6.4	8.49
3200.0	63.0	7.58	5.46
3210.0	51.0	6.4	8.49
3210.0	63.0	6.56	5.18
3220.0	51.0	6.4	8.49
3220.0	63.0	5.58	4.98
3230.0	51.0	6.4	8.49
3230.0	63.0	4.63	4.68
3240.0	51.0	6.4	8.49
3240.0	63.0	3.68	4.42
3250.0	63.0	2.7	4.08
4220.0	76.0	11.93	5.99
4230.0	76.0	11.23	6.01
4240.0	76.0	10.22	5.9
4250.0	76.0	9.28	5.61
4260.0	76.0	8.41	5.42
4270.0	76.0	7.47	5.01
4280.0	76.0	6.58	4.78
4290.0	76.0	5.77	4.48
4300.0	76.0	4.88	4.32
4310.0	76.0	3.94	4.1
4320.0	76.0	3.05	3.7
4330.0	76.0	2.01	3.45
4330.0	79.0	-3.78	5.15
4340.0	76.0	1.03	3.19
4340.0	79.0	-3.09	5.12
4350.0	76.0	-0.0	2.9
4350.0	79.0	-2.34	5.19
4360.0	76.0	-0.88	2.48
4360.0	79.0	-1.61	5.17
4360.0	80.0	-2.27	5.91
4370.0	76.0	-1.65	2.03
4370.0	79.0	-0.84	5.31
4370.0	80.0	-1.17	6.1
4380.0	79.0	-0.13	5.27
4380.0	80.0	-0.05	6.16
4390.0	79.0	0.61	5.36
4390.0	80.0	0.99	6.37
4400.0	79.0	1.38	5.43
4400.0	80.0	2.36	6.36
4410.0	79.0	2.19	5.68
4410.0	80.0	3.48	6.2
4420.0	79.0	2.94	5.83
4420.0	80.0	4.62	6.28
4430.0	79.0	3.73	5.95
4430.0	80.0	5.82	6.19
4440.0	79.0	4.53	6.04
4440.0	80.0	7.0	6.02
4450.0	79.0	5.37	6.03
4450.0	80.0	8.09	5.86
4460.0	79.0	6.19	6.0
4460.0	80.0	9.32	5.73
4470.0	79.0	7.09	6.0
4470.0	80.0	10.55	5.79
4480.0	79.0	7.95	5.99
4480.0	80.0	11.69	5.87
4490.0	79.0	8.8	6.04
4500.0	79.0	9.68	6.04
4510.0	79.0	10.51	5.99
4520.0	79.0	11.33	5.98
4630.0	84.0	-0.73	9.29
4640.0	84.0	0.02	8.92
4650.0	84.0	0.76	8.61
4660.0	84.0	1.53	8.26
4670.0	84.0	2.33	7.84
4680.0	84.0	3.12	7.46
4690.0	84.0	3.96	6.94
4700.0	84.0	4.78	6.54
4710.0	84.0	5.59	6.18
4720.0	84.0	6.43	5.93
4720.0	87.0	11.99	5.08
4730.0	84.0	7.29	5.8
4730.0	87.0	10.88	4.72
4740.0	84.0	8.15	5.66
4740.0	87.0	9.71	4.49
4750.0	84.0	9.04	5.58
4750.0	87.0	8.67	4.07
4760.0	84.0	9.92	5.56
4760.0	87.0	7.51	3.81
4770.0	84.0	10.78	5.43
4770.0	87.0	6.36	3.69
4780.0	84.0	11.67	5.1
4780.0	87.0	5.29	3.39
4790.0	87.0	4.51	3.22
4800.0	87.0	3.13	3.03
4810.0	87.0	2.05	2.82
4810.0	92.0	-1.3	4.98
4820.0	87.0	1.21	2.55
4820.0	92.0	-0.35	5.08
4830.0	87.0	0.22	2.4
4830.0	92.0	0.44	4.92
4840.0	87.0	-0.65	2.05
4840.0	92.0	1.37	4.93
4850.0	87.0	-1.57	1.41
4850.0	92.0	2.36	4.92
4860.0	87.0	-2.41	0.9
4860.0	92.0	3.37	4.89
4870.0	87.0	-3.09	0.16
4870.0	92.0	4.28	5.0
4880.0	87.0	-3.89	-0.7
4880.0	92.0	5.18	4.87
4890.0	92.0	6.06	4.82
4900.0	92.0	7.05	4.78
4910.0	92.0	8.03	4.84
4920.0	92.0	8.95	4.89
4930.0	92.0	9.9	4.89
4940.0	92.0	10.78	4.87
4940.0	98.0	12.71	7.0
4950.0	92.0	11.69	4.85
4950.0	98.0	11.99	7.09
4960.0	92.0	12.57	4.81
4960.0	98.0	11.33	7.17
4970.0	98.0	10.55	7.25
4980.0	98.0	9.82	7.29
4990.0	98.0	9.01	7.28
5110.0	104.0	3.7	5.02
5110.0	108.0	3.55	8.86
5110.0	110.0	-3.0	5.3
5120.0	104.0	2.92	4.64
5120.0	108.0	2.91	8.86
5120.0	110.0	-2.07	5.44
5130.0	104.0	2.0	4.16
5130.0	108.0	1.49	9.17
5130.0	110.0	-1.12	5.6
5140.0	104.0	1.38	3.72
5140.0	108.0	0.62	9.39
5140.0	110.0	-0.39	5.84
5150.0	104.0	0.67	3.22
5150.0	108.0	-0.12	9.74
5150.0	110.0	0.53	6.07
5160.0	104.0	-0.13	2.73
5160.0	108.0	-0.94	10.2
5160.0	110.0	1.4	6.25
5170.0	104.0	-1.0	2.38
5170.0	108.0	-1.64	10.84
5170.0	110.0	2.23	6.32
5180.0	104.0	-1.77	1.6
5180.0	110.0	3.11	6.3
5190.0	110.0	3.98	6.28
5200.0	110.0	4.87	6.27
5210.0	110.0	5.82	6.19
5220.0	110.0	6.71	6.14
5230.0	110.0	7.65	6.13
5240.0	110.0	8.56	6.09
5250.0	110.0	9.48	5.95
5260.0	110.0	10.46	6.1
5270.0	110.0	11.36	6.02
5280.0	110.0	12.21	5.97
5290.0	110.0	12.95	5.87
5550.0	119.0	12.96	6.37
5560.0	119.0	11.82	6.79
5570.0	119.0	11.13	7.19
5580.0	119.0	10.54	7.55
5590.0	119.0	9.73	7.84
5600.0	119.0	8.8	8.01
5610.0	119.0	7.78	8.0
5620.0	119.0	6.78	8.05
5620.0	120.0	12.13	6.5
5630.0	119.0	5.76	8.12
5630.0	120.0	11.31	6.81
6230.0	121.0	10.73	5.96
6240.0	121.0	9.8	6.2
6250.0	121.0	8.86	6.38
6260.0	121.0	7.79	6.62
6270.0	121.0	6.88	6.85
6280.0	121.0	6.01	7.01
6290.0	121.0	5.14	7.18
6300.0	121.0	4.25	7.31
6310.0	121.0	3.29	7.63
6320.0	121.0	2.4	7.86
6330.0	121.0	1.52	8.07
6340.0	121.0	0.71	8.43
6340.0	124.0	9.9	6.58
6350.0	121.0	-0.1	8.8
6350.0	124.0	8.75	6.63
6360.0	121.0	-0.84	9.26
6360.0	124.0	7.57	6.61
6370.0	121.0	-1.6	9.7
6370.0	124.0	6.4	6.47
6380.0	124.0	5.26	6.28
6390.0	124.0	4.11	6.12
6400.0	124.0	2.99	6.0
6410.0	124.0	1.85	5.79
6420.0	124.0	0.75	5.5
6430.0	124.0	-0.28	5.05
6440.0	124.0	-1.26	4.41
6450.0	124.0	-2.33	3.58
6590.0	129.0	13.16	4.09
6600.0	129.0	13.2	3.55
6610.0	129.0	13.2	3.55
6800.0	130.0	10.45	3.88
6810.0	130.0	9.57	3.76
6820.0	130.0	8.64	3.64
6830.0	130.0	7.75	3.47
6830.0	134.0	-2.27	11.61
6840.0	130.0	6.94	3.3
6840.0	134.0	-1.42	10.84
6840.0	136.0	12.44	5.99
6850.0	130.0	5.97	3.07
6850.0	134.0	-0.34	10.17
6850.0	136.0	11.54	6.36
6860.0	130.0	4.99	2.95
6860.0	134.0	0.61	9.59
6860.0	136.0	10.48	6.6
6870.0	130.0	3.96	2.89
6870.0	134.0	1.75	9.22
6870.0	136.0	9.41	6.77
6870.0	137.0	12.77	5.14
6880.0	130.0	2.98	3.08
6880.0	134.0	2.87	9.05
6880.0	136.0	8.39	6.83
6880.0	137.0	11.85	4.89
6890.0	130.0	1.95	3.0
6890.0	134.0	4.13	8.74
6890.0	136.0	7.29	6.94
6890.0	137.0	10.81	4.53
6900.0	130.0	0.94	2.78
6900.0	134.0	5.25	8.44
6900.0	136.0	6.17	7.13
6900.0	137.0	9.8	4.38
6910.0	130.0	0.01	2.47
6910.0	134.0	6.36	8.22
6910.0	136.0	5.1	7.48
6910.0	137.0	8.91	4.17
6920.0	130.0	-1.02	1.85
6920.0	134.0	7.55	7.8
6920.0	136.0	3.98	7.81
6920.0	137.0	7.96	4.16
6920.0	140.0	-3.83	-2.44
6930.0	130.0	-1.95	1.31
6930.0	134.0	8.71	7.38
6930.0	136.0	2.92	8.24
6930.0	137.0	6.98	4.15
6930.0	140.0	-3.44	-1.6
6940.0	130.0	-2.81	0.61
6940.0	134.0	9.81	6.97
6940.0	136.0	1.86	8.69
6940.0	137.0	6.09	4.11
6940.0	140.0	-2.84	-0.75
6950.0	130.0	-3.41	-0.17
6950.0	134.0	10.99	6.53
6950.0	136.0	1.03	9.06
6950.0	137.0	4.95	4.15
6950.0	140.0	-2.07	0.08
6960.0	134.0	12.13	6.19
6960.0	136.0	-0.09	9.54
6960.0	137.0	4.07	4.02
6960.0	140.0	-1.04	0.7
6970.0	134.0	13.11	5.88
6970.0	136.0	-0.92	9.99
6970.0	137.0	3.04	4.08
6970.0	140.0	-0.23	1.27
6980.0	136.0	-1.77	10.62
6980.0	137.0	2.06	3.92
6980.0	140.0	0.86	1.65
6980.0	142.0	-5.15	4.12
6980.0	143.0	-4.93	5.21
6990.0	136.0	-2.75	11.29
6990.0	137.0	1.21	3.91
6990.0	140.0	1.84	2.07
6990.0	142.0	-4.25	4.15
6990.0	143.0	-3.95	5.24
7000.0	136.0	-3.33	12.05
7000.0	137.0	0.05	3.86
7000.0	140.0	2.81	2.37
7000.0	142.0	-3.43	4.22
7000.0	143.0	-2.91	5.21
7010.0	137.0	-0.82	3.61
7010.0	140.0	3.83	2.78
7010.0	142.0	-2.38	4.37
7010.0	143.0	-2.01	5.18
7020.0	137.0	-1.98	3.28
7020.0	140.0	4.89	3.08
7020.0	142.0	-1.45	4.36
7020.0	143.0	-1.24	5.07
7030.0	137.0	-3.06	3.13
7030.0	140.0	5.94	3.42
7030.0	142.0	-0.26	4.33
7030.0	143.0	-0.26	5.12
7040.0	137.0	-4.0	3.34
7040.0	140.0	7.16	3.69
7040.0	142.0	0.78	4.31
7040.0	143.0	0.77	5.11
7050.0	140.0	8.2	3.96
7050.0	142.0	1.83	4.35
7050.0	143.0	1.84	5.16
7060.0	140.0	9.29	4.21
7060.0	142.0	2.9	4.47
7060.0	143.0	2.84	5.46
7070.0	140.0	10.43	4.5
7070.0	142.0	3.88	4.61
7070.0	143.0	3.89	5.42
7080.0	140.0	11.52	4.58
7080.0	142.0	4.88	4.69
7080.0	143.0	4.89	5.51
7090.0	140.0	12.51	4.87
7090.0	142.0	5.94	4.73
7090.0	143.0	5.95	5.57
7100.0	142.0	6.89	4.75
7100.0	143.0	6.87	5.57
7100.0	144.0	-2.13	4.6
7110.0	142.0	7.58	4.77
7110.0	143.0	7.45	5.61
7110.0	144.0	-0.56	4.64
7120.0	142.0	8.47	4.88
7120.0	143.0	8.16	5.58
7120.0	144.0	0.62	4.8
7130.0	142.0	9.53	4.93
7130.0	143.0	8.77	5.26
7130.0	144.0	1.91	4.94
7140.0	142.0	10.5	5.17
7140.0	143.0	9.53	4.71
7140.0	144.0	3.12	5.06
7150.0	142.0	11.59	5.09
7150.0	143.0	10.61	4.37
7150.0	144.0	4.28	5.27
7160.0	142.0	12.37	5.33
7160.0	143.0	11.72	4.44
7160.0	144.0	5.79	5.34
7170.0	144.0	7.14	5.46
7180.0	144.0	8.41	5.4
7190.0	144.0	9.73	5.41
7200.0	144.0	11.01	5.42
7210.0	144.0	12.23	5.43
7300.0	145.0	-1.58	3.42
7300.0	146.0	-1.88	4.28
7310.0	145.0	-0.56	3.49
7310.0	146.0	-0.89	4.33
7320.0	145.0	0.55	3.54
7320.0	146.0	0.35	4.33
7330.0	145.0	1.65	3.56
7330.0	146.0	1.42	4.38
7340.0	145.0	2.73	3.57
7340.0	146.0	2.52	4.43
7350.0	145.0	3.84	3.63
7350.0	146.0	3.65	4.47
7360.0	145.0	4.97	3.72
7360.0	146.0	4.79	4.55
7370.0	145.0	6.12	3.73
7370.0	146.0	5.97	4.59
7370.0	149.0	12.67	6.34
7380.0	145.0	7.26	3.83
7380.0	146.0	7.08	4.71
7380.0	149.0	11.58	6.88
7380.0	150.0	13.04	6.06
7390.0	145.0	8.4	3.94
7390.0	146.0	8.2	4.88
7390.0	149.0	10.56	7.08
7390.0	150.0	11.87	6.35
7400.0	145.0	9.56	4.16
7400.0	146.0	9.35	5.08
7400.0	149.0	9.61	7.49
7400.0	150.0	10.6	6.46
7410.0	145.0	10.6	4.41
7410.0	146.0	10.5	5.31
7410.0	149.0	8.55	7.66
7410.0	150.0	9.44	6.57
7420.0	145.0	11.78	4.67
7420.0	146.0	11.6	5.43
7420.0	149.0	7.39	7.61
7420.0	150.0	8.21	6.71
7430.0	145.0	12.97	4.67
7430.0	146.0	12.44	5.54
7430.0	149.0	6.33	7.69
7430.0	150.0	7.02	6.69
7440.0	149.0	5.37	7.91
7440.0	150.0	5.99	6.57
7450.0	149.0	4.29	7.78
7450.0	150.0	4.83	6.7
7460.0	149.0	3.19	7.76
7460.0	150.0	3.66	6.95
7470.0	149.0	2.08	7.81
7470.0	150.0	2.57	7.1
7480.0	149.0	1.05	7.92
7480.0	150.0	1.59	7.2
7490.0	149.0	-0.15	7.9
7490.0	150.0	0.49	7.16
7500.0	149.0	-1.28	7.96
7500.0	150.0	-0.62	6.91
7510.0	149.0	-2.09	7.86
7510.0	150.0	-1.96	6.83
7580.0	156.0	12.44	6.66
7590.0	156.0	11.16	6.91
7600.0	156.0	10.08	6.75
7610.0	156.0	8.78	6.75
7620.0	156.0	7.64	6.72
7630.0	156.0	6.47	6.55
7640.0	156.0	5.29	6.36
7650.0	156.0	4.15	6.29
7660.0	156.0	2.88	6.25
7670.0	156.0	1.64	6.22
7680.0	156.0	0.68	6.23
7690.0	156.0	-0.61	6.33
7700.0	156.0	-1.73	6.5
7750.0	159.0	-1.09	5.33
7760.0	159.0	-0.07	5.35
7770.0	159.0	1.04	5.35
7780.0	159.0	2.08	5.27
7780.0	162.0	12.88	5.97
7790.0	159.0	3.18	5.27
7790.0	162.0	11.72	6.08
7800.0	159.0	4.17	5.24
7800.0	162.0	10.57	6.15
7810.0	159.0	5.29	5.23
7810.0	162.0	9.34	6.25
7820.0	159.0	6.3	5.26
7820.0	162.0	8.11	6.34
7830.0	159.0	7.36	5.24
7830.0	162.0	6.9	6.33
7840.0	159.0	8.32	5.31
7840.0	162.0	5.69	6.29
7850.0	159.0	9.37	5.38
7850.0	162.0	4.46	6.32
7860.0	159.0	10.44	5.49
7860.0	162.0	3.27	6.41
7860.0	166.0	-1.77	0.26
7870.0	159.0	11.52	5.6
7870.0	162.0	2.1	6.5
7870.0	166.0	-0.72	1.0
7880.0	159.0	12.53	5.69
7880.0	162.0	0.96	6.66
7880.0	166.0	0.33	1.53
7890.0	162.0	-0.25	6.82
7890.0	166.0	1.46	2.16
7900.0	162.0	-1.44	6.92
7900.0	166.0	2.74	2.65
7910.0	162.0	-2.49	6.89
7910.0	166.0	3.9	3.07
7920.0	162.0	-3.69	6.98
7920.0	166.0	5.05	3.47
7930.0	162.0	-4.76	6.88
7930.0	166.0	6.31	3.8
7940.0	166.0	7.56	4.02
7950.0	166.0	8.83	4.27
7960.0	166.0	10.13	4.53
7970.0	166.0	11.38	4.8
7980.0	166.0	12.6	5.06
8090.0	168.0	7.09	2.86
8100.0	168.0	5.8	2.73
8110.0	168.0	4.62	2.68
8120.0	168.0	3.4	2.76
8120.0	170.0	-2.04	0.21
8130.0	168.0	2.28	2.86
8130.0	170.0	-1.28	0.73
8140.0	168.0	1.22	2.78
8140.0	170.0	-0.39	1.2
8150.0	168.0	0.14	2.6
8150.0	170.0	0.52	1.64
8150.0	172.0	-1.9	0.09
8160.0	168.0	-1.03	2.03
8160.0	170.0	1.42	2.07
8160.0	172.0	-1.01	0.97
8170.0	168.0	-1.4	1.81
8170.0	170.0	2.36	2.53
8170.0	172.0	-0.15	1.51
8180.0	170.0	3.21	3.01
8180.0	172.0	0.84	1.98
8190.0	170.0	4.04	3.44
8190.0	172.0	1.8	2.43
8200.0	170.0	4.94	3.81
8200.0	172.0	2.82	2.87
8210.0	170.0	5.87	4.15
8210.0	172.0	3.96	3.2
8220.0	170.0	6.95	4.31
8220.0	172.0	4.96	3.54
8230.0	170.0	7.98	4.49
8230.0	172.0	6.06	3.88
8240.0	170.0	9.07	4.73
8240.0	172.0	7.14	4.17
8250.0	170.0	10.33	4.92
8250.0	172.0	8.22	4.38
8260.0	170.0	11.45	5.1
8260.0	172.0	9.31	4.57
8270.0	170.0	12.62	5.21
8270.0	172.0	10.36	4.77
8280.0	170.0	13.68	5.47
8280.0	172.0	11.45	4.96
8290.0	172.0	12.54	5.23
8290.0	174.0	-3.14	13.21
8300.0	172.0	13.91	5.62
8300.0	174.0	-2.68	12.24
8310.0	174.0	-2.1	11.41
8320.0	174.0	-1.38	10.59
8330.0	174.0	-0.71	10.15
8340.0	174.0	0.08	9.64
8350.0	174.0	0.99	9.2
8360.0	174.0	2.17	8.84
8370.0	174.0	3.15	8.54
8370.0	178.0	-1.79	5.43
8380.0	174.0	4.14	8.31
8380.0	178.0	-0.72	5.46
8390.0	174.0	5.2	8.09
8390.0	178.0	0.28	5.46
8400.0	174.0	6.25	7.82
8400.0	178.0	1.4	5.47
8400.0	182.0	-1.33	5.83
8400.0	184.0	-1.68	7.01
8410.0	174.0	7.27	7.53
8410.0	178.0	2.42	5.57
8410.0	182.0	-0.03	5.9
8410.0	184.0	-0.46	7.21
8420.0	174.0	8.28	7.22
8420.0	178.0	3.55	5.63
8420.0	182.0	1.21	5.92
8420.0	184.0	0.72	7.33
8430.0	174.0	9.31	6.83
8430.0	178.0	4.58	5.61
8430.0	182.0	2.48	5.89
8430.0	184.0	1.91	7.52
8440.0	174.0	10.33	6.48
8440.0	178.0	5.67	5.64
8440.0	182.0	3.76	5.87
8440.0	184.0	3.17	7.73
8450.0	174.0	11.32	6.16
8450.0	178.0	6.7	5.6
8450.0	182.0	5.0	5.88
8450.0	184.0	4.47	7.71
8460.0	174.0	12.18	5.82
8460.0	178.0	7.77	5.57
8460.0	182.0	6.21	5.92
8460.0	184.0	5.7	7.52
8460.0	188.0	-2.8	9.5
8470.0	174.0	13.11	5.66
8470.0	178.0	8.78	5.56
8470.0	182.0	7.42	5.96
8470.0	184.0	6.9	7.38
8470.0	188.0	-1.84	9.34
8480.0	178.0	9.87	5.58
8480.0	182.0	8.66	6.07
8480.0	184.0	8.14	7.33
8480.0	188.0	-0.83	9.14
8480.0	189.0	11.99	7.34
8490.0	178.0	10.88	5.67
8490.0	182.0	9.93	6.18
8490.0	184.0	9.35	7.23
8490.0	188.0	0.15	8.94
8490.0	189.0	10.63	7.83
8500.0	178.0	11.88	5.74
8500.0	182.0	11.06	6.2
8500.0	184.0	10.44	7.22
8500.0	188.0	1.14	8.69
8500.0	189.0	9.12	7.55
8510.0	178.0	13.0	5.78
8510.0	182.0	12.2	6.11
8510.0	184.0	11.72	6.94
8510.0	188.0	2.08	8.5
8510.0	189.0	7.59	6.74
8520.0	182.0	13.05	6.11
8520.0	184.0	12.53	6.79
8520.0	188.0	3.08	8.22
8520.0	189.0	5.78	5.51
8530.0	184.0	13.36	6.75
8530.0	188.0	4.02	8.07
8530.0	189.0	3.79	4.2
8540.0	188.0	5.05	7.85
8540.0	189.0	1.63	3.01
8550.0	188.0	6.02	7.58
8550.0	189.0	-0.52	1.78
8560.0	188.0	6.96	7.36
8560.0	189.0	-2.55	0.26
8570.0	188.0	7.87	7.16
8570.0	189.0	-4.58	-1.35
8580.0	188.0	8.96	7.12
8590.0	188.0	9.86	6.97
8600.0	188.0	10.74	6.82
8610.0	188.0	11.51	6.66
8620.0	188.0	12.22	6.55
8710.0	192.0	9.83	7.07
8710.0	193.0	9.74	7.75
8720.0	192.0	8.82	7.21
8720.0	193.0	8.73	7.9
8730.0	192.0	7.8	7.32
8730.0	193.0	7.75	7.99
8740.0	192.0	6.8	7.29
8740.0	193.0	6.75	7.95
8750.0	192.0	5.8	7.18
8750.0	193.0	5.75	7.85
8760.0	192.0	4.79	7.14
8760.0	193.0	4.79	7.82
8770.0	192.0	3.77	7.22
8770.0	193.0	3.77	7.91
8780.0	192.0	2.79	7.46
8780.0	193.0	2.79	8.16
8790.0	192.0	1.76	7.9
8790.0	193.0	1.8	8.45
8800.0	192.0	0.88	8.36
8800.0	193.0	1.34	9.1
8810.0	192.0	0.03	8.91
8810.0	193.0	0.53	9.5
8890.0	195.0	12.71	4.95
8900.0	195.0	11.82	4.59
8910.0	195.0	10.96	4.34
8920.0	195.0	9.86	4.25
8930.0	195.0	9.11	4.13
8940.0	195.0	8.16	3.99
8950.0	195.0	7.27	3.93
8960.0	195.0	6.39	3.81
8970.0	195.0	5.51	3.66
8970.0	202.0	12.87	5.37
8980.0	195.0	4.64	3.51
8980.0	202.0	11.94	5.24
8990.0	195.0	3.69	3.38
8990.0	202.0	11.07	5.14
8990.0	205.0	13.12	4.75
9000.0	195.0	2.82	3.19
9000.0	202.0	10.18	5.01
9000.0	205.0	11.82	4.28
9010.0	195.0	1.98	2.77
9010.0	202.0	9.25	4.81
9010.0	205.0	10.66	3.65
9020.0	195.0	1.2	2.43
9020.0	202.0	8.31	4.64
9020.0	205.0	9.57	3.33
9030.0	195.0	0.29	2.04
9030.0	202.0	7.37	4.49
9030.0	205.0	8.36	2.95
9040.0	195.0	-0.52	1.69
9040.0	202.0	6.38	4.37
9040.0	205.0	7.22	2.79
9050.0	195.0	-1.13	1.29
9050.0	202.0	5.48	4.18
9050.0	205.0	5.95	2.54
9060.0	195.0	-2.0	0.59
9060.0	202.0	4.55	4.11
9060.0	205.0	4.74	2.34
9070.0	195.0	-2.64	0.11
9070.0	202.0	3.6	3.97
9070.0	205.0	3.5	1.98
9080.0	195.0	-3.5	-0.44
9080.0	202.0	2.63	3.87
9080.0	205.0	2.6	1.82
9090.0	195.0	-4.04	-1.06
9090.0	202.0	1.7	3.68
9090.0	205.0	1.55	1.45
9100.0	195.0	-4.6	-1.81
9100.0	202.0	0.75	3.61
9100.0	205.0	0.99	1.34
9110.0	202.0	-0.3	3.51
9110.0	205.0	-0.2	1.13
9110.0	211.0	-3.28	4.75
9120.0	202.0	-1.29	3.4
9120.0	205.0	-1.09	0.97
9120.0	211.0	-2.24	4.74
9130.0	202.0	-2.3	3.29
9130.0	211.0	-1.4	4.87
9140.0	202.0	-3.23	3.22
9140.0	211.0	-0.08	4.83
9150.0	211.0	1.03	4.88
9160.0	211.0	2.07	4.95
9170.0	211.0	3.1	5.03
9180.0	211.0	4.17	5.04
9190.0	211.0	5.19	5.17
9200.0	211.0	6.25	5.27
9210.0	211.0	7.25	5.3
9210.0	214.0	13.32	5.77
9220.0	211.0	8.31	5.33
9220.0	214.0	12.02	6.05
9230.0	211.0	9.3	5.26
9230.0	214.0	11.16	6.19
9240.0	211.0	10.37	5.22
9240.0	214.0	10.14	6.54
9250.0	211.0	11.41	5.16
9250.0	214.0	9.07	6.61
9260.0	211.0	12.51	5.09
9260.0	214.0	7.94	6.89
9270.0	211.0	13.68	5.26
9270.0	214.0	6.63	7.21
9280.0	214.0	5.38	7.15
9290.0	214.0	4.06	7.02
9300.0	214.0	2.87	7.0
9300.0	215.0	10.78	6.43
9310.0	214.0	1.71	6.97
9310.0	215.0	9.71	6.27
9320.0	214.0	0.57	7.0
9320.0	215.0	8.67	5.92
9330.0	214.0	-0.56	7.02
9330.0	215.0	7.68	5.41
9340.0	214.0	-1.73	7.15
9340.0	215.0	6.72	4.86
9350.0	214.0	-3.21	7.54
9350.0	215.0	5.8	4.25
9360.0	214.0	-4.26	7.54
9360.0	215.0	4.87	3.58
9370.0	215.0	3.89	3.04
9380.0	215.0	3.02	2.68
9390.0	215.0	2.1	2.34
9400.0	215.0	1.06	1.97
9410.0	215.0	0.2	1.46
9420.0	215.0	-0.59	0.93
9430.0	215.0	-1.43	0.46
9440.0	215.0	-2.22	-0.28
9680.0	229.0	1.76	2.48
9690.0	229.0	2.77	2.84
9700.0	229.0	3.9	3.26
9710.0	229.0	5.05	3.61
9720.0	229.0	6.15	3.86
9730.0	229.0	7.28	4.05
9740.0	229.0	8.49	4.23
9750.0	229.0	9.65	4.44
9760.0	229.0	10.82	4.65
9770.0	229.0	12.01	4.91
9780.0	229.0	13.1	5.24
9780.0	233.0	0.08	9.05
9790.0	233.0	1.16	8.69
9800.0	233.0	2.31	8.46
9810.0	233.0	3.43	8.17
9820.0	233.0	4.64	7.9
9830.0	233.0	5.83	7.6
9840.0	233.0	6.94	7.29
9850.0	233.0	8.12	6.99
9860.0	233.0	9.24	6.75
9870.0	233.0	10.39	6.65
9880.0	233.0	11.72	6.46
9890.0	233.0	12.99	6.22
9920.0	238.0	-2.36	6.64
9920.0	240.0	-1.36	4.73
9930.0	238.0	-1.3	6.46
9930.0	240.0	-0.48	4.76
9930.0	243.0	-2.56	5.74
9940.0	238.0	-0.52	6.38
9940.0	240.0	0.49	4.84
9940.0	243.0	-1.65	6.2
9950.0	238.0	0.43	6.41
9950.0	240.0	1.47	4.88
9950.0	243.0	-0.51	6.6
9960.0	238.0	1.29	6.33
9960.0	240.0	2.4	4.83
9960.0	243.0	0.5	6.91
9970.0	238.0	2.26	6.48
9970.0	240.0	3.31	4.79
9970.0	243.0	1.52	7.11
9980.0	238.0	3.12	6.62
9980.0	240.0	4.22	4.83
9980.0	243.0	2.48	7.34
9990.0	238.0	4.01	6.58
9990.0	240.0	5.11	4.88
9990.0	243.0	3.55	7.5
10000.0	238.0	4.87	6.44
10000.0	240.0	5.97	4.96
10000.0	243.0	4.6	7.58
10010.0	238.0	5.7	6.4
10010.0	240.0	6.78	4.97
10010.0	243.0	5.66	7.62
10020.0	238.0	6.56	6.34
10020.0	240.0	7.51	5.02
10020.0	243.0	6.77	7.61
10030.0	238.0	7.4	6.31
10030.0	240.0	8.27	5.04
10030.0	243.0	7.89	7.55
10040.0	238.0	8.18	6.3
10040.0	240.0	9.2	5.08
10040.0	243.0	9.1	7.43
10050.0	238.0	8.79	6.2
10050.0	240.0	10.14	5.01
10050.0	243.0	10.35	7.26
10060.0	238.0	9.4	6.11
10060.0	240.0	11.0	4.93
10060.0	243.0	11.62	6.99
10070.0	238.0	9.77	5.93
10070.0	240.0	11.86	4.87
10070.0	243.0	12.82	6.72
10080.0	238.0	10.15	5.81
10080.0	240.0	12.71	4.91
10090.0	238.0	10.53	5.52
10090.0	240.0	13.46	5.1
10100.0	238.0	10.95	5.31
10110.0	238.0	11.39	5.02
10120.0	238.0	11.78	4.76
10130.0	238.0	12.07	4.78
10140.0	238.0	12.29	4.67
10150.0	238.0	12.34	4.69
10160.0	238.0	12.31	4.69
10170.0	238.0	12.31	4.67
10180.0	238.0	12.31	4.62
10190.0	238.0	12.31	4.62
10200.0	238.0	12.31	4.62
10210.0	238.0	12.31	4.57
10220.0	238.0	12.37	4.5
10220.0	254.0	0.54	5.08
10230.0	238.0	12.51	4.49
10230.0	254.0	1.81	5.19
