790.0	1.0	9.57	3.79
800.0	1.0	10.67	3.99
810.0	1.0	11.73	4.32
820.0	1.0	12.81	4.61
830.0	3.0	12.49	6.6
840.0	3.0	11.94	6.77
850.0	3.0	11.03	6.84
850.0	4.0	-1.32	5.11
850.0	5.0	-1.48	4.43
850.0	6.0	11.84	5.82
860.0	3.0	10.21	6.81
860.0	4.0	-0.33	5.06
860.0	5.0	-0.49	4.38
860.0	6.0	10.91	5.92
870.0	3.0	9.36	6.85
870.0	4.0	0.76	5.0
870.0	5.0	0.6	4.23
870.0	6.0	10.0	5.89
880.0	3.0	8.59	6.85
880.0	4.0	1.76	4.89
880.0	5.0	1.6	4.13
880.0	6.0	9.09	6.02
890.0	3.0	7.78	6.84
890.0	4.0	2.81	4.83
890.0	5.0	2.67	4.07
890.0	6.0	8.23	6.04
900.0	3.0	6.96	6.84
900.0	4.0	3.8	4.77
900.0	5.0	3.7	4.02
900.0	6.0	7.4	6.15
910.0	3.0	6.29	7.0
910.0	4.0	4.97	4.69
910.0	5.0	4.75	4.04
910.0	6.0	6.52	6.15
920.0	3.0	5.62	7.1
920.0	4.0	5.97	4.7
920.0	5.0	5.76	4.06
920.0	6.0	5.7	6.21
930.0	3.0	5.06	7.04
930.0	4.0	6.97	4.67
930.0	5.0	6.76	4.04
930.0	6.0	4.96	6.1
930.0	7.0	12.09	5.87
940.0	3.0	4.69	7.0
940.0	4.0	8.12	4.95
940.0	5.0	7.82	4.17
940.0	6.0	4.08	6.2
940.0	7.0	10.75	6.0
950.0	3.0	4.35	7.01
950.0	4.0	9.11	5.01
950.0	5.0	8.85	4.21
950.0	6.0	3.31	6.2
950.0	7.0	9.48	6.07
960.0	3.0	3.76	6.99
960.0	4.0	10.12	5.13
960.0	5.0	9.93	4.29
960.0	6.0	2.71	6.39
960.0	7.0	8.15	5.86
970.0	3.0	3.19	6.89
970.0	4.0	11.01	5.32
970.0	5.0	10.82	4.49
970.0	6.0	2.13	6.29
970.0	7.0	6.86	5.83
980.0	3.0	2.62	7.13
980.0	4.0	11.93	5.47
980.0	5.0	11.75	4.36
980.0	6.0	1.52	6.17
980.0	7.0	5.62	5.66
990.0	3.0	1.78	7.15
990.0	6.0	0.9	6.12
990.0	7.0	4.31	5.44
1000.0	3.0	1.01	6.96
1000.0	6.0	0.48	6.01
1000.0	7.0	3.06	5.26
1010.0	3.0	0.07	6.91
1010.0	6.0	-0.29	5.95
1010.0	7.0	1.84	5.07
1020.0	3.0	-0.72	6.66
1020.0	6.0	-0.75	5.65
1020.0	7.0	0.7	4.91
1070.0	13.0	11.87	6.09
1070.0	14.0	13.2	6.51
1080.0	13.0	11.34	6.14
1080.0	14.0	12.54	7.0
1090.0	13.0	10.43	5.53
1090.0	14.0	11.94	7.22
1100.0	13.0	9.72	5.35
1100.0	14.0	11.29	7.42
1100.0	16.0	12.1	5.49
1110.0	13.0	8.99	5.21
1110.0	14.0	10.58	7.56
1110.0	16.0	11.21	5.8
1120.0	13.0	8.27	5.01
1120.0	14.0	9.92	7.42
1120.0	16.0	10.41	5.86
1130.0	13.0	7.58	4.9
1130.0	14.0	9.11	7.34
1130.0	16.0	9.57	5.82
1140.0	13.0	6.84	4.67
1140.0	14.0	8.35	7.32
1140.0	16.0	8.85	5.63
1150.0	13.0	6.09	4.44
1150.0	14.0	7.75	7.43
1150.0	16.0	8.01	5.6
1160.0	13.0	5.38	4.17
1160.0	14.0	6.92	7.36
1160.0	16.0	7.24	5.38
1170.0	13.0	4.68	3.91
1170.0	14.0	6.02	7.19
1170.0	16.0	6.62	5.39
1180.0	13.0	4.01	3.71
1180.0	14.0	5.23	7.1
1180.0	16.0	5.77	5.36
1190.0	13.0	3.3	3.57
1190.0	14.0	4.43	7.0
1190.0	16.0	4.99	5.22
1200.0	13.0	2.59	3.42
1200.0	14.0	3.66	6.99
1200.0	16.0	4.16	5.19
1210.0	13.0	1.89	3.28
1210.0	14.0	2.87	6.86
1210.0	16.0	3.41	5.0
1220.0	13.0	1.22	3.06
1220.0	14.0	2.0	6.75
1220.0	16.0	2.54	5.01
1220.0	22.0	11.86	5.17
1230.0	13.0	0.53	2.76
1230.0	14.0	1.19	6.6
1230.0	16.0	1.66	4.83
1230.0	22.0	10.95	4.94
1240.0	13.0	-0.07	2.47
1240.0	14.0	0.33	6.47
1240.0	16.0	0.85	4.84
1240.0	22.0	9.91	4.75
1250.0	22.0	8.85	4.57
1260.0	22.0	7.86	4.39
1270.0	22.0	6.83	4.22
1280.0	22.0	5.63	3.98
1290.0	22.0	4.67	3.78
1300.0	22.0	3.67	3.55
1310.0	22.0	2.7	3.31
1320.0	22.0	1.81	2.84
1330.0	22.0	0.82	2.5
1340.0	22.0	-0.05	2.23
1350.0	22.0	-0.91	1.87
1360.0	22.0	-2.02	1.55
1530.0	33.0	13.1	6.2
1540.0	33.0	12.12	6.46
1540.0	34.0	12.56	5.64
1550.0	33.0	11.31	6.59
1550.0	34.0	11.53	5.82
1560.0	33.0	10.51	6.7
1560.0	34.0	10.55	5.83
1570.0	33.0	9.66	6.78
1570.0	34.0	9.71	5.86
1580.0	33.0	8.81	6.95
1580.0	34.0	8.85	6.02
1590.0	33.0	7.96	7.14
1590.0	34.0	7.96	6.2
1600.0	33.0	7.11	7.21
1600.0	34.0	7.14	6.22
1610.0	33.0	6.29	7.28
1610.0	34.0	6.26	6.26
1620.0	33.0	5.36	7.44
1620.0	34.0	5.2	6.39
1630.0	33.0	4.48	7.73
1630.0	34.0	4.34	6.66
1640.0	33.0	3.57	8.01
1640.0	34.0	3.47	6.93
1650.0	33.0	2.85	8.3
1650.0	34.0	2.72	7.22
1660.0	33.0	2.02	8.57
1660.0	34.0	1.65	7.59
1670.0	33.0	0.96	9.03
1670.0	34.0	0.67	8.02
1680.0	33.0	0.19	9.45
1680.0	34.0	0.01	8.48
1800.0	36.0	12.14	6.1
1810.0	36.0	10.99	6.46
1820.0	36.0	9.86	6.71
1830.0	36.0	8.79	6.97
1840.0	36.0	7.73	7.23
1850.0	36.0	6.65	7.42
1860.0	36.0	5.55	7.68
1870.0	36.0	4.46	7.96
1880.0	36.0	3.4	8.25
1890.0	36.0	2.9	8.43
1900.0	36.0	1.65	8.92
1910.0	36.0	0.55	9.49
1920.0	36.0	-0.28	9.98
1930.0	36.0	-1.31	10.3
1970.0	39.0	11.13	5.34
1980.0	39.0	9.81	5.26
1990.0	39.0	8.47	5.21
2000.0	39.0	7.17	5.13
2010.0	39.0	5.79	4.92
2020.0	39.0	4.52	4.83
2030.0	39.0	3.25	4.68
2040.0	39.0	1.99	4.55
2050.0	39.0	0.72	4.56
2060.0	39.0	-0.55	4.5
2200.0	46.0	11.93	5.31
2210.0	46.0	11.04	5.19
2220.0	46.0	10.12	5.01
2230.0	46.0	9.19	4.81
2240.0	46.0	8.27	4.56
2250.0	46.0	7.3	4.36
2260.0	46.0	6.35	4.26
2270.0	46.0	5.25	4.18
2270.0	49.0	11.67	6.02
2280.0	46.0	4.32	4.14
2280.0	49.0	10.36	5.96
2290.0	46.0	3.39	3.94
2290.0	49.0	9.13	6.05
2300.0	46.0	2.49	3.74
2300.0	49.0	7.99	6.26
2310.0	49.0	6.67	6.23
2320.0	49.0	5.48	6.3
2330.0	49.0	4.26	6.41
2860.0	50.0	7.5	7.25
2860.0	52.0	8.09	8.84
2860.0	54.0	4.71	6.09
2870.0	50.0	6.43	7.55
2870.0	52.0	8.09	8.84
2870.0	54.0	5.93	6.0
2880.0	50.0	5.34	7.82
2880.0	52.0	8.09	8.84
2880.0	54.0	7.22	5.99
2890.0	50.0	4.28	8.12
2890.0	52.0	8.09	8.84
2890.0	54.0	8.42	6.07
2900.0	50.0	3.22	8.38
2900.0	52.0	8.09	8.84
2900.0	54.0	9.64	6.11
2910.0	50.0	2.15	8.75
2910.0	52.0	8.09	8.84
2910.0	54.0	10.84	6.25
2920.0	50.0	1.12	9.16
2920.0	52.0	8.09	8.84
2920.0	54.0	12.11	5.97
2930.0	50.0	0.12	9.62
2930.0	52.0	8.09	8.84
2940.0	52.0	8.09	8.84
2950.0	52.0	8.09	8.84
2960.0	52.0	8.09	8.84
2970.0	52.0	8.09	8.84
2980.0	52.0	8.09	8.84
2990.0	52.0	8.09	8.84
3000.0	52.0	8.09	8.84
3010.0	52.0	8.09	8.84
3020.0	52.0	8.09	8.84
3030.0	52.0	8.09	8.84
3040.0	52.0	8.09	8.84
3050.0	52.0	8.09	8.84
3060.0	52.0	8.09	8.84
3070.0	52.0	8.07	8.84
3080.0	52.0	8.05	8.83
3090.0	52.0	8.05	8.8
3100.0	52.0	8.05	8.8
3110.0	52.0	8.05	8.8
3120.0	52.0	8.05	8.8
3130.0	52.0	8.05	8.8
3140.0	52.0	8.05	8.8
3150.0	52.0	8.05	8.8
3160.0	52.0	8.05	8.8
3170.0	52.0	8.05	8.8
3180.0	52.0	8.05	8.8
3190.0	52.0	8.05	8.8
3200.0	52.0	7.99	8.8
3210.0	52.0	7.96	8.77
3220.0	52.0	7.96	8.77
3230.0	52.0	7.96	8.77
3240.0	52.0	7.96	8.77
3650.0	66.0	3.87	8.27
3660.0	66.0	3.09	8.33
3670.0	66.0	2.31	8.02
3680.0	66.0	1.55	7.99
4160.0	69.0	9.85	4.8
4170.0	69.0	8.92	4.5
4180.0	69.0	7.79	4.22
4190.0	69.0	6.65	3.94
4200.0	69.0	5.38	3.61
4200.0	73.0	-2.45	6.8
4210.0	69.0	4.37	3.45
4210.0	73.0	-1.64	6.72
4220.0	69.0	3.22	3.32
4220.0	73.0	-0.67	6.63
4230.0	69.0	2.07	3.13
4230.0	73.0	0.26	6.57
4240.0	69.0	0.96	2.92
4240.0	73.0	1.2	6.6
4250.0	69.0	-0.28	2.76
4250.0	73.0	2.09	6.64
4260.0	69.0	-1.19	2.66
4260.0	73.0	2.97	6.55
4270.0	73.0	3.97	6.61
4280.0	73.0	4.93	6.79
4290.0	73.0	5.77	6.75
4300.0	73.0	6.88	6.75
4310.0	73.0	7.82	6.8
4310.0	78.0	-2.19	5.0
4320.0	73.0	8.83	6.68
4320.0	78.0	-1.15	5.18
4330.0	73.0	9.78	6.63
4330.0	78.0	-0.03	5.37
4340.0	73.0	10.78	6.59
4340.0	78.0	1.03	5.53
4350.0	73.0	11.78	6.38
4350.0	78.0	2.1	5.65
4360.0	73.0	12.66	6.2
4360.0	78.0	3.05	5.83
4370.0	78.0	4.15	5.91
4380.0	78.0	5.23	5.92
4390.0	78.0	6.28	5.87
4400.0	78.0	7.45	5.84
4410.0	78.0	8.63	5.81
4420.0	78.0	9.76	5.79
4430.0	78.0	10.9	5.71
4440.0	78.0	12.0	5.64
4700.0	86.0	12.34	4.79
4710.0	86.0	11.33	4.49
4720.0	86.0	10.11	4.23
4720.0	87.0	11.99	5.08
4730.0	86.0	8.97	3.78
4730.0	87.0	10.88	4.72
4730.0	89.0	-1.74	6.64
4740.0	86.0	7.82	3.49
4740.0	87.0	9.71	4.49
4740.0	89.0	-0.68	6.48
4750.0	86.0	6.69	3.26
4750.0	87.0	8.67	4.07
4750.0	89.0	0.41	6.5
4760.0	86.0	5.47	2.95
4760.0	87.0	7.51	3.81
4760.0	89.0	1.49	6.57
4770.0	86.0	4.38	2.77
4770.0	87.0	6.36	3.69
4770.0	89.0	2.48	6.54
4780.0	86.0	3.13	2.55
4780.0	87.0	5.29	3.39
4780.0	89.0	3.53	6.52
4790.0	86.0	2.03	2.18
4790.0	87.0	4.51	3.22
4790.0	89.0	4.61	6.51
4800.0	86.0	0.99	1.77
4800.0	87.0	3.13	3.03
4800.0	89.0	5.69	6.5
4810.0	86.0	0.17	1.22
4810.0	87.0	2.05	2.82
4810.0	89.0	6.8	6.47
4810.0	94.0	-1.99	7.08
4820.0	86.0	-0.75	0.55
4820.0	87.0	1.21	2.55
4820.0	89.0	7.86	6.39
4820.0	94.0	-1.15	6.96
4830.0	86.0	-1.75	0.04
4830.0	87.0	0.22	2.4
4830.0	89.0	9.06	6.25
4830.0	94.0	-0.36	6.78
4840.0	86.0	-2.32	-0.63
4840.0	87.0	-0.65	2.05
4840.0	89.0	10.03	6.13
4840.0	94.0	0.54	6.69
4850.0	86.0	-2.96	-1.43
4850.0	87.0	-1.57	1.41
4850.0	89.0	10.97	6.0
4850.0	94.0	1.42	6.66
4860.0	86.0	-3.54	-2.3
4860.0	87.0	-2.41	0.9
4860.0	89.0	11.97	5.85
4860.0	94.0	2.32	6.59
4870.0	86.0	-4.16	-3.17
4870.0	87.0	-3.09	0.16
4870.0	89.0	13.03	5.61
4870.0	94.0	3.21	6.5
4880.0	87.0	-3.89	-0.7
4880.0	94.0	4.09	6.36
4890.0	94.0	5.0	6.27
4900.0	94.0	5.87	6.19
4900.0	97.0	12.76	6.78
4910.0	94.0	6.74	6.04
4910.0	97.0	12.0	6.96
4920.0	94.0	7.6	5.96
4920.0	97.0	11.21	7.13
4930.0	94.0	8.44	5.85
4930.0	97.0	10.34	7.26
4940.0	94.0	9.31	5.79
4940.0	97.0	9.47	7.22
4940.0	99.0	12.92	6.28
4950.0	94.0	10.11	5.73
4950.0	97.0	8.59	7.12
4950.0	99.0	12.12	6.43
4960.0	94.0	10.86	5.63
4960.0	97.0	7.74	6.94
4960.0	99.0	11.39	6.5
4960.0	100.0	12.77	6.74
4970.0	94.0	11.57	5.56
4970.0	97.0	6.92	6.82
4970.0	99.0	10.6	6.58
4970.0	100.0	12.13	6.85
4980.0	94.0	12.21	5.42
4980.0	97.0	6.12	6.62
4980.0	99.0	9.86	6.49
4980.0	100.0	11.45	7.19
4990.0	97.0	5.3	6.53
4990.0	99.0	9.06	6.47
4990.0	100.0	10.55	7.25
5110.0	105.0	3.54	6.15
5120.0	105.0	2.68	5.6
5130.0	105.0	1.86	5.08
5140.0	105.0	1.07	4.58
5150.0	105.0	0.24	4.05
5160.0	105.0	-0.62	3.57
5170.0	105.0	-1.35	2.88
5180.0	105.0	-2.14	2.15
5410.0	114.0	12.2	4.99
5420.0	114.0	11.5	4.78
5430.0	114.0	10.82	4.49
5430.0	115.0	-1.73	0.53
5440.0	114.0	10.32	4.24
5440.0	115.0	-1.73	0.53
5440.0	116.0	-0.55	1.19
5450.0	114.0	9.74	4.07
5450.0	116.0	0.59	1.83
5460.0	114.0	9.18	3.89
5460.0	116.0	1.71	2.36
5470.0	114.0	8.41	3.73
5470.0	116.0	2.95	2.92
5480.0	114.0	7.8	3.62
5480.0	116.0	4.11	3.44
5490.0	114.0	6.8	3.21
5490.0	116.0	5.35	3.85
5500.0	114.0	5.82	2.9
5500.0	116.0	6.63	4.07
5510.0	114.0	4.88	2.71
5510.0	116.0	7.79	4.31
5520.0	114.0	4.03	2.51
5520.0	116.0	8.96	4.5
5530.0	114.0	3.01	2.33
5530.0	116.0	10.18	4.59
5540.0	114.0	1.93	2.09
5540.0	116.0	11.38	4.8
5550.0	114.0	0.82	1.73
5550.0	116.0	12.59	4.98
5550.0	119.0	12.96	6.37
5560.0	114.0	-0.04	1.29
5560.0	119.0	11.82	6.79
5570.0	114.0	-1.09	0.73
5570.0	119.0	11.13	7.19
5580.0	119.0	10.54	7.55
5590.0	119.0	9.73	7.84
5600.0	119.0	8.8	8.01
5610.0	119.0	7.78	8.0
5620.0	119.0	6.78	8.05
5630.0	119.0	5.76	8.12
6230.0	121.0	10.73	5.96
6240.0	121.0	9.8	6.2
6250.0	121.0	8.86	6.38
6260.0	121.0	7.79	6.62
6270.0	121.0	6.88	6.85
6280.0	121.0	6.01	7.01
6290.0	121.0	5.14	7.18
6300.0	121.0	4.25	7.31
6310.0	121.0	3.29	7.63
6320.0	121.0	2.4	7.86
6330.0	121.0	1.52	8.07
6340.0	121.0	0.71	8.43
6350.0	121.0	-0.1	8.8
6360.0	121.0	-0.84	9.26
6370.0	121.0	-1.6	9.7
6800.0	130.0	10.45	3.88
6810.0	130.0	9.57	3.76
6810.0	132.0	11.98	5.84
6820.0	130.0	8.64	3.64
6820.0	132.0	10.83	5.96
6830.0	130.0	7.75	3.47
6830.0	132.0	9.66	6.05
6830.0	134.0	-2.27	11.61
6840.0	130.0	6.94	3.3
6840.0	132.0	8.51	6.16
6840.0	134.0	-1.42	10.84
6850.0	130.0	5.97	3.07
6850.0	132.0	7.34	6.15
6850.0	134.0	-0.34	10.17
6860.0	130.0	4.99	2.95
6860.0	132.0	6.18	6.15
6860.0	134.0	0.61	9.59
6870.0	130.0	3.96	2.89
6870.0	132.0	4.99	6.22
6870.0	134.0	1.75	9.22
6880.0	130.0	2.98	3.08
6880.0	132.0	3.86	6.24
6880.0	134.0	2.87	9.05
6890.0	130.0	1.95	3.0
6890.0	132.0	2.58	6.29
6890.0	134.0	4.13	8.74
6900.0	130.0	0.94	2.78
6900.0	132.0	1.41	6.37
6900.0	134.0	5.25	8.44
6910.0	130.0	0.01	2.47
6910.0	132.0	0.31	6.42
6910.0	134.0	6.36	8.22
6920.0	130.0	-1.02	1.85
6920.0	132.0	-0.93	6.39
6920.0	134.0	7.55	7.8
6920.0	140.0	-3.83	-2.44
6930.0	130.0	-1.95	1.31
6930.0	132.0	-2.03	6.35
6930.0	134.0	8.71	7.38
6930.0	140.0	-3.44	-1.6
6940.0	130.0	-2.81	0.61
6940.0	132.0	-3.08	6.52
6940.0	134.0	9.81	6.97
6940.0	140.0	-2.84	-0.75
6950.0	130.0	-3.41	-0.17
6950.0	132.0	-4.13	6.77
6950.0	134.0	10.99	6.53
6950.0	140.0	-2.07	0.08
6960.0	134.0	12.13	6.19
6960.0	140.0	-1.04	0.7
6970.0	134.0	13.11	5.88
6970.0	140.0	-0.23	1.27
6980.0	140.0	0.86	1.65
6980.0	143.0	-4.93	5.21
6990.0	140.0	1.84	2.07
6990.0	143.0	-3.95	5.24
7000.0	140.0	2.81	2.37
7000.0	143.0	-2.91	5.21
7010.0	140.0	3.83	2.78
7010.0	143.0	-2.01	5.18
7020.0	140.0	4.89	3.08
7020.0	143.0	-1.24	5.07
7030.0	140.0	5.94	3.42
7030.0	143.0	-0.26	5.12
7040.0	140.0	7.16	3.69
7040.0	143.0	0.77	5.11
7050.0	140.0	8.2	3.96
7050.0	143.0	1.84	5.16
7060.0	140.0	9.29	4.21
7060.0	143.0	2.84	5.46
7070.0	140.0	10.43	4.5
7070.0	143.0	3.89	5.42
7080.0	140.0	11.52	4.58
7080.0	143.0	4.89	5.51
7090.0	140.0	12.51	4.87
7090.0	143.0	5.95	5.57
7100.0	143.0	6.87	5.57
7110.0	143.0	7.45	5.61
7120.0	143.0	8.16	5.58
7130.0	143.0	8.77	5.26
7140.0	143.0	9.53	4.71
7150.0	143.0	10.61	4.37
7160.0	143.0	11.72	4.44
7310.0	147.0	-3.31	7.24
7320.0	147.0	-2.3	7.09
7330.0	147.0	-1.15	6.87
7340.0	147.0	-0.08	6.85
7350.0	147.0	1.02	6.79
7360.0	147.0	2.13	6.69
7370.0	147.0	3.2	6.54
7380.0	147.0	4.16	6.39
7380.0	150.0	13.04	6.06
7390.0	147.0	5.26	6.15
7390.0	150.0	11.87	6.35
7400.0	147.0	6.47	5.95
7400.0	150.0	10.6	6.46
7410.0	147.0	7.64	5.74
7410.0	150.0	9.44	6.57
7420.0	147.0	8.65	5.49
7420.0	150.0	8.21	6.71
7420.0	152.0	-4.42	5.4
7430.0	147.0	9.84	5.42
7430.0	150.0	7.02	6.69
7430.0	152.0	-3.4	5.45
7440.0	147.0	10.97	5.54
7440.0	150.0	5.99	6.57
7440.0	152.0	-2.23	5.48
7450.0	147.0	12.05	5.49
7450.0	150.0	4.83	6.7
7450.0	152.0	-1.01	5.47
7460.0	150.0	3.66	6.95
7460.0	152.0	0.18	5.47
7460.0	154.0	-2.94	4.95
7470.0	150.0	2.57	7.1
7470.0	152.0	1.37	5.48
7470.0	154.0	-1.84	5.0
7480.0	150.0	1.59	7.2
7480.0	152.0	2.53	5.47
7480.0	154.0	-0.78	4.85
7490.0	150.0	0.49	7.16
7490.0	152.0	3.73	5.55
7490.0	154.0	0.39	4.85
7500.0	150.0	-0.62	6.91
7500.0	152.0	4.96	5.7
7500.0	154.0	1.62	4.96
7510.0	150.0	-1.96	6.83
7510.0	152.0	6.21	5.82
7510.0	154.0	2.79	5.18
7520.0	152.0	7.41	6.04
7520.0	154.0	3.99	5.28
7530.0	152.0	8.7	5.81
7530.0	154.0	5.26	5.32
7540.0	152.0	10.03	5.81
7540.0	154.0	6.45	5.31
7550.0	152.0	11.25	5.89
7550.0	154.0	7.63	5.33
7560.0	152.0	12.48	5.79
7560.0	154.0	8.83	5.39
7570.0	154.0	10.02	5.41
7580.0	154.0	11.17	5.36
7590.0	154.0	12.27	5.36
7600.0	154.0	13.09	5.78
7820.0	164.0	-2.88	4.74
7830.0	164.0	-1.56	4.4
7840.0	164.0	-0.42	4.17
7850.0	164.0	0.92	4.17
7860.0	164.0	2.29	4.31
7870.0	164.0	3.56	4.61
7870.0	167.0	12.54	4.31
7880.0	164.0	4.76	4.89
7880.0	167.0	11.66	3.83
7890.0	164.0	5.97	5.1
7890.0	167.0	10.78	3.48
7900.0	164.0	7.07	5.1
7900.0	167.0	9.7	3.23
7910.0	164.0	8.33	5.2
7910.0	167.0	8.75	3.25
7920.0	164.0	9.57	5.25
7920.0	167.0	7.56	2.88
7930.0	164.0	10.83	5.26
7930.0	167.0	6.6	2.75
7940.0	164.0	12.13	5.28
7940.0	167.0	5.7	2.64
7950.0	164.0	13.26	5.64
7950.0	167.0	4.64	2.59
7960.0	167.0	3.77	2.41
7970.0	167.0	2.88	2.3
7980.0	167.0	1.77	1.98
8150.0	172.0	-1.9	0.09
8160.0	172.0	-1.01	0.97
8170.0	172.0	-0.15	1.51
8180.0	172.0	0.84	1.98
8190.0	172.0	1.8	2.43
8200.0	172.0	2.82	2.87
8210.0	172.0	3.96	3.2
8220.0	172.0	4.96	3.54
8230.0	172.0	6.06	3.88
8240.0	172.0	7.14	4.17
8250.0	172.0	8.22	4.38
8260.0	172.0	9.31	4.57
8270.0	172.0	10.36	4.77
8280.0	172.0	11.45	4.96
8290.0	172.0	12.54	5.23
8290.0	175.0	-1.98	0.1
8300.0	172.0	13.91	5.62
8300.0	175.0	-1.19	0.75
8310.0	175.0	-0.37	1.29
8320.0	175.0	0.53	1.7
8330.0	175.0	1.5	2.13
8340.0	175.0	2.4	2.45
8350.0	175.0	3.47	2.82
8360.0	175.0	4.44	3.03
8370.0	175.0	5.39	3.23
8370.0	176.0	12.82	5.69
8380.0	175.0	6.43	3.44
8380.0	176.0	11.27	6.07
8390.0	175.0	7.47	3.7
8390.0	176.0	9.83	6.14
8400.0	175.0	8.48	4.0
8400.0	176.0	8.42	6.28
8400.0	181.0	-1.11	4.92
8400.0	182.0	-1.33	5.83
8400.0	184.0	-1.68	7.01
8410.0	175.0	9.5	4.38
8410.0	176.0	7.06	6.38
8410.0	181.0	-0.09	4.8
8410.0	182.0	-0.03	5.9
8410.0	184.0	-0.46	7.21
8420.0	175.0	10.48	4.72
8420.0	176.0	5.67	6.53
8420.0	181.0	0.91	4.81
8420.0	182.0	1.21	5.92
8420.0	184.0	0.72	7.33
8430.0	175.0	11.54	4.97
8430.0	176.0	4.37	6.71
8430.0	181.0	2.02	4.73
8430.0	182.0	2.48	5.89
8430.0	184.0	1.91	7.52
8440.0	175.0	12.66	5.2
8440.0	176.0	2.98	6.81
8440.0	181.0	3.16	4.62
8440.0	182.0	3.76	5.87
8440.0	184.0	3.17	7.73
8450.0	175.0	14.15	5.64
8450.0	176.0	1.54	6.74
8450.0	181.0	4.12	4.66
8450.0	182.0	5.0	5.88
8450.0	184.0	4.47	7.71
8460.0	176.0	0.27	6.65
8460.0	181.0	5.12	4.68
8460.0	182.0	6.21	5.92
8460.0	184.0	5.7	7.52
8460.0	188.0	-2.8	9.5
8470.0	176.0	-0.92	6.69
8470.0	181.0	6.11	4.7
8470.0	182.0	7.42	5.96
8470.0	184.0	6.9	7.38
8470.0	188.0	-1.84	9.34
8480.0	176.0	-2.37	6.69
8480.0	181.0	7.14	4.77
8480.0	182.0	8.66	6.07
8480.0	184.0	8.14	7.33
8480.0	188.0	-0.83	9.14
8490.0	176.0	-3.57	6.9
8490.0	181.0	8.2	4.81
8490.0	182.0	9.93	6.18
8490.0	184.0	9.35	7.23
8490.0	188.0	0.15	8.94
8500.0	181.0	9.2	4.89
8500.0	182.0	11.06	6.2
8500.0	184.0	10.44	7.22
8500.0	188.0	1.14	8.69
8510.0	181.0	10.22	4.99
8510.0	182.0	12.2	6.11
8510.0	184.0	11.72	6.94
8510.0	188.0	2.08	8.5
8520.0	181.0	11.18	5.09
8520.0	182.0	13.05	6.11
8520.0	184.0	12.53	6.79
8520.0	188.0	3.08	8.22
8530.0	181.0	12.0	5.3
8530.0	184.0	13.36	6.75
8530.0	188.0	4.02	8.07
8540.0	181.0	12.69	5.47
8540.0	188.0	5.05	7.85
8550.0	181.0	13.47	5.74
8550.0	188.0	6.02	7.58
8560.0	188.0	6.96	7.36
8570.0	188.0	7.87	7.16
8580.0	188.0	8.96	7.12
8590.0	188.0	9.86	6.97
8600.0	188.0	10.74	6.82
8610.0	188.0	11.51	6.66
8620.0	188.0	12.22	6.55
8860.0	194.0	0.46	4.97
8870.0	194.0	1.56	5.01
8880.0	194.0	2.66	5.0
8890.0	194.0	3.73	5.04
8890.0	195.0	12.71	4.95
8900.0	194.0	4.86	5.11
8900.0	195.0	11.82	4.59
8910.0	194.0	6.05	5.1
8910.0	195.0	10.96	4.34
8920.0	194.0	7.16	5.12
8920.0	195.0	9.86	4.25
8930.0	194.0	8.16	5.15
8930.0	195.0	9.11	4.13
8940.0	194.0	8.86	5.52
8940.0	195.0	8.16	3.99
8950.0	194.0	9.47	5.91
8950.0	195.0	7.27	3.93
8960.0	194.0	10.35	6.0
8960.0	195.0	6.39	3.81
8970.0	194.0	11.31	5.95
8970.0	195.0	5.51	3.66
8980.0	194.0	12.44	6.02
8980.0	195.0	4.64	3.51
8990.0	195.0	3.69	3.38
9000.0	195.0	2.82	3.19
9010.0	195.0	1.98	2.77
9020.0	195.0	1.2	2.43
9020.0	206.0	-1.57	4.84
9030.0	195.0	0.29	2.04
9030.0	206.0	-0.34	4.96
9040.0	195.0	-0.52	1.69
9040.0	206.0	0.89	5.11
9050.0	195.0	-1.13	1.29
9050.0	206.0	2.07	5.25
9060.0	195.0	-2.0	0.59
9060.0	206.0	3.31	5.29
9070.0	195.0	-2.64	0.11
9070.0	206.0	4.55	5.22
9080.0	195.0	-3.5	-0.44
9080.0	206.0	5.69	5.14
9080.0	208.0	-3.33	4.78
9090.0	195.0	-4.04	-1.06
9090.0	206.0	6.89	5.11
9090.0	208.0	-2.39	4.89
9100.0	195.0	-4.6	-1.81
9100.0	206.0	8.1	5.1
9100.0	208.0	-1.01	4.91
9110.0	206.0	9.21	5.16
9110.0	208.0	0.17	4.87
9120.0	206.0	10.44	5.22
9120.0	208.0	1.36	4.91
9130.0	206.0	11.73	5.24
9130.0	208.0	2.57	4.97
9140.0	206.0	12.91	5.28
9140.0	208.0	3.66	4.93
9150.0	208.0	4.88	4.93
9160.0	208.0	5.99	5.07
9170.0	208.0	7.06	5.27
9180.0	208.0	8.25	5.37
9190.0	208.0	9.36	5.28
9200.0	208.0	10.52	5.17
9200.0	212.0	12.68	6.64
9210.0	208.0	11.64	5.01
9210.0	212.0	11.6	7.02
9210.0	213.0	12.89	6.34
9220.0	208.0	12.82	5.0
9220.0	212.0	10.6	7.32
9220.0	213.0	11.86	6.49
9230.0	208.0	14.42	5.44
9230.0	212.0	9.64	7.42
9230.0	213.0	10.62	6.83
9240.0	212.0	8.56	7.47
9240.0	213.0	9.46	6.88
9250.0	212.0	7.5	7.54
9250.0	213.0	8.37	6.64
9260.0	212.0	6.41	7.54
9260.0	213.0	7.26	6.4
9270.0	212.0	5.36	7.57
9270.0	213.0	6.12	6.26
9280.0	212.0	4.25	7.51
9280.0	213.0	5.02	6.11
9290.0	212.0	3.18	7.51
9290.0	213.0	3.87	6.16
9300.0	212.0	2.11	7.53
9300.0	213.0	2.7	6.24
9300.0	215.0	10.78	6.43
9300.0	216.0	-4.26	8.11
9300.0	218.0	-6.57	4.94
9310.0	212.0	1.01	7.55
9310.0	213.0	1.55	6.23
9310.0	215.0	9.71	6.27
9310.0	216.0	-3.98	8.01
9310.0	218.0	-5.53	4.76
9320.0	212.0	-0.06	7.58
9320.0	213.0	0.41	6.24
9320.0	215.0	8.67	5.92
9320.0	216.0	-3.84	7.96
9320.0	218.0	-4.22	4.65
9330.0	212.0	-1.05	7.5
9330.0	213.0	-0.72	6.34
9330.0	215.0	7.68	5.41
9330.0	216.0	-3.31	8.21
9330.0	218.0	-3.01	4.55
9340.0	212.0	-1.9	7.47
9340.0	213.0	-1.83	6.38
9340.0	215.0	6.72	4.86
9340.0	216.0	-2.9	8.26
9340.0	218.0	-1.71	4.33
9350.0	212.0	-2.58	7.09
9350.0	213.0	-3.02	6.4
9350.0	215.0	5.8	4.25
9350.0	216.0	-2.79	8.41
9350.0	218.0	-0.46	4.34
9360.0	212.0	-3.61	7.14
9360.0	213.0	-4.07	6.45
9360.0	215.0	4.87	3.58
9360.0	216.0	-2.51	8.43
9360.0	218.0	0.76	4.38
9370.0	215.0	3.89	3.04
9370.0	216.0	-2.23	8.46
9370.0	218.0	1.95	4.43
9380.0	215.0	3.02	2.68
9380.0	216.0	-2.01	8.44
9380.0	218.0	3.22	4.43
9390.0	215.0	2.1	2.34
9390.0	216.0	-1.86	8.34
9390.0	218.0	4.43	4.4
9400.0	215.0	1.06	1.97
9400.0	216.0	-1.65	8.28
9400.0	218.0	5.62	4.42
9400.0	220.0	12.45	4.75
9410.0	215.0	0.2	1.46
9410.0	216.0	-1.65	8.28
9410.0	218.0	7.03	4.45
9410.0	220.0	11.2	4.34
9420.0	215.0	-0.59	0.93
9420.0	216.0	-1.65	8.28
9420.0	218.0	8.27	4.58
9420.0	220.0	9.97	3.91
9430.0	215.0	-1.43	0.46
9430.0	216.0	-2.21	8.09
9430.0	218.0	9.46	4.73
9430.0	220.0	8.71	3.56
9440.0	215.0	-2.22	-0.28
9440.0	216.0	-2.21	8.09
9440.0	218.0	10.67	4.86
9440.0	220.0	7.5	3.33
9450.0	216.0	-2.23	8.18
9450.0	218.0	11.78	5.03
9450.0	220.0	6.29	3.09
9460.0	216.0	-2.25	8.28
9460.0	218.0	12.67	5.2
9460.0	220.0	5.05	2.85
9470.0	216.0	-2.25	8.28
9470.0	220.0	3.87	2.64
9480.0	216.0	-2.25	8.28
9480.0	220.0	2.57	2.41
9490.0	216.0	-2.25	8.28
9490.0	220.0	1.38	2.2
9500.0	216.0	-2.25	8.28
9500.0	220.0	0.12	2.0
9510.0	216.0	-2.78	8.5
9510.0	220.0	-1.06	1.68
9520.0	216.0	-2.81	8.44
9520.0	220.0	-2.2	1.21
9530.0	216.0	-2.98	8.14
9530.0	220.0	-3.16	0.42
9530.0	223.0	-0.71	5.6
9530.0	224.0	-1.46	6.86
9540.0	216.0	-2.98	8.14
9540.0	223.0	0.37	5.63
9540.0	224.0	-0.24	6.75
9550.0	216.0	-3.27	8.07
9550.0	223.0	1.48	5.61
9550.0	224.0	0.86	6.77
9560.0	216.0	-3.27	8.07
9560.0	223.0	2.68	5.6
9560.0	224.0	1.92	6.97
9570.0	216.0	-3.27	8.07
9570.0	223.0	3.83	5.57
9570.0	224.0	2.97	6.99
9580.0	216.0	-3.27	8.07
9580.0	223.0	4.94	5.51
9580.0	224.0	4.1	6.89
9590.0	216.0	-3.27	8.07
9590.0	223.0	6.07	5.5
9590.0	224.0	5.21	6.79
9600.0	216.0	-3.27	8.07
9600.0	223.0	7.32	5.55
9600.0	224.0	6.38	6.64
9610.0	216.0	-3.27	8.07
9610.0	223.0	8.37	5.53
9610.0	224.0	7.44	6.53
9620.0	216.0	-3.27	8.07
9620.0	223.0	9.47	5.48
9620.0	224.0	8.43	6.47
9620.0	226.0	12.81	6.56
9630.0	216.0	-3.27	8.07
9630.0	223.0	10.53	5.45
9630.0	224.0	9.39	6.31
9630.0	226.0	11.73	6.86
9630.0	228.0	0.95	7.09
9640.0	216.0	-3.27	8.07
9640.0	223.0	11.65	5.43
9640.0	224.0	10.38	6.09
9640.0	226.0	10.65	7.09
9640.0	228.0	2.3	7.03
9650.0	216.0	-3.61	7.93
9650.0	223.0	12.72	5.52
9650.0	224.0	11.38	5.91
9650.0	226.0	9.53	7.27
9650.0	228.0	3.62	6.95
9660.0	216.0	-3.68	7.91
9660.0	226.0	8.38	7.46
9660.0	228.0	5.0	6.83
9670.0	216.0	-3.78	7.9
9670.0	226.0	7.24	7.65
9670.0	228.0	6.24	6.66
9680.0	216.0	-4.41	7.87
9680.0	226.0	6.08	7.73
9680.0	228.0	7.43	6.53
9690.0	216.0	-4.67	7.75
9690.0	226.0	4.94	7.74
9690.0	228.0	8.72	6.49
9700.0	216.0	-4.84	7.8
9700.0	226.0	3.78	7.66
9700.0	228.0	10.04	6.37
9710.0	216.0	-4.84	7.84
9710.0	226.0	2.61	7.56
9710.0	228.0	11.43	6.26
9720.0	216.0	-4.84	7.84
9720.0	226.0	1.48	7.43
9720.0	228.0	12.72	6.18
9730.0	216.0	-4.84	7.84
9730.0	226.0	0.32	7.31
9730.0	228.0	13.48	6.13
9740.0	216.0	-4.84	7.84
9740.0	226.0	-0.83	7.11
9750.0	216.0	-4.84	7.84
9750.0	232.0	12.66	6.61
9760.0	216.0	-4.78	7.79
9760.0	232.0	11.56	6.67
9770.0	216.0	-4.83	7.83
9770.0	232.0	10.43	6.68
9780.0	216.0	-4.92	7.89
9780.0	232.0	9.3	6.63
9790.0	216.0	-5.03	7.89
9790.0	232.0	8.21	6.48
9800.0	216.0	-5.23	7.82
9800.0	232.0	7.05	6.06
9810.0	216.0	-5.42	7.85
9810.0	232.0	5.93	5.72
9820.0	216.0	-5.67	7.99
9820.0	232.0	4.87	5.45
9830.0	216.0	-5.86	8.05
9830.0	232.0	3.89	5.27
9830.0	235.0	-3.15	0.11
9840.0	216.0	-6.06	8.09
9840.0	232.0	2.82	4.93
9840.0	235.0	-2.61	0.63
9850.0	216.0	-6.22	8.28
9850.0	232.0	1.74	4.55
9850.0	235.0	-2.39	0.96
9860.0	216.0	-6.25	8.45
9860.0	232.0	0.74	4.12
9860.0	235.0	-2.08	1.37
9870.0	216.0	-6.18	8.65
9870.0	232.0	-0.26	3.62
9870.0	235.0	-2.04	1.43
9880.0	216.0	-5.02	9.02
9880.0	232.0	-1.19	3.03
9880.0	235.0	-2.07	1.55
9890.0	216.0	-3.86	9.6
9890.0	232.0	-1.65	2.4
9890.0	235.0	-2.57	2.14
9900.0	216.0	-2.62	9.95
9900.0	232.0	-2.31	1.41
9900.0	235.0	-3.17	2.78
9910.0	232.0	-2.96	0.51
9920.0	240.0	-1.36	4.73
9930.0	240.0	-0.48	4.76
9930.0	243.0	-2.56	5.74
9940.0	240.0	0.49	4.84
9940.0	243.0	-1.65	6.2
9950.0	240.0	1.47	4.88
9950.0	243.0	-0.51	6.6
9960.0	240.0	2.4	4.83
9960.0	243.0	0.5	6.91
9970.0	240.0	3.31	4.79
9970.0	243.0	1.52	7.11
9970.0	244.0	-2.59	5.75
9980.0	240.0	4.22	4.83
9980.0	243.0	2.48	7.34
9980.0	244.0	-1.43	5.98
9990.0	240.0	5.11	4.88
9990.0	243.0	3.55	7.5
9990.0	244.0	-0.29	6.13
10000.0	240.0	5.97	4.96
10000.0	243.0	4.6	7.58
10000.0	244.0	0.78	6.32
10010.0	240.0	6.78	4.97
10010.0	243.0	5.66	7.62
10010.0	244.0	1.97	6.52
10020.0	240.0	7.51	5.02
10020.0	243.0	6.77	7.61
10020.0	244.0	3.08	6.59
10030.0	240.0	8.27	5.04
10030.0	243.0	7.89	7.55
10030.0	244.0	4.13	6.67
10040.0	240.0	9.2	5.08
10040.0	243.0	9.1	7.43
10040.0	244.0	5.29	6.75
10050.0	240.0	10.14	5.01
10050.0	243.0	10.35	7.26
10050.0	244.0	6.37	6.79
10060.0	240.0	11.0	4.93
10060.0	243.0	11.62	6.99
10060.0	244.0	7.48	6.9
10070.0	240.0	11.86	4.87
10070.0	243.0	12.82	6.72
10070.0	244.0	8.67	6.96
10080.0	240.0	12.71	4.91
10080.0	244.0	9.86	6.88
10090.0	240.0	13.46	5.1
10090.0	244.0	11.09	6.76
10100.0	244.0	12.26	6.62
10100.0	245.0	4.12	6.31
10110.0	244.0	13.49	6.73
10110.0	245.0	5.17	6.31
10120.0	245.0	6.21	6.27
10130.0	245.0	7.26	6.31
10140.0	245.0	8.28	6.37
10150.0	245.0	9.36	6.48
10160.0	245.0	10.37	6.62
10170.0	245.0	11.32	6.57
10180.0	245.0	12.15	6.55
10190.0	245.0	12.97	6.24
10200.0	245.0	13.23	6.08
10200.0	250.0	12.87	7.34
10210.0	250.0	11.86	7.82
10220.0	250.0	11.01	7.96
10230.0	250.0	10.24	7.8
