0.0	3.0	2.3	-4.59
0.0	7.0	-2.45	2.26
0.0	10.0	-0.11	-9.9
10.0	3.0	1.94	-4.12
10.0	7.0	-2.43	2.46
10.0	10.0	-0.1	-9.88
20.0	3.0	1.53	-3.49
20.0	7.0	-2.43	2.59
30.0	3.0	1.14	-2.99
30.0	7.0	-2.38	2.82
40.0	3.0	0.84	-2.46
40.0	7.0	-2.41	3.35
50.0	3.0	0.45	-2.0
50.0	7.0	-2.41	3.76
60.0	3.0	0.17	-1.52
70.0	3.0	-0.1	-0.97
80.0	3.0	-0.34	-0.39
90.0	3.0	-0.55	0.19
100.0	3.0	-0.76	0.73
110.0	3.0	-0.94	1.21
120.0	3.0	-1.19	1.79
130.0	3.0	-1.46	2.17
140.0	11.0	0.4	2.98
150.0	11.0	0.34	2.2
160.0	11.0	0.34	1.36
170.0	11.0	0.4	0.55
170.0	15.0	3.13	-2.31
180.0	11.0	0.42	-0.3
180.0	15.0	3.14	-1.8
190.0	11.0	0.49	-1.14
190.0	15.0	3.13	-1.3
200.0	11.0	0.53	-1.97
200.0	15.0	3.09	-0.81
210.0	11.0	0.58	-2.8
210.0	15.0	3.09	-0.32
220.0	11.0	0.6	-3.7
220.0	15.0	3.11	0.13
230.0	11.0	0.74	-4.63
230.0	15.0	3.11	0.62
230.0	17.0	1.42	-8.27
230.0	18.0	3.29	-6.77
240.0	11.0	0.71	-5.59
240.0	15.0	3.13	1.12
240.0	17.0	1.55	-7.52
240.0	18.0	3.29	-6.04
250.0	11.0	0.7	-6.39
250.0	15.0	3.12	1.58
250.0	17.0	1.66	-6.71
250.0	18.0	3.24	-5.34
260.0	11.0	0.74	-7.26
260.0	15.0	3.08	2.03
260.0	17.0	1.86	-5.89
260.0	18.0	3.25	-4.66
270.0	11.0	0.8	-8.15
270.0	15.0	3.1	2.46
270.0	17.0	1.93	-5.09
270.0	18.0	3.24	-3.93
280.0	11.0	0.83	-9.02
280.0	15.0	3.12	2.91
280.0	17.0	2.0	-4.23
280.0	18.0	3.27	-3.24
290.0	17.0	2.03	-3.38
290.0	18.0	3.26	-2.57
300.0	17.0	1.98	-2.53
300.0	18.0	3.21	-1.88
310.0	17.0	1.95	-1.66
310.0	18.0	3.22	-1.22
320.0	17.0	1.92	-0.85
320.0	18.0	3.22	-0.53
320.0	19.0	0.36	1.64
330.0	17.0	1.91	-0.02
330.0	18.0	3.29	0.12
330.0	19.0	0.44	2.06
340.0	17.0	2.03	0.84
340.0	18.0	3.43	0.85
340.0	19.0	0.57	2.5
350.0	17.0	1.98	1.56
350.0	18.0	3.44	1.44
350.0	19.0	0.61	2.96
410.0	20.0	1.56	2.44
420.0	20.0	1.49	1.84
430.0	20.0	1.45	1.21
440.0	20.0	1.36	0.57
450.0	20.0	1.29	-0.06
460.0	20.0	1.22	-0.71
470.0	20.0	1.13	-1.34
480.0	20.0	1.1	-2.0
490.0	20.0	1.05	-2.65
500.0	20.0	1.08	-3.32
500.0	26.0	3.53	-4.1
510.0	20.0	1.06	-4.14
510.0	26.0	3.45	-3.58
520.0	20.0	1.04	-4.73
520.0	26.0	3.43	-3.05
530.0	20.0	1.07	-5.4
530.0	26.0	3.39	-2.57
530.0	27.0	2.38	-7.98
540.0	20.0	1.11	-6.11
540.0	26.0	3.34	-2.06
540.0	27.0	2.42	-7.33
550.0	20.0	1.26	-6.86
550.0	26.0	3.35	-1.55
550.0	27.0	2.49	-6.7
560.0	20.0	1.36	-7.58
560.0	26.0	3.24	-1.06
560.0	27.0	2.44	-6.02
570.0	20.0	1.48	-8.26
570.0	26.0	3.19	-0.6
570.0	27.0	2.44	-5.35
580.0	20.0	1.6	-8.94
580.0	26.0	3.19	-0.1
580.0	27.0	2.44	-4.73
590.0	20.0	1.66	-9.65
590.0	26.0	3.15	0.4
590.0	27.0	2.35	-4.08
600.0	26.0	3.19	0.88
600.0	27.0	2.42	-3.44
610.0	26.0	3.22	1.36
610.0	27.0	2.46	-2.9
620.0	26.0	3.18	1.84
620.0	27.0	2.44	-2.36
630.0	27.0	2.62	-1.94
640.0	27.0	2.84	-1.61
650.0	27.0	3.04	-1.23
870.0	31.0	3.3	-2.46
870.0	32.0	2.22	3.7
880.0	31.0	3.29	-1.78
880.0	32.0	2.16	3.0
890.0	31.0	3.3	-1.13
890.0	32.0	2.16	2.36
900.0	31.0	3.31	-0.5
900.0	32.0	2.09	1.72
910.0	31.0	3.33	0.16
910.0	32.0	2.04	1.11
920.0	31.0	3.37	0.81
920.0	32.0	2.05	0.46
930.0	31.0	3.37	1.46
930.0	32.0	2.04	-0.22
940.0	31.0	3.43	2.06
940.0	32.0	2.1	-0.86
950.0	31.0	3.45	2.64
950.0	32.0	2.16	-1.55
960.0	32.0	2.15	-2.24
970.0	32.0	2.26	-2.95
980.0	32.0	2.27	-3.64
1140.0	43.0	-1.69	-2.56
1140.0	44.0	-2.39	-2.19
1150.0	43.0	-1.69	-2.56
1150.0	44.0	-2.39	-2.19
1160.0	43.0	-1.69	-2.56
1160.0	44.0	-2.39	-2.19
1170.0	43.0	-1.69	-2.56
1170.0	44.0	-2.39	-2.19
1480.0	54.0	3.82	-1.39
1490.0	54.0	3.65	-0.6
1500.0	54.0	3.61	0.16
1510.0	54.0	3.6	0.82
1520.0	54.0	3.49	1.44
1530.0	54.0	3.39	2.11
1540.0	54.0	3.24	2.77
1550.0	54.0	3.21	3.45
1840.0	59.0	1.76	3.8
1850.0	59.0	1.73	3.27
1850.0	61.0	2.86	-5.31
1850.0	62.0	3.24	-3.68
1860.0	59.0	1.69	2.84
1860.0	61.0	2.83	-4.61
1860.0	62.0	3.23	-3.08
1870.0	59.0	1.68	2.38
1870.0	61.0	2.73	-3.93
1870.0	62.0	3.21	-2.52
1880.0	59.0	1.65	2.11
1880.0	61.0	2.63	-3.27
1880.0	62.0	3.2	-1.95
1890.0	59.0	1.82	1.81
1890.0	61.0	2.67	-2.6
1890.0	62.0	3.28	-1.36
1900.0	59.0	2.05	1.46
1900.0	61.0	2.63	-1.94
1900.0	62.0	3.31	-0.81
1910.0	59.0	1.97	1.12
1910.0	61.0	2.67	-1.33
1910.0	62.0	3.34	-0.25
1920.0	59.0	1.81	0.82
1920.0	61.0	2.77	-0.74
1920.0	62.0	3.46	0.32
1930.0	59.0	1.81	0.47
1930.0	61.0	2.7	-0.05
1930.0	62.0	3.49	0.86
1940.0	59.0	1.73	0.14
1940.0	61.0	2.67	0.59
1940.0	62.0	3.52	1.4
1950.0	59.0	1.53	-0.08
1950.0	61.0	2.62	1.28
1950.0	62.0	3.63	1.93
1960.0	59.0	1.41	-0.32
1960.0	61.0	2.4	1.94
1960.0	62.0	3.63	2.42
1970.0	59.0	1.37	-0.62
1970.0	61.0	2.35	2.59
1970.0	62.0	3.63	2.93
1980.0	59.0	1.25	-0.84
1990.0	59.0	1.11	-1.02
2300.0	70.0	2.85	0.74
2310.0	70.0	2.93	0.25
2320.0	70.0	3.14	-0.23
2330.0	70.0	3.35	-0.73
2340.0	70.0	3.55	-1.23
2350.0	70.0	3.8	-1.87
2770.0	72.0	1.95	3.46
2780.0	72.0	1.86	2.86
2790.0	72.0	1.83	2.27
2800.0	72.0	1.79	1.72
2810.0	72.0	1.75	1.16
2820.0	72.0	1.79	0.55
2830.0	72.0	1.8	-0.06
2840.0	72.0	1.79	-0.66
2840.0	75.0	2.29	-6.96
2840.0	76.0	2.88	-7.74
2840.0	78.0	3.59	-6.43
2840.0	79.0	1.23	-8.16
2850.0	72.0	1.79	-1.27
2850.0	75.0	2.32	-6.52
2850.0	76.0	2.78	-7.31
2850.0	78.0	3.63	-6.0
2850.0	79.0	1.23	-8.16
2860.0	72.0	1.69	-1.91
2860.0	75.0	2.36	-6.09
2860.0	76.0	2.82	-6.86
2860.0	78.0	3.7	-5.54
2860.0	79.0	1.23	-8.16
2870.0	72.0	1.6	-2.54
2870.0	75.0	2.57	-5.62
2870.0	76.0	2.92	-6.43
2870.0	78.0	3.76	-5.04
2870.0	79.0	1.23	-8.16
2870.0	81.0	3.84	-6.31
2880.0	72.0	1.49	-3.15
2880.0	75.0	2.69	-5.17
2880.0	76.0	2.96	-5.99
2880.0	78.0	3.79	-4.57
2880.0	79.0	1.23	-8.16
2880.0	81.0	3.91	-5.92
2890.0	72.0	1.35	-3.77
2890.0	75.0	2.73	-4.7
2890.0	76.0	3.13	-5.56
2890.0	78.0	3.87	-3.99
2890.0	79.0	1.23	-8.16
2890.0	81.0	4.04	-5.4
2900.0	72.0	1.29	-4.42
2900.0	75.0	2.8	-4.22
2900.0	76.0	3.25	-5.18
2900.0	78.0	3.87	-3.45
2900.0	79.0	1.23	-8.16
2900.0	81.0	4.04	-5.02
2910.0	72.0	1.2	-5.06
2910.0	75.0	2.86	-3.8
2910.0	76.0	3.29	-4.54
2910.0	78.0	3.86	-2.98
2910.0	79.0	1.23	-8.16
2910.0	81.0	4.09	-4.53
2920.0	72.0	1.09	-5.73
2920.0	75.0	2.79	-3.36
2920.0	76.0	3.39	-4.04
2920.0	78.0	3.85	-2.46
2920.0	79.0	1.23	-8.16
2920.0	81.0	4.12	-3.99
2930.0	72.0	0.99	-6.42
2930.0	79.0	1.23	-8.16
2940.0	72.0	0.83	-7.1
2940.0	79.0	1.23	-8.16
2950.0	72.0	0.76	-7.76
2950.0	79.0	1.23	-8.16
2960.0	72.0	0.75	-8.58
2960.0	79.0	1.24	-8.15
2970.0	72.0	0.7	-9.28
2970.0	79.0	1.23	-8.14
2980.0	72.0	0.85	-9.9
2980.0	79.0	1.23	-8.14
3110.0	84.0	3.39	-0.92
3120.0	84.0	3.46	-0.36
3130.0	84.0	3.54	0.19
3140.0	84.0	3.55	0.77
3170.0	86.0	1.41	-9.28
3180.0	86.0	1.41	-9.28
3190.0	86.0	1.41	-9.28
3200.0	86.0	1.41	-9.28
3200.0	87.0	3.36	-8.77
3210.0	86.0	1.41	-9.28
3210.0	87.0	3.33	-8.02
3220.0	86.0	1.41	-9.28
3220.0	87.0	3.35	-7.3
3230.0	86.0	1.41	-9.28
3230.0	87.0	3.32	-6.61
3240.0	86.0	1.41	-9.28
3240.0	87.0	3.22	-5.88
3250.0	86.0	1.41	-9.28
3260.0	86.0	1.41	-9.28
3270.0	86.0	1.41	-9.27
3280.0	86.0	1.41	-9.26
3290.0	86.0	1.41	-9.26
3300.0	86.0	1.41	-9.26
3410.0	91.0	1.97	-3.91
3420.0	91.0	2.09	-4.42
3430.0	91.0	2.2	-4.95
3440.0	91.0	2.27	-5.49
3450.0	91.0	2.34	-5.99
3460.0	91.0	2.4	-6.48
3470.0	91.0	2.47	-6.94
3480.0	91.0	2.52	-7.37
3490.0	91.0	2.5	-7.95
3500.0	91.0	2.38	-8.32
3510.0	91.0	2.37	-8.88
3520.0	91.0	2.21	-9.41
3530.0	91.0	2.25	-9.99
4000.0	100.0	3.22	-8.86
4010.0	100.0	2.95	-8.25
4020.0	100.0	2.65	-7.64
4030.0	100.0	2.38	-6.99
4040.0	100.0	2.08	-6.34
4050.0	100.0	1.79	-5.74
4060.0	100.0	1.52	-5.09
4070.0	100.0	1.24	-4.5
4080.0	100.0	0.97	-3.91
4090.0	100.0	0.68	-3.3
4100.0	100.0	0.39	-2.73
4110.0	100.0	0.1	-2.15
4120.0	100.0	-0.21	-1.62
4130.0	100.0	-0.57	-1.12
4140.0	100.0	-0.88	-0.67
4150.0	100.0	-1.25	-0.36
4160.0	100.0	-1.55	0.04
4170.0	100.0	-1.84	0.49
4240.0	103.0	3.92	-8.42
4250.0	103.0	3.7	-7.77
4260.0	103.0	3.68	-7.09
4490.0	108.0	3.79	-3.58
4500.0	108.0	3.79	-4.26
4510.0	108.0	3.83	-4.98
4520.0	108.0	3.8	-5.78
4530.0	108.0	3.86	-6.44
4540.0	108.0	3.87	-7.12
4570.0	110.0	2.56	2.43
4580.0	110.0	2.45	1.83
4590.0	110.0	2.51	1.23
4600.0	110.0	2.54	0.62
4610.0	110.0	2.56	-0.01
4620.0	110.0	2.66	-0.62
4630.0	110.0	2.63	-1.22
4640.0	110.0	2.8	-1.86
4650.0	110.0	2.87	-2.51
4660.0	110.0	3.04	-3.16
4670.0	110.0	3.19	-3.83
4680.0	110.0	3.17	-4.51
4690.0	110.0	3.26	-5.19
4700.0	110.0	3.08	-5.83
4710.0	110.0	3.03	-6.51
4720.0	110.0	2.83	-7.18
4730.0	110.0	2.71	-7.87
4740.0	110.0	2.63	-8.54
4750.0	110.0	2.41	-9.17
4760.0	110.0	2.39	-9.84
5240.0	114.0	1.59	-4.09
5250.0	114.0	1.52	-3.76
5260.0	114.0	1.51	-3.39
5270.0	114.0	1.48	-3.04
5280.0	114.0	1.38	-2.62
5290.0	114.0	1.35	-2.25
5300.0	114.0	1.41	-1.84
5310.0	114.0	1.4	-1.44
5320.0	114.0	1.33	-1.03
5330.0	114.0	1.38	-0.71
5340.0	114.0	1.43	-0.34
5350.0	114.0	1.41	0.04
5360.0	114.0	1.32	0.39
5370.0	114.0	1.33	0.75
5680.0	118.0	2.39	-0.56
5680.0	122.0	2.7	-8.14
5690.0	118.0	2.54	0.03
5690.0	122.0	2.78	-7.37
5700.0	118.0	2.58	0.66
5700.0	122.0	2.79	-6.6
5710.0	118.0	2.73	1.27
5710.0	122.0	2.77	-5.79
5720.0	118.0	2.82	1.85
5720.0	122.0	2.82	-5.0
5730.0	118.0	2.79	2.46
5730.0	122.0	2.83	-4.19
5740.0	122.0	2.89	-3.37
5750.0	122.0	2.88	-2.58
5760.0	122.0	2.79	-1.71
5770.0	122.0	2.81	-0.86
5780.0	122.0	2.75	-0.1
5790.0	122.0	2.73	0.67
5800.0	122.0	2.69	1.41
5810.0	122.0	2.68	2.15
5820.0	123.0	1.34	-8.38
5820.0	124.0	1.45	-9.23
5830.0	123.0	1.43	-8.32
5830.0	124.0	1.45	-9.23
5840.0	123.0	1.44	-8.32
5840.0	124.0	1.45	-9.23
5850.0	123.0	1.44	-8.32
5850.0	124.0	1.45	-9.23
5860.0	123.0	1.44	-8.32
5860.0	124.0	1.45	-9.23
5870.0	123.0	1.44	-8.32
5870.0	124.0	1.45	-9.23
5880.0	123.0	1.44	-8.32
5880.0	124.0	1.45	-9.23
5890.0	123.0	1.38	-8.31
5890.0	124.0	1.45	-9.23
5900.0	123.0	1.42	-8.3
5900.0	124.0	1.45	-9.23
6320.0	125.0	2.72	-5.63
6320.0	127.0	2.68	-1.36
6330.0	125.0	2.66	-5.15
6330.0	127.0	2.45	-1.23
6340.0	125.0	2.67	-4.69
6340.0	127.0	2.28	-1.04
6350.0	125.0	2.73	-4.23
6350.0	127.0	2.17	-0.81
6360.0	125.0	2.74	-3.74
6360.0	127.0	2.08	-0.69
6370.0	125.0	2.88	-3.28
6370.0	127.0	1.91	-0.56
6380.0	125.0	3.13	-2.78
6380.0	127.0	1.72	-0.4
6390.0	125.0	3.31	-2.27
6390.0	127.0	1.59	-0.26
6400.0	127.0	1.48	-0.04
6410.0	127.0	1.41	0.1
6420.0	127.0	1.31	0.24
6430.0	127.0	1.18	0.43
6440.0	127.0	1.09	0.55
6680.0	128.0	1.86	0.38
6690.0	128.0	1.86	-0.32
6700.0	128.0	1.96	-1.04
6710.0	128.0	2.0	-1.76
6720.0	128.0	2.0	-2.43
6730.0	128.0	2.12	-3.17
6740.0	128.0	2.17	-3.93
6750.0	128.0	2.29	-4.75
6780.0	133.0	-1.35	-1.09
6790.0	133.0	-1.32	-0.93
6800.0	133.0	-1.34	-0.71
6810.0	133.0	-1.39	-0.48
6820.0	133.0	-1.37	-0.38
6830.0	133.0	-1.24	-0.28
6840.0	133.0	-1.09	-0.18
6840.0	139.0	1.23	-9.32
6850.0	133.0	-1.05	-0.05
6850.0	139.0	1.27	-9.3
6860.0	133.0	-1.06	0.17
6860.0	139.0	1.29	-9.28
6870.0	139.0	1.28	-9.28
6870.0	140.0	2.0	2.07
6880.0	139.0	1.28	-9.29
6880.0	140.0	1.95	1.41
6890.0	139.0	1.26	-9.28
6890.0	140.0	1.97	0.63
6900.0	139.0	1.19	-9.27
6900.0	140.0	2.05	-0.02
6910.0	139.0	1.22	-9.27
6910.0	140.0	2.0	-0.66
6920.0	139.0	1.25	-9.29
6920.0	140.0	2.09	-1.34
6930.0	139.0	1.29	-9.3
6930.0	140.0	2.05	-1.98
6940.0	139.0	1.31	-9.3
6940.0	140.0	2.11	-2.69
6950.0	139.0	1.31	-9.3
6950.0	140.0	2.23	-3.37
6960.0	139.0	1.31	-9.3
6960.0	140.0	2.31	-4.12
6970.0	139.0	1.31	-9.3
6970.0	140.0	2.45	-4.8
6980.0	139.0	1.31	-9.3
6980.0	140.0	2.51	-5.49
6990.0	139.0	1.31	-9.3
6990.0	140.0	2.62	-6.13
7000.0	139.0	1.31	-9.3
7000.0	140.0	2.79	-6.81
7010.0	139.0	1.31	-9.3
7010.0	140.0	2.89	-7.49
7020.0	139.0	1.31	-9.3
7020.0	140.0	3.01	-8.19
7030.0	139.0	1.31	-9.3
7030.0	140.0	3.09	-8.85
7040.0	139.0	1.31	-9.3
7040.0	140.0	2.98	-9.59
7050.0	139.0	1.31	-9.3
7060.0	139.0	1.31	-9.3
7070.0	139.0	1.31	-9.3
7080.0	139.0	1.31	-9.3
7090.0	139.0	1.31	-9.3
7100.0	139.0	1.31	-9.3
7110.0	139.0	1.31	-9.3
7120.0	139.0	1.31	-9.3
7130.0	139.0	1.31	-9.3
7140.0	139.0	1.31	-9.3
7150.0	139.0	1.31	-9.3
7160.0	139.0	1.31	-9.3
7170.0	139.0	1.31	-9.3
7180.0	139.0	1.31	-9.3
7180.0	152.0	-1.81	-4.14
7190.0	139.0	1.31	-9.3
7190.0	152.0	-1.81	-4.14
7200.0	139.0	1.31	-9.3
7200.0	152.0	-1.81	-4.14
7210.0	139.0	1.31	-9.3
7210.0	152.0	-1.81	-4.14
7220.0	139.0	1.31	-9.3
7220.0	152.0	-1.81	-4.14
7230.0	139.0	1.31	-9.3
7230.0	152.0	-1.81	-4.14
7240.0	139.0	1.31	-9.3
7240.0	152.0	-1.81	-4.14
7250.0	139.0	1.31	-9.3
7250.0	152.0	-1.81	-4.14
7260.0	139.0	1.31	-9.3
7260.0	152.0	-1.81	-4.14
7260.0	154.0	-1.83	-8.62
7270.0	139.0	1.31	-9.3
7270.0	152.0	-1.81	-4.14
7270.0	154.0	-1.83	-8.6
7280.0	139.0	1.31	-9.3
7280.0	152.0	-1.81	-4.14
7280.0	154.0	-1.81	-8.6
7290.0	139.0	1.31	-9.3
7290.0	152.0	-1.81	-4.14
7290.0	154.0	-1.8	-8.62
7300.0	139.0	1.31	-9.3
7300.0	152.0	-1.81	-4.14
7300.0	154.0	-1.78	-8.64
7310.0	139.0	1.31	-9.3
7320.0	139.0	1.31	-9.3
7330.0	139.0	1.31	-9.3
7340.0	139.0	1.31	-9.3
7350.0	139.0	1.31	-9.3
7360.0	139.0	1.31	-9.3
7370.0	139.0	1.31	-9.28
7480.0	157.0	2.25	-9.31
7480.0	158.0	3.34	-9.33
7490.0	157.0	2.17	-8.67
7490.0	158.0	3.43	-8.65
7500.0	157.0	2.12	-8.01
7500.0	158.0	3.47	-7.91
7510.0	157.0	2.04	-7.34
7510.0	158.0	3.58	-7.13
7520.0	157.0	2.05	-6.68
7520.0	158.0	3.54	-6.41
7530.0	157.0	2.11	-5.99
7530.0	158.0	3.46	-5.75
7540.0	157.0	2.06	-5.28
7540.0	158.0	3.37	-5.03
7550.0	157.0	2.08	-4.58
7550.0	158.0	3.3	-4.33
7560.0	157.0	2.13	-3.92
7560.0	158.0	3.19	-3.68
7570.0	157.0	2.18	-3.24
7570.0	158.0	3.21	-3.0
7570.0	162.0	3.44	2.52
7580.0	157.0	2.16	-2.54
7580.0	158.0	3.14	-2.32
7580.0	162.0	3.4	2.02
7590.0	157.0	2.01	-1.81
7590.0	158.0	3.09	-1.7
7590.0	162.0	3.56	1.54
7600.0	157.0	1.97	-1.14
7600.0	158.0	3.02	-0.87
7600.0	162.0	3.66	1.13
7610.0	157.0	1.89	-0.48
7610.0	158.0	2.83	-0.21
7610.0	162.0	3.68	0.7
7620.0	157.0	1.88	0.13
7620.0	158.0	2.81	0.42
7620.0	162.0	3.93	0.23
7630.0	157.0	1.89	0.75
7630.0	158.0	2.82	1.02
7630.0	162.0	3.96	-0.36
7640.0	157.0	1.79	1.39
7640.0	158.0	2.92	1.67
7640.0	162.0	3.99	-0.79
7650.0	157.0	1.83	2.03
7650.0	158.0	3.09	2.25
7660.0	157.0	1.77	2.66
7660.0	158.0	3.19	2.91
7670.0	157.0	1.69	3.27
8050.0	164.0	2.18	-7.98
8050.0	166.0	2.52	-5.1
8060.0	164.0	2.21	-7.44
8060.0	166.0	2.6	-4.56
8070.0	164.0	2.23	-6.87
8070.0	166.0	2.66	-3.92
8080.0	164.0	2.23	-6.24
8080.0	166.0	2.78	-3.26
8090.0	164.0	2.31	-5.63
8090.0	166.0	2.8	-2.72
8090.0	168.0	0.9	1.86
8090.0	169.0	-0.03	1.18
8090.0	170.0	-0.55	-0.49
8100.0	164.0	2.23	-5.04
8100.0	166.0	2.81	-2.14
8100.0	168.0	0.96	1.55
8100.0	169.0	-0.03	1.18
8100.0	170.0	-0.55	-0.49
8110.0	164.0	2.2	-4.41
8110.0	166.0	2.97	-1.55
8110.0	168.0	0.97	1.12
8110.0	169.0	-0.03	1.18
8110.0	170.0	-0.55	-0.49
8120.0	164.0	2.2	-3.72
8120.0	166.0	3.03	-0.97
8120.0	168.0	0.9	0.68
8120.0	169.0	-0.03	1.18
8120.0	170.0	-0.56	-0.42
8130.0	164.0	2.13	-3.07
8130.0	166.0	3.07	-0.38
8130.0	168.0	0.95	0.23
8130.0	169.0	-0.03	1.18
8130.0	170.0	-0.56	-0.41
8140.0	164.0	2.12	-2.48
8140.0	166.0	3.09	0.25
8140.0	168.0	0.94	-0.18
8140.0	169.0	-0.03	1.18
8140.0	170.0	-0.56	-0.41
8150.0	164.0	2.18	-1.88
8150.0	166.0	3.02	0.91
8150.0	169.0	-0.03	1.18
8150.0	170.0	-0.56	-0.41
9320.0	178.0	-0.63	-2.95
9330.0	178.0	-0.83	-2.92
9410.0	184.0	-1.06	-2.53
9420.0	184.0	-1.06	-2.53
9430.0	184.0	-1.06	-2.53
9440.0	184.0	-1.06	-2.53
9450.0	184.0	-1.06	-2.53
9460.0	184.0	-1.06	-2.53
9460.0	192.0	2.07	3.85
9470.0	184.0	-1.06	-2.53
9470.0	192.0	2.1	3.27
9480.0	184.0	-1.06	-2.53
9480.0	192.0	2.18	2.63
9490.0	184.0	-1.06	-2.53
9490.0	192.0	2.14	1.99
9500.0	184.0	-1.18	-2.51
9500.0	192.0	2.1	1.29
9500.0	194.0	1.72	-8.94
9510.0	192.0	2.03	0.57
9510.0	194.0	1.78	-8.3
9510.0	198.0	-1.31	-2.43
9510.0	199.0	-1.42	-3.51
9520.0	192.0	1.9	0.0
9520.0	194.0	1.8	-7.81
9520.0	198.0	-1.48	-2.32
9520.0	199.0	-1.31	-3.57
9530.0	192.0	1.77	-0.57
9530.0	194.0	1.88	-7.26
9530.0	198.0	-1.54	-2.14
9530.0	199.0	-1.12	-3.53
9540.0	192.0	1.64	-1.21
9540.0	194.0	1.96	-6.65
9540.0	198.0	-1.7	-2.01
9540.0	199.0	-1.05	-3.55
9550.0	192.0	1.61	-1.93
9550.0	194.0	1.98	-6.05
9550.0	199.0	-0.98	-3.66
9560.0	192.0	1.53	-2.53
9560.0	194.0	2.04	-5.44
9560.0	199.0	-0.74	-3.67
9570.0	192.0	1.47	-3.16
9570.0	194.0	2.06	-4.85
9570.0	199.0	-0.61	-3.72
9580.0	192.0	1.45	-3.85
9580.0	194.0	2.09	-4.22
9580.0	199.0	-0.49	-3.89
9590.0	192.0	1.43	-4.52
9590.0	194.0	2.16	-3.62
9590.0	199.0	-0.4	-4.02
9600.0	192.0	1.44	-5.16
9600.0	194.0	2.15	-3.04
9600.0	199.0	-0.31	-4.19
9610.0	192.0	1.5	-5.79
9610.0	194.0	2.14	-2.5
9610.0	199.0	-0.3	-4.21
9620.0	192.0	1.59	-6.47
9620.0	194.0	2.1	-1.94
9620.0	199.0	-0.3	-4.21
9630.0	192.0	1.63	-7.19
9630.0	194.0	1.99	-1.37
9630.0	199.0	-0.06	-4.27
9640.0	192.0	1.71	-7.9
9640.0	194.0	1.92	-0.83
9640.0	199.0	-0.03	-4.27
9650.0	192.0	1.84	-8.56
9650.0	194.0	1.84	-0.3
9650.0	199.0	-0.03	-4.27
9660.0	194.0	1.79	0.24
9660.0	199.0	-0.03	-4.27
9660.0	206.0	1.26	3.88
9670.0	194.0	1.75	0.86
9670.0	199.0	-0.03	-4.27
9670.0	206.0	1.24	3.45
9670.0	208.0	-1.01	2.77
9680.0	194.0	1.69	1.29
9680.0	199.0	-0.22	-4.18
9680.0	206.0	1.16	2.94
9680.0	208.0	-0.76	3.03
9690.0	194.0	1.73	1.84
9690.0	199.0	-0.19	-4.29
9690.0	206.0	1.14	2.42
9690.0	208.0	-0.49	3.3
9700.0	194.0	1.77	2.35
9700.0	199.0	-0.11	-4.16
9700.0	206.0	1.08	1.84
9710.0	194.0	1.82	2.96
9710.0	199.0	-0.19	-4.19
9710.0	206.0	1.11	1.24
9720.0	199.0	-0.09	-4.35
9720.0	206.0	1.1	0.66
9730.0	199.0	-0.13	-4.4
9730.0	206.0	1.13	-0.02
9740.0	199.0	-0.09	-4.52
9740.0	206.0	1.26	-0.53
9750.0	199.0	0.06	-4.69
9750.0	206.0	1.29	-1.2
9760.0	199.0	0.17	-4.87
9760.0	206.0	1.45	-1.82
9770.0	206.0	1.55	-2.44
9770.0	213.0	0.36	-5.16
9780.0	206.0	1.7	-3.03
9780.0	213.0	0.5	-5.45
9790.0	206.0	1.87	-3.61
9790.0	213.0	0.66	-5.5
9790.0	214.0	1.41	-10.01
9800.0	206.0	2.0	-4.29
9800.0	213.0	0.55	-5.65
9800.0	214.0	1.74	-9.46
9810.0	206.0	2.26	-4.91
9810.0	213.0	0.44	-5.93
9810.0	214.0	1.98	-8.94
9820.0	206.0	2.6	-5.41
9820.0	213.0	0.51	-6.24
9820.0	214.0	2.25	-8.37
9830.0	206.0	3.03	-5.99
9830.0	213.0	0.57	-6.64
9830.0	214.0	2.53	-7.91
9840.0	206.0	3.4	-6.47
9840.0	213.0	0.59	-6.98
9840.0	214.0	2.67	-7.29
9850.0	206.0	4.0	-7.19
9850.0	213.0	0.61	-7.32
9850.0	214.0	2.92	-6.76
9860.0	213.0	0.75	-7.71
9860.0	214.0	3.15	-6.26
9870.0	213.0	0.83	-8.05
9870.0	214.0	3.42	-5.81
9880.0	213.0	0.83	-8.44
9880.0	214.0	3.81	-5.46
9890.0	213.0	0.88	-8.83
9890.0	214.0	4.19	-5.09
9900.0	213.0	0.95	-9.26
9920.0	217.0	-1.42	-5.68
9930.0	217.0	-1.42	-5.68
9940.0	217.0	-1.42	-5.68
9950.0	217.0	-1.42	-5.68
9960.0	217.0	-1.42	-5.68
9970.0	217.0	-1.42	-5.68
9980.0	217.0	-1.42	-5.68
9990.0	217.0	-1.42	-5.68
10040.0	221.0	3.85	-6.02
10050.0	221.0	3.81	-5.36
10060.0	221.0	3.91	-4.79
10060.0	223.0	1.5	4.07
10070.0	221.0	3.93	-4.3
10070.0	223.0	1.44	3.69
10080.0	221.0	3.91	-3.72
10080.0	223.0	1.63	3.22
10080.0	225.0	3.95	-6.52
10080.0	226.0	1.62	-9.94
10090.0	221.0	3.92	-3.19
10090.0	223.0	1.65	2.78
10090.0	225.0	3.64	-6.03
10090.0	226.0	1.72	-9.5
10100.0	221.0	3.99	-2.72
10100.0	223.0	1.62	2.32
10100.0	225.0	3.21	-5.57
10100.0	226.0	1.71	-8.99
10110.0	221.0	4.0	-2.12
10110.0	223.0	1.65	1.87
10110.0	225.0	2.9	-5.06
10110.0	226.0	1.7	-8.5
10120.0	221.0	4.02	-1.64
10120.0	223.0	1.71	1.44
10120.0	225.0	2.64	-4.48
10120.0	226.0	1.64	-8.02
10130.0	221.0	4.05	-1.07
10130.0	223.0	1.63	1.04
10130.0	225.0	2.4	-3.87
10130.0	226.0	1.5	-7.49
10140.0	221.0	4.06	-0.54
10140.0	223.0	1.67	0.54
10140.0	225.0	2.41	-3.2
10140.0	226.0	1.45	-6.96
10150.0	221.0	4.07	-0.02
10150.0	223.0	1.68	0.06
10150.0	225.0	2.42	-2.66
10150.0	226.0	1.4	-6.46
10160.0	221.0	4.06	0.49
10160.0	223.0	1.61	-0.44
10160.0	225.0	2.43	-2.05
10160.0	226.0	1.31	-5.96
10170.0	221.0	4.02	1.01
10170.0	223.0	1.62	-0.91
10170.0	225.0	2.64	-1.47
10170.0	226.0	1.27	-5.46
10180.0	221.0	3.89	1.56
10180.0	223.0	1.65	-1.37
10180.0	225.0	2.73	-0.87
10180.0	226.0	1.21	-4.99
10190.0	221.0	3.88	2.14
10190.0	223.0	1.65	-1.86
10190.0	225.0	2.77	-0.25
10190.0	226.0	1.12	-4.52
10200.0	221.0	3.78	2.56
10200.0	223.0	1.72	-2.35
10200.0	225.0	2.75	0.42
10200.0	226.0	1.1	-4.04
10210.0	223.0	1.83	-2.77
10210.0	225.0	2.57	1.03
10210.0	226.0	0.97	-3.58
10220.0	223.0	1.88	-3.23
10220.0	225.0	2.56	1.62
10220.0	226.0	0.85	-3.14
10230.0	223.0	1.93	-3.67
10230.0	225.0	2.46	2.21
10230.0	226.0	0.76	-2.65
10240.0	223.0	2.01	-4.16
10240.0	225.0	2.3	2.81
10240.0	226.0	0.67	-2.19
10250.0	223.0	2.01	-4.67
10250.0	226.0	0.67	-1.75
10260.0	223.0	1.95	-5.25
10260.0	226.0	0.74	-1.28
10260.0	231.0	2.75	-9.51
10260.0	232.0	3.52	-10.01
10270.0	223.0	1.9	-5.74
10270.0	226.0	0.81	-0.75
10270.0	231.0	2.86	-9.17
10270.0	232.0	3.43	-9.55
10280.0	223.0	1.86	-6.25
10280.0	226.0	0.96	-0.34
10280.0	231.0	2.92	-8.79
10280.0	232.0	3.44	-9.17
10290.0	223.0	1.91	-6.77
10290.0	226.0	1.12	0.22
10290.0	231.0	2.95	-8.32
10290.0	232.0	3.54	-8.78
10300.0	223.0	1.92	-7.24
10300.0	226.0	1.25	0.73
10300.0	231.0	3.05	-7.92
10300.0	232.0	3.56	-8.35
10310.0	223.0	1.85	-7.72
10310.0	226.0	1.45	1.21
10310.0	231.0	3.11	-7.53
10310.0	232.0	3.56	-7.92
10320.0	223.0	1.84	-8.19
10320.0	226.0	1.58	1.69
10320.0	231.0	3.1	-7.14
10320.0	232.0	3.63	-7.49
10330.0	223.0	1.86	-8.71
10330.0	231.0	3.14	-6.78
10330.0	232.0	3.59	-7.11
10340.0	223.0	1.77	-9.18
10340.0	231.0	3.16	-6.41
10340.0	232.0	3.65	-6.6
10350.0	231.0	3.1	-5.96
10350.0	232.0	3.64	-6.25
10360.0	231.0	3.06	-5.59
10360.0	232.0	3.71	-5.78
10370.0	231.0	3.09	-5.22
10370.0	232.0	3.64	-5.35
10370.0	234.0	2.63	2.4
10380.0	231.0	3.05	-4.82
10380.0	232.0	3.63	-5.03
10380.0	234.0	2.53	1.59
10390.0	231.0	2.98	-4.46
10390.0	232.0	3.63	-4.68
10390.0	234.0	2.38	0.82
10400.0	231.0	3.08	-4.1
10400.0	232.0	3.64	-4.33
10400.0	234.0	2.26	-0.02
10410.0	231.0	3.05	-3.75
10410.0	232.0	3.58	-3.97
10410.0	234.0	2.04	-0.91
10420.0	231.0	3.0	-3.38
10420.0	232.0	3.48	-3.68
10420.0	234.0	1.94	-1.82
10430.0	231.0	3.06	-3.06
10430.0	232.0	3.52	-3.34
10430.0	234.0	1.75	-2.64
10440.0	231.0	3.15	-2.74
10440.0	232.0	3.64	-2.96
10440.0	234.0	1.67	-3.54
10440.0	238.0	0.66	4.27
10450.0	231.0	3.15	-2.36
10450.0	232.0	3.65	-2.58
10450.0	234.0	1.6	-4.5
10450.0	238.0	0.67	4.29
10460.0	231.0	3.13	-2.0
10460.0	232.0	3.65	-2.2
10460.0	234.0	1.5	-5.38
10460.0	238.0	0.65	4.3
10470.0	231.0	3.18	-1.6
10470.0	232.0	3.66	-1.81
10470.0	234.0	1.44	-6.28
10470.0	238.0	0.65	4.3
10480.0	231.0	3.14	-1.25
10480.0	232.0	3.68	-1.37
10480.0	234.0	1.36	-7.16
10480.0	238.0	0.65	4.3
10490.0	231.0	3.04	-0.89
10490.0	232.0	3.65	-0.98
10490.0	234.0	1.42	-8.07
10490.0	238.0	0.68	4.29
10500.0	231.0	3.04	-0.53
10500.0	232.0	3.65	-0.62
10500.0	238.0	0.7	4.29
10510.0	231.0	3.06	-0.15
10510.0	232.0	3.64	-0.13
10510.0	238.0	0.7	4.27
10520.0	231.0	3.0	0.29
10520.0	232.0	3.56	0.21
10520.0	238.0	0.69	4.29
10520.0	240.0	3.04	-9.01
10530.0	231.0	2.97	0.74
10530.0	232.0	3.49	0.61
10530.0	238.0	0.68	4.29
10530.0	240.0	3.08	-8.44
10540.0	231.0	3.0	1.13
10540.0	232.0	3.57	1.02
10540.0	238.0	0.68	4.29
10540.0	240.0	3.08	-7.85
10550.0	231.0	3.01	1.52
10550.0	232.0	3.58	1.36
10550.0	238.0	0.63	4.28
10550.0	240.0	3.03	-7.23
10560.0	231.0	3.0	1.9
10560.0	232.0	3.42	1.73
10560.0	240.0	3.07	-6.62
10570.0	231.0	3.08	2.27
10570.0	232.0	3.42	2.12
10570.0	240.0	2.96	-5.98
10570.0	243.0	2.73	-9.7
10580.0	231.0	3.09	2.61
10580.0	232.0	3.53	2.47
10580.0	240.0	2.93	-5.33
10580.0	243.0	2.74	-8.97
10590.0	231.0	3.47	2.91
10590.0	232.0	3.05	2.94
10590.0	240.0	2.86	-4.69
10590.0	243.0	2.8	-8.27
10600.0	240.0	2.8	-4.21
10600.0	243.0	2.83	-7.58
10610.0	240.0	2.86	-3.53
10610.0	243.0	2.78	-6.92
10620.0	240.0	2.73	-2.93
10620.0	243.0	2.82	-6.25
10630.0	240.0	2.71	-2.38
10630.0	243.0	2.8	-5.56
10640.0	240.0	2.75	-1.8
10640.0	243.0	2.92	-4.67
10650.0	240.0	2.74	-1.22
10650.0	243.0	2.79	-4.13
10660.0	240.0	2.76	-0.74
10660.0	243.0	2.87	-3.23
10670.0	240.0	2.74	-0.25
10670.0	243.0	2.74	-2.49
10680.0	240.0	2.67	0.22
10680.0	243.0	2.62	-1.82
10690.0	240.0	2.65	0.74
10690.0	243.0	2.58	-1.15
10700.0	240.0	2.62	1.21
10700.0	243.0	2.49	-0.54
10710.0	240.0	2.51	1.68
10710.0	243.0	2.4	0.05
10710.0	254.0	2.84	-9.9
10720.0	240.0	2.63	2.06
10720.0	243.0	2.43	0.6
10720.0	254.0	2.77	-9.22
10730.0	240.0	2.61	2.37
10730.0	243.0	2.44	1.1
10730.0	254.0	2.78	-8.53
10730.0	256.0	0.72	3.75
10740.0	240.0	2.56	2.77
10740.0	243.0	2.48	1.55
10740.0	254.0	2.78	-7.89
10740.0	256.0	0.67	3.92
10750.0	240.0	2.64	3.22
10750.0	243.0	2.62	2.03
10750.0	254.0	2.76	-7.25
10750.0	256.0	0.72	3.8
10760.0	254.0	2.8	-6.59
10770.0	254.0	2.79	-5.91
10780.0	254.0	2.8	-5.3
10780.0	257.0	-0.26	-2.83
10790.0	254.0	2.85	-4.63
10790.0	257.0	0.3	-2.89
10800.0	254.0	2.88	-3.93
10800.0	257.0	0.85	-3.06
10810.0	254.0	2.97	-3.34
10810.0	257.0	1.49	-3.31
10820.0	254.0	3.0	-2.72
10820.0	257.0	2.12	-3.51
10830.0	254.0	2.98	-2.08
10830.0	257.0	2.7	-3.74
10840.0	254.0	2.99	-1.44
10840.0	257.0	3.27	-3.89
10850.0	254.0	2.93	-0.8
10850.0	257.0	3.94	-3.9
10860.0	254.0	2.85	-0.2
10870.0	254.0	2.76	0.46
10880.0	254.0	2.64	1.07
10890.0	254.0	2.61	1.69
10900.0	254.0	2.58	2.28
10910.0	254.0	2.58	2.84
10920.0	254.0	2.47	3.39
11370.0	270.0	3.47	-5.26
11380.0	270.0	3.5	-4.62
11390.0	270.0	3.51	-3.97
11400.0	270.0	3.57	-3.33
11410.0	270.0	3.58	-2.69
11420.0	270.0	3.67	-2.06
11430.0	270.0	3.71	-1.44
11440.0	270.0	3.71	-0.81
11450.0	270.0	3.82	-0.21
11460.0	270.0	3.8	0.45
11470.0	270.0	3.81	1.11
11480.0	270.0	3.78	1.74
11770.0	277.0	0.28	1.49
11770.0	278.0	1.34	4.05
11770.0	280.0	2.89	-5.16
11770.0	281.0	3.44	-5.51
11780.0	277.0	0.23	0.93
11780.0	278.0	1.24	3.41
11780.0	280.0	2.88	-4.59
11780.0	281.0	3.44	-4.92
11790.0	277.0	0.21	0.37
11790.0	278.0	1.2	2.78
11790.0	280.0	2.89	-3.96
11790.0	281.0	3.39	-4.31
11790.0	282.0	3.5	-8.7
11800.0	277.0	0.2	-0.19
11800.0	278.0	1.15	2.14
11800.0	280.0	2.86	-3.33
11800.0	281.0	3.33	-3.68
11800.0	282.0	3.52	-8.11
11810.0	277.0	0.14	-0.71
11810.0	278.0	1.18	1.49
11810.0	280.0	2.81	-2.73
11810.0	281.0	3.29	-3.06
11810.0	282.0	3.56	-7.49
11820.0	277.0	0.1	-1.27
11820.0	278.0	1.19	0.89
11820.0	280.0	2.78	-2.12
11820.0	281.0	3.27	-2.47
11820.0	282.0	3.62	-6.81
11830.0	277.0	0.2	-1.85
11830.0	278.0	1.17	0.24
11830.0	280.0	2.73	-1.52
11830.0	281.0	3.24	-1.9
11830.0	282.0	3.62	-6.19
11840.0	277.0	0.24	-2.39
11840.0	278.0	1.22	-0.43
11840.0	280.0	2.71	-0.96
11840.0	281.0	3.24	-1.33
11840.0	282.0	3.62	-5.57
11850.0	277.0	0.25	-2.95
11850.0	278.0	1.22	-1.09
11850.0	280.0	2.69	-0.39
11850.0	281.0	3.22	-0.74
11850.0	282.0	3.62	-4.94
11860.0	277.0	0.34	-3.51
11860.0	278.0	1.26	-1.75
11860.0	280.0	2.64	0.21
11860.0	281.0	3.16	-0.16
11860.0	282.0	3.63	-4.37
11870.0	277.0	0.42	-4.19
11870.0	278.0	1.31	-2.42
11870.0	280.0	2.63	0.78
11870.0	281.0	3.24	0.62
11870.0	282.0	3.44	-3.71
11880.0	277.0	0.28	-4.67
11880.0	278.0	1.33	-3.1
11880.0	280.0	2.61	1.36
11880.0	281.0	3.22	1.24
11880.0	282.0	3.35	-3.11
11890.0	277.0	0.32	-5.26
11890.0	278.0	1.42	-3.81
11890.0	280.0	2.53	1.96
11890.0	281.0	3.18	1.83
11890.0	282.0	3.22	-2.52
11900.0	277.0	0.28	-5.87
11900.0	278.0	1.43	-4.51
11900.0	280.0	2.54	2.51
11900.0	281.0	3.22	2.41
11900.0	282.0	3.11	-1.94
11910.0	277.0	0.19	-6.45
11910.0	278.0	1.41	-5.21
11910.0	281.0	3.22	2.96
11910.0	282.0	3.08	-1.35
11920.0	277.0	0.21	-6.99
11920.0	278.0	1.42	-5.93
11920.0	282.0	3.05	-0.75
11920.0	283.0	3.6	-9.28
11930.0	277.0	0.09	-7.62
11930.0	278.0	1.37	-6.67
11930.0	282.0	3.05	-0.17
11930.0	283.0	3.61	-8.69
11940.0	277.0	0.06	-8.33
11940.0	278.0	1.38	-7.38
11940.0	282.0	3.08	0.52
11940.0	283.0	3.58	-8.08
11950.0	277.0	0.1	-8.91
11950.0	278.0	1.32	-8.15
11950.0	282.0	3.08	1.12
11950.0	283.0	3.59	-7.45
11960.0	277.0	0.17	-9.49
11960.0	278.0	1.28	-8.85
11960.0	282.0	3.11	1.67
11960.0	283.0	3.56	-6.82
11970.0	282.0	3.12	2.23
11970.0	283.0	3.52	-6.22
11980.0	282.0	3.1	2.8
11980.0	283.0	3.46	-5.59
11990.0	282.0	3.09	3.3
11990.0	283.0	3.37	-4.96
12480.0	289.0	2.98	-7.11
12490.0	289.0	2.98	-6.5
12500.0	289.0	2.88	-5.87
12500.0	290.0	3.58	-7.57
12510.0	289.0	2.81	-5.27
12510.0	290.0	3.58	-6.92
12510.0	291.0	2.72	-8.62
12520.0	289.0	2.79	-4.61
12520.0	290.0	3.69	-6.25
12520.0	291.0	2.65	-7.96
12520.0	293.0	-0.81	4.04
12520.0	294.0	-0.39	4.31
12530.0	289.0	2.65	-4.01
12530.0	290.0	3.78	-5.64
12530.0	291.0	2.43	-7.24
12530.0	293.0	-0.81	4.04
12530.0	294.0	-0.4	4.15
12540.0	289.0	2.54	-3.41
12540.0	290.0	3.84	-5.0
12540.0	291.0	2.46	-6.47
12540.0	293.0	-0.81	4.04
12540.0	294.0	-0.4	4.06
12550.0	289.0	2.39	-2.81
12550.0	290.0	3.99	-4.27
12550.0	291.0	2.37	-5.76
12550.0	293.0	-0.81	4.04
12550.0	294.0	-0.41	4.2
12560.0	289.0	2.15	-2.28
12560.0	290.0	4.04	-3.64
12560.0	291.0	2.31	-5.06
12560.0	293.0	-0.81	4.04
12560.0	294.0	-0.42	4.11
12570.0	289.0	2.01	-1.68
12570.0	290.0	4.18	-3.07
12570.0	291.0	2.31	-4.35
12570.0	293.0	-0.81	4.04
12570.0	294.0	-0.42	4.04
12580.0	289.0	1.86	-1.12
12580.0	291.0	2.31	-3.61
12580.0	293.0	-0.81	4.04
12580.0	294.0	-0.42	4.02
12590.0	289.0	1.7	-0.59
12590.0	291.0	2.41	-2.93
12590.0	293.0	-0.81	4.04
12590.0	294.0	-0.46	4.22
12600.0	289.0	1.64	0.07
12600.0	291.0	2.41	-2.18
12600.0	293.0	-0.81	4.04
12600.0	294.0	-0.47	4.28
12610.0	289.0	1.53	0.64
12610.0	291.0	2.28	-1.54
12610.0	293.0	-0.81	4.04
12610.0	294.0	-0.42	4.22
12620.0	289.0	1.53	1.2
12620.0	291.0	2.38	-0.87
12620.0	293.0	-0.81	4.04
12620.0	294.0	-0.45	4.13
12630.0	289.0	1.52	1.74
12630.0	291.0	2.38	-0.18
12630.0	293.0	-0.81	4.04
12630.0	294.0	-0.44	4.15
12640.0	289.0	1.41	2.27
12640.0	291.0	2.37	0.48
12640.0	293.0	-0.81	4.04
12640.0	294.0	-0.44	4.12
12650.0	289.0	1.36	2.83
12650.0	291.0	2.32	1.12
12650.0	293.0	-0.81	4.04
12650.0	294.0	-0.44	4.06
12660.0	289.0	1.22	3.36
12660.0	291.0	2.36	1.73
12660.0	293.0	-0.81	4.04
12660.0	294.0	-0.42	4.14
12670.0	289.0	0.92	3.9
12670.0	291.0	2.42	2.35
12670.0	293.0	-0.81	4.04
12670.0	294.0	-0.42	4.08
12680.0	293.0	-0.81	4.04
12680.0	294.0	-0.42	4.04
12690.0	293.0	-0.81	4.04
12690.0	294.0	-0.42	4.02
12700.0	293.0	-0.81	4.04
12700.0	294.0	-0.42	4.0
12710.0	293.0	-0.81	4.04
12710.0	294.0	-0.42	3.99
12720.0	293.0	-0.81	4.04
12720.0	294.0	-0.42	3.99
12730.0	293.0	-0.81	4.04
12730.0	294.0	-0.42	3.99
12740.0	293.0	-0.81	4.04
12740.0	294.0	-0.42	3.99
12750.0	293.0	-0.81	4.04
12750.0	294.0	-0.42	3.99
12900.0	303.0	-2.0	0.22
12910.0	303.0	-1.89	0.04
12920.0	303.0	-1.82	-0.26
12930.0	303.0	-1.67	-0.44
12940.0	303.0	-1.45	-0.51
12950.0	303.0	-1.27	-0.5
12960.0	303.0	-1.22	-0.46
12970.0	303.0	-1.05	-0.41
12980.0	303.0	-1.03	-0.38
12990.0	303.0	-1.08	-0.38
13000.0	303.0	-1.14	-0.37
13010.0	303.0	-1.18	-0.32
13020.0	303.0	-1.22	-0.26
13030.0	303.0	-1.22	-0.24
13040.0	303.0	-1.22	-0.23
13050.0	303.0	-1.22	-0.23
13060.0	303.0	-1.22	-0.23
13070.0	303.0	-1.22	-0.23
13080.0	303.0	-1.22	-0.23
13090.0	303.0	-1.22	-0.23
13100.0	303.0	-1.22	-0.23
13110.0	303.0	-1.22	-0.23
13120.0	303.0	-1.22	-0.23
13130.0	303.0	-1.22	-0.23
13140.0	303.0	-1.22	-0.23
13150.0	303.0	-1.22	-0.23
13160.0	303.0	-1.22	-0.23
13170.0	303.0	-1.22	-0.23
13170.0	316.0	1.73	3.4
13180.0	303.0	-1.22	-0.23
13180.0	316.0	1.75	2.75
13190.0	303.0	-1.22	-0.23
13190.0	316.0	1.69	2.14
13200.0	303.0	-1.22	-0.23
13200.0	316.0	1.62	1.5
13210.0	303.0	-1.22	-0.23
13210.0	316.0	1.53	0.88
13220.0	303.0	-1.22	-0.23
13220.0	316.0	1.41	0.24
13230.0	303.0	-1.22	-0.23
13230.0	316.0	1.38	-0.41
13240.0	303.0	-1.22	-0.23
13240.0	316.0	1.39	-1.11
13250.0	303.0	-1.22	-0.23
13250.0	316.0	1.39	-1.81
13260.0	303.0	-1.22	-0.23
13260.0	316.0	1.51	-2.5
13270.0	303.0	-1.22	-0.23
13270.0	316.0	1.52	-3.18
13280.0	303.0	-1.22	-0.23
13280.0	316.0	1.69	-3.99
13290.0	303.0	-1.22	-0.23
13290.0	316.0	1.68	-4.64
13300.0	303.0	-1.22	-0.23
13300.0	316.0	1.55	-5.29
13310.0	303.0	-1.22	-0.23
13310.0	316.0	1.63	-6.07
13320.0	303.0	-1.22	-0.23
13320.0	316.0	1.64	-6.76
13330.0	303.0	-1.22	-0.23
13330.0	316.0	1.65	-7.55
13340.0	303.0	-1.22	-0.23
13340.0	316.0	1.66	-8.41
13350.0	303.0	-1.22	-0.23
13350.0	316.0	1.59	-9.01
13360.0	303.0	-1.22	-0.23
13360.0	316.0	1.68	-9.8
13370.0	303.0	-1.22	-0.23
13380.0	303.0	-1.22	-0.23
13390.0	303.0	-1.22	-0.23
13400.0	303.0	-1.22	-0.23
14340.0	333.0	0.52	-4.89
14350.0	333.0	0.35	-4.51
14360.0	333.0	0.34	-4.47
14370.0	333.0	0.14	-4.25
14380.0	333.0	-0.03	-3.94
14390.0	333.0	-0.19	-3.62
