0.0	2.0	13.3434879503	4.43907227467
0.0	8.0	4.33558125829	7.35072183117
10.0	2.0	12.8253228504	4.43000320228
10.0	8.0	4.5544649723	7.27435069527
20.0	2.0	12.3073682156	4.42069547009
20.0	8.0	4.77334868631	7.19797955936
30.0	2.0	11.8144589288	4.43358309928
30.0	8.0	4.95540100613	7.17124966179
40.0	2.0	11.3596438269	4.47988310042
40.0	8.0	5.10083239688	7.19392234276
50.0	2.0	10.904828725	4.52618310157
50.0	8.0	5.24605332253	7.21659502374
60.0	2.0	10.4384380421	4.52642176137
60.0	8.0	5.39148471328	7.23926770471
70.0	2.0	9.94489736003	4.41926351129
70.0	8.0	5.54217773177	7.25931512788
80.0	2.0	9.45135667795	4.31234392102
80.0	8.0	5.70591958706	7.27244141687
90.0	2.0	8.94624041485	4.18800216537
90.0	8.0	5.86966144235	7.28580636565
100.0	2.0	8.42407647787	4.03788515135
100.0	8.0	6.03340329764	7.29893265464
110.0	2.0	7.90170207578	3.88752947753
110.0	8.0	6.13505794558	7.3328223462
120.0	2.0	7.38353697588	3.80710112503
120.0	8.0	6.21019398972	7.37554245034
130.0	2.0	6.86684513175	3.75626658769
130.0	8.0	6.28533003386	7.41802389469
140.0	2.0	6.35036375273	3.70567071015
140.0	8.0	6.27943701079	7.46838111243
150.0	2.0	5.84209051299	3.67536091559
150.0	8.0	6.26428352289	7.51945430957
160.0	2.0	5.34644517982	3.67536091559
160.0	8.0	6.22703119849	7.56360637252
170.0	2.0	4.85079984665	3.67536091559
170.0	8.0	5.98962655483	7.54522956794
180.0	2.0	4.34610451377	3.65483617281
180.0	8.0	5.75222191118	7.52685276336
190.0	2.0	3.8199417397	3.58681812989
190.0	8.0	5.51481726752	7.50871461858
200.0	2.0	3.29377896564	3.51856142718
200.0	8.0	5.28625215846	7.50060018539
210.0	2.0	2.79308246984	3.46128307524
210.0	8.0	5.09325565294	7.53377389755
220.0	2.0	2.31785225231	3.4152217339
220.0	8.0	4.90025914741	7.56694760971
230.0	2.0	1.84262203477	3.36892173276
230.0	8.0	4.70747310699	7.59988266208
240.0	2.0	1.37160111943	3.30830214363
240.0	8.0	4.50942543884	7.59773472388
250.0	2.0	0.907104622486	3.22596451273
250.0	8.0	4.30822079403	7.57172080571
260.0	2.0	0.442608125542	3.14362688183
260.0	8.0	4.10680568412	7.54570688754
270.0	2.0	-0.0216779062914	3.06152791072
270.0	8.0	3.90560103932	7.51993162917
280.0	8.0	3.70418592941	7.493917711
290.0	8.0	3.52529058623	7.48795121601
300.0	8.0	3.34639524305	7.48198472102
310.0	8.0	3.16749989986	7.47601822602
320.0	8.0	2.98860455668	7.47005173103
330.0	8.0	2.95282548805	7.41921719369
340.0	8.0	2.91704641941	7.36838265635
350.0	8.0	2.88105688566	7.31778677881
360.0	8.0	2.84527781703	7.26695224147
370.0	8.0	2.79308246984	7.22733471472
380.0	8.0	2.70300340292	7.21373110614
390.0	8.0	2.61271387089	7.20012749756
400.0	8.0	2.52263480397	7.18628522917
410.0	8.0	2.40582666813	7.13759863003
420.0	8.0	2.28249411389	7.0800816183
430.0	8.0	2.15916155965	7.02232594677
440.0	8.0	2.08360458529	7.02304192617
450.0	8.0	2.01351970379	7.03044037996
460.0	8.0	1.94322435717	7.03760017395
470.0	8.0	1.85040924383	7.02566718396
480.0	8.0	1.74244064259	7.00132388439
490.0	8.0	1.63468250646	6.97674192502
490.0	16.0	0.261397666155	7.2440409007
500.0	8.0	1.52671390522	6.95239862545
500.0	16.0	0.350003477307	7.13091615564
510.0	8.0	1.48419995308	7.03712285435
510.0	16.0	0.43860928846	7.01779141057
520.0	8.0	1.46967786052	7.16886306379
520.0	16.0	0.527215099612	6.90490532531
530.0	8.0	1.45515576795	7.30060327323
530.0	16.0	0.611822073681	6.8256702718
540.0	8.0	1.45263018664	7.33353832559
540.0	16.0	0.686958117818	6.8256702718
550.0	8.0	1.45305111685	7.34189141858
550.0	16.0	0.762094161954	6.8256702718
560.0	8.0	1.45368251218	7.35000585178
560.0	16.0	0.84880578712	6.81445326122
570.0	8.0	1.4541034424	7.35835894477
570.0	16.0	0.946672063096	6.79225789984
580.0	8.0	1.45473483773	7.36671203776
580.0	16.0	1.04453833907	6.77006253847
590.0	8.0	1.45515576795	7.37482647095
590.0	16.0	1.14240461505	6.7478671771
600.0	8.0	1.45578716328	7.38317956394
600.0	16.0	1.25184647205	6.73474088811
610.0	8.0	1.4562080935	7.39153265693
610.0	16.0	1.40716972296	6.75741356909
610.0	19.0	0.270868596088	8.29939453504
620.0	8.0	1.45683948883	7.39988574992
620.0	16.0	1.56249297386	6.78032490986
620.0	19.0	0.349793012198	8.09653370528
630.0	8.0	1.45726041905	7.40800018311
630.0	16.0	1.71781622476	6.80299759083
630.0	19.0	0.428717428307	7.89367287552
640.0	8.0	1.45789181438	7.4163532761
640.0	16.0	1.87313947567	6.8256702718
640.0	19.0	0.507641844417	7.69081204577
650.0	8.0	1.4583127446	7.42470636909
650.0	16.0	2.1318010954	6.92113419169
650.0	19.0	0.681065094748	7.48818987581
660.0	8.0	1.45894413992	7.43305946208
660.0	16.0	2.39025225002	7.01659811158
660.0	19.0	0.948987179302	7.28556770585
670.0	8.0	1.45936507014	7.44117389527
670.0	16.0	2.64891386975	7.11206203146
670.0	19.0	1.21690926385	7.0831841957
680.0	8.0	1.45999646547	7.44952698826
680.0	16.0	2.92483362847	7.18151203318
680.0	19.0	1.51345460332	6.9087238821
690.0	8.0	1.46041739569	7.45788008125
690.0	16.0	3.21822199128	7.22494811673
690.0	19.0	1.92533482285	6.84643367438
700.0	8.0	1.46104879102	7.46623317424
700.0	16.0	3.5116103541	7.26838420027
700.0	19.0	2.33700457728	6.78414346665
710.0	8.0	1.46146972124	7.47434760743
710.0	16.0	3.8045777867	7.30155791243
710.0	19.0	2.6697499156	6.79440583804
720.0	8.0	1.46210111657	7.48270070042
720.0	16.0	4.09670335886	7.29368213904
720.0	19.0	2.9934452542	6.81278264262
730.0	8.0	1.46252204679	7.49105379341
730.0	16.0	4.38861846591	7.28604502545
730.0	19.0	3.30430222112	6.81182800342
740.0	8.0	1.46315344212	7.4994068864
740.0	16.0	4.6834800845	7.27578265406
740.0	19.0	3.58485221225	6.76528934248
750.0	8.0	1.46357437234	7.50752131959
750.0	16.0	5.005070772	7.2426089419
750.0	19.0	3.86561266849	6.71898934133
760.0	8.0	1.46420576766	7.51587441258
760.0	16.0	5.3264509944	7.20943522974
760.0	19.0	4.14616265962	6.67245068039
770.0	8.0	1.46462669788	7.52422750557
770.0	16.0	5.64804168191	7.17626151758
770.0	19.0	4.46606962625	6.663381608
780.0	8.0	1.46525809321	7.53258059856
780.0	16.0	5.94921725378	7.14332646522
780.0	19.0	4.80281380165	6.67030274219
790.0	8.0	1.46567902343	7.54069503175
790.0	16.0	6.22976724492	7.11015275306
790.0	19.0	5.13955797706	6.67698521658
800.0	8.0	1.46631041876	7.54904812474
800.0	16.0	6.51031723605	7.0769790409
800.0	19.0	5.46262192033	6.68915686637
810.0	8.0	1.46673134898	7.55740121773
810.0	16.0	6.79107769229	7.04380532874
810.0	19.0	5.73117540021	6.72209191873
820.0	8.0	1.4671522792	7.56551565092
820.0	16.0	7.13097884433	6.89512027352
820.0	19.0	5.99972888009	6.75478831129
830.0	8.0	1.46778367453	7.57386874391
830.0	16.0	7.47761487989	6.73378624891
830.0	19.0	6.2600742207	6.76457336308
840.0	8.0	1.46820460475	7.5822218369
840.0	16.0	7.82425091544	6.57221356451
840.0	19.0	6.50189863166	6.72042130013
850.0	8.0	1.46883600008	7.59057492989
850.0	16.0	8.18098927625	6.39942386952
850.0	19.0	6.74351257751	6.67626923718
860.0	8.0	1.4692569303	7.59868936308
860.0	16.0	8.54782996233	6.21541716394
860.0	19.0	7.01206605739	6.61875222545
860.0	21.0	13.9965611854	10.9373013013
870.0	8.0	1.46988832562	7.60704245607
870.0	16.0	8.91467064841	6.03117179856
870.0	19.0	7.29850907159	6.55264346093
870.0	21.0	13.945839094	10.476449228
880.0	8.0	1.47030925584	7.61539554906
880.0	16.0	9.28151133449	5.84716509298
880.0	19.0	7.58495208579	6.48629603661
880.0	21.0	13.8951170026	10.0155971548
890.0	8.0	1.47094065117	7.62374864205
890.0	16.0	9.61930783543	5.73404034792
890.0	19.0	7.87139509999	6.41994861229
890.0	21.0	13.7949356104	9.60032910327
900.0	8.0	1.47136158139	7.63186307524
900.0	16.0	9.95731480149	5.62115426265
900.0	19.0	8.2300276468	6.40228778711
900.0	21.0	13.6455053826	9.23064507352
910.0	8.0	1.47199297672	7.64021616823
910.0	16.0	10.2951113024	5.50802951759
910.0	19.0	8.58844972849	6.38462696193
910.0	21.0	13.4962856198	8.86119970356
920.0	8.0	1.47241390694	7.64856926122
920.0	16.0	10.6427996635	5.39108621573
920.0	19.0	8.92708808988	6.34906665178
920.0	21.0	13.3224414393	8.50655124119
930.0	8.0	1.47304530227	7.65692235421
930.0	16.0	11.0306868606	5.25934600629
930.0	19.0	9.21900319693	6.27221819627
930.0	21.0	13.1119763297	8.17409814019
940.0	8.0	1.45999646547	7.63114709584
940.0	16.0	11.4183635925	5.12736713704
940.0	19.0	9.51091830398	6.19513108096
940.0	21.0	12.90151122	7.84164503918
950.0	8.0	1.43368832677	7.57148214591
950.0	16.0	11.8060403244	4.9956269276
950.0	19.0	9.81651364315	6.10730427467
950.0	21.0	12.6834693665	7.48747389641
960.0	8.0	1.40738018807	7.51181719598
960.0	16.0	12.1705658943	4.88536610013
960.0	19.0	10.1764089806	5.97651870442
960.0	21.0	12.4601658852	7.11850584605
970.0	8.0	1.37644181695	7.45573214305
970.0	16.0	12.5005751862	4.80804032503
970.0	19.0	10.536093853	5.84573313418
970.0	21.0	12.2368624038	6.7497764555
980.0	8.0	1.33434879503	7.40800018311
980.0	16.0	12.830374013	4.73071454992
980.0	19.0	10.8991461671	5.70635581115
980.0	21.0	11.9514717152	6.4166073751
990.0	8.0	1.2922557731	7.36026822316
990.0	16.0	13.1603833049	4.65315011501
990.0	19.0	11.2910322012	5.49251663061
990.0	21.0	11.5204391707	6.166491905
1000.0	8.0	1.25121507672	7.30800172703
1000.0	16.0	13.4874460852	4.60040629928
1000.0	19.0	11.6829182353	5.27843879026
1000.0	21.0	11.0567845342	5.93952643547
1010.0	8.0	1.21248949655	7.2452341997
1010.0	16.0	13.8134565401	4.55840217453
1010.0	19.0	12.0834333389	5.0820217751
1010.0	21.0	10.4620101344	5.80468364863
1020.0	8.0	1.17355345127	7.18246667238
1020.0	16.0	14.1394669949	4.51639804978
1020.0	19.0	12.517412395	4.95505476165
1020.0	21.0	9.86723573457	5.66984086179
1030.0	8.0	1.1348278711	7.11969914505
1030.0	16.0	14.4654774497	4.47415526523
1030.0	19.0	12.9516019161	4.828326408
1030.0	21.0	9.27730203229	5.58463931329
1040.0	8.0	1.1259883365	7.0796042987
1040.0	16.0	14.7914879045	4.43215114048
1040.0	19.0	13.3855809722	4.70159805435
1040.0	21.0	8.68799972534	5.50516559999
1050.0	8.0	1.14724531257	7.06265945292
1050.0	19.0	13.8576542131	4.68226661058
1050.0	21.0	8.09869741839	5.42545322689
1060.0	8.0	1.16829182353	7.04571460714
1060.0	19.0	14.329727454	4.6629351668
1060.0	21.0	7.5129730183	5.3302279668
1070.0	8.0	1.1895487996	7.02876976136
1070.0	19.0	14.80201116	4.64360372302
1070.0	21.0	6.92766954843	5.23333208812
1080.0	8.0	1.21080577568	7.01182491558
1080.0	19.0	15.2740844009	4.62427227925
1080.0	21.0	6.34215561346	5.13643620943
1090.0	8.0	1.23185228664	6.9948800698
1090.0	21.0	5.74106726037	5.07486198111
1090.0	24.0	15.3130204461	2.90854697911
1100.0	8.0	1.25310926271	6.97793522402
1100.0	21.0	5.13303355866	5.02832332016
1100.0	24.0	14.7563402312	2.9161840927
1110.0	8.0	1.27415577367	6.96099037824
1110.0	21.0	4.52499985695	4.98202331902
1110.0	24.0	14.1996600162	2.92405986609
1120.0	8.0	1.29541274975	6.94404553246
1120.0	21.0	3.91738708546	4.94097383347
1120.0	24.0	13.6429798013	2.93169697968
1130.0	8.0	1.31666972582	6.92710068668
1130.0	21.0	3.31314175573	4.94861094706
1130.0	24.0	13.0987170278	2.89780728812
1140.0	8.0	1.33771623678	6.9101558409
1140.0	21.0	2.70889642599	4.95648672045
1140.0	24.0	12.5670821608	2.82239079141
1150.0	8.0	1.35897321285	6.89321099512
1150.0	21.0	2.10465109626	4.96412383404
1150.0	24.0	12.0352368288	2.7472129545
1160.0	8.0	1.38001972381	6.87626614934
1160.0	21.0	1.57238483401	5.04144960915
1160.0	24.0	11.5036019619	2.67179645779
1170.0	8.0	1.40127669989	6.85932130356
1170.0	21.0	1.03990810666	5.11853672445
1170.0	24.0	10.9801752343	2.68349078798
1180.0	8.0	1.42253367596	6.84237645778
1180.0	21.0	0.507641844417	5.19586249956
1180.0	24.0	10.4601159484	2.73265470672
1190.0	8.0	1.44358018692	6.825431612
1190.0	24.0	9.9400566625	2.78181862546
1200.0	8.0	1.46483716299	6.80848676623
1200.0	24.0	9.42294388815	2.82692532761
1210.0	8.0	1.59953483315	6.83903522059
1210.0	24.0	8.91256599731	2.86248563776
1220.0	8.0	1.80999994278	6.90084810871
1220.0	24.0	8.40197764136	2.89804594792
1230.0	8.0	2.02046505241	6.96266099684
1230.0	24.0	7.89159975052	2.93336759828
1240.0	8.0	2.26881388176	6.98103780142
1240.0	24.0	7.38101139457	2.96892790844
1250.0	8.0	2.52137201331	6.9948800698
1250.0	24.0	6.89041722403	2.99016863061
1260.0	8.0	2.77393014486	7.00848367839
1260.0	24.0	6.4130823554	3.0018629608
1270.0	8.0	3.01933246269	7.02757646236
1270.0	24.0	5.93553702166	3.01355729098
1280.0	8.0	3.25379059481	7.05478367953
1280.0	24.0	5.45820215303	3.02525162117
1290.0	8.0	3.48824872693	7.0819908967
1290.0	24.0	4.97560565666	3.02835419856
1300.0	8.0	3.72291732417	7.10943677366
1300.0	24.0	4.48774753255	3.02286502317
1310.0	8.0	3.88034522617	7.12113110385
1310.0	24.0	3.99988940843	3.01737584778
1320.0	8.0	4.02956498889	7.13091615564
1320.0	24.0	3.51182081921	3.01188667238
1330.0	8.0	4.17857428651	7.14093986723
1330.0	24.0	3.01975339291	3.00305625979
1340.0	8.0	4.32758358412	7.15096357881
1340.0	24.0	2.48980224687	2.96343873304
1350.0	8.0	4.47091032378	7.163851208
1350.0	24.0	1.95964063572	2.92358254649
1360.0	8.0	4.56035799537	7.20442337395
1360.0	24.0	1.42968948969	2.88372635994
1370.0	8.0	4.65001613207	7.2449955399
1370.0	24.0	0.89952787854	2.84410883319
1380.0	8.0	4.73946380366	7.28580636565
1380.0	24.0	0.369576732502	2.80425264663
1390.0	8.0	4.82912194036	7.3263785316
1400.0	8.0	4.86048124169	7.34236873818
1410.0	8.0	4.80470798764	7.32112801601
1420.0	8.0	4.7491451987	7.30012595363
1430.0	8.0	4.69337194465	7.27912389126
1440.0	8.0	4.53552311243	7.2466661585
1450.0	8.0	4.37767428021	7.21396976594
1460.0	8.0	4.21982544799	7.18151203318
1470.0	8.0	4.06197661577	7.14905430042
1480.0	8.0	3.90496964399	7.12113110385
1490.0	8.0	3.74838360243	7.09678780428
1500.0	8.0	3.59200802598	7.07220584491
1510.0	8.0	3.43542198442	7.04786254534
1520.0	8.0	3.27631036154	7.04762388554
1530.0	8.0	3.11635687823	7.05812491673
1540.0	8.0	2.9561929298	7.06838728811
1550.0	8.0	2.79602898138	7.0788883193
1560.0	8.0	2.64175805602	7.08915069069
1570.0	8.0	2.54115573362	7.09965172188
1580.0	8.0	2.44055341122	7.10991409326
1590.0	8.0	2.34647550722	7.11206203146
1600.0	8.0	2.25408132409	7.11206203146
1610.0	8.0	2.16168714096	7.11206203146
1620.0	8.0	2.06929295784	7.11206203146
1630.0	8.0	1.97605691427	7.0824682163
1640.0	8.0	1.88239994049	7.03998677195
1650.0	8.0	1.78895343182	6.9975053276
1660.0	8.0	1.69550692314	6.95502388325
1660.0	32.0	0.0391465103903	4.02595216137
1670.0	8.0	1.62500111142	6.91994089269
1670.0	32.0	0.540053471299	4.05053412074
1680.0	8.0	1.64709994793	6.9134970781
1680.0	32.0	1.0407499671	4.07535473991
1690.0	8.0	1.66940924955	6.90729192331
1690.0	32.0	1.5414464629	4.09993669928
1700.0	8.0	1.69150808606	6.90108676851
1700.0	32.0	2.02888365679	4.13048515364
1710.0	8.0	1.71360692257	6.89464295392
1710.0	32.0	2.51295340893	4.162226907
1720.0	8.0	1.73570575908	6.88843779913
1720.0	32.0	2.99702316107	4.19396866036
1730.0	8.0	1.7580150607	6.88223264434
1730.0	32.0	3.37438710263	4.37320216995
1740.0	8.0	1.78011389721	6.87602748954
1740.0	32.0	3.72523244037	4.58918928869
1750.0	8.0	1.84830459273	6.87053831415
1750.0	32.0	4.09228359156	4.7467047565
1760.0	8.0	1.94743365937	6.86600377796
1760.0	32.0	4.46649055647	4.87916094534
1770.0	8.0	2.046562726	6.86123058196
1770.0	32.0	4.79165915084	4.89252589413
1780.0	8.0	2.14548132752	6.85645738597
1780.0	32.0	5.11114518726	4.89252589413
1790.0	8.0	2.24461039416	6.85192284977
1790.0	32.0	5.37359517896	4.89538981172
1800.0	8.0	2.26797202132	6.85812800457
1800.0	32.0	5.4072695965	4.90970939971
1810.0	8.0	2.21598713925	6.87531151015
1810.0	32.0	5.44094401404	4.92402898769
1820.0	8.0	2.16379179206	6.89249501572
1820.0	32.0	5.47461843158	4.93834857567
1830.0	8.0	2.11180690998	6.9099171811
1830.0	32.0	5.50829284912	4.95266816365
1840.0	8.0	2.05982202791	6.92710068668
1840.0	32.0	5.54196726666	4.96698775164
1850.0	8.0	2.00762668072	6.94428419226
1850.0	32.0	5.5756416842	4.98130733962
1860.0	8.0	1.95564179864	6.96146769784
1860.0	32.0	5.60931610174	4.9956269276
1870.0	8.0	1.90344645145	6.97865120342
1870.0	32.0	5.64299051928	5.00994651558
1880.0	8.0	1.85146156938	6.995834709
1880.0	32.0	5.67666493682	5.02426610357
1890.0	8.0	1.79926622219	7.01325687438
1890.0	32.0	5.73159633043	5.04359754734
1900.0	8.0	1.63026273916	6.96743419283
1900.0	32.0	5.87197655855	5.0834537339
1910.0	8.0	1.43179414078	6.90609862431
1910.0	32.0	6.01235678667	5.12330992045
1920.0	8.0	1.23332554241	6.84476305578
1920.0	32.0	6.07907422642	5.14359600342
1930.0	8.0	1.01254764241	6.81158934362
1930.0	32.0	6.12727073653	5.15934755021
1940.0	8.0	0.739574395224	6.84380841658
1940.0	32.0	6.17567771174	5.17509909699
1950.0	8.0	0.46639068293	6.87602748954
1950.0	32.0	6.22387422185	5.19061198397
1960.0	8.0	0.193417435746	6.90824656251
1960.0	32.0	6.27228119706	5.20636353075
1970.0	32.0	6.32047770716	5.22187641773
1980.0	32.0	6.48758700421	5.14908517882
1990.0	32.0	6.70562885778	5.03834703175
2000.0	32.0	6.92346024624	4.92737022488
2010.0	32.0	7.29156372298	4.84240733619
2020.0	32.0	7.67608347826	4.76006970528
2030.0	32.0	8.06081369866	4.67773207438
2040.0	32.0	8.51289275413	4.58942794849
2050.0	32.0	8.96497180961	4.5008851628
2060.0	32.0	9.41410435355	4.42475268669
2070.0	32.0	9.85608108376	4.37702072674
2080.0	32.0	10.298057814	4.3292887668
2090.0	32.0	10.7459275673	4.29301247725
2100.0	32.0	11.2072670876	4.28394340486
2110.0	32.0	11.6686066079	4.27487433247
2120.0	32.0	12.1779321732	4.21353876394
2130.0	32.0	12.707462389	4.13000783404
2140.0	32.0	13.2372030699	4.04647690414
2150.0	32.0	13.7669437508	3.96294597424
2160.0	32.0	14.2964739666	3.87941504434
2170.0	32.0	14.8262146476	3.79588411444
2880.0	41.0	15.0236309204	4.25530422889
2890.0	41.0	14.567763493	4.3269021688
2900.0	41.0	14.1116856004	4.39850010872
2910.0	41.0	13.6532925916	4.47272330643
2920.0	41.0	13.1732216766	4.56961918511
2930.0	41.0	12.6929402964	4.6665150638
2940.0	41.0	12.2128693814	4.76341094248
2950.0	41.0	11.7765752091	4.8321449648
2960.0	41.0	11.3451217344	4.89777640972
2970.0	41.0	10.9136682596	4.96340785464
2980.0	41.0	10.4822147849	5.02903929956
2990.0	41.0	10.0448682871	5.00660527839
3000.0	41.0	9.60689039397	4.97438620543
3010.0	41.0	9.16891250084	4.94216713247
3020.0	41.0	8.73787995632	4.92999548268
3030.0	41.0	8.3350497365	4.9982521854
3040.0	41.0	7.93221951668	5.06650888812
3050.0	41.0	7.52917883174	5.13452693104
3060.0	41.0	7.10951140315	5.18369084978
3070.0	41.0	6.68247769572	5.22450167553
3080.0	41.0	6.2556544534	5.26555116108
3090.0	41.0	5.82988353663	5.31304446122
3100.0	41.0	5.40895331738	5.38631301973
3110.0	41.0	4.98802309813	5.45982023804
3120.0	41.0	4.56709287887	5.53332745636
3130.0	41.0	4.15942196153	5.60922127267
3140.0	41.0	3.78289988041	5.69084292417
3150.0	41.0	3.40616733418	5.77246457567
3160.0	41.0	3.02964525306	5.85408622717
3170.0	41.0	2.66680340407	5.94525427066
3180.0	41.0	2.31785225231	6.04573004634
3190.0	41.0	1.96890110055	6.14620582202
3190.0	48.0	0.294651153476	3.43670111587
3200.0	41.0	1.61994994879	6.2466815977
3200.0	48.0	0.79829416081	3.39398101172
3210.0	41.0	1.27962786652	6.39369603432
3210.0	48.0	1.30193716814	3.35149956738
3220.0	41.0	0.942883691122	6.56075789412
3220.0	48.0	1.79716157109	3.31593925722
3230.0	41.0	0.606139515722	6.72781975392
3230.0	48.0	2.25892202161	3.30949544263
3240.0	41.0	0.269395340321	6.89488161372
3240.0	48.0	2.72089293724	3.30281296823
3250.0	48.0	3.18265338776	3.29613049384
3260.0	48.0	3.66104058194	3.28634544205
3270.0	48.0	4.15037196182	3.27441245207
3280.0	48.0	4.63970334169	3.26247946208
3290.0	48.0	5.12903472157	3.2505464721
3300.0	48.0	5.61078935751	3.2457732761
3310.0	48.0	6.08749283081	3.2457732761
3320.0	48.0	6.563985839	3.2457732761
3330.0	48.0	7.05016024224	3.2481598741
3340.0	48.0	7.57358696987	3.25985420429
3350.0	48.0	8.09722416262	3.27130987467
3360.0	48.0	8.62086135537	3.28300420486
3370.0	48.0	9.14597180389	3.29350523605
3370.0	53.0	0.272762782075	6.79416717824
3380.0	48.0	9.68581481008	3.29350523605
3380.0	53.0	0.761041836406	6.68915686637
3390.0	48.0	10.2254473512	3.29350523605
3390.0	53.0	1.24932089074	6.58414655449
3400.0	48.0	10.7650798922	3.29350523605
3400.0	53.0	1.79379412934	6.55574603833
3410.0	48.0	11.2998717358	3.28515214306
3410.0	53.0	2.35236853028	6.54667696594
3420.0	48.0	11.8155112544	3.24338667811
3420.0	53.0	2.90231386174	6.53307335736
3430.0	48.0	12.331150773	3.20162121316
3430.0	53.0	3.41837431054	6.50228624319
3440.0	48.0	12.8467902915	3.15985574821
3440.0	53.0	3.93443475934	6.47149912903
3450.0	48.0	13.3651658565	3.12071554105
3450.0	53.0	4.45407311501	6.42257387009
3460.0	48.0	13.8944856073	3.09183770529
3460.0	53.0	5.00759635332	6.21040530814
3470.0	48.0	14.423805358	3.06272120972
3470.0	53.0	5.56090912653	5.9982367462
3480.0	48.0	14.9531251087	3.03384337396
3480.0	53.0	6.12579748076	5.80086509184
3490.0	53.0	6.70773350888	5.62545013905
3500.0	53.0	7.28945907188	5.44979652646
3510.0	53.0	7.87139509999	5.27438157367
3520.0	53.0	8.45017415146	5.19228260257
3530.0	53.0	9.02895320294	5.11018363146
3540.0	53.0	9.60773225441	5.02832332016
3550.0	53.0	10.1827229339	4.86150012016
3560.0	53.0	10.7566612879	4.67343619799
3570.0	53.0	11.3305996418	4.48537227581
3570.0	54.0	15.1021344063	3.9149753545
3580.0	53.0	11.8971717169	4.29253515765
3580.0	54.0	14.832739066	4.02953205836
3590.0	53.0	12.455956583	4.09516350328
3590.0	54.0	14.5633437256	4.14408876222
3600.0	53.0	13.014741449	3.89755318912
3600.0	54.0	14.3564565229	4.25649752789
3610.0	53.0	13.6471891034	3.68228204978
3610.0	54.0	14.2954216411	4.36437175736
3620.0	53.0	14.3286751284	3.45483926065
3620.0	54.0	14.2341762942	4.47224598683
3630.0	53.0	14.9061913892	3.29636915364
3630.0	54.0	14.1152635073	4.56436866952
3630.0	58.0	14.8569425536	4.7459887771
3640.0	54.0	13.7644181695	4.59420114448
3640.0	58.0	14.4743169843	4.93047280228
3650.0	54.0	13.4135728318	4.62403361945
3650.0	58.0	14.0422321142	5.11113827066
3650.0	59.0	14.9975332468	4.38704443833
3660.0	54.0	12.9577054043	4.61400990786
3660.0	58.0	13.4950228292	5.28297332646
3660.0	59.0	14.4898914024	4.5837001133
3670.0	54.0	12.4753193731	4.59420114448
3670.0	58.0	12.9478135442	5.45480838225
3670.0	59.0	13.982249558	4.78011712846
3680.0	54.0	11.9653624124	4.58895062889
3680.0	58.0	12.4414344904	5.55051096194
3680.0	59.0	13.4748181787	4.97677280342
3690.0	54.0	11.4137333601	4.60541815507
3690.0	58.0	11.945368227	5.62735941744
3690.0	59.0	12.9541274975	5.07366868211
3700.0	54.0	10.8621043078	4.62188568125
3700.0	58.0	11.4493019636	5.70396921315
3700.0	59.0	12.4279647234	5.12784445664
3710.0	54.0	10.3565671145	4.61735114506
3710.0	58.0	11.0428938369	5.78630684405
3710.0	59.0	11.9207438092	5.17414445779
3720.0	54.0	9.89691131503	4.59229186609
3720.0	58.0	10.6364857103	5.86864447495
3720.0	59.0	11.4324647549	5.21233002574
3730.0	54.0	9.4370450505	4.56723258712
3730.0	58.0	10.2351287462	5.95575530185
3730.0	59.0	10.9441857005	5.2505155937
3740.0	54.0	8.97738925108	4.54217330815
3740.0	58.0	9.87944271093	6.08749551129
3740.0	59.0	10.5057868772	5.34001301859
3750.0	54.0	8.52320554451	4.55911815393
3750.0	58.0	9.52396714077	6.21923572073
3750.0	59.0	10.0671775887	5.42951044348
3760.0	54.0	8.07133695414	4.59420114448
3760.0	58.0	9.15249622229	6.35216922917
3760.0	59.0	9.63004155603	5.61375580886
3760.0	60.0	0.385151150615	4.07583205951
3760.0	62.0	0.22477673708	2.90401244291
3770.0	54.0	7.61946836377	4.62928413504
3770.0	58.0	8.71809623602	6.49083057281
3770.0	59.0	9.19332645355	5.86124602116
3770.0	60.0	0.83723020609	4.04934082174
3770.0	62.0	0.668226723061	2.92954904148
3780.0	54.0	7.17538698246	4.67820939398
3780.0	58.0	8.28348578464	6.62925325664
3780.0	59.0	8.75682181619	6.10873623347
3780.0	60.0	1.28930926157	4.02284958397
3780.0	62.0	1.11167670904	2.95508564005
3790.0	54.0	6.74919513547	4.75983104549
3790.0	58.0	7.84045672888	6.75574295049
3790.0	59.0	8.27317299427	6.13355685264
3790.0	60.0	1.73528482886	4.00948463519
3790.0	62.0	1.55512669502	2.98062223862
3800.0	54.0	6.32321375359	4.84121403719
3800.0	58.0	7.32144976854	6.77149449727
3800.0	59.0	7.7840520795	6.13355685264
3800.0	60.0	2.17536737309	4.00948463519
3800.0	62.0	2.01751854087	2.90926295851
3810.0	54.0	5.89723237171	4.92283568869
3810.0	58.0	6.8022323431	6.78748470385
3810.0	59.0	7.29514162984	6.13355685264
3810.0	60.0	2.61544991732	4.00948463519
3810.0	62.0	2.48201503781	2.82692532761
3820.0	54.0	5.4596754088	4.9937176492
3820.0	58.0	6.28301491765	6.80108831243
3820.0	59.0	6.81738583099	6.13021561544
3820.0	60.0	3.05721618242	4.00638205779
3820.0	62.0	2.94651153476	2.7445876967
3830.0	54.0	4.97686844731	5.02164084577
3830.0	58.0	5.76400795731	6.79297387924
3830.0	59.0	6.35099514806	6.12377180085
3830.0	60.0	3.50529640081	3.99110783061
3830.0	62.0	3.40511500863	2.7445876967
3840.0	54.0	4.49406148583	5.04980270214
3840.0	58.0	5.24479053187	6.78509810585
3840.0	59.0	5.88439400002	6.11732798626
3840.0	60.0	3.95337661921	3.97559494363
3840.0	62.0	3.8635080174	2.7445876967
3850.0	54.0	4.01125452435	5.0777258987
3850.0	58.0	4.72873008307	6.78032490986
3850.0	59.0	5.41800331709	6.11088417166
3850.0	60.0	4.40314055848	3.96580989184
3850.0	62.0	4.33326614208	2.75842996509
3860.0	54.0	3.54107546945	5.02378878397
3860.0	58.0	4.24108242406	6.80347491043
3860.0	59.0	4.94677193664	6.08415427409
3860.0	60.0	4.86763705542	4.00709803719
3860.0	62.0	4.84848473044	2.82740264721
3870.0	54.0	3.07405339119	4.94908826666
3870.0	58.0	3.75343476506	6.8268635708
3870.0	59.0	4.47448823064	6.05241252073
3870.0	60.0	5.33192308725	4.04814752274
3870.0	62.0	5.3634928537	2.89661398912
3880.0	54.0	2.60703131293	4.87462640915
3880.0	58.0	3.26578710606	6.85001357138
3880.0	59.0	4.00220452464	6.02067076737
3880.0	60.0	5.7943149331	4.09158360629
3880.0	62.0	5.87871144206	2.96558667124
3890.0	54.0	2.14800690884	4.77749187066
3890.0	58.0	2.77813944706	6.87340223175
3890.0	59.0	3.52971035353	5.98869035421
3890.0	60.0	6.24807770945	4.14361144262
3890.0	62.0	6.3606765431	3.03360471416
3900.0	54.0	1.69403366738	4.665083105
3900.0	58.0	2.2761801606	6.75860686809
3900.0	59.0	3.05174408957	5.95122076565
3900.0	60.0	6.70205095092	4.19587793876
3900.0	62.0	6.79339280849	3.09995213848
3910.0	54.0	1.24006042591	4.55267433933
3910.0	58.0	1.77443133925	6.64381150442
3910.0	59.0	2.56072898881	5.90062488812
3910.0	60.0	7.15581372727	4.2481444349
3910.0	62.0	7.22589860877	3.1662995628
3920.0	54.0	0.786087184451	4.44050423347
3920.0	58.0	1.2724720528	6.52925480056
3920.0	59.0	2.06950342295	5.85002901058
3920.0	60.0	7.63925208408	4.30613876623
3920.0	62.0	7.65861487416	3.23240832732
3930.0	54.0	0.332113942989	4.3280954678
3930.0	58.0	0.770723231449	6.4144594369
3930.0	59.0	1.57848832219	5.79943313304
3930.0	60.0	8.122900906	4.36413309756
3930.0	62.0	8.1426846263	3.2457732761
3940.0	54.0	-0.121648833364	4.21592536194
3940.0	58.0	0.268763944992	6.29966407324
3940.0	59.0	1.0824220588	5.68869498597
3940.0	60.0	8.60633926281	4.42236608869
3940.0	62.0	8.63980321524	3.2457732761
3950.0	59.0	0.586355795417	5.5777181791
3950.0	60.0	9.10093227043	4.46675681144
3950.0	62.0	9.13692180417	3.2457732761
3960.0	59.0	0.0902895320294	5.46698003204
3960.0	60.0	9.62162295164	4.47916712102
3960.0	62.0	9.633829928	3.2457732761
3970.0	60.0	10.1421031677	4.49181609041
3970.0	62.0	10.1303171216	3.2483985339
3980.0	60.0	10.662793849	4.50446505979
3980.0	62.0	10.6215426875	3.27488977167
3990.0	60.0	11.1704356934	4.52260320457
3990.0	62.0	11.1125577882	3.30138100944
4000.0	60.0	11.665028701	4.54646918454
4000.0	62.0	11.603572889	3.3278722472
4010.0	60.0	12.1596217086	4.57033516451
4010.0	62.0	12.1030065941	3.34123719599
4010.0	66.0	13.3811612049	12.2842972109
4020.0	60.0	12.6542147162	4.59420114448
4020.0	62.0	12.6108589037	3.34123719599
4020.0	66.0	13.3958937626	12.0678327725
4030.0	60.0	13.1488077239	4.61806712446
4030.0	62.0	13.1187112132	3.34123719599
4030.0	66.0	13.4106263202	11.8513683342
4040.0	60.0	13.6434007315	4.64193310443
4040.0	62.0	13.6263530576	3.34123719599
4040.0	66.0	13.4251484128	11.6349038958
4050.0	60.0	14.1379937391	4.6657990844
4050.0	62.0	14.1342053671	3.34123719599
4050.0	66.0	13.4398809705	11.4184394575
4060.0	60.0	14.6325867467	4.68966506437
4060.0	62.0	14.6420576766	3.34123719599
4060.0	66.0	13.4706088765	11.1661760492
4070.0	60.0	15.1271797543	4.71353104434
4070.0	62.0	15.1499099862	3.34123719599
4070.0	66.0	13.5255402701	10.8599755262
4080.0	66.0	13.5804716637	10.5540136629
4090.0	66.0	13.6354030573	10.2478131399
4100.0	66.0	13.6903344509	9.94185127666
4110.0	66.0	13.7090658457	9.6628579708
4120.0	66.0	13.7189577058	9.39102445892
4130.0	66.0	13.7286391009	9.11895228725
4140.0	66.0	13.738530961	8.84711877538
4150.0	66.0	13.7412670075	8.56788680971
4160.0	66.0	13.7370577053	8.28149505006
4170.0	66.0	13.7328484031	7.9951032904
4180.0	66.0	13.7286391009	7.70871153074
4190.0	66.0	13.7244297987	7.42231977109
4200.0	66.0	13.6583437543	7.12566564004
4210.0	66.0	13.5305914327	6.81874913761
4220.0	66.0	13.4028391112	6.51207129498
4230.0	66.0	13.1435460961	6.22711149412
4240.0	66.0	12.8278484317	5.95169808525
4250.0	66.0	12.5009961164	5.69394550156
4260.0	66.0	12.0733310137	5.59394704548
4270.0	66.0	11.6454554458	5.4937099296
4280.0	66.0	11.217790343	5.39371147352
4290.0	66.0	10.7785496593	5.40922436051
4300.0	66.0	10.3393089755	5.42473724749
4310.0	66.0	9.90006829168	5.44048879427
4320.0	66.0	9.46082760789	5.45600168125
4330.0	66.0	9.02705901695	5.4987217854
4340.0	66.0	8.60107763507	5.5817753957
4350.0	66.0	8.17530671829	5.6650676658
4360.0	66.0	7.74953580152	5.7483599359
4370.0	66.0	7.32776372183	5.8309362266
4380.0	66.0	6.94282303633	5.90659138311
4390.0	66.0	6.55788235082	5.98224653962
4400.0	66.0	6.17273120021	6.05790169613
4410.0	66.0	5.7877905147	6.13355685264
4420.0	66.0	5.39885099211	6.16983314219
4430.0	66.0	5.00991146953	6.20610943175
4440.0	66.0	4.62118241205	6.2426243811
4450.0	66.0	4.23224288946	6.27890067066
4460.0	66.0	3.85572080834	6.29894809384
4470.0	66.0	3.49793012198	6.29512953704
4480.0	66.0	3.14013943561	6.29107232045
4490.0	66.0	2.78234874925	6.28701510385
4500.0	66.0	2.42455806289	6.28319654706
4510.0	66.0	2.06676737652	6.27913933046
4520.0	66.0	1.72328831761	6.30109603203
4530.0	66.0	1.401487165	6.36195428096
4540.0	66.0	1.07947554727	6.42281252989
4550.0	66.0	0.757674394652	6.48367077882
4560.0	66.0	0.435873242034	6.54452902774
4570.0	66.0	0.113861624307	6.60514861687
4670.0	72.0	0.523847657858	4.11091505006
4680.0	72.0	1.1085197324	4.17057999999
4690.0	72.0	1.69298134183	4.23024494992
4700.0	72.0	2.27765341637	4.28990989985
4710.0	72.0	2.82086386431	4.20112845436
4720.0	72.0	3.35944407984	4.09587948268
4730.0	72.0	3.89802429537	3.99063051101
4740.0	72.0	4.43786730156	3.95483154105
4750.0	72.0	4.97897309841	3.98895989241
4750.0	73.0	14.7205611625	4.65171815621
4760.0	72.0	5.52028936037	4.02308824377
4760.0	73.0	14.1074762982	4.59992897968
4770.0	72.0	6.06139515722	4.05721659513
4770.0	73.0	13.5091239915	4.54098000915
4780.0	72.0	6.60649979115	4.09062896709
4780.0	73.0	12.9688600551	4.45339186265
4790.0	72.0	7.16065442479	4.12237072045
4790.0	73.0	12.4285961187	4.36580371616
4800.0	72.0	7.71501952354	4.15435113361
4800.0	73.0	11.882018229	4.32117433361
4810.0	72.0	8.26622764565	4.15339649441
4810.0	73.0	11.3089217355	4.44694804806
4820.0	72.0	8.81112181447	4.07607071931
4820.0	73.0	10.7360357071	4.57296042231
4830.0	72.0	9.35580551818	3.998983604
4830.0	73.0	10.1631496787	4.69897279656
4840.0	72.0	9.90048922189	3.92165782889
4840.0	73.0	9.59931365002	4.70995114734
4850.0	72.0	10.4447519954	3.98203875822
4850.0	73.0	9.04158110951	4.64431970242
4860.0	72.0	10.9888043038	4.05769391473
4860.0	73.0	8.48384856901	4.5786882575
4870.0	72.0	11.5330670773	4.13358773104
4870.0	73.0	7.9261160285	4.51305681258
4880.0	72.0	12.0771193856	4.20924288755
4880.0	73.0	7.38732534786	4.4111490781
4890.0	72.0	12.6283275078	4.28800062145
4890.0	73.0	6.86116257379	4.28537536365
4900.0	72.0	13.1812193507	4.36747433476
4900.0	73.0	6.33499979973	4.15936298941
4910.0	72.0	13.7343216588	4.44694804806
4910.0	73.0	5.80883702566	4.03335061516
4920.0	72.0	14.2872135018	4.52666042116
4920.0	73.0	5.25489285713	3.98299339742
4930.0	72.0	14.8403158099	4.60613413447
4930.0	73.0	4.70115915371	3.93287483948
4940.0	73.0	4.14721498517	3.88251762174
4950.0	73.0	3.59811151416	3.8281031874
4960.0	73.0	3.06710804257	3.75698256709
4970.0	73.0	2.5363150361	3.68562328697
4980.0	73.0	2.00531156451	3.61450266666
4990.0	73.0	1.47451855804	3.54314338655
5000.0	73.0	0.943725551561	3.47202276623
5010.0	73.0	0.412722079976	3.40066348612
5020.0	73.0	-0.1180709265	3.3295428658
5030.0	77.0	14.9165041796	7.48460997881
5040.0	77.0	14.587126283	7.1628965688
5040.0	78.0	15.1440169631	7.37029193475
5050.0	77.0	14.2695344326	6.85454810757
5050.0	78.0	14.9047181335	7.02304192617
5060.0	77.0	14.059069323	6.6652908864
5060.0	78.0	14.6656297689	6.67603057738
5070.0	77.0	13.8486042134	6.47579500542
5070.0	78.0	14.4324344275	6.34453211558
5080.0	77.0	13.6452949175	6.29178829985
5080.0	78.0	14.2084995508	6.03666097395
5090.0	77.0	13.4710298067	6.12806767724
5090.0	78.0	13.9843542091	5.72855117252
5090.0	81.0	15.1680099856	6.98676563661
5100.0	77.0	13.2965542308	5.96434705464
5100.0	78.0	13.7418984028	5.46196817624
5100.0	81.0	14.8390530193	6.92710068668
5110.0	77.0	13.12228912	5.80086509184
5110.0	78.0	13.456297249	5.29132641945
5110.0	81.0	14.510306518	6.86743573675
5120.0	77.0	12.9025635456	5.73356302832
5120.0	78.0	13.1706960953	5.12092332245
5120.0	81.0	14.1813495517	6.80777078683
5130.0	77.0	12.6636856462	5.70778776995
5130.0	78.0	12.8728879651	5.02235682517
5130.0	81.0	13.9056402581	6.7438099605
5140.0	77.0	12.4248077467	5.68201251158
5140.0	78.0	12.5630833238	4.9958655874
5140.0	81.0	13.6831786372	6.67555325778
5150.0	77.0	12.1859298473	5.65623725321
5150.0	78.0	12.2530682173	4.96937434963
5150.0	81.0	13.4607170163	6.60753521487
5150.0	84.0	0.189418598663	5.79943313304
5160.0	77.0	11.9022228795	5.63022333504
5160.0	78.0	11.9432635759	4.94288311187
5160.0	81.0	13.2382553954	6.53927851215
5160.0	84.0	0.649284863195	5.58726457109
5170.0	77.0	11.6185159118	5.60444807667
5170.0	78.0	11.6071507958	4.94622434906
5170.0	81.0	12.9410786607	6.39178675593
5170.0	84.0	1.10915112773	5.37509600915
5180.0	77.0	11.3350194091	5.5784341585
5180.0	78.0	11.2680915042	4.95290682345
5180.0	81.0	12.6439019259	6.2445336595
5180.0	84.0	1.55744181123	5.21185270614
5190.0	77.0	11.0513124413	5.55242024033
5190.0	78.0	10.9290322126	4.95958929785
5190.0	81.0	12.3469356562	6.09704190328
5190.0	84.0	1.97837203048	5.1624501276
5200.0	77.0	10.7831798917	5.55838673533
5200.0	78.0	10.620700827	4.96197589584
5200.0	81.0	12.0487065958	5.98725839541
5200.0	84.0	2.39930224973	5.11304754906
5210.0	77.0	10.5381985041	5.61184653046
5210.0	78.0	10.3839275787	4.95433878225
5210.0	81.0	11.7500566053	5.90253416651
5210.0	84.0	2.83117665468	5.0004001236
5220.0	77.0	10.2934275816	5.6655449854
5220.0	78.0	10.1471543304	4.94694032846
5220.0	81.0	11.4514066147	5.81780993761
5220.0	84.0	3.27925687308	4.79252743805
5230.0	77.0	10.0486566591	5.71900478053
5230.0	78.0	9.91038108205	4.94503105006
5230.0	81.0	11.158228717	5.69991199656
5230.0	84.0	3.72733709147	4.5846547525
5240.0	77.0	9.80388573658	5.77270323547
5240.0	78.0	9.67402876394	4.9937176492
5240.0	81.0	10.8705229122	5.54884034334
5240.0	84.0	4.16931382168	4.38370320114
5250.0	77.0	9.57405783687	5.81852591701
5250.0	78.0	9.43788691094	5.04264290815
5250.0	81.0	10.5828171073	5.39776869012
5250.0	84.0	4.59697892444	4.19898051616
5260.0	77.0	9.35938342505	5.85671148497
5260.0	78.0	9.20153459283	5.09132950729
5260.0	81.0	10.3014252557	5.21662590214
5260.0	84.0	5.0246440272	4.01401917138
5270.0	77.0	9.14470901323	5.89489705292
5270.0	78.0	8.96539273983	5.14001610643
5270.0	81.0	10.0261368923	5.00541197939
5270.0	84.0	5.44978354864	3.827387208
5280.0	77.0	8.93003460141	5.93308262088
5280.0	78.0	8.73114507282	5.19824909756
5280.0	81.0	9.75105899406	4.79419805664
5280.0	84.0	5.86397888439	3.63359545064
5290.0	77.0	8.71536018959	5.97126818883
5290.0	78.0	8.50447414975	5.29466765664
5290.0	81.0	9.45430318949	4.79014084005
5290.0	84.0	6.27838468524	3.43956503347
5290.0	86.0	0.414195335743	3.61235472846
5300.0	77.0	8.50279042887	6.07174396451
5300.0	78.0	8.27780322668	5.39084755593
5300.0	81.0	9.15523226871	4.80899496423
5300.0	84.0	6.69279048609	3.2457732761
5300.0	86.0	0.947934853753	3.62929957424
5310.0	77.0	8.29232531925	6.23450994791
5310.0	78.0	8.05113230361	5.48726611501
5310.0	81.0	8.85616134793	4.8278490884
5310.0	84.0	7.14297535558	3.13312585064
5310.0	86.0	1.48146390665	3.64648307982
5320.0	77.0	8.08186020962	6.39727593132
5320.0	78.0	7.82446138055	5.5836846741
5320.0	81.0	8.55477531095	4.83715682059
5320.0	84.0	7.59316022507	3.02047842517
5320.0	86.0	1.95732551952	3.61569596566
5320.0	89.0	14.9202925516	6.82376099341
5330.0	77.0	7.87139509999	6.55980325492
5330.0	78.0	7.59779045748	5.68010323318
5330.0	81.0	8.23360555366	4.76197898368
5330.0	84.0	8.04334509456	2.90759233991
5330.0	86.0	2.40835224944	3.56462276852
5330.0	89.0	14.3852902429	6.69440738196
5340.0	77.0	7.66050906015	6.71326150614
5340.0	78.0	7.35533465119	5.75957694648
5340.0	81.0	7.91243579637	4.68656248697
5340.0	84.0	8.53793810218	2.80830986323
5340.0	86.0	2.85937897937	3.51331091158
5340.0	89.0	13.8502879342	6.56505377052
5350.0	77.0	7.44478232278	6.78318882746
5350.0	78.0	7.11308931001	5.83928931959
5350.0	81.0	7.59105557397	4.61114599026
5350.0	84.0	9.09903808444	2.72859749012
5350.0	86.0	3.32913710406	3.46915884863
5350.0	89.0	13.2765600454	6.40037850872
5360.0	77.0	7.22926605053	6.85311614877
5360.0	78.0	6.87063350373	5.91876303289
5360.0	81.0	7.26315093318	4.56532330872
5360.0	84.0	9.66034853181	2.64912377682
5360.0	86.0	3.80121034495	3.42596142489
5360.0	89.0	12.6929402964	6.22687283432
5370.0	77.0	7.01353931316	6.92280481029
5370.0	78.0	6.63596490649	6.00515788039
5370.0	81.0	6.91925094405	4.58871196909
5370.0	84.0	10.2201857234	2.5822990329
5370.0	86.0	4.27307312073	3.38252534134
5370.0	89.0	12.1156345007	6.09322334648
5370.0	91.0	15.0499390591	4.22976763032
5380.0	77.0	6.7980230409	6.9927321316
5380.0	78.0	6.4044532859	6.09465530528
5380.0	81.0	6.57514048981	4.61186196966
5380.0	84.0	10.7673950084	2.63003099284
5380.0	86.0	4.69189868888	3.30376760743
5380.0	89.0	11.542117077	5.98630375621
5380.0	91.0	14.623536747	4.29086453905
5380.0	93.0	15.0061623163	3.84242277539
5390.0	77.0	6.52736490993	7.02686048296
5390.0	78.0	6.17294166532	6.18415273017
5390.0	81.0	6.23124050068	4.63525063003
5390.0	84.0	11.3146042935	2.67776295278
5390.0	86.0	5.07515565351	3.20138255336
5390.0	89.0	10.9688101184	5.87914550614
5390.0	91.0	14.1971344349	4.35220010757
5390.0	93.0	14.5635541908	3.8343083422
5400.0	77.0	6.25691724406	7.06098883432
5400.0	78.0	5.94143004473	6.27365015507
5400.0	81.0	5.88544632557	4.661503208
5400.0	84.0	11.843503114	2.71666450014
5400.0	86.0	5.45862308325	3.09923615908
5400.0	89.0	10.3929775784	5.93881045607
5400.0	91.0	13.7709425879	4.4132970163
5400.0	93.0	14.1207356001	3.82595524921
5410.0	77.0	5.98625911308	7.09511718568
5410.0	78.0	5.73433237686	6.34787335278
5410.0	81.0	5.5318649414	4.69968877596
5410.0	84.0	12.208449614	2.67704697339
5410.0	86.0	5.86755679125	3.12906863404
5410.0	89.0	9.81588224783	6.06959602631
5410.0	91.0	13.3445402758	4.47463258483
5410.0	93.0	13.6796007303	3.8307284452
5420.0	77.0	5.75601028315	7.12948419684
5420.0	78.0	5.53754749936	6.4151754163
5420.0	81.0	5.17828355723	4.73787434391
5420.0	84.0	12.573185649	2.63719078683
5420.0	86.0	6.28301491765	3.19183616137
5420.0	89.0	9.23878691723	6.20062025636
5420.0	91.0	12.864890291	4.56222073132
5420.0	93.0	13.2529879531	3.95339958225
5430.0	77.0	5.56596028916	7.1645671874
5430.0	78.0	5.34076262186	6.48271613962
5430.0	81.0	4.82470217306	4.77605991187
5430.0	84.0	12.9372902887	2.59208408469
5430.0	86.0	6.69826257894	3.25460368869
5430.0	89.0	8.67958112096	6.3292578884
5430.0	91.0	12.3719810042	4.65649135221
5430.0	93.0	12.8263751759	4.07583205951
5430.0	96.0	0.316329059767	2.62979233304
5430.0	97.0	0.315697664438	3.5798969957
5440.0	77.0	5.37612076027	7.19941151816
5440.0	78.0	5.14397774436	6.55025686294
5440.0	81.0	4.47112078888	4.81424547982
5440.0	84.0	13.2940286495	2.498768103
5440.0	86.0	7.11372070534	3.31737121602
5440.0	89.0	8.13237183593	6.45646356165
5440.0	91.0	11.8790717175	4.7505233133
5440.0	93.0	12.3997623987	4.19850319656
5440.0	96.0	0.845859275585	2.65294233361
5440.0	97.0	0.806712765195	3.55340575793
5450.0	77.0	5.18607076628	7.23425584891
5450.0	78.0	4.94403589021	6.61254707066
5450.0	81.0	4.09565103331	4.84121403719
5450.0	84.0	13.6509774754	2.40521346151
5450.0	86.0	7.52265441335	3.27656039027
5450.0	89.0	7.5851625509	6.58390789469
5450.0	91.0	11.3861624307	4.84479393418
5450.0	93.0	11.9754647377	4.29110319885
5450.0	96.0	1.3753894914	2.67609233419
5450.0	97.0	1.29793833106	3.52691452017
5460.0	77.0	4.97118588935	7.27912389126
5460.0	78.0	4.71441845561	6.62877593704
5460.0	81.0	3.63262779214	4.82331455221
5460.0	84.0	14.1026356007	2.44316036967
5460.0	86.0	7.93158812135	3.23551090472
5460.0	89.0	7.07688931116	6.73617284691
5460.0	91.0	10.970072909	4.90040166752
5460.0	93.0	11.5545345184	4.33883515879
5460.0	96.0	1.90428831189	2.69685573676
5460.0	97.0	1.78895343182	3.5004232824
5470.0	77.0	4.7186277578	7.33878884119
5470.0	78.0	4.48480102101	6.64500480342
5470.0	81.0	3.16960455096	4.80541506723
5470.0	84.0	14.5782867484	2.51380367038
5470.0	86.0	8.34052182935	3.19470007896
5470.0	89.0	6.5945032799	6.90514398511
5470.0	91.0	10.5541938524	4.95577074105
5470.0	93.0	11.1336042992	4.38656711873
5470.0	96.0	2.42539992332	2.69685573676
5470.0	97.0	2.27302318396	3.47918256022
5480.0	77.0	4.46606962625	7.39845379112
5480.0	78.0	4.25518358641	6.6612336698
5480.0	81.0	2.70658130978	4.78751558225
5480.0	84.0	15.0537274311	2.5846856309
5480.0	86.0	8.78376135022	3.161287707
5480.0	89.0	6.11043352776	7.07435378311
5480.0	91.0	10.1381043307	5.01137847438
5480.0	93.0	10.7126740799	4.43429907868
5480.0	96.0	2.94651153476	2.69685573676
5480.0	97.0	2.74656968061	3.46581761144
5490.0	77.0	4.2135114947	7.45811874105
5490.0	78.0	4.02556615181	6.67770119598
5490.0	81.0	2.25197667299	4.7500459937
5490.0	86.0	9.26151714907	3.13551244864
5490.0	89.0	5.619418427	7.2433249213
5490.0	91.0	9.72201480893	5.06674754792
5490.0	93.0	10.2967950233	4.53787743175
5490.0	96.0	3.46762314619	2.69685573676
5490.0	97.0	3.22011617727	3.45269132245
5500.0	77.0	3.93569755	7.50990791758
5500.0	78.0	3.76669406697	6.70013521716
5500.0	81.0	1.83104645374	4.63429599084
5500.0	86.0	9.73948341303	3.10973719027
5500.0	89.0	5.12840332625	7.4122960595
5500.0	91.0	9.33076017014	5.10111455908
5500.0	93.0	9.88154736203	4.64742227982
5500.0	96.0	3.98873475762	2.69685573676
5500.0	97.0	3.69366267393	3.43932637367
5510.0	77.0	3.61999988556	7.54952544434
5510.0	78.0	3.49540454066	6.72519449613
5510.0	81.0	1.41011623449	4.51854598797
5510.0	86.0	10.2172392119	3.0839619319
5510.0	89.0	4.69989636305	7.46098265864
5510.0	91.0	8.95023925194	5.12665115764
5510.0	93.0	9.46629970074	4.75696712789
5510.0	96.0	4.48438009079	2.76511243948
5510.0	97.0	4.17520684475	3.47273874563
5520.0	77.0	3.30430222112	7.58938163089
5520.0	78.0	3.22390454924	6.7502537751
5520.0	81.0	0.98918601524	4.40279598511
5520.0	86.0	10.7042554756	3.08825780829
5520.0	89.0	4.28696381796	7.47912080342
5520.0	91.0	8.56950786862	5.15194909641
5520.0	93.0	9.06620552734	4.84980578998
5520.0	96.0	4.97707891242	2.84124491559
5520.0	97.0	4.65864520156	3.51808410758
5530.0	77.0	2.98860455668	7.62923781744
5530.0	78.0	2.95261502294	6.77531305407
5530.0	81.0	0.586355795417	4.25840680629
5530.0	86.0	11.1935868554	3.10019079828
5530.0	89.0	3.88960569099	7.4924857522
5530.0	91.0	8.18898695042	5.17748569498
5530.0	93.0	8.72630437529	4.87414908955
5530.0	96.0	5.46977773406	2.9171387319
5530.0	97.0	5.14208355837	3.56319080972
5540.0	77.0	2.676274334	7.6609795708
5540.0	78.0	2.6413371258	6.78987130185
5540.0	81.0	0.18541976158	4.11067639026
5540.0	86.0	11.6829182353	3.11212378826
5540.0	89.0	3.55412430625	7.48508729841
5540.0	91.0	7.80825556711	5.20278363375
5540.0	93.0	8.38619275814	4.89873104892
5540.0	96.0	5.96247655569	2.99303254821
5540.0	97.0	5.63499284511	3.60829751187
5550.0	77.0	2.376782483	7.6609795708
5550.0	78.0	2.32563946136	6.80323625063
5550.0	86.0	12.1722496152	3.12405677825
5550.0	89.0	3.21885338661	7.47745018482
5550.0	91.0	7.4691962755	5.15648363261
5550.0	93.0	8.04629160609	4.92307434849
5550.0	96.0	6.47958933004	3.04124182775
5550.0	97.0	6.21208817571	3.65459751301
5560.0	77.0	2.07750109711	7.6609795708
5560.0	78.0	2.00994179692	6.81636253962
5560.0	86.0	12.6630542508	3.13694440743
5560.0	89.0	2.88337200187	7.47005173103
5560.0	91.0	7.13013698389	5.10994497166
5560.0	93.0	7.70849510514	4.94025785407
5560.0	96.0	7.02153698733	3.06152791072
5560.0	97.0	6.7891835063	3.70065885436
5570.0	77.0	1.77821971123	7.6609795708
5570.0	78.0	1.71192320169	6.83784192159
5570.0	86.0	13.1540693516	3.15030935622
5570.0	89.0	2.61271387089	7.50418008239
5570.0	91.0	6.79107769229	5.06364497052
5570.0	93.0	7.37617069705	4.94025785407
5570.0	96.0	7.5632741795	3.0818139937
5570.0	97.0	7.36627883689	3.7469588555
5580.0	77.0	1.47893832534	7.6609795708
5580.0	78.0	1.45536623306	6.87865274734
5580.0	86.0	13.6450844524	3.163674305
5580.0	89.0	2.34226620502	7.53830843375
5580.0	91.0	6.44780909849	5.02044754677
5580.0	93.0	7.04384628895	4.94025785407
5580.0	96.0	8.10522183679	3.10210007668
5580.0	97.0	7.85097998436	3.76867689728
5590.0	77.0	1.21501507787	7.63830688983
5590.0	78.0	1.19859879932	6.91946357309
5590.0	86.0	14.1363100182	3.17680059399
5590.0	89.0	2.07202900426	7.56981152731
5590.0	91.0	6.09864748162	4.98250063862
5590.0	93.0	6.71152188085	4.94025785407
5590.0	96.0	8.64695902896	3.12238615965
5590.0	97.0	8.33568113183	3.79039493905
5600.0	77.0	0.966245318291	7.60561049727
5600.0	78.0	0.942041830684	6.96003573904
5600.0	86.0	14.627325119	3.19016554277
5600.0	89.0	1.80431738482	7.59152956909
5600.0	91.0	5.74948586475	4.94455373046
5600.0	93.0	6.40508468123	4.89443517252
5600.0	96.0	9.16344040799	3.12644337625
5600.0	97.0	8.8203822793	3.81211298082
5610.0	77.0	0.717475558713	7.57315276451
5610.0	78.0	0.676434862336	6.98127646122
5610.0	86.0	15.1183402197	3.20329183175
5610.0	89.0	1.53639530027	7.61324761086
5610.0	91.0	5.40032424788	4.90660682231
5610.0	93.0	6.1245346901	4.80255114963
5610.0	96.0	9.67360783372	3.12644337625
5610.0	97.0	9.33770551876	3.81855679542
5620.0	77.0	0.468705799136	7.54045637195
5620.0	78.0	0.375890685791	6.92447542889
5620.0	89.0	1.26847321571	7.63496565263
5620.0	91.0	5.05116263101	4.86865991415
5620.0	93.0	5.84398469897	4.71066712674
5620.0	96.0	10.1835647943	3.12644337625
5620.0	97.0	9.86870899034	3.81855679542
5630.0	77.0	0.219936039559	7.50799863919
5630.0	78.0	0.0751360441363	6.86767439655
5630.0	89.0	1.00644415423	7.88436514333
5630.0	91.0	4.71526031605	4.90087898712
5630.0	93.0	5.56322424273	4.61902176365
5630.0	96.0	10.6937322201	3.12644337625
5630.0	97.0	10.399922927	3.81855679542
5640.0	89.0	0.744836022965	8.1593012326
5640.0	91.0	4.37935800109	4.93285940028
5640.0	93.0	5.19322658001	4.51067021458
5640.0	96.0	11.2038996458	3.12644337625
5640.0	97.0	10.9311368637	3.81855679542
5650.0	89.0	0.48343835681	8.43399866207
5650.0	91.0	4.04345568613	4.96507847324
5650.0	93.0	4.76345682615	4.39134031473
5650.0	96.0	11.7140670715	3.12644337625
5650.0	97.0	11.4619298702	3.80065731044
5660.0	89.0	0.270658130978	8.95308372645
5660.0	91.0	3.70734290605	4.9970588864
5660.0	93.0	4.34694637421	4.28823928125
5660.0	96.0	12.2250763577	3.13670574763
5660.0	97.0	11.9925124116	3.76461968068
5670.0	89.0	0.0902895320294	9.63493477423
5670.0	91.0	3.37144059109	5.02927795936
5670.0	93.0	3.98284173455	4.2493377339
5670.0	96.0	12.7360856439	3.14792275822
5670.0	97.0	12.5228844878	3.72858205092
5680.0	91.0	3.03406502036	4.98679651501
5680.0	93.0	3.61894756001	4.21067484634
5680.0	96.0	13.2473053952	3.15937842861
5680.0	97.0	13.0534670292	3.69278308097
5690.0	91.0	2.69647898452	4.92593826609
5690.0	93.0	3.25484292036	4.17201195879
5690.0	96.0	13.7583146813	3.17083409899
5690.0	97.0	13.5838391055	3.65674545121
5700.0	91.0	2.35868248357	4.86484135736
5700.0	93.0	2.85958944448	4.13478103004
5700.0	96.0	14.2695344326	3.18205110958
5700.0	97.0	14.1144216468	3.62070782145
5710.0	91.0	2.02088598262	4.80374444863
5710.0	93.0	2.43339759749	4.09898206008
5710.0	96.0	14.7807541839	3.19350677997
5710.0	97.0	14.6450041882	3.5849088515
5710.0	98.0	14.9640692944	2.52979387696
5720.0	91.0	1.68708831876	4.72164547753
5720.0	93.0	2.0072057505	4.06318309012
5720.0	97.0	15.1753762644	3.54887122174
5720.0	98.0	14.4856821002	2.63098563204
5730.0	91.0	1.35686856176	4.61878310385
5730.0	93.0	1.58101390351	4.02738412016
5730.0	98.0	14.0075053711	2.73217738712
5740.0	91.0	1.02664880475	4.51592073018
5740.0	93.0	1.24300693745	3.98466401602
5740.0	98.0	13.5291181769	2.833607802
5750.0	91.0	0.69663951286	4.4128196967
5750.0	93.0	0.993184852323	3.93478411788
5750.0	98.0	13.0620960987	2.86033769957
5760.0	91.0	0.366419755858	4.30995732303
5760.0	93.0	0.743152302088	3.88514287954
5760.0	98.0	12.599914718	2.85508718397
5770.0	91.0	0.0364104639652	4.20685628955
5770.0	93.0	0.493330216962	3.83550164119
5770.0	98.0	12.1379438023	2.84983666838
5780.0	93.0	0.243297666727	3.78562174305
5780.0	98.0	11.6757624216	2.84482481258
5790.0	98.0	11.2133705757	2.83718769899
5800.0	98.0	10.7478217532	2.80830986323
5810.0	98.0	10.2822729308	2.77919336766
5820.0	98.0	9.81651364315	2.7503155319
5830.0	98.0	9.38379737776	2.77036295507
5840.0	98.0	8.95928925165	2.80282068783
5850.0	98.0	8.53499159064	2.8352784206
5860.0	98.0	8.11048346453	2.86749749356
5870.0	98.0	7.68597533841	2.89995522632
5880.0	98.0	7.2614672123	2.93217429928
5890.0	98.0	6.79107769229	2.88372635994
5900.0	98.0	6.31542654453	2.82644800801
5910.0	98.0	5.83998586189	2.76893099628
5920.0	98.0	5.36454517925	2.71141398454
5930.0	98.0	4.8891044966	2.65389697281
5940.0	98.0	4.39766846563	2.64435058083
5950.0	98.0	3.89065801654	2.68229748898
5960.0	98.0	3.38364756745	2.72024439713
5970.0	98.0	2.87663711836	2.75819130529
5980.0	98.0	2.37257318081	2.78969439885
5980.0	102.0	14.6854134892	3.53144905636
5990.0	98.0	1.8956592424	2.76320316108
5990.0	102.0	13.8753332823	3.62548101745
6000.0	98.0	1.41853483888	2.73671192331
6000.0	102.0	13.0654635404	3.71951297853
6010.0	98.0	0.941410435355	2.71022068555
6010.0	102.0	12.2806391466	3.78538308326
6020.0	98.0	0.464496496944	2.68349078798
6020.0	102.0	11.5966275404	3.73908308211
6030.0	102.0	10.9126159341	3.69254442117
6040.0	102.0	10.2286043278	3.64624442002
6050.0	102.0	9.53722644268	3.64242586323
6060.0	102.0	8.84121832515	3.6667691628
6070.0	102.0	8.14499974251	3.69135112217
6070.0	103.0	0.131540693516	7.06003419512
6080.0	102.0	7.44878115987	3.71569442174
6080.0	103.0	0.499854635361	6.86409449956
6090.0	102.0	6.75066839124	3.69326040057
6090.0	103.0	0.868168577205	6.66791614419
6100.0	102.0	6.05171376217	3.65054029642
6100.0	103.0	1.24953135585	6.46839655163
6110.0	102.0	5.352548668	3.60805885207
6110.0	103.0	1.74875459588	6.23641922631
6120.0	102.0	4.65359403893	3.56533874792
6120.0	103.0	2.2477673708	6.00468056079
6130.0	102.0	3.95442894475	3.52285730357
6130.0	103.0	2.74678014572	5.77294189527
6140.0	102.0	3.25021268795	3.48156915822
6140.0	103.0	3.24558245554	5.65361199541
6140.0	106.0	14.7845425559	3.21403152274
6150.0	102.0	2.49843131636	3.45316864205
6150.0	103.0	3.74396383513	5.60969859226
6150.0	106.0	14.1249449023	3.25364904949
6160.0	102.0	1.74686040989	3.42476812589
6160.0	103.0	4.24255567983	5.56578518912
6160.0	106.0	13.4655577138	3.29350523605
6170.0	102.0	0.995289503419	3.39636760972
6170.0	103.0	4.74093705942	5.52187178597
6170.0	106.0	12.8173251762	3.32405369041
6180.0	102.0	0.243508131837	3.36796709356
6180.0	103.0	5.22227076514	5.41972539169
6180.0	106.0	12.1859298473	3.34075987639
6190.0	103.0	5.69939516866	5.30302074963
6190.0	106.0	11.5545345184	3.35722740257
6200.0	103.0	6.17651957218	5.18631610757
6200.0	106.0	10.9231391896	3.37393358855
6210.0	103.0	6.65343351059	5.06961146551
6210.0	106.0	10.2927961862	3.39016245493
6220.0	103.0	7.15139395997	4.97963672102
6220.0	106.0	9.67129271751	3.40137946552
6230.0	103.0	7.69776138455	4.95219084405
6230.0	106.0	9.0499997139	3.4128351359
6240.0	103.0	8.24412880914	4.92474496709
6240.0	106.0	8.42870671028	3.42429080629
6250.0	103.0	8.79049623373	4.89706043032
6250.0	106.0	7.80720324156	3.43550781688
6260.0	103.0	9.33686365832	4.86961455335
6260.0	106.0	7.26757070048	3.48133049842
6270.0	103.0	9.87733805984	4.8314289854
6270.0	106.0	6.73698815911	3.53121039656
6280.0	103.0	10.3628810677	4.69658619856
6280.0	106.0	6.20661608286	3.5808516349
6290.0	103.0	10.8486345408	4.56198207152
6290.0	106.0	5.67603354149	3.63049287324
6300.0	103.0	11.3343880138	4.42737794448
6300.0	106.0	5.13598007019	3.68371400858
6310.0	103.0	11.8230879983	4.29850165264
6310.0	106.0	4.50984636906	3.76724493848
6320.0	103.0	12.3242054243	4.19253670157
6320.0	106.0	3.88371266792	3.85077586838
6330.0	103.0	12.8253228504	4.08633309069
6330.0	106.0	3.25736850167	3.93430679828
6340.0	103.0	13.3264402764	3.98036813962
6340.0	106.0	2.63502317251	4.00685937739
6350.0	103.0	13.8275577024	3.87416452875
6350.0	106.0	2.04677319111	3.97965216022
6360.0	103.0	14.3286751284	3.76819957768
6360.0	106.0	1.4585232097	3.95244494305
6370.0	103.0	14.8297925544	3.6619959668
6370.0	106.0	0.870062763192	3.92547638569
6380.0	106.0	0.281812781789	3.89826916852
6480.0	111.0	14.9430227834	5.27438157367
6490.0	111.0	14.4858925653	5.4142362163
6500.0	111.0	14.0285518821	5.55409085893
6510.0	111.0	13.5768937568	5.68225117138
6520.0	111.0	13.1757472579	5.70468519255
6530.0	111.0	12.7746007589	5.72711921372
6530.0	116.0	0.273604642513	3.67536091559
6540.0	111.0	12.37345426	5.7495532349
6540.0	116.0	0.694534861764	3.72905937052
6550.0	111.0	12.1438368254	5.73117643032
6550.0	116.0	1.11546508102	3.78275782546
6560.0	111.0	11.9333717158	5.70850374935
6560.0	116.0	1.53639530027	3.83645628039
6570.0	111.0	11.5404333561	5.69609343976
6570.0	116.0	1.95732551952	3.89015473533
6580.0	111.0	11.1020345327	5.68606972817
6580.0	116.0	2.38435922695	3.96509391244
6590.0	111.0	10.6646880349	5.69322952216
6590.0	116.0	2.81118246927	4.04027174935
6600.0	111.0	10.2292357231	5.72616457452
6600.0	116.0	3.2382161767	4.11521092646
6610.0	111.0	9.79378341131	5.75909962689
6610.0	116.0	3.69892430167	4.15554443261
6620.0	111.0	9.38548109864	5.76435014248
6620.0	116.0	4.19351730929	4.1615109276
6630.0	111.0	9.00390785489	5.74191612131
6630.0	116.0	4.68811031691	4.1674774226
6640.0	111.0	8.62254507625	5.71972075993
6640.0	116.0	5.18270332453	4.17344391759
6650.0	111.0	8.24139276272	5.69943467696
6650.0	116.0	5.68550447142	4.13907690643
6660.0	111.0	7.86129277473	5.68392178998
6660.0	116.0	6.1967242227	4.06413772932
6670.0	111.0	7.48098232164	5.66864756279
6670.0	116.0	6.70773350888	3.98895989241
6680.0	111.0	7.08404512489	5.64812282002
6680.0	116.0	7.21895326016	3.9140207153
6690.0	111.0	6.61954862794	5.60683467467
6690.0	116.0	7.67966138513	4.01712174878
6700.0	111.0	6.155052131	5.56578518912
6700.0	116.0	8.1403695101	4.12046144205
6710.0	111.0	5.70570912195	5.55671611673
6710.0	116.0	8.60128810018	4.22356247553
6720.0	111.0	5.29214518153	5.62258622145
6720.0	116.0	9.07609738749	4.31329856022
6730.0	111.0	4.87837077601	5.68821766637
6730.0	116.0	9.58437062724	4.37153155135
6740.0	111.0	4.46417544027	5.72783519312
6740.0	116.0	10.092643867	4.42976454248
6750.0	111.0	4.04892777898	5.72783519312
6750.0	116.0	10.6007066416	4.48799753361
6760.0	111.0	3.63368011768	5.72783519312
6760.0	116.0	11.1051915094	4.55267433933
6770.0	111.0	3.21843245639	5.72783519312
6770.0	116.0	11.5941019591	4.64408104262
6780.0	111.0	2.8031847951	5.71876612073
6780.0	116.0	12.0832228738	4.73524908611
6790.0	111.0	2.38793713381	5.70587849155
6790.0	116.0	12.5721333235	4.8266557894
6800.0	111.0	1.97268947252	5.69299086236
6800.0	116.0	13.0397867971	4.94598568926
6810.0	111.0	1.55744181123	5.68010323318
6810.0	116.0	13.5019681778	5.07223672331
6810.0	120.0	0.708425559	3.95363824205
6810.0	121.0	0.160374413535	3.22477121373
6820.0	111.0	1.21206856633	5.61280116966
6820.0	116.0	13.9641495585	5.19848775736
6820.0	120.0	0.964772062523	4.00566607839
6820.0	121.0	0.548472075684	3.21737275994
6830.0	111.0	0.866695321438	5.54549910614
6830.0	116.0	14.4263309393	5.32497745121
6830.0	120.0	1.22132903116	4.05793257453
6830.0	121.0	0.936569737834	3.20997430615
6840.0	111.0	0.521322076542	5.47819704262
6840.0	116.0	14.88851232	5.45122848525
6840.0	120.0	1.495565069	4.10566453447
6840.0	121.0	1.32466739998	3.20257585235
6850.0	111.0	0.175948831647	5.4108949791
6850.0	120.0	1.93017552038	4.11330164806
6850.0	121.0	1.762434828	3.19565471816
6860.0	120.0	2.36457550664	4.12117742145
6860.0	121.0	2.27512783505	3.18944956337
6870.0	120.0	2.79918595802	4.12881453504
6870.0	121.0	2.7878208421	3.18324440858
6880.0	120.0	3.22011617727	4.14050886523
6880.0	121.0	3.30051384915	3.17727791359
6890.0	120.0	3.64104639652	4.15220319541
6890.0	121.0	3.79594871721	3.20949698655
6900.0	120.0	4.06197661577	4.1636588658
6900.0	121.0	4.27433591138	3.27990162746
6910.0	120.0	4.48290683502	4.17535319599
6910.0	121.0	4.75272310556	3.35054492818
6920.0	120.0	4.97013356381	4.24098464091
6920.0	121.0	5.23111029974	3.42094956909
6930.0	120.0	5.46472657143	4.31258258082
6930.0	121.0	5.71518005188	3.48443307582
6940.0	120.0	5.95931957905	4.38418052074
6940.0	121.0	6.25207654654	3.48443307582
6950.0	120.0	6.45391258667	4.45577846065
6950.0	121.0	6.78897304119	3.48443307582
6960.0	120.0	6.92156606025	4.53453619456
6960.0	121.0	7.32586953585	3.48443307582
6970.0	120.0	7.38648348742	4.61400990786
6970.0	121.0	7.8627660305	3.48443307582
6980.0	120.0	7.85119044947	4.69372228096
6980.0	121.0	8.38934973478	3.48920627181
6980.0	122.0	0.231511620588	3.17417533619
6980.0	123.0	-0.0498802309813	4.26675989928
6990.0	120.0	8.31610787663	4.77319599427
6990.0	121.0	8.87468227758	3.51354957138
6990.0	122.0	0.736627883689	3.34601039198
6990.0	123.0	0.495855798278	4.39921608812
7000.0	120.0	8.78418228044	4.84527125378
7000.0	121.0	9.36001482038	3.53789287095
7000.0	122.0	1.24174414679	3.51784544778
7000.0	123.0	1.04138136243	4.53191093676
7010.0	120.0	9.28340552047	4.85099908898
7010.0	121.0	9.84555782828	3.56247483032
7010.0	122.0	1.74328250303	3.67130369899
7010.0	123.0	1.58711739169	4.6643671256
7020.0	120.0	9.7826287605	4.85648826437
7020.0	121.0	10.3308903711	3.58681812989
7020.0	122.0	2.24145341751	3.80662380543
7020.0	123.0	2.10254644516	4.7493300143
7030.0	120.0	10.2818520005	4.86197743976
7030.0	121.0	10.8290612856	3.59421658368
7030.0	122.0	2.739624332	3.94194391187
7030.0	123.0	2.61460805688	4.8288037276
7040.0	120.0	10.7812857057	4.86746661516
7040.0	121.0	11.3575391758	3.56247483032
7040.0	122.0	3.2405312929	4.04934082174
7040.0	123.0	3.12688013371	4.90851610071
7050.0	120.0	11.2802984806	4.84694187238
7050.0	121.0	11.8862275312	3.53049441716
7050.0	122.0	3.74438476535	4.12881453504
7050.0	123.0	3.65977779128	4.98393259742
7060.0	120.0	11.7795217206	4.81949599541
7060.0	121.0	12.4147054215	3.4987526638
7060.0	122.0	4.24823823779	4.20828824835
7060.0	123.0	4.19478009995	5.05887177453
7070.0	120.0	12.2785344956	4.79228877825
7070.0	121.0	12.9431833118	3.46701091044
7070.0	122.0	4.7645091517	4.26699855908
7070.0	123.0	4.72999287372	5.13381095164
7080.0	120.0	12.7893333166	4.75481918969
7080.0	121.0	13.4565077141	3.4956500864
7080.0	122.0	5.33129169192	4.24265525951
7080.0	123.0	5.27783355408	5.20087435536
7090.0	120.0	13.3279135321	4.69372228096
7090.0	121.0	13.9660437445	3.53980214935
7090.0	122.0	5.89786376704	4.21807330014
7090.0	123.0	5.84440562919	5.25600476909
7100.0	120.0	13.8662832826	4.63286403204
7100.0	121.0	14.4755797749	3.5837155525
7100.0	122.0	6.46443584215	4.19373000056
7100.0	123.0	6.41118816941	5.31113518282
