0.0	3.0	9.3867438893	7.06433007152
0.0	9.0	7.02953466149	5.17891765378
10.0	1.0	12.419546119	7.19678626036
10.0	3.0	9.80767410855	6.8256702718
10.0	9.0	7.45572650848	5.17891765378
20.0	1.0	12.0640705488	7.11444862946
20.0	3.0	10.2286043278	6.58701047209
20.0	9.0	7.88191835548	5.17891765378
30.0	1.0	11.7031228858	7.03640687495
30.0	3.0	10.653322919	6.35694242517
30.0	9.0	8.30811020247	5.17891765378
40.0	1.0	11.2937682476	6.9967893482
40.0	3.0	11.0818298822	6.13522747123
40.0	9.0	8.73430204946	5.17891765378
50.0	1.0	10.8846240745	6.95693316165
50.0	3.0	11.5101263803	5.9137511771
50.0	9.0	9.20658575546	5.17891765378
60.0	1.0	10.4752694363	6.91707697509
60.0	3.0	11.9786217143	5.73785890471
60.0	9.0	9.67886946146	5.17891765378
70.0	1.0	10.0602322401	6.88366460314
70.0	3.0	12.4643751874	5.5817753957
70.0	9.0	10.1511531675	5.17891765378
80.0	1.0	9.63930202085	6.85645738597
80.0	3.0	12.9427623815	5.42115735049
80.0	9.0	10.6234368735	5.17891765378
90.0	1.0	9.2183718016	6.829011509
90.0	3.0	13.3559053917	5.21781920114
90.0	9.0	11.0576263946	5.17891765378
100.0	1.0	8.79744158235	6.80180429183
100.0	3.0	13.7690484019	5.01448105178
100.0	9.0	11.4878170787	5.17891765378
110.0	1.0	8.34788810819	6.80180429183
110.0	3.0	14.2021855975	4.84288465579
110.0	9.0	11.9177972977	5.17891765378
120.0	1.0	7.89812416892	6.80180429183
120.0	3.0	14.6652088387	4.71878155993
120.0	9.0	12.3479879817	5.17891765378
130.0	1.0	7.44857069476	6.80180429183
130.0	3.0	15.1282320799	4.59467846408
130.0	9.0	12.763235643	5.19156662317
140.0	1.0	6.9990172206	6.80180429183
140.0	9.0	13.1437565612	5.23357074792
150.0	1.0	6.53746723519	6.79440583804
150.0	9.0	13.5244879445	5.27581353247
160.0	1.0	6.06791957561	6.78223418826
160.0	9.0	13.9052193278	5.31781765722
170.0	1.0	5.59837191604	6.77006253847
170.0	9.0	14.2859507112	5.36006044176
170.0	13.0	-0.126279065775	4.50852227639
180.0	1.0	5.12882425646	6.75765222889
180.0	9.0	14.6666820945	5.40206456651
180.0	12.0	0.332324408099	4.94670166866
180.0	13.0	0.435031381596	4.51568207038
190.0	1.0	4.64812194608	6.71135222774
190.0	9.0	15.0474134778	5.44430735106
190.0	12.0	0.912576715336	5.05529187753
190.0	13.0	0.996131363858	4.52308052417
200.0	1.0	4.16236847306	6.65001665922
200.0	9.0	15.427934396	5.48631147581
200.0	12.0	1.49303948768	5.1636434266
200.0	13.0	1.55744181123	4.53024031816
210.0	1.0	3.67661500005	6.58891975049
210.0	12.0	2.0749755158	5.2505155937
210.0	13.0	2.12380342123	4.56484598912
220.0	1.0	3.19107199214	6.52758418196
220.0	12.0	2.6632254972	5.2505155937
220.0	13.0	2.69774177518	4.64073980543
230.0	1.0	2.70531851913	6.4958424286
230.0	12.0	3.2514754786	5.2505155937
230.0	13.0	3.27168012913	4.71687228154
240.0	1.0	2.21956504611	6.47126046923
240.0	12.0	3.83972546001	5.2505155937
240.0	13.0	3.84582894819	4.79276609785
250.0	1.0	1.7338115731	6.44691716966
250.0	12.0	4.4342893947	5.25409549069
250.0	13.0	4.41976730214	4.86865991415
260.0	1.0	1.24826856519	6.42233521029
260.0	12.0	5.0442172824	5.26650580028
260.0	13.0	4.9918114701	4.93596197767
270.0	1.0	0.78692904489	6.37388727095
270.0	12.0	5.65393470498	5.27867745006
270.0	13.0	5.56385563806	5.00326404119
280.0	1.0	0.328536036125	6.32281407381
280.0	12.0	6.26386259267	5.29084909985
280.0	13.0	6.13589980602	5.07056610471
290.0	1.0	-0.130067437749	6.27174087667
290.0	12.0	6.86495094577	5.32068157481
290.0	13.0	6.71383699705	5.13357229184
300.0	12.0	7.45299046206	5.37676662774
300.0	13.0	7.34523232593	5.15672229241
310.0	12.0	8.04102997835	5.43309034048
310.0	13.0	7.97662765481	5.18011095278
320.0	12.0	8.62906949465	5.48917539341
320.0	13.0	8.60802298368	5.20326095335
330.0	12.0	9.20784854612	5.58607127209
330.0	13.0	9.23941831256	5.22664961372
340.0	12.0	9.78662759759	5.68296715078
340.0	13.0	9.87081364144	5.27294961487
340.0	18.0	0.0774511603422	4.77438929327
350.0	12.0	10.3654066491	5.78010168926
350.0	13.0	10.5022089703	5.31948827581
350.0	18.0	0.431453474732	4.78512898425
360.0	12.0	10.9568136071	5.80420632903
360.0	13.0	11.1336042992	5.36578827696
360.0	18.0	0.785455789122	4.79586867524
370.0	12.0	11.5513775418	5.81017282402
370.0	13.0	11.7490042797	5.37557332875
370.0	18.0	1.13945810351	4.80684702603
380.0	12.0	12.1459414765	5.81613931902
380.0	13.0	12.3402007727	5.329989307
380.0	18.0	1.49324995279	4.81758671702
390.0	12.0	12.7405054112	5.82210581401
390.0	13.0	12.9316077307	5.28464394505
390.0	18.0	1.90071040503	4.82092795421
400.0	12.0	13.3043414399	5.80969550442
400.0	13.0	13.5228042237	5.23905992331
400.0	18.0	2.33111155421	4.82092795421
410.0	12.0	13.8606007246	5.79251199885
410.0	13.0	14.1038983913	5.20493157195
410.0	18.0	2.76130223829	4.82092795421
420.0	12.0	14.4168600093	5.77556715307
420.0	13.0	14.6437413975	5.21519394334
420.0	18.0	3.19149292236	4.82092795421
430.0	12.0	14.9731192941	5.75862230729
430.0	13.0	15.1835844037	5.22569497453
430.0	18.0	3.61558011826	4.82498517081
440.0	18.0	4.01399057078	4.84527125378
450.0	18.0	4.41261148841	4.86555733676
460.0	18.0	4.81123240604	4.88584341973
470.0	18.0	5.20964285856	4.90612950271
480.0	18.0	5.63478238	4.95362280285
490.0	18.0	6.08644050526	5.02832332016
500.0	18.0	6.53809863052	5.10278517767
510.0	18.0	6.98954629066	5.17748569498
520.0	18.0	7.44120441592	5.25194755249
530.0	18.0	7.87497300686	5.29419033704
540.0	18.0	8.30074392363	5.32259085321
550.0	18.0	8.72672530551	5.35099136938
560.0	18.0	9.15270668739	5.37939188554
570.0	18.0	9.59636713849	5.4113722987
580.0	18.0	10.0574961937	5.44693260886
590.0	18.0	10.518835714	5.48249291902
600.0	18.0	10.9799647692	5.51805322917
610.0	18.0	11.4413042895	5.55361353933
620.0	18.0	11.8912786938	5.5805820967
630.0	18.0	12.3385170518	5.60540271587
640.0	18.0	12.7857554098	5.63046199484
650.0	18.0	13.2329937677	5.65528261401
660.0	18.0	13.6802321257	5.68010323318
670.0	18.0	14.0695925785	5.72783519312
680.0	18.0	14.4589530313	5.77556715307
680.0	24.0	15.2751367264	4.22690371272
690.0	18.0	14.8483134841	5.82329911301
690.0	24.0	14.729190232	4.29778567324
700.0	18.0	15.2376739369	5.87103107295
700.0	24.0	14.1830332726	4.36866763375
710.0	24.0	13.6370867782	4.43978825407
710.0	25.0	14.8697809253	4.68465320858
710.0	26.0	15.3479576543	3.99039185121
720.0	24.0	13.0909298187	4.51067021458
720.0	25.0	14.3185728032	4.82092795421
720.0	26.0	14.6997251167	4.13358773104
730.0	24.0	12.5887600671	4.57033516451
730.0	25.0	13.721272822	4.98440991702
730.0	26.0	14.051492579	4.27678361087
740.0	24.0	12.0863798505	4.63000011444
740.0	25.0	13.0162147048	5.21113672674
740.0	26.0	13.3946309719	4.44360681086
750.0	24.0	11.5842100989	4.68966506437
750.0	25.0	12.3355705403	5.44406869126
750.0	26.0	12.7030426217	4.70493929155
750.0	29.0	0.203730226118	5.05863311473
760.0	24.0	11.0820403473	4.7493300143
760.0	25.0	11.7119624204	5.69155890357
760.0	26.0	12.014400783	4.95958929785
760.0	29.0	0.812605788264	5.13548157023
770.0	24.0	10.5786078051	4.79992589184
770.0	25.0	11.0883543006	5.93904911587
770.0	26.0	11.3505938272	5.15218775621
770.0	29.0	1.42148135041	5.21209136594
780.0	24.0	10.0743334024	4.84431661458
780.0	25.0	10.4742171107	6.20778005035
780.0	26.0	10.6867868715	5.34502487438
780.0	29.0	2.02656854058	5.31185116222
790.0	24.0	9.57026946489	4.88870733733
790.0	25.0	9.86618340903	6.49059191301
790.0	26.0	10.025505497	5.5762862203
790.0	29.0	2.62786735878	5.43452229927
800.0	24.0	9.06620552734	4.93309806008
800.0	25.0	9.25814970732	6.77340377567
800.0	26.0	9.36696016899	5.84573313418
800.0	29.0	3.22916617698	5.55743209613
810.0	24.0	8.56487763621	4.96078259684
810.0	25.0	8.63601484326	6.97674192502
810.0	26.0	8.70841484098	6.11518004806
810.0	29.0	3.83046499518	5.68010323318
820.0	24.0	8.07070555881	4.94980424606
820.0	25.0	8.01240672344	7.17124966179
820.0	26.0	8.05534160581	6.34453211558
820.0	29.0	4.42797544141	5.71852746093
830.0	24.0	7.5763230163	4.93858723547
830.0	25.0	7.38585209209	7.35072183117
830.0	26.0	7.41047650991	6.51398057338
830.0	29.0	5.02527542253	5.75719034849
840.0	24.0	7.08194047379	4.92760888468
840.0	25.0	6.74751141459	7.47005173103
840.0	26.0	6.76540094891	6.68319037138
840.0	29.0	5.62278586876	5.79561457624
850.0	24.0	6.58755793128	4.9163918741
850.0	25.0	6.1091707371	7.58938163089
850.0	26.0	6.11822073681	6.84953625178
850.0	29.0	6.18935794387	5.75122385349
860.0	24.0	6.11022306265	4.92211970929
860.0	25.0	5.47083005961	7.70632493275
860.0	26.0	5.46577889697	7.00872233818
860.0	29.0	6.75214164701	5.69752539856
870.0	24.0	5.63267772891	4.92808620428
870.0	25.0	4.83248938211	7.81419916222
870.0	26.0	4.81333705714	7.16766976479
870.0	29.0	7.31513581525	5.64382694362
880.0	24.0	5.15534286028	4.93381403948
880.0	25.0	4.19435916973	7.92207339169
880.0	26.0	4.16510451949	7.31134296422
880.0	29.0	7.8781299835	5.59012848869
890.0	24.0	4.67800799165	4.93978053447
890.0	25.0	3.56275337574	8.02875432216
890.0	26.0	3.5269743071	7.41921719369
890.0	29.0	8.46785322067	5.55074962174
900.0	24.0	4.20046265791	4.93190476108
900.0	25.0	2.99049874267	8.12565020084
900.0	26.0	2.88884409472	7.52709142316
900.0	29.0	9.06052296938	5.51304137338
910.0	24.0	3.72270685906	4.92283568869
910.0	25.0	2.41845457471	8.22254607953
910.0	26.0	2.27091853286	7.64451204462
910.0	29.0	9.65319271808	5.47533312503
920.0	24.0	3.24516152532	4.9135279565
920.0	25.0	1.84619994164	8.31944195821
920.0	26.0	1.7338115731	7.80083421343
920.0	29.0	10.2235531652	5.44860322746
930.0	24.0	2.76761619158	4.90445888411
930.0	25.0	1.38738600265	8.54402082974
930.0	26.0	1.19670461333	7.95715638225
930.0	29.0	10.5933403628	5.52091714677
940.0	24.0	2.29007085784	4.89538981172
940.0	25.0	0.941199970245	8.78268062945
940.0	26.0	0.737680209237	8.14808422202
940.0	29.0	10.9633380255	5.59323106608
950.0	24.0	1.8169452914	4.89610579112
950.0	25.0	0.625923236026	9.05308218253
950.0	26.0	0.460076729641	8.41920175449
950.0	29.0	11.3331252231	5.6655449854
960.0	24.0	1.34550344584	4.90135630672
960.0	25.0	0.507220914198	9.37145435535
960.0	26.0	0.204572086556	8.69389918396
960.0	29.0	11.6195682373	5.78797746265
970.0	24.0	0.874272065384	4.90660682231
970.0	25.0	0.388518592369	9.68958786837
970.0	26.0	0.145431390751	8.99962238739
970.0	29.0	11.8849647406	5.92282024949
980.0	24.0	0.403040684933	4.9116186781
980.0	25.0	0.26981627054	10.0077213814
980.0	26.0	0.0860802298368	9.30558425063
980.0	29.0	12.0985868268	6.01780684977
990.0	24.0	-0.0681906955187	4.9168691937
990.0	25.0	0.151113948711	10.3260935542
990.0	26.0	0.0269395340321	9.61130745406
990.0	29.0	12.2604344961	6.07293726351
1000.0	29.0	12.4222821654	6.12806767724
1010.0	29.0	12.4397507695	6.13403417224
1020.0	29.0	12.4412240253	6.13451149183
1030.0	29.0	12.4429077462	6.13522747123
1040.0	29.0	12.4443810019	6.13570479083
1050.0	29.0	12.4458542577	6.13642077023
1060.0	29.0	12.4473275135	6.13689808983
1070.0	29.0	12.4488007692	6.13737540943
1080.0	29.0	12.450274025	6.13809138883
1090.0	29.0	12.4517472808	6.13856870843
1100.0	29.0	12.4532205365	6.13904602803
1110.0	29.0	12.4546937923	6.13976200743
1120.0	29.0	12.4561670481	6.14023932703
1130.0	29.0	12.4576403038	6.14071664663
1140.0	29.0	12.4591135596	6.14143262603
1150.0	29.0	12.4605868154	6.14190994563
1160.0	29.0	12.4622705363	6.14238726523
1170.0	29.0	12.463743792	6.14310324462
1180.0	29.0	12.4652170478	6.14358056422
1190.0	29.0	12.4666903036	6.14429654362
1200.0	29.0	12.4681635593	6.14477386322
1210.0	29.0	12.4696368151	6.14525118282
1220.0	29.0	12.4711100709	6.14596716222
1230.0	29.0	12.4725833266	6.14644448182
1240.0	29.0	12.4740565824	6.14692180142
1250.0	29.0	12.4755298382	6.14763778082
1260.0	29.0	12.4770030939	6.14811510042
1270.0	29.0	12.4784763497	6.14859242002
1280.0	29.0	12.4799496055	6.14930839942
1290.0	29.0	12.4814228612	6.14978571902
1300.0	29.0	12.4831065821	6.15050169842
1310.0	29.0	12.4845798379	6.15097901801
1320.0	29.0	12.4860530936	6.15145633761
1330.0	29.0	12.4875263494	6.15217231701
1340.0	29.0	12.4889996052	6.15264963661
1350.0	29.0	12.4904728609	6.15312695621
1360.0	29.0	12.4919461167	6.15384293561
1370.0	29.0	12.4934193725	6.15432025521
1380.0	29.0	12.4948926282	6.15479757481
1390.0	29.0	12.496365884	6.15551355421
1400.0	29.0	12.4978391398	6.15599087381
1410.0	29.0	12.4993123956	6.15646819341
1420.0	29.0	12.5007856513	6.15718417281
1430.0	29.0	12.5024693722	6.15766149241
1440.0	29.0	12.503942628	6.15837747181
1450.0	29.0	12.5054158837	6.15885479141
1460.0	29.0	12.5068891395	6.159332111
1470.0	29.0	12.5083623953	6.1600480904
1480.0	29.0	12.509835651	6.16052541
1490.0	29.0	12.5113089068	6.1610027296
1500.0	29.0	12.5127821626	6.161718709
1510.0	29.0	12.5142554183	6.1621960286
1520.0	29.0	12.5157286741	6.1626733482
1530.0	29.0	12.5172019299	6.1633893276
1540.0	29.0	12.5186751856	6.1638666472
1550.0	29.0	12.5201484414	6.1643439668
1560.0	29.0	12.5218321623	6.1650599462
1570.0	29.0	12.523305418	6.1655372658
1580.0	29.0	12.5247786738	6.1662532452
1590.0	29.0	12.5262519296	6.1667305648
1600.0	29.0	12.5277251853	6.1672078844
1610.0	29.0	12.5291984411	6.16792386379
1620.0	29.0	12.5306716969	6.16840118339
1630.0	29.0	12.5321449527	6.16887850299
1640.0	29.0	12.5336182084	6.16959448239
1650.0	29.0	12.5350914642	6.17007180199
1660.0	29.0	12.53656472	6.17054912159
1670.0	29.0	12.5380379757	6.17126510099
1680.0	29.0	12.5395112315	6.17174242059
1680.0	39.0	0.136381391037	4.95600940085
1690.0	29.0	12.5411949524	6.17221974019
1690.0	39.0	0.608244166818	4.9147212555
1700.0	29.0	12.5426682081	6.17293571959
1700.0	39.0	1.07989647749	4.87367176995
1710.0	29.0	12.5441414639	6.17341303919
1710.0	39.0	1.55260111371	4.83667950099
1720.0	29.0	12.5456147197	6.17412901859
1720.0	39.0	2.02762086613	4.80923362403
1730.0	29.0	12.5470879754	6.17460633819
1730.0	39.0	2.50264061856	4.78202640686
1740.0	29.0	12.5485612312	6.17508365779
1740.0	39.0	2.97787083609	4.75481918969
1750.0	29.0	12.550034487	6.17579963718
1750.0	39.0	3.44110454238	4.8268944492
1760.0	29.0	12.5515077427	6.17627695678
1760.0	39.0	3.90139173713	4.92379032789
1770.0	29.0	12.5529809985	6.17675427638
1770.0	39.0	4.36188939699	5.02068620657
1780.0	29.0	12.5544542543	6.17747025578
1780.0	39.0	4.81607310356	5.10397847667
1790.0	29.0	12.55592751	6.17794757538
1790.0	39.0	5.26604750794	5.17820167438
1800.0	29.0	12.5574007658	6.17842489498
1800.0	39.0	5.71602191232	5.25218621229
1810.0	29.0	12.5588740216	6.17914087438
1810.0	39.0	6.15484166589	5.2431171399
1820.0	29.0	12.5603472773	6.17961819398
1820.0	39.0	6.58882072194	5.19824909756
1830.0	29.0	12.5620309982	6.18033417338
1830.0	39.0	7.02301024309	5.15361971501
1840.0	29.0	12.563504254	6.18081149298
1840.0	39.0	7.47824627521	5.12068466265
1850.0	29.0	12.5498240219	6.16052541
1850.0	39.0	7.95494974852	5.09968260028
1860.0	29.0	12.400393794	5.95265272445
1860.0	39.0	8.43165322182	5.0784418781
1870.0	29.0	12.2511740313	5.7447800389
1870.0	39.0	8.90435785804	5.05362125893
1880.0	29.0	12.1017438035	5.53690735335
1880.0	39.0	9.3429671465	4.993956309
1890.0	29.0	12.0813286878	4.88250218254
1890.0	39.0	9.78136596985	4.93429135908
1890.0	41.0	0.0170476738797	7.6597862718
1900.0	29.0	12.0609135722	4.22809701172
1900.0	39.0	10.2197647932	4.87462640915
1900.0	41.0	0.352739523732	7.6662300864
1900.0	44.0	0.00378837197326	6.48390943861
1910.0	29.0	12.0407089217	3.57369184091
1910.0	39.0	10.6495345471	4.82092795421
1910.0	41.0	0.688220908475	7.67267390099
1910.0	44.0	0.341795338032	6.50920737738
1910.0	45.0	-0.034305812869	7.14953162002
1910.0	46.0	0.757674394652	0.119329899857
1920.0	29.0	12.058598456	2.68301346838
1920.0	39.0	11.0704647663	4.77319599427
1920.0	41.0	1.02391275833	7.67911771558
1920.0	44.0	0.679591838981	6.53426665635
1920.0	45.0	0.314434873781	7.11540326866
1920.0	46.0	0.734312767483	0.640801562231
1930.0	29.0	12.0806972925	1.76608251788
1930.0	39.0	11.4913949856	4.72546403433
1930.0	41.0	1.35960460818	7.68269761258
1930.0	44.0	1.01738833993	6.55932593532
1930.0	45.0	0.66317556043	7.0812749173
1930.0	46.0	0.710951140315	1.1622732246
1940.0	29.0	12.102796129	0.84915156738
1940.0	39.0	11.9123252048	4.67773207438
1940.0	41.0	1.69634878358	7.6624115296
1940.0	44.0	1.35518484088	6.58438521429
1940.0	45.0	1.01212671219	7.04738522574
1940.0	46.0	0.656651142032	1.65391241201
1950.0	29.0	12.1251054306	-0.0677793831186
1950.0	39.0	12.2806391466	4.76388826208
1950.0	41.0	2.03309295898	7.64188678682
1950.0	44.0	1.71150227147	6.51732181057
1950.0	45.0	1.36360344526	7.01874604977
1950.0	46.0	0.530372076256	2.07562427811
1960.0	39.0	12.6489530885	4.85004444978
1960.0	41.0	2.36983713438	7.62136204405
1960.0	44.0	2.06992435317	6.43999603547
1960.0	45.0	1.74138831704	7.03974811215
1960.0	46.0	0.404093010481	2.4970974844
1970.0	39.0	13.0172670303	4.93620063747
1970.0	41.0	2.69900456584	7.61324761086
1970.0	44.0	2.42834643486	6.36243160056
1970.0	45.0	2.11896272371	7.06075017452
1970.0	46.0	0.270658130978	2.90472842231
1980.0	39.0	13.3750577167	5.05553053733
1980.0	41.0	3.02333129977	7.61324761086
1980.0	44.0	2.78108595859	6.28009396966
1980.0	45.0	2.49653713038	7.0819908967
1980.0	46.0	0.120175577596	3.27990162746
1980.0	51.0	15.0693018492	5.54549910614
1990.0	39.0	13.7170635198	5.22474033533
1990.0	41.0	3.34744756859	7.61324761086
1990.0	44.0	3.11193711092	6.17794757538
1990.0	45.0	2.88105688566	7.04428264834
1990.0	46.0	-0.0300965106765	3.65483617281
1990.0	51.0	14.6483716299	5.45958157824
2000.0	39.0	14.059069323	5.39371147352
2000.0	41.0	3.67177430253	7.61324761086
2000.0	44.0	3.44257779814	6.07556252131
2000.0	45.0	3.2689440827	6.98151512102
2000.0	46.0	-0.180368598949	4.03000937796
2000.0	51.0	14.2274414107	5.37366405035
2010.0	39.0	14.425699544	5.27820013046
2010.0	41.0	4.00409871063	7.50585070099
2010.0	44.0	3.77700685734	6.00921509698
2010.0	45.0	3.65662081463	6.91850893389
2010.0	51.0	13.7515797978	5.3345238432
2020.0	39.0	14.7923297649	5.1626887874
2020.0	41.0	4.33726497916	7.38652080113
2020.0	44.0	4.11711847449	5.9970434472
2020.0	45.0	4.04429754656	6.85574140657
2020.0	51.0	13.1934263271	5.36578827696
2030.0	39.0	15.1589599859	5.04717744434
2030.0	41.0	4.67064171281	7.26719090127
2030.0	44.0	4.45701962654	5.98487179741
2030.0	45.0	4.39472195409	6.75264037309
2030.0	51.0	12.6392716935	5.4106563193
2040.0	41.0	5.02127658545	7.14189450642
2040.0	44.0	4.79692077859	5.97270014763
2040.0	45.0	4.74093705942	6.64476614362
2040.0	51.0	12.1204751982	5.5812980761
2050.0	41.0	5.41295215446	7.00275584319
2050.0	44.0	5.17154867372	5.90683004291
2050.0	45.0	5.08715216476	6.53689191415
2050.0	51.0	11.6018891681	5.75170117309
2060.0	41.0	5.80483818858	6.86337852016
2060.0	44.0	5.58090331194	5.78750014305
2060.0	45.0	5.47272424559	6.39966252932
2060.0	51.0	11.0915112773	5.90277282631
2070.0	41.0	6.19651375759	6.72423985693
2070.0	44.0	5.99004748505	5.66817024319
2070.0	45.0	5.86818818658	6.25503469069
2070.0	51.0	10.6004961765	6.00897643719
2080.0	41.0	6.56714281565	6.60944449326
2080.0	44.0	6.39940212327	5.54884034334
2080.0	45.0	6.26365212757	6.11040685206
2080.0	51.0	10.1092706106	6.11494138826
2090.0	41.0	6.92893233909	6.50491150099
2090.0	44.0	6.80749397084	5.39371147352
2090.0	45.0	6.64627769686	5.94406097166
2090.0	51.0	9.64098574173	6.21255324634
2100.0	41.0	7.29072186254	6.40061716852
2100.0	44.0	7.21579628351	5.23452538712
2100.0	45.0	7.01606489448	5.75599704949
2100.0	51.0	9.18764389559	6.30419860943
2110.0	41.0	7.56622069104	6.20515479255
2110.0	44.0	7.62388813108	5.07557796051
2110.0	45.0	7.3860625572	5.56793312731
2110.0	51.0	8.73430204946	6.39608263232
2120.0	41.0	7.7556392897	5.91876303289
2120.0	44.0	8.0397671877	4.97844342202
2120.0	45.0	7.74216952268	5.40397384491
2120.0	51.0	8.25023229732	6.53140273876
2130.0	41.0	7.96147416691	5.70921972875
2130.0	44.0	8.46069740695	4.92283568869
2130.0	45.0	8.04271369923	5.33571714219
2130.0	51.0	7.76616254518	6.6664841854
2140.0	41.0	8.18351485757	5.5767635399
2140.0	44.0	8.8816276262	4.86698929556
2140.0	45.0	8.35988461944	5.27342693447
2140.0	51.0	7.28209279304	6.80180429183
2150.0	41.0	8.46764275556	5.60850529327
2150.0	44.0	9.30255784545	4.81472279942
2150.0	45.0	8.82459158149	5.26340322288
2150.0	51.0	6.78139629724	6.80991872502
2160.0	41.0	8.77849972248	5.71089034734
2160.0	44.0	9.7234880647	4.76436558168
2160.0	45.0	9.28950900865	5.25337951129
2160.0	51.0	6.28048933634	6.81827181801
2170.0	41.0	9.19016947691	5.79609189584
2170.0	44.0	10.144418284	4.71424702374
2170.0	45.0	9.73337992485	5.26722177968
2170.0	51.0	5.77579400345	6.81779449841
2180.0	41.0	9.66897760131	5.87031509355
2180.0	44.0	10.5653485032	4.663889806
2180.0	45.0	10.1682008413	5.29108775965
2180.0	51.0	5.23574053215	6.73808212531
2190.0	41.0	10.1479961908	5.94429963146
2190.0	44.0	10.9635484906	4.62284032045
2190.0	45.0	10.6032322229	5.31495373962
2190.0	51.0	4.69547659575	6.65860841201
2200.0	41.0	10.611019432	5.93857179627
2200.0	44.0	11.3560659201	4.5841774329
2200.0	45.0	11.0559426737	5.32211353361
2200.0	51.0	4.1499510316	6.57340686351
2210.0	41.0	11.0668868594	5.89895426952
2210.0	44.0	11.7485833495	4.54551454534
2210.0	45.0	11.5164403336	5.32211353361
2210.0	51.0	3.55601849223	6.43689345807
2220.0	41.0	11.522964752	5.85909808297
2220.0	44.0	12.1427844998	4.50804495679
2220.0	45.0	11.9767275284	5.32211353361
2220.0	51.0	2.96229641798	6.30061871244
2230.0	41.0	11.9409484597	5.86243932016
2230.0	44.0	12.5525600683	4.48298567782
2230.0	45.0	12.4311217	5.32211353361
2230.0	51.0	2.37825573877	6.15742283261
2240.0	41.0	12.342726354	5.88415736194
2240.0	44.0	12.9623356367	4.45792639885
2240.0	45.0	12.8792019184	5.32211353361
2240.0	51.0	1.8169452914	5.9982367462
2250.0	41.0	12.7447147134	5.90563674391
2250.0	44.0	13.3723216703	4.43286711988
2250.0	45.0	13.3272821368	5.32211353361
2250.0	51.0	1.25584530914	5.83928931959
2260.0	41.0	13.1563844678	5.90826200171
2260.0	44.0	13.7709425879	4.4152062947
2260.0	45.0	13.757683286	5.30707796623
2260.0	51.0	0.703584861478	5.71089034734
2270.0	41.0	13.5832077101	5.88153210414
2270.0	44.0	14.1432553668	4.4152062947
2270.0	45.0	14.1619867616	5.26936971787
2270.0	51.0	0.152376739369	5.58583261229
2280.0	41.0	14.0100309524	5.85504086637
2280.0	44.0	14.5155681458	4.4152062947
2280.0	45.0	14.5665007023	5.23166146952
2290.0	41.0	14.4366437297	5.8285496286
2290.0	44.0	14.8878809247	4.4152062947
2290.0	45.0	14.9708041779	5.19395322116
2300.0	41.0	14.8948262733	5.80969550442
2300.0	44.0	15.2604041687	4.4152062947
2310.0	41.0	15.3610064911	5.79251199885
2490.0	54.0	0.347267430882	4.51854598797
2500.0	54.0	1.05758717587	4.53859341115
2510.0	54.0	1.76790692085	4.55840217453
2520.0	54.0	2.43865922523	4.59324650529
2530.0	54.0	3.10962199472	4.62809083604
2540.0	54.0	3.78037429909	4.662696507
2550.0	54.0	4.45133706858	4.69754083776
2560.0	54.0	5.12608821004	4.73023723032
2570.0	54.0	5.81641376961	4.75410321029
2580.0	54.0	6.50673932918	4.77796919026
2590.0	54.0	7.19706488875	4.80183517023
2600.0	54.0	7.88739044833	4.82570115021
2610.0	54.0	8.57582182191	4.83763414019
2620.0	54.0	9.25646598644	4.80207383003
2630.0	54.0	9.93711015097	4.76651351988
2640.0	54.0	10.6177543155	4.73095320972
2650.0	54.0	11.29839848	4.69539289956
2660.0	54.0	11.9727286913	4.663889806
2670.0	54.0	12.6405344841	4.63644392903
2680.0	54.0	13.308340277	4.60899805207
2690.0	54.0	13.9761460698	4.5813135153
2700.0	54.0	14.6439518626	4.55386763833
2710.0	54.0	15.3117576555	4.52618310157
2980.0	61.0	15.028682083	5.4159068349
2980.0	62.0	14.7565506963	4.51067021458
2990.0	61.0	14.4128611723	5.39824600972
2990.0	62.0	14.1312588556	4.51067021458
3000.0	61.0	13.7972507266	5.38034652474
3000.0	62.0	13.5057565498	4.51067021458
3010.0	61.0	13.1751158626	5.35648054477
3010.0	62.0	12.8804647091	4.51067021458
3020.0	61.0	12.5437205337	5.32354549241
3020.0	62.0	12.3256786801	4.50518103919
3030.0	61.0	11.9123252048	5.29037178025
3030.0	62.0	11.770682186	4.4999305236
3040.0	61.0	11.2809298759	5.25719806809
3040.0	62.0	11.2158961571	4.4944413482
3050.0	61.0	10.6754217555	5.22116043833
3050.0	62.0	10.6611101281	4.48895217281
3050.0	64.0	-0.14038022812	5.28631456365
3060.0	61.0	10.0764380535	5.18440682918
3060.0	62.0	10.134947354	4.47367794563
3060.0	64.0	0.315697664438	5.19681713876
3070.0	61.0	9.47240318892	5.15815425121
3070.0	62.0	9.62772643982	4.45219856365
3070.0	64.0	0.771775556997	5.10731971387
3080.0	61.0	8.84795320866	5.17414445779
3080.0	62.0	9.08598924764	4.43907227467
3080.0	64.0	1.22953717043	5.01376507238
3090.0	61.0	8.2235032284	5.19013466437
3090.0	62.0	8.49163577806	4.43907227467
3090.0	64.0	1.69424413249	4.90445888411
3100.0	61.0	7.61189161983	5.21758054134
3100.0	62.0	7.91559277302	4.44456145006
3100.0	64.0	2.15895109454	4.79515269584
3110.0	61.0	7.05058117246	5.29084909985
3110.0	62.0	7.34733697703	4.45267588325
3110.0	64.0	2.56367550035	4.72379341573
3120.0	61.0	6.48927072508	5.36435631816
3120.0	62.0	6.77908118104	4.46055165664
3120.0	64.0	2.95345688338	4.6617418678
3130.0	61.0	5.92817074282	5.43786353647
3130.0	62.0	6.23145096579	4.56317537052
3130.0	64.0	3.33902896421	4.60303155707
3140.0	61.0	5.37296378363	5.4953805482
3140.0	62.0	5.69266028515	4.70637125035
3140.0	64.0	3.68671732531	4.57200578311
3150.0	61.0	4.83164752167	5.51566663118
3150.0	62.0	5.15218588363	4.84002073819
3150.0	64.0	4.03461615152	4.54074134935
3160.0	61.0	4.29054172483	5.53619137395
3160.0	62.0	4.60497659861	4.93548465807
3160.0	64.0	4.47617195152	4.53453619456
3170.0	61.0	3.74922546287	5.55671611673
3170.0	62.0	4.04492894189	4.9982521854
3170.0	64.0	4.9415103089	4.53453619456
3180.0	61.0	3.19717548032	5.52020116737
3180.0	62.0	3.43352779843	4.92999548268
3180.0	64.0	5.51208122109	4.63477331044
3190.0	61.0	2.64238945135	5.46960528983
3190.0	62.0	2.82444177117	4.86293207896
3190.0	64.0	6.09443817943	4.7462274369
3200.0	61.0	2.08739295727	5.41900941229
3200.0	62.0	2.23513946422	4.80565372703
3200.0	64.0	6.67658467265	4.85744290357
3210.0	61.0	1.5437615791	5.4147135359
3210.0	62.0	1.64583715727	4.7483753751
3210.0	64.0	7.21705907417	4.9142439359
3220.0	61.0	1.01149531686	5.45695632045
3220.0	62.0	1.07989647749	4.74193156051
3220.0	64.0	7.75269277817	4.96483981344
3230.0	61.0	0.479018589508	5.4989604452
3230.0	62.0	0.529319750708	4.76961609727
3230.0	64.0	8.28853694727	5.01543569098
3240.0	61.0	-0.0532476727353	5.54120322975
3240.0	62.0	-0.0210465109626	4.79706197424
3240.0	64.0	8.84184972048	5.03572177395
3250.0	64.0	9.40715900493	5.03572177395
3260.0	64.0	9.97246828939	5.03572177395
3260.0	70.0	-0.158269762438	3.89755318912
3270.0	64.0	10.5386194343	5.03238053676
3270.0	70.0	0.34263719847	3.93860267467
3280.0	64.0	11.1131891836	5.0001614638
3280.0	70.0	0.843333694269	3.97989082002
3290.0	64.0	11.6875484677	4.96794239084
3290.0	70.0	1.34403019007	4.02094030557
3300.0	64.0	12.262118217	4.93572331787
3300.0	70.0	1.84788366251	4.0834691731
3310.0	64.0	12.8295321526	4.93333671988
3310.0	70.0	2.35299992561	4.15506711301
3320.0	64.0	13.3860019024	4.97581816423
3320.0	70.0	2.85811618871	4.22666505293
3330.0	64.0	13.9426821174	5.01829960857
3330.0	70.0	3.37985919548	4.26174804348
3340.0	64.0	14.4991518672	5.06054239312
3340.0	70.0	3.90896848107	4.28107948726
3350.0	64.0	15.0558320822	5.10302383747
3350.0	70.0	4.43786730156	4.30041093104
3360.0	70.0	4.96697658716	4.31974237481
3370.0	70.0	5.49608587276	4.40828516051
3380.0	70.0	6.02540562347	4.497066606
3390.0	70.0	6.55451490907	4.58560939169
3400.0	70.0	7.0800462878	4.69205166237
3410.0	70.0	7.60199975967	4.81615475822
3420.0	70.0	8.12395323155	4.94025785407
3430.0	70.0	8.68526367892	4.93142744148
3440.0	70.0	9.24636366118	4.92259702889
3450.0	70.0	9.80641131789	4.9142439359
3460.0	70.0	10.3635124631	4.90732280171
3470.0	70.0	10.9206136082	4.90016300772
3480.0	70.0	11.4777147534	4.89324187352
3490.0	70.0	12.0672275255	4.86006816136
3500.0	70.0	12.6605286695	4.82379187181
3510.0	70.0	13.2536193484	4.78775424205
3520.0	70.0	13.8380809579	4.78847022145
3530.0	70.0	14.4168600093	4.81400682002
3540.0	70.0	14.9956390608	4.83978207839
4300.0	82.0	15.232201844	5.0013547628
4310.0	82.0	14.7333995342	5.05433723833
4320.0	82.0	14.2343867593	5.10731971387
4330.0	82.0	13.7347425891	5.1657913648
4340.0	82.0	13.2266798144	5.27271095507
4350.0	82.0	12.7186170398	5.37963054534
4360.0	82.0	12.2097124047	5.48440219742
4370.0	82.0	11.697650793	5.5798661173
4380.0	82.0	11.1855891813	5.67533003719
4390.0	82.0	10.6891019877	5.76506612188
4400.0	82.0	10.2549124665	5.8321295256
4410.0	82.0	9.82093341046	5.89943158912
4420.0	82.0	9.3867438893	5.96649499284
4430.0	82.0	8.98917529722	6.12568107925
4440.0	82.0	8.59160670513	6.28462850585
4450.0	82.0	8.19403811305	6.44381459226
4460.0	82.0	7.79878463717	6.5788960389
4470.0	82.0	7.40689860305	6.67746253618
4480.0	82.0	7.01501256893	6.77626769326
4490.0	82.0	6.65701141746	6.89010841773
4500.0	82.0	6.33268468352	7.01922336937
4500.0	85.0	0.0601930213529	9.825862614
4510.0	82.0	6.0085684147	7.14809966122
4510.0	85.0	0.120175577596	9.72371621973
4520.0	82.0	5.68424168077	7.27721461286
4520.0	85.0	0.180368598949	9.62133116565
4530.0	82.0	5.35970448172	7.38485018253
4530.0	85.0	0.240561620302	9.51918477137
4540.0	82.0	5.03495681757	7.48699657681
4540.0	85.0	0.302438362532	9.4101172429
4550.0	82.0	4.71020915342	7.58938163089
4550.0	85.0	0.379889522874	9.24043012531
4560.0	82.0	4.39009172168	7.68412957137
4560.0	85.0	0.457551148326	9.07098166751
4570.0	82.0	4.08049754542	7.76145534648
4570.0	85.0	0.535002308668	8.90129454991
4580.0	82.0	3.77111383427	7.83854246179
4580.0	85.0	0.603403469296	8.71370794734
4590.0	82.0	3.46151965801	7.9158682369
4590.0	85.0	0.650126723633	8.48387856021
4600.0	82.0	3.18812548061	7.92350535049
4600.0	85.0	0.69684997797	8.25404917309
4610.0	82.0	2.91873014029	7.92350535049
4610.0	85.0	0.684011606283	8.05930277652
4620.0	82.0	2.65838479968	7.93161978368
4620.0	85.0	0.631395328877	7.88770638053
4630.0	82.0	2.41193015631	7.95214452645
4630.0	85.0	0.57877905147	7.71610998454
4640.0	82.0	2.16547551294	7.97266926923
4640.0	85.0	0.463023241176	7.56121977452
4650.0	82.0	1.91881040446	7.9929553522
4650.0	85.0	0.252558131551	7.43091152388
4660.0	82.0	1.57848832219	8.02111720857
4660.0	85.0	0.0420930219251	7.30084193303
4670.0	82.0	1.22764298445	8.04999504433
4680.0	82.0	0.87700811181	8.0791115399
4690.0	82.0	0.560889517152	8.22135278053
4700.0	82.0	0.268132549663	8.43924917767
4710.0	82.0	-0.0246244178262	8.65714557481
4780.0	87.0	15.1543297535	5.39204085493
4790.0	87.0	14.5153576807	5.40898570071
4800.0	87.0	13.8763856078	5.42616920628
4810.0	87.0	13.2388867908	5.44764858826
4820.0	87.0	12.6129635547	5.51041611558
4830.0	87.0	11.9870403187	5.57342230271
4840.0	87.0	11.3613275478	5.63618983003
4850.0	87.0	10.7503473346	5.67819395478
4860.0	87.0	10.1743043295	5.67198879999
4860.0	88.0	0.287705804858	4.14074752503
4870.0	87.0	9.59826132447	5.6655449854
4870.0	88.0	0.694534861764	4.06914958511
4870.0	89.0	0.248348829358	5.45337642345
4870.0	91.0	-0.183315110484	6.57340686351
4880.0	87.0	9.02221831943	5.65933983061
4880.0	88.0	1.10136391867	3.9975516452
4880.0	89.0	0.725473232879	5.49323261
4880.0	91.0	0.380310453093	6.60753521487
4890.0	87.0	8.44133461686	5.66912488239
4890.0	88.0	1.50103716185	3.97464030443
4890.0	89.0	1.20238717129	5.53285013676
4890.0	91.0	0.94414648178	6.64166356623
4900.0	87.0	7.85539975166	5.69490014076
4900.0	88.0	1.8935545913	4.0004155628
4900.0	89.0	1.66477901714	5.55838673533
4900.0	91.0	1.50777204536	6.67555325778
4910.0	87.0	7.26967535158	5.72067539913
4910.0	88.0	2.28607202075	4.02619082117
4910.0	89.0	2.0924441199	5.55074962174
4910.0	91.0	2.07897435288	6.71970532073
4920.0	87.0	6.68374048638	5.7464506575
4920.0	88.0	2.6785894502	4.05196607953
4920.0	89.0	2.52010922266	5.54311250814
4920.0	91.0	2.65186038128	6.76600532188
4930.0	87.0	6.11274864396	5.73571096651
4930.0	88.0	3.13593013342	4.05721659513
4930.0	89.0	2.94482781388	5.51304137338
4930.0	91.0	3.22474640968	6.81230532302
4940.0	87.0	5.54575563863	5.71590220314
4940.0	88.0	3.60947663008	4.05721659513
4940.0	89.0	3.35691849853	5.39371147352
4940.0	91.0	3.79784290319	6.84810429298
4950.0	87.0	4.9787626333	5.69609343976
4950.0	88.0	4.08302312674	4.05721659513
4950.0	89.0	3.76900918317	5.27438157367
4950.0	91.0	4.37199172225	6.84094449899
4960.0	87.0	4.40777079089	5.68917230557
4960.0	88.0	4.53994287973	4.04027174935
4960.0	89.0	4.1434266132	5.1614954884
4960.0	91.0	4.9459300762	6.8335460452
4970.0	87.0	3.82183592569	5.73427900772
4970.0	88.0	4.98549751681	4.01234855278
4970.0	89.0	4.53447078688	5.10493311587
4970.0	91.0	5.51986843015	6.8263862512
4980.0	87.0	3.2361115256	5.77938570986
4980.0	88.0	5.431262619	3.98418669642
4980.0	89.0	4.98697077258	5.17653105578
4980.0	91.0	6.1245346901	6.7481058369
4990.0	87.0	2.6501766604	5.82449241201
4990.0	88.0	5.88797190688	3.97082174763
4990.0	89.0	5.47609168735	5.24049188211
4990.0	91.0	6.73256839181	6.6619496492
5000.0	87.0	2.05729644659	5.81136612302
5000.0	88.0	6.38845793757	4.01592844978
5000.0	89.0	6.05087190173	5.28631456365
5000.0	91.0	7.34060209352	6.5757934615
5010.0	87.0	1.45747088416	5.73976818311
5010.0	88.0	6.88894396826	4.06103515192
5010.0	89.0	6.62565211612	5.3321372452
5010.0	91.0	7.93032533069	6.47030583003
5020.0	87.0	0.857645321724	5.66817024319
5020.0	88.0	7.38964046406	4.10614185407
5020.0	89.0	7.1587602388	5.328796008
5020.0	91.0	8.47753461572	6.32042747581
5030.0	87.0	0.257819759291	5.59657230328
5030.0	88.0	7.88991602964	4.10494855507
5030.0	89.0	7.67397882717	5.30397538883
5030.0	91.0	9.02474390074	6.17031046179
5040.0	87.0	-0.342005803141	5.52497436337
5040.0	88.0	8.389770665	4.05721659513
5040.0	89.0	8.18919741553	5.27939342946
5040.0	91.0	9.57195318577	6.02043210757
5050.0	88.0	8.88962530036	4.00948463519
5050.0	89.0	8.66569042372	5.2495609545
5050.0	91.0	10.1326322378	5.79943313304
5060.0	88.0	9.38947993572	3.96175267524
5060.0	89.0	9.13229157176	5.21829652073
5060.0	91.0	10.6966787316	5.56077333332
5070.0	88.0	9.89480666393	3.92643102489
5070.0	89.0	9.60015551046	5.19204394277
5070.0	91.0	11.2609356905	5.33714910099
5080.0	88.0	10.4060264152	3.90375834391
5080.0	89.0	10.0688613096	5.17032590099
5080.0	91.0	11.8258240447	5.14884651902
5090.0	88.0	10.9170357014	3.88108566294
5090.0	89.0	10.5417764109	5.15505167381
5090.0	91.0	12.4264914676	5.00493465979
5100.0	88.0	11.4282554527	3.85841298197
5100.0	89.0	11.0245833724	5.15505167381
5100.0	91.0	13.0804065632	4.92832486408
5110.0	88.0	11.9310565996	3.84051349699
5110.0	89.0	11.5073903339	5.15505167381
5110.0	91.0	13.7343216588	4.85171506837
5120.0	88.0	12.4144949564	3.8340696824
5120.0	89.0	11.9904077605	5.15505167381
5120.0	91.0	14.3615076855	4.88870733733
5130.0	88.0	12.8981437783	3.8276258678
5130.0	89.0	12.5058368139	5.19085064377
5130.0	91.0	14.9708041779	5.00183208239
5140.0	88.0	13.3815821351	3.82118205321
5140.0	89.0	13.0250542394	5.23070683032
5150.0	88.0	13.8723867707	3.81402225922
5150.0	89.0	13.5440611997	5.27032435707
5160.0	88.0	14.3680321039	3.80614648583
5160.0	89.0	14.0138193244	5.29967951244
5170.0	88.0	14.8636774371	3.79850937224
5170.0	89.0	14.4781053562	5.3278413688
5180.0	88.0	15.3591123051	3.79087225865
5180.0	89.0	14.9423913881	5.35576456537
5190.0	89.0	15.4066774199	5.38392642174
5200.0	97.0	0.344952314676	5.36053776136
5200.0	98.0	0.347898826211	4.59014392789
5210.0	97.0	0.839124392077	5.27748415106
5210.0	98.0	0.797031370152	4.55052640114
5220.0	97.0	1.33287553926	5.19633981916
5220.0	98.0	1.24595344898	4.51067021458
5230.0	97.0	1.82410110512	5.13285631244
5230.0	98.0	1.72244645718	4.46365423404
5240.0	97.0	2.31511620588	5.06913414591
5240.0	98.0	2.23998016174	4.40542124291
5250.0	97.0	2.81223479482	5.01400373218
5250.0	98.0	2.75772433142	4.34742691158
5260.0	97.0	3.36470570758	5.03643775335
5260.0	98.0	3.27525803599	4.28943258025
5270.0	97.0	3.91717662035	5.05887177453
5270.0	98.0	3.81004987955	4.2469511359
5280.0	97.0	4.46964753312	5.0813057957
5280.0	98.0	4.35199753684	4.21115216594
5290.0	97.0	5.01285798106	5.05743981573
5290.0	98.0	4.89394519412	4.17535319599
5300.0	97.0	5.55501610346	5.02856197996
5300.0	98.0	5.43589285141	4.13955422603
5310.0	97.0	6.09717422585	4.9994454844
5310.0	98.0	5.97257888095	4.12427999885
5320.0	97.0	6.65427537103	4.96818105063
5320.0	98.0	6.50737072451	4.11783618426
5330.0	97.0	7.22126837636	4.93500733847
5330.0	98.0	7.04195210296	4.11139236966
5340.0	97.0	7.7884718468	4.90183362631
5340.0	98.0	7.57674394652	4.10494855507
5350.0	97.0	8.35546485213	4.86865991415
5350.0	98.0	8.1361602079	4.14886195822
5360.0	97.0	8.940768322	4.90589084291
5360.0	98.0	8.69557646929	4.19277536137
5370.0	97.0	9.52628225698	4.94312177166
5370.0	98.0	9.25499273067	4.23692742431
5380.0	97.0	10.1115857268	4.98059136022
5380.0	98.0	9.81251480607	4.27081711587
5390.0	97.0	10.6958368712	4.95457744205
5390.0	98.0	10.3628810677	4.26461196108
5400.0	97.0	11.2798775504	4.9128119771
5400.0	98.0	10.9134577945	4.25864546609
5410.0	97.0	11.8639182296	4.87104651215
5410.0	98.0	11.4638240562	4.25244031129
5410.0	100.0	0.122911624021	9.00415692359
5420.0	97.0	12.4479589088	4.8292810472
5420.0	98.0	12.0194519456	4.23955268211
5420.0	100.0	0.392306964342	8.70821877194
5430.0	97.0	13.0063228446	4.79968723204
5430.0	98.0	12.5870763463	4.21043618654
5430.0	100.0	0.661702304663	8.4122806203
5440.0	97.0	13.5581623621	4.77319599427
5440.0	98.0	13.1547007469	4.18155835078
5440.0	100.0	1.0298057814	8.15572133561
5450.0	97.0	14.1100018795	4.7467047565
5450.0	98.0	13.7223251476	4.15268051501
5450.0	100.0	1.42274414107	7.9091857625
5460.0	97.0	14.661841397	4.72021351873
5460.0	98.0	14.2947902458	4.12404133905
5460.0	100.0	1.81568250074	7.6626501894
5470.0	97.0	15.2138913795	4.69372228096
5470.0	98.0	14.8672553439	4.09540216308
5470.0	100.0	2.20546388377	7.497497608
5480.0	98.0	15.4397204421	4.06676298712
5480.0	100.0	2.59440340635	7.35286976937
5490.0	100.0	2.98355339405	7.20824193075
5500.0	100.0	3.38554175344	7.0779336801
5510.0	100.0	3.80036848451	6.96194501744
5520.0	100.0	4.21540568069	6.84619501458
5530.0	100.0	4.63023241176	6.73020635192
5540.0	100.0	4.93582775094	6.65311923661
5550.0	100.0	5.241212625	6.5762707811
5560.0	100.0	5.54680796418	6.4991836658
5570.0	100.0	5.85029865226	6.46004345864
5580.0	100.0	6.15357887523	6.42496046809
5590.0	100.0	6.4568590982	6.38987747753
5600.0	100.0	6.79191955273	6.35861304377
5610.0	100.0	7.1587602388	6.3314058266
5620.0	100.0	7.52560092488	6.30395994963
5630.0	100.0	7.89244161096	6.27675273246
5630.0	103.0	14.3333053608	12.013656998
5640.0	100.0	8.30726834203	6.23594190671
5640.0	103.0	14.2825832694	11.6186750294
5650.0	100.0	8.72230553821	6.19489242116
5650.0	103.0	14.231861178	11.2236930609
5660.0	100.0	9.13713226928	6.15408159541
5660.0	103.0	14.1678797847	10.8430306804
5670.0	100.0	9.56563923248	6.11374808926
5670.0	103.0	14.0906390894	10.4771652074
5680.0	100.0	10.0076159627	6.07389190271
5680.0	103.0	14.0133983942	10.1112997345
5690.0	100.0	10.4495926929	6.03403571616
5690.0	103.0	13.895958863	9.76619766407
5700.0	100.0	10.9267170964	5.9944181894
5700.0	103.0	13.7381100308	9.44233631586
5710.0	100.0	11.4387787081	5.95456200285
5710.0	103.0	13.5802611986	9.11847496765
5720.0	100.0	11.9508403199	5.9147058163
5720.0	103.0	13.4203077153	8.78554454705
5730.0	100.0	12.4862635588	5.85814344377
5730.0	103.0	13.2593019064	8.44855690986
5740.0	100.0	13.0448379597	5.78463622545
5740.0	103.0	13.0982960975	8.11156927266
5750.0	100.0	13.6034123606	5.71136766694
5750.0	103.0	12.8756240116	7.80178885263
5760.0	100.0	14.1097914144	5.71136766694
5760.0	103.0	12.5089937906	7.55549193933
5770.0	100.0	14.6106983753	5.71972075993
5770.0	103.0	12.1425740347	7.30919502602
5780.0	100.0	15.1113948711	5.72783519312
5780.0	103.0	11.8161426497	7.0810362575
5790.0	103.0	11.651558934	6.92519140829
5800.0	103.0	11.4867647531	6.76958521887
5810.0	103.0	11.7018600952	6.64667542202
5820.0	103.0	11.9754647377	6.52519758397
5830.0	103.0	12.3963949569	6.38367232274
5840.0	103.0	12.8173251762	6.2423857213
5850.0	103.0	13.2513042322	6.12973829584
5860.0	103.0	13.7050670086	6.06100427352
5870.0	103.0	14.1586193198	5.99203159141
5880.0	103.0	14.6123820962	5.92305890929
5890.0	103.0	15.0659344074	5.85408622717
6020.0	106.0	14.9777495265	4.44217485207
