0.0	2.0	12.375348446	7.92350535049
0.0	3.0	9.3867438893	7.06433007152
0.0	5.0	5.76674400374	7.18365997137
0.0	9.0	7.02953466149	5.17891765378
10.0	2.0	12.2187624044	7.78890122345
10.0	3.0	9.80767410855	6.8256702718
10.0	5.0	5.30245797191	7.23282389012
10.0	9.0	7.45572650848	5.17891765378
20.0	2.0	12.062386828	7.65429709641
20.0	3.0	10.2286043278	6.58701047209
20.0	5.0	4.83817194007	7.28198780886
20.0	9.0	7.88191835548	5.17891765378
30.0	2.0	11.9058007864	7.51969296937
30.0	3.0	10.653322919	6.35694242517
30.0	5.0	4.37388590824	7.3311517276
30.0	9.0	8.30811020247	5.17891765378
40.0	2.0	11.7277473037	7.38938471873
40.0	3.0	11.0818298822	6.13522747123
40.0	5.0	3.90412778355	7.28938626265
40.0	9.0	8.73430204946	5.17891765378
50.0	2.0	11.3554345247	7.29750069584
50.0	3.0	11.5101263803	5.9137511771
50.0	5.0	3.4305812869	7.18700120857
50.0	9.0	9.20658575546	5.17891765378
60.0	2.0	10.9831217458	7.20561667295
60.0	3.0	11.9786217143	5.73785890471
60.0	5.0	2.95703479024	7.08485481429
60.0	9.0	9.67886946146	5.17891765378
70.0	2.0	10.5443019922	7.1645671874
70.0	3.0	12.4643751874	5.5817753957
70.0	5.0	2.46496736393	6.98795893561
70.0	9.0	10.1511531675	5.17891765378
80.0	2.0	10.0391857291	7.17411357939
80.0	3.0	12.9427623815	5.42115735049
80.0	5.0	1.96826970522	6.89249501572
80.0	9.0	10.6234368735	5.17891765378
90.0	2.0	9.53406946604	7.18365997137
90.0	3.0	13.3559053917	5.21781920114
90.0	5.0	1.4780964649	6.81540790042
90.0	9.0	11.0576263946	5.17891765378
100.0	2.0	9.06767878311	7.20943522974
100.0	3.0	13.7690484019	5.01448105178
100.0	5.0	1.00307671248	6.78127954906
100.0	9.0	11.4878170787	5.17891765378
110.0	2.0	8.60128810018	7.23521048811
110.0	3.0	14.2021855975	4.84288465579
110.0	5.0	0.52805696005	6.7471511977
110.0	9.0	11.9177972977	5.17891765378
110.0	10.0	14.9884832471	6.01494293218
120.0	2.0	8.13468695214	7.26098574648
120.0	3.0	14.6652088387	4.71878155993
120.0	5.0	0.052826742516	6.71326150614
120.0	9.0	12.3479879817	5.17891765378
120.0	10.0	14.5082018669	6.09704190328
130.0	2.0	7.66534975767	7.28413574705
130.0	3.0	15.1282320799	4.59467846408
130.0	9.0	12.763235643	5.19156662317
130.0	10.0	14.0281309519	6.17914087438
140.0	2.0	7.18948814481	7.30131925263
140.0	9.0	13.1437565612	5.23357074792
140.0	10.0	13.54448213	6.25789860829
150.0	2.0	6.71341606684	7.31826409841
150.0	9.0	13.5244879445	5.27581353247
150.0	10.0	13.0294740067	6.30825582603
160.0	2.0	6.23734398886	7.33544760399
160.0	9.0	13.9052193278	5.31781765722
160.0	10.0	12.5144658834	6.35837438397
170.0	2.0	5.76085098067	7.34952853218
170.0	9.0	14.2859507112	5.36006044176
170.0	10.0	11.9992472951	6.40873160171
180.0	2.0	5.2805696005	7.33735688239
180.0	9.0	14.6666820945	5.40206456651
180.0	10.0	11.488448474	6.46935119083
190.0	2.0	4.80028822034	7.32494657281
190.0	9.0	15.0474134778	5.44430735106
190.0	10.0	10.987331048	6.55455273933
200.0	2.0	4.32000684017	7.31277492302
200.0	9.0	15.427934396	5.48631147581
200.0	10.0	10.486213622	6.63975428783
210.0	2.0	3.83909406468	7.29392079884
210.0	10.0	9.98509619596	6.72519449613
220.0	2.0	3.35544524276	7.2488140967
220.0	10.0	9.4894508628	6.81660119942
230.0	2.0	2.87200688595	7.20370739455
230.0	10.0	9.0434752955	6.96433161544
240.0	2.0	2.38856852914	7.1586006924
240.0	10.0	8.5974997282	7.11206203146
250.0	2.0	1.9089185443	7.10991409326
250.0	10.0	8.15152416091	7.25979244748
260.0	2.0	1.43305693144	7.05812491673
260.0	10.0	7.70554859361	7.40752286351
270.0	2.0	0.957195318577	7.00633574019
270.0	10.0	7.25368000324	7.497497608
280.0	2.0	0.481333705714	6.95430790385
280.0	10.0	6.80118001755	7.5810285379
290.0	2.0	0.00547209285026	6.90251872731
290.0	10.0	6.34868003185	7.6645594678
300.0	10.0	5.89618004616	7.7480903977
310.0	10.0	5.44620564178	7.76121668668
320.0	10.0	4.99665216762	7.76670586207
320.0	16.0	15.0158437113	4.40565990271
330.0	10.0	4.54709869346	7.77219503747
330.0	16.0	14.4324344275	4.35792794277
340.0	10.0	4.09733475419	7.77768421286
340.0	16.0	13.8492356087	4.31019598282
350.0	10.0	3.64462430339	7.81730173961
350.0	16.0	13.2658263248	4.26246402288
360.0	10.0	3.18854641083	7.89104761773
360.0	16.0	12.6689472739	4.30685474563
370.0	10.0	2.73246851827	7.96503215564
370.0	16.0	12.0659647348	4.39062433533
380.0	10.0	2.27660109082	8.03877803375
380.0	16.0	11.4629821958	4.47463258483
390.0	10.0	1.85314529025	8.14235638682
390.0	16.0	10.8599996567	4.55840217453
400.0	10.0	1.50587785937	8.31538474162
400.0	16.0	10.2917438607	4.77319599427
410.0	10.0	1.15861042849	8.48841309641
410.0	16.0	9.7234880647	4.98798981401
420.0	10.0	0.811342997606	8.6614414512
420.0	16.0	9.15523226871	5.20278363375
430.0	10.0	0.52847789027	8.85260795077
430.0	16.0	8.58697647272	5.4175774535
440.0	10.0	0.395674406096	9.08625589469
440.0	16.0	8.07512532611	5.63690580943
450.0	10.0	0.263081387032	9.31966517881
450.0	16.0	7.56306371439	5.85623416537
450.0	19.0	15.4100448617	4.22618773333
460.0	10.0	0.130488367968	9.55307446293
460.0	16.0	7.05121256778	6.07556252131
460.0	19.0	14.7161413952	4.1617495874
470.0	10.0	-0.00231511620588	9.78672240685
470.0	16.0	6.55114746731	6.29536819684
470.0	19.0	14.0220274637	4.09731144148
480.0	16.0	6.07886376131	6.51660583118
480.0	19.0	13.3281239973	4.03263463576
490.0	16.0	5.60658005531	6.73784346551
490.0	19.0	12.6342205308	3.96819648984
500.0	16.0	5.13429634931	6.95908109984
500.0	19.0	11.9775693888	3.90447432331
510.0	16.0	4.66053938755	7.16695378539
510.0	19.0	11.3251275489	3.84075215679
520.0	16.0	4.18088940271	7.32232131501
520.0	19.0	10.6726857091	3.77726865006
530.0	16.0	3.70123941787	7.47792750442
530.0	19.0	10.0556020077	3.69612431816
540.0	16.0	3.22158943304	7.63329503403
540.0	19.0	9.44251714335	3.61307070786
550.0	16.0	2.7419394482	7.78866256365
550.0	19.0	8.80796483783	3.62762895564
560.0	16.0	2.33763597261	7.98818215621
560.0	19.0	8.15910090485	3.70710266895
570.0	16.0	1.94175110141	8.19295226436
570.0	19.0	7.51234162297	3.79755473304
580.0	16.0	1.5458662302	8.39748371272
580.0	19.0	6.87421141059	3.93192020028
590.0	16.0	1.14998135899	8.60201516107
590.0	19.0	6.23629166331	4.06604700772
600.0	16.0	0.866484856328	8.81060382602
600.0	19.0	5.59837191604	4.20041247496
610.0	16.0	0.630974398657	9.02086310957
610.0	19.0	4.94782426219	4.22929031072
620.0	16.0	0.395463940986	9.23112239312
620.0	19.0	4.29727660833	4.25816814649
630.0	16.0	0.159953483315	9.44138167666
630.0	19.0	3.64672895448	4.28728464205
640.0	16.0	-0.0757674394652	9.65140230041
640.0	19.0	2.9976545564	4.27773825006
650.0	19.0	2.34921155364	4.25196299169
660.0	19.0	1.70076855088	4.22618773333
670.0	19.0	1.05232554813	4.20041247496
680.0	19.0	0.452499985695	4.15268051501
680.0	23.0	15.2692437033	3.75387998969
690.0	19.0	-0.147325576738	4.10494855507
690.0	23.0	14.7430809293	3.81044236222
700.0	23.0	14.2169181552	3.86700473476
710.0	23.0	13.6907553811	3.92332844749
720.0	23.0	13.1645926071	3.97989082002
730.0	23.0	12.6289589031	4.02857741916
740.0	23.0	12.0922728735	4.07630937911
740.0	27.0	14.8649402277	4.77773053046
750.0	23.0	11.555586844	4.12404133905
750.0	27.0	14.3015251293	4.90875476051
750.0	29.0	0.203730226118	5.05863311473
760.0	23.0	11.0189008144	4.17177329899
760.0	27.0	13.7378995657	5.03954033075
760.0	29.0	0.812605788264	5.13548157023
770.0	23.0	10.4822147849	4.20327639255
770.0	27.0	13.179746095	5.21853518053
770.0	29.0	1.42148135041	5.21209136594
780.0	23.0	9.94552875535	4.23310886752
780.0	27.0	12.6337996006	5.50922281659
780.0	29.0	2.02656854058	5.31185116222
790.0	23.0	9.40884272581	4.26294134248
790.0	27.0	12.0878531062	5.80014911244
790.0	29.0	2.62786735878	5.43452229927
800.0	23.0	8.87215669626	4.29277381745
800.0	27.0	11.5423275421	6.08510891329
800.0	29.0	3.22916617698	5.55743209613
810.0	23.0	8.36956601448	4.30995732303
810.0	27.0	10.9991170941	6.31613159942
810.0	29.0	3.83046499518	5.68010323318
820.0	23.0	7.87097416978	4.32547021001
820.0	27.0	10.4561171113	6.54691562574
820.0	29.0	4.42797544141	5.71852746093
830.0	23.0	7.37217185996	4.34098309699
830.0	27.0	9.91290666336	6.77793831186
830.0	29.0	5.02527542253	5.75719034849
840.0	23.0	6.87358001526	4.35649598397
840.0	27.0	9.36127761103	7.00848367839
840.0	29.0	5.62278586876	5.79561457624
850.0	23.0	6.37961840297	4.37200887095
850.0	27.0	8.80985902381	7.23879038511
850.0	29.0	6.18935794387	5.75122385349
860.0	23.0	5.89744283682	4.38680577853
860.0	27.0	8.25654625061	7.45549348325
860.0	29.0	6.75214164701	5.69752539856
870.0	23.0	5.41505680556	4.40184134591
870.0	27.0	7.68892184995	7.54952544434
870.0	29.0	7.31513581525	5.64382694362
880.0	23.0	4.93267077429	4.4166382535
880.0	27.0	7.12129744929	7.64355740542
880.0	29.0	7.8781299835	5.59012848869
890.0	23.0	4.45049520814	4.43167382088
890.0	27.0	6.55367304863	7.73758936651
890.0	29.0	8.46785322067	5.55074962174
900.0	23.0	3.97421266506	4.43907227467
900.0	27.0	5.97847190402	7.81181256422
900.0	29.0	9.06052296938	5.51304137338
910.0	23.0	3.50403361016	4.43907227467
910.0	27.0	5.40158703854	7.88126256594
910.0	29.0	9.65319271808	5.47533312503
920.0	23.0	3.03385455525	4.43907227467
920.0	27.0	4.82449170795	7.95047390785
920.0	29.0	10.2235531652	5.44860322746
930.0	23.0	2.56367550035	4.43907227467
930.0	27.0	4.25202660976	7.98746617681
930.0	29.0	10.5933403628	5.52091714677
940.0	23.0	2.09349644545	4.43907227467
940.0	27.0	3.68187662779	8.01061617738
940.0	29.0	10.9633380255	5.59323106608
950.0	23.0	1.61174180951	4.4123423771
950.0	27.0	3.1115161807	8.03352751815
950.0	29.0	11.3331252231	5.6655449854
960.0	23.0	1.12725112715	4.37916866494
960.0	27.0	2.54157666384	8.00083112559
960.0	29.0	11.6195682373	5.78797746265
970.0	23.0	0.642549979687	4.34575629298
970.0	27.0	1.9722685423	7.93042648468
970.0	29.0	11.8849647406	5.92282024949
980.0	23.0	0.158059297329	4.31258258082
980.0	27.0	1.40274995565	7.86026050356
980.0	29.0	12.0985868268	6.01780684977
990.0	23.0	-0.326431385029	4.27917020886
990.0	27.0	0.830705787692	7.77887751186
990.0	29.0	12.2604344961	6.07293726351
1000.0	27.0	0.248769759577	7.65262647781
1000.0	29.0	12.4222821654	6.12806767724
1010.0	27.0	-0.332955803428	7.52613678396
1010.0	29.0	12.4397507695	6.13403417224
1020.0	29.0	12.4412240253	6.13451149183
1030.0	29.0	12.4429077462	6.13522747123
1040.0	29.0	12.4443810019	6.13570479083
1050.0	29.0	12.4458542577	6.13642077023
1060.0	29.0	12.4473275135	6.13689808983
1070.0	29.0	12.4488007692	6.13737540943
1080.0	29.0	12.450274025	6.13809138883
1090.0	29.0	12.4517472808	6.13856870843
1100.0	29.0	12.4532205365	6.13904602803
1110.0	29.0	12.4546937923	6.13976200743
1120.0	29.0	12.4561670481	6.14023932703
1130.0	29.0	12.4576403038	6.14071664663
1140.0	29.0	12.4591135596	6.14143262603
1150.0	29.0	12.4605868154	6.14190994563
1160.0	29.0	12.4622705363	6.14238726523
1170.0	29.0	12.463743792	6.14310324462
1180.0	29.0	12.4652170478	6.14358056422
1190.0	29.0	12.4666903036	6.14429654362
1190.0	31.0	-0.0858697647272	9.72944405492
1200.0	29.0	12.4681635593	6.14477386322
1200.0	31.0	0.343689524018	9.29174198224
1210.0	29.0	12.4696368151	6.14525118282
1210.0	31.0	0.773459277874	8.85427856937
1220.0	29.0	12.4711100709	6.14596716222
1220.0	31.0	1.23269414708	8.50321000399
1230.0	29.0	12.4725833266	6.14644448182
1230.0	31.0	1.73633715441	8.28149505006
1240.0	29.0	12.4740565824	6.14692180142
1240.0	31.0	2.23998016174	8.05978009612
1250.0	29.0	12.4755298382	6.14763778082
1250.0	31.0	2.81581270168	7.85763524577
1260.0	29.0	12.4770030939	6.14811510042
1260.0	31.0	3.44005221683	7.66837802459
1270.0	29.0	12.4784763497	6.14859242002
1270.0	31.0	4.06408126687	7.47912080342
1280.0	29.0	12.4799496055	6.14930839942
1280.0	31.0	4.66117078288	7.27100945807
1290.0	29.0	12.4814228612	6.14978571902
1290.0	31.0	5.24647425275	7.05454501973
1300.0	29.0	12.4831065821	6.15050169842
1300.0	31.0	5.83177772261	6.83831924119
1310.0	29.0	12.4845798379	6.15097901801
1310.0	31.0	6.43118235483	6.63474243203
1320.0	29.0	12.4860530936	6.15145633761
1320.0	31.0	7.04447768428	6.44381459226
1330.0	29.0	12.4875263494	6.15217231701
1330.0	31.0	7.65798347883	6.25288675249
1340.0	29.0	12.4889996052	6.15264963661
1340.0	31.0	8.27127880828	6.06195891272
1350.0	29.0	12.4904728609	6.15312695621
1350.0	31.0	8.92477297367	5.88606664033
1360.0	29.0	12.4919461167	6.15384293561
1360.0	31.0	9.57847760417	5.71017436794
1370.0	29.0	12.4934193725	6.15432025521
1370.0	31.0	10.2319717696	5.53428209556
1380.0	29.0	12.4948926282	6.15479757481
1380.0	31.0	10.8871496558	5.38177848354
1390.0	29.0	12.496365884	6.15551355421
1390.0	31.0	11.5484310303	5.32211353361
1400.0	29.0	12.4978391398	6.15599087381
1400.0	31.0	12.2099228698	5.26244858368
1410.0	29.0	12.4993123956	6.15646819341
1410.0	31.0	12.8659426165	5.27796147066
1420.0	29.0	12.5007856513	6.15718417281
1420.0	31.0	13.5135437588	5.40659910271
1430.0	29.0	12.5024693722	6.15766149241
1430.0	31.0	14.1611449012	5.53499807495
1440.0	29.0	12.503942628	6.15837747181
1440.0	31.0	14.8087460435	5.663635707
1450.0	29.0	12.5054158837	6.15885479141
1450.0	31.0	15.4561367207	5.79203467925
1460.0	29.0	12.5068891395	6.159332111
1470.0	29.0	12.5083623953	6.1600480904
1480.0	29.0	12.509835651	6.16052541
1490.0	29.0	12.5113089068	6.1610027296
1500.0	29.0	12.5127821626	6.161718709
1510.0	29.0	12.5142554183	6.1621960286
1520.0	29.0	12.5157286741	6.1626733482
1530.0	29.0	12.5172019299	6.1633893276
1540.0	29.0	12.5186751856	6.1638666472
1550.0	29.0	12.5201484414	6.1643439668
1560.0	29.0	12.5218321623	6.1650599462
1570.0	29.0	12.523305418	6.1655372658
1580.0	29.0	12.5247786738	6.1662532452
1590.0	29.0	12.5262519296	6.1667305648
1600.0	29.0	12.5277251853	6.1672078844
1610.0	29.0	12.5291984411	6.16792386379
1620.0	29.0	12.5306716969	6.16840118339
1630.0	29.0	12.5321449527	6.16887850299
1640.0	29.0	12.5336182084	6.16959448239
1650.0	29.0	12.5350914642	6.17007180199
1660.0	29.0	12.53656472	6.17054912159
1670.0	29.0	12.5380379757	6.17126510099
1680.0	29.0	12.5395112315	6.17174242059
1680.0	38.0	0.158269762438	5.75623570929
1680.0	39.0	0.136381391037	4.95600940085
1690.0	29.0	12.5411949524	6.17221974019
1690.0	38.0	0.634341840411	5.77890839026
1690.0	39.0	0.608244166818	4.9147212555
1700.0	29.0	12.5426682081	6.17293571959
1700.0	38.0	1.11041391838	5.80181973103
1700.0	39.0	1.07989647749	4.87367176995
1710.0	29.0	12.5441414639	6.17341303919
1710.0	38.0	1.58648599636	5.82449241201
1710.0	39.0	1.55260111371	4.83667950099
1720.0	29.0	12.5456147197	6.17412901859
1720.0	38.0	2.06255807433	5.84716509298
1720.0	39.0	2.02762086613	4.80923362403
1730.0	29.0	12.5470879754	6.17460633819
1730.0	38.0	2.52663364105	5.90229550671
1730.0	39.0	2.50264061856	4.78202640686
1740.0	29.0	12.5485612312	6.17508365779
1740.0	38.0	2.99070920778	5.95742592045
1740.0	39.0	2.97787083609	4.75481918969
1750.0	29.0	12.550034487	6.17579963718
1750.0	38.0	3.4547847745	6.01231767438
1750.0	39.0	3.44110454238	4.8268944492
1760.0	29.0	12.5515077427	6.17627695678
1760.0	38.0	3.91759755057	6.06458417052
1760.0	39.0	3.90139173713	4.92379032789
1770.0	29.0	12.5529809985	6.17675427638
1770.0	38.0	4.36715102473	6.09179138769
1770.0	39.0	4.36188939699	5.02068620657
1780.0	29.0	12.5544542543	6.17747025578
1780.0	38.0	4.81670449889	6.11899860485
1780.0	39.0	4.81607310356	5.10397847667
1790.0	29.0	12.55592751	6.17794757538
1790.0	38.0	5.26646843816	6.14596716222
1790.0	39.0	5.26604750794	5.17820167438
1800.0	29.0	12.5574007658	6.17842489498
1800.0	38.0	5.71602191232	6.17317437939
1800.0	39.0	5.71602191232	5.25218621229
1810.0	29.0	12.5588740216	6.17914087438
1810.0	38.0	6.15989282852	6.17723159598
1810.0	39.0	6.15484166589	5.2431171399
1820.0	29.0	12.5603472773	6.17961819398
1820.0	38.0	6.60144862851	6.17150376079
1820.0	39.0	6.58882072194	5.19824909756
1830.0	29.0	12.5620309982	6.18033417338
1830.0	38.0	7.0427939634	6.1655372658
1830.0	39.0	7.02301024309	5.15361971501
1840.0	29.0	12.563504254	6.18081149298
1840.0	38.0	7.48434976339	6.1598094306
1840.0	39.0	7.47824627521	5.12068466265
1850.0	29.0	12.5498240219	6.16052541
1850.0	38.0	7.92548463317	6.11995324405
1850.0	39.0	7.95494974852	5.09968260028
1860.0	29.0	12.400393794	5.95265272445
1860.0	38.0	8.36640903783	6.05742437653
1860.0	39.0	8.43165322182	5.0784418781
1870.0	29.0	12.2511740313	5.7447800389
1870.0	38.0	8.80754390761	5.994895509
1870.0	39.0	8.90435785804	5.05362125893
1870.0	40.0	0.0991290666336	7.23019863232
1880.0	29.0	12.1017438035	5.53690735335
1880.0	38.0	9.24846831227	5.93236664148
1880.0	39.0	9.3429671465	4.993956309
1880.0	40.0	0.459234869203	7.21754966293
1890.0	29.0	12.0813286878	4.88250218254
1890.0	38.0	9.70412527461	5.88463468153
1890.0	39.0	9.78136596985	4.93429135908
1890.0	40.0	0.819130206663	7.20490069355
1890.0	42.0	-0.1683720877	5.45337642345
1900.0	29.0	12.0609135722	4.22809701172
1900.0	38.0	10.1818810735	5.85885942317
1900.0	39.0	10.2197647932	4.87462640915
1900.0	40.0	1.17923600923	7.19249038396
1900.0	42.0	0.41040696377	5.42354394849
1910.0	29.0	12.0407089217	3.57369184091
1910.0	38.0	10.6598473374	5.8330841648
1910.0	39.0	10.6495345471	4.82092795421
1910.0	40.0	1.55133832305	7.18723986837
1910.0	42.0	0.98918601524	5.39371147352
1920.0	29.0	12.058598456	2.68301346838
1920.0	38.0	11.1376031363	5.80707024663
1920.0	39.0	11.0704647663	4.77319599427
1920.0	40.0	1.95164296156	7.19869553876
1920.0	42.0	1.57448948511	5.34216095679
1920.0	49.0	2.29091271827	0.123864436051
1930.0	29.0	12.0806972925	1.76608251788
1930.0	38.0	11.5717926574	5.81232076222
1930.0	39.0	11.4913949856	4.72546403433
1930.0	40.0	2.35215806517	7.21038986894
1930.0	42.0	2.18546969835	5.20349961315
1930.0	48.0	1.55407436947	0.273981450071
1930.0	49.0	2.25850109139	0.647245376823
1940.0	29.0	12.102796129	0.84915156738
1940.0	38.0	11.9872507838	5.8306975668
1940.0	39.0	11.9123252048	4.67773207438
1940.0	40.0	2.75246270368	7.22208419913
1940.0	42.0	2.79644991159	5.06507692932
1940.0	48.0	1.5372371607	0.808579401429
1940.0	49.0	2.22608946451	1.17038765779
1950.0	29.0	12.1251054306	-0.0677793831186
1950.0	38.0	12.4029193753	5.84907437138
1950.0	39.0	12.2806391466	4.76388826208
1950.0	40.0	3.14624292379	7.19965017796
1950.0	42.0	3.40427314819	4.93118878168
1950.0	47.0	0.0616662771203	5.66769292359
1950.0	48.0	1.52039995193	1.34317735279
1950.0	49.0	2.16084528053	1.69042736137
1960.0	38.0	12.8183775017	5.86745117596
1960.0	39.0	12.6489530885	4.85004444978
1960.0	40.0	3.51308360987	7.04046409155
1960.0	42.0	3.98305219966	4.84169135679
1960.0	47.0	0.498170914484	5.79155735965
1960.0	48.0	1.44884181466	1.76226396108
1960.0	49.0	2.06255807433	2.20760314735
1970.0	38.0	13.1972146991	5.96386973504
1970.0	39.0	13.0172670303	4.93620063747
1970.0	40.0	3.88013476106	6.88127800514
1970.0	42.0	4.56183125113	4.75219393189
1970.0	47.0	0.934675551847	5.9151831359
1970.0	48.0	1.35371158511	2.13170933104
1970.0	49.0	1.96427086814	2.72477893333
1980.0	38.0	13.5670018967	6.0800970575
1980.0	39.0	13.3750577167	5.05553053733
1980.0	40.0	4.24697544713	6.72233057853
1980.0	42.0	5.1406103026	4.662696507
1980.0	47.0	1.36297204993	6.01231767438
1980.0	48.0	1.25879182067	2.5013933608
1980.0	49.0	1.79042668758	3.18205110958
1990.0	38.0	13.9367890943	6.19608572016
1990.0	39.0	13.7170635198	5.22474033533
1990.0	40.0	4.61023822635	6.55240480113
1990.0	42.0	5.72086260984	4.56914186551
1990.0	47.0	1.75864645603	6.00277128239
1990.0	48.0	1.10957205795	2.9183320309
1990.0	49.0	1.54102553268	3.5798969957
2000.0	38.0	14.3097332685	6.29083366065
2000.0	39.0	14.059069323	5.39371147352
2000.0	40.0	4.96466147096	6.35765840457
2000.0	42.0	6.30111491708	4.47534856423
2000.0	47.0	2.15432086213	5.9932248904
2000.0	48.0	0.924362761475	3.36701245436
2000.0	49.0	1.29162437777	3.97774288182
2010.0	38.0	14.7115111628	6.19322180256
2010.0	39.0	14.425699544	5.27820013046
2010.0	40.0	5.31929518068	6.1631506678
2010.0	42.0	6.88157768943	4.38131660314
2010.0	47.0	2.53357898967	5.9968047874
2010.0	48.0	0.738942999895	3.80352122803
2010.0	49.0	1.11925345299	4.34647227238
2020.0	38.0	15.1132890571	6.09560994448
2020.0	39.0	14.7923297649	5.1626887874
2020.0	40.0	5.67371842528	5.96840427123
2020.0	42.0	7.48897999581	4.26580526008
2020.0	47.0	2.90610223371	6.00587385979
2020.0	48.0	0.552681377877	4.13096247324
2020.0	49.0	0.966245318291	4.70804186895
2020.0	53.0	14.8142181363	6.96982079083
2030.0	39.0	15.1589599859	5.04717744434
2030.0	40.0	6.06139515722	5.80802488583
2030.0	42.0	8.1142718365	4.13621298883
2030.0	47.0	3.27231152446	6.03045581916
2030.0	48.0	0.366209290748	4.45816505865
2030.0	49.0	0.813237183593	5.06961146551
2030.0	53.0	14.2617472236	7.01970068897
2040.0	40.0	6.48232537647	5.68201251158
2040.0	42.0	8.73977414231	4.00685937739
2040.0	47.0	3.5837998867	6.19274448296
2040.0	48.0	0.17973720362	4.78536764405
2040.0	49.0	0.671594164815	5.4154295153
2040.0	53.0	13.7054879388	7.05860223632
2050.0	40.0	6.90325559572	5.55623879713
2050.0	42.0	9.37222179673	3.88514287954
2050.0	47.0	3.89528824895	6.35503314677
2050.0	48.0	0.0387255801711	5.13500425063
2050.0	49.0	0.541737192176	5.7454960183
2050.0	53.0	13.1161856319	7.00132388439
2060.0	40.0	7.32418581497	5.43022642288
2060.0	42.0	10.0688613096	3.83574030099
2060.0	47.0	4.24950102845	6.53713057395
2060.0	48.0	-0.0719790674919	5.499199105
2060.0	49.0	0.411669754428	6.07532386151
2060.0	53.0	12.5268833249	6.94404553246
2070.0	40.0	7.73880208093	5.33881971959
2070.0	42.0	10.7657112876	3.78657638225
2070.0	47.0	4.63212659775	6.73235429012
2070.0	49.0	0.282654642227	6.39870789012
2070.0	53.0	11.9365286924	6.94309089326
2080.0	40.0	8.15278695156	5.2512315731
2080.0	42.0	11.463403126	3.7517320515
2080.0	47.0	5.03011612005	6.9144517173
2080.0	49.0	0.162268599521	6.6648135668
2080.0	53.0	11.3457531297	6.97984450242
2090.0	40.0	8.56656135709	5.1638820864
2090.0	42.0	12.1648833364	3.77559803147
2090.0	47.0	5.4510463393	7.0767403811
2090.0	49.0	0.0420930219251	6.93068058368
2090.0	53.0	10.7547671019	7.01659811158
2100.0	40.0	9.00264506423	5.06555424892
2100.0	42.0	12.8663635467	3.79946401144
2100.0	47.0	5.87197655855	7.23902904491
2100.0	49.0	-0.0780825556711	7.19654760056
2100.0	53.0	10.2601740942	7.23139193132
2110.0	40.0	9.44104388758	4.96603311244
2110.0	42.0	13.5554263157	3.827387208
2110.0	47.0	6.33605212528	7.28461306665
2110.0	53.0	9.76558108662	7.44618575106
2120.0	40.0	9.87965317604	4.86675063576
2120.0	42.0	14.1946088536	3.87153927095
2120.0	47.0	6.80475792441	7.31707079941
2120.0	53.0	9.34465086737	7.65310379741
2130.0	40.0	10.2997415349	4.81185888182
2130.0	42.0	14.8337913915	3.9156913339
2130.0	47.0	7.23263349228	7.29344347924
2130.0	53.0	8.90456832315	7.80536874963
2140.0	40.0	10.6773159415	4.86102280056
2140.0	42.0	15.4731843946	3.96008205665
2140.0	47.0	7.64304045605	7.2457115193
2140.0	53.0	8.44533345394	7.90298060771
2150.0	40.0	11.0548903482	4.9101867193
2150.0	47.0	8.09280439532	7.1588393522
2150.0	53.0	7.98715091029	7.94140483547
2160.0	40.0	11.43267522	4.95911197825
2160.0	47.0	8.55961600847	7.05502233933
2160.0	53.0	7.53107301773	7.84188369898
2170.0	40.0	11.7454263729	4.98464857682
2170.0	47.0	9.03358343535	6.98032182202
2170.0	53.0	7.07520559028	7.7426012223
2180.0	40.0	12.0512321772	5.00732125779
2180.0	47.0	9.51849504792	6.94905738826
2180.0	53.0	6.52694397971	7.65811565321
2190.0	40.0	12.3568275163	5.02999393876
2190.0	47.0	10.0071950325	6.92877130528
2190.0	53.0	5.96836957876	7.5755393625
2200.0	40.0	12.6624228555	5.05266661973
2200.0	47.0	10.5291485043	7.00514244119
2200.0	53.0	5.39001145751	7.52017028897
2210.0	40.0	13.0235809836	4.9984908452
2210.0	47.0	11.0511019762	7.0815135771
2210.0	53.0	4.76598240747	7.52852338196
2220.0	40.0	13.4087321342	4.9111413585
2220.0	47.0	11.5583228904	7.2421316223
2220.0	53.0	4.14174289232	7.53663781515
2230.0	40.0	13.7936728197	4.82379187181
2230.0	47.0	12.0558624096	7.45931204004
2230.0	53.0	3.51750337717	7.55119606293
2240.0	40.0	14.1786135053	4.73644238511
2240.0	47.0	12.5296193713	7.6609795708
2240.0	53.0	2.89326386202	7.5750620429
2250.0	40.0	14.5993332594	4.70947382775
2250.0	47.0	12.9682286598	7.83997442059
2250.0	53.0	2.26881388176	7.59892802288
2260.0	40.0	15.0436251058	4.72283877653
2260.0	47.0	13.4066274831	8.01896927037
2260.0	53.0	1.67530227262	7.61324761086
2270.0	47.0	13.9142693276	8.04713112674
2270.0	53.0	1.12809298759	7.61324761086
2280.0	47.0	14.421911172	8.0750543233
2280.0	53.0	0.580883702566	7.61324761086
2290.0	47.0	14.9293425513	8.10321617967
2290.0	53.0	0.0336744175401	7.61324761086
2720.0	56.0	0.147956972067	8.35667288697
2730.0	56.0	0.401567429166	8.17314350099
2740.0	56.0	0.655177886264	7.98961411501
2750.0	56.0	0.908788343363	7.80608472903
2760.0	56.0	1.11904298788	7.60919039426
2770.0	56.0	1.30025344727	7.40370430671
2780.0	56.0	1.48146390665	7.19821821916
2790.0	56.0	1.66267436604	6.9927321316
2800.0	56.0	1.94133017119	6.81206666322
2810.0	56.0	2.22019644144	6.63140119484
2820.0	56.0	2.49885224658	6.45097438625
2830.0	56.0	2.74004526221	6.31350634162
2840.0	56.0	2.89389525735	6.27675273246
2850.0	56.0	3.04774525249	6.23999912331
2860.0	56.0	3.00628362589	6.2497841751
2870.0	56.0	2.88147781588	6.27961665006
2880.0	56.0	2.75646154077	6.30944912502
2890.0	56.0	2.63144526565	6.33928159999
2900.0	56.0	2.50642899053	6.36911407495
2910.0	56.0	2.38162318052	6.39894654992
2920.0	56.0	2.18294411704	6.50300222259
2930.0	56.0	1.8125255241	6.77984759026
2940.0	56.0	1.44210693115	7.05669295793
2950.0	56.0	1.11546508102	7.32208265521
2960.0	56.0	0.799767416577	7.58460843489
2970.0	56.0	0.484069752139	7.84713421458
2980.0	56.0	0.291915107051	8.11610380886
2990.0	56.0	0.130488367968	8.38650536193
3000.0	56.0	-0.030938371115	8.65690691501
3020.0	63.0	-0.138906972353	7.32446925321
3030.0	63.0	0.324116268823	7.3323450266
3040.0	63.0	0.787139509999	7.34045945979
3050.0	63.0	1.25016275118	7.34833523318
3060.0	63.0	1.44168600093	7.43425276107
3070.0	63.0	1.41853483888	7.63234039484
3080.0	63.0	1.20617554326	7.96527081544
3090.0	63.0	1.08789415165	8.18412185177
3100.0	63.0	0.969402294935	8.40273422831
3110.0	63.0	0.851120903326	8.62158526465
3120.0	63.0	0.732629046606	8.84043630099
3130.0	63.0	0.650758118962	9.05523012073
3140.0	63.0	0.605087190173	9.26596672387
3140.0	66.0	-0.122490693802	7.32399193361
3150.0	63.0	0.559416261385	9.47670332702
3150.0	66.0	0.384940685505	7.5767326615
3160.0	63.0	0.513955797706	9.68767858997
3160.0	66.0	0.879112762906	7.81157390442
3170.0	63.0	0.468284868917	9.89841519312
3170.0	66.0	1.25142554183	7.88484246293
3180.0	63.0	0.422613940128	10.1091517963
3180.0	66.0	1.62373832076	7.95834968124
3190.0	63.0	0.377153476449	10.3201270592
3190.0	66.0	1.98784296041	8.00751359999
3190.0	67.0	1.20870112458	0.514789187982
3200.0	66.0	2.34331853057	8.03209555936
3200.0	67.0	1.09841740714	1.27635260887
3210.0	66.0	2.69900456584	8.05691617853
3210.0	67.0	1.03401508359	2.02646035937
3220.0	66.0	3.10457083209	8.04211927094
3220.0	67.0	1.15292787053	2.73217738712
3230.0	66.0	3.54360105077	8.00130844519
3230.0	67.0	1.27184065747	3.43765575507
3240.0	66.0	3.98263126944	7.96025895964
3240.0	67.0	1.52902902143	3.78633772245
3250.0	66.0	4.42439753455	7.91825483489
3250.0	67.0	1.84409529054	4.06270577052
3260.0	66.0	4.89141961281	7.86598833876
3260.0	67.0	2.32963829844	4.20948154735
3260.0	70.0	-0.158269762438	3.89755318912
3270.0	66.0	5.35823122596	7.81396050242
3270.0	67.0	2.92651734934	4.26938515707
3270.0	70.0	0.34263719847	3.93860267467
3280.0	66.0	5.82525330422	7.76169400628
3280.0	67.0	3.53581384171	4.31974237481
3280.0	70.0	0.843333694269	3.97989082002
3290.0	66.0	6.34257654367	7.73042957252
3290.0	67.0	4.09712428908	4.29706969384
3290.0	70.0	1.34403019007	4.02094030557
3300.0	66.0	6.86558234109	7.70155173675
3300.0	67.0	4.65822427134	4.27439701287
3300.0	70.0	1.84788366251	4.0834691731
3310.0	66.0	7.38858813851	7.67243524119
3310.0	67.0	5.19238471957	4.15960164921
3310.0	70.0	2.35299992561	4.15506711301
3320.0	66.0	7.91138347082	7.60656513647
3320.0	67.0	5.72359865627	4.03454391416
3320.0	70.0	2.85811618871	4.22666505293
3330.0	66.0	8.43375787291	7.51611307238
3330.0	67.0	6.14263468953	3.94576246866
3330.0	70.0	3.37985919548	4.26174804348
3340.0	66.0	8.95634274011	7.42566100828
3340.0	67.0	6.53346839811	3.86628875536
3340.0	70.0	3.90896848107	4.28107948726
3350.0	66.0	9.4961857463	7.35382440857
3350.0	67.0	6.9531358267	3.88633617853
3350.0	70.0	4.43786730156	4.30041093104
3360.0	66.0	10.0433950313	7.29034090185
3360.0	67.0	7.38501023165	3.94910370586
3360.0	70.0	4.96697658716	4.31974237481
3370.0	66.0	10.5906043164	7.22661873532
3370.0	67.0	7.75206138284	4.1617495874
3370.0	70.0	5.49608587276	4.40828516051
3380.0	66.0	11.1125577882	7.26719090127
3380.0	67.0	8.10290672058	4.4118650575
3380.0	70.0	6.02540562347	4.497066606
3390.0	66.0	11.6237775395	7.35239244977
3390.0	67.0	8.3941904323	4.4956346472
3390.0	70.0	6.55451490907	4.58560939169
3400.0	66.0	12.1347868257	7.43759399827
3400.0	67.0	8.66000786576	4.50804495679
3400.0	70.0	7.0800462878	4.69205166237
3410.0	66.0	12.6163309965	7.72923627352
3410.0	67.0	8.71493925937	4.5016011422
3410.0	70.0	7.60199975967	4.81615475822
3420.0	66.0	13.0947181907	8.04402854934
3420.0	67.0	8.71725437558	4.49014547181
3420.0	70.0	8.12395323155	4.94025785407
3430.0	66.0	13.5446925951	8.21180638854
3430.0	67.0	8.71956949179	4.47892846122
3430.0	70.0	8.68526367892	4.93142744148
3440.0	66.0	13.9824600231	8.31681670041
3440.0	67.0	8.72167414288	4.46747279084
3440.0	70.0	9.24636366118	4.92259702889
3450.0	66.0	14.4214902418	8.40345020771
3450.0	67.0	8.72398925909	4.45601712045
3450.0	70.0	9.80641131789	4.9142439359
3460.0	66.0	14.8657820882	8.41681515649
3460.0	67.0	8.72609391018	4.44480010986
3460.0	70.0	10.3635124631	4.90732280171
3470.0	66.0	15.3100739346	8.42994144548
3470.0	67.0	8.72840902639	4.43334443948
3470.0	70.0	10.9206136082	4.90016300772
3480.0	67.0	8.7307241426	4.42212742889
3480.0	70.0	11.4777147534	4.89324187352
3490.0	67.0	8.73282879369	4.4106717585
3490.0	70.0	12.0672275255	4.86006816136
3500.0	67.0	8.7351439099	4.39921608812
3500.0	70.0	12.6605286695	4.82379187181
3510.0	67.0	8.73724856099	4.38799907753
3510.0	70.0	13.2536193484	4.78775424205
3520.0	67.0	8.7395636772	4.37654340715
3520.0	70.0	13.8380809579	4.78847022145
3530.0	67.0	8.7416683283	4.36508773676
3530.0	70.0	14.4168600093	4.81400682002
3540.0	67.0	8.7439834445	4.35387072617
3540.0	70.0	14.9956390608	4.83978207839
3550.0	67.0	8.74629856071	4.34241505579
3560.0	67.0	8.7484032118	4.3311980452
3570.0	67.0	8.75071832801	4.31974237481
3580.0	67.0	8.75282297911	4.30828670443
3590.0	67.0	8.75513809531	4.29706969384
3600.0	67.0	8.87847064955	4.167000103
3610.0	67.0	9.01527297081	4.02380422317
3620.0	67.0	9.52501946632	3.92762432388
3620.0	73.0	15.2191530072	9.88624354333
3630.0	67.0	10.0762275884	3.83669494019
3630.0	73.0	15.0023739443	9.87192395535
3640.0	67.0	10.6653194303	3.84838927038
3640.0	73.0	14.7855948814	9.85736570756
3650.0	67.0	11.263882202	3.88562019913
3650.0	73.0	14.5686053534	9.84280745978
3660.0	67.0	11.8624449738	3.92285112789
3660.0	73.0	14.3684530341	9.77073220027
3670.0	67.0	12.419546119	3.99230112961
3670.0	73.0	14.2070262951	9.56381415392
3680.0	67.0	12.949497265	4.0827531937
3680.0	73.0	14.0458100211	9.35713476737
3690.0	67.0	13.479237946	4.17320525779
3690.0	73.0	13.8765960729	9.14067032903
3700.0	67.0	14.0256053706	4.25602020829
3700.0	73.0	13.6894925905	8.90201052931
3710.0	67.0	14.5789181438	4.33573258139
3710.0	73.0	13.5025995731	8.6633507296
3720.0	67.0	15.1324413821	4.4152062947
3720.0	73.0	13.3154960907	8.42469092988
3730.0	73.0	13.0124263328	8.13638989183
3740.0	73.0	12.6596868091	7.8268481316
3750.0	73.0	12.3071577505	7.51706771157
3760.0	73.0	11.9544182267	7.20752595135
3770.0	73.0	11.4998135899	7.02614450356
3780.0	73.0	11.0452089531	6.84476305578
3790.0	73.0	10.5586136197	6.76695996108
3800.0	73.0	10.0400275896	6.79249655964
3810.0	73.0	9.52123109435	6.81803315821
3820.0	73.0	9.02032413344	6.831398107
3830.0	73.0	8.52678345137	6.83975119999
3840.0	73.0	8.0332427693	6.84786563318
3850.0	73.0	7.49571487931	6.89010841773
3860.0	73.0	6.94724280363	6.94070429527
3870.0	73.0	6.39877072794	6.99130017281
3880.0	73.0	5.86776725636	7.04571460714
3890.0	73.0	5.35444285398	7.10394759827
3900.0	73.0	4.84111845161	7.1621805894
3910.0	73.0	4.32779404923	7.22041358053
3920.0	73.0	3.82814987898	7.27912389126
3930.0	73.0	3.34871035925	7.33878884119
3940.0	73.0	2.86927083952	7.39845379112
3950.0	73.0	2.39004178491	7.45811874105
3960.0	73.0	1.88324180093	7.50823729899
3970.0	73.0	1.36970693344	7.55596925893
3980.0	73.0	0.867537181876	7.5800738987
3990.0	73.0	0.391675569013	7.54880946494
4000.0	73.0	-0.0841860438502	7.51778369097
4290.0	81.0	14.9253437142	5.64000838683
4300.0	81.0	14.4454832643	5.7450186987
4300.0	82.0	15.232201844	5.0013547628
4310.0	81.0	13.9656228143	5.85002901058
4310.0	82.0	14.7333995342	5.05433723833
4320.0	81.0	13.4992321314	5.96005117824
4320.0	82.0	14.2343867593	5.10731971387
4330.0	81.0	13.0362088902	6.07150530471
4330.0	82.0	13.7347425891	5.1657913648
4340.0	81.0	12.573185649	6.18295943118
4340.0	82.0	13.2266798144	5.27271095507
4350.0	81.0	12.1183705471	6.31517696022
4350.0	82.0	12.7186170398	5.37963054534
4360.0	81.0	11.6654496312	6.45240634505
4360.0	82.0	12.2097124047	5.48440219742
4370.0	81.0	11.2127391804	6.58987438969
4370.0	82.0	11.697650793	5.5798661173
4380.0	81.0	10.7728671013	6.71350016594
4380.0	82.0	11.1855891813	5.67533003719
4390.0	81.0	10.3462543241	6.82304501401
4390.0	82.0	10.6891019877	5.76506612188
4400.0	81.0	9.91964154687	6.93282852188
4400.0	82.0	10.2549124665	5.8321295256
4410.0	81.0	9.49302876966	7.04237336994
4410.0	82.0	9.82093341046	5.89943158912
4420.0	81.0	9.07104622486	7.12638161944
4420.0	82.0	9.3867438893	5.96649499284
4430.0	81.0	8.65011600561	7.20394605435
4430.0	82.0	8.98917529722	6.12568107925
4440.0	81.0	8.22918578636	7.28151048926
4440.0	82.0	8.59160670513	6.28462850585
4450.0	81.0	7.80825556711	7.35907492416
4450.0	82.0	8.19403811305	6.44381459226
4460.0	81.0	7.39174511516	7.43329812188
4460.0	82.0	7.79878463717	6.5788960389
4470.0	81.0	6.97607652365	7.50680534019
4470.0	82.0	7.40689860305	6.67746253618
4480.0	81.0	6.56061839725	7.5803125585
4480.0	82.0	7.01501256893	6.77626769326
4490.0	81.0	6.14494980574	7.65358111701
4490.0	82.0	6.65701141746	6.89010841773
4500.0	81.0	5.75874632957	7.7490450369
4500.0	82.0	6.33268468352	7.01922336937
4510.0	81.0	5.37548936495	7.84689555478
4510.0	82.0	6.0085684147	7.14809966122
4520.0	81.0	4.99244286543	7.94498473246
4520.0	82.0	5.68424168077	7.27721461286
4530.0	81.0	4.6091859008	8.04283525034
4530.0	82.0	5.35970448172	7.38485018253
4540.0	81.0	4.29117312015	8.05882545692
4540.0	82.0	5.03495681757	7.48699657681
4550.0	81.0	3.97316033951	8.07457700371
4550.0	82.0	4.71020915342	7.58938163089
4560.0	81.0	3.65514755887	8.09056721029
4560.0	82.0	4.39009172168	7.68412957137
4570.0	81.0	3.33713477822	8.10655741687
4570.0	82.0	4.08049754542	7.76145534648
4580.0	81.0	3.03995804343	8.12565020084
4580.0	82.0	3.77111383427	7.83854246179
4590.0	81.0	2.76361735449	8.14808422202
4590.0	82.0	3.46151965801	7.9158682369
4600.0	81.0	2.48748713066	8.17027958339
4600.0	82.0	3.18812548061	7.92350535049
4610.0	81.0	2.20483248844	8.20297597595
4610.0	82.0	2.91873014029	7.92350535049
4620.0	81.0	1.90786621876	8.25906102888
4620.0	82.0	2.65838479968	7.93161978368
4630.0	81.0	1.61068948396	8.31514608182
4630.0	82.0	2.41193015631	7.95214452645
4640.0	81.0	1.31351274917	8.37123113475
4640.0	82.0	2.16547551294	7.97266926923
4650.0	81.0	1.04874764126	8.55476052073
4650.0	82.0	1.91881040446	7.9929553522
4660.0	81.0	0.787349975109	8.75213217509
4660.0	82.0	1.57848832219	8.02111720857
4670.0	81.0	0.526162774064	8.94974248925
4670.0	82.0	1.22764298445	8.04999504433
4680.0	81.0	0.389570917917	9.17551465978
4680.0	82.0	0.87700811181	8.0791115399
4690.0	81.0	0.25318952688	9.40128683031
4690.0	82.0	0.560889517152	8.22135278053
4700.0	81.0	0.116597670733	9.62705900084
4700.0	82.0	0.268132549663	8.43924917767
4710.0	81.0	-0.0199941854144	9.85283117137
4710.0	82.0	-0.0246244178262	8.65714557481
4870.0	89.0	0.248348829358	5.45337642345
4870.0	90.0	0.294651153476	4.73143052932
4880.0	89.0	0.725473232879	5.49323261
4880.0	90.0	0.715581372727	4.7512392927
4890.0	89.0	1.20238717129	5.53285013676
4890.0	90.0	1.13651159198	4.77128671587
4900.0	89.0	1.66477901714	5.55838673533
4900.0	90.0	1.55744181123	4.79109547925
4910.0	89.0	2.0924441199	5.55074962174
4910.0	90.0	1.98679063486	4.78274238626
4910.0	92.0	0.199941854144	4.68656248697
4920.0	89.0	2.52010922266	5.54311250814
4920.0	90.0	2.41971736536	4.76221764348
4920.0	92.0	0.726104628208	4.71639496194
4930.0	89.0	2.94482781388	5.51304137338
4930.0	90.0	2.85264409586	4.74193156051
4930.0	92.0	1.25226740227	4.7462274369
4940.0	89.0	3.35691849853	5.39371147352
4940.0	90.0	3.29104291921	4.71639496194
4940.0	92.0	1.75254296785	4.73620372531
4950.0	89.0	3.76900918317	5.27438157367
4950.0	90.0	3.75154057908	4.67176557939
4950.0	92.0	2.25008248701	4.72188413733
4960.0	89.0	4.1434266132	5.1614954884
4960.0	90.0	4.21182777383	4.62689753704
4960.0	92.0	2.74762200616	4.70732588955
4970.0	89.0	4.53447078688	5.10493311587
4970.0	90.0	4.67232543369	4.5822681545
4970.0	92.0	3.24684524619	4.71711094134
4980.0	89.0	4.98697077258	5.17653105578
4980.0	90.0	5.15176495341	4.58895062889
4980.0	92.0	3.74733127688	4.74288619971
4990.0	89.0	5.47609168735	5.24049188211
4990.0	90.0	5.63120447314	4.59563310328
4990.0	92.0	4.24802777268	4.76866145807
5000.0	89.0	6.05087190173	5.28631456365
5000.0	90.0	6.11043352776	4.60207691787
5000.0	92.0	4.74851380337	4.79443671644
5010.0	89.0	6.62565211612	5.3321372452
5010.0	90.0	6.59303002413	4.61615784606
5010.0	92.0	5.26057541509	4.79706197424
5020.0	89.0	7.1587602388	5.328796008
5020.0	90.0	7.08046721802	4.64121712503
5020.0	92.0	5.77389981747	4.79706197424
5020.0	94.0	14.7887518581	5.38965425693
5030.0	89.0	7.67397882717	5.30397538883
5030.0	90.0	7.56790441191	4.6665150638
5030.0	92.0	6.28722421984	4.79706197424
5030.0	94.0	14.1853483888	5.38177848354
5040.0	89.0	8.18919741553	5.27939342946
5040.0	90.0	8.05534160581	4.69157434277
5040.0	92.0	6.80054862222	4.79706197424
5040.0	94.0	13.5819449195	5.37390271015
5050.0	89.0	8.66569042372	5.2495609545
5050.0	90.0	8.54614624145	4.69348362116
5050.0	92.0	7.28440790925	4.73668104491
5050.0	94.0	13.0124263328	5.40230322631
5060.0	89.0	9.13229157176	5.21829652073
5060.0	90.0	9.03926599331	4.67988001258
5060.0	92.0	7.76069045233	4.661503208
5060.0	94.0	12.4767926288	5.46745735164
5070.0	89.0	9.60015551046	5.19204394277
5070.0	90.0	9.53217528005	4.6660377442
5070.0	92.0	8.23697299541	4.58608671129
5070.0	94.0	11.9323193902	5.54693106494
5080.0	89.0	10.0688613096	5.17032590099
5080.0	90.0	10.0234008459	4.65124083662
5080.0	92.0	8.7132555385	4.51067021458
5080.0	94.0	11.367431036	5.66005581
5090.0	89.0	10.5417764109	5.15505167381
5090.0	90.0	10.4969473426	4.62474959885
5090.0	92.0	9.18048808187	4.55840217453
5090.0	94.0	10.7758136128	5.71781148153
5100.0	89.0	11.0245833724	5.15505167381
5100.0	90.0	10.9704938392	4.59825836108
5100.0	92.0	9.64772062523	4.60613413447
5100.0	94.0	10.144418284	5.69275220256
5110.0	89.0	11.5073903339	5.15505167381
5110.0	90.0	11.4440403359	4.57176712331
5110.0	92.0	10.1149531686	4.65386609441
5110.0	94.0	9.51723225727	5.63237127324
5120.0	89.0	11.9904077605	5.15505167381
5120.0	90.0	11.9209542743	4.57057382431
5120.0	92.0	10.582185712	4.70159805435
5120.0	94.0	8.89425553277	5.53690735335
5130.0	89.0	12.5058368139	5.19085064377
5130.0	90.0	12.4012356545	4.59515578368
5130.0	92.0	11.0494182553	4.7493300143
5130.0	94.0	8.27127880828	5.44144343347
5140.0	89.0	13.0250542394	5.23070683032
5140.0	90.0	12.8815170346	4.61949908325
5140.0	92.0	11.5486414954	4.86030682116
5140.0	94.0	7.66261371125	5.40278054591
5150.0	89.0	13.5440611997	5.27032435707
5150.0	90.0	13.3617984148	4.64408104262
5150.0	92.0	12.0478647354	4.97128362803
5150.0	94.0	7.05394861421	5.36411765836
5160.0	89.0	14.0138193244	5.29967951244
5160.0	90.0	13.8353449115	4.68250527038
5160.0	92.0	12.5470879754	5.0822604349
5160.0	94.0	6.44528351717	5.32545477081
5170.0	89.0	14.4781053562	5.3278413688
5170.0	90.0	14.3044716408	4.73023723032
5170.0	92.0	13.0463112155	5.19323724176
5170.0	94.0	5.83430330393	5.30087281144
5180.0	89.0	14.9423913881	5.35576456537
5180.0	90.0	14.7733879051	4.77796919026
5180.0	92.0	13.5436402695	5.27796147066
5180.0	94.0	5.21806146295	5.30922590443
5190.0	89.0	15.4066774199	5.38392642174
5190.0	90.0	15.2425146344	4.82570115021
5190.0	92.0	14.0401274631	5.35146868897
5190.0	94.0	4.60160915685	5.31781765722
5200.0	92.0	14.5366146567	5.42497590729
5200.0	94.0	4.02240917516	5.39084755593
5210.0	92.0	15.0331018503	5.4982444658
5210.0	94.0	3.48025105277	5.52831560056
5220.0	94.0	2.93830339548	5.6655449854
5230.0	94.0	2.39235690111	5.76769137967
5240.0	94.0	1.83104645374	5.72783519312
5250.0	94.0	1.26973600637	5.68797900657
5260.0	94.0	0.677697652994	5.56554652932
5270.0	94.0	0.0778720905614	5.42235064949
6020.0	106.0	14.9777495265	4.44217485207
