230.0	4.0	15.2940785863	9.09723424548
240.0	4.0	14.6149076775	9.1623883708
240.0	5.0	15.04215185	8.56908010871
250.0	4.0	13.9357367687	9.22754249612
250.0	5.0	14.3507739649	8.5802971193
260.0	4.0	13.2403600465	9.33828064319
260.0	5.0	13.6591856147	8.59175278968
270.0	4.0	12.5291984411	9.494602812
270.0	5.0	12.9480240093	8.77289557767
280.0	4.0	11.8180368357	9.65092498081
280.0	5.0	12.2366519387	8.95379970585
290.0	4.0	11.1394973223	9.85092189297
290.0	5.0	11.5246484729	9.13422651443
300.0	4.0	10.4828461802	10.0800353007
300.0	5.0	10.8042264026	9.30868682802
310.0	4.0	9.82956247995	10.3074780898
310.0	5.0	10.0838043324	9.48314714161
320.0	4.0	9.20595436013	10.5196466518
320.0	5.0	9.38758574974	9.65283425921
330.0	4.0	8.58234624031	10.7318152137
330.0	5.0	8.71578111981	9.81798684061
340.0	4.0	7.94716253946	10.9131966615
340.0	5.0	8.04376602478	9.98337808181
350.0	4.0	7.29472069962	11.0482781081
350.0	5.0	7.38311604566	10.1358816938
360.0	4.0	6.64227885978	11.1835982146
360.0	5.0	6.72372885721	10.286953347
370.0	4.0	6.00393818229	11.3155770838
370.0	5.0	6.06413120364	10.4382636601
380.0	4.0	5.38643355065	11.4430214169
380.0	5.0	5.40979517781	10.6067574787
390.0	4.0	4.76913938411	11.5702270901
390.0	5.0	4.7556696171	10.7771605757
400.0	4.0	4.1413219621	11.6928982272
400.0	5.0	4.10238591682	10.9468476933
410.0	4.0	3.49793012198	11.8088868898
410.0	5.0	3.45415337917	11.1091363571
420.0	4.0	2.85453828185	11.9248755525
420.0	5.0	2.80592084153	11.2714250209
430.0	4.0	2.21114644173	12.0406255553
430.0	5.0	2.15853016432	11.4201100761
440.0	4.0	1.57301622934	12.1628193728
440.0	5.0	1.51177088244	11.5599647187
450.0	4.0	0.935727877395	12.2854905098
450.0	5.0	0.865011600561	11.6995807016
460.0	4.0	0.298229060339	12.4081616469
460.0	5.0	0.218252318682	11.8391966844
470.0	4.0	-0.339059291607	12.5310714438
470.0	5.0	-0.428717428307	11.979051327
500.0	6.0	15.0046890605	9.01441929498
510.0	6.0	14.5761820973	8.98052960342
520.0	6.0	14.1476751341	8.94640125206
530.0	6.0	13.7118018921	8.92181929269
540.0	6.0	13.2645635341	8.9120342409
550.0	6.0	12.8173251762	8.90201052931
560.0	6.0	12.3288356568	9.00439558339
570.0	6.0	11.8401356722	9.10654197767
580.0	6.0	11.3564868503	9.19651672216
590.0	6.0	10.8919903533	9.23780486751
600.0	6.0	10.4274938564	9.27885435306
610.0	6.0	9.9661543361	9.3256316738
620.0	6.0	9.51239155974	9.38529662373
630.0	6.0	9.05862878339	9.44496157366
640.0	6.0	8.60507647215	9.51011569898
650.0	6.0	8.15510206777	9.62538838224
660.0	6.0	7.70512766339	9.7406610655
670.0	6.0	7.25346953813	9.85163787237
680.0	6.0	6.79507652937	9.94519251386
680.0	10.0	15.159170451	8.38889195993
690.0	6.0	6.3364730555	10.0389858151
690.0	10.0	14.4715809379	8.50822185978
700.0	6.0	5.88986609287	10.123710044
700.0	10.0	13.7839914247	8.62755175964
710.0	6.0	5.46114866456	10.1943533448
710.0	10.0	13.0966123767	8.7468816595
720.0	6.0	5.03243123626	10.2649966455
720.0	10.0	12.4384879789	8.84640279598
730.0	6.0	4.57972078545	10.3642791222
730.0	10.0	11.7837310228	8.94353733446
740.0	6.0	4.11669754428	10.4754945888
740.0	10.0	11.1224496484	9.03733063575
750.0	6.0	3.6536743031	10.5869487153
750.0	10.0	10.4348601352	9.11680434905
760.0	6.0	3.17591850425	10.6816966558
760.0	10.0	9.74727062209	9.19627806236
770.0	6.0	2.69184875211	10.7690461425
770.0	10.0	9.06704738778	9.28458218825
780.0	6.0	2.20777899997	10.856634289
780.0	10.0	8.41523694327	9.4077306449
790.0	6.0	1.76790692085	10.9890904778
790.0	10.0	7.76342649876	9.53087910156
800.0	6.0	1.3469767016	11.1411167702
800.0	10.0	7.10972186826	9.6597553934
810.0	6.0	0.926046482352	11.2929044028
810.0	10.0	6.43896956388	9.83875024319
820.0	6.0	0.50048603069	11.4158141997
820.0	10.0	5.7680067944	10.017745093
830.0	6.0	0.0677697652994	11.4955265728
830.0	10.0	5.09725449002	10.1967399428
840.0	10.0	4.41618939527	10.3998394323
850.0	10.0	3.73386150987	10.6055641797
860.0	10.0	3.05174408957	10.811288927
870.0	10.0	2.40624759835	10.9384946003
880.0	10.0	1.76096157224	11.0659389333
890.0	10.0	1.11546508102	11.1931446066
900.0	10.0	0.536686029545	11.3840724463
910.0	10.0	-0.0420930219251	11.5750002861
970.0	16.0	0.471441845561	7.22661873532
980.0	16.0	1.20386042706	6.97841254362
990.0	16.0	1.93627900855	6.73020635192
1000.0	16.0	2.6478615442	6.40061716852
1010.0	16.0	3.35944407984	6.07102798511
1010.0	17.0	0.0153639530027	9.54543734934
1020.0	16.0	4.05860917402	5.71017436794
1020.0	17.0	0.492909286743	9.31608528181
1030.0	16.0	4.75651147754	5.34597951358
1030.0	17.0	0.970665085593	9.08649455449
1040.0	16.0	5.48850912881	5.06579290872
1040.0	17.0	1.44336972181	8.84043630099
1050.0	16.0	6.2207172452	4.78560630385
1050.0	17.0	1.90513017233	8.55547650013
1060.0	16.0	7.02953466149	4.59992897968
1060.0	17.0	2.36668015774	8.27075535907
1070.0	16.0	7.87139509999	4.45458516165
1070.0	17.0	2.8446464217	7.9977285482
1080.0	16.0	8.72020088711	4.35554134477
1080.0	17.0	3.38743593942	7.77147905807
1090.0	16.0	9.57974039483	4.32570886981
1090.0	17.0	3.93338243379	7.60942905406
1100.0	16.0	10.4390694374	4.29587639484
1100.0	17.0	4.48732660233	7.59701874448
1110.0	16.0	11.2809298759	4.28633000285
1110.0	17.0	5.04127077086	7.58436977509
1120.0	16.0	12.1227903144	4.27678361087
1130.0	16.0	12.9646507529	4.26723721888
1200.0	20.0	11.9906182256	8.161210511
1210.0	20.0	11.4349903362	8.27576721486
1220.0	20.0	10.8793624468	8.39032391873
1230.0	20.0	10.3580403702	8.4927089728
1240.0	20.0	9.85124038624	8.59008217109
1250.0	20.0	9.34465086737	8.68721670957
1260.0	20.0	8.7658718159	8.73494866951
1270.0	20.0	8.18709276443	8.78268062945
1280.0	20.0	7.68387068732	8.82420743461
1290.0	20.0	7.18043814509	8.86573423976
1300.0	20.0	6.66648234739	8.96764197423
1310.0	20.0	6.14789631727	9.09556362688
1310.0	23.0	14.9392344114	5.15505167381
1310.0	24.0	14.9358669697	4.4125810369
1320.0	20.0	5.62909982204	9.22324661973
1320.0	23.0	14.4997832625	5.15505167381
1320.0	24.0	14.4787367516	4.39873876852
1330.0	20.0	5.05453007277	9.4079693047
1330.0	23.0	14.0603321136	5.15505167381
1330.0	24.0	14.0218169986	4.38513515993
1340.0	20.0	4.4736463702	9.59889714447
1340.0	23.0	13.6208809647	5.15505167381
1340.0	24.0	13.5646867805	4.37153155135
1350.0	20.0	3.91465103903	9.7475821997
1350.0	23.0	13.1763786532	5.1662686844
1350.0	24.0	13.1258670269	4.34718825178
1360.0	20.0	3.38848826497	9.83278374819
1360.0	23.0	12.730613551	5.18034961258
1360.0	24.0	12.6946240173	4.31807175622
1370.0	20.0	2.86232549091	9.91798529669
1370.0	23.0	12.285058914	5.19443054076
1370.0	24.0	12.2633810077	4.28895526065
1380.0	20.0	2.32963829844	10.02132499
1380.0	23.0	11.8491856719	5.18941868497
1380.0	24.0	11.8323484631	4.25983876509
1390.0	20.0	1.79253133868	10.1363590134
1390.0	23.0	11.4282554527	5.15648363261
1390.0	24.0	11.4594042889	4.11974546265
1400.0	20.0	1.25563484403	10.2516316967
1400.0	23.0	11.0073252334	5.12330992045
1400.0	24.0	11.125606625	3.90590628211
1410.0	20.0	0.739574395224	10.3924409785
1410.0	23.0	10.5863950142	5.09013620829
1410.0	24.0	10.7918089612	3.69182844177
1420.0	20.0	0.232563946136	10.5444672709
1420.0	23.0	10.1823020037	5.03094857796
1420.0	24.0	10.4230740891	3.52452792217
1430.0	20.0	-0.274656968061	10.6962549036
1430.0	23.0	9.78241829539	4.96531713304
1430.0	24.0	10.0391857291	3.37703616595
1440.0	23.0	9.38253458711	4.89968568812
1440.0	24.0	9.65529736918	3.22954440972
1450.0	23.0	8.98265087882	4.8340542432
1450.0	24.0	9.23205203372	3.13527378884
1460.0	23.0	8.57897879856	4.76699083948
1460.0	24.0	8.71641251514	3.1651062638
1470.0	23.0	8.17404392764	4.69968877596
1470.0	24.0	8.20077299656	3.19493873876
1480.0	23.0	7.76931952183	4.63238671244
1480.0	24.0	7.68513347798	3.22477121373
1490.0	23.0	7.36459511602	4.56508464892
1490.0	24.0	7.17201954071	3.26963925607
1500.0	23.0	6.91041140944	4.53024031816
1500.0	24.0	6.66479862651	3.34911296938
1510.0	23.0	6.45075561002	4.4987372246
1510.0	24.0	6.1573672472	3.42882534248
1520.0	23.0	5.9910998106	4.46723413104
1520.0	24.0	5.65014633301	3.50829905579
1530.0	23.0	5.53460098782	4.43716299627
1530.0	24.0	5.18901727782	3.55603101573
1540.0	23.0	5.10798821061	4.4178315525
1540.0	24.0	4.79671031348	3.55603101573
1550.0	23.0	4.6813754334	4.39850010872
1550.0	24.0	4.40440334913	3.55603101573
1560.0	23.0	4.25476265619	4.37916866494
1560.0	24.0	4.0123068499	3.55603101573
1570.0	23.0	3.82814987898	4.35721196337
1570.0	24.0	3.61999988556	3.55603101573
1580.0	23.0	3.40153710177	4.331436705
1580.0	24.0	3.09636269281	3.52834647896
1590.0	23.0	2.97492432456	4.30566144663
1590.0	24.0	2.57251503495	3.5004232824
1600.0	23.0	2.54831154735	4.27964752846
1600.0	24.0	2.0488778422	3.47273874563
1610.0	23.0	2.13558946737	4.30255886923
1610.0	24.0	1.52524064946	3.44505420886
1620.0	23.0	1.72854994535	4.34647227238
1620.0	24.0	1.04011857177	3.5013779216
1630.0	23.0	1.32172088845	4.39014701573
1630.0	24.0	0.571623237743	3.59373926409
1640.0	23.0	0.914891831542	4.43382175908
1640.0	24.0	0.103127903717	3.68610060657
1650.0	23.0	0.507852309526	4.47773516222
1660.0	23.0	0.10102325262	4.52140990557
1780.0	30.0	12.813115874	9.162149711
1780.0	31.0	1.78432319941	11.0604497579
1790.0	30.0	12.2379147294	9.39293373732
1790.0	31.0	2.40014411017	10.8573502684
1800.0	30.0	11.6625031197	9.62347910385
1800.0	31.0	3.01596502093	10.654012119
1810.0	30.0	11.0908798819	9.86118426436
1810.0	31.0	3.59137663065	10.4499579903
1820.0	30.0	10.5272543184	10.1153569511
1820.0	31.0	4.14005917144	10.2454265419
1830.0	30.0	9.96383921989	10.3692909779
1830.0	31.0	4.68895217735	10.0406564337
1840.0	30.0	9.39789854011	10.6220317058
1840.0	31.0	5.32139983177	9.89936983231
1850.0	30.0	8.8226973955	10.868567279
1850.0	31.0	5.97489399716	9.77383477766
1860.0	30.0	8.2474962509	11.1151028521
1860.0	31.0	6.60860444224	9.6585620944
1870.0	30.0	7.67545208293	11.334431208
1870.0	31.0	7.23999977112	9.54424405034
1880.0	30.0	7.11687768199	11.4446920355
1880.0	31.0	7.8583462632	9.36524920056
1890.0	30.0	6.55851374615	11.5547142031
1890.0	31.0	8.46785322067	9.14305692702
1900.0	30.0	6.01193585645	11.5862172967
1900.0	31.0	9.07757064326	8.92086465349
1910.0	30.0	5.47335564092	11.5652152343
1910.0	31.0	9.74369271522	8.69389918396
1920.0	30.0	4.93477542539	11.5442131719
1920.0	31.0	10.4340182748	8.46478577624
1930.0	30.0	4.4037719538	11.513187398
1930.0	31.0	11.1281322063	8.27624453446
1940.0	30.0	3.90223359757	11.4430214169
1940.0	31.0	11.8373996258	8.24975329669
1950.0	30.0	3.40090570644	11.3728554357
1950.0	31.0	12.5468775103	8.22326205893
1960.0	30.0	2.8993673502	11.3026894546
1960.0	31.0	13.2426751627	8.20273731615
1970.0	30.0	2.38646387804	11.3933801785
1970.0	31.0	13.9252135133	8.18817906837
1980.0	30.0	1.87040342924	11.5241657488
1980.0	31.0	14.6075413987	8.17362082059
1990.0	30.0	1.35434298044	11.654951319
1990.0	31.0	15.2898692841	8.1593012326
2000.0	30.0	0.851962763764	11.7477899811
2010.0	30.0	0.355265105048	11.824161117
2020.0	30.0	-0.141432553668	11.9005322529
2200.0	37.0	6.00267539163	12.4399034003
2210.0	37.0	6.02435329792	12.1107915365
2220.0	37.0	6.04624166932	11.7816796727
2230.0	37.0	6.07233934292	11.4449306953
2240.0	37.0	6.10853934177	11.0909982123
2250.0	37.0	6.14494980574	10.7373043891
2260.0	37.0	6.17504631641	10.3785987101
2260.0	38.0	0.0650337188743	10.1358816938
2270.0	37.0	6.19609282738	10.0124945774
2270.0	38.0	0.888583692839	9.96977447323
2280.0	37.0	6.21713933834	9.64662910442
2280.0	38.0	1.7121336668	9.80366725263
2290.0	37.0	6.23271375645	9.28052497166
2290.0	38.0	2.51295340893	9.70390745635
2300.0	37.0	6.2402905004	8.9139435193
2300.0	38.0	3.29861966316	9.64829972302
2310.0	37.0	6.24786724434	8.54736206694
2310.0	38.0	4.0844963825	9.59245332988
2320.0	37.0	6.21293003615	8.21467030614
2320.0	38.0	4.89078821748	9.4962734306
2330.0	37.0	6.14979050326	7.90441256651
2330.0	38.0	5.71076028458	9.37264765435
2340.0	37.0	6.08665097037	7.59415482688
2340.0	38.0	6.53094281679	9.24926053789
2350.0	37.0	5.9801556249	7.25525791129
2350.0	38.0	7.38816720829	9.15045538081
2360.0	37.0	5.84482655941	6.89726821172
2360.0	38.0	8.26117648302	9.06191259512
2370.0	37.0	5.70970795903	6.53927851215
2370.0	38.0	9.13418575775	8.97360846923
2380.0	37.0	5.70570912195	6.25694396909
2380.0	38.0	9.94089852294	8.87814454934
2390.0	37.0	5.73475330708	5.99370221
2390.0	38.0	10.7478217532	8.78268062945
2400.0	37.0	5.7637974922	5.73022179112
2400.0	38.0	11.5545345184	8.68721670957
2410.0	38.0	12.3486193771	8.53542907695
2420.0	38.0	13.1424937706	8.38340278453
2440.0	39.0	8.66190205175	6.27412747467
2450.0	39.0	9.24636366118	6.38009242574
2460.0	39.0	9.83103573572	6.48629603661
2470.0	39.0	10.4026589735	6.56672438912
2480.0	39.0	10.9612333744	6.62185480285
2490.0	39.0	11.5198077754	6.67698521658
2500.0	39.0	11.8144589288	6.75717490929
2510.0	39.0	12.0798554321	6.84022851959
2840.0	45.0	-0.0380941848422	13.2785539365
2850.0	45.0	0.57330695862	12.9945487748
2860.0	45.0	1.18470810208	12.7103049533
2870.0	45.0	1.82767901199	12.4246291731
2880.0	45.0	2.48433015402	12.1382374134
2890.0	45.0	3.1376138543	11.8556642106
2900.0	45.0	3.77742778756	11.5883652349
2910.0	45.0	4.41724172082	11.3210662592
2920.0	45.0	5.13366495399	11.0938621299
2930.0	45.0	5.88292074425	10.8838415061
2940.0	45.0	6.61386606998	10.6740595422
2950.0	45.0	7.27156953756	10.4652322174
2950.0	46.0	15.113078592	7.65549039541
2960.0	46.0	14.4654774497	7.71062080914
2960.0	47.0	14.6913065123	8.30631566923
2970.0	46.0	13.8178763074	7.76551256308
2970.0	47.0	14.1038983913	8.35619556737
2980.0	46.0	13.1658553977	7.84403163718
2980.0	47.0	13.5148065495	8.4127579399
2990.0	46.0	12.5031007675	7.97648782602
2990.0	47.0	12.9120344755	8.53208783976
3000.0	46.0	11.8405566024	8.10918267466
3000.0	47.0	12.3092624016	8.65141773961
3010.0	46.0	11.2131601106	8.2492759771
3010.0	47.0	11.6972298628	8.8313672286
3010.0	49.0	8.89130902124	8.48149196222
3020.0	46.0	10.6093357111	8.39461979512
3020.0	47.0	11.0841449984	9.01823785177
3020.0	49.0	9.19900901151	8.33471618539
3030.0	46.0	9.99414619568	8.54187289154
3030.0	47.0	10.4348601352	9.20749507294
3030.0	49.0	9.50649853668	8.18794040857
3040.0	46.0	9.35327993687	8.69366052416
3040.0	47.0	9.76137178443	9.39842291272
3040.0	49.0	9.86176364172	8.11968370585
3040.0	50.0	0.111546508102	10.1883868498
3050.0	46.0	8.71241367806	8.84759609498
3050.0	47.0	9.0937764567	9.59030539169
3050.0	49.0	10.2643833964	8.12994607724
3050.0	50.0	0.469337194465	9.97359303003
3060.0	46.0	8.0725997448	9.01943115077
3060.0	47.0	8.47921833659	9.79077962344
3060.0	49.0	10.6615310583	8.13662855163
3060.0	50.0	0.827127880828	9.75879921028
3070.0	46.0	7.43278581154	9.19126620656
3070.0	47.0	7.86466021649	9.9912538552
3070.0	49.0	11.0374217441	8.12803679884
3070.0	50.0	1.18491856719	9.54400539054
3080.0	46.0	6.77466141374	9.36596517995
3080.0	47.0	7.23494860849	10.1974559222
3080.0	49.0	11.4133124299	8.11944504605
3080.0	50.0	1.54733948597	9.35952136536
3090.0	46.0	6.10433003958	9.54281209154
3090.0	47.0	6.59513467523	10.4074765459
3090.0	49.0	11.8453972999	8.13615123203
3090.0	50.0	1.91018133496	9.17861723718
3100.0	46.0	5.43399866542	9.71965900313
3100.0	47.0	5.95447888153	10.6065188189
3100.0	49.0	12.361878679	8.19032700657
3100.0	50.0	2.27302318396	8.9974744492
3100.0	52.0	0.11828139161	12.9160297007
3110.0	46.0	4.78513473245	9.85235385177
3110.0	47.0	5.30540448344	10.7058012955
3110.0	49.0	12.8261647108	8.26383422488
3110.0	50.0	2.59229875526	8.89055485893
3110.0	52.0	0.441976730214	12.8518302146
3120.0	46.0	4.13858591568	9.98027550442
3120.0	47.0	4.65654055046	10.805322432
3120.0	49.0	13.0810379586	8.4146672183
3120.0	50.0	2.91157432656	8.78339660885
3120.0	52.0	0.765672068818	12.7876307284
3130.0	46.0	3.48993244781	10.1055718993
3130.0	47.0	3.99525917602	10.8769203719
3130.0	49.0	13.3274926019	8.48578783861
3130.0	50.0	3.21885338661	8.68101155478
3130.0	52.0	1.07673950084	12.7468199027
3140.0	46.0	2.82107432942	10.2077182935
3140.0	47.0	3.32892663895	10.9365853219
3140.0	49.0	13.5547949203	8.37123113475
3140.0	50.0	3.41563826411	8.61943732645
3140.0	52.0	1.38233484002	12.7160327885
3150.0	46.0	2.15200574592	10.3101033476
3150.0	47.0	2.67522200845	11.0048420246
3150.0	49.0	13.7820972387	8.25667443089
3150.0	50.0	3.61263360672	8.55786309812
3150.0	52.0	1.68771971409	12.6852456744
3160.0	46.0	1.49430227834	10.4303878867
3160.0	47.0	2.05161388863	11.0931461505
3160.0	49.0	13.6286681738	8.18603113017
3160.0	50.0	3.80941848422	8.4962888698
3160.0	52.0	1.93985691542	12.6410936114
3170.0	46.0	0.862906949465	10.5921992309
3170.0	47.0	1.42800576881	11.1816889362
3170.0	49.0	13.3798984142	8.12636618024
3170.0	50.0	3.85887778498	8.48793577681
3170.0	52.0	2.156004583	12.5878724761
3180.0	46.0	0.231511620588	10.7542492349
3180.0	47.0	0.829863927253	11.2716636807
3180.0	49.0	13.1311286546	8.06670123031
3180.0	50.0	3.90854755086	8.47934402402
3180.0	52.0	2.3723627157	12.5348900005
3190.0	46.0	-0.399883708289	10.9160605791
3190.0	47.0	0.248559294468	11.3625930644
3190.0	49.0	12.8823588951	8.00703628039
3190.0	50.0	3.95800685162	8.47099093103
3190.0	52.0	2.58872084839	12.481907525
3200.0	47.0	-0.332745338318	11.4532837882
3200.0	49.0	12.6335891355	7.94737133046
3200.0	50.0	4.00746615238	8.46263783804
3200.0	52.0	2.73815107623	12.3740332955
3210.0	50.0	4.05692545314	8.45428474505
3210.0	52.0	2.88737083895	12.2663977259
3220.0	50.0	4.10659521901	8.44569299226
3220.0	52.0	3.03680106679	12.1585234964
3230.0	50.0	4.15605451978	8.43733989927
3230.0	52.0	3.17002548118	12.0000533894
3240.0	50.0	4.20551382054	8.42898680628
3240.0	52.0	3.3015661747	11.836094107
3250.0	50.0	4.39872079117	8.38030020714
3250.0	52.0	3.43310686821	11.6718961648
3260.0	50.0	4.73546496657	8.29175742144
3260.0	52.0	3.5400231439	11.4938559542
3270.0	50.0	5.07220914198	8.20297597595
3270.0	52.0	3.636205699	11.3098492486
3280.0	50.0	5.40895331738	8.11443319026
3280.0	52.0	3.7323882541	11.1256038832
3290.0	50.0	5.84166958277	7.9951032904
3290.0	52.0	3.83572662293	10.9411198581
3300.0	50.0	6.27417538305	7.87577339054
3300.0	52.0	3.96726731644	10.7547265545
3310.0	50.0	6.70689164844	7.75644349069
3310.0	52.0	4.09880800996	10.5680945911
3320.0	50.0	7.18864628437	7.63711359083
3320.0	52.0	4.23034870347	10.3817012875
3330.0	50.0	7.74385324356	7.51778369097
3330.0	52.0	4.41534753483	10.2225152011
3340.0	50.0	8.29927066786	7.39845379112
3340.0	52.0	4.60034636619	10.0635677745
3350.0	50.0	8.85468809217	7.27912389126
3350.0	52.0	4.78513473245	9.90438168811
3360.0	50.0	9.39179505193	7.09798110328
3360.0	52.0	4.98360333082	9.72896673532
3370.0	50.0	9.92406131417	6.90156408811
3370.0	52.0	5.18796495227	9.54639198854
3380.0	50.0	10.4563275764	6.70490841315
3380.0	52.0	5.39232657372	9.36381724176
3390.0	50.0	11.0109031403	6.54739294534
3390.0	52.0	5.60700098553	9.20844971214
3400.0	50.0	11.5987321915	6.44882644806
3400.0	52.0	5.84608935007	9.11632702945
3410.0	50.0	12.1865612426	6.35002129098
3410.0	52.0	6.08538817971	9.02396568697
3420.0	50.0	12.7436623878	6.28391252646
3420.0	52.0	6.32447654425	8.93184300428
3430.0	50.0	13.2698251619	6.2505001545
3430.0	52.0	6.56356490878	8.83972032159
3440.0	50.0	13.795987936	6.21708778254
3440.0	52.0	6.85505908561	8.76096258768
3450.0	50.0	14.32215071	6.18367541058
3450.0	52.0	7.15202535529	8.68363681257
3460.0	50.0	14.8483134841	6.15026303862
3460.0	52.0	7.44920209009	8.60654969727
3460.0	54.0	-0.161637204192	11.0554379021
3470.0	50.0	15.3744762581	6.11685066666
3470.0	52.0	7.77773812621	8.60631103747
3470.0	54.0	0.727998814195	10.957826044
3480.0	52.0	8.13763346367	8.68339815277
3480.0	54.0	1.61763483258	10.860214186
3490.0	52.0	8.49731833602	8.76024660828
3490.0	54.0	2.49801038615	10.7824110913
3500.0	52.0	8.85195204574	8.8289806306
3500.0	54.0	3.36891500978	10.7248940795
3510.0	52.0	9.19858808129	8.88506568353
3510.0	54.0	4.23981963341	10.6673770678
3520.0	52.0	9.54522411685	8.94138939626
3520.0	54.0	5.07747076972	10.6174971697
3530.0	52.0	9.8918601524	8.9974744492
3530.0	54.0	5.89302306951	10.5726291273
3540.0	52.0	10.2856403725	8.96668733503
3540.0	54.0	6.70857536931	10.5279997448
3550.0	52.0	10.6794205926	8.93590022087
3550.0	54.0	7.51276255319	10.4480487119
3560.0	52.0	11.0732008127	8.90511310671
3560.0	54.0	8.3001125283	10.3153538632
3570.0	52.0	11.5090740548	8.87528063174
3570.0	54.0	9.08746250341	10.1828976744
3580.0	52.0	11.9497879943	8.84544815678
3580.0	54.0	9.87607526918	10.035644578
3590.0	52.0	12.3905019339	8.81561568182
3590.0	54.0	10.6653194303	9.88218632673
3600.0	52.0	12.8173251762	8.7418698037
3600.0	54.0	11.4545635914	9.72872807552
3610.0	52.0	13.2382553954	8.64950846121
3610.0	54.0	12.2334949621	9.67598425978
3620.0	52.0	13.6591856147	8.55714711873
3620.0	54.0	13.0113740073	9.63469611443
3630.0	52.0	14.1116856004	8.47409350843
3630.0	54.0	13.805669331	9.54328941114
3640.0	52.0	14.585232097	8.39748371272
3640.0	54.0	14.6109088404	9.41870899569
3650.0	52.0	15.0587785937	8.32063525721
3650.0	54.0	15.4161483499	9.29412858024
4000.0	61.0	8.1492090447	10.2461425213
4010.0	61.0	8.4859532201	10.1411322094
4020.0	61.0	8.8226973955	10.0361218975
4030.0	61.0	9.18385552362	9.93039560628
4040.0	61.0	9.64309039282	9.82204405721
4050.0	61.0	10.102325262	9.71345384834
4060.0	61.0	10.5485112944	9.57025796851
4070.0	61.0	10.9946973268	9.42706208868
4080.0	61.0	11.3642740593	9.22587187752
4090.0	61.0	11.6570310268	8.96644867523
4100.0	61.0	11.9432635759	8.70941207094
4110.0	61.0	12.2027670561	8.46287649784
4120.0	61.0	12.4622705363	8.21634092473
4130.0	61.0	12.6735775063	7.96932803203
4140.0	61.0	12.6910461104	7.72064452073
4150.0	61.0	12.7085147145	7.47196100943
4160.0	61.0	12.5371961153	7.42971822488
4170.0	61.0	12.3187333315	7.43878729727
4180.0	61.0	12.1000600826	7.44809502946
4510.0	70.0	10.1980868869	13.3830869287
4520.0	70.0	10.227131072	13.0704425911
4530.0	70.0	10.2561752572	12.7575595937
4530.0	72.0	7.18191140086	7.59367750728
4540.0	70.0	10.2679613033	12.460428143
4540.0	72.0	6.9880730349	7.92660792788
4550.0	70.0	10.2626996756	12.1790482392
4550.0	72.0	6.79423466893	8.25953834848
4560.0	70.0	10.2572275827	11.8974296755
4560.0	72.0	6.60039630297	8.59246876908
4570.0	70.0	10.2517554899	11.6160497717
4570.0	72.0	6.31584747475	8.93780949927
4580.0	70.0	10.2725915357	11.3038827536
4580.0	72.0	5.94100911451	9.29579919884
4590.0	70.0	10.3108961857	10.9711909928
4590.0	72.0	5.56617075427	9.65378889841
4600.0	70.0	10.3492008356	10.638499232
4600.0	72.0	5.1580789067	9.98695797881
4610.0	70.0	10.3946612993	10.2967383988
4610.0	72.0	4.67232543369	10.2623713877
4620.0	70.0	10.4569589717	9.93445282287
4620.0	72.0	4.18657196067	10.5377847965
4630.0	70.0	10.5192566442	9.57192858711
4630.0	72.0	3.67261616297	10.7680915033
4640.0	70.0	10.5182043186	9.25427239369
4640.0	72.0	3.1464533889	10.979305426
4650.0	70.0	10.474638041	8.96621001543
4650.0	72.0	2.62071154506	11.1816889362
4660.0	70.0	10.4310717633	8.67814763718
4660.0	72.0	2.09875807319	11.305792032
4670.0	70.0	10.457379902	8.33567082459
4670.0	72.0	1.57680460131	11.4298951279
4680.0	70.0	10.5133636211	7.96956669183
4680.0	72.0	1.1259883365	11.5272683262
4690.0	70.0	10.5695578054	7.60370121887
4690.0	72.0	0.722526721344	11.6067420395
4700.0	70.0	10.6575322212	7.18867182717
4700.0	72.0	0.319275571302	11.6864544126
4710.0	70.0	10.7591868692	6.75240171329
4710.0	72.0	-0.0841860438502	11.7659281259
4720.0	70.0	10.860631052	6.31637025922
4730.0	70.0	10.9185089572	5.86840581515
4740.0	70.0	10.9652322115	5.4175774535
4750.0	70.0	10.8286403553	5.03691507295
4760.0	70.0	10.6922589643	4.65649135221
4770.0	70.0	10.5556671082	4.27582897167
4780.0	70.0	10.4384380421	3.87607380715
4790.0	70.0	10.3658275793	3.43168926008
4800.0	70.0	10.2932171165	2.98730471301
4810.0	70.0	10.2340764207	2.54745470214
4820.0	70.0	10.1951403754	2.11428716566
4830.0	70.0	10.1562043301	1.68111962918
4840.0	70.0	10.1149531686	1.23387116452
4850.0	70.0	10.0728601467	0.780417545063
4860.0	70.0	10.0307671248	0.326963925607
4890.0	78.0	3.54339058566	8.79461361944
4900.0	78.0	3.00775688166	8.67528371958
4910.0	78.0	2.47233364277	8.53566773675
4910.0	79.0	0.0841860438502	8.32922701
4920.0	78.0	1.94006738053	8.21276102774
4920.0	79.0	0.538369750422	8.32922701
4930.0	78.0	1.36802321257	7.9951032904
4930.0	79.0	1.00013020094	8.3246924738
4940.0	78.0	0.736627883689	7.93543834047
4940.0	79.0	1.53008134698	8.28054041086
4950.0	78.0	0.105232554813	7.87577339054
4950.0	79.0	2.06024295812	8.23638834791
4960.0	79.0	2.58177549978	8.17815535678
4960.0	82.0	14.9430227834	9.93039560628
4970.0	79.0	3.09025920463	8.09844298368
4970.0	82.0	14.3116274545	10.0597492177
4980.0	79.0	3.5989533746	8.01896927037
4980.0	82.0	13.6802321257	10.189341489
4990.0	79.0	4.15521265934	7.87410277195
4990.0	82.0	13.0488367968	10.3189337602
5000.0	79.0	4.71147194408	7.72923627352
5000.0	82.0	12.4490112343	10.4353997425
5010.0	79.0	5.27004634502	7.59105224949
5010.0	82.0	11.8626554389	10.5461378895
5020.0	79.0	5.83830214101	7.47959812302
5020.0	82.0	11.2765101086	10.6571146964
5030.0	79.0	6.406557937	7.36814399655
5030.0	82.0	10.6564798957	10.7635569671
5040.0	79.0	6.97334047722	7.2490527565
5040.0	82.0	10.0328717758	10.8695219181
5050.0	79.0	7.53465092459	7.09869708268
5050.0	82.0	9.40589621427	10.9869425396
5060.0	79.0	8.09596137197	6.94858006866
5060.0	82.0	8.76481949036	11.149708523
5070.0	79.0	8.65137879627	6.84261511758
5070.0	82.0	8.12395323155	11.3124745064
5080.0	79.0	9.20132412772	6.78104088926
5080.0	82.0	7.44583464833	11.4451693551
5090.0	79.0	9.75126945917	6.71946666093
5090.0	82.0	6.76771606512	11.5776255439
5100.0	79.0	10.3047926975	6.6593243914
5100.0	82.0	6.09864748162	11.7062631759
5110.0	79.0	10.8635775635	6.60180737967
5110.0	82.0	5.4510463393	11.8255930758
5120.0	79.0	11.4223624296	6.54429036794
5120.0	82.0	4.80344519698	11.9449229757
5130.0	79.0	11.9941961324	6.47126046923
5130.0	82.0	4.14174289232	12.026783287
5130.0	86.0	-0.163320925069	8.29175742144
5140.0	79.0	12.578868207	6.38271768354
5140.0	82.0	3.47414756459	12.0926533917
5140.0	86.0	0.548261610575	8.36001412416
5150.0	79.0	13.1633298164	6.29441355764
5150.0	82.0	2.80634177175	12.1585234964
5150.0	86.0	1.25984414622	8.42803216708
5160.0	79.0	13.7637867742	6.20276819455
5160.0	82.0	2.20525341866	12.2494528801
5160.0	86.0	2.02046505241	8.50416464319
5170.0	79.0	14.3680321039	6.11040685206
5170.0	82.0	1.62058134412	12.3465874186
5170.0	86.0	2.80213246955	8.58387701629
5180.0	79.0	14.9722774337	6.01804550957
5180.0	82.0	1.03254182782	12.4554162872
5180.0	86.0	3.58843011912	8.65141773961
5190.0	82.0	0.412722079976	12.6675848492
5190.0	86.0	4.37767428021	8.71108268954
5200.0	82.0	-0.206887202762	12.8797534111
5200.0	86.0	5.18123006876	8.73494866951
5210.0	86.0	5.99446725235	8.73494866951
5220.0	86.0	6.76455908847	8.71251464834
5230.0	86.0	7.47024860105	8.65642959541
5240.0	88.0	14.8422099959	8.29175742144
5250.0	88.0	14.3461437325	8.36001412416
5260.0	88.0	13.8500774691	8.42803216708
5270.0	88.0	13.3464344618	8.54736206694
5280.0	88.0	12.8394240127	8.68841000857
5290.0	88.0	12.3534600746	8.77385021687
5300.0	88.0	11.8887531125	8.80368269183
5310.0	88.0	11.4206787087	8.84377753818
5320.0	88.0	10.92398105	8.97742702602
5330.0	88.0	10.4272833913	9.11107651386
5340.0	88.0	9.94573922046	9.26190950728
5350.0	88.0	9.4742973749	9.42419817108
5360.0	88.0	9.00348692467	9.58815745349
5370.0	88.0	8.53877996262	9.76715230327
5380.0	88.0	8.07407300056	9.94614715306
5390.0	88.0	7.57969045805	9.96953581343
5400.0	88.0	7.07268000897	9.92609972988
5410.0	88.0	6.57808700135	9.91989457509
5420.0	88.0	6.0961219003	9.95068168925
5430.0	88.0	5.61394633415	9.98146880342
5440.0	88.0	5.11282890813	10.0327806604
5450.0	88.0	4.58308822721	10.1151182913
5460.0	88.0	4.05334754628	10.1974559222
5470.0	88.0	3.5290789582	10.2683378827
5480.0	88.0	3.01049292808	10.3280028326
5490.0	88.0	2.49169643286	10.3876677825
5500.0	88.0	1.94890691513	10.4406502581
5510.0	88.0	1.39601507215	10.4905301562
5520.0	88.0	0.84291276405	10.5404100543
5530.0	88.0	0.289810455954	10.5902899525
5540.0	88.0	-0.263291852142	10.6404085104
