800.0	2.0	13.64	5.8
810.0	2.0	12.09	5.75
820.0	2.0	11.37	5.8
830.0	2.0	10.31	5.97
840.0	2.0	9.57	6.24
850.0	2.0	8.73	6.34
850.0	4.0	-1.32	5.11
850.0	6.0	11.84	5.82
860.0	2.0	7.94	6.5
860.0	4.0	-0.33	5.06
860.0	6.0	10.91	5.92
870.0	2.0	7.17	6.62
870.0	4.0	0.76	5.0
870.0	6.0	10.0	5.89
880.0	2.0	6.47	6.68
880.0	4.0	1.76	4.89
880.0	6.0	9.09	6.02
890.0	2.0	5.86	6.82
890.0	4.0	2.81	4.83
890.0	6.0	8.23	6.04
900.0	2.0	5.24	6.98
900.0	4.0	3.8	4.77
900.0	6.0	7.4	6.15
910.0	2.0	4.87	7.16
910.0	4.0	4.97	4.69
910.0	6.0	6.52	6.15
920.0	2.0	4.51	7.58
920.0	4.0	5.97	4.7
920.0	6.0	5.7	6.21
930.0	2.0	4.2	7.3
930.0	4.0	6.97	4.67
930.0	6.0	4.96	6.1
940.0	2.0	3.95	7.71
940.0	4.0	8.12	4.95
940.0	6.0	4.08	6.2
950.0	2.0	3.47	7.86
950.0	4.0	9.11	5.01
950.0	6.0	3.31	6.2
950.0	8.0	-2.48	-0.22
960.0	2.0	2.82	8.0
960.0	4.0	10.12	5.13
960.0	6.0	2.71	6.39
960.0	8.0	-1.67	0.53
970.0	2.0	2.01	8.0
970.0	4.0	11.01	5.32
970.0	6.0	2.13	6.29
970.0	8.0	-0.93	0.96
980.0	2.0	1.28	7.82
980.0	4.0	11.93	5.47
980.0	6.0	1.52	6.17
980.0	8.0	-0.14	1.5
990.0	2.0	0.54	7.4
990.0	6.0	0.9	6.12
990.0	8.0	0.82	1.83
1000.0	2.0	-0.18	7.06
1000.0	6.0	0.48	6.01
1000.0	8.0	1.59	2.13
1010.0	2.0	-0.83	6.43
1010.0	6.0	-0.29	5.95
1010.0	8.0	2.63	2.49
1020.0	2.0	-1.52	6.05
1020.0	6.0	-0.75	5.65
1020.0	8.0	3.67	2.83
1030.0	8.0	4.46	2.72
1040.0	8.0	5.47	3.02
1050.0	8.0	6.5	3.24
1050.0	10.0	12.78	5.29
1050.0	11.0	12.51	6.19
1060.0	8.0	7.35	3.65
1060.0	10.0	12.78	5.29
1060.0	11.0	11.54	6.03
1070.0	8.0	8.29	3.92
1070.0	10.0	12.78	5.29
1070.0	11.0	10.96	5.97
1080.0	8.0	9.23	4.15
1080.0	10.0	12.78	5.29
1080.0	11.0	10.29	6.12
1090.0	8.0	10.08	4.34
1090.0	10.0	12.8	5.26
1090.0	11.0	9.88	6.21
1100.0	8.0	10.89	4.53
1100.0	10.0	12.91	5.25
1100.0	11.0	9.54	6.09
1100.0	16.0	12.1	5.49
1100.0	17.0	13.05	6.62
1110.0	8.0	11.59	4.68
1110.0	11.0	8.87	5.99
1110.0	16.0	11.21	5.8
1110.0	17.0	12.14	7.06
1120.0	8.0	12.28	4.93
1120.0	11.0	8.04	5.66
1120.0	16.0	10.41	5.86
1120.0	17.0	11.25	7.24
1120.0	20.0	12.81	6.52
1130.0	8.0	12.93	5.1
1130.0	11.0	7.17	5.45
1130.0	16.0	9.57	5.82
1130.0	17.0	10.38	7.44
1130.0	20.0	12.07	6.94
1140.0	11.0	6.43	5.23
1140.0	16.0	8.85	5.63
1140.0	17.0	9.59	7.47
1140.0	20.0	11.12	7.33
1150.0	11.0	5.67	5.16
1150.0	16.0	8.01	5.6
1150.0	17.0	8.68	7.67
1150.0	20.0	10.12	7.5
1160.0	11.0	4.94	4.95
1160.0	16.0	7.24	5.38
1160.0	17.0	7.57	7.95
1160.0	20.0	8.99	7.48
1170.0	11.0	4.26	4.71
1170.0	16.0	6.62	5.39
1170.0	17.0	6.77	7.97
1170.0	20.0	7.98	7.51
1180.0	11.0	3.54	4.54
1180.0	16.0	5.77	5.36
1180.0	17.0	5.91	8.16
1180.0	20.0	7.05	7.62
1190.0	11.0	2.82	4.35
1190.0	16.0	4.99	5.22
1190.0	17.0	4.93	8.13
1190.0	20.0	5.9	7.71
1200.0	11.0	2.16	4.19
1200.0	16.0	4.16	5.19
1200.0	17.0	3.5	8.04
1200.0	20.0	4.87	7.68
1210.0	11.0	1.39	3.97
1210.0	16.0	3.41	5.0
1210.0	17.0	2.44	7.9
1210.0	20.0	3.91	7.71
1220.0	11.0	0.71	3.72
1220.0	16.0	2.54	5.01
1220.0	17.0	1.48	7.63
1220.0	20.0	2.95	7.8
1220.0	22.0	11.86	5.17
1230.0	11.0	0.01	3.41
1230.0	16.0	1.66	4.83
1230.0	17.0	0.53	7.31
1230.0	20.0	1.93	7.8
1230.0	22.0	10.95	4.94
1240.0	11.0	-0.63	3.08
1240.0	16.0	0.85	4.84
1240.0	17.0	-0.36	6.97
1240.0	20.0	0.95	7.68
1240.0	22.0	9.91	4.75
1250.0	22.0	8.85	4.57
1260.0	22.0	7.86	4.39
1270.0	22.0	6.83	4.22
1280.0	22.0	5.63	3.98
1280.0	23.0	9.46	5.4
1290.0	22.0	4.67	3.78
1290.0	23.0	8.41	5.24
1300.0	22.0	3.67	3.55
1300.0	23.0	7.35	5.18
1310.0	22.0	2.7	3.31
1310.0	23.0	6.37	5.23
1320.0	22.0	1.81	2.84
1320.0	23.0	5.45	5.18
1330.0	22.0	0.82	2.5
1330.0	23.0	4.58	5.26
1340.0	22.0	-0.05	2.23
1340.0	23.0	3.55	5.29
1340.0	27.0	10.17	4.86
1350.0	22.0	-0.91	1.87
1350.0	23.0	2.59	5.42
1350.0	27.0	9.21	4.56
1360.0	22.0	-2.02	1.55
1360.0	23.0	1.52	5.42
1360.0	27.0	8.09	4.38
1370.0	23.0	0.48	5.34
1370.0	27.0	6.97	4.29
1380.0	27.0	5.8	4.23
1390.0	27.0	4.65	4.2
1450.0	30.0	3.08	2.76
1460.0	30.0	3.84	3.11
1470.0	30.0	4.4	3.13
1480.0	30.0	5.15	3.33
1490.0	30.0	5.91	3.45
1490.0	31.0	11.2	5.57
1500.0	30.0	6.78	3.53
1500.0	31.0	9.98	5.5
1510.0	30.0	7.64	3.7
1510.0	31.0	8.73	5.18
1520.0	30.0	8.42	3.89
1520.0	31.0	7.63	5.05
1530.0	30.0	9.18	4.03
1530.0	31.0	6.46	4.94
1530.0	33.0	13.1	6.2
1540.0	30.0	9.92	4.16
1540.0	31.0	5.4	4.97
1540.0	33.0	12.12	6.46
1550.0	30.0	10.67	4.32
1550.0	31.0	4.36	5.18
1550.0	33.0	11.31	6.59
1560.0	30.0	11.47	4.53
1560.0	31.0	3.3	5.22
1560.0	33.0	10.51	6.7
1570.0	30.0	12.22	4.83
1570.0	31.0	2.26	5.33
1570.0	33.0	9.66	6.78
1580.0	33.0	8.81	6.95
1590.0	33.0	7.96	7.14
1600.0	33.0	7.11	7.21
1610.0	33.0	6.29	7.28
1620.0	33.0	5.36	7.44
1630.0	33.0	4.48	7.73
1640.0	33.0	3.57	8.01
1650.0	33.0	2.85	8.3
1660.0	33.0	2.02	8.57
1670.0	33.0	0.96	9.03
1680.0	33.0	0.19	9.45
1930.0	38.0	10.9	4.26
1940.0	38.0	9.56	3.88
1950.0	38.0	8.21	3.63
1960.0	38.0	6.86	3.4
1970.0	38.0	5.58	3.13
1970.0	39.0	11.13	5.34
1980.0	38.0	4.39	3.0
1980.0	39.0	9.81	5.26
1990.0	38.0	2.93	2.94
1990.0	39.0	8.47	5.21
2000.0	38.0	1.61	2.86
2000.0	39.0	7.17	5.13
2010.0	38.0	0.37	2.62
2010.0	39.0	5.79	4.92
2020.0	38.0	-0.8	1.92
2020.0	39.0	4.52	4.83
2030.0	38.0	-1.74	1.01
2030.0	39.0	3.25	4.68
2040.0	39.0	1.99	4.55
2050.0	39.0	0.72	4.56
2060.0	39.0	-0.55	4.5
2120.0	42.0	12.54	5.16
2130.0	42.0	11.73	5.34
2130.0	43.0	13.18	5.2
2140.0	42.0	10.95	5.36
2140.0	43.0	12.28	5.28
2150.0	42.0	10.19	5.49
2150.0	43.0	11.31	5.35
2160.0	42.0	9.25	5.45
2160.0	43.0	10.37	5.32
2170.0	42.0	8.38	5.43
2170.0	43.0	9.39	5.21
2180.0	42.0	7.61	5.28
2180.0	43.0	8.53	5.04
2190.0	42.0	6.74	5.18
2190.0	43.0	7.68	4.89
2200.0	42.0	5.85	5.13
2200.0	43.0	6.78	4.81
2210.0	42.0	5.0	4.91
2210.0	43.0	5.93	4.71
2210.0	47.0	12.84	5.19
2220.0	42.0	4.18	4.88
2220.0	43.0	5.05	4.64
2220.0	47.0	11.56	4.72
2230.0	42.0	3.33	4.74
2230.0	43.0	4.19	4.49
2230.0	47.0	10.41	4.34
2240.0	42.0	2.4	4.59
2240.0	43.0	3.26	4.33
2240.0	47.0	9.26	3.93
2250.0	42.0	1.42	4.39
2250.0	43.0	2.3	4.05
2250.0	47.0	8.29	3.63
2260.0	42.0	0.51	4.2
2260.0	43.0	1.15	3.51
2260.0	47.0	6.9	3.22
2270.0	42.0	-0.32	4.03
2270.0	43.0	0.07	3.05
2270.0	47.0	5.57	3.01
2280.0	42.0	-1.25	3.61
2280.0	43.0	-0.79	2.67
2280.0	47.0	4.52	2.82
2290.0	42.0	-1.74	3.15
2290.0	43.0	-1.73	2.2
2290.0	47.0	3.38	2.61
2300.0	47.0	2.72	2.4
2860.0	50.0	7.5	7.25
2860.0	51.0	7.05	8.44
2860.0	52.0	8.09	8.84
2860.0	53.0	4.66	6.69
2860.0	55.0	2.09	3.92
2870.0	50.0	6.43	7.55
2870.0	51.0	7.05	8.44
2870.0	52.0	8.09	8.84
2870.0	53.0	5.88	6.59
2870.0	55.0	3.11	4.09
2880.0	50.0	5.34	7.82
2880.0	51.0	7.05	8.44
2880.0	52.0	8.09	8.84
2880.0	53.0	7.16	6.58
2880.0	55.0	4.27	4.14
2890.0	50.0	4.28	8.12
2890.0	51.0	7.05	8.44
2890.0	52.0	8.09	8.84
2890.0	53.0	8.37	6.64
2890.0	55.0	5.39	4.29
2900.0	50.0	3.22	8.38
2900.0	51.0	7.05	8.44
2900.0	52.0	8.09	8.84
2900.0	53.0	9.59	6.68
2900.0	55.0	6.52	4.44
2910.0	50.0	2.15	8.75
2910.0	51.0	7.05	8.44
2910.0	52.0	8.09	8.84
2910.0	53.0	10.83	6.8
2910.0	55.0	7.44	4.48
2920.0	50.0	1.12	9.16
2920.0	51.0	7.05	8.44
2920.0	52.0	8.09	8.84
2920.0	53.0	12.24	6.7
2920.0	55.0	8.88	4.54
2930.0	50.0	0.12	9.62
2930.0	51.0	7.05	8.44
2930.0	52.0	8.09	8.84
2930.0	55.0	9.98	4.68
2940.0	51.0	7.05	8.44
2940.0	52.0	8.09	8.84
2940.0	55.0	11.25	4.85
2950.0	51.0	7.05	8.44
2950.0	52.0	8.09	8.84
2950.0	55.0	12.49	5.52
2960.0	51.0	7.05	8.44
2960.0	52.0	8.09	8.84
2970.0	51.0	7.05	8.44
2970.0	52.0	8.09	8.84
2980.0	51.0	7.05	8.44
2980.0	52.0	8.09	8.84
2990.0	51.0	7.05	8.44
2990.0	52.0	8.09	8.84
3000.0	51.0	7.05	8.44
3000.0	52.0	8.09	8.84
3010.0	51.0	6.93	8.26
3010.0	52.0	8.09	8.84
3010.0	59.0	-1.06	1.16
3020.0	51.0	6.87	8.09
3020.0	52.0	8.09	8.84
3020.0	59.0	-0.16	1.58
3030.0	51.0	7.02	7.91
3030.0	52.0	8.09	8.84
3030.0	59.0	0.89	2.07
3040.0	51.0	7.07	7.78
3040.0	52.0	8.09	8.84
3040.0	59.0	1.8	2.54
3050.0	51.0	7.1	7.82
3050.0	52.0	8.09	8.84
3050.0	59.0	2.78	2.76
3060.0	51.0	6.77	8.09
3060.0	52.0	8.09	8.84
3060.0	59.0	3.82	3.05
3070.0	51.0	6.77	8.09
3070.0	52.0	8.07	8.84
3070.0	59.0	4.72	3.32
3080.0	51.0	6.77	8.09
3080.0	52.0	8.05	8.83
3080.0	59.0	5.78	3.51
3090.0	51.0	6.77	8.13
3090.0	52.0	8.05	8.8
3090.0	59.0	6.83	3.7
3100.0	51.0	6.78	8.17
3100.0	52.0	8.05	8.8
3100.0	59.0	7.85	3.93
3100.0	62.0	13.26	6.28
3110.0	51.0	6.62	8.55
3110.0	52.0	8.05	8.8
3110.0	59.0	8.86	4.13
3110.0	62.0	12.16	6.41
3120.0	51.0	6.41	8.7
3120.0	52.0	8.05	8.8
3120.0	59.0	9.93	4.33
3120.0	62.0	11.08	6.27
3130.0	51.0	6.36	8.76
3130.0	52.0	8.05	8.8
3130.0	59.0	10.99	4.58
3130.0	62.0	10.0	6.03
3140.0	51.0	6.35	8.69
3140.0	52.0	8.05	8.8
3140.0	59.0	12.03	4.74
3140.0	62.0	8.98	5.74
3150.0	51.0	6.4	8.49
3150.0	52.0	8.05	8.8
3150.0	62.0	7.95	5.34
3160.0	51.0	6.4	8.49
3160.0	52.0	8.05	8.8
3160.0	62.0	6.9	5.19
3170.0	51.0	6.4	8.49
3170.0	52.0	8.05	8.8
3170.0	62.0	5.87	4.97
3180.0	51.0	6.4	8.49
3180.0	52.0	8.05	8.8
3180.0	62.0	4.87	4.73
3190.0	51.0	6.4	8.49
3190.0	52.0	8.05	8.8
3190.0	62.0	3.84	4.43
3200.0	51.0	6.4	8.49
3200.0	52.0	7.99	8.8
3200.0	62.0	2.84	4.11
3210.0	51.0	6.4	8.49
3210.0	52.0	7.96	8.77
3210.0	62.0	1.88	3.84
3220.0	51.0	6.4	8.49
3220.0	52.0	7.96	8.77
3220.0	62.0	0.85	3.54
3230.0	51.0	6.4	8.49
3230.0	52.0	7.96	8.77
3230.0	62.0	-0.1	3.18
3240.0	51.0	6.4	8.49
3240.0	52.0	7.96	8.77
3240.0	62.0	-1.05	2.77
3250.0	62.0	-1.82	2.14
3650.0	65.0	3.91	7.35
3650.0	68.0	-2.14	0.04
3660.0	65.0	3.16	7.37
3660.0	68.0	-1.28	0.68
3670.0	65.0	2.3	7.29
3670.0	68.0	-0.11	1.25
3680.0	65.0	1.54	7.24
3680.0	68.0	0.98	1.73
3690.0	68.0	2.06	2.16
3700.0	68.0	3.17	2.42
3710.0	68.0	4.41	2.82
3720.0	68.0	5.69	3.21
3730.0	68.0	6.73	3.7
3740.0	68.0	7.86	4.11
3750.0	68.0	9.04	4.48
3760.0	68.0	10.11	4.9
3770.0	68.0	11.27	5.12
4160.0	69.0	9.85	4.8
4170.0	69.0	8.92	4.5
4180.0	69.0	7.79	4.22
4190.0	69.0	6.65	3.94
4200.0	69.0	5.38	3.61
4200.0	70.0	-2.66	4.51
4210.0	69.0	4.37	3.45
4210.0	70.0	-1.61	4.48
4220.0	69.0	3.22	3.32
4220.0	70.0	-0.73	4.63
4220.0	74.0	12.45	4.92
4220.0	75.0	12.7	5.68
4220.0	76.0	11.93	5.99
4230.0	69.0	2.07	3.13
4230.0	70.0	0.27	4.67
4230.0	74.0	11.75	4.81
4230.0	75.0	11.75	5.48
4230.0	76.0	11.23	6.01
4240.0	69.0	0.96	2.92
4240.0	70.0	1.3	4.72
4240.0	74.0	10.94	4.57
4240.0	75.0	10.78	5.42
4240.0	76.0	10.22	5.9
4250.0	69.0	-0.28	2.76
4250.0	70.0	2.12	4.75
4250.0	74.0	10.01	4.39
4250.0	75.0	9.84	5.12
4250.0	76.0	9.28	5.61
4260.0	69.0	-1.19	2.66
4260.0	70.0	3.16	4.84
4260.0	74.0	9.07	4.16
4260.0	75.0	8.98	4.85
4260.0	76.0	8.41	5.42
4270.0	70.0	3.73	5.01
4270.0	74.0	8.22	3.88
4270.0	75.0	8.17	4.5
4270.0	76.0	7.47	5.01
4280.0	70.0	4.57	5.09
4280.0	74.0	7.35	3.54
4280.0	75.0	7.3	4.22
4280.0	76.0	6.58	4.78
4290.0	70.0	5.41	5.21
4290.0	74.0	6.4	3.13
4290.0	75.0	6.49	3.99
4290.0	76.0	5.77	4.48
4300.0	70.0	6.2	5.28
4300.0	74.0	5.56	2.96
4300.0	75.0	5.58	3.83
4300.0	76.0	4.88	4.32
4310.0	70.0	7.2	5.31
4310.0	74.0	4.51	2.67
4310.0	75.0	4.59	3.59
4310.0	76.0	3.94	4.1
4320.0	70.0	7.86	5.24
4320.0	74.0	3.64	2.42
4320.0	75.0	3.7	3.34
4320.0	76.0	3.05	3.7
4330.0	70.0	8.74	5.44
4330.0	74.0	2.66	2.27
4330.0	75.0	2.72	3.13
4330.0	76.0	2.01	3.45
4340.0	70.0	9.6	5.51
4340.0	74.0	1.7	2.07
4340.0	75.0	1.79	2.89
4340.0	76.0	1.03	3.19
4350.0	70.0	10.43	5.4
4350.0	74.0	0.86	1.71
4350.0	75.0	0.85	2.58
4350.0	76.0	-0.0	2.9
4360.0	70.0	11.04	5.84
4360.0	74.0	-0.12	1.35
4360.0	75.0	0.0	2.19
4360.0	76.0	-0.88	2.48
4360.0	80.0	-2.27	5.91
4370.0	74.0	-0.96	0.92
4370.0	75.0	-0.84	1.71
4370.0	76.0	-1.65	2.03
4370.0	80.0	-1.17	6.1
4380.0	80.0	-0.05	6.16
4390.0	80.0	0.99	6.37
4400.0	80.0	2.36	6.36
4410.0	80.0	3.48	6.2
4420.0	80.0	4.62	6.28
4420.0	81.0	-4.98	5.09
4430.0	80.0	5.82	6.19
4430.0	81.0	-3.95	5.06
4440.0	80.0	7.0	6.02
4440.0	81.0	-2.81	5.08
4450.0	80.0	8.09	5.86
4450.0	81.0	-1.57	5.15
4460.0	80.0	9.32	5.73
4460.0	81.0	-0.39	5.22
4470.0	80.0	10.55	5.79
4470.0	81.0	0.74	5.28
4480.0	80.0	11.69	5.87
4480.0	81.0	1.83	5.31
4490.0	81.0	2.99	5.3
4500.0	81.0	4.22	5.27
4510.0	81.0	5.34	5.27
4520.0	81.0	6.52	5.29
4530.0	81.0	7.72	5.23
4540.0	81.0	8.91	5.18
4550.0	81.0	10.09	5.25
4560.0	81.0	11.27	5.37
4570.0	81.0	12.43	5.45
4600.0	83.0	11.39	4.7
4610.0	83.0	10.34	4.58
4620.0	83.0	9.27	4.51
4630.0	83.0	8.27	4.54
4630.0	84.0	-0.73	9.29
4640.0	83.0	7.33	4.47
4640.0	84.0	0.02	8.92
4650.0	83.0	6.34	4.41
4650.0	84.0	0.76	8.61
4660.0	83.0	5.35	4.26
4660.0	84.0	1.53	8.26
4670.0	83.0	4.41	4.12
4670.0	84.0	2.33	7.84
4680.0	83.0	3.47	4.01
4680.0	84.0	3.12	7.46
4690.0	83.0	2.48	3.77
4690.0	84.0	3.96	6.94
4700.0	83.0	1.49	3.66
4700.0	84.0	4.78	6.54
4700.0	86.0	12.34	4.79
4710.0	83.0	0.54	3.59
4710.0	84.0	5.59	6.18
4710.0	86.0	11.33	4.49
4720.0	83.0	-0.46	3.52
4720.0	84.0	6.43	5.93
4720.0	86.0	10.11	4.23
4720.0	87.0	11.99	5.08
4730.0	83.0	-1.5	3.48
4730.0	84.0	7.29	5.8
4730.0	86.0	8.97	3.78
4730.0	87.0	10.88	4.72
4730.0	89.0	-1.74	6.64
4730.0	90.0	0.43	9.54
4740.0	84.0	8.15	5.66
4740.0	86.0	7.82	3.49
4740.0	87.0	9.71	4.49
4740.0	89.0	-0.68	6.48
4740.0	90.0	1.48	9.08
4750.0	84.0	9.04	5.58
4750.0	86.0	6.69	3.26
4750.0	87.0	8.67	4.07
4750.0	89.0	0.41	6.5
4750.0	90.0	2.68	8.69
4750.0	91.0	12.18	5.35
4760.0	84.0	9.92	5.56
4760.0	86.0	5.47	2.95
4760.0	87.0	7.51	3.81
4760.0	89.0	1.49	6.57
4760.0	90.0	3.8	8.3
4760.0	91.0	11.16	5.09
4770.0	84.0	10.78	5.43
4770.0	86.0	4.38	2.77
4770.0	87.0	6.36	3.69
4770.0	89.0	2.48	6.54
4770.0	90.0	4.95	7.72
4770.0	91.0	10.21	4.73
4780.0	84.0	11.67	5.1
4780.0	86.0	3.13	2.55
4780.0	87.0	5.29	3.39
4780.0	89.0	3.53	6.52
4780.0	90.0	6.16	7.25
4780.0	91.0	9.22	4.43
4790.0	86.0	2.03	2.18
4790.0	87.0	4.51	3.22
4790.0	89.0	4.61	6.51
4790.0	90.0	7.5	6.89
4790.0	91.0	8.21	4.13
4800.0	86.0	0.99	1.77
4800.0	87.0	3.13	3.03
4800.0	89.0	5.69	6.5
4800.0	90.0	8.69	6.58
4800.0	91.0	7.18	3.89
4810.0	86.0	0.17	1.22
4810.0	87.0	2.05	2.82
4810.0	89.0	6.8	6.47
4810.0	90.0	9.93	6.24
4810.0	91.0	6.18	3.77
4810.0	92.0	-1.3	4.98
4820.0	86.0	-0.75	0.55
4820.0	87.0	1.21	2.55
4820.0	89.0	7.86	6.39
4820.0	90.0	11.06	5.98
4820.0	91.0	5.17	3.62
4820.0	92.0	-0.35	5.08
4830.0	86.0	-1.75	0.04
4830.0	87.0	0.22	2.4
4830.0	89.0	9.06	6.25
4830.0	90.0	12.31	5.85
4830.0	91.0	4.13	3.47
4830.0	92.0	0.44	4.92
4840.0	86.0	-2.32	-0.63
4840.0	87.0	-0.65	2.05
4840.0	89.0	10.03	6.13
4840.0	91.0	3.12	3.3
4840.0	92.0	1.37	4.93
4850.0	86.0	-2.96	-1.43
4850.0	87.0	-1.57	1.41
4850.0	89.0	10.97	6.0
4850.0	91.0	2.12	3.02
4850.0	92.0	2.36	4.92
4860.0	86.0	-3.54	-2.3
4860.0	87.0	-2.41	0.9
4860.0	89.0	11.97	5.85
4860.0	91.0	1.15	2.72
4860.0	92.0	3.37	4.89
4870.0	86.0	-4.16	-3.17
4870.0	87.0	-3.09	0.16
4870.0	89.0	13.03	5.61
4870.0	91.0	0.22	2.33
4870.0	92.0	4.28	5.0
4880.0	87.0	-3.89	-0.7
4880.0	91.0	-0.7	1.82
4880.0	92.0	5.18	4.87
4890.0	92.0	6.06	4.82
4890.0	96.0	-2.79	5.55
4900.0	92.0	7.05	4.78
4900.0	96.0	-1.66	5.47
4900.0	97.0	12.76	6.78
4910.0	92.0	8.03	4.84
4910.0	96.0	-0.5	5.48
4910.0	97.0	12.0	6.96
4920.0	92.0	8.95	4.89
4920.0	96.0	0.64	5.52
4920.0	97.0	11.21	7.13
4930.0	92.0	9.9	4.89
4930.0	96.0	1.75	5.58
4930.0	97.0	10.34	7.26
4940.0	92.0	10.78	4.87
4940.0	96.0	2.9	5.63
4940.0	97.0	9.47	7.22
4940.0	99.0	12.92	6.28
4950.0	92.0	11.69	4.85
4950.0	96.0	3.98	5.77
4950.0	97.0	8.59	7.12
4950.0	99.0	12.12	6.43
4960.0	92.0	12.57	4.81
4960.0	96.0	5.1	5.75
4960.0	97.0	7.74	6.94
4960.0	99.0	11.39	6.5
4970.0	96.0	6.24	5.77
4970.0	97.0	6.92	6.82
4970.0	99.0	10.6	6.58
4970.0	101.0	12.72	6.41
4980.0	96.0	7.2	5.79
4980.0	97.0	6.12	6.62
4980.0	99.0	9.86	6.49
4980.0	101.0	11.61	6.48
4990.0	96.0	7.99	5.75
4990.0	97.0	5.3	6.53
4990.0	99.0	9.06	6.47
4990.0	101.0	10.72	6.53
5110.0	103.0	3.76	4.07
5110.0	104.0	3.7	5.02
5110.0	105.0	3.54	6.15
5110.0	106.0	5.26	6.57
5110.0	110.0	-3.0	5.3
5120.0	103.0	2.8	3.57
5120.0	104.0	2.92	4.64
5120.0	105.0	2.68	5.6
5120.0	106.0	4.35	6.37
5120.0	110.0	-2.07	5.44
5130.0	103.0	2.16	3.16
5130.0	104.0	2.0	4.16
5130.0	105.0	1.86	5.08
5130.0	106.0	3.6	5.91
5130.0	110.0	-1.12	5.6
5140.0	103.0	1.46	2.71
5140.0	104.0	1.38	3.72
5140.0	105.0	1.07	4.58
5140.0	106.0	2.85	5.39
5140.0	110.0	-0.39	5.84
5150.0	103.0	0.73	2.3
5150.0	104.0	0.67	3.22
5150.0	105.0	0.24	4.05
5150.0	106.0	2.32	4.7
5150.0	110.0	0.53	6.07
5160.0	103.0	-0.1	1.84
5160.0	104.0	-0.13	2.73
5160.0	105.0	-0.62	3.57
5160.0	106.0	1.75	4.0
5160.0	110.0	1.4	6.25
5170.0	103.0	-0.92	1.52
5170.0	104.0	-1.0	2.38
5170.0	105.0	-1.35	2.88
5170.0	106.0	0.87	3.45
5170.0	110.0	2.23	6.32
5180.0	103.0	-1.61	0.91
5180.0	104.0	-1.77	1.6
5180.0	105.0	-2.14	2.15
5180.0	106.0	0.2	2.85
5180.0	110.0	3.11	6.3
5190.0	110.0	3.98	6.28
5200.0	110.0	4.87	6.27
5210.0	110.0	5.82	6.19
5220.0	110.0	6.71	6.14
5220.0	112.0	12.64	5.35
5230.0	110.0	7.65	6.13
5230.0	112.0	11.5	5.11
5240.0	110.0	8.56	6.09
5240.0	112.0	10.21	4.79
5250.0	110.0	9.48	5.95
5250.0	112.0	8.92	4.63
5260.0	110.0	10.46	6.1
5260.0	112.0	7.63	4.67
5270.0	110.0	11.36	6.02
5270.0	112.0	6.45	4.68
5280.0	110.0	12.21	5.97
5280.0	112.0	5.25	4.71
5290.0	110.0	12.95	5.87
5290.0	112.0	4.09	4.71
5300.0	112.0	2.95	4.7
5310.0	112.0	1.78	4.64
5320.0	112.0	0.59	4.56
5330.0	112.0	-0.56	4.49
5410.0	114.0	12.2	4.99
5420.0	114.0	11.5	4.78
5430.0	114.0	10.82	4.49
5430.0	115.0	-1.73	0.53
5440.0	114.0	10.32	4.24
5440.0	115.0	-1.73	0.53
5440.0	116.0	-0.55	1.19
5450.0	114.0	9.74	4.07
5450.0	116.0	0.59	1.83
5460.0	114.0	9.18	3.89
5460.0	116.0	1.71	2.36
5470.0	114.0	8.41	3.73
5470.0	116.0	2.95	2.92
5480.0	114.0	7.8	3.62
5480.0	116.0	4.11	3.44
5490.0	114.0	6.8	3.21
5490.0	116.0	5.35	3.85
5500.0	114.0	5.82	2.9
5500.0	116.0	6.63	4.07
5510.0	114.0	4.88	2.71
5510.0	116.0	7.79	4.31
5520.0	114.0	4.03	2.51
5520.0	116.0	8.96	4.5
5530.0	114.0	3.01	2.33
5530.0	116.0	10.18	4.59
5540.0	114.0	1.93	2.09
5540.0	116.0	11.38	4.8
5550.0	114.0	0.82	1.73
5550.0	116.0	12.59	4.98
5560.0	114.0	-0.04	1.29
5570.0	114.0	-1.09	0.73
5620.0	120.0	12.13	6.5
5630.0	120.0	11.31	6.81
6230.0	121.0	10.73	5.96
6240.0	121.0	9.8	6.2
6250.0	121.0	8.86	6.38
6260.0	121.0	7.79	6.62
6270.0	121.0	6.88	6.85
6280.0	121.0	6.01	7.01
6290.0	121.0	5.14	7.18
6300.0	121.0	4.25	7.31
6310.0	121.0	3.29	7.63
6320.0	121.0	2.4	7.86
6330.0	121.0	1.52	8.07
6340.0	121.0	0.71	8.43
6340.0	124.0	9.9	6.58
6350.0	121.0	-0.1	8.8
6350.0	124.0	8.75	6.63
6360.0	121.0	-0.84	9.26
6360.0	124.0	7.57	6.61
6370.0	121.0	-1.6	9.7
6370.0	124.0	6.4	6.47
6380.0	124.0	5.26	6.28
6390.0	124.0	4.11	6.12
6400.0	124.0	2.99	6.0
6410.0	124.0	1.85	5.79
6420.0	124.0	0.75	5.5
6420.0	127.0	-5.45	7.31
6430.0	124.0	-0.28	5.05
6430.0	127.0	-4.56	7.42
6440.0	124.0	-1.26	4.41
6440.0	127.0	-3.66	7.48
6450.0	124.0	-2.33	3.58
6450.0	127.0	-2.72	7.42
6460.0	127.0	-1.59	7.31
6470.0	127.0	-0.59	7.22
6480.0	127.0	0.36	7.14
6490.0	127.0	1.32	7.05
6500.0	127.0	2.28	6.9
6510.0	127.0	3.16	6.66
6520.0	127.0	4.1	6.43
6530.0	127.0	5.01	6.31
6540.0	127.0	5.92	6.23
6550.0	127.0	6.84	6.22
6560.0	127.0	7.72	6.19
6570.0	127.0	8.67	6.17
6580.0	127.0	9.53	6.23
6590.0	127.0	10.39	6.23
6590.0	129.0	13.16	4.09
6600.0	127.0	11.2	6.25
6600.0	129.0	13.2	3.55
6610.0	127.0	12.02	6.08
6610.0	129.0	13.2	3.55
6810.0	132.0	11.98	5.84
6820.0	132.0	10.83	5.96
6830.0	132.0	9.66	6.05
6830.0	134.0	-2.27	11.61
6840.0	132.0	8.51	6.16
6840.0	134.0	-1.42	10.84
6840.0	136.0	12.44	5.99
6850.0	132.0	7.34	6.15
6850.0	134.0	-0.34	10.17
6850.0	136.0	11.54	6.36
6860.0	132.0	6.18	6.15
6860.0	134.0	0.61	9.59
6860.0	136.0	10.48	6.6
6870.0	132.0	4.99	6.22
6870.0	134.0	1.75	9.22
6870.0	136.0	9.41	6.77
6880.0	132.0	3.86	6.24
6880.0	134.0	2.87	9.05
6880.0	136.0	8.39	6.83
6890.0	132.0	2.58	6.29
6890.0	134.0	4.13	8.74
6890.0	136.0	7.29	6.94
6900.0	132.0	1.41	6.37
6900.0	134.0	5.25	8.44
6900.0	136.0	6.17	7.13
6910.0	132.0	0.31	6.42
6910.0	134.0	6.36	8.22
6910.0	136.0	5.1	7.48
6920.0	132.0	-0.93	6.39
6920.0	134.0	7.55	7.8
6920.0	136.0	3.98	7.81
6920.0	140.0	-3.83	-2.44
6930.0	132.0	-2.03	6.35
6930.0	134.0	8.71	7.38
6930.0	136.0	2.92	8.24
6930.0	140.0	-3.44	-1.6
6940.0	132.0	-3.08	6.52
6940.0	134.0	9.81	6.97
6940.0	136.0	1.86	8.69
6940.0	140.0	-2.84	-0.75
6950.0	132.0	-4.13	6.77
6950.0	134.0	10.99	6.53
6950.0	136.0	1.03	9.06
6950.0	140.0	-2.07	0.08
6960.0	134.0	12.13	6.19
6960.0	136.0	-0.09	9.54
6960.0	140.0	-1.04	0.7
6970.0	134.0	13.11	5.88
6970.0	136.0	-0.92	9.99
6970.0	140.0	-0.23	1.27
6970.0	141.0	-3.48	11.52
6980.0	136.0	-1.77	10.62
6980.0	140.0	0.86	1.65
6980.0	141.0	-3.0	10.65
6980.0	142.0	-5.15	4.12
6980.0	143.0	-4.93	5.21
6990.0	136.0	-2.75	11.29
6990.0	140.0	1.84	2.07
6990.0	141.0	-1.88	9.81
6990.0	142.0	-4.25	4.15
6990.0	143.0	-3.95	5.24
7000.0	136.0	-3.33	12.05
7000.0	140.0	2.81	2.37
7000.0	141.0	-0.73	9.29
7000.0	142.0	-3.43	4.22
7000.0	143.0	-2.91	5.21
7010.0	140.0	3.83	2.78
7010.0	141.0	0.44	8.78
7010.0	142.0	-2.38	4.37
7010.0	143.0	-2.01	5.18
7020.0	140.0	4.89	3.08
7020.0	141.0	1.6	8.32
7020.0	142.0	-1.45	4.36
7020.0	143.0	-1.24	5.07
7030.0	140.0	5.94	3.42
7030.0	141.0	2.8	8.05
7030.0	142.0	-0.26	4.33
7030.0	143.0	-0.26	5.12
7040.0	140.0	7.16	3.69
7040.0	141.0	4.02	7.74
7040.0	142.0	0.78	4.31
7040.0	143.0	0.77	5.11
7050.0	140.0	8.2	3.96
7050.0	141.0	5.26	7.43
7050.0	142.0	1.83	4.35
7050.0	143.0	1.84	5.16
7060.0	140.0	9.29	4.21
7060.0	141.0	6.51	7.13
7060.0	142.0	2.9	4.47
7060.0	143.0	2.84	5.46
7070.0	140.0	10.43	4.5
7070.0	141.0	7.75	6.75
7070.0	142.0	3.88	4.61
7070.0	143.0	3.89	5.42
7080.0	140.0	11.52	4.58
7080.0	141.0	8.92	6.25
7080.0	142.0	4.88	4.69
7080.0	143.0	4.89	5.51
7090.0	140.0	12.51	4.87
7090.0	141.0	10.19	5.91
7090.0	142.0	5.94	4.73
7090.0	143.0	5.95	5.57
7100.0	141.0	11.44	5.76
7100.0	142.0	6.89	4.75
7100.0	143.0	6.87	5.57
7110.0	141.0	12.7	5.68
7110.0	142.0	7.58	4.77
7110.0	143.0	7.45	5.61
7120.0	142.0	8.47	4.88
7120.0	143.0	8.16	5.58
7130.0	142.0	9.53	4.93
7130.0	143.0	8.77	5.26
7140.0	142.0	10.5	5.17
7140.0	143.0	9.53	4.71
7150.0	142.0	11.59	5.09
7150.0	143.0	10.61	4.37
7160.0	142.0	12.37	5.33
7160.0	143.0	11.72	4.44
7310.0	147.0	-3.31	7.24
7320.0	147.0	-2.3	7.09
7330.0	147.0	-1.15	6.87
7340.0	147.0	-0.08	6.85
7350.0	147.0	1.02	6.79
7360.0	147.0	2.13	6.69
7370.0	147.0	3.2	6.54
7370.0	149.0	12.67	6.34
7380.0	147.0	4.16	6.39
7380.0	149.0	11.58	6.88
7380.0	150.0	13.04	6.06
7390.0	147.0	5.26	6.15
7390.0	149.0	10.56	7.08
7390.0	150.0	11.87	6.35
7400.0	147.0	6.47	5.95
7400.0	149.0	9.61	7.49
7400.0	150.0	10.6	6.46
7400.0	151.0	12.46	5.79
7410.0	147.0	7.64	5.74
7410.0	149.0	8.55	7.66
7410.0	150.0	9.44	6.57
7410.0	151.0	11.28	6.05
7420.0	147.0	8.65	5.49
7420.0	149.0	7.39	7.61
7420.0	150.0	8.21	6.71
7420.0	151.0	10.27	6.03
7420.0	152.0	-4.42	5.4
7430.0	147.0	9.84	5.42
7430.0	149.0	6.33	7.69
7430.0	150.0	7.02	6.69
7430.0	151.0	9.24	6.07
7430.0	152.0	-3.4	5.45
7440.0	147.0	10.97	5.54
7440.0	149.0	5.37	7.91
7440.0	150.0	5.99	6.57
7440.0	151.0	8.24	6.23
7440.0	152.0	-2.23	5.48
7450.0	147.0	12.05	5.49
7450.0	149.0	4.29	7.78
7450.0	150.0	4.83	6.7
7450.0	151.0	7.25	6.28
7450.0	152.0	-1.01	5.47
7460.0	149.0	3.19	7.76
7460.0	150.0	3.66	6.95
7460.0	151.0	6.2	6.48
7460.0	152.0	0.18	5.47
7460.0	153.0	-3.01	4.24
7470.0	149.0	2.08	7.81
7470.0	150.0	2.57	7.1
7470.0	151.0	5.13	6.76
7470.0	152.0	1.37	5.48
7470.0	153.0	-1.82	4.28
7480.0	149.0	1.05	7.92
7480.0	150.0	1.59	7.2
7480.0	151.0	4.11	7.07
7480.0	152.0	2.53	5.47
7480.0	153.0	-0.62	4.17
7490.0	149.0	-0.15	7.9
7490.0	150.0	0.49	7.16
7490.0	151.0	3.09	7.31
7490.0	152.0	3.73	5.55
7490.0	153.0	0.54	4.21
7500.0	149.0	-1.28	7.96
7500.0	150.0	-0.62	6.91
7500.0	151.0	2.03	7.35
7500.0	152.0	4.96	5.7
7500.0	153.0	1.79	4.29
7510.0	149.0	-2.09	7.86
7510.0	150.0	-1.96	6.83
7510.0	151.0	0.96	7.34
7510.0	152.0	6.21	5.82
7510.0	153.0	3.02	4.3
7520.0	152.0	7.41	6.04
7520.0	153.0	4.19	4.38
7530.0	152.0	8.7	5.81
7530.0	153.0	5.43	4.46
7540.0	152.0	10.03	5.81
7540.0	153.0	6.62	4.46
7550.0	152.0	11.25	5.89
7550.0	153.0	7.8	4.49
7560.0	152.0	12.48	5.79
7560.0	153.0	9.0	4.57
7570.0	153.0	10.18	4.63
7580.0	153.0	11.32	4.65
7580.0	156.0	12.44	6.66
7590.0	153.0	12.31	4.71
7590.0	156.0	11.16	6.91
7600.0	153.0	13.37	4.87
7600.0	156.0	10.08	6.75
7610.0	156.0	8.78	6.75
7620.0	156.0	7.64	6.72
7630.0	156.0	6.47	6.55
7640.0	156.0	5.29	6.36
7650.0	156.0	4.15	6.29
7660.0	156.0	2.88	6.25
7670.0	156.0	1.64	6.22
7680.0	156.0	0.68	6.23
7690.0	156.0	-0.61	6.33
7700.0	156.0	-1.73	6.5
7770.0	160.0	11.65	5.63
7780.0	160.0	10.51	5.29
7780.0	161.0	-2.56	0.25
7780.0	162.0	12.88	5.97
7790.0	160.0	9.64	5.15
7790.0	161.0	-1.67	0.89
7790.0	162.0	11.72	6.08
7800.0	160.0	8.54	4.92
7800.0	161.0	-0.69	1.4
7800.0	162.0	10.57	6.15
7810.0	160.0	7.51	4.68
7810.0	161.0	0.35	1.84
7810.0	162.0	9.34	6.25
7820.0	160.0	6.63	4.4
7820.0	161.0	1.41	2.23
7820.0	162.0	8.11	6.34
7820.0	164.0	-2.88	4.74
7830.0	160.0	5.51	4.05
7830.0	161.0	2.47	2.63
7830.0	162.0	6.9	6.33
7830.0	164.0	-1.56	4.4
7840.0	160.0	4.49	3.78
7840.0	161.0	3.62	2.89
7840.0	162.0	5.69	6.29
7840.0	164.0	-0.42	4.17
7850.0	160.0	3.46	3.67
7850.0	161.0	4.69	3.0
7850.0	162.0	4.46	6.32
7850.0	164.0	0.92	4.17
7860.0	160.0	2.49	3.36
7860.0	161.0	5.84	3.25
7860.0	162.0	3.27	6.41
7860.0	164.0	2.29	4.31
7870.0	160.0	1.48	3.15
7870.0	161.0	7.0	3.52
7870.0	162.0	2.1	6.5
7870.0	164.0	3.56	4.61
7880.0	160.0	0.57	2.94
7880.0	161.0	8.09	3.93
7880.0	162.0	0.96	6.66
7880.0	164.0	4.76	4.89
7890.0	160.0	-0.52	2.66
7890.0	161.0	9.18	4.4
7890.0	162.0	-0.25	6.82
7890.0	164.0	5.97	5.1
7900.0	160.0	-1.6	2.59
7900.0	161.0	10.34	4.77
7900.0	162.0	-1.44	6.92
7900.0	164.0	7.07	5.1
7910.0	160.0	-2.74	2.61
7910.0	161.0	11.4	5.2
7910.0	162.0	-2.49	6.89
7910.0	164.0	8.33	5.2
7920.0	160.0	-3.88	2.77
7920.0	161.0	12.48	5.53
7920.0	162.0	-3.69	6.98
7920.0	164.0	9.57	5.25
7930.0	160.0	-4.63	3.06
7930.0	161.0	13.47	5.74
7930.0	162.0	-4.76	6.88
7930.0	164.0	10.83	5.26
7940.0	164.0	12.13	5.28
7950.0	164.0	13.26	5.64
8090.0	168.0	7.09	2.86
8100.0	168.0	5.8	2.73
8110.0	168.0	4.62	2.68
8120.0	168.0	3.4	2.76
8120.0	169.0	-2.42	4.99
8120.0	171.0	-0.68	8.4
8130.0	168.0	2.28	2.86
8130.0	169.0	-1.31	5.14
8130.0	171.0	-0.71	8.35
8140.0	168.0	1.22	2.78
8140.0	169.0	0.13	5.18
8140.0	171.0	-0.91	8.42
8150.0	168.0	0.14	2.6
8150.0	169.0	1.42	5.32
8150.0	171.0	-1.08	8.47
8150.0	172.0	-1.9	0.09
8160.0	168.0	-1.03	2.03
8160.0	169.0	2.69	5.42
8160.0	171.0	-1.24	8.36
8160.0	172.0	-1.01	0.97
8170.0	168.0	-1.4	1.81
8170.0	169.0	3.98	5.52
8170.0	171.0	-1.53	8.27
8170.0	172.0	-0.15	1.51
8180.0	169.0	5.3	5.58
8180.0	171.0	-1.87	8.41
8180.0	172.0	0.84	1.98
8190.0	169.0	6.57	5.69
8190.0	171.0	-1.91	8.44
8190.0	172.0	1.8	2.43
8200.0	169.0	7.85	5.73
8200.0	171.0	-2.31	8.41
8200.0	172.0	2.82	2.87
8210.0	169.0	9.21	5.7
8210.0	171.0	-2.66	8.63
8210.0	172.0	3.96	3.2
8220.0	169.0	10.5	5.65
8220.0	171.0	-2.66	8.63
8220.0	172.0	4.96	3.54
8230.0	169.0	11.79	5.58
8230.0	171.0	-2.66	8.63
8230.0	172.0	6.06	3.88
8240.0	169.0	13.25	5.68
8240.0	171.0	-2.66	8.63
8240.0	172.0	7.14	4.17
8250.0	171.0	-2.69	8.56
8250.0	172.0	8.22	4.38
8260.0	171.0	-2.69	8.52
8260.0	172.0	9.31	4.57
8270.0	171.0	-2.39	8.73
8270.0	172.0	10.36	4.77
8280.0	171.0	-2.1	8.77
8280.0	172.0	11.45	4.96
8290.0	171.0	-1.72	8.74
8290.0	172.0	12.54	5.23
8300.0	171.0	-1.55	8.62
8300.0	172.0	13.91	5.62
8310.0	171.0	-1.52	8.59
8320.0	171.0	-1.52	8.59
8330.0	171.0	-1.52	8.59
8340.0	171.0	-1.52	8.59
8350.0	171.0	-1.52	8.59
8360.0	171.0	-1.52	8.59
8370.0	171.0	-1.97	8.35
8370.0	176.0	12.82	5.69
8370.0	178.0	-1.79	5.43
8380.0	171.0	-2.04	8.35
8380.0	176.0	11.27	6.07
8380.0	178.0	-0.72	5.46
8390.0	171.0	-2.41	8.33
8390.0	176.0	9.83	6.14
8390.0	178.0	0.28	5.46
8400.0	171.0	-2.62	8.16
8400.0	176.0	8.42	6.28
8400.0	178.0	1.4	5.47
8410.0	171.0	-2.83	7.99
8410.0	176.0	7.06	6.38
8410.0	178.0	2.42	5.57
8420.0	171.0	-2.83	7.99
8420.0	176.0	5.67	6.53
8420.0	178.0	3.55	5.63
8430.0	171.0	-2.83	7.99
8430.0	176.0	4.37	6.71
8430.0	178.0	4.58	5.61
8440.0	171.0	-2.83	7.99
8440.0	176.0	2.98	6.81
8440.0	178.0	5.67	5.64
8450.0	171.0	-2.83	7.99
8450.0	176.0	1.54	6.74
8450.0	178.0	6.7	5.6
8460.0	171.0	-2.91	8.04
8460.0	176.0	0.27	6.65
8460.0	178.0	7.77	5.57
8460.0	185.0	-1.98	6.4
8460.0	186.0	-3.14	7.07
8470.0	171.0	-2.92	8.02
8470.0	176.0	-0.92	6.69
8470.0	178.0	8.78	5.56
8470.0	185.0	-1.15	6.14
8470.0	186.0	-2.18	7.19
8480.0	171.0	-3.01	8.06
8480.0	176.0	-2.37	6.69
8480.0	178.0	9.87	5.58
8480.0	185.0	0.02	5.85
8480.0	186.0	-0.95	7.39
8480.0	189.0	11.99	7.34
8490.0	171.0	-3.05	8.05
8490.0	176.0	-3.57	6.9
8490.0	178.0	10.88	5.67
8490.0	185.0	1.02	6.01
8490.0	186.0	0.19	7.2
8490.0	189.0	10.63	7.83
8490.0	190.0	-2.64	3.35
8500.0	171.0	-3.05	8.05
8500.0	178.0	11.88	5.74
8500.0	185.0	2.15	5.94
8500.0	186.0	1.29	6.99
8500.0	189.0	9.12	7.55
8500.0	190.0	-1.35	3.64
8510.0	171.0	-3.05	8.05
8510.0	178.0	13.0	5.78
8510.0	185.0	3.17	6.0
8510.0	186.0	2.35	6.75
8510.0	189.0	7.59	6.74
8510.0	190.0	-0.31	3.89
8510.0	191.0	1.19	1.87
8520.0	171.0	-3.05	8.05
8520.0	185.0	4.21	6.1
8520.0	186.0	3.23	6.56
8520.0	189.0	5.78	5.51
8520.0	190.0	0.67	4.18
8520.0	191.0	2.39	2.3
8530.0	171.0	-3.05	8.05
8530.0	185.0	5.29	6.07
8530.0	186.0	4.05	6.39
8530.0	189.0	3.79	4.2
8530.0	190.0	1.69	4.5
8530.0	191.0	3.36	2.52
8540.0	171.0	-3.05	8.05
8540.0	185.0	6.44	5.97
8540.0	186.0	5.06	6.38
8540.0	189.0	1.63	3.01
8540.0	190.0	2.78	4.77
8540.0	191.0	4.69	2.92
8550.0	171.0	-2.6	8.07
8550.0	185.0	7.46	5.73
8550.0	186.0	6.15	6.07
8550.0	189.0	-0.52	1.78
8550.0	190.0	3.83	4.9
8550.0	191.0	5.89	3.18
8560.0	171.0	-2.51	7.78
8560.0	185.0	8.58	5.61
8560.0	186.0	7.14	5.8
8560.0	189.0	-2.55	0.26
8560.0	190.0	4.86	5.01
8560.0	191.0	7.1	3.34
8570.0	171.0	-2.38	7.73
8570.0	185.0	9.71	5.55
8570.0	186.0	8.05	5.51
8570.0	189.0	-4.58	-1.35
8570.0	190.0	5.92	5.15
8570.0	191.0	8.26	3.53
8580.0	171.0	-1.91	7.79
8580.0	185.0	10.78	5.64
8580.0	186.0	8.92	5.48
8580.0	190.0	6.92	5.25
8580.0	191.0	9.45	4.04
8590.0	171.0	-1.54	7.72
8590.0	185.0	11.92	5.71
8590.0	186.0	9.79	5.34
8590.0	190.0	7.93	5.35
8590.0	191.0	10.66	4.32
8600.0	171.0	-1.04	7.8
8600.0	185.0	13.06	5.59
8600.0	186.0	10.6	5.04
8600.0	190.0	8.98	5.4
8600.0	191.0	11.74	4.72
8610.0	171.0	-0.62	7.82
8610.0	186.0	11.45	5.1
8610.0	190.0	9.94	5.5
8610.0	191.0	12.86	5.08
8620.0	171.0	-0.16	7.77
8620.0	186.0	12.3	4.95
8620.0	190.0	10.73	5.55
8620.0	191.0	13.31	5.34
8630.0	171.0	0.28	7.86
8640.0	171.0	0.67	7.8
8650.0	171.0	1.02	7.75
8660.0	171.0	1.44	7.87
8670.0	171.0	1.86	7.85
8680.0	171.0	2.22	7.89
8690.0	171.0	2.6	8.01
8700.0	171.0	3.04	7.99
8710.0	171.0	3.5	8.06
8710.0	192.0	9.83	7.07
8720.0	171.0	3.94	8.17
8720.0	192.0	8.82	7.21
8730.0	171.0	4.33	8.23
8730.0	192.0	7.8	7.32
8740.0	171.0	4.73	8.38
8740.0	192.0	6.8	7.29
8750.0	171.0	5.04	8.46
8750.0	192.0	5.8	7.18
8760.0	171.0	5.33	8.54
8760.0	192.0	4.79	7.14
8770.0	171.0	5.87	8.6
8770.0	192.0	3.77	7.22
8780.0	171.0	6.27	8.5
8780.0	192.0	2.79	7.46
8790.0	171.0	6.7	8.4
8790.0	192.0	1.76	7.9
8800.0	171.0	6.96	8.4
8800.0	192.0	0.88	8.36
8810.0	171.0	6.96	8.4
8810.0	192.0	0.03	8.91
8820.0	171.0	7.2	7.95
8830.0	171.0	7.23	7.85
8840.0	171.0	7.23	7.85
8850.0	171.0	7.23	7.85
8860.0	171.0	7.23	7.85
8870.0	171.0	7.2	7.88
8880.0	171.0	7.07	7.94
8890.0	171.0	6.81	7.86
8890.0	195.0	12.71	4.95
8900.0	171.0	6.51	7.74
8900.0	195.0	11.82	4.59
8910.0	171.0	6.16	7.76
8910.0	195.0	10.96	4.34
8910.0	197.0	12.43	6.04
8920.0	171.0	5.78	7.73
8920.0	195.0	9.86	4.25
8920.0	197.0	11.5	6.03
8930.0	171.0	5.4	7.69
8930.0	195.0	9.11	4.13
8930.0	197.0	10.81	5.8
8940.0	171.0	4.99	7.72
8940.0	195.0	8.16	3.99
8940.0	197.0	10.28	5.52
8940.0	199.0	-1.31	4.48
8940.0	200.0	13.26	5.37
8950.0	171.0	4.59	7.71
8950.0	195.0	7.27	3.93
8950.0	197.0	9.8	5.22
8950.0	199.0	-0.13	4.59
8950.0	200.0	12.39	4.74
8960.0	171.0	4.13	7.78
8960.0	195.0	6.39	3.81
8960.0	197.0	8.97	4.98
8960.0	199.0	1.08	4.71
8960.0	200.0	11.65	4.3
8960.0	201.0	12.01	6.94
8970.0	171.0	3.73	7.92
8970.0	195.0	5.51	3.66
8970.0	197.0	8.18	4.88
8970.0	199.0	2.28	4.86
8970.0	200.0	10.84	3.93
8970.0	201.0	10.89	7.38
8970.0	203.0	12.86	4.81
8980.0	171.0	3.3	7.97
8980.0	195.0	4.64	3.51
8980.0	197.0	7.24	4.8
8980.0	199.0	3.45	5.07
8980.0	200.0	10.01	3.66
8980.0	201.0	9.92	7.71
8980.0	203.0	12.03	4.64
8990.0	171.0	2.87	8.04
8990.0	195.0	3.69	3.38
8990.0	197.0	6.35	4.58
8990.0	199.0	4.64	5.32
8990.0	200.0	9.19	3.51
8990.0	201.0	8.79	8.03
8990.0	203.0	11.17	4.48
8990.0	205.0	13.12	4.75
9000.0	171.0	2.42	8.16
9000.0	195.0	2.82	3.19
9000.0	197.0	5.42	4.35
9000.0	199.0	5.85	5.49
9000.0	200.0	8.21	3.32
9000.0	201.0	7.68	8.2
9000.0	203.0	10.29	4.3
9000.0	205.0	11.82	4.28
9010.0	171.0	1.97	8.24
9010.0	195.0	1.98	2.77
9010.0	197.0	4.42	4.2
9010.0	199.0	7.05	5.63
9010.0	200.0	7.32	3.14
9010.0	201.0	6.53	8.51
9010.0	203.0	9.37	4.01
9010.0	205.0	10.66	3.65
9020.0	171.0	1.52	8.35
9020.0	195.0	1.2	2.43
9020.0	197.0	3.5	4.0
9020.0	199.0	8.23	5.61
9020.0	200.0	6.36	2.9
9020.0	201.0	5.63	8.76
9020.0	203.0	8.41	3.97
9020.0	205.0	9.57	3.33
9030.0	171.0	1.15	8.41
9030.0	195.0	0.29	2.04
9030.0	197.0	2.6	3.85
9030.0	199.0	9.46	5.64
9030.0	200.0	5.2	2.65
9030.0	201.0	4.6	8.51
9030.0	203.0	7.47	3.84
9030.0	205.0	8.36	2.95
9040.0	171.0	0.74	8.37
9040.0	195.0	-0.52	1.69
9040.0	197.0	1.68	3.68
9040.0	199.0	10.63	5.64
9040.0	200.0	4.46	2.6
9040.0	201.0	3.62	7.93
9040.0	203.0	6.52	3.69
9040.0	205.0	7.22	2.79
9050.0	171.0	0.31	8.36
9050.0	195.0	-1.13	1.29
9050.0	197.0	0.78	3.47
9050.0	199.0	11.92	5.64
9050.0	200.0	3.55	2.53
9050.0	201.0	2.51	7.5
9050.0	203.0	5.62	3.53
9050.0	205.0	5.95	2.54
9050.0	207.0	-2.81	5.16
9060.0	171.0	-0.14	8.31
9060.0	195.0	-2.0	0.59
9060.0	197.0	-0.11	3.23
9060.0	200.0	2.91	2.39
9060.0	201.0	1.34	7.24
9060.0	203.0	4.64	3.37
9060.0	205.0	4.74	2.34
9060.0	207.0	-1.77	5.1
9070.0	171.0	-0.58	8.25
9070.0	195.0	-2.64	0.11
9070.0	197.0	-0.93	2.87
9070.0	200.0	1.96	2.13
9070.0	201.0	0.03	7.06
9070.0	203.0	3.69	3.21
9070.0	205.0	3.5	1.98
9070.0	207.0	-0.85	5.1
9080.0	171.0	-1.01	8.35
9080.0	195.0	-3.5	-0.44
9080.0	197.0	-1.75	2.32
9080.0	200.0	1.05	1.86
9080.0	201.0	-1.12	6.97
9080.0	203.0	2.68	3.11
9080.0	205.0	2.6	1.82
9080.0	207.0	0.24	5.1
9080.0	208.0	-3.33	4.78
9090.0	171.0	-1.36	8.51
9090.0	195.0	-4.04	-1.06
9090.0	197.0	-3.09	1.52
9090.0	200.0	0.18	1.55
9090.0	201.0	-2.46	7.17
9090.0	203.0	1.74	2.96
9090.0	205.0	1.55	1.45
9090.0	207.0	1.45	5.11
9090.0	208.0	-2.39	4.89
9090.0	209.0	-3.41	-1.97
9100.0	171.0	-1.5	8.5
9100.0	195.0	-4.6	-1.81
9100.0	197.0	-3.83	0.91
9100.0	200.0	-0.66	1.36
9100.0	201.0	-3.69	7.19
9100.0	203.0	0.81	2.87
9100.0	205.0	0.99	1.34
9100.0	207.0	2.53	5.13
9100.0	208.0	-1.01	4.91
9100.0	209.0	-2.5	-0.82
9110.0	171.0	-2.08	8.54
9110.0	197.0	-4.47	0.28
9110.0	200.0	-1.5	0.99
9110.0	201.0	-4.75	7.13
9110.0	203.0	-0.16	2.72
9110.0	205.0	-0.2	1.13
9110.0	207.0	3.62	5.2
9110.0	208.0	0.17	4.87
9110.0	209.0	-1.85	-0.27
9110.0	210.0	-3.15	5.55
9110.0	211.0	-3.28	4.75
9120.0	171.0	-2.41	8.59
9120.0	200.0	-2.34	0.54
9120.0	201.0	-5.84	6.95
9120.0	203.0	-1.04	2.62
9120.0	205.0	-1.09	0.97
9120.0	207.0	4.74	5.32
9120.0	208.0	1.36	4.91
9120.0	209.0	-0.83	0.28
9120.0	210.0	-2.09	5.54
9120.0	211.0	-2.24	4.74
9130.0	171.0	-2.81	8.43
9130.0	203.0	-2.24	2.57
9130.0	207.0	5.88	5.36
9130.0	208.0	2.57	4.97
9130.0	209.0	0.29	0.83
9130.0	210.0	-0.97	5.66
9130.0	211.0	-1.4	4.87
9140.0	171.0	-2.89	8.55
9140.0	203.0	-3.08	2.5
9140.0	207.0	7.21	5.41
9140.0	208.0	3.66	4.93
9140.0	209.0	1.17	1.58
9140.0	210.0	0.14	5.73
9140.0	211.0	-0.08	4.83
9150.0	171.0	-2.93	8.65
9150.0	207.0	8.34	5.45
9150.0	208.0	4.88	4.93
9150.0	209.0	2.26	2.27
9150.0	210.0	1.18	5.8
9150.0	211.0	1.03	4.88
9160.0	171.0	-2.98	8.75
9160.0	207.0	9.48	5.36
9160.0	208.0	5.99	5.07
9160.0	209.0	3.45	2.88
9160.0	210.0	2.19	5.89
9160.0	211.0	2.07	4.95
9170.0	171.0	-2.98	8.75
9170.0	207.0	10.65	5.35
9170.0	208.0	7.06	5.27
9170.0	209.0	4.62	3.3
9170.0	210.0	3.25	5.95
9170.0	211.0	3.1	5.03
9180.0	171.0	-2.96	8.42
9180.0	207.0	11.71	5.24
9180.0	208.0	8.25	5.37
9180.0	209.0	5.86	3.74
9180.0	210.0	4.27	5.96
9180.0	211.0	4.17	5.04
9190.0	171.0	-2.96	8.42
9190.0	207.0	12.68	5.03
9190.0	208.0	9.36	5.28
9190.0	209.0	7.1	4.03
9190.0	210.0	5.36	6.04
9190.0	211.0	5.19	5.17
9200.0	171.0	-3.31	8.09
9200.0	207.0	13.6	4.99
9200.0	208.0	10.52	5.17
9200.0	209.0	8.37	4.34
9200.0	210.0	6.53	6.23
9200.0	211.0	6.25	5.27
9200.0	212.0	12.68	6.64
9210.0	171.0	-3.38	8.03
9210.0	208.0	11.64	5.01
9210.0	209.0	9.62	4.58
9210.0	210.0	7.54	6.33
9210.0	211.0	7.25	5.3
9210.0	212.0	11.6	7.02
9210.0	214.0	13.32	5.77
9220.0	171.0	-3.38	8.03
9220.0	208.0	12.82	5.0
9220.0	209.0	10.82	4.84
9220.0	210.0	8.46	6.37
9220.0	211.0	8.31	5.33
9220.0	212.0	10.6	7.32
9220.0	214.0	12.02	6.05
9230.0	171.0	-3.87	7.94
9230.0	208.0	14.42	5.44
9230.0	209.0	12.14	5.09
9230.0	210.0	9.14	6.07
9230.0	211.0	9.3	5.26
9230.0	212.0	9.64	7.42
9230.0	214.0	11.16	6.19
9240.0	171.0	-3.96	7.92
9240.0	209.0	13.32	5.31
9240.0	210.0	9.98	5.88
9240.0	211.0	10.37	5.22
9240.0	212.0	8.56	7.47
9240.0	214.0	10.14	6.54
9250.0	171.0	-3.96	7.92
9250.0	210.0	10.97	5.82
9250.0	211.0	11.41	5.16
9250.0	212.0	7.5	7.54
9250.0	214.0	9.07	6.61
9260.0	210.0	11.93	5.81
9260.0	211.0	12.51	5.09
9260.0	212.0	6.41	7.54
9260.0	214.0	7.94	6.89
9270.0	210.0	12.79	5.58
9270.0	211.0	13.68	5.26
9270.0	212.0	5.36	7.57
9270.0	214.0	6.63	7.21
9280.0	212.0	4.25	7.51
9280.0	214.0	5.38	7.15
9290.0	212.0	3.18	7.51
9290.0	214.0	4.06	7.02
9300.0	212.0	2.11	7.53
9300.0	214.0	2.87	7.0
9300.0	215.0	10.78	6.43
9310.0	212.0	1.01	7.55
9310.0	214.0	1.71	6.97
9310.0	215.0	9.71	6.27
9320.0	212.0	-0.06	7.58
9320.0	214.0	0.57	7.0
9320.0	215.0	8.67	5.92
9330.0	212.0	-1.05	7.5
9330.0	214.0	-0.56	7.02
9330.0	215.0	7.68	5.41
9340.0	212.0	-1.9	7.47
9340.0	214.0	-1.73	7.15
9340.0	215.0	6.72	4.86
9350.0	212.0	-2.58	7.09
9350.0	214.0	-3.21	7.54
9350.0	215.0	5.8	4.25
9360.0	212.0	-3.61	7.14
9360.0	214.0	-4.26	7.54
9360.0	215.0	4.87	3.58
9370.0	215.0	3.89	3.04
9380.0	215.0	3.02	2.68
9390.0	215.0	2.1	2.34
9400.0	215.0	1.06	1.97
9400.0	219.0	-2.37	4.43
9400.0	220.0	12.45	4.75
9410.0	215.0	0.2	1.46
9410.0	219.0	-1.19	4.36
9410.0	220.0	11.2	4.34
9420.0	215.0	-0.59	0.93
9420.0	219.0	-0.09	4.4
9420.0	220.0	9.97	3.91
9420.0	221.0	-2.45	0.24
9430.0	215.0	-1.43	0.46
9430.0	219.0	1.03	4.5
9430.0	220.0	8.71	3.56
9430.0	221.0	-1.79	1.08
9440.0	215.0	-2.22	-0.28
9440.0	219.0	2.08	4.51
9440.0	220.0	7.5	3.33
9440.0	221.0	-0.74	1.72
9450.0	219.0	3.33	4.67
9450.0	220.0	6.29	3.09
9450.0	221.0	0.23	2.23
9460.0	219.0	4.52	4.75
9460.0	220.0	5.05	2.85
9460.0	221.0	1.23	2.66
9470.0	219.0	5.63	4.79
9470.0	220.0	3.87	2.64
9470.0	221.0	2.23	3.11
9480.0	219.0	6.76	4.84
9480.0	220.0	2.57	2.41
9480.0	221.0	3.23	3.5
9490.0	219.0	7.91	4.8
9490.0	220.0	1.38	2.2
9490.0	221.0	4.26	3.81
9500.0	219.0	9.02	4.66
9500.0	220.0	0.12	2.0
9500.0	221.0	5.31	3.97
9510.0	219.0	10.16	4.49
9510.0	220.0	-1.06	1.68
9510.0	221.0	6.46	4.11
9520.0	219.0	11.3	4.33
9520.0	220.0	-2.2	1.21
9520.0	221.0	7.67	4.19
9530.0	219.0	12.45	4.39
9530.0	220.0	-3.16	0.42
9530.0	221.0	8.84	4.27
9540.0	219.0	13.57	4.79
9540.0	221.0	9.98	4.51
9550.0	221.0	11.13	4.79
9560.0	221.0	12.32	5.04
9570.0	221.0	13.5	5.21
9630.0	227.0	1.07	6.45
9640.0	227.0	2.45	6.36
9650.0	227.0	3.72	6.29
9660.0	227.0	5.03	6.19
9670.0	227.0	6.3	6.11
9680.0	227.0	7.55	5.84
9680.0	229.0	1.76	2.48
9680.0	231.0	-3.38	4.31
9690.0	227.0	8.76	5.61
9690.0	229.0	2.77	2.84
9690.0	231.0	-2.48	4.25
9700.0	227.0	10.03	5.57
9700.0	229.0	3.9	3.26
9700.0	231.0	-1.51	4.28
9710.0	227.0	11.43	5.48
9710.0	229.0	5.05	3.61
9710.0	231.0	-0.43	4.34
9720.0	227.0	12.6	5.57
9720.0	229.0	6.15	3.86
9720.0	231.0	0.48	4.39
9730.0	227.0	13.48	5.38
9730.0	229.0	7.28	4.05
9730.0	231.0	1.36	4.49
9740.0	229.0	8.49	4.23
9740.0	231.0	2.24	4.5
9750.0	229.0	9.65	4.44
9750.0	231.0	3.05	4.41
9750.0	232.0	12.66	6.61
9760.0	229.0	10.82	4.65
9760.0	231.0	3.89	4.27
9760.0	232.0	11.56	6.67
9770.0	229.0	12.01	4.91
9770.0	231.0	4.7	4.11
9770.0	232.0	10.43	6.68
9780.0	229.0	13.1	5.24
9780.0	231.0	5.54	4.15
9780.0	232.0	9.3	6.63
9790.0	231.0	6.36	4.2
9790.0	232.0	8.21	6.48
9800.0	231.0	7.17	4.25
9800.0	232.0	7.05	6.06
9810.0	231.0	8.09	4.24
9810.0	232.0	5.93	5.72
9820.0	231.0	8.97	4.1
9820.0	232.0	4.87	5.45
9830.0	231.0	9.76	4.21
9830.0	232.0	3.89	5.27
9840.0	231.0	10.5	4.2
9840.0	232.0	2.82	4.93
9850.0	231.0	11.12	4.05
9850.0	232.0	1.74	4.55
9860.0	231.0	11.67	4.0
9860.0	232.0	0.74	4.12
9870.0	231.0	12.02	3.8
9870.0	232.0	-0.26	3.62
9880.0	231.0	12.2	3.83
9880.0	232.0	-1.19	3.03
9890.0	231.0	12.29	3.76
9890.0	232.0	-1.65	2.4
9900.0	231.0	12.26	3.82
9900.0	232.0	-2.31	1.41
9910.0	231.0	12.25	3.84
9910.0	232.0	-2.96	0.51
9920.0	231.0	12.25	3.84
9920.0	237.0	-1.38	7.43
9920.0	240.0	-1.36	4.73
9930.0	231.0	12.25	3.84
9930.0	237.0	-0.43	7.28
9930.0	240.0	-0.48	4.76
9940.0	231.0	12.25	3.84
9940.0	237.0	0.45	7.18
9940.0	240.0	0.49	4.84
9950.0	231.0	12.25	3.84
9950.0	237.0	1.3	7.13
9950.0	240.0	1.47	4.88
9960.0	231.0	12.25	3.93
9960.0	237.0	2.15	7.13
9960.0	240.0	2.4	4.83
9970.0	231.0	12.58	4.26
9970.0	237.0	3.08	7.22
9970.0	240.0	3.31	4.79
9980.0	231.0	13.53	5.0
9980.0	237.0	3.88	7.28
9980.0	240.0	4.22	4.83
9990.0	237.0	4.79	7.18
9990.0	240.0	5.11	4.88
10000.0	237.0	5.73	7.14
10000.0	240.0	5.97	4.96
10010.0	237.0	6.53	6.85
10010.0	240.0	6.78	4.97
10020.0	237.0	7.37	6.73
10020.0	240.0	7.51	5.02
10030.0	237.0	8.19	6.6
10030.0	240.0	8.27	5.04
10040.0	237.0	9.05	6.51
10040.0	240.0	9.2	5.08
10050.0	237.0	9.86	6.38
10050.0	240.0	10.14	5.01
10060.0	237.0	10.67	6.24
10060.0	240.0	11.0	4.93
10070.0	237.0	11.38	6.14
10070.0	240.0	11.86	4.87
10080.0	237.0	12.02	6.03
10080.0	240.0	12.71	4.91
10090.0	237.0	12.77	5.98
10090.0	240.0	13.46	5.1
10100.0	237.0	13.94	6.24
10100.0	246.0	3.96	5.35
10100.0	247.0	2.31	4.06
10100.0	248.0	2.11	4.96
10100.0	249.0	2.6	5.47
10110.0	246.0	5.1	5.5
10110.0	247.0	3.16	3.92
10110.0	248.0	3.13	4.87
10110.0	249.0	3.53	5.45
10120.0	246.0	6.11	5.51
10120.0	247.0	4.11	3.84
10120.0	248.0	4.03	4.79
10120.0	249.0	4.41	5.4
10130.0	246.0	7.14	5.57
10130.0	247.0	4.99	3.78
10130.0	248.0	5.03	4.68
10130.0	249.0	5.41	5.4
10140.0	246.0	8.09	5.58
10140.0	247.0	5.95	3.82
10140.0	248.0	5.98	4.65
10140.0	249.0	6.39	5.3
10150.0	246.0	9.19	5.58
10150.0	247.0	6.93	3.76
10150.0	248.0	7.07	4.8
10150.0	249.0	7.53	5.2
10160.0	246.0	10.17	5.63
10160.0	247.0	7.87	3.88
10160.0	248.0	7.89	4.77
10160.0	249.0	8.49	5.3
10170.0	246.0	11.09	5.64
10170.0	247.0	8.72	3.95
10170.0	248.0	8.73	4.88
10170.0	249.0	9.39	5.3
10180.0	246.0	12.02	5.67
10180.0	247.0	9.5	4.05
10180.0	248.0	9.45	5.01
10180.0	249.0	10.28	5.3
10190.0	246.0	12.79	5.51
10190.0	247.0	10.25	4.13
10190.0	248.0	10.17	5.38
10190.0	249.0	11.2	5.45
10200.0	246.0	13.63	5.39
10200.0	247.0	10.9	4.38
10200.0	248.0	11.01	5.67
10200.0	249.0	12.08	5.65
10200.0	250.0	12.87	7.34
10200.0	251.0	2.92	6.64
10200.0	252.0	2.39	5.77
10210.0	247.0	11.43	4.87
10210.0	248.0	11.79	5.84
10210.0	249.0	12.75	5.77
10210.0	250.0	11.86	7.82
10210.0	251.0	3.98	6.63
10210.0	252.0	3.45	5.79
10220.0	247.0	11.89	5.35
10220.0	248.0	12.36	6.04
10220.0	249.0	13.09	5.88
10220.0	250.0	11.01	7.96
10220.0	251.0	5.02	6.58
10220.0	252.0	4.55	5.74
10220.0	254.0	0.54	5.08
10220.0	255.0	13.59	6.31
10230.0	247.0	12.28	5.47
10230.0	248.0	12.76	5.95
10230.0	249.0	13.13	5.87
10230.0	250.0	10.24	7.8
10230.0	251.0	6.31	6.62
10230.0	252.0	5.61	5.6
10230.0	254.0	1.81	5.19
10230.0	255.0	12.0	6.67
