10.0	1.0	1.03127903717	7.85190741057
10.0	2.0	0.279287200473	9.98910591701
20.0	1.0	1.76790692085	7.61324761086
20.0	2.0	1.06390112916	9.85879766636
30.0	1.0	2.51547899024	7.36408677996
30.0	2.0	1.84830459273	9.72872807552
40.0	1.0	3.27925687308	7.09869708268
40.0	2.0	2.6106092198	9.56739405091
50.0	1.0	4.04324522102	6.8335460452
50.0	2.0	3.36344291693	9.39317239712
60.0	1.0	4.85079984665	6.61803624605
60.0	2.0	4.11185684675	9.20176723775
70.0	1.0	5.67708586704	6.42352850929
70.0	2.0	4.82112426619	8.85690382717
80.0	1.0	6.50337188743	6.22902077252
80.0	2.0	5.53060215074	8.51227907638
90.0	1.0	7.32355441964	6.04787798454
90.0	2.0	6.24365794215	8.15070947981
100.0	1.0	8.14352648674	5.86697385636
100.0	2.0	6.9619753613	7.76384194448
110.0	1.0	8.96728692581	5.69251354277
110.0	2.0	7.68050324556	7.37697440914
120.0	1.0	9.82366945688	5.5772408595
120.0	2.0	8.41944624546	7.01254089498
130.0	1.0	10.6800519879	5.46196817624
130.0	2.0	9.1790148261	6.67006408239
140.0	1.0	11.5265426589	5.33953569899
140.0	2.0	9.9465810809	6.35216922917
150.0	1.0	12.3332554241	5.18846404577
150.0	2.0	10.7463484975	6.13260221344
160.0	1.0	13.1399681893	5.03739239255
160.0	2.0	11.5461159141	5.9130351977
170.0	1.0	13.951521652	4.89371919312
170.0	2.0	12.3340972845	5.84048261859
180.0	1.0	14.7824379048	4.78083310786
180.0	2.0	13.1170274923	5.8309362266
190.0	1.0	15.6131436925	4.6677083628
190.0	2.0	13.8970111886	5.832845505
200.0	2.0	14.6652088387	5.88057746494
210.0	2.0	15.4334064888	5.92830942488
610.0	8.0	0.182683715155	11.7411075067
620.0	8.0	0.780404626491	11.6170044109
630.0	8.0	1.37812553783	11.492901315
640.0	8.0	1.96890110055	11.4096090449
650.0	8.0	2.55673015173	11.3437389402
660.0	8.0	3.14455920292	11.2778688355
670.0	8.0	3.74017546316	11.2339554323
680.0	8.0	4.33768590938	11.1955312046
680.0	12.0	10.4302299028	6.34477077538
690.0	8.0	4.9349858905	11.156868317
690.0	12.0	10.2643833964	6.00491922059
700.0	8.0	5.49734866342	11.1203533676
700.0	12.0	10.0985368901	5.664829006
710.0	8.0	6.04455794845	11.0845543977
710.0	12.0	9.93269038367	5.32497745121
720.0	8.0	6.54946374644	11.000784808
720.0	12.0	9.7409566688	4.92044909069
730.0	8.0	7.02953466149	10.9041275891
730.0	12.0	9.52354621056	4.45100526466
740.0	8.0	7.45046488074	10.8790683101
740.0	12.0	9.30613575231	3.98156143862
750.0	8.0	7.88781137855	10.8342002678
750.0	12.0	9.1221892465	3.55603101573
760.0	8.0	8.39124392077	10.7096198523
760.0	12.0	8.97191715823	3.17417533619
770.0	8.0	8.89446599788	10.5850394369
770.0	12.0	8.82143460484	2.79231965665
780.0	8.0	9.3867438893	10.365711081
780.0	12.0	8.67116251657	2.41046397711
790.0	8.0	9.87775899005	10.1358816938
790.0	12.0	8.5208904283	2.10354747467
800.0	8.0	10.3795078114	9.89053941972
800.0	12.0	8.37040787492	1.79686963204
810.0	8.0	10.9231391896	9.58219095849
810.0	12.0	8.22013578664	1.48995312961
820.0	8.0	11.4667705677	9.27384249727
820.0	12.0	8.02524509513	1.29114951645
830.0	8.0	12.0200833409	9.01370331558
830.0	12.0	7.78573580038	1.20069745236
840.0	8.0	12.5757112303	8.76549712388
840.0	12.0	7.54622650562	1.11024538827
850.0	8.0	13.147124003	8.55595381973
850.0	12.0	7.33912883775	1.13291806924
860.0	8.0	13.7551577047	8.43662391987
860.0	12.0	7.15328814595	1.23124590672
870.0	8.0	14.3629809413	8.31729402001
870.0	12.0	6.96765791926	1.3295737442
880.0	8.0	14.971014643	8.19796412016
880.0	12.0	6.80559978485	1.47539488183
890.0	12.0	6.73867187999	1.81166653962
900.0	12.0	6.67174397513	2.14793819742
910.0	12.0	6.7870788552	2.40974799771
920.0	12.0	6.90262420039	2.67155779799
930.0	12.0	7.01795908046	2.93312893848
940.0	12.0	7.16549512231	3.17966451158
950.0	12.0	7.31660907102	3.42452946609
960.0	12.0	7.46772301973	3.66915576079
970.0	12.0	7.61883696844	3.9140207153
970.0	16.0	0.471441845561	7.22661873532
980.0	12.0	7.63125440991	4.14575938082
980.0	16.0	1.20386042706	6.97841254362
990.0	12.0	7.64367185138	4.37725938654
990.0	16.0	1.93627900855	6.73020635192
1000.0	12.0	7.65587882774	4.60899805207
1000.0	16.0	2.6478615442	6.40061716852
1010.0	12.0	7.55990673775	4.8304743462
1010.0	16.0	3.35944407984	6.07102798511
1010.0	17.0	0.0153639530027	9.54543734934
1020.0	12.0	7.39153465005	5.04526816594
1020.0	16.0	4.05860917402	5.71017436794
1020.0	17.0	0.492909286743	9.31608528181
1030.0	12.0	7.22316256235	5.26006198568
1030.0	16.0	4.75651147754	5.34597951358
1030.0	17.0	0.970665085593	9.08649455449
1040.0	12.0	7.04468814939	5.34025167839
1040.0	16.0	5.48850912881	5.06579290872
1040.0	17.0	1.44336972181	8.84043630099
1050.0	12.0	6.85947885292	5.3307052864
1050.0	16.0	6.2207172452	4.78560630385
1050.0	17.0	1.90513017233	8.55547650013
1060.0	12.0	6.67426955644	5.32115889441
1060.0	16.0	7.02953466149	4.59992897968
1060.0	17.0	2.36668015774	8.27075535907
1070.0	16.0	7.87139509999	4.45458516165
1070.0	17.0	2.8446464217	7.9977285482
1080.0	16.0	8.72020088711	4.35554134477
1080.0	17.0	3.38743593942	7.77147905807
1090.0	16.0	9.57974039483	4.32570886981
1090.0	17.0	3.93338243379	7.60942905406
1100.0	16.0	10.4390694374	4.29587639484
1100.0	17.0	4.48732660233	7.59701874448
1110.0	16.0	11.2809298759	4.28633000285
1110.0	17.0	5.04127077086	7.58436977509
1120.0	16.0	12.1227903144	4.27678361087
1130.0	16.0	12.9646507529	4.26723721888
1160.0	19.0	12.2421240316	7.49105379341
1170.0	19.0	11.8912786938	7.51993162917
1180.0	19.0	11.5404333561	7.54880946494
1190.0	19.0	11.1897984835	7.5779259605
1200.0	19.0	10.762764776	7.63353369383
1200.0	20.0	11.9906182256	8.161210511
1210.0	19.0	10.2852194423	7.70680225235
1210.0	20.0	11.4349903362	8.27576721486
1220.0	19.0	9.80767410855	7.78030947066
1220.0	20.0	10.8793624468	8.39032391873
1230.0	19.0	9.16786017529	7.96169091844
1230.0	20.0	10.3580403702	8.4927089728
1230.0	25.0	3.84940685505	4.59014392789
1240.0	19.0	8.52804624203	8.14307236622
1240.0	20.0	9.85124038624	8.59008217109
1240.0	25.0	4.03924638393	4.66842434219
1250.0	19.0	7.99220207292	8.44091979627
1250.0	20.0	9.34465086737	8.68721670957
1250.0	25.0	4.22887544771	4.7467047565
1260.0	19.0	7.56011720286	8.85547186837
1260.0	20.0	8.7658718159	8.73494866951
1260.0	25.0	4.41871497659	4.82474651101
1270.0	19.0	7.02048466178	9.17145744319
1270.0	20.0	8.18709276443	8.78268062945
1270.0	25.0	4.60855450547	4.90302692531
1280.0	19.0	6.40908351832	9.42133425349
1280.0	20.0	7.68387068732	8.82420743461
1280.0	25.0	4.79818356924	4.98130733962
1290.0	19.0	5.7745312128	9.67574559998
1290.0	20.0	7.18043814509	8.86573423976
1290.0	25.0	4.98802309813	5.05958775393
1300.0	19.0	5.11682774522	9.93421416307
1300.0	20.0	6.66648234739	8.96764197423
1300.0	25.0	5.22542774178	5.10015991988
1310.0	19.0	4.46501730071	10.1972172624
1310.0	20.0	6.14789631727	9.09556362688
1310.0	22.0	14.7805437188	5.88272540314
1310.0	23.0	14.9392344114	5.15505167381
1310.0	24.0	14.9358669697	4.4125810369
1310.0	25.0	5.46262192033	5.14073208583
1320.0	19.0	3.86603359871	10.5000765482
1320.0	20.0	5.62909982204	9.22324661973
1320.0	22.0	14.3219402449	5.85217694877
1320.0	23.0	14.4997832625	5.15505167381
1320.0	24.0	14.4787367516	4.39873876852
1320.0	25.0	5.70002656399	5.18154291158
1330.0	19.0	3.26704989672	10.802935834
1330.0	20.0	5.05453007277	9.4079693047
1330.0	22.0	13.8631263059	5.82138983461
1330.0	23.0	14.0603321136	5.15505167381
1330.0	24.0	14.0218169986	4.38513515993
1330.0	25.0	5.93743120765	5.22211507753
1340.0	19.0	2.67648479911	11.0141497568
1340.0	20.0	4.4736463702	9.59889714447
1340.0	22.0	13.404522832	5.79084138025
1340.0	23.0	13.6208809647	5.15505167381
1340.0	24.0	13.5646867805	4.37153155135
1340.0	25.0	6.17525678152	5.29108775965
1350.0	19.0	2.09412784077	11.1334796566
1350.0	20.0	3.91465103903	9.7475821997
1350.0	22.0	12.9646507529	5.78940942145
1350.0	23.0	13.1763786532	5.1662686844
1350.0	24.0	13.1258670269	4.34718825178
1350.0	25.0	6.41434514606	5.42688518568
1360.0	19.0	1.51177088244	11.2528095565
1360.0	20.0	3.38848826497	9.83278374819
1360.0	22.0	12.5437205337	5.81709395822
1360.0	23.0	12.730613551	5.18034961258
1360.0	24.0	12.6946240173	4.31807175622
1360.0	25.0	6.6536439757	5.56244395192
1370.0	19.0	0.959720899892	11.3745260543
1370.0	20.0	2.86232549091	9.91798529669
1370.0	22.0	12.1227903144	5.84501715478
1370.0	23.0	12.285058914	5.19443054076
1370.0	24.0	12.2633810077	4.28895526065
1370.0	25.0	6.89273234024	5.69800271816
1370.0	26.0	6.36741142661	0.490923208011
1380.0	19.0	0.437767428021	11.4986291502
1380.0	20.0	2.32963829844	10.02132499
1380.0	22.0	11.7018600952	5.87270169155
1380.0	23.0	11.8491856719	5.18941868497
1380.0	24.0	11.8323484631	4.25983876509
1380.0	25.0	7.13182070477	5.8335614844
1380.0	26.0	6.38993119334	1.13864590443
1390.0	19.0	-0.0841860438502	11.622732246
1390.0	20.0	1.79253133868	10.1363590134
1390.0	22.0	11.2765101086	5.88511200113
1390.0	23.0	11.4282554527	5.15648363261
1390.0	24.0	11.4594042889	4.11974546265
1390.0	25.0	7.36101720915	5.94262901286
1390.0	26.0	6.41245096007	1.78660726065
1400.0	20.0	1.25563484403	10.2516316967
1400.0	22.0	10.8341124482	5.83618674219
1400.0	23.0	11.0073252334	5.12330992045
1400.0	24.0	11.125606625	3.90590628211
1400.0	25.0	7.58895092288	6.04859396394
1400.0	26.0	6.42760444796	2.38182480114
1410.0	20.0	0.739574395224	10.3924409785
1410.0	22.0	10.3915043227	5.78726148325
1410.0	23.0	10.5863950142	5.09013620829
1410.0	24.0	10.7918089612	3.69182844177
1410.0	25.0	7.81709510171	6.15479757481
1410.0	26.0	6.43960095921	2.95460832045
1420.0	20.0	0.232563946136	10.5444672709
1420.0	22.0	9.94910666222	5.73833622431
1420.0	23.0	10.1823020037	5.03094857796
1420.0	24.0	10.4230740891	3.52452792217
1420.0	25.0	8.02145672316	6.25169345349
1420.0	26.0	6.45159747046	3.52739183976
1430.0	20.0	-0.274656968061	10.6962549036
1430.0	22.0	9.5201787688	5.67127282059
1430.0	23.0	9.78241829539	4.96531713304
1430.0	24.0	10.0391857291	3.37703616595
1430.0	25.0	8.1710974161	6.3271099502
1430.0	26.0	6.4612788655	4.0846624721
1440.0	22.0	9.12345203716	5.56220529212
1440.0	23.0	9.38253458711	4.89968568812
1440.0	24.0	9.65529736918	3.22954440972
1440.0	25.0	8.32052764394	6.40228778711
1440.0	26.0	6.4612788655	4.5803588761
1450.0	22.0	8.7265148404	5.45313776365
1450.0	23.0	8.98265087882	4.8340542432
1450.0	24.0	9.23205203372	3.13527378884
1450.0	25.0	8.47016833688	6.47770428382
1450.0	26.0	6.4612788655	5.07605528011
1460.0	22.0	8.32957764365	5.34383157538
1460.0	23.0	8.57897879856	4.76699083948
1460.0	24.0	8.71641251514	3.1651062638
1460.0	25.0	8.61096949522	6.54596098654
1460.0	26.0	6.4612788655	5.57175168411
1470.0	22.0	7.93811253975	5.30349806923
1470.0	23.0	8.17404392764	4.69968877596
1470.0	24.0	8.20077299656	3.19493873876
1470.0	25.0	8.74314158406	6.60705789527
1470.0	26.0	6.4787474696	6.06386819112
1480.0	22.0	7.5479102265	5.28010940886
1480.0	23.0	7.76931952183	4.63238671244
1480.0	24.0	7.68513347798	3.22477121373
1480.0	25.0	8.87531367291	6.66815480399
1480.0	26.0	6.53662537475	6.54691562574
1490.0	22.0	7.15791837836	5.25695940829
1490.0	23.0	7.36459511602	4.56508464892
1490.0	24.0	7.17201954071	3.26963925607
1490.0	25.0	9.00748576175	6.72901305292
1490.0	26.0	6.5945032799	7.03020172016
1500.0	22.0	6.76771606512	5.23357074792
1500.0	23.0	6.91041140944	4.53024031816
1500.0	24.0	6.66479862651	3.34911296938
1500.0	25.0	9.10051134021	6.78080222946
1500.0	26.0	6.65238118504	7.51372647438
1510.0	22.0	6.33036956732	5.20159033475
1510.0	23.0	6.45075561002	4.4987372246
1510.0	24.0	6.1573672472	3.42882534248
1510.0	25.0	9.03800320265	6.79488315764
1510.0	26.0	6.74435443795	7.97123731043
1520.0	22.0	5.87260795388	5.1657913648
1520.0	23.0	5.9910998106	4.46723413104
1520.0	24.0	5.65014633301	3.50829905579
1520.0	25.0	8.97528459998	6.80920274562
1520.0	26.0	6.91672536273	8.36908319655
1530.0	22.0	5.41484634045	5.12999239484
1530.0	23.0	5.53460098782	4.43716299627
1530.0	24.0	5.18901727782	3.55603101573
1530.0	25.0	8.91277646242	6.82328367381
1530.0	26.0	7.08888582241	8.76669042287
1540.0	22.0	4.95708472701	5.09419342488
1540.0	23.0	5.10798821061	4.4178315525
1540.0	24.0	4.79671031348	3.55603101573
1540.0	25.0	8.85005785975	6.83760326179
1540.0	26.0	7.26104628208	9.164536309
1550.0	22.0	4.52163241519	5.07175940371
1550.0	23.0	4.6813754334	4.39850010872
1550.0	24.0	4.40440334913	3.55603101573
1550.0	25.0	8.78733925709	6.85192284977
1550.0	26.0	7.40500441706	9.50367188439
1560.0	22.0	4.09565103331	5.05505321773
1560.0	23.0	4.25476265619	4.37916866494
1560.0	24.0	4.0123068499	3.55603101573
1560.0	25.0	8.72483111953	6.86600377796
1560.0	26.0	7.54896255205	9.84280745978
1560.0	27.0	9.76642294706	9.21680280513
1570.0	22.0	3.66988011654	5.03858569155
1570.0	23.0	3.82814987898	4.35721196337
1570.0	24.0	3.61999988556	3.55603101573
1570.0	25.0	8.66211251686	6.88032336594
1570.0	26.0	7.69313115214	10.1819430352
1570.0	27.0	9.76894852838	9.16859352559
1580.0	22.0	3.24410919977	5.02187950557
1580.0	23.0	3.40153710177	4.331436705
1580.0	24.0	3.09636269281	3.52834647896
1580.0	25.0	8.5996043793	6.89440429412
1580.0	26.0	7.82930207807	10.5225105694
1580.0	27.0	9.77126364458	9.12038424605
1590.0	22.0	2.81202432971	5.00493465979
1590.0	23.0	2.97492432456	4.30566144663
1590.0	24.0	2.57251503495	3.5004232824
1590.0	25.0	8.45669856986	6.85765068497
1590.0	26.0	7.93453463288	10.8692832583
1590.0	27.0	9.77357876079	9.07193630671
1600.0	22.0	2.37046852971	4.98751249441
1600.0	23.0	2.54831154735	4.27964752846
1600.0	24.0	2.0488778422	3.47273874563
1600.0	25.0	8.29400904012	6.80800944663
1600.0	26.0	8.0397671877	11.2158172875
1600.0	27.0	9.775893877	9.02372702717
1610.0	22.0	1.92912319483	4.96985166923
1610.0	23.0	2.13558946737	4.30255886923
1610.0	24.0	1.52524064946	3.44505420886
1610.0	25.0	8.13110904527	6.75860686809
1610.0	26.0	8.14499974251	11.5625899765
1610.0	27.0	9.77841945831	8.97551774762
1620.0	22.0	1.48756739483	4.95242950385
1620.0	23.0	1.72854994535	4.34647227238
1620.0	24.0	1.04011857177	3.5013779216
1620.0	25.0	7.96820905042	6.70896562974
1620.0	26.0	8.25023229732	11.9091240057
1620.0	27.0	9.78073457452	8.92730846808
1620.0	29.0	14.934604179	5.85504086637
1630.0	22.0	1.06221740828	4.96483981344
1630.0	23.0	1.32172088845	4.39014701573
1630.0	24.0	0.571623237743	3.59373926409
1630.0	25.0	7.80551952068	6.6595630512
1630.0	26.0	8.32599973679	12.1907425694
1630.0	27.0	9.78304969072	8.87886052874
1630.0	29.0	14.1558832734	5.89489705292
1640.0	22.0	0.674119746131	5.04693878454
1640.0	23.0	0.914891831542	4.43382175908
1640.0	24.0	0.103127903717	3.68610060657
1640.0	25.0	7.69544626835	6.55526871873
1640.0	26.0	8.40176717625	12.472361133
1640.0	27.0	9.78536480693	8.8306512492
1640.0	29.0	13.3771623678	5.93475323947
1650.0	22.0	0.286022083981	5.12903775564
1650.0	23.0	0.507852309526	4.47773516222
1650.0	25.0	7.63798929342	6.39608263232
1650.0	26.0	8.47753461572	12.7539796967
1650.0	27.0	9.67487062438	8.60511773847
1650.0	29.0	12.6041240201	6.00587385979
1660.0	22.0	-0.101865113059	5.21089806694
1660.0	23.0	0.10102325262	4.52140990557
1660.0	25.0	7.58053231849	6.23689654591
1660.0	26.0	8.55330205518	13.0355982603
1660.0	27.0	9.45114621284	8.20249865635
1660.0	29.0	11.8538159043	6.20300685435
1670.0	25.0	7.54664743584	6.06028829412
1670.0	26.0	8.62906949465	13.317216824
1670.0	27.0	9.18532877939	7.65596771501
1670.0	29.0	11.1035077885	6.40013984892
1680.0	25.0	7.6068404572	5.81303674162
1680.0	27.0	8.97339041399	7.06552337052
1680.0	29.0	10.3599345562	6.67268934019
1690.0	25.0	7.66703347855	5.56578518912
1690.0	27.0	8.8203822793	6.44715582946
1690.0	29.0	9.6009973709	6.94714810986
1700.0	25.0	7.70765324471	5.31423776022
1700.0	27.0	8.68968344622	5.85599550557
1700.0	29.0	8.77828925737	7.19678626036
1710.0	25.0	7.71943929085	5.05553053733
1710.0	27.0	8.61075903011	5.3290346678
1710.0	29.0	7.95558114384	7.44618575106
1720.0	25.0	7.73101487187	4.79706197424
1720.0	27.0	8.531834614	4.80207383003
1720.0	29.0	7.09625210124	7.6650367874
1730.0	25.0	7.74280091801	4.53859341115
1730.0	27.0	8.47437763907	4.39444289212
1730.0	29.0	6.23671259353	7.88364916393
1740.0	25.0	7.64830208379	4.40088670672
1740.0	27.0	8.41944624546	4.000176903
1740.0	29.0	5.41589866599	8.02947030156
1750.0	25.0	7.52728464576	4.29348979684
1750.0	27.0	8.40597647844	3.69922689556
1750.0	29.0	4.62097194694	8.12684349984
1760.0	25.0	7.40626720772	4.18609288697
1760.0	27.0	8.42007764079	3.46056709585
1760.0	29.0	3.82583476277	8.22397803833
1770.0	25.0	7.28524976969	4.0786959771
1770.0	27.0	8.43396833802	3.22190729613
1770.0	29.0	3.03911618299	8.27672185406
1780.0	29.0	2.25344992876	8.32445381401
1780.0	31.0	1.78432319941	11.0604497579
1790.0	31.0	2.40014411017	10.8573502684
1790.0	32.0	6.63470211584	6.01518159198
1800.0	31.0	3.01596502093	10.654012119
1800.0	32.0	6.51684165444	6.54977954334
1810.0	31.0	3.59137663065	10.4499579903
1810.0	32.0	6.39898119305	7.08437749469
1820.0	31.0	4.14005917144	10.2454265419
1820.0	32.0	6.28596142919	7.62231668325
1830.0	31.0	4.68895217735	10.0406564337
1830.0	32.0	6.21566608257	8.19056566637
1840.0	31.0	5.32139983177	9.89936983231
1840.0	32.0	6.14558120107	8.75881464948
1850.0	31.0	5.97489399716	9.77383477766
1850.0	32.0	5.90270446456	9.1626270306
1860.0	31.0	6.60860444224	9.6585620944
1860.0	32.0	5.43694517696	9.59006673189
1870.0	31.0	7.23999977112	9.54424405034
1870.0	32.0	4.89099868259	10.0113012784
1880.0	31.0	7.8583462632	9.36524920056
1880.0	32.0	4.36020567611	10.4158296389
1890.0	31.0	8.46785322067	9.14305692702
1890.0	32.0	3.82625569299	10.787422947
1900.0	31.0	9.07757064326	8.92086465349
1900.0	32.0	3.27904640797	11.0260827468
1910.0	31.0	9.74369271522	8.69389918396
1910.0	32.0	2.73604642513	11.2279889373
1920.0	31.0	10.4340182748	8.46478577624
1920.0	32.0	2.20988365107	11.2831193511
1930.0	31.0	11.1281322063	8.27624453446
1930.0	32.0	1.683720877	11.3382497648
1940.0	31.0	11.8373996258	8.24975329669
1940.0	32.0	1.27815461076	11.3277487336
1950.0	31.0	12.5468775103	8.22326205893
1950.0	32.0	0.952775551275	11.2733342993
1960.0	31.0	13.2426751627	8.20273731615
1960.0	32.0	0.627606956903	11.2191585247
1970.0	31.0	13.9252135133	8.18817906837
1980.0	31.0	14.6075413987	8.17362082059
1990.0	31.0	15.2898692841	8.1593012326
2110.0	34.0	15.2614564943	8.65404299741
2120.0	34.0	14.3006832688	8.82015021801
2130.0	34.0	13.3399100434	8.98601877881
2140.0	34.0	12.3980786778	9.160956412
2150.0	34.0	11.4751891721	9.34448579798
2150.0	36.0	14.8588367396	6.12496509985
2160.0	34.0	10.5522996664	9.52801518396
2160.0	36.0	14.2274414107	6.20181355535
2170.0	34.0	9.61909737033	9.64949302201
2170.0	36.0	13.5960460818	6.27842335106
2180.0	34.0	8.68463228359	9.76404972588
2180.0	36.0	12.9747530782	6.34357747638
2190.0	34.0	7.76700440562	9.89388065692
2190.0	36.0	12.3686135625	6.39130943633
2200.0	34.0	6.87463234081	10.0466229287
2200.0	36.0	11.7624740468	6.43904139627
2210.0	34.0	5.982260276	10.1993652006
2210.0	36.0	11.1032973234	6.48677335621
2220.0	34.0	5.12798239603	10.363324483
2220.0	36.0	10.438227577	6.53450531615
2230.0	34.0	4.27812428336	10.5284770644
2230.0	36.0	9.75863573801	6.59106768869
2240.0	34.0	3.42531965916	10.7010280996
2240.0	36.0	9.05694506252	6.6605176904
2250.0	34.0	2.56599061655	10.8898080011
2250.0	36.0	8.35546485213	6.73020635192
2260.0	34.0	1.70645110884	11.0788265625
2260.0	36.0	7.72406952326	6.85955996336
2260.0	38.0	0.0650337188743	10.1358816938
2270.0	34.0	0.799767416577	11.2647425465
2270.0	36.0	7.09267419438	6.98867491501
2270.0	38.0	0.888583692839	9.96977447323
2280.0	34.0	-0.11217790343	11.4504198707
2280.0	36.0	6.44675677294	7.12304038225
2280.0	38.0	1.7121336668	9.80366725263
2290.0	36.0	5.79094749135	7.26074708668
2290.0	38.0	2.51295340893	9.70390745635
2300.0	36.0	5.13534867486	7.39845379112
2300.0	38.0	3.29861966316	9.64829972302
2310.0	36.0	4.50395334599	7.50871461858
2310.0	38.0	4.0844963825	9.59245332988
2320.0	36.0	3.87255801711	7.61873678625
2320.0	38.0	4.89078821748	9.4962734306
2330.0	36.0	3.22495687479	7.72517905692
2330.0	38.0	5.71076028458	9.37264765435
2340.0	36.0	2.55315224487	7.8261321522
2340.0	38.0	6.53094281679	9.24926053789
2350.0	36.0	1.88113714983	7.92708524748
2350.0	38.0	7.38816720829	9.15045538081
2360.0	36.0	1.2354301935	8.04641514734
2360.0	38.0	8.26117648302	9.06191259512
2370.0	36.0	0.596247655569	8.17004092359
2370.0	38.0	9.13418575775	8.97360846923
2380.0	36.0	-0.0429348823636	8.29390535964
2380.0	38.0	9.94089852294	8.87814454934
2390.0	38.0	10.7478217532	8.78268062945
2400.0	38.0	11.5545345184	8.68721670957
2410.0	38.0	12.3486193771	8.53542907695
2420.0	38.0	13.1424937706	8.38340278453
2440.0	39.0	8.66190205175	6.27412747467
2440.0	40.0	14.8861972038	6.56314449212
2440.0	41.0	15.2806088193	9.02134042917
2450.0	39.0	9.24636366118	6.38009242574
2450.0	40.0	14.1817704819	6.80180429183
2450.0	41.0	14.5063076809	9.02134042917
2460.0	39.0	9.83103573572	6.48629603661
2460.0	40.0	13.4771332949	7.04046409155
2460.0	41.0	13.7320065426	9.02134042917
2470.0	39.0	10.4026589735	6.56672438912
2470.0	40.0	12.7350333183	7.23998368411
2470.0	41.0	12.9579158694	9.02134042917
2480.0	39.0	10.9612333744	6.62185480285
2480.0	40.0	11.9889345047	7.43544606007
2480.0	41.0	12.150782174	9.19627806236
2490.0	39.0	11.5198077754	6.67698521658
2490.0	40.0	11.2800880155	7.61229297166
2490.0	41.0	11.3400705717	9.39078579912
2500.0	39.0	11.8144589288	6.75717490929
2500.0	40.0	10.5872368746	7.78126410986
2500.0	41.0	10.5354624576	9.59818116508
2510.0	39.0	12.0798554321	6.84022851959
2510.0	40.0	9.89270201284	7.93400638167
2510.0	41.0	9.75505783114	9.85664972817
2520.0	40.0	9.19395784888	8.04856308554
2520.0	41.0	8.97465320465	10.1151182913
2530.0	40.0	8.49521368492	8.1631197894
2530.0	41.0	8.2258183446	10.3807466483
2540.0	40.0	7.75921719656	8.20989711014
2540.0	41.0	7.48498115872	10.648045624
2550.0	40.0	7.01374977827	8.23972958511
2550.0	41.0	6.75845560029	10.9337214043
2560.0	40.0	6.30553468438	8.29581463804
2560.0	41.0	6.06581492452	11.2618786289
2570.0	40.0	5.65309284454	8.39127855792
2570.0	41.0	5.37296378363	11.5900358535
2570.0	42.0	14.6942530238	8.64926980142
2580.0	40.0	5.0006510047	8.48674247781
2580.0	41.0	4.72031147868	11.8890765825
2580.0	42.0	13.9864588602	8.57337598511
2590.0	40.0	4.30548474761	8.54736206694
2590.0	41.0	4.07207894103	12.1850147342
2590.0	42.0	13.2668786504	8.55595381973
2600.0	40.0	3.54633709719	8.55595381973
2600.0	41.0	3.44110454238	12.498613711
2600.0	42.0	12.5207798367	8.67528371958
2610.0	40.0	2.78718944677	8.56454557252
2610.0	41.0	2.8360173522	12.8387039256
2610.0	42.0	11.7734182325	8.79389764004
2620.0	40.0	2.05645458615	8.660486812
2620.0	41.0	2.23093016203	13.1787941402
2620.0	42.0	11.0157438378	8.90511310671
2630.0	40.0	1.34445112029	8.81489970242
2630.0	41.0	1.62584297186	13.5188843548
2630.0	42.0	10.2580694431	9.01656723317
2640.0	40.0	0.632658119534	8.96931259283
2640.0	41.0	1.02075578168	13.8589745694
2640.0	42.0	9.50376249025	9.12539610184
2650.0	40.0	-0.0791348812192	9.12372548325
2650.0	42.0	8.77976251314	9.21131362974
2660.0	42.0	8.05576253603	9.29723115764
2670.0	42.0	7.31724046635	9.39532033532
2680.0	42.0	6.56882653652	9.50128528639
2690.0	42.0	5.8206230718	9.60748889726
2730.0	43.0	15.2345169602	9.04711568754
2740.0	43.0	14.51409489	9.03780795535
2750.0	43.0	13.7934623546	9.02873888296
2760.0	43.0	13.0825112143	9.04997960513
2770.0	43.0	12.4090228635	9.19317548496
2780.0	43.0	11.7355345127	9.33637136479
2790.0	43.0	11.0732008127	9.60199972187
2800.0	43.0	10.4154973451	9.92037189469
2810.0	43.0	9.75211131961	10.2096275719
2820.0	43.0	9.07546599216	10.4311038661
2830.0	43.0	8.39903112983	10.65281882
2840.0	43.0	7.74511603422	10.8998317127
2840.0	45.0	-0.0380941848422	13.2785539365
2850.0	43.0	7.11372070534	11.1726198638
2850.0	45.0	0.57330695862	12.9945487748
2860.0	43.0	6.48232537647	11.4454080149
2860.0	45.0	1.18470810208	12.7103049533
2870.0	43.0	5.86797772147	11.6878863714
2870.0	45.0	1.82767901199	12.4246291731
2880.0	43.0	5.2607858802	11.9174770987
2880.0	45.0	2.48433015402	12.1382374134
2890.0	43.0	4.64896380652	12.1408626712
2890.0	45.0	3.1376138543	11.8556642106
2900.0	43.0	3.99504871091	12.311504428
2900.0	45.0	3.77742778756	11.5883652349
2910.0	43.0	3.34113361531	12.481907525
2910.0	45.0	4.41724172082	11.3210662592
2920.0	43.0	2.6960580543	12.6530266014
2920.0	45.0	5.13366495399	11.0938621299
2930.0	43.0	2.07202900426	12.8258162964
2930.0	45.0	5.88292074425	10.8838415061
2940.0	43.0	1.44778948911	12.9988446512
2940.0	45.0	6.61386606998	10.6740595422
2950.0	43.0	0.823760439074	13.1716343462
2950.0	45.0	7.27156953756	10.4652322174
2960.0	48.0	14.7073018606	9.00702084119
2970.0	48.0	14.1095809493	8.97838166522
2980.0	48.0	13.511860038	8.94974248925
2990.0	48.0	12.989696101	9.06453785292
3000.0	48.0	12.4673216989	9.17957187638
3010.0	48.0	11.920322879	9.33756466379
3010.0	49.0	8.89130902124	8.48149196222
3020.0	48.0	11.3152356888	9.59603322688
3020.0	49.0	9.19900901151	8.33471618539
3030.0	48.0	10.7101484986	9.85474044977
3030.0	49.0	9.50649853668	8.18794040857
3040.0	48.0	10.1128485175	10.0595105579
3040.0	49.0	9.86176364172	8.11968370585
3040.0	50.0	0.111546508102	10.1883868498
3050.0	48.0	9.51660086194	10.2583141711
3050.0	49.0	10.2643833964	8.12994607724
3050.0	50.0	0.469337194465	9.97359303003
3060.0	48.0	8.91530204374	10.4342064435
3060.0	49.0	10.6615310583	8.13662855163
3060.0	50.0	0.827127880828	9.75879921028
3070.0	48.0	8.30916252802	10.5869487153
3070.0	49.0	11.0374217441	8.12803679884
3070.0	50.0	1.18491856719	9.54400539054
3080.0	48.0	7.70302301229	10.7396909871
3080.0	49.0	11.4133124299	8.11944504605
3080.0	50.0	1.54733948597	9.35952136536
3090.0	48.0	7.01732768513	10.8859894443
3090.0	49.0	11.8453972999	8.13615123203
3090.0	50.0	1.91018133496	9.17861723718
3100.0	48.0	6.33163235797	11.0322879016
3100.0	49.0	12.361878679	8.19032700657
3100.0	50.0	2.27302318396	8.9974744492
3110.0	48.0	5.64593703081	11.1785863588
3110.0	49.0	12.8261647108	8.26383422488
3110.0	50.0	2.59229875526	8.89055485893
3120.0	48.0	4.99328472587	11.3454095588
3120.0	49.0	13.0810379586	8.4146672183
3120.0	50.0	2.91157432656	8.78339660885
3130.0	48.0	4.34442079289	11.514380697
3130.0	49.0	13.3274926019	8.48578783861
3130.0	50.0	3.21885338661	8.68101155478
3140.0	48.0	3.70418592941	11.6499394632
3140.0	49.0	13.5547949203	8.37123113475
3140.0	50.0	3.41563826411	8.61943732645
3150.0	48.0	3.07279060053	11.7523245173
3150.0	49.0	13.7820972387	8.25667443089
3150.0	50.0	3.61263360672	8.55786309812
3160.0	48.0	2.43718596946	11.8518456538
3160.0	49.0	13.6286681738	8.18603113017
3160.0	50.0	3.80941848422	8.4962888698
3170.0	48.0	1.79526738511	11.9473095737
3170.0	49.0	13.3798984142	8.12636618024
3170.0	50.0	3.85887778498	8.48793577681
3180.0	48.0	1.15755810294	12.0566157619
3180.0	49.0	13.1311286546	8.06670123031
3180.0	50.0	3.90854755086	8.47934402402
3190.0	48.0	0.526162774064	12.1869240126
3190.0	49.0	12.8823588951	8.00703628039
3190.0	50.0	3.95800685162	8.47099093103
3200.0	48.0	-0.105232554813	12.3169936034
3200.0	49.0	12.6335891355	7.94737133046
3200.0	50.0	4.00746615238	8.46263783804
3210.0	50.0	4.05692545314	8.45428474505
3220.0	50.0	4.10659521901	8.44569299226
3230.0	50.0	4.15605451978	8.43733989927
3240.0	50.0	4.20551382054	8.42898680628
3250.0	50.0	4.39872079117	8.38030020714
3260.0	50.0	4.73546496657	8.29175742144
3270.0	50.0	5.07220914198	8.20297597595
3280.0	50.0	5.40895331738	8.11443319026
3290.0	50.0	5.84166958277	7.9951032904
3300.0	50.0	6.27417538305	7.87577339054
3310.0	50.0	6.70689164844	7.75644349069
3320.0	50.0	7.18864628437	7.63711359083
3330.0	50.0	7.74385324356	7.51778369097
3340.0	50.0	8.29927066786	7.39845379112
3350.0	50.0	8.85468809217	7.27912389126
3360.0	50.0	9.39179505193	7.09798110328
3370.0	50.0	9.92406131417	6.90156408811
3380.0	50.0	10.4563275764	6.70490841315
3390.0	50.0	11.0109031403	6.54739294534
3400.0	50.0	11.5987321915	6.44882644806
3410.0	50.0	12.1865612426	6.35002129098
3420.0	50.0	12.7436623878	6.28391252646
3430.0	50.0	13.2698251619	6.2505001545
3440.0	50.0	13.795987936	6.21708778254
3450.0	50.0	14.32215071	6.18367541058
3460.0	50.0	14.8483134841	6.15026303862
3470.0	50.0	15.3744762581	6.11685066666
3520.0	55.0	0.131540693516	11.0396863553
3530.0	55.0	0.815552299799	10.9375399611
3540.0	55.0	1.49956390608	10.835154907
3550.0	55.0	2.18126039616	10.7418389253
3560.0	55.0	2.85727432828	10.669525006
3570.0	55.0	3.53328826039	10.5972110867
3580.0	55.0	4.20930219251	10.5248971674
3590.0	55.0	4.88826263616	10.4401729385
3600.0	55.0	5.56722307981	10.3554487096
3610.0	55.0	6.24597305836	10.2707244807
3610.0	56.0	11.0454194183	8.44259041486
3620.0	55.0	6.88220908475	10.2022291182
3620.0	56.0	11.0060624428	8.62158526465
3630.0	55.0	7.51360441363	10.1354043742
3630.0	56.0	10.9664950021	8.80058011443
3640.0	55.0	8.12479509198	10.0876724143
3640.0	56.0	10.9271380266	8.97957496422
3650.0	55.0	8.70567879455	10.0685796303
3650.0	56.0	10.9231391896	9.1626270306
3660.0	55.0	9.28656249712	10.0494868463
3660.0	56.0	10.9231391896	9.34639507638
3670.0	55.0	9.84008573543	10.0062894226
3670.0	56.0	10.906722911	9.44997342945
3680.0	55.0	10.3904519971	9.96046674104
3680.0	56.0	10.8517915174	9.36691981915
3690.0	55.0	10.9477636074	9.87884508954
3690.0	56.0	10.7968601238	9.28386620885
3690.0	57.0	15.2557739363	9.70032755935
3700.0	55.0	11.521070566	9.71416982774
3700.0	56.0	10.6956264061	9.14234094762
3700.0	57.0	14.7043553491	9.82371467581
3710.0	55.0	12.0945879897	9.54973322573
3710.0	56.0	10.5941822232	9.00105434619
3710.0	57.0	14.1527262968	9.94710179226
3720.0	55.0	12.6874682036	9.36787445835
3720.0	56.0	10.4929485055	8.85952908496
3720.0	57.0	13.6010972444	10.0707275685
3730.0	55.0	13.3096030676	9.1604790924
3730.0	57.0	13.043575169	10.1848069528
3740.0	55.0	13.9327902572	8.96286877824
3740.0	57.0	12.4845798379	10.2967383988
3750.0	55.0	14.5641855861	8.85427856937
3750.0	57.0	11.9255845067	10.4086698449
3760.0	55.0	15.195580915	8.7456883605
3760.0	57.0	11.3590124316	10.5392167553
3770.0	57.0	10.7878101241	10.6824126352
3780.0	57.0	10.2166078166	10.825608515
3790.0	57.0	9.64161713706	10.9666564566
3800.0	57.0	9.03295204002	11.0893275937
3810.0	57.0	8.42428694298	11.2117600709
3820.0	57.0	7.81562184594	11.334431208
3830.0	57.0	7.20695674891	11.4568636852
3990.0	62.0	3.37859640482	7.15549811501
4000.0	61.0	8.1492090447	10.2461425213
4000.0	62.0	3.68819058108	7.43640069927
4010.0	61.0	8.4859532201	10.1411322094
4010.0	62.0	3.99757429223	7.71706462373
4020.0	61.0	8.8226973955	10.0361218975
4020.0	62.0	4.30716846849	7.997967208
4030.0	61.0	9.18385552362	9.93039560628
4030.0	62.0	4.73630682701	8.27839247266
4040.0	61.0	9.64309039282	9.82204405721
4040.0	62.0	5.28541029803	8.55857907752
4050.0	61.0	10.102325262	9.71345384834
4050.0	62.0	5.8292521413	8.8304125894
4060.0	61.0	10.5485112944	9.57025796851
4060.0	62.0	6.35162654339	9.06907238911
4070.0	61.0	10.9946973268	9.42706208868
4070.0	62.0	6.87421141059	9.30773218882
4080.0	61.0	11.3642740593	9.22587187752
4080.0	62.0	7.38985092917	9.54352807094
4090.0	61.0	11.6570310268	8.96644867523
4090.0	62.0	7.88991602964	9.77216415907
4100.0	61.0	11.9432635759	8.70941207094
4100.0	62.0	8.389770665	10.0008002472
4110.0	61.0	12.2027670561	8.46287649784
4110.0	62.0	8.80207181476	10.3599832458
4120.0	61.0	12.4622705363	8.21634092473
4120.0	62.0	9.20469156947	10.7334858323
4130.0	61.0	12.6735775063	7.96932803203
4130.0	62.0	9.57237411599	10.9676110958
4140.0	61.0	12.6910461104	7.72064452073
4140.0	62.0	9.91669503534	11.1084203777
4150.0	61.0	12.7085147145	7.47196100943
4150.0	62.0	10.2742752566	11.1494698632
4160.0	61.0	12.5371961153	7.42971822488
4160.0	62.0	10.6512182679	11.0399250151
4170.0	61.0	12.3187333315	7.43878729727
4170.0	62.0	11.0283717444	10.9306188269
4180.0	61.0	12.1000600826	7.44809502946
4180.0	62.0	11.1839054604	10.5986430455
4190.0	62.0	11.3394391764	10.2664286043
4200.0	62.0	11.3063961542	9.99984560799
4210.0	62.0	11.1923240648	9.76118580828
4220.0	62.0	11.0784624405	9.52252600857
4220.0	64.0	2.29406969492	11.3401590432
4230.0	64.0	2.92546502379	11.1396848114
4240.0	64.0	3.55686035267	10.9392105797
4250.0	64.0	4.18025800738	10.7069945945
4260.0	64.0	4.79860449946	10.4532992274
4270.0	64.0	5.41674052643	10.1998425202
4270.0	66.0	11.244519412	7.96694143403
4280.0	64.0	6.03129864654	9.9077229253
4280.0	66.0	10.8427415177	8.11156927266
4290.0	64.0	6.64017420869	9.55832497852
4290.0	66.0	10.4409636234	8.25619711129
4300.0	64.0	7.24904977083	9.20892703174
4300.0	66.0	10.0391857291	8.40082494991
4310.0	64.0	7.88591719256	8.92038733389
4310.0	66.0	9.48061132819	8.74974557709
4310.0	68.0	10.3127903717	9.61798992845
4320.0	64.0	8.54172647415	8.67241980199
4320.0	66.0	8.92203692725	9.09842754448
4320.0	68.0	9.8918601524	9.48386312101
4330.0	64.0	9.19732529064	8.42469092988
4330.0	66.0	8.33105089942	9.3268249728
4330.0	68.0	9.40779040026	9.27193321887
4340.0	64.0	9.80893689921	8.42469092988
4340.0	66.0	7.69123696616	9.37455693274
4340.0	68.0	8.82901134879	8.94377599426
4350.0	64.0	10.4207589729	8.42469092988
4350.0	66.0	7.05142303289	9.42228889269
4350.0	68.0	8.2607555528	8.69914969956
4360.0	64.0	11.0323705815	8.42469092988
4360.0	66.0	6.44823002871	9.34448579798
4360.0	68.0	7.69776138455	8.47838938482
4370.0	64.0	11.6949147466	8.4962888698
4370.0	66.0	5.84924632671	9.25260177509
4370.0	68.0	7.14529047179	8.26956206007
4380.0	64.0	12.3700868182	8.58578629469
4380.0	66.0	5.27215099612	9.15546723661
4380.0	68.0	6.60860444224	8.06670123031
4390.0	64.0	13.0526251688	8.60010588267
4390.0	66.0	4.74598822206	9.04520640914
4390.0	68.0	6.08244166818	7.86789761715
4400.0	64.0	13.7458972399	8.50201670499
4400.0	66.0	4.21982544799	8.93494558167
4400.0	68.0	5.57837773062	7.67720843718
4410.0	64.0	14.439169311	8.40368886751
4410.0	66.0	3.75596034638	8.79270434104
4410.0	68.0	5.07999635103	7.48890585521
4420.0	64.0	15.1324413821	8.30536103003
4420.0	66.0	3.31882431368	8.63662083203
4420.0	68.0	4.49174636963	7.4134893585
4430.0	66.0	2.87663711836	8.492470313
4430.0	68.0	3.89360452807	7.35072183117
4440.0	66.0	2.38835806403	8.45428474505
4440.0	68.0	3.32366501121	7.29105688125
4450.0	66.0	1.9000790097	8.4160991771
4450.0	68.0	2.75351502923	7.23139193132
4460.0	66.0	1.53113367253	8.48149196222
4460.0	68.0	2.16484411761	7.11898316565
4470.0	66.0	1.24174414679	8.61561876966
4470.0	68.0	1.56354529941	6.97125274963
4480.0	66.0	0.952354621056	8.74998423689
4480.0	68.0	0.986449968815	6.69345274276
4490.0	66.0	0.66296509532	8.88411104433
4490.0	68.0	0.433979056048	6.28558314505
4500.0	68.0	-0.118491856719	5.87795220714
4510.0	70.0	10.1980868869	13.3830869287
4520.0	70.0	10.227131072	13.0704425911
4530.0	70.0	10.2561752572	12.7575595937
4540.0	70.0	10.2679613033	12.460428143
4550.0	70.0	10.2626996756	12.1790482392
4560.0	70.0	10.2572275827	11.8974296755
4560.0	71.0	14.9701727826	8.59628732588
4570.0	70.0	10.2517554899	11.6160497717
4570.0	71.0	13.9778297907	8.64187134762
4580.0	70.0	10.2725915357	11.3038827536
4580.0	71.0	12.9856972639	8.68721670957
4590.0	70.0	10.3108961857	10.9711909928
4590.0	71.0	12.0291333406	8.78482856765
4600.0	70.0	10.3492008356	10.638499232
4600.0	71.0	11.0723589523	8.88244042574
4600.0	73.0	0.170055808577	9.85306983117
4610.0	70.0	10.3946612993	10.2967383988
4610.0	71.0	10.1402089818	8.98792805721
4610.0	73.0	0.817656950895	9.81631622201
4620.0	70.0	10.4569589717	9.93445282287
4620.0	71.0	9.21416249941	9.09532496708
4620.0	73.0	1.46525809321	9.77956261286
4630.0	70.0	10.5192566442	9.57192858711
4630.0	71.0	8.29421950523	9.30773218882
4630.0	73.0	2.09938946851	9.72538683832
4640.0	70.0	10.5182043186	9.25427239369
4640.0	71.0	7.37574976683	9.54639198854
4640.0	73.0	2.72026154191	9.65378889841
4650.0	70.0	10.474638041	8.96621001543
4650.0	71.0	6.52736490993	9.85999096536
4650.0	73.0	3.34155454552	9.55832497852
4660.0	70.0	10.4310717633	8.67814763718
4660.0	71.0	5.72570330736	10.2237085001
4660.0	73.0	3.96347894447	9.43899507867
4670.0	70.0	10.457379902	8.33567082459
4670.0	71.0	4.92130565837	10.5580708795
4670.0	73.0	4.58308822721	9.31823322001
4680.0	70.0	10.5133636211	7.96956669183
4680.0	71.0	4.11459289318	10.8630781036
4680.0	73.0	5.19764634731	9.19413012416
4680.0	76.0	0.327694175687	7.05502233933
4690.0	70.0	10.5695578054	7.60370121887
4690.0	71.0	3.36133826583	11.2296595559
4690.0	73.0	5.81220446742	9.07002702831
4690.0	76.0	0.898896483211	7.37029193475
4700.0	70.0	10.6575322212	7.18867182717
4700.0	71.0	2.63081387032	11.622732246
4700.0	73.0	6.41329282051	8.95356104605
4700.0	76.0	1.47030925584	7.68580018997
4710.0	70.0	10.7591868692	6.75240171329
4710.0	71.0	1.93627900855	11.9449229757
4710.0	73.0	7.01101373185	8.83900434219
4710.0	76.0	1.92933365994	8.11443319026
4720.0	70.0	10.860631052	6.31637025922
4720.0	71.0	1.24174414679	12.2671137053
4720.0	73.0	7.63904161897	8.72158372073
4720.0	76.0	2.34016155393	8.59175278968
4730.0	70.0	10.9185089572	5.86840581515
4730.0	71.0	0.465548822492	12.5356059799
4730.0	73.0	8.33778578292	8.59748062488
4730.0	76.0	2.6676452645	9.06310589412
4740.0	70.0	10.9652322115	5.4175774535
4740.0	71.0	-0.310436036698	12.8040982546
4740.0	73.0	9.03652994688	8.47337752903
4740.0	76.0	2.93956618614	9.53040178196
4750.0	70.0	10.8286403553	5.03691507295
4750.0	73.0	9.68139504277	8.37576567094
4750.0	76.0	3.24116268823	9.96667189583
4760.0	70.0	10.6922589643	4.65649135221
4760.0	73.0	10.3127903717	8.28483628725
4760.0	76.0	3.66209290748	10.2778842747
4770.0	70.0	10.5556671082	4.27582897167
4770.0	73.0	10.9696519788	8.20583989355
4770.0	76.0	4.08302312674	10.5893353133
4780.0	70.0	10.4384380421	3.87607380715
4780.0	73.0	11.6372473065	8.13161669584
4780.0	76.0	4.52752543826	10.7456574821
4790.0	70.0	10.3658275793	3.43168926008
4790.0	73.0	12.3050530994	8.05763215793
4790.0	76.0	4.97476379622	10.8847961453
4800.0	70.0	10.2932171165	2.98730471301
4800.0	73.0	12.9501286604	7.97672648582
4800.0	76.0	5.39316843415	10.9067528469
4810.0	70.0	10.2340764207	2.54745470214
4810.0	73.0	13.5895216634	7.89415019512
4810.0	76.0	5.78252888696	10.811288927
4820.0	70.0	10.1951403754	2.11428716566
4820.0	73.0	14.2169181552	7.81133524462
4820.0	76.0	6.00267539163	10.6606945934
4830.0	70.0	10.1562043301	1.68111962918
4830.0	73.0	14.7956972067	7.72780431472
4830.0	76.0	6.05339748305	10.454969846
4840.0	70.0	10.1149531686	1.23387116452
4840.0	73.0	15.3744762581	7.64427338482
4840.0	76.0	6.10411957447	10.2492450987
4850.0	70.0	10.0728601467	0.780417545063
4850.0	76.0	6.02351143748	9.96643323603
4860.0	70.0	10.0307671248	0.326963925607
4860.0	76.0	5.85513934978	9.63230951643
4870.0	76.0	5.68676726208	9.29818579684
4910.0	79.0	0.0841860438502	8.32922701
4910.0	80.0	-0.0391465103903	8.82134351701
4920.0	79.0	0.538369750422	8.32922701
4920.0	80.0	0.47207324089	8.86668887895
4930.0	79.0	1.00013020094	8.3246924738
4930.0	80.0	0.983082527061	8.9122729007
4940.0	79.0	1.53008134698	8.28054041086
4940.0	80.0	1.49598599922	8.94592393246
4950.0	79.0	2.06024295812	8.23638834791
4950.0	80.0	2.0095208667	8.97456310842
4960.0	79.0	2.58177549978	8.17815535678
4960.0	80.0	2.52263480397	8.97360846923
4970.0	79.0	3.09025920463	8.09844298368
4970.0	80.0	3.03364409014	8.85427856937
4980.0	79.0	3.5989533746	8.01896927037
4980.0	80.0	3.54486384142	8.73494866951
4990.0	79.0	4.15521265934	7.87410277195
4990.0	80.0	4.01988359385	8.59962856307
5000.0	79.0	4.71147194408	7.72923627352
5000.0	80.0	4.45723009165	8.43805587867
5010.0	79.0	5.27004634502	7.59105224949
5010.0	80.0	4.96003123854	8.26550484348
5020.0	79.0	5.83830214101	7.47959812302
5020.0	80.0	5.5188161046	8.12493422144
5030.0	79.0	6.406557937	7.36814399655
5030.0	80.0	6.16199747962	8.03233421916
5040.0	79.0	6.97334047722	7.2490527565
5040.0	80.0	6.71909862479	7.98913679541
5050.0	79.0	7.53465092459	7.09869708268
5050.0	80.0	7.21895326016	7.97911308382
5060.0	79.0	8.09596137197	6.94858006866
5060.0	80.0	7.7316462672	7.94737133046
5070.0	79.0	8.65137879627	6.84261511758
5070.0	80.0	8.29527183078	7.8280414306
5080.0	79.0	9.20132412772	6.78104088926
5080.0	80.0	8.85910785947	7.70871153074
5080.0	85.0	-0.155323250904	10.5248971674
5090.0	79.0	9.75126945917	6.71946666093
5090.0	80.0	9.41452528377	7.61873678625
5090.0	85.0	0.432295335171	10.365711081
5100.0	79.0	10.3047926975	6.6593243914
5100.0	80.0	9.95773573171	7.57243678511
5100.0	85.0	1.01991392125	10.2067636543
5110.0	79.0	10.8635775635	6.60180737967
5110.0	80.0	10.5009461797	7.52613678396
5110.0	85.0	1.59637785651	10.0401791141
5120.0	79.0	11.4223624296	6.54429036794
5120.0	80.0	11.0460508136	7.48246204062
5120.0	85.0	2.14674411818	9.85664972817
5130.0	79.0	11.9941961324	6.47126046923
5130.0	80.0	11.595996145	7.44379915306
5130.0	85.0	2.69711037985	9.67312034219
5140.0	79.0	12.578868207	6.38271768354
5140.0	80.0	12.1459414765	7.40537492531
5140.0	85.0	3.23884757203	9.44472291386
5150.0	79.0	13.1633298164	6.29441355764
5150.0	80.0	12.7040949472	7.35621100657
5150.0	85.0	3.77658592712	9.19723270156
5160.0	79.0	13.7637867742	6.20276819455
5160.0	80.0	13.2948705099	7.26432698368
5160.0	85.0	4.31453474732	8.94974248925
5170.0	79.0	14.3680321039	6.11040685206
5170.0	80.0	13.8858565378	7.17268162059
5170.0	85.0	4.78113589536	8.68005691558
5180.0	79.0	14.9722774337	6.01804550957
5180.0	80.0	14.431592567	7.0786496595
5180.0	85.0	5.24794750851	8.4101326821
5190.0	80.0	14.9472320856	6.98318573962
5190.0	85.0	5.619418427	8.02684504376
5200.0	85.0	5.95005911422	7.59510946608
5210.0	85.0	6.03424515807	7.19726357996
5220.0	85.0	5.95405795131	6.82232903461
5230.0	85.0	5.87408120965	6.44715582946
5240.0	88.0	14.8422099959	8.29175742144
5240.0	89.0	14.8104297643	8.87599661114
5250.0	88.0	14.3461437325	8.36001412416
5250.0	89.0	14.3766611734	8.91943269469
5260.0	88.0	13.8500774691	8.42803216708
5260.0	89.0	13.9428925825	8.96286877824
5270.0	88.0	13.3464344618	8.54736206694
5270.0	89.0	13.4901821317	9.02635228496
5270.0	90.0	15.2418832391	7.44332183346
5280.0	88.0	12.8394240127	8.68841000857
5280.0	89.0	12.960862381	9.17098012359
5280.0	90.0	14.4842088444	7.5769713213
5290.0	88.0	12.3534600746	8.77385021687
5290.0	89.0	12.4315426303	9.31560796222
5290.0	90.0	13.7265344498	7.71062080914
5300.0	88.0	11.8887531125	8.80368269183
5300.0	89.0	11.9022228795	9.46023580084
5300.0	90.0	12.9814879617	7.84999813217
5300.0	91.0	2.64912433486	8.87528063174
5310.0	88.0	11.4206787087	8.84377753818
5310.0	89.0	11.442356615	9.62586570184
5310.0	90.0	12.265906589	8.00274040399
5310.0	91.0	3.18854641083	9.00940743918
5320.0	88.0	10.92398105	8.97742702602
5320.0	89.0	10.9902775595	9.79388220084
5320.0	90.0	11.5503252162	8.15548267581
5320.0	91.0	3.72775802169	9.14377290642
5330.0	88.0	10.4272833913	9.11107651386
5330.0	89.0	10.5329368763	9.94662447266
5330.0	90.0	10.8631566333	8.332806907
5330.0	91.0	4.26718009766	9.27789971386
5340.0	88.0	9.94573922046	9.26190950728
5340.0	89.0	10.0553915426	10.0385084955
5340.0	90.0	10.1833543292	8.51657495277
5340.0	91.0	4.8213347313	9.39460435592
5350.0	88.0	9.4742973749	9.42419817108
5350.0	89.0	9.57784620884	10.1301538586
5350.0	90.0	9.50102644383	8.67934093618
5350.0	91.0	5.3853812251	9.49961466779
5360.0	88.0	9.00348692467	9.58815745349
5360.0	89.0	9.10998227014	10.2385054077
5360.0	90.0	8.8094380936	8.75881464948
5360.0	91.0	5.95910911394	9.59913580427
5370.0	88.0	8.53877996262	9.76715230327
5370.0	89.0	8.64843228473	10.3578353076
5370.0	90.0	8.11216718541	8.84091362059
5370.0	91.0	6.62060095349	9.65044766121
5380.0	88.0	8.07407300056	9.94614715306
5380.0	89.0	8.18709276443	10.4771652074
5380.0	90.0	7.36733116244	8.94592393246
5380.0	91.0	7.11372070534	9.63230951643
5390.0	88.0	7.57969045805	9.96953581343
5390.0	89.0	7.70302301229	10.6043708807
5390.0	90.0	6.63638583671	9.04639970814
5390.0	91.0	7.57674394652	9.59173735048
5400.0	88.0	7.07268000897	9.92609972988
5400.0	89.0	7.21895326016	10.7318152137
5400.0	90.0	5.91659516179	9.164536309
5400.0	91.0	8.2081392754	9.5798043605
5410.0	88.0	6.57808700135	9.91989457509
5410.0	89.0	6.73488350802	10.859020887
5410.0	90.0	5.22395448602	9.32372239541
5410.0	91.0	8.83764041829	9.55498374133
5420.0	88.0	6.0961219003	9.95068168925
5420.0	89.0	6.2360811982	10.8855121247
5420.0	90.0	4.53110334513	9.48266982201
5420.0	91.0	9.45935435212	9.47908992502
5430.0	88.0	5.61394633415	9.98146880342
5430.0	89.0	5.73706842328	10.9120033625
5430.0	90.0	3.84309290176	9.64901570241
5430.0	91.0	10.0812787511	9.40319610871
5440.0	88.0	5.11282890813	10.0327806604
5440.0	89.0	5.24268588077	10.9210724349
5440.0	90.0	3.15550338862	9.81607756221
5440.0	91.0	10.6394322218	9.25785229068
5450.0	88.0	4.58308822721	10.1151182913
5450.0	89.0	4.75861612863	10.8893306815
5450.0	90.0	2.46812434058	9.98313942201
5450.0	91.0	11.1975856925	9.11274713246
5460.0	88.0	4.05334754628	10.1974559222
5460.0	89.0	4.27454637649	10.8573502684
5460.0	90.0	1.80999994278	10.1747832412
5460.0	91.0	11.7199600946	8.87933784834
5470.0	88.0	3.5290789582	10.2683378827
5470.0	89.0	3.78837197326	10.864987382
5470.0	90.0	1.15524298673	10.3692909779
5470.0	91.0	12.2269705437	8.60798165606
5480.0	88.0	3.01049292808	10.3280028326
5480.0	89.0	3.2973568725	10.9645085184
5480.0	90.0	0.505116263101	10.5683332509
5480.0	91.0	12.5858135556	8.31729402001
5490.0	88.0	2.49169643286	10.3876677825
5490.0	89.0	2.80613130664	11.0637909951
5490.0	90.0	-0.126279065775	10.7852750089
5490.0	91.0	12.7962786652	8.00703628039
5500.0	88.0	1.94890691513	10.4406502581
5500.0	89.0	2.26165806804	11.1067497591
5500.0	91.0	12.8105902927	7.66742338539
5510.0	88.0	1.39601507215	10.4905301562
5510.0	89.0	1.71129180637	11.1435033682
5510.0	91.0	12.6289589031	7.29869399484
5520.0	88.0	0.84291276405	10.5404100543
5520.0	89.0	1.17481624193	11.2077028543
5520.0	91.0	12.356196121	6.97817388382
5530.0	88.0	0.289810455954	10.5902899525
5530.0	89.0	0.671173234596	11.3353858472
5530.0	91.0	11.8710740433	6.77077851787
5540.0	88.0	-0.263291852142	10.6404085104
5540.0	89.0	0.167530227262	11.4633074998
5540.0	91.0	11.3861624307	6.56314449212
5550.0	89.0	-0.335902314962	11.5912291525
5550.0	91.0	10.7930717518	6.46553263404
5560.0	91.0	10.1999810729	6.36792077595
5570.0	91.0	9.55595783744	6.34071355879
5580.0	91.0	8.89930669541	6.3311671668
5590.0	91.0	8.25465206462	6.26577438168
5600.0	91.0	7.63841022364	6.06959602631
5610.0	91.0	7.02195791755	5.87365633075
5620.0	91.0	6.50821258495	5.6669769442
5630.0	91.0	6.09675329563	5.45003518626
5640.0	91.0	5.68550447142	5.23309342832
