0.0	3.0	11.9123252048	4.43907227467
0.0	5.0	8.7132555385	4.4152062947
0.0	6.0	8.12395323155	3.46056709585
10.0	1.0	12.9351856376	3.93788669527
10.0	3.0	11.5046542875	4.51353413218
10.0	5.0	8.36051601476	4.36365577796
10.0	6.0	8.61075903011	3.4156990535
20.0	1.0	12.4216507701	3.93788669527
20.0	3.0	11.096772905	4.58823464949
20.0	5.0	8.00798695614	4.31210526122
20.0	6.0	9.09735436356	3.37106967095
20.0	9.0	15.2423041693	3.6682011216
30.0	1.0	11.9192705534	3.95769545865
30.0	3.0	10.6891019877	4.662696507
30.0	5.0	7.65524743241	4.26031608468
30.0	6.0	9.58416016213	3.32620162861
30.0	9.0	14.665840234	3.53311967496
40.0	1.0	11.4282554527	3.9975516452
40.0	3.0	10.2799578145	4.70947382775
40.0	5.0	7.30061372269	4.18633154677
40.0	6.0	9.99014735859	3.32524698941
40.0	9.0	14.0891658337	3.39827688812
50.0	1.0	10.9372403519	4.03740783175
50.0	3.0	9.87081364144	4.7493300143
50.0	5.0	6.94156024567	4.06008051273
50.0	6.0	10.3759299045	3.335270701
50.0	9.0	13.5446925951	3.30973410243
60.0	1.0	10.4674822272	3.99182381001
60.0	3.0	9.46166946833	4.78918620085
60.0	5.0	6.58250676865	3.93359081888
60.0	6.0	10.7290903585	3.39947018712
60.0	9.0	13.0479949363	3.29064131845
70.0	1.0	10.0194020088	3.86079957996
70.0	3.0	9.05084157434	4.8297583668
70.0	5.0	6.22366375674	3.80733978483
70.0	6.0	11.0330019768	3.54552998454
70.0	9.0	12.5512972776	3.27154853447
80.0	1.0	9.57132179044	3.73001400972
80.0	3.0	8.63433112239	4.87462640915
80.0	5.0	5.83914400145	3.73025266952
80.0	6.0	11.3792170821	3.79469081544
80.0	9.0	12.0992182222	3.31426863862
90.0	1.0	9.09356599159	3.59493256308
90.0	3.0	8.21782067044	4.91925579169
90.0	5.0	5.45188819974	3.65865472961
90.0	6.0	11.7532135819	4.11282432846
90.0	9.0	11.6519798642	3.36414853676
100.0	1.0	8.57140205461	3.45340730185
100.0	3.0	7.80131021849	4.96412383404
100.0	5.0	5.06463239803	3.58705678969
100.0	6.0	12.1274205468	4.43119650128
100.0	9.0	11.2217891801	3.3314521442
110.0	1.0	8.04902765252	3.31212070042
110.0	3.0	7.38458930143	5.00875321659
110.0	5.0	4.67737659632	3.51545884978
110.0	6.0	12.4490112343	4.77916248926
110.0	9.0	10.8086461699	3.21665678054
120.0	1.0	7.51928697159	3.23622688411
120.0	3.0	6.97207768656	5.03786971215
120.0	5.0	4.29012079461	3.44386090987
120.0	6.0	12.7647088988	5.13046971444
120.0	9.0	10.3955031597	3.10162275708
130.0	1.0	6.9859683838	3.18849492417
130.0	3.0	6.56503816455	5.04312022774
130.0	5.0	3.91886034123	3.38849183633
130.0	6.0	13.0804065632	5.48177693962
130.0	9.0	9.87502294363	3.01761450758
140.0	1.0	6.45286026112	3.14076296423
140.0	3.0	6.15820910764	5.04837074334
140.0	5.0	3.54949407383	3.3347933814
140.0	6.0	13.3329646948	5.87508828955
140.0	9.0	9.3278136586	2.94124337167
150.0	1.0	5.90986027828	3.10973719027
150.0	3.0	5.75138005074	5.05385991873
150.0	5.0	3.18012780644	3.28133358626
150.0	6.0	13.4381972496	6.36553417796
150.0	9.0	8.81070088425	2.90114852532
160.0	1.0	5.36265099326	3.08587121029
160.0	3.0	5.34434052872	5.05911043433
160.0	5.0	2.81076153905	3.22763513132
160.0	6.0	13.5415356184	6.8318754266
160.0	9.0	8.3634625263	2.94601656766
170.0	1.0	4.81544170823	3.06200523032
170.0	3.0	4.96276728497	5.07390734191
170.0	5.0	2.44139527166	3.17417533619
170.0	6.0	13.6427693361	7.27387337567
170.0	9.0	7.91622416834	2.99064595021
180.0	1.0	4.30338009651	2.98515677482
180.0	3.0	4.58393008764	5.08989754849
180.0	5.0	2.10086272428	3.17417533619
180.0	6.0	13.744213519	7.71587132474
180.0	9.0	7.46603929886	3.02835419856
190.0	1.0	3.80647197269	2.88587429814
190.0	3.0	4.20509289032	5.10564909527
190.0	5.0	1.76054064202	3.17417533619
190.0	6.0	13.7553681698	8.13949246923
190.0	9.0	6.99101954643	3.0009083216
200.0	1.0	3.30956384886	2.78635316165
200.0	3.0	3.82625569299	5.12163930185
200.0	5.0	1.42000809464	3.17417533619
200.0	6.0	13.7440030539	8.55881773732
200.0	9.0	6.51599979401	2.97370110443
200.0	11.0	0.473546496657	7.30298987123
210.0	1.0	2.81644409701	2.69041192217
210.0	3.0	3.44405105391	5.1636434266
210.0	5.0	1.07947554727	3.17417533619
210.0	6.0	13.732637938	8.97814300542
210.0	9.0	6.04098004158	2.94649388726
210.0	11.0	0.999709270721	7.06433007152
220.0	1.0	2.35805108824	2.62645109585
220.0	3.0	3.05658478709	5.2450264183
220.0	5.0	0.739153465005	3.17417533619
220.0	6.0	13.7208518918	9.39460435592
220.0	9.0	5.57101145179	2.95866553705
220.0	11.0	1.56249297386	6.88294862374
230.0	1.0	1.89944761437	2.56249026952
230.0	3.0	2.66911852027	5.32640941
230.0	5.0	0.398620917631	3.17417533619
230.0	6.0	13.7065402644	9.78505178825
230.0	9.0	5.10462076886	2.9973284246
230.0	11.0	2.21072551151	6.83521666379
240.0	1.0	1.4408441405	2.498768103
240.0	3.0	2.28165225345	5.40779240171
240.0	5.0	0.0580883702566	3.17417533619
240.0	6.0	13.6922286369	10.1754992206
240.0	9.0	4.63823008593	3.03622997195
240.0	11.0	2.85895804915	6.78748470385
250.0	1.0	0.982451131732	2.43480727668
250.0	3.0	1.89418598663	5.48917539341
250.0	6.0	13.6779170095	10.5661853127
250.0	9.0	4.171839403	3.07489285951
250.0	11.0	3.53897081835	6.63116253504
260.0	1.0	0.523847657858	2.37084645035
260.0	3.0	1.55133832305	5.6664996246
260.0	6.0	13.6633949169	10.956632745
260.0	9.0	3.71976034752	3.09875883948
260.0	11.0	4.22719172683	6.44739448926
270.0	1.0	0.0654546490935	2.30688562403
270.0	3.0	1.20870112458	5.84382385578
270.0	9.0	3.26957547803	3.12095420085
270.0	11.0	4.91520217019	6.25479603089
280.0	3.0	0.865853460999	6.02114808697
280.0	9.0	2.81918014343	3.14314956223
280.0	11.0	5.60321261356	6.02520530357
290.0	3.0	0.552470912767	6.19918829756
290.0	9.0	2.36899527394	3.1653449236
290.0	11.0	6.29122305693	5.79585323604
300.0	3.0	0.268343014773	6.37818314734
300.0	9.0	2.03098830789	3.18754028497
300.0	11.0	6.97902303518	5.55600013733
310.0	3.0	-0.0157848832219	6.55717799713
310.0	9.0	1.76790692085	3.20997430615
310.0	11.0	7.66661254833	5.30946456423
320.0	9.0	1.50482553382	3.23240832732
320.0	11.0	8.35399159637	5.06269033132
330.0	9.0	1.34087321342	3.2483985339
330.0	11.0	9.06915203887	4.92951816308
330.0	13.0	14.8948262733	3.2448186369
340.0	9.0	1.32571972553	3.25484234849
340.0	11.0	9.80262294592	4.87152383175
340.0	13.0	14.3236239658	3.25341038969
350.0	9.0	1.31056623764	3.26128616308
350.0	11.0	10.536093853	4.81376816022
350.0	13.0	13.7524216583	3.26200214248
360.0	9.0	1.29541274975	3.26772997768
360.0	11.0	11.2626194114	4.7462274369
360.0	13.0	13.1833240018	3.27130987467
370.0	9.0	1.28025926185	3.27417379227
370.0	11.0	11.9729391564	4.65673001201
370.0	13.0	12.634641461	3.28849338025
380.0	9.0	1.26510577396	3.28061760686
380.0	11.0	12.6832589014	4.56723258712
380.0	13.0	12.0859589202	3.30543822603
390.0	9.0	1.24995228607	3.28706142145
390.0	11.0	13.3921053906	4.48036042002
390.0	13.0	11.5398019608	3.36032997997
400.0	9.0	1.23479879817	3.29350523605
400.0	11.0	14.0881135081	4.4161609339
400.0	13.0	10.9995380244	3.50352585979
410.0	9.0	1.21964531028	3.29994905064
410.0	11.0	14.7843320908	4.35196144777
410.0	13.0	10.4594845531	3.64672173962
420.0	9.0	1.20449182239	3.30639286523
420.0	11.0	15.4805506734	4.28752330185
420.0	13.0	9.92090433753	3.77798462946
430.0	9.0	1.18912786938	3.31283667982
430.0	13.0	9.38611249397	3.88108566294
440.0	9.0	1.17397438149	3.31928049441
440.0	13.0	8.85153111552	3.98442535622
450.0	9.0	1.1588208936	3.32572430901
450.0	13.0	8.31673927196	4.08752638969
460.0	9.0	1.14366740571	3.3321681236
460.0	13.0	7.82761835719	4.18394494878
470.0	9.0	1.12851391781	3.33861193819
470.0	13.0	7.36901488332	4.27559031187
480.0	9.0	1.11336042992	3.34505575278
480.0	13.0	6.91020094433	4.36747433476
490.0	9.0	1.09820694203	3.35149956738
490.0	13.0	6.45159747046	4.45935835765
500.0	9.0	1.08305345413	3.35794338197
500.0	13.0	5.99678236856	4.54861712274
510.0	9.0	1.06789996624	3.36438719656
510.0	13.0	5.54386145265	4.63668258883
520.0	9.0	1.05274647835	3.37083101115
520.0	13.0	5.09094053673	4.72498671473
520.0	17.0	0.218041853572	6.45622490185
530.0	9.0	1.03759299045	3.37727482575
530.0	13.0	4.63801962082	4.81305218082
530.0	17.0	0.504274402663	6.34166819799
540.0	9.0	1.02243950256	3.38371864034
540.0	13.0	4.17878475161	4.89634445092
540.0	17.0	0.790506951753	6.22711149412
550.0	9.0	0.996131363858	3.39421967152
550.0	13.0	3.66377662836	4.93405269928
550.0	17.0	1.02201857234	6.22377025693
560.0	9.0	0.926046482352	3.42071090929
560.0	13.0	3.14876850511	4.97176094763
560.0	17.0	1.21669879875	6.29441355764
570.0	9.0	0.855961600847	3.44720214706
570.0	13.0	2.63354991674	5.00923053619
570.0	17.0	1.41158949026	6.36505685836
580.0	9.0	0.785666254232	3.47393204463
580.0	13.0	2.13201156051	5.0810671359
580.0	17.0	1.55954646233	6.44834912846
580.0	18.0	0.352108128404	6.93736305807
590.0	9.0	0.694534861764	3.48729699341
590.0	13.0	1.66204297071	5.23213878912
590.0	17.0	1.70203134154	6.53307335736
590.0	18.0	0.409354638222	6.77459707467
600.0	9.0	0.589302306951	3.49207018941
600.0	13.0	1.19186391581	5.38344910214
600.0	17.0	1.84472668587	6.61779758625
600.0	18.0	0.466811613149	6.61206975106
610.0	9.0	0.484069752139	3.4968433854
610.0	13.0	0.729261604852	5.53977127095
610.0	17.0	1.96384993792	6.63975428783
610.0	18.0	0.660860444224	6.41827799369
610.0	19.0	0.270868596088	8.29939453504
620.0	9.0	0.378837197326	3.5016165814
620.0	13.0	0.283496502666	5.70826508955
620.0	17.0	2.07708016689	6.64572078282
620.0	18.0	0.941831365574	6.22902077252
620.0	19.0	0.349793012198	8.09653370528
630.0	9.0	0.273604642513	3.50638977739
630.0	17.0	2.19052086098	6.65192593761
630.0	18.0	1.33645344612	6.10969087266
630.0	19.0	0.428717428307	7.89367287552
630.0	20.0	0.163531390179	6.4144594369
640.0	17.0	2.30375108996	6.65789243261
640.0	18.0	1.65909645918	6.03713829355
640.0	19.0	0.507641844417	7.69081204577
640.0	20.0	0.438819753569	6.2493068555
650.0	17.0	2.50453480454	6.68462233017
650.0	18.0	1.93354296213	5.9956114884
650.0	19.0	0.681065094748	7.48818987581
650.0	20.0	0.71389765185	6.0839156143
660.0	17.0	2.71499991417	6.71350016594
660.0	18.0	2.21682899969	5.96649499284
660.0	19.0	0.948987179302	7.28556770585
660.0	20.0	0.98918601524	5.91876303289
670.0	17.0	2.92546502379	6.7426166615
670.0	18.0	2.52095108309	5.96649499284
670.0	19.0	1.21690926385	7.0831841957
670.0	20.0	1.11546508102	5.64430426322
680.0	17.0	3.12603827327	6.77292645607
680.0	18.0	2.78866270254	5.91876303289
680.0	19.0	1.51345460332	6.9087238821
680.0	20.0	1.24174414679	5.36984549355
690.0	17.0	3.31987663923	6.80442954963
690.0	18.0	3.02017432313	5.82329911301
690.0	19.0	1.92533482285	6.84643367438
690.0	20.0	1.28320577339	5.38941559713
700.0	17.0	3.5137150052	6.83569398339
700.0	18.0	3.12688013371	5.76530478168
700.0	19.0	2.33700457728	6.78414346665
700.0	20.0	1.32445693487	5.40898570071
710.0	17.0	3.70755337116	6.86719707695
710.0	18.0	3.10856966917	5.7445413791
710.0	19.0	2.6697499156	6.79440583804
710.0	20.0	1.36591856147	5.42855580428
720.0	17.0	3.99610103646	6.80562284863
720.0	18.0	3.09025920463	5.72377797653
720.0	19.0	2.9934452542	6.81278264262
720.0	20.0	1.40738018807	5.44812590786
730.0	17.0	4.30843125914	6.72089861973
730.0	18.0	3.07194874009	5.70301457395
730.0	19.0	3.30430222112	6.81182800342
730.0	20.0	1.44884181466	5.46769601144
740.0	17.0	4.62076148183	6.63617439083
740.0	18.0	3.05363827556	5.68225117138
740.0	19.0	3.58485221225	6.76528934248
740.0	20.0	1.49009297615	5.48726611501
750.0	17.0	4.92677775122	6.61588830786
750.0	18.0	2.84590921236	5.28798518225
750.0	19.0	3.86561266849	6.71898934133
750.0	20.0	1.49430227834	5.27438157367
760.0	17.0	5.23005797419	6.62280944205
760.0	18.0	2.61713363819	4.85195372817
760.0	19.0	4.14616265962	6.67245068039
760.0	20.0	1.45978600036	4.94455373046
770.0	17.0	5.53333819716	6.62973057624
770.0	18.0	2.38583248271	4.42713928468
770.0	19.0	4.46606962625	6.663381608
770.0	20.0	1.40253949054	4.55410629813
780.0	17.0	5.83851260612	6.62567335964
780.0	18.0	2.15284760636	4.00948463519
780.0	19.0	4.80281380165	6.67030274219
780.0	20.0	1.28720461047	4.17081865979
790.0	17.0	6.14747538705	6.59584088468
790.0	18.0	1.91965226489	3.59182998569
790.0	19.0	5.13955797706	6.67698521658
790.0	20.0	1.08515810523	3.79850937224
800.0	17.0	6.45664863309	6.56600840972
800.0	18.0	1.70476738797	3.1617650266
800.0	19.0	5.46262192033	6.68915686637
800.0	20.0	0.883111599989	3.42620008469
810.0	17.0	6.76350676293	6.52806150156
810.0	18.0	1.49430227834	2.72859749012
810.0	19.0	5.73117540021	6.72209191873
810.0	20.0	0.64086625881	3.06295986952
820.0	17.0	7.04994977713	6.4154140761
820.0	18.0	1.28973019179	2.30044180944
820.0	19.0	5.99972888009	6.75478831129
820.0	20.0	0.393990685219	2.70091295336
830.0	17.0	7.33639279133	6.30252799083
830.0	18.0	1.13777438264	1.9159608721
830.0	19.0	6.2600742207	6.76457336308
830.0	20.0	0.147325576738	2.33886603719
840.0	17.0	7.62283580553	6.18988056537
840.0	18.0	0.985608108376	1.53147993476
840.0	19.0	6.50189863166	6.72042130013
850.0	17.0	7.93221951668	6.06458417052
850.0	18.0	0.833652299227	1.14699899742
850.0	19.0	6.74351257751	6.67626923718
860.0	17.0	8.26454392478	5.92640014648
860.0	18.0	0.700638349943	0.879700021744
860.0	19.0	7.01206605739	6.61875222545
860.0	21.0	13.9965611854	10.9373013013
870.0	17.0	8.59686833287	5.78821612245
870.0	18.0	0.586355795417	0.729583007724
870.0	19.0	7.29850907159	6.55264346093
870.0	21.0	13.945839094	10.476449228
880.0	17.0	8.92919274097	5.65003209842
880.0	18.0	0.47207324089	0.579704653504
880.0	19.0	7.58495208579	6.48629603661
880.0	21.0	13.8951170026	10.0155971548
890.0	17.0	9.25983342819	5.5001537442
890.0	18.0	0.357790686363	0.429587639484
890.0	19.0	7.87139509999	6.41994861229
890.0	21.0	13.7949356104	9.60032910327
900.0	17.0	9.58984272009	5.34526353418
900.0	18.0	0.278866270254	0.322190729613
900.0	19.0	8.2300276468	6.40228778711
900.0	21.0	13.6455053826	9.23064507352
910.0	17.0	9.91964154687	5.19061198397
910.0	18.0	0.199941854144	0.214793819742
910.0	19.0	8.58844972849	6.38462696193
910.0	21.0	13.4962856198	8.86119970356
920.0	17.0	10.2496508388	5.03572177395
920.0	18.0	0.121017438035	0.107396909871
920.0	19.0	8.92708808988	6.34906665178
920.0	21.0	13.3224414393	8.50655124119
930.0	17.0	10.5701892007	4.9109026987
930.0	18.0	0.0420930219251	0.0
930.0	19.0	9.21900319693	6.27221819627
930.0	21.0	13.1119763297	8.17409814019
940.0	17.0	10.8905170976	4.78632228325
940.0	19.0	9.51091830398	6.19513108096
940.0	21.0	12.90151122	7.84164503918
950.0	17.0	11.2110554595	4.661503208
950.0	19.0	9.81651364315	6.10730427467
950.0	21.0	12.6834693665	7.48747389641
960.0	17.0	11.5315938215	4.53668413275
960.0	19.0	10.1764089806	5.97651870442
960.0	21.0	12.4601658852	7.11850584605
970.0	17.0	11.9058007864	4.40971711931
970.0	19.0	10.536093853	5.84573313418
970.0	21.0	12.2368624038	6.7497764555
980.0	17.0	12.3159972851	4.28107948726
980.0	19.0	10.8991461671	5.70635581115
980.0	21.0	11.9514717152	6.4166073751
990.0	17.0	12.7261937837	4.15268051501
990.0	19.0	11.2910322012	5.49251663061
990.0	21.0	11.5204391707	6.166491905
1000.0	17.0	13.1361798173	4.02428154277
1000.0	19.0	11.6829182353	5.27843879026
1000.0	21.0	11.0567845342	5.93952643547
1010.0	17.0	13.4844995737	3.96676453104
1010.0	19.0	12.0834333389	5.0820217751
1010.0	21.0	10.4620101344	5.80468364863
1020.0	17.0	13.8060902612	3.93979597367
1020.0	19.0	12.517412395	4.95505476165
1020.0	21.0	9.86723573457	5.66984086179
1030.0	17.0	14.1276809487	3.9125887565
1030.0	19.0	12.9516019161	4.828326408
1030.0	21.0	9.27730203229	5.58463931329
1040.0	17.0	14.4494821013	3.88562019913
1040.0	19.0	13.3855809722	4.70159805435
1040.0	21.0	8.68799972534	5.50516559999
1050.0	17.0	14.7710727888	3.85865164177
1050.0	19.0	13.8576542131	4.68226661058
1050.0	21.0	8.09869741839	5.42545322689
1060.0	17.0	15.0926634764	3.8316830844
1060.0	19.0	14.329727454	4.6629351668
1060.0	21.0	7.5129730183	5.3302279668
1070.0	19.0	14.80201116	4.64360372302
1070.0	21.0	6.92766954843	5.23333208812
1080.0	19.0	15.2740844009	4.62427227925
1080.0	21.0	6.34215561346	5.13643620943
1080.0	23.0	14.8630460418	6.60514861687
1090.0	21.0	5.74106726037	5.07486198111
1090.0	23.0	14.4000228006	6.47149912903
1090.0	24.0	15.3130204461	2.90854697911
1100.0	21.0	5.13303355866	5.02832332016
1100.0	23.0	13.9369995594	6.33784964119
1100.0	24.0	14.7563402312	2.9161840927
1110.0	21.0	4.52499985695	4.98202331902
1110.0	23.0	13.4104158551	6.30921046522
1110.0	24.0	14.1996600162	2.92405986609
1120.0	21.0	3.91738708546	4.94097383347
1120.0	23.0	12.8766763371	6.29202695965
1120.0	24.0	13.6429798013	2.93169697968
1130.0	21.0	3.31314175573	4.94861094706
1130.0	23.0	12.3517763537	6.26338778368
1130.0	24.0	13.0987170278	2.89780728812
1140.0	21.0	2.70889642599	4.95648672045
1140.0	23.0	11.9045379957	6.12902231644
1140.0	24.0	12.5670821608	2.82239079141
1150.0	21.0	2.10465109626	4.96412383404
1150.0	23.0	11.4572996378	5.994895509
1150.0	24.0	12.0352368288	2.7472129545
1160.0	21.0	1.57238483401	5.04144960915
1160.0	23.0	11.0100612798	5.86053004176
1160.0	24.0	11.5036019619	2.67179645779
1170.0	21.0	1.03990810666	5.11853672445
1170.0	23.0	10.54956362	5.78153364806
1170.0	24.0	10.9801752343	2.68349078798
1180.0	21.0	0.507641844417	5.19586249956
1180.0	23.0	10.0878031695	5.70850374935
1180.0	24.0	10.4601159484	2.73265470672
1190.0	23.0	9.62583225383	5.63571251043
1190.0	24.0	9.9400566625	2.78181862546
1200.0	23.0	9.15523226871	5.54120322975
1200.0	24.0	9.42294388815	2.82692532761
1210.0	23.0	8.66421716795	5.39657539112
1210.0	24.0	8.91256599731	2.86248563776
1220.0	23.0	8.17299160209	5.25194755249
1220.0	24.0	8.40197764136	2.89804594792
1230.0	23.0	7.68197650133	5.10731971387
1230.0	24.0	7.89159975052	2.93336759828
1240.0	23.0	7.22989744586	4.92164238969
1240.0	24.0	7.38101139457	2.96892790844
1250.0	23.0	6.77781839038	4.73596506551
1250.0	24.0	6.89041722403	2.99016863061
1260.0	23.0	6.32805445111	4.59611042288
1260.0	24.0	6.4130823554	3.0018629608
1270.0	23.0	5.88376260469	4.56293671072
1270.0	24.0	5.93553702166	3.01355729098
1280.0	23.0	5.43926029316	4.53000165836
1280.0	24.0	5.45820215303	3.02525162117
1290.0	23.0	4.99496844674	4.4968279462
1290.0	24.0	4.97560565666	3.02835419856
1300.0	23.0	4.5218428803	4.46962072903
1300.0	24.0	4.48774753255	3.02286502317
1310.0	23.0	4.03608940729	4.44527742946
1310.0	24.0	3.99988940843	3.01737584778
1320.0	23.0	3.55033593427	4.42069547009
1320.0	24.0	3.51182081921	3.01188667238
1330.0	23.0	3.06479292637	4.39635217052
1330.0	24.0	3.01975339291	3.00305625979
1340.0	23.0	2.61629177775	4.34766557138
1340.0	24.0	2.48980224687	2.96343873304
1350.0	23.0	2.17747202419	4.29325113705
1350.0	24.0	1.95964063572	2.92358254649
1360.0	23.0	1.73844180551	4.23859804291
1360.0	24.0	1.42968948969	2.88372635994
1370.0	23.0	1.27057786681	4.17941041258
1370.0	24.0	0.89952787854	2.84410883319
1380.0	23.0	0.735786023251	4.10996041087
1380.0	24.0	0.369576732502	2.80425264663
1390.0	23.0	0.200783714583	4.04027174935
1550.0	28.0	0.117018600952	4.89348053332
1550.0	29.0	0.119123252048	5.75575838969
1560.0	28.0	0.630553468438	4.88393414134
1560.0	29.0	0.612243003901	5.71494756394
1560.0	30.0	15.0097402232	4.55935681373
1570.0	28.0	1.14408833592	4.87438774935
1570.0	29.0	1.10515229064	5.67389807839
1570.0	30.0	14.343197221	4.54933310214
1570.0	31.0	14.6123820962	3.77774596966
1580.0	28.0	1.65046738968	4.85624960457
1580.0	29.0	1.5982720425	5.63308725264
1580.0	30.0	13.6766542188	4.53954805035
1580.0	31.0	13.9433135127	3.85435576537
1590.0	28.0	2.14611272285	4.82546249041
1590.0	29.0	2.09749528253	5.60611869527
1590.0	30.0	13.0362088902	4.56794856652
1590.0	31.0	13.2742449292	3.93096556108
1600.0	28.0	2.64175805602	4.79467537624
1600.0	29.0	2.60555805716	5.60039086008
1600.0	30.0	12.4216507701	4.63477331044
1600.0	31.0	12.6232763451	3.96175267524
1610.0	28.0	3.14476966802	4.77725321086
1610.0	29.0	3.11383129691	5.59442436508
1610.0	30.0	11.80709265	4.70159805435
1610.0	31.0	11.9840938072	3.96175267524
1620.0	28.0	3.66503941902	4.79037949985
1620.0	29.0	3.62210453666	5.58869652989
1620.0	30.0	11.1931659252	4.71162176594
1620.0	31.0	11.3449112693	3.96175267524
1630.0	28.0	4.18530917001	4.80374444863
1630.0	29.0	4.13395568326	5.5789114781
1630.0	30.0	10.5794496655	4.72140681773
1630.0	31.0	10.7196194286	3.93788669527
1640.0	28.0	4.70557892101	4.81687073762
1640.0	29.0	4.65464636448	5.56005735392
1640.0	30.0	9.96510201055	4.67964135278
1640.0	31.0	10.0960113087	3.9113954575
1650.0	28.0	5.22248123025	4.80947228383
1650.0	29.0	5.17512658058	5.54120322975
1650.0	30.0	9.35054389044	4.60327021687
1650.0	31.0	9.48187411885	3.88800679713
1660.0	28.0	5.73769981861	4.79300475765
1660.0	29.0	5.6958172618	5.52234910557
1660.0	30.0	8.73766949121	4.52689908096
1660.0	31.0	8.90541018358	3.87774442574
1670.0	28.0	6.25291840697	4.77653723146
1670.0	29.0	6.2162974779	5.51972384777
1670.0	30.0	8.13952764966	4.45172124405
1670.0	31.0	8.32894624832	3.86724339456
1680.0	28.0	6.74898467036	4.78584496365
1680.0	29.0	6.73656722889	5.53285013676
1680.0	30.0	7.55296138913	4.39134031473
1680.0	31.0	7.76321603365	3.78824700085
1690.0	28.0	7.23999977112	4.80183517023
1690.0	29.0	7.257047445	5.54621508554
1690.0	30.0	7.01374977827	4.39134031473
1690.0	31.0	7.19895907474	3.70137483376
1700.0	28.0	7.73101487187	4.81782537682
1700.0	29.0	7.77731719599	5.55934137453
1700.0	30.0	6.44212654053	4.40446660371
1700.0	31.0	6.65069746417	3.5798969957
1710.0	28.0	8.24812764622	4.80135785064
1710.0	29.0	8.28495904041	5.52592900257
1710.0	30.0	5.8490358616	4.42594598569
1710.0	31.0	6.10959166732	3.44362225007
1720.0	28.0	8.77155437386	4.77677589126
1720.0	29.0	8.79112762906	5.48726611501
1720.0	30.0	5.29109285599	4.38943103633
1720.0	31.0	5.56827540536	3.30710884463
1730.0	28.0	9.2949811015	4.75243259169
1730.0	29.0	9.29750668282	5.44860322746
1730.0	30.0	4.78597659288	4.26532794048
1730.0	31.0	4.99896728383	3.2505464721
1740.0	28.0	9.81840782914	4.72785063232
1740.0	29.0	9.81693457337	5.40039394792
1740.0	30.0	4.28086032978	4.14122484463
1740.0	31.0	4.42650218564	3.20281451215
1750.0	28.0	10.3832961834	4.61186196966
1750.0	29.0	10.3889787413	5.31471507982
1750.0	30.0	3.74691034666	4.09182226609
1750.0	31.0	3.83677894847	3.18825626437
1760.0	28.0	10.95281477	4.48537227581
1760.0	29.0	10.9608124442	5.22903621172
1760.0	30.0	3.21001385201	4.05053412074
1760.0	31.0	3.22095803771	3.22357791473
1770.0	28.0	11.5223333567	4.35912124177
1770.0	29.0	11.5328566122	5.14335734362
1770.0	30.0	2.67290689224	4.00948463519
1770.0	31.0	2.60513712694	3.25913822489
1780.0	28.0	12.0876426411	4.25602020829
1780.0	29.0	12.1049007801	5.06054239312
1780.0	30.0	2.0989685383	4.04194236795
1780.0	31.0	2.01120458758	3.26510471988
1790.0	28.0	12.6489530885	4.17654649499
1790.0	29.0	12.676734483	4.98393259742
1790.0	30.0	1.52481971924	4.07463876051
1790.0	31.0	1.42653251304	3.25842224549
1800.0	28.0	13.2102635359	4.09707278168
1800.0	29.0	13.2485681858	4.90732280171
1800.0	30.0	0.950881365288	4.10709649327
1800.0	31.0	0.841860438502	3.2517397711
1810.0	28.0	13.7679960764	4.01354185178
1810.0	29.0	13.8204018887	4.8309516658
1810.0	30.0	0.376943011339	4.13955422603
1810.0	31.0	0.257188363962	3.2450572967
1820.0	28.0	14.3116274545	3.9140207153
1820.0	29.0	14.3922355915	4.75434187009
1830.0	28.0	14.8552588327	3.81449957882
1830.0	29.0	14.9640692944	4.67773207438
2880.0	41.0	15.0236309204	4.25530422889
2890.0	41.0	14.567763493	4.3269021688
2900.0	41.0	14.1116856004	4.39850010872
2910.0	41.0	13.6532925916	4.47272330643
2920.0	41.0	13.1732216766	4.56961918511
2930.0	41.0	12.6929402964	4.6665150638
2940.0	41.0	12.2128693814	4.76341094248
2950.0	41.0	11.7765752091	4.8321449648
2960.0	41.0	11.3451217344	4.89777640972
2970.0	41.0	10.9136682596	4.96340785464
2980.0	41.0	10.4822147849	5.02903929956
2990.0	41.0	10.0448682871	5.00660527839
3000.0	41.0	9.60689039397	4.97438620543
3010.0	41.0	9.16891250084	4.94216713247
3020.0	41.0	8.73787995632	4.92999548268
3030.0	41.0	8.3350497365	4.9982521854
3040.0	41.0	7.93221951668	5.06650888812
3040.0	44.0	0.300754641655	4.86603465636
3040.0	45.0	0.112809298759	4.1629428864
3050.0	41.0	7.52917883174	5.13452693104
3050.0	44.0	0.781667417149	4.84049805779
3050.0	45.0	0.6690685835	4.06055783232
3060.0	41.0	7.10951140315	5.18369084978
3060.0	44.0	1.26279065775	4.81496145922
3060.0	45.0	1.22511740313	3.95841143805
3070.0	41.0	6.68247769572	5.22450167553
3070.0	44.0	1.75633133983	4.78178774706
3070.0	45.0	1.77443133925	3.86414081716
3080.0	41.0	6.2556544534	5.26555116108
3080.0	44.0	2.27933713724	4.73119186952
3080.0	45.0	2.26165806804	3.84385473418
3090.0	41.0	5.82988353663	5.31304446122
3090.0	44.0	2.80234293466	4.68059599198
3090.0	45.0	2.74867433171	3.82332999141
3100.0	41.0	5.40895331738	5.38631301973
3100.0	44.0	3.32534873208	4.63000011444
3100.0	45.0	3.23569059538	3.80280524863
3110.0	41.0	4.98802309813	5.45982023804
3110.0	44.0	3.86392894762	4.57391506151
3110.0	45.0	3.75111964886	3.76175576308
3120.0	41.0	4.56709287887	5.53332745636
3120.0	44.0	4.40250916315	4.51759134878
3120.0	45.0	4.2854905622	3.70662534935
3130.0	41.0	4.15942196153	5.60922127267
3130.0	44.0	4.94087891357	4.46150629584
3130.0	45.0	4.81965101042	3.65149493562
3130.0	46.0	0.535212773778	4.00256350099
3130.0	47.0	0.447027892845	3.27178719427
3140.0	41.0	3.78289988041	5.69084292417
3140.0	44.0	5.45672889726	4.42355938769
3140.0	45.0	5.35381145865	3.59636452188
3140.0	46.0	1.08389531457	4.04528360514
3140.0	47.0	0.880796483783	3.33694131959
3150.0	41.0	3.40616733418	5.77246457567
3150.0	44.0	5.95721492795	4.39778412932
3150.0	45.0	5.88249981403	3.57583977911
3150.0	46.0	1.63257785537	4.08800370929
3150.0	47.0	1.31435460961	3.40209544492
3160.0	41.0	3.02964525306	5.85408622717
3160.0	44.0	6.45791142375	4.37200887095
3160.0	45.0	6.4086625881	3.57035060371
3160.0	46.0	2.15768830388	4.14647536022
3160.0	47.0	1.7535952934	3.46056709585
3170.0	41.0	2.66680340407	5.94525427066
3170.0	44.0	6.95839745444	4.34623361258
3170.0	45.0	6.93482536216	3.56462276852
3170.0	46.0	2.66680340407	4.21592536194
3170.0	47.0	2.2412429524	3.46056709585
3180.0	41.0	2.31785225231	6.04573004634
3180.0	44.0	7.49487301887	4.31449185922
3180.0	45.0	7.46098813622	3.55889493333
3180.0	46.0	3.17591850425	4.28513670385
3180.0	47.0	2.7288906114	3.46056709585
3190.0	41.0	1.96890110055	6.14620582202
3190.0	44.0	8.03513695528	4.28227278626
3190.0	45.0	7.96568346911	3.49374080801
3190.0	46.0	3.67072197698	4.31663979742
3190.0	47.0	3.21653827041	3.46056709585
3190.0	48.0	0.294651153476	3.43670111587
3200.0	41.0	1.61994994879	6.2466815977
3200.0	44.0	8.5756113568	4.2500537133
3200.0	45.0	8.4487008957	3.36892173276
3200.0	46.0	4.15100335714	4.31067330242
3200.0	47.0	3.70418592941	3.46056709585
3200.0	48.0	0.79829416081	3.39398101172
3210.0	41.0	1.27962786652	6.39369603432
3210.0	44.0	9.10829854926	4.20423103175
3210.0	45.0	8.9319287874	3.2441026575
3210.0	46.0	4.63128473731	4.30446814763
3210.0	47.0	4.21919405266	3.44171297167
3210.0	48.0	1.30193716814	3.35149956738
3220.0	41.0	0.942883691122	6.56075789412
3220.0	44.0	9.61088923105	4.10423257567
3220.0	45.0	9.41494621399	3.11928358225
3220.0	46.0	5.11156611748	4.29826299284
3220.0	47.0	4.73441264103	3.42285884749
3220.0	48.0	1.79716157109	3.31593925722
3230.0	41.0	0.606139515722	6.72781975392
3230.0	44.0	10.1132694477	4.00399545979
3230.0	45.0	9.90364619854	3.0013856412
3230.0	46.0	5.63204633358	4.25506556909
3230.0	47.0	5.24942076428	3.40400472331
3230.0	48.0	2.25892202161	3.30949544263
3240.0	41.0	0.269395340321	6.89488161372
3240.0	44.0	10.6194380364	3.90280370471
3240.0	45.0	10.4422264141	2.94530058826
3240.0	46.0	6.17925561861	4.18680886637
3240.0	47.0	5.76948005016	3.38276400114
3240.0	48.0	2.72089293724	3.30281296823
3250.0	44.0	11.1594915077	3.79158823805
3250.0	45.0	10.9808066296	2.88921553533
3250.0	46.0	6.72646490363	4.11855216365
3250.0	47.0	6.30911259124	3.35221554678
3250.0	48.0	3.18265338776	3.29613049384
3260.0	44.0	11.6997554441	3.68013411158
3260.0	45.0	11.51917638	2.8331304824
3260.0	46.0	7.2679916307	4.05530731673
3260.0	47.0	6.84874513232	3.32166709241
3260.0	48.0	3.66104058194	3.28634544205
3270.0	44.0	12.2385461247	3.5815676143
3270.0	45.0	12.0737519439	2.80616192503
3270.0	46.0	7.75921719656	4.03693051215
3270.0	47.0	7.3883776734	3.29111863805
3270.0	48.0	4.15037196182	3.27441245207
3280.0	44.0	12.7647088988	3.59922843948
3280.0	45.0	12.6348519261	2.79160367725
3280.0	46.0	8.25023229732	4.01855370758
3280.0	47.0	7.92106486587	3.27130987467
3280.0	48.0	4.63970334169	3.26247946208
3290.0	44.0	13.2908716729	3.61712792446
3290.0	45.0	13.1961623735	2.77704542947
3290.0	46.0	8.74124739808	4.0004155628
3290.0	47.0	8.43712531467	3.27703770987
3290.0	48.0	5.12903472157	3.2505464721
3300.0	44.0	13.8170344469	3.63478874964
3300.0	45.0	13.7448449143	2.79160367725
3300.0	46.0	9.24110203344	3.98442535622
3300.0	47.0	8.95318576347	3.28276554506
3300.0	48.0	5.61078935751	3.2457732761
3310.0	44.0	14.343197221	3.65244957481
3310.0	45.0	14.2745855952	2.84912068898
3310.0	46.0	9.775893877	3.97798154162
3310.0	47.0	9.46945667738	3.28849338025
3310.0	48.0	6.08749283081	3.2457732761
3320.0	44.0	14.869359995	3.67011039999
3320.0	45.0	14.8043262762	2.90663770071
3320.0	46.0	10.3104752554	3.97153772703
3320.0	47.0	9.9836229402	3.29493719484
3320.0	48.0	6.563985839	3.2457732761
3330.0	45.0	15.3342774222	2.96439337224
3330.0	46.0	10.845267099	3.96509391244
3330.0	47.0	10.4803205989	3.30925678283
3330.0	48.0	7.05016024224	3.2481598741
3340.0	46.0	11.3813217332	3.96509391244
3340.0	47.0	10.9770182576	3.32357637081
3340.0	48.0	7.57358696987	3.25985420429
3340.0	51.0	0.429559288746	3.24219337911
3350.0	46.0	11.9188496232	3.97153772703
3350.0	47.0	11.4737159163	3.33789595879
3350.0	48.0	8.09722416262	3.27130987467
3350.0	51.0	1.0298057814	3.23336296652
3360.0	46.0	12.4563775132	3.97798154162
3360.0	47.0	11.9704135751	3.35221554678
3360.0	48.0	8.62086135537	3.28300420486
3360.0	51.0	1.62984180894	3.22453255393
3370.0	46.0	12.9939054032	3.98442535622
3370.0	47.0	12.4652170478	3.36247791816
3370.0	48.0	9.14597180389	3.29350523605
3370.0	51.0	2.17368365221	3.19589337796
3370.0	53.0	0.272762782075	6.79416717824
3380.0	46.0	13.5314332932	3.99086917081
3380.0	47.0	12.9425519164	3.33694131959
3380.0	48.0	9.68581481008	3.29350523605
3380.0	51.0	2.69332200788	3.15842378941
3380.0	53.0	0.761041836406	6.68915686637
3390.0	46.0	14.0689611831	3.9973129854
3390.0	47.0	13.4198867851	3.31140472102
3390.0	48.0	10.2254473512	3.29350523605
3390.0	51.0	3.21296036354	3.12119286065
3390.0	53.0	1.24932089074	6.58414655449
3400.0	46.0	14.6064890731	4.00375679999
3400.0	47.0	13.8970111886	3.28586812245
3400.0	48.0	10.7650798922	3.29350523605
3400.0	51.0	3.74859406754	3.07680213791
3400.0	53.0	1.79379412934	6.55574603833
3410.0	46.0	15.1440169631	4.01020061459
3410.0	47.0	14.3743460572	3.26033152389
3410.0	48.0	11.2998717358	3.28515214306
3410.0	51.0	4.30022311987	3.02525162117
3410.0	53.0	2.35236853028	6.54667696594
3420.0	47.0	14.8516809258	3.23479492532
3420.0	48.0	11.8155112544	3.24338667811
3420.0	51.0	4.85206263731	2.97346244463
3420.0	53.0	2.90231386174	6.53307335736
3430.0	47.0	15.3290157945	3.20901966695
3430.0	48.0	12.331150773	3.20162121316
3430.0	51.0	5.40390215475	2.92191192789
3430.0	53.0	3.41837431054	6.50228624319
3440.0	48.0	12.8467902915	3.15985574821
3440.0	51.0	5.99215213615	2.89327275193
3440.0	53.0	3.93443475934	6.47149912903
3450.0	48.0	13.3651658565	3.12071554105
3450.0	51.0	6.58966258238	2.87012275135
3450.0	53.0	4.45407311501	6.42257387009
3460.0	48.0	13.8944856073	3.09183770529
3460.0	51.0	7.18696256349	2.84697275078
3460.0	53.0	5.00759635332	6.21040530814
3470.0	48.0	14.423805358	3.06272120972
3470.0	51.0	7.78173696329	2.8314598638
3470.0	53.0	5.56090912653	5.9982367462
3480.0	48.0	14.9531251087	3.03384337396
3480.0	51.0	8.37545903755	2.81928821401
3480.0	53.0	6.12579748076	5.80086509184
3490.0	51.0	8.96897064669	2.80711656423
3490.0	53.0	6.70773350888	5.62545013905
3500.0	51.0	9.56269272095	2.79470625464
3500.0	53.0	7.28945907188	5.44979652646
3510.0	51.0	10.1825124688	2.77227223347
3510.0	53.0	7.87139509999	5.27438157367
3520.0	51.0	10.8090671001	2.7474516143
3520.0	53.0	8.45017415146	5.19228260257
3530.0	51.0	11.4356217315	2.72239233533
3530.0	53.0	9.02895320294	5.11018363146
3540.0	51.0	12.0621763629	2.69733305636
3540.0	53.0	9.60773225441	5.02832332016
3550.0	51.0	12.6885205291	2.67251243719
3550.0	53.0	10.1827229339	4.86150012016
3560.0	51.0	13.3150751605	2.64745315822
3560.0	53.0	10.7566612879	4.67343619799
3570.0	51.0	13.9416297918	2.62239387925
3570.0	53.0	11.3305996418	4.48537227581
3570.0	54.0	15.1021344063	3.9149753545
3580.0	51.0	14.5681844232	2.59757326008
3580.0	53.0	11.8971717169	4.29253515765
3580.0	54.0	14.832739066	4.02953205836
3580.0	55.0	15.0432041756	4.67343619799
3580.0	56.0	0.153429064917	8.46406979684
3590.0	51.0	15.1945285894	2.57251398111
3590.0	53.0	12.455956583	4.09516350328
3590.0	54.0	14.5633437256	4.14408876222
3590.0	55.0	14.9503890622	4.50494237939
3590.0	56.0	0.295913944133	8.12708215964
3600.0	53.0	13.014741449	3.89755318912
3600.0	54.0	14.3564565229	4.25649752789
3600.0	55.0	14.8575739489	4.33668722059
3600.0	56.0	0.43818835824	7.79009452245
3610.0	53.0	13.6471891034	3.68228204978
3610.0	54.0	14.2954216411	4.36437175736
3610.0	55.0	14.7647588356	4.168193402
3610.0	56.0	0.580673237457	7.45310688525
3620.0	53.0	14.3286751284	3.45483926065
3620.0	54.0	14.2341762942	4.47224598683
3620.0	55.0	14.61006698	4.00304082059
3620.0	56.0	0.780194161382	7.13950790843
3630.0	53.0	14.9061913892	3.29636915364
3630.0	54.0	14.1152635073	4.56436866952
3630.0	55.0	14.2082890857	3.85101452818
3630.0	56.0	1.20891158969	6.91850893389
3640.0	54.0	13.7644181695	4.59420114448
3640.0	55.0	13.8065111914	3.69922689556
3640.0	56.0	1.637629018	6.69750995936
3650.0	54.0	13.4135728318	4.62403361945
3650.0	55.0	13.2677205108	3.73741246351
3650.0	56.0	2.0859197015	6.53832387295
3660.0	54.0	12.9577054043	4.61400990786
3660.0	55.0	12.7289298302	3.77559803147
3660.0	56.0	2.55357317509	6.44118933447
3660.0	57.0	0.211096504954	6.31135840342
3670.0	54.0	12.4753193731	4.59420114448
3670.0	55.0	12.2151844976	3.80614648583
3670.0	56.0	3.02143711378	6.34381613618
3670.0	57.0	0.639393003042	5.94095839427
3680.0	54.0	11.9653624124	4.58895062889
3680.0	55.0	11.7262740479	3.8292964864
3680.0	56.0	3.46741268108	6.29465221744
3680.0	57.0	1.06747903602	5.57055838511
3690.0	54.0	11.4137333601	4.60541815507
3690.0	55.0	11.2375740633	3.85244648697
3690.0	56.0	3.90812662064	6.25742128869
3690.0	57.0	1.51892669617	5.23667332531
3700.0	54.0	10.8621043078	4.62188568125
3700.0	55.0	10.7436124511	3.86628875536
3700.0	56.0	4.34863009508	6.21995170013
3700.0	57.0	2.06255807433	5.04765476394
3710.0	54.0	10.3565671145	4.61735114506
3710.0	55.0	10.2422845599	3.86628875536
3710.0	56.0	4.82722775437	6.1660145854
3710.0	57.0	2.60618945249	4.85863620257
3720.0	54.0	9.89691131503	4.59229186609
3720.0	55.0	9.74074620369	3.86628875536
3720.0	56.0	5.33108122681	6.10109911987
3720.0	57.0	3.11004292494	4.5786882575
3730.0	54.0	9.4370450505	4.56723258712
3730.0	55.0	9.23941831256	3.86628875536
3730.0	56.0	5.83493469926	6.03594499455
3730.0	57.0	3.60379407212	4.27559031187
3740.0	54.0	8.97738925108	4.54217330815
3740.0	55.0	8.77639507138	3.90614494191
3740.0	56.0	6.31984631184	5.93881045607
3740.0	57.0	4.09712428908	3.99039185121
3750.0	54.0	8.52320554451	4.55911815393
3750.0	55.0	8.31337183021	3.94576246866
3750.0	56.0	6.76056025139	5.76745271988
3750.0	57.0	4.58813938984	3.77559803147
3760.0	54.0	8.07133695414	4.59420114448
3760.0	55.0	7.85034858903	3.98561865521
3760.0	56.0	7.20127419095	5.59585632388
3760.0	57.0	5.07915449059	3.56080421172
3760.0	60.0	0.385151150615	4.07583205951
3770.0	54.0	7.61946836377	4.62928413504
3770.0	55.0	7.40563581239	3.9992222638
3770.0	56.0	7.64998580467	5.43643157767
3770.0	57.0	5.59332075341	3.36987637195
3770.0	60.0	0.83723020609	4.04934082174
3780.0	54.0	7.17538698246	4.67820939398
3780.0	55.0	6.96092303575	4.01258721258
3780.0	56.0	8.17299160209	5.38583570013
3780.0	57.0	6.19946026913	3.27441245207
3780.0	60.0	1.28930926157	4.02284958397
3790.0	54.0	6.74919513547	4.75983104549
3790.0	55.0	6.51599979401	4.02619082117
3790.0	56.0	8.69599739951	5.33523982259
3790.0	57.0	6.80559978485	3.17894853218
3790.0	60.0	1.73528482886	4.00948463519
3800.0	54.0	6.32321375359	4.84121403719
3800.0	55.0	6.07128701737	4.03955576995
3800.0	56.0	9.21900319693	5.28440528526
3800.0	57.0	7.38037999924	3.2505464721
3800.0	60.0	2.17536737309	4.00948463519
3810.0	54.0	5.89723237171	4.92283568869
3810.0	55.0	5.62657424073	4.05315937853
3810.0	56.0	9.75169038939	5.21972847953
3810.0	57.0	7.9414799815	3.39374235193
3810.0	60.0	2.61544991732	4.00948463519
3820.0	54.0	5.4596754088	4.9937176492
3820.0	55.0	5.17659983635	4.12523463805
3820.0	56.0	10.2869031632	5.15171043661
3820.0	57.0	8.50279042887	3.53693823175
3820.0	60.0	3.05721618242	4.00638205779
3830.0	54.0	4.97686844731	5.02164084577
3830.0	55.0	4.72452078087	4.22260783633
3830.0	56.0	10.8221159369	5.0834537339
3830.0	57.0	9.07104622486	3.66939442059
3830.0	60.0	3.50529640081	3.99110783061
3840.0	54.0	4.49406148583	5.04980270214
3840.0	55.0	4.2724417254	4.31974237481
3840.0	56.0	11.3529089434	5.01591301058
3840.0	57.0	9.64224853238	3.79731607324
3840.0	60.0	3.95337661921	3.97559494363
3850.0	54.0	4.01125452435	5.0777258987
3850.0	55.0	3.8024731356	4.26413464148
3850.0	56.0	11.8731786944	4.94956558626
3850.0	57.0	10.213661305	3.92499906609
3850.0	60.0	4.40314055848	3.96580989184
3860.0	54.0	3.54107546945	5.02378878397
3860.0	55.0	3.3322940807	4.20828824835
3860.0	56.0	12.3934484454	4.88321816194
3860.0	57.0	10.6747903602	4.03096401716
3860.0	60.0	4.86763705542	4.00709803719
3870.0	54.0	3.07405339119	4.94908826666
3870.0	55.0	2.86232549091	4.15268051501
3870.0	56.0	12.9137181964	4.81687073762
3870.0	57.0	11.123712439	4.13430371044
3870.0	60.0	5.33192308725	4.04814752274
3880.0	54.0	2.60703131293	4.87462640915
3880.0	55.0	2.37131039015	4.03693051215
3880.0	56.0	13.4586123652	4.72283877653
3880.0	57.0	11.572844983	4.23788206351
3880.0	60.0	5.7943149331	4.09158360629
3890.0	54.0	2.14800690884	4.77749187066
3890.0	55.0	1.88008482428	3.92118050929
3890.0	56.0	14.0140297895	4.61663516566
3890.0	57.0	12.1070054312	4.24217793991
3890.0	60.0	6.24807770945	4.14361144262
3900.0	54.0	1.69403366738	4.665083105
3900.0	55.0	1.38906972353	3.80543050643
3900.0	56.0	14.5694472138	4.51067021458
3900.0	57.0	12.6506368094	4.23549546551
3900.0	60.0	6.70205095092	4.19587793876
3910.0	54.0	1.24006042591	4.55267433933
3910.0	55.0	0.869852298082	3.71521710214
3910.0	56.0	15.1248646381	4.40470526351
3910.0	57.0	13.1944786526	4.22881299112
3910.0	60.0	7.15581372727	4.2481444349
3920.0	54.0	0.786087184451	4.44050423347
3920.0	55.0	0.338848826497	3.63550472903
3920.0	57.0	13.7252716591	4.17988773218
3920.0	60.0	7.63925208408	4.30613876623
3930.0	54.0	0.332113942989	4.3280954678
3930.0	57.0	14.2259681549	4.03167999656
3930.0	60.0	8.122900906	4.36413309756
3940.0	54.0	-0.121648833364	4.21592536194
3940.0	57.0	14.7266646507	3.88347226094
3940.0	60.0	8.60633926281	4.42236608869
3950.0	57.0	15.2275716116	3.73550318511
3950.0	60.0	9.10093227043	4.46675681144
3960.0	60.0	9.62162295164	4.47916712102
3970.0	60.0	10.1421031677	4.49181609041
3980.0	60.0	10.662793849	4.50446505979
3990.0	60.0	11.1704356934	4.52260320457
4000.0	60.0	11.665028701	4.54646918454
4010.0	60.0	12.1596217086	4.57033516451
4010.0	66.0	13.3811612049	12.2842972109
4020.0	60.0	12.6542147162	4.59420114448
4020.0	66.0	13.3958937626	12.0678327725
4030.0	60.0	13.1488077239	4.61806712446
4030.0	66.0	13.4106263202	11.8513683342
4040.0	60.0	13.6434007315	4.64193310443
4040.0	66.0	13.4251484128	11.6349038958
4050.0	60.0	14.1379937391	4.6657990844
4050.0	66.0	13.4398809705	11.4184394575
4060.0	60.0	14.6325867467	4.68966506437
4060.0	66.0	13.4706088765	11.1661760492
4070.0	60.0	15.1271797543	4.71353104434
4070.0	66.0	13.5255402701	10.8599755262
4080.0	66.0	13.5804716637	10.5540136629
4090.0	66.0	13.6354030573	10.2478131399
4100.0	66.0	13.6903344509	9.94185127666
4110.0	66.0	13.7090658457	9.6628579708
4120.0	66.0	13.7189577058	9.39102445892
4130.0	66.0	13.7286391009	9.11895228725
4140.0	66.0	13.738530961	8.84711877538
4150.0	66.0	13.7412670075	8.56788680971
4160.0	66.0	13.7370577053	8.28149505006
4170.0	66.0	13.7328484031	7.9951032904
4180.0	66.0	13.7286391009	7.70871153074
4190.0	66.0	13.7244297987	7.42231977109
4200.0	66.0	13.6583437543	7.12566564004
4210.0	66.0	13.5305914327	6.81874913761
4220.0	66.0	13.4028391112	6.51207129498
4230.0	66.0	13.1435460961	6.22711149412
4240.0	66.0	12.8278484317	5.95169808525
4250.0	66.0	12.5009961164	5.69394550156
4260.0	66.0	12.0733310137	5.59394704548
4270.0	66.0	11.6454554458	5.4937099296
4280.0	66.0	11.217790343	5.39371147352
4290.0	66.0	10.7785496593	5.40922436051
4300.0	66.0	10.3393089755	5.42473724749
4310.0	66.0	9.90006829168	5.44048879427
4320.0	66.0	9.46082760789	5.45600168125
4330.0	66.0	9.02705901695	5.4987217854
4340.0	66.0	8.60107763507	5.5817753957
4350.0	66.0	8.17530671829	5.6650676658
4360.0	66.0	7.74953580152	5.7483599359
4370.0	66.0	7.32776372183	5.8309362266
4380.0	66.0	6.94282303633	5.90659138311
4390.0	66.0	6.55788235082	5.98224653962
4400.0	66.0	6.17273120021	6.05790169613
4410.0	66.0	5.7877905147	6.13355685264
4420.0	66.0	5.39885099211	6.16983314219
4430.0	66.0	5.00991146953	6.20610943175
4440.0	66.0	4.62118241205	6.2426243811
4450.0	66.0	4.23224288946	6.27890067066
4460.0	66.0	3.85572080834	6.29894809384
4470.0	66.0	3.49793012198	6.29512953704
4480.0	66.0	3.14013943561	6.29107232045
4490.0	66.0	2.78234874925	6.28701510385
4500.0	66.0	2.42455806289	6.28319654706
4510.0	66.0	2.06676737652	6.27913933046
4520.0	66.0	1.72328831761	6.30109603203
4530.0	66.0	1.401487165	6.36195428096
4530.0	71.0	0.170055808577	5.57366096251
4540.0	66.0	1.07947554727	6.42281252989
4540.0	71.0	0.608665097037	5.22569497453
4550.0	66.0	0.757674394652	6.48367077882
4550.0	71.0	1.04706392039	4.87749032674
4560.0	66.0	0.435873242034	6.54452902774
4560.0	71.0	1.47872786023	4.55052640114
4570.0	66.0	0.113861624307	6.60514861687
4570.0	71.0	1.90744528854	4.23215422832
4580.0	71.0	2.33616271684	3.9140207153
4590.0	71.0	2.70300340292	3.63455008984
4600.0	71.0	3.069844089	3.35484080457
4610.0	71.0	3.43668477508	3.07537017911
4620.0	71.0	3.80331499604	2.79566089384
4670.0	72.0	0.523847657858	4.11091505006
4680.0	72.0	1.1085197324	4.17057999999
4690.0	72.0	1.69298134183	4.23024494992
4700.0	72.0	2.27765341637	4.28990989985
4710.0	72.0	2.82086386431	4.20112845436
4720.0	72.0	3.35944407984	4.09587948268
4730.0	72.0	3.89802429537	3.99063051101
4740.0	72.0	4.43786730156	3.95483154105
4750.0	72.0	4.97897309841	3.98895989241
4760.0	72.0	5.52028936037	4.02308824377
4770.0	72.0	6.06139515722	4.05721659513
4780.0	72.0	6.60649979115	4.09062896709
4790.0	72.0	7.16065442479	4.12237072045
4800.0	72.0	7.71501952354	4.15435113361
4810.0	72.0	8.26622764565	4.15339649441
4820.0	72.0	8.81112181447	4.07607071931
4820.0	75.0	15.2713483544	4.35315474677
4830.0	72.0	9.35580551818	3.998983604
4830.0	75.0	14.5557669817	4.44861866666
4840.0	72.0	9.90048922189	3.92165782889
4840.0	75.0	13.840185609	4.54408258654
4850.0	72.0	10.4447519954	3.98203875822
4850.0	75.0	13.1302867942	4.64360372302
4860.0	72.0	10.9888043038	4.05769391473
4860.0	75.0	12.4706891406	4.77868516966
4870.0	72.0	11.5330670773	4.13358773104
4870.0	75.0	11.8113019522	4.9140052761
4880.0	72.0	12.0771193856	4.20924288755
4880.0	75.0	11.1552822055	5.04693878454
4890.0	72.0	12.6283275078	4.28800062145
4890.0	75.0	10.530411295	5.15887023061
4900.0	72.0	13.1812193507	4.36747433476
4900.0	75.0	9.90575084964	5.27056301687
4910.0	72.0	13.7343216588	4.44694804806
4910.0	75.0	9.28087993916	5.38249446294
4920.0	72.0	14.2872135018	4.52666042116
4920.0	75.0	8.68252763249	5.498005806
4930.0	72.0	14.8403158099	4.60613413447
4930.0	75.0	8.08733230247	5.61399446866
4940.0	75.0	7.49192650734	5.72998313132
4950.0	75.0	6.89483699133	5.83738004119
4960.0	75.0	6.29522189401	5.93212798168
4970.0	75.0	5.69560679669	6.02687592216
4980.0	75.0	5.09578123425	6.12186252245
4990.0	75.0	4.49616613693	6.21661046294
5000.0	75.0	3.89655103961	6.31135840342
5010.0	75.0	3.29672547717	6.40610634391
5020.0	75.0	2.70300340292	6.51278727438
5030.0	75.0	2.16168714096	6.72400119713
5040.0	75.0	1.62058134412	6.93545377967
5040.0	78.0	15.1440169631	7.37029193475
5050.0	75.0	1.07947554727	7.14690636222
5050.0	78.0	14.9047181335	7.02304192617
5060.0	75.0	0.694534861764	7.4163532761
5060.0	78.0	14.6656297689	6.67603057738
5070.0	75.0	0.413984870633	7.72470173733
5070.0	78.0	14.4324344275	6.34453211558
5080.0	75.0	0.133224414393	8.03281153876
5080.0	78.0	14.2084995508	6.03666097395
5090.0	78.0	13.9843542091	5.72855117252
5090.0	80.0	0.00294651153476	3.85602638397
5100.0	78.0	13.7418984028	5.46196817624
5100.0	80.0	0.521743006762	3.94122793247
5100.0	82.0	15.0693018492	6.10969087266
5110.0	78.0	13.456297249	5.29132641945
5110.0	80.0	1.04032903688	4.02642948097
5110.0	82.0	14.8167437176	6.12568107925
5120.0	78.0	13.1706960953	5.12092332245
5120.0	80.0	1.558915067	4.11186968926
5120.0	82.0	14.5641855861	6.14143262603
5120.0	85.0	0.341163942703	2.90735368011
5130.0	78.0	12.8728879651	5.02235682517
5130.0	80.0	2.05035109797	4.163420206
5130.0	82.0	14.3116274545	6.15742283261
5130.0	85.0	0.686958117818	2.89876192732
5140.0	78.0	12.5630833238	4.9958655874
5140.0	80.0	2.53505224544	4.20685628955
5140.0	82.0	14.0771693224	6.02783056136
5140.0	85.0	1.03275229293	2.89040883433
5150.0	78.0	12.2530682173	4.96937434963
5150.0	80.0	3.01975339291	4.2502923731
5150.0	82.0	13.8425007252	5.89823829012
5150.0	84.0	0.189418598663	5.79943313304
5150.0	85.0	1.16366159112	2.89303409213
5160.0	78.0	11.9432635759	4.94288311187
5160.0	80.0	3.50024523818	4.27773825006
5160.0	82.0	13.6080425931	5.76864601887
5160.0	84.0	0.649284863195	5.58726457109
5160.0	85.0	1.2025976364	2.90019388612
5170.0	78.0	11.6071507958	4.94622434906
5170.0	80.0	3.97631731616	4.28895526065
5170.0	82.0	13.2889774869	5.62974601544
5170.0	84.0	1.10915112773	5.37509600915
5170.0	85.0	1.24132321657	2.90759233991
5180.0	78.0	11.2680915042	4.95290682345
5180.0	80.0	4.45238939413	4.30041093104
5180.0	82.0	12.8850949415	5.48153827982
5180.0	84.0	1.55744181123	5.21185270614
5180.0	85.0	1.28025926185	2.9149907937
5190.0	78.0	10.9290322126	4.95958929785
5190.0	80.0	4.9284614721	4.31186660142
5190.0	82.0	12.4812123961	5.3330918844
5190.0	84.0	1.97837203048	5.1624501276
5190.0	85.0	1.31919530713	2.92238924749
5200.0	78.0	10.620700827	4.96197589584
5200.0	80.0	5.39674634102	4.26795319828
5200.0	82.0	12.0773298508	5.18464548897
5200.0	84.0	2.39930224973	5.11304754906
5200.0	85.0	1.3579208873	2.92954904148
5210.0	78.0	10.3839275787	4.95433878225
5210.0	80.0	5.84693121051	4.09564082288
5210.0	82.0	11.7704717209	4.9941949688
5210.0	84.0	2.83117665468	5.0004001236
5210.0	85.0	1.39875111857	2.93909543347
5220.0	78.0	10.1471543304	4.94694032846
5220.0	80.0	6.29690561489	3.92332844749
5220.0	82.0	11.4880275438	4.79324341744
5220.0	84.0	3.27925687308	4.79252743805
5220.0	85.0	1.44736855889	2.95747223805
5230.0	78.0	9.91038108205	4.94503105006
5230.0	80.0	6.74709048438	3.7510160721
5230.0	82.0	11.2055833667	4.59229186609
5230.0	84.0	3.72733709147	4.5846547525
5230.0	85.0	1.49598599922	2.97584904263
5240.0	78.0	9.67402876394	4.9937176492
5240.0	80.0	7.08130907846	3.61354802746
5240.0	82.0	10.9231391896	4.39134031473
5240.0	84.0	4.16931382168	4.38370320114
5240.0	85.0	1.54439297443	2.9942258472
5250.0	78.0	9.43788691094	5.04264290815
5250.0	80.0	7.36564744156	3.49087689041
5250.0	82.0	10.6600578025	4.28895526065
5250.0	84.0	4.59697892444	4.19898051616
5250.0	85.0	1.59301041476	3.01260265178
5260.0	78.0	9.20153459283	5.09132950729
5260.0	80.0	7.65019626978	3.36844441316
5260.0	82.0	10.3969764155	4.18680886637
5260.0	84.0	5.0246440272	4.01401917138
5260.0	85.0	1.64162785508	3.03097945636
5270.0	78.0	8.96539273983	5.14001610643
5270.0	80.0	7.93453463288	3.2457732761
5270.0	82.0	10.123371773	4.09062896709
5270.0	84.0	5.44978354864	3.827387208
5270.0	85.0	1.6902452954	3.04935626094
5280.0	78.0	8.73114507282	5.19824909756
5280.0	80.0	8.24728578579	3.168447501
5280.0	82.0	9.80767410855	4.01903102717
5280.0	84.0	5.86397888439	3.63359545064
5280.0	85.0	1.96363947281	3.0775181173
5290.0	78.0	8.50447414975	5.29466765664
5290.0	80.0	8.5602474038	3.09088306609
5290.0	82.0	9.49197644411	3.94743308726
5290.0	84.0	6.27838468524	3.43956503347
5290.0	85.0	2.33321620531	3.10973719027
5290.0	86.0	0.414195335743	3.61235472846
5300.0	78.0	8.27780322668	5.39084755593
5300.0	80.0	8.8729985567	3.01355729098
5300.0	82.0	9.1680706404	3.89277999313
5300.0	84.0	6.69279048609	3.2457732761
5300.0	85.0	2.70300340292	3.14195626323
5300.0	86.0	0.947934853753	3.62929957424
5310.0	78.0	8.05113230361	5.48726611501
5310.0	80.0	9.23142063839	2.94697120686
5310.0	82.0	8.81154274469	3.90614494191
5310.0	84.0	7.14297535558	3.13312585064
5310.0	85.0	3.07279060053	3.17417533619
5310.0	86.0	1.48146390665	3.64648307982
5320.0	78.0	7.82446138055	5.5836846741
5320.0	80.0	9.69591713534	2.90592172131
5320.0	82.0	8.45480438388	3.91927123089
5320.0	84.0	7.59316022507	3.02047842517
5320.0	85.0	3.63031267593	3.11618100486
5320.0	86.0	1.95732551952	3.61569596566
5320.0	87.0	0.440713939556	3.7507774123
5320.0	89.0	14.9202925516	6.82376099341
5330.0	78.0	7.59779045748	5.68010323318
5330.0	80.0	10.1604136323	2.86463357596
5330.0	82.0	8.09827648817	3.93263617968
5330.0	84.0	8.04334509456	2.90759233991
5330.0	85.0	4.18762428622	3.05818667353
5330.0	86.0	2.40835224944	3.56462276852
5330.0	87.0	0.943094156232	3.75841452589
5330.0	89.0	14.3852902429	6.69440738196
5340.0	78.0	7.35533465119	5.75957694648
5340.0	80.0	10.6463775704	2.8283572864
5340.0	82.0	7.7337509183	3.92380576709
5340.0	84.0	8.53793810218	2.80830986323
5340.0	85.0	4.74514636162	2.9999536824
5340.0	86.0	2.85937897937	3.51331091158
5340.0	87.0	1.44547437291	3.76629029928
5340.0	89.0	13.8502879342	6.56505377052
5340.0	90.0	12.0806972925	12.3864436051
5350.0	78.0	7.11308931001	5.83928931959
5350.0	80.0	11.1649636005	2.79924079084
5350.0	82.0	7.3641741858	3.90065576652
5350.0	84.0	9.09903808444	2.72859749012
5350.0	85.0	5.28498936781	2.97250780543
5350.0	86.0	3.32913710406	3.46915884863
5350.0	87.0	1.94406621761	3.76175576308
5350.0	89.0	13.2765600454	6.40037850872
5350.0	90.0	12.0703845021	12.1477838054
5360.0	78.0	6.87063350373	5.91876303289
5360.0	80.0	11.6833391655	2.77012429527
5360.0	82.0	6.99459745329	3.87726710614
5360.0	84.0	9.66034853181	2.64912377682
5360.0	85.0	5.7833707474	3.01642120858
5360.0	86.0	3.80121034495	3.42596142489
5360.0	87.0	2.43739643457	3.73956040171
5360.0	89.0	12.6929402964	6.22687283432
5360.0	90.0	12.0600717118	11.9091240057
5370.0	78.0	6.63596490649	6.00515788039
5370.0	80.0	12.2019251956	2.74100779971
5370.0	82.0	6.62502072079	3.85411710557
5370.0	84.0	10.2201857234	2.5822990329
5370.0	85.0	6.28175212699	3.06057327153
5370.0	86.0	4.27307312073	3.38252534134
5370.0	87.0	2.93072665154	3.71712638054
5370.0	89.0	12.1156345007	6.09322334648
5370.0	90.0	12.0499693865	11.670464206
5380.0	78.0	6.4044532859	6.09465530528
5380.0	80.0	12.7268251791	2.71260728354
5380.0	82.0	6.28511956875	3.88013102374
5380.0	84.0	10.7673950084	2.63003099284
5380.0	85.0	6.7803439717	3.10448667467
5380.0	86.0	4.69189868888	3.30376760743
5380.0	87.0	3.40953477593	3.67822483318
5380.0	89.0	11.542117077	5.98630375621
5380.0	90.0	12.0396565961	11.4318044063
5390.0	78.0	6.17294166532	6.18415273017
5390.0	80.0	13.2675100457	2.68540006638
5390.0	82.0	5.97489399716	3.95554752045
5390.0	84.0	11.3146042935	2.67776295278
5390.0	85.0	7.29009046721	3.12310213905
5390.0	86.0	5.07515565351	3.20138255336
5390.0	87.0	3.83046499518	3.57393050071
5390.0	89.0	10.9688101184	5.87914550614
5390.0	90.0	12.0360786893	11.287892547
5400.0	78.0	5.94143004473	6.27365015507
5400.0	80.0	13.8079844472	2.65843150901
5400.0	82.0	5.66487889068	4.03072535736
5400.0	84.0	11.843503114	2.71666450014
5400.0	85.0	7.81120207864	3.11618100486
5400.0	86.0	5.45862308325	3.09923615908
5400.0	87.0	4.25139521444	3.46939750843
5400.0	89.0	10.3929775784	5.93881045607
5400.0	90.0	12.0333426428	11.1547203788
5410.0	78.0	5.73433237686	6.34787335278
5410.0	80.0	14.3484588487	2.63122429184
5410.0	82.0	5.35465331909	4.10614185407
5410.0	84.0	12.208449614	2.67704697339
5410.0	85.0	8.33231369007	3.10949853047
5410.0	86.0	5.86755679125	3.12906863404
5410.0	87.0	4.67232543369	3.36510317596
5410.0	89.0	9.81588224783	6.06959602631
5410.0	90.0	12.0306065964	11.0215482106
5410.0	94.0	14.9196611562	3.3309748246
5420.0	78.0	5.53754749936	6.4151754163
5420.0	80.0	14.8889332502	2.60401707467
5420.0	82.0	4.96697658716	4.13931556623
5420.0	84.0	12.573185649	2.63719078683
5420.0	85.0	8.85363576662	3.10257739627
5420.0	86.0	6.28301491765	3.19183616137
5420.0	87.0	5.12229983807	3.35698874277
5420.0	89.0	9.23878691723	6.20062025636
5420.0	90.0	12.02787055	10.8881373825
5420.0	94.0	14.4762111703	3.46748823004
5420.0	95.0	14.7681262773	4.15721505121
5430.0	78.0	5.34076262186	6.48271613962
5430.0	82.0	4.54604636791	4.15411247381
5430.0	84.0	12.9372902887	2.59208408469
5430.0	85.0	9.37474737805	3.09565626208
5430.0	86.0	6.69826257894	3.25460368869
5430.0	87.0	5.57227424245	3.34863564978
5430.0	89.0	8.67958112096	6.3292578884
5430.0	90.0	12.0251345036	10.7549652143
5430.0	94.0	14.0327611843	3.60376297567
5430.0	95.0	14.3339367562	4.26150938368
5430.0	96.0	0.316329059767	2.62979233304
5440.0	78.0	5.14397774436	6.55025686294
5440.0	82.0	4.12511614866	4.16914804119
5440.0	84.0	13.2940286495	2.498768103
5440.0	85.0	9.89585898948	3.08897378769
5440.0	86.0	7.11372070534	3.31737121602
5440.0	87.0	6.01551376332	3.34815833018
5440.0	89.0	8.13237183593	6.45646356165
5440.0	90.0	12.0223984571	10.6215543862
5440.0	94.0	13.6042542211	3.73621916451
5440.0	95.0	13.8999577001	4.36604237596
5440.0	96.0	0.845859275585	2.65294233361
5450.0	78.0	4.94403589021	6.61254707066
5450.0	82.0	3.69555685991	4.13788360743
5450.0	84.0	13.6509774754	2.40521346151
5450.0	85.0	10.4169706009	3.0820526535
5450.0	86.0	7.52265441335	3.27656039027
5450.0	87.0	6.39940212327	3.4185629711
5450.0	89.0	7.5851625509	6.58390789469
5450.0	90.0	12.0196624107	10.488382218
5450.0	94.0	13.210474001	3.85936762117
5450.0	95.0	13.4767123647	4.46484753304
5450.0	96.0	1.3753894914	2.67609233419
5460.0	78.0	4.71441845561	6.62877593704
5460.0	82.0	3.25757896678	4.06055783232
5460.0	84.0	14.1026356007	2.44316036967
5460.0	85.0	10.9380822123	3.07537017911
5460.0	86.0	7.93158812135	3.23551090472
5460.0	87.0	6.78308001812	3.48872895221
5460.0	89.0	7.07688931116	6.73617284691
5460.0	90.0	12.0215565967	10.3206043788
5460.0	94.0	12.8166937809	3.98251607782
5460.0	95.0	13.0791437726	4.55100372074
5460.0	96.0	1.90428831189	2.69685573676
5470.0	78.0	4.48480102101	6.64500480342
5470.0	82.0	2.81960107365	3.98299339742
5470.0	84.0	14.5782867484	2.51380367038
5470.0	85.0	11.4594042889	3.06844904492
5470.0	86.0	8.34052182935	3.19470007896
5470.0	87.0	7.16696837808	3.55889493333
5470.0	89.0	6.5945032799	6.90514398511
5470.0	90.0	12.041340317	10.0148811754
5470.0	94.0	12.4197565841	4.09874340028
5470.0	95.0	12.6817856456	4.63739856823
5470.0	96.0	2.42539992332	2.69685573676
5480.0	78.0	4.25518358641	6.6612336698
5480.0	82.0	2.38162318052	3.90566762231
5480.0	84.0	15.0537274311	2.5846856309
5480.0	85.0	11.9805159003	3.06176657052
5480.0	86.0	8.78376135022	3.161287707
5480.0	87.0	7.5588544122	3.53097173676
5480.0	89.0	6.11043352776	7.07435378311
5480.0	90.0	12.0609135722	9.70891931214
5480.0	94.0	12.0110333412	4.18752484577
5480.0	95.0	12.2842170535	4.72355475593
5480.0	96.0	2.94651153476	2.69685573676
5490.0	78.0	4.02556615181	6.67770119598
5490.0	82.0	1.96384993792	3.8302511256
5490.0	85.0	12.5016275118	3.05484543633
5490.0	86.0	9.26151714907	3.13551244864
5490.0	87.0	7.95410788808	3.46104441544
5490.0	89.0	5.619418427	7.2433249213
5490.0	90.0	12.0806972925	9.40319610871
5490.0	94.0	11.6020996332	4.27606763147
5490.0	95.0	11.8818077639	4.81973465521
5490.0	96.0	3.46762314619	2.69685573676
5500.0	78.0	3.76669406697	6.70013521716
5500.0	82.0	1.55133832305	3.75531194849
5500.0	85.0	13.0092693562	3.06892636452
5500.0	86.0	9.73948341303	3.10973719027
5500.0	87.0	8.34936136395	3.39135575393
5500.0	89.0	5.12840332625	7.4122960595
5500.0	90.0	12.1080577568	9.08673321429
5500.0	94.0	11.1931659252	4.36484907696
5500.0	95.0	11.4775042883	4.92021043089
5500.0	96.0	3.98873475762	2.69685573676
5510.0	78.0	3.49540454066	6.72519449613
5510.0	82.0	1.13861624307	3.68061143118
5510.0	85.0	13.5169112006	3.0830072927
5510.0	86.0	10.2172392119	3.0839619319
5510.0	87.0	8.74461483983	3.32142843261
5510.0	89.0	4.69989636305	7.46098265864
5510.0	90.0	12.1356286861	8.77027031987
5510.0	94.0	10.7833903568	4.48131505922
5510.0	95.0	11.0732008127	5.02068620657
5510.0	96.0	4.48438009079	2.76511243948
5520.0	78.0	3.22390454924	6.7502537751
5520.0	82.0	0.725894163098	3.60567225407
5520.0	85.0	14.0243425799	3.09684956108
5520.0	86.0	10.7042554756	3.08825780829
5520.0	87.0	9.20574389502	3.31140472102
5520.0	89.0	4.28696381796	7.47912080342
5520.0	90.0	12.1629891504	8.45380742545
5520.0	94.0	10.3731938581	4.60971403147
5520.0	95.0	10.6688973371	5.12116198225
5520.0	96.0	4.97707891242	2.84124491559
5530.0	78.0	2.95261502294	6.77531305407
5530.0	82.0	0.313172083123	3.53073307696
5530.0	85.0	14.5319844243	3.11093048926
5530.0	86.0	11.1935868554	3.10019079828
5530.0	87.0	9.71086015812	3.34123719599
5530.0	89.0	3.88960569099	7.4924857522
5530.0	90.0	12.1905600797	8.13734453103
5530.0	94.0	9.96299735945	4.73835166351
5530.0	95.0	10.3146845576	5.30302074963
5530.0	96.0	5.46977773406	2.9171387319
5540.0	78.0	2.6413371258	6.78987130185
5540.0	85.0	15.0396262687	3.12501141745
5540.0	86.0	11.6829182353	3.11212378826
5540.0	87.0	10.2159764212	3.37106967095
5540.0	89.0	3.55412430625	7.48508729841
5540.0	90.0	12.2109751954	7.81777905921
5540.0	94.0	9.5530113259	4.86675063576
5540.0	95.0	9.96573340588	5.4939485894
5540.0	96.0	5.96247655569	2.99303254821
5550.0	78.0	2.32563946136	6.80323625063
5550.0	86.0	12.1722496152	3.12405677825
5550.0	87.0	10.7210926843	3.40090214592
5550.0	89.0	3.21885338661	7.47745018482
5550.0	90.0	12.2210775206	7.493917711
5550.0	94.0	9.13923692038	5.0777258987
5550.0	95.0	9.61699271923	5.68487642917
5550.0	96.0	6.47958933004	3.04124182775
5560.0	78.0	2.00994179692	6.81636253962
5560.0	86.0	12.6630542508	3.13694440743
5560.0	87.0	11.2302077845	3.46319235364
5560.0	89.0	2.88337200187	7.47005173103
5560.0	90.0	12.2309693808	7.17005636279
5560.0	94.0	8.72483111953	5.30898724463
5560.0	95.0	9.20805901123	5.88129344434
5560.0	96.0	7.02153698733	3.06152791072
5570.0	78.0	1.71192320169	6.83784192159
5570.0	86.0	13.1540693516	3.15030935622
5570.0	87.0	11.7422693962	3.54696194334
5570.0	89.0	2.61271387089	7.50418008239
5570.0	90.0	12.241071706	6.84619501458
5570.0	94.0	8.31021485356	5.54048725035
5570.0	95.0	8.7090462363	6.08582489269
5570.0	96.0	7.5632741795	3.0818139937
5580.0	78.0	1.45536623306	6.87865274734
5580.0	86.0	13.6450844524	3.163674305
5580.0	87.0	12.2541205428	3.63097019284
5580.0	89.0	2.34226620502	7.53830843375
5580.0	90.0	12.2187624044	6.55073418253
5580.0	94.0	7.85308463546	5.69728673876
5580.0	95.0	8.21003346138	6.29035634105
5580.0	96.0	8.10522183679	3.10210007668
5590.0	78.0	1.19859879932	6.91946357309
5590.0	86.0	14.1363100182	3.17680059399
5590.0	87.0	12.7661821546	3.71473978254
5590.0	89.0	2.07202900426	7.56981152731
5590.0	90.0	12.0672275255	6.36935273475
5590.0	94.0	7.35301953499	5.77938570986
5590.0	95.0	7.71081022135	6.4948877894
5590.0	96.0	8.64695902896	3.12238615965
5600.0	78.0	0.942041830684	6.96003573904
5600.0	86.0	14.627325119	3.19016554277
5600.0	87.0	13.2683519061	3.84075215679
5600.0	89.0	1.80431738482	7.59152956909
5600.0	90.0	11.9156926466	6.18797128697
5600.0	94.0	6.85316489963	5.86124602116
5600.0	95.0	7.24063116645	6.5824759359
5600.0	96.0	9.16344040799	3.12644337625
5610.0	78.0	0.676434862336	6.98127646122
5610.0	86.0	15.1183402197	3.20329183175
5610.0	87.0	13.7694693321	3.97129906723
5610.0	89.0	1.53639530027	7.61324761086
5610.0	90.0	11.5755810294	6.07556252131
5610.0	94.0	6.35246840383	5.94859550786
5610.0	95.0	6.77360908819	6.65717645321
5610.0	96.0	9.67360783372	3.12644337625
5620.0	78.0	0.375890685791	6.92447542889
5620.0	87.0	14.2705867582	4.10208463747
5620.0	89.0	1.26847321571	7.63496565263
5620.0	90.0	11.1546508102	5.99250891101
5620.0	94.0	5.84966725693	6.04811664434
5620.0	95.0	6.30679747504	6.73163831072
5620.0	96.0	10.1835647943	3.12644337625
5630.0	78.0	0.0751360441363	6.86767439655
5630.0	87.0	14.7717041842	4.23287020772
5630.0	89.0	1.00644415423	7.88436514333
5630.0	90.0	10.753083381	5.98678107581
5630.0	94.0	5.34707657515	6.14739912102
5630.0	95.0	5.83788121079	6.78414346665
5630.0	96.0	10.6937322201	3.12644337625
5640.0	89.0	0.744836022965	8.1593012326
5640.0	90.0	10.3807706021	6.09680324348
5640.0	94.0	4.84427542825	6.2469202575
5640.0	95.0	5.36854401633	6.8268635708
5640.0	96.0	11.2038996458	3.12644337625
5650.0	89.0	0.48343835681	8.43399866207
5650.0	90.0	10.0084578231	6.20706407095
5650.0	94.0	4.35368125771	6.27675273246
5650.0	95.0	4.89899635675	6.86982233475
5650.0	96.0	11.7140670715	3.12644337625
5660.0	89.0	0.270658130978	8.95308372645
5660.0	90.0	9.64119620684	6.37842180714
5660.0	94.0	3.86855918003	6.27675273246
5660.0	95.0	4.42944869718	6.9125424389
5660.0	96.0	12.2250763577	3.13670574763
5670.0	89.0	0.0902895320294	9.63493477423
5670.0	90.0	9.2751973812	6.56529243032
5670.0	94.0	3.38322663723	6.27675273246
5670.0	95.0	3.99883708289	6.92996460428
5670.0	96.0	12.7360856439	3.14792275822
5680.0	90.0	8.92161599703	6.72853573332
5680.0	94.0	2.89747316421	6.28462850585
5680.0	95.0	3.57790686363	6.94118161487
5680.0	96.0	13.2473053952	3.15937842861
5690.0	90.0	8.58045205432	6.86839037595
5690.0	94.0	2.40624759835	6.36434087896
5690.0	95.0	3.15697664438	6.95215996565
5690.0	96.0	13.7583146813	3.17083409899
5700.0	90.0	8.23928811162	7.00848367839
5700.0	94.0	1.91523249759	6.44381459226
5700.0	95.0	2.73604642513	6.96337697624
5700.0	96.0	14.2695344326	3.18205110958
5710.0	90.0	7.88002416949	7.05597697853
5710.0	94.0	1.44168600093	6.52853882116
5710.0	95.0	2.36015573934	7.00299450299
5710.0	96.0	14.7807541839	3.19350677997
5720.0	90.0	7.508553251	7.04189605035
5720.0	94.0	1.1259883365	6.6605176904
5720.0	95.0	2.02951505212	7.07125120571
5730.0	90.0	7.13729279762	7.02781512216
5730.0	94.0	0.810290672058	6.79249655964
5730.0	95.0	1.69866389979	7.13926924863
5740.0	90.0	6.7651904838	7.01254089498
5740.0	94.0	0.49459300762	6.92423676909
5740.0	95.0	1.36802321257	7.20752595135
5750.0	90.0	6.391193984	6.9927321316
5750.0	94.0	0.178895343182	7.05621563833
5750.0	95.0	1.16829182353	7.38508884233
5760.0	90.0	6.01698701908	6.97292336823
5760.0	95.0	0.968770899606	7.56241307352
5770.0	90.0	5.64278005417	6.95287594505
5770.0	95.0	0.769039510572	7.73997596451
5780.0	90.0	5.28456843759	6.94834140886
5780.0	95.0	0.586355795417	7.91897081429
5790.0	90.0	4.9370905416	6.95383058425
5790.0	95.0	0.557943005617	8.11252391186
5800.0	90.0	4.5896126456	6.95931975964
5800.0	95.0	0.529530215818	8.30607700943
5810.0	90.0	4.24213474961	6.96504759484
5810.0	95.0	0.501117426018	8.49963010699
5820.0	90.0	3.90475917888	6.96624089384
5820.0	95.0	0.472704636219	8.69294454476
5830.0	90.0	3.59095570043	6.95764914105
5840.0	90.0	3.27715222198	6.94881872846
5850.0	90.0	2.96334874353	6.94022697567
5860.0	90.0	2.64954526508	6.93163522288
5860.0	99.0	0.479229054617	5.79680787524
5860.0	100.0	0.261818596374	4.93524599827
5870.0	90.0	2.33574178662	6.92280481029
5870.0	99.0	0.88816276262	5.78988674105
5870.0	100.0	0.623397654711	4.9109026987
5880.0	90.0	2.07013481828	6.99058419341
5880.0	99.0	1.29709647062	5.78296560686
5880.0	100.0	0.984766247938	4.88632073933
5890.0	90.0	1.81673482629	7.0774563605
5890.0	99.0	1.70603017862	5.77628313246
5890.0	100.0	1.34634530627	4.86197743976
5900.0	90.0	1.56312436919	7.1640898678
5900.0	99.0	2.10507202647	5.7443027193
5900.0	100.0	1.73296971266	4.8333382638
5910.0	90.0	1.3097243772	7.25096203489
5910.0	99.0	2.50306154878	5.70969704834
5910.0	100.0	2.1778929544	4.79539135564
5920.0	90.0	1.10557322086	7.38628214133
5920.0	99.0	2.90105107108	5.67485271759
5920.0	100.0	2.62260573104	4.75744444749
5930.0	90.0	0.975505783114	7.59463214648
5930.0	99.0	3.29904059338	5.64024704663
5930.0	100.0	3.06752897279	4.71949753933
5940.0	90.0	0.845227880256	7.80298215163
5940.0	99.0	3.69681965057	5.60540271587
5940.0	100.0	3.51245221454	4.68155063118
5950.0	90.0	0.715160442508	8.01109349698
5950.0	99.0	4.10912080033	5.57294498311
5950.0	100.0	3.95926964228	4.64646764062
5960.0	90.0	0.585093004759	8.21944350213
5960.0	99.0	4.54309985638	5.54382848754
5960.0	100.0	4.40650800023	4.61162330986
5970.0	90.0	0.45502556701	8.42779350728
5970.0	99.0	4.97686844731	5.51447333218
5970.0	100.0	4.85374635818	4.5767789791
5980.0	99.0	5.41063703825	5.48535683661
5980.0	100.0	5.30098471614	4.54193464835
5990.0	99.0	5.84440562919	5.45600168125
5990.0	100.0	5.74885446942	4.50828361659
6000.0	99.0	6.29753701022	5.43667023747
6000.0	100.0	6.20030212957	4.48322433762
6010.0	99.0	6.77003118132	5.42688518568
6010.0	100.0	6.65196025482	4.45840371845
6020.0	99.0	7.24252535243	5.4171001339
6020.0	100.0	7.10361838008	4.43358309928
6030.0	99.0	7.71501952354	5.40731508211
6030.0	100.0	7.55527650534	4.40876248011
6040.0	99.0	8.18751369465	5.39753003032
6040.0	100.0	8.02103579294	4.40733052131
6050.0	99.0	8.66337530752	5.4116109585
6050.0	100.0	8.51983810275	4.46031299684
6060.0	99.0	9.14113110637	5.44144343347
6060.0	100.0	9.01885087767	4.51329547238
6070.0	99.0	9.61909737033	5.47127590843
6070.0	100.0	9.51765318749	4.56627794792
6070.0	103.0	0.131540693516	7.06003419512
6080.0	99.0	10.0970636343	5.5011083834
6080.0	100.0	10.0166659624	4.61949908325
6080.0	103.0	0.499854635361	6.86409449956
6090.0	99.0	10.5750298982	5.53094085836
6090.0	100.0	10.5154682722	4.67248155879
6090.0	103.0	0.868168577205	6.66791614419
6100.0	99.0	10.9382926775	5.56626250872
6100.0	100.0	10.9772287227	4.73381712732
6100.0	103.0	1.24953135585	6.46839655163
6110.0	99.0	11.2729322018	5.60301611787
6110.0	100.0	11.434569406	4.79610733504
6110.0	103.0	1.74875459588	6.23641922631
6120.0	99.0	11.607361261	5.63976972703
6120.0	100.0	11.8921205543	4.85839754277
6120.0	103.0	2.2477673708	6.00468056079
6130.0	99.0	11.9420007853	5.67652333618
6130.0	100.0	12.3496717026	4.92044909069
6130.0	103.0	2.74678014572	5.77294189527
6140.0	99.0	12.3439891446	5.84263055678
6140.0	100.0	12.7916484328	5.03572177395
6140.0	103.0	3.24558245554	5.65361199541
6140.0	106.0	14.7845425559	3.21403152274
6150.0	99.0	12.753554248	6.02329602517
6150.0	100.0	13.1965833037	5.27438157367
6150.0	103.0	3.74396383513	5.60969859226
6150.0	106.0	14.1249449023	3.25364904949
6160.0	99.0	13.1631193513	6.20396149355
6160.0	100.0	13.6017286398	5.51304137338
6160.0	103.0	4.24255567983	5.56578518912
6160.0	106.0	13.4655577138	3.29350523605
6170.0	99.0	13.5737367802	6.40013984892
6170.0	100.0	14.0068739758	5.75170117309
6170.0	103.0	4.74093705942	5.52187178597
6170.0	106.0	12.8173251762	3.32405369041
6180.0	99.0	13.9887739764	6.6593243914
6180.0	100.0	14.3958134984	5.96649499284
6180.0	103.0	5.22227076514	5.41972539169
6180.0	106.0	12.1859298473	3.34075987639
6190.0	99.0	14.4036007074	6.91850893389
6190.0	100.0	14.7466588361	6.12568107925
6190.0	103.0	5.69939516866	5.30302074963
6190.0	106.0	11.5545345184	3.35722740257
6200.0	99.0	14.8186379036	7.17745481658
6200.0	100.0	15.0972937088	6.28462850585
6200.0	103.0	6.17651957218	5.18631610757
6200.0	106.0	10.9231391896	3.37393358855
6210.0	103.0	6.65343351059	5.06961146551
6210.0	106.0	10.2927961862	3.39016245493
6220.0	103.0	7.15139395997	4.97963672102
6220.0	106.0	9.67129271751	3.40137946552
6230.0	103.0	7.69776138455	4.95219084405
6230.0	106.0	9.0499997139	3.4128351359
6240.0	103.0	8.24412880914	4.92474496709
6240.0	106.0	8.42870671028	3.42429080629
6250.0	103.0	8.79049623373	4.89706043032
6250.0	106.0	7.80720324156	3.43550781688
6260.0	103.0	9.33686365832	4.86961455335
6260.0	106.0	7.26757070048	3.48133049842
6270.0	103.0	9.87733805984	4.8314289854
6270.0	106.0	6.73698815911	3.53121039656
6280.0	103.0	10.3628810677	4.69658619856
6280.0	106.0	6.20661608286	3.5808516349
6280.0	107.0	0.142063948997	2.48062995822
6290.0	103.0	10.8486345408	4.56198207152
6290.0	106.0	5.67603354149	3.63049287324
6290.0	107.0	0.720843000467	2.46559439084
6300.0	103.0	11.3343880138	4.42737794448
6300.0	106.0	5.13598007019	3.68371400858
6300.0	107.0	1.29962205194	2.45079748326
6310.0	103.0	11.8230879983	4.29850165264
6310.0	106.0	4.50984636906	3.76724493848
6310.0	107.0	1.87840110341	2.43576191588
6320.0	103.0	12.3242054243	4.19253670157
6320.0	106.0	3.88371266792	3.85077586838
6320.0	107.0	2.4117196912	2.45175212246
6330.0	103.0	12.8253228504	4.08633309069
6330.0	106.0	3.25736850167	3.93430679828
6330.0	107.0	2.93998711636	2.47132222603
6340.0	103.0	13.3264402764	3.98036813962
6340.0	106.0	2.63502317251	4.00685937739
6340.0	107.0	3.46846500663	2.49089232961
6350.0	103.0	13.8275577024	3.87416452875
6350.0	106.0	2.04677319111	3.97965216022
6350.0	107.0	3.99673243179	2.51022377339
6360.0	103.0	14.3286751284	3.76819957768
6360.0	106.0	1.4585232097	3.95244494305
6360.0	107.0	4.52499985695	2.52979387696
6370.0	103.0	14.8297925544	3.6619959668
6370.0	106.0	0.870062763192	3.92547638569
6370.0	107.0	5.01917193435	2.56081965093
6380.0	106.0	0.281812781789	3.89826916852
6380.0	107.0	5.51334401175	2.59208408469
6390.0	107.0	6.00730562404	2.62310985865
6400.0	107.0	6.50147770144	2.65437429241
6400.0	109.0	0.448080218393	3.4128351359
6400.0	110.0	0.39883138274	2.56249026952
6410.0	107.0	7.02553582441	2.67919491158
6410.0	109.0	0.936990668053	3.4128351359
6410.0	110.0	0.919311598844	2.60640367267
6420.0	107.0	7.59421255062	2.69423047897
6420.0	109.0	1.4256906526	3.4128351359
6420.0	110.0	1.44000228006	2.65031707582
6430.0	107.0	8.16288927683	2.70950470615
6430.0	109.0	1.91965226489	3.4171310123
6430.0	110.0	1.96069296127	2.69423047897
6440.0	107.0	8.73156600303	2.72477893333
6440.0	109.0	2.42518945821	3.43097328068
6440.0	110.0	2.47549061942	2.72430161373
6450.0	107.0	9.30024272924	2.74005316051
6450.0	109.0	2.93072665154	3.44505420886
6450.0	110.0	2.98123827785	2.73360934592
6460.0	107.0	9.87018224611	2.75341810929
6460.0	109.0	3.43605337975	3.45913513705
6460.0	110.0	3.48719640139	2.74267841831
6470.0	107.0	10.4407531583	2.76582841888
6470.0	109.0	3.94159057307	3.47321606523
6470.0	110.0	3.99315452493	2.7519861505
6480.0	107.0	11.0111136054	2.77847738826
6480.0	109.0	4.44712776639	3.48729699341
6480.0	110.0	4.49911264846	2.76105522288
6480.0	111.0	14.9430227834	5.27438157367
6490.0	107.0	11.5816845176	2.79112635765
6490.0	109.0	4.95266495971	3.5013779216
6490.0	110.0	4.99959867915	2.76988563547
6490.0	111.0	14.4858925653	5.4142362163
6500.0	107.0	12.1375228721	2.73504130472
6500.0	109.0	5.45820215303	3.51522018998
6500.0	110.0	5.47882773377	2.77728408927
6500.0	111.0	14.0285518821	5.55409085893
6510.0	107.0	12.6916775057	2.67131913819
6510.0	109.0	5.96373934635	3.52930111816
6510.0	110.0	5.95805678839	2.78468254306
6510.0	111.0	13.5768937568	5.68225117138
6510.0	112.0	14.8771472041	4.44074289327
6520.0	107.0	13.2460426045	2.60783563147
6520.0	109.0	6.46927653967	3.54338204635
6520.0	110.0	6.43728584301	2.79184233705
6520.0	111.0	13.1757472579	5.70468519255
6520.0	112.0	14.4490611711	4.62355629985
6530.0	107.0	13.8001972381	2.54411346495
6530.0	109.0	6.97649745387	3.55841761373
6530.0	110.0	6.91651489762	2.79924079084
6530.0	111.0	12.7746007589	5.72711921372
6530.0	112.0	14.0211856033	4.80660836623
6540.0	107.0	14.3543518718	2.48039129842
6540.0	109.0	7.49824046063	3.5818062741
6540.0	110.0	7.39574395224	2.80663924463
6540.0	111.0	12.37345426	5.7495532349
6540.0	112.0	13.5577414319	4.90493620371
6550.0	107.0	14.9087169705	2.4169077917
6550.0	109.0	8.01998346739	3.60543359427
6550.0	110.0	7.87497300686	2.81403769842
6550.0	111.0	12.1438368254	5.73117643032
6550.0	112.0	13.0412600528	4.87581970815
6560.0	109.0	8.54172647415	3.62906091444
6560.0	110.0	8.41734159436	2.81379903862
6560.0	111.0	11.9333717158	5.70850374935
6560.0	112.0	12.5245682087	4.84694187238
6570.0	109.0	9.0632590158	3.65244957481
6570.0	110.0	8.98686018101	2.81021914163
6570.0	111.0	11.5404333561	5.69609343976
6570.0	112.0	12.0131379923	4.81734805722
6580.0	109.0	9.58500202257	3.67607689499
6580.0	110.0	9.55637876766	2.80663924463
6580.0	111.0	11.1020345327	5.68606972817
6580.0	112.0	11.5490624256	4.78059444806
6590.0	109.0	10.1067450293	3.69946555536
6590.0	110.0	10.1258973543	2.80329800743
6590.0	111.0	10.6646880349	5.69322952216
6590.0	112.0	11.0849868589	4.7438408389
6600.0	109.0	10.6284880361	3.72309287553
6600.0	110.0	10.695415941	2.79971811044
6600.0	111.0	10.2292357231	5.72616457452
6600.0	112.0	10.6209112921	4.70708722975
6600.0	117.0	0.527215099612	4.67653877539
6610.0	109.0	11.1982170878	3.68180473018
6610.0	110.0	11.2649345276	2.79613821344
6610.0	111.0	9.79378341131	5.75909962689
6610.0	112.0	10.1698845622	4.68393722918
6610.0	117.0	0.953196481494	4.67081094019
6620.0	109.0	11.7677356745	3.64027792503
6620.0	110.0	11.8342426491	2.79255831645
6620.0	111.0	9.38548109864	5.76435014248
6620.0	112.0	9.77042178415	4.71448568354
6620.0	117.0	1.37938832849	4.6648444452
6630.0	109.0	12.3374647262	3.59898977968
6630.0	110.0	12.3938693756	2.77585213047
6630.0	111.0	9.00390785489	5.74191612131
6630.0	112.0	9.37116947119	4.7450341379
6630.0	117.0	1.80536971037	4.65911661001
6640.0	109.0	12.907193778	3.55770163433
6640.0	110.0	12.9524437766	2.75747532589
6640.0	111.0	8.62254507625	5.71972075993
6640.0	112.0	8.97170669312	4.77558259227
6640.0	117.0	2.23408713867	4.64885423862
6650.0	109.0	13.4767123647	3.51617482918
6650.0	110.0	13.5110181775	2.73909852131
6650.0	111.0	8.24139276272	5.69943467696
6650.0	112.0	8.56929740351	4.79706197424
6650.0	117.0	2.68742898481	4.59992897968
6660.0	109.0	14.0464414164	3.47488668383
6660.0	110.0	14.0695925785	2.72072171673
6660.0	111.0	7.86129277473	5.68392178998
6660.0	112.0	8.15931136996	4.79706197424
6660.0	117.0	3.14077083094	4.55100372074
6670.0	109.0	14.6161704682	3.43359853848
6670.0	110.0	14.6281669794	2.70234491216
6670.0	111.0	7.48098232164	5.66864756279
6670.0	112.0	7.74953580152	4.79706197424
6670.0	117.0	3.59411267708	4.50207846179
6680.0	109.0	15.1856890548	3.39207173333
6680.0	111.0	7.08404512489	5.64812282002
6680.0	112.0	7.33976023308	4.79706197424
6680.0	117.0	4.04324522102	4.44312949127
6690.0	111.0	6.61954862794	5.60683467467
6690.0	112.0	6.92009280449	4.80636970643
6690.0	117.0	4.47596148641	4.34360835478
6700.0	111.0	6.155052131	5.56578518912
6700.0	112.0	6.49095444596	4.82522383061
6700.0	117.0	4.90846728669	4.2440872183
6710.0	111.0	5.70570912195	5.55671611673
6710.0	112.0	6.06181608743	4.84383929498
6710.0	117.0	5.34118355208	4.14480474162
6720.0	111.0	5.29214518153	5.62258622145
6720.0	112.0	5.63267772891	4.86269341916
6720.0	117.0	5.8008393515	4.11091505006
6730.0	111.0	4.87837077601	5.68821766637
6730.0	112.0	5.20353937038	4.88130888354
6730.0	117.0	6.27880561546	4.12093876165
6740.0	111.0	4.46417544027	5.72783519312
6740.0	112.0	4.77945217449	4.88393414134
6740.0	117.0	6.75677187942	4.13072381344
6750.0	111.0	4.04892777898	5.72783519312
6750.0	112.0	4.36336265276	4.86221609956
6750.0	117.0	7.23473814338	4.14074752503
6760.0	111.0	3.63368011768	5.72783519312
6760.0	112.0	3.94727313103	4.84049805779
6760.0	117.0	7.71270440734	4.15077123662
6770.0	111.0	3.21843245639	5.72783519312
6770.0	112.0	3.53097314419	4.81878001601
6770.0	117.0	8.17930555538	4.18394494878
6770.0	119.0	14.9867995262	3.72213823633
6780.0	111.0	2.8031847951	5.71876612073
6780.0	112.0	3.11488362246	4.79706197424
6780.0	117.0	8.64317065699	4.22284649613
6780.0	119.0	14.3722414061	3.71259184434
6790.0	111.0	2.38793713381	5.70587849155
6790.0	112.0	2.68595572904	4.82450785121
6790.0	117.0	9.10703575861	4.26174804348
6790.0	119.0	13.757683286	3.70304545235
6800.0	111.0	1.97268947252	5.69299086236
6800.0	112.0	2.25681737051	4.85219238797
6800.0	117.0	9.57111132533	4.30064959084
6800.0	119.0	13.1616460955	3.53646091215
6810.0	111.0	1.55744181123	5.68010323318
6810.0	112.0	1.8278894771	4.87963826494
6810.0	117.0	10.0349764269	4.33978979799
6810.0	119.0	12.5782368117	3.26534337968
6810.0	120.0	0.708425559	3.95363824205
6810.0	121.0	0.160374413535	3.22477121373
6820.0	111.0	1.21206856633	5.61280116966
6820.0	112.0	1.39875111857	4.90732280171
6820.0	117.0	10.5358833879	4.35220010757
6820.0	119.0	12.0213461316	3.05054955994
6820.0	120.0	0.964772062523	4.00566607839
6820.0	121.0	0.548472075684	3.21737275994
6830.0	111.0	0.866695321438	5.54549910614
6830.0	112.0	0.969823225154	4.93476867867
6830.0	117.0	11.040999651	4.36174649956
6830.0	119.0	11.5048647526	2.92024130929
6830.0	120.0	1.22132903116	4.05793257453
6830.0	121.0	0.936569737834	3.20997430615
6840.0	111.0	0.521322076542	5.47819704262
6840.0	112.0	0.631395328877	4.80135785064
6840.0	117.0	11.5461159141	4.37129289155
6840.0	119.0	10.9711252346	2.80807120343
6840.0	120.0	1.495565069	4.10566453447
6840.0	121.0	1.32466739998	3.20257585235
6850.0	111.0	0.175948831647	5.4108949791
6850.0	112.0	0.315697664438	4.62785217624
6850.0	117.0	12.0512321772	4.38083928354
6850.0	119.0	10.3687740908	2.76678305808
6850.0	120.0	1.93017552038	4.11330164806
6850.0	121.0	1.762434828	3.19565471816
6860.0	117.0	12.5563484403	4.39038567553
6860.0	119.0	9.76621248195	2.72573357253
6860.0	120.0	2.36457550664	4.12117742145
6860.0	121.0	2.27512783505	3.18944956337
6870.0	117.0	13.0303158671	4.37439546895
6870.0	119.0	9.17754157033	2.69232120057
6870.0	120.0	2.79918595802	4.12881453504
6870.0	121.0	2.7878208421	3.18324440858
6880.0	117.0	13.5007053871	4.35578000457
6880.0	119.0	8.62086135537	2.67680831359
6880.0	120.0	3.22011617727	4.14050886523
6880.0	121.0	3.30051384915	3.17727791359
6890.0	117.0	13.9710949072	4.33716454019
6890.0	119.0	8.06418114041	2.6615340864
6890.0	120.0	3.64104639652	4.15220319541
6890.0	121.0	3.79594871721	3.20949698655
6900.0	117.0	14.4416948923	4.31831041602
6900.0	119.0	7.50813232078	2.64697583862
6900.0	120.0	4.06197661577	4.1636588658
6900.0	121.0	4.27433591138	3.27990162746
6910.0	117.0	14.9120844123	4.29969495164
6910.0	119.0	6.95439861736	2.63671346723
6910.0	120.0	4.48290683502	4.17535319599
6910.0	121.0	4.75272310556	3.35054492818
6920.0	119.0	6.40087537904	2.62621243605
6920.0	120.0	4.97013356381	4.24098464091
6920.0	121.0	5.23111029974	3.42094956909
6930.0	119.0	5.84735214073	2.61595006466
6930.0	120.0	5.46472657143	4.31258258082
6930.0	121.0	5.71518005188	3.48443307582
6940.0	119.0	5.2936184373	2.60544903347
6940.0	120.0	5.95931957905	4.38418052074
6940.0	121.0	6.25207654654	3.48443307582
6950.0	119.0	4.76345682615	2.62692841545
6950.0	120.0	6.45391258667	4.45577846065
6950.0	121.0	6.78897304119	3.48443307582
6960.0	119.0	4.24908009823	2.6691712
6960.0	120.0	6.92156606025	4.53453619456
6960.0	121.0	7.32586953585	3.48443307582
6970.0	119.0	3.7344929052	2.71165264434
6970.0	120.0	7.38648348742	4.61400990786
6970.0	121.0	7.8627660305	3.48443307582
6980.0	119.0	3.22011617727	2.75413408869
6980.0	120.0	7.85119044947	4.69372228096
6980.0	121.0	8.38934973478	3.48920627181
6980.0	123.0	-0.0498802309813	4.26675989928
6990.0	119.0	2.70594991446	2.78205728526
6990.0	120.0	8.31610787663	4.77319599427
6990.0	121.0	8.87468227758	3.51354957138
6990.0	123.0	0.495855798278	4.39921608812
7000.0	119.0	2.19494062828	2.67991089098
7000.0	120.0	8.78418228044	4.84527125378
7000.0	121.0	9.36001482038	3.53789287095
7000.0	123.0	1.04138136243	4.53191093676
7010.0	119.0	1.683720877	2.57752583691
7010.0	120.0	9.28340552047	4.85099908898
7010.0	121.0	9.84555782828	3.56247483032
7010.0	123.0	1.58711739169	4.6643671256
7010.0	124.0	0.403672080262	3.90757690071
7010.0	125.0	0.148798832505	3.28586812245
7020.0	119.0	1.21669879875	2.64458924062
7020.0	120.0	9.7826287605	4.85648826437
7020.0	121.0	10.3308903711	3.58681812989
7020.0	123.0	2.10254644516	4.7493300143
7020.0	124.0	0.907525552705	3.96533257224
7020.0	125.0	0.705058117246	3.31140472102
7030.0	119.0	0.749676720486	2.71165264434
7030.0	120.0	10.2818520005	4.86197743976
7030.0	121.0	10.8290612856	3.59421658368
7030.0	123.0	2.61460805688	4.8288037276
7030.0	124.0	1.41137902515	4.02332690357
7030.0	125.0	1.26131740199	3.33694131959
7040.0	119.0	0.282865107337	2.77895470786
7040.0	120.0	10.7812857057	4.86746661516
7040.0	121.0	11.3575391758	3.56247483032
7040.0	123.0	3.12688013371	4.90851610071
7040.0	124.0	1.91523249759	4.0810825751
7040.0	125.0	1.81757668673	3.36247791816
7050.0	120.0	11.2802984806	4.84694187238
7050.0	121.0	11.8862275312	3.53049441716
7050.0	123.0	3.65977779128	4.98393259742
7050.0	124.0	2.42245341179	4.20351505235
7050.0	125.0	2.34668597232	3.47727328182
7060.0	120.0	11.7795217206	4.81949599541
7060.0	121.0	12.4147054215	3.4987526638
7060.0	123.0	4.19478009995	5.05887177453
7060.0	124.0	2.9298847911	4.32594752961
7060.0	125.0	2.87284874639	3.60209235708
7070.0	120.0	12.2785344956	4.79228877825
7070.0	121.0	12.9431833118	3.46701091044
7070.0	123.0	4.72999287372	5.13381095164
7070.0	124.0	3.43710570529	4.44814134706
7070.0	125.0	3.39901152045	3.72691143233
7080.0	120.0	12.7893333166	4.75481918969
7080.0	121.0	13.4565077141	3.4956500864
7080.0	123.0	5.27783355408	5.20087435536
7080.0	124.0	3.94853592168	4.56556196852
7080.0	125.0	3.92517429452	3.85173050758
7090.0	120.0	13.3279135321	4.69372228096
7090.0	121.0	13.9660437445	3.53980214935
7090.0	123.0	5.84440562919	5.25600476909
7090.0	124.0	4.4976393927	4.63835320743
7090.0	125.0	4.46817427735	3.93024958168
7100.0	120.0	13.8662832826	4.63286403204
7100.0	121.0	14.4755797749	3.5837155525
7100.0	123.0	6.41118816941	5.31113518282
7100.0	124.0	5.0465323986	4.71090578654
7100.0	125.0	5.02780100384	3.96294597424
