10.0	1.0	1.03127903717	7.85190741057
20.0	1.0	1.76790692085	7.61324761086
30.0	1.0	2.51547899024	7.36408677996
40.0	1.0	3.27925687308	7.09869708268
50.0	1.0	4.04324522102	6.8335460452
60.0	1.0	4.85079984665	6.61803624605
70.0	1.0	5.67708586704	6.42352850929
80.0	1.0	6.50337188743	6.22902077252
80.0	3.0	0.0782930207807	8.75213217509
90.0	1.0	7.32355441964	6.04787798454
90.0	3.0	0.659176723347	8.45619402345
100.0	1.0	8.14352648674	5.86697385636
100.0	3.0	1.24006042591	8.1602558718
110.0	1.0	8.96728692581	5.69251354277
110.0	3.0	1.8278894771	7.87052287495
120.0	1.0	9.82366945688	5.5772408595
120.0	3.0	2.44371038786	7.60537183747
130.0	1.0	10.6800519879	5.46196817624
130.0	3.0	3.05953129863	7.34022079999
140.0	1.0	11.5265426589	5.33953569899
140.0	3.0	3.6865068602	7.0769790409
150.0	1.0	12.3332554241	5.18846404577
150.0	3.0	4.32442660748	6.81588522002
160.0	1.0	13.1399681893	5.03739239255
160.0	3.0	4.96234635475	6.55503005893
170.0	1.0	13.951521652	4.89371919312
170.0	3.0	5.59079517209	6.30061871244
180.0	1.0	14.7824379048	4.78083310786
180.0	3.0	6.19651375759	6.06195891272
190.0	1.0	15.6131436925	4.6677083628
190.0	3.0	6.80244280821	5.82329911301
200.0	3.0	7.40837185882	5.58463931329
210.0	3.0	8.11763927826	5.37247075135
220.0	3.0	8.8271171628	5.1603021894
230.0	3.0	9.53638458224	4.94813362746
230.0	4.0	15.2940785863	9.09723424548
240.0	4.0	14.6149076775	9.1623883708
240.0	5.0	15.04215185	8.56908010871
250.0	4.0	13.9357367687	9.22754249612
250.0	5.0	14.3507739649	8.5802971193
260.0	4.0	13.2403600465	9.33828064319
260.0	5.0	13.6591856147	8.59175278968
270.0	4.0	12.5291984411	9.494602812
270.0	5.0	12.9480240093	8.77289557767
280.0	4.0	11.8180368357	9.65092498081
280.0	5.0	12.2366519387	8.95379970585
290.0	4.0	11.1394973223	9.85092189297
290.0	5.0	11.5246484729	9.13422651443
300.0	4.0	10.4828461802	10.0800353007
300.0	5.0	10.8042264026	9.30868682802
310.0	4.0	9.82956247995	10.3074780898
310.0	5.0	10.0838043324	9.48314714161
320.0	4.0	9.20595436013	10.5196466518
320.0	5.0	9.38758574974	9.65283425921
330.0	4.0	8.58234624031	10.7318152137
330.0	5.0	8.71578111981	9.81798684061
340.0	4.0	7.94716253946	10.9131966615
340.0	5.0	8.04376602478	9.98337808181
350.0	4.0	7.29472069962	11.0482781081
350.0	5.0	7.38311604566	10.1358816938
360.0	4.0	6.64227885978	11.1835982146
360.0	5.0	6.72372885721	10.286953347
370.0	4.0	6.00393818229	11.3155770838
370.0	5.0	6.06413120364	10.4382636601
380.0	4.0	5.38643355065	11.4430214169
380.0	5.0	5.40979517781	10.6067574787
390.0	4.0	4.76913938411	11.5702270901
390.0	5.0	4.7556696171	10.7771605757
400.0	4.0	4.1413219621	11.6928982272
400.0	5.0	4.10238591682	10.9468476933
410.0	4.0	3.49793012198	11.8088868898
410.0	5.0	3.45415337917	11.1091363571
420.0	4.0	2.85453828185	11.9248755525
420.0	5.0	2.80592084153	11.2714250209
430.0	4.0	2.21114644173	12.0406255553
430.0	5.0	2.15853016432	11.4201100761
440.0	4.0	1.57301622934	12.1628193728
440.0	5.0	1.51177088244	11.5599647187
450.0	4.0	0.935727877395	12.2854905098
450.0	5.0	0.865011600561	11.6995807016
460.0	4.0	0.298229060339	12.4081616469
460.0	5.0	0.218252318682	11.8391966844
470.0	4.0	-0.339059291607	12.5310714438
470.0	5.0	-0.428717428307	11.979051327
500.0	6.0	15.0046890605	9.01441929498
510.0	6.0	14.5761820973	8.98052960342
520.0	6.0	14.1476751341	8.94640125206
530.0	6.0	13.7118018921	8.92181929269
540.0	6.0	13.2645635341	8.9120342409
550.0	6.0	12.8173251762	8.90201052931
560.0	6.0	12.3288356568	9.00439558339
570.0	6.0	11.8401356722	9.10654197767
580.0	6.0	11.3564868503	9.19651672216
590.0	6.0	10.8919903533	9.23780486751
600.0	6.0	10.4274938564	9.27885435306
610.0	6.0	9.9661543361	9.3256316738
610.0	7.0	11.2819822015	8.09844298368
610.0	8.0	0.182683715155	11.7411075067
620.0	6.0	9.51239155974	9.38529662373
620.0	7.0	10.8208531463	8.25762907009
620.0	8.0	0.780404626491	11.6170044109
630.0	6.0	9.05862878339	9.44496157366
630.0	7.0	10.3927671133	8.44545433246
630.0	8.0	1.37812553783	11.492901315
640.0	6.0	8.60507647215	9.51011569898
640.0	7.0	10.013929916	8.67599969898
640.0	8.0	1.96890110055	11.4096090449
650.0	6.0	8.15510206777	9.62538838224
650.0	7.0	9.63509271866	8.90678372531
650.0	8.0	2.55673015173	11.3437389402
660.0	6.0	7.70512766339	9.7406610655
660.0	7.0	9.25267761447	9.14973940141
660.0	8.0	3.14455920292	11.2778688355
670.0	6.0	7.25346953813	9.85163787237
670.0	7.0	8.86457995232	9.4105945625
670.0	8.0	3.74017546316	11.2339554323
680.0	6.0	6.79507652937	9.94519251386
680.0	7.0	8.47648229017	9.67168838339
680.0	8.0	4.33768590938	11.1955312046
680.0	9.0	15.1147623129	9.12730538024
680.0	12.0	10.4302299028	6.34477077538
690.0	6.0	6.3364730555	10.0389858151
690.0	7.0	8.074914861	9.93421416307
690.0	8.0	4.9349858905	11.156868317
690.0	9.0	14.4496925665	9.26095486808
690.0	12.0	10.2643833964	6.00491922059
700.0	6.0	5.88986609287	10.123710044
700.0	7.0	7.61883696844	10.2027064377
700.0	8.0	5.49734866342	11.1203533676
700.0	9.0	13.78462282	9.39460435592
700.0	12.0	10.0985368901	5.664829006
710.0	6.0	5.46114866456	10.1943533448
710.0	7.0	7.16275907589	10.4711987124
710.0	8.0	6.04455794845	11.0845543977
710.0	9.0	13.1264984222	9.53350435935
710.0	12.0	9.93269038367	5.32497745121
720.0	6.0	5.03243123626	10.2649966455
720.0	7.0	6.65427537103	10.665945109
720.0	8.0	6.54946374644	11.000784808
720.0	9.0	12.4788972799	9.68051879598
720.0	12.0	9.7409566688	4.92044909069
730.0	6.0	4.57972078545	10.3642791222
730.0	7.0	6.13274282938	10.842314701
730.0	8.0	7.02953466149	10.9041275891
730.0	9.0	11.8312961376	9.8272945728
730.0	12.0	9.52354621056	4.45100526466
740.0	6.0	4.11669754428	10.4754945888
740.0	7.0	5.6128940086	10.9857492406
740.0	8.0	7.45046488074	10.8790683101
740.0	9.0	11.1643322052	9.89340333732
740.0	12.0	9.30613575231	3.98156143862
750.0	6.0	3.6536743031	10.5869487153
750.0	7.0	5.09493937381	11.0957714083
750.0	8.0	7.88781137855	10.8342002678
750.0	9.0	10.4925275753	9.93922601887
750.0	12.0	9.1221892465	3.55603101573
760.0	6.0	3.17591850425	10.6816966558
760.0	7.0	4.57677427392	11.2060322357
760.0	8.0	8.39124392077	10.7096198523
760.0	9.0	9.81924968958	9.9934017934
760.0	12.0	8.97191715823	3.17417533619
770.0	6.0	2.69184875211	10.7690461425
770.0	7.0	4.08849521959	11.133002337
770.0	8.0	8.89446599788	10.5850394369
770.0	9.0	9.13986831571	10.0800353007
770.0	12.0	8.82143460484	2.79231965665
780.0	6.0	2.20777899997	10.856634289
780.0	7.0	3.60358360701	11.0396863553
780.0	8.0	9.3867438893	10.365711081
780.0	9.0	8.46069740695	10.1669074678
780.0	12.0	8.67116251657	2.41046397711
790.0	6.0	1.76790692085	10.9890904778
790.0	7.0	3.12540687794	10.9575873842
790.0	8.0	9.87775899005	10.1358816938
790.0	9.0	7.82930207807	10.2996023164
790.0	12.0	8.5208904283	2.10354747467
800.0	6.0	1.3469767016	11.1411167702
800.0	7.0	2.65186038128	10.8828868669
800.0	8.0	10.3795078114	9.89053941972
800.0	9.0	7.19790674919	10.4320585053
800.0	12.0	8.37040787492	1.79686963204
810.0	6.0	0.926046482352	11.2929044028
810.0	7.0	2.17831388462	10.8084250094
810.0	8.0	10.9231391896	9.58219095849
810.0	9.0	6.55640909505	10.5850394369
810.0	12.0	8.22013578664	1.48995312961
820.0	6.0	0.50048603069	11.4158141997
820.0	7.0	1.69403366738	10.7404069665
820.0	8.0	11.4667705677	9.27384249727
820.0	9.0	5.89091841842	10.7850363491
820.0	12.0	8.02524509513	1.29114951645
830.0	6.0	0.0677697652994	11.4955265728
830.0	7.0	1.19333717158	10.6821739754
830.0	8.0	12.0200833409	9.01370331558
830.0	9.0	5.22563820689	10.985271921
830.0	12.0	7.78573580038	1.20069745236
840.0	7.0	0.692851140887	10.624179644
840.0	8.0	12.5757112303	8.76549712388
840.0	9.0	4.56583008822	11.1857461528
840.0	12.0	7.54622650562	1.11024538827
850.0	7.0	0.192365110198	10.5661853127
850.0	8.0	13.147124003	8.55595381973
850.0	9.0	3.92769987583	11.3871750237
850.0	12.0	7.33912883775	1.13291806924
860.0	8.0	13.7551577047	8.43662391987
860.0	9.0	3.28978012856	11.5883652349
860.0	12.0	7.15328814595	1.23124590672
870.0	8.0	14.3629809413	8.31729402001
870.0	9.0	2.65186038128	11.7897941058
870.0	12.0	6.96765791926	1.3295737442
880.0	8.0	14.971014643	8.19796412016
880.0	9.0	2.03519761008	11.956378646
880.0	12.0	6.80559978485	1.47539488183
890.0	9.0	1.41853483888	12.1227245264
890.0	12.0	6.73867187999	1.81166653962
900.0	9.0	0.801661602564	12.2893090666
900.0	12.0	6.67174397513	2.14793819742
910.0	9.0	0.184998831361	12.4558936068
910.0	12.0	6.7870788552	2.40974799771
920.0	12.0	6.90262420039	2.67155779799
930.0	12.0	7.01795908046	2.93312893848
940.0	12.0	7.16549512231	3.17966451158
950.0	12.0	7.31660907102	3.42452946609
960.0	12.0	7.46772301973	3.66915576079
970.0	12.0	7.61883696844	3.9140207153
970.0	16.0	0.471441845561	7.22661873532
980.0	12.0	7.63125440991	4.14575938082
980.0	16.0	1.20386042706	6.97841254362
990.0	12.0	7.64367185138	4.37725938654
990.0	16.0	1.93627900855	6.73020635192
1000.0	12.0	7.65587882774	4.60899805207
1000.0	16.0	2.6478615442	6.40061716852
1010.0	12.0	7.55990673775	4.8304743462
1010.0	16.0	3.35944407984	6.07102798511
1020.0	12.0	7.39153465005	5.04526816594
1020.0	16.0	4.05860917402	5.71017436794
1030.0	12.0	7.22316256235	5.26006198568
1030.0	16.0	4.75651147754	5.34597951358
1040.0	12.0	7.04468814939	5.34025167839
1040.0	16.0	5.48850912881	5.06579290872
1050.0	12.0	6.85947885292	5.3307052864
1050.0	16.0	6.2207172452	4.78560630385
1060.0	12.0	6.67426955644	5.32115889441
1060.0	16.0	7.02953466149	4.59992897968
1070.0	16.0	7.87139509999	4.45458516165
1080.0	16.0	8.72020088711	4.35554134477
1090.0	16.0	9.57974039483	4.32570886981
1100.0	16.0	10.4390694374	4.29587639484
1110.0	16.0	11.2809298759	4.28633000285
1120.0	16.0	12.1227903144	4.27678361087
1130.0	16.0	12.9646507529	4.26723721888
1160.0	19.0	12.2421240316	7.49105379341
1170.0	19.0	11.8912786938	7.51993162917
1180.0	19.0	11.5404333561	7.54880946494
1190.0	19.0	11.1897984835	7.5779259605
1200.0	19.0	10.762764776	7.63353369383
1210.0	19.0	10.2852194423	7.70680225235
1220.0	19.0	9.80767410855	7.78030947066
1230.0	19.0	9.16786017529	7.96169091844
1240.0	19.0	8.52804624203	8.14307236622
1250.0	19.0	7.99220207292	8.44091979627
1260.0	19.0	7.56011720286	8.85547186837
1270.0	19.0	7.02048466178	9.17145744319
1280.0	19.0	6.40908351832	9.42133425349
1290.0	19.0	5.7745312128	9.67574559998
1300.0	19.0	5.11682774522	9.93421416307
1310.0	19.0	4.46501730071	10.1972172624
1310.0	22.0	14.7805437188	5.88272540314
1310.0	23.0	14.9392344114	5.15505167381
1320.0	19.0	3.86603359871	10.5000765482
1320.0	22.0	14.3219402449	5.85217694877
1320.0	23.0	14.4997832625	5.15505167381
1330.0	19.0	3.26704989672	10.802935834
1330.0	22.0	13.8631263059	5.82138983461
1330.0	23.0	14.0603321136	5.15505167381
1340.0	19.0	2.67648479911	11.0141497568
1340.0	22.0	13.404522832	5.79084138025
1340.0	23.0	13.6208809647	5.15505167381
1350.0	19.0	2.09412784077	11.1334796566
1350.0	22.0	12.9646507529	5.78940942145
1350.0	23.0	13.1763786532	5.1662686844
1360.0	19.0	1.51177088244	11.2528095565
1360.0	22.0	12.5437205337	5.81709395822
1360.0	23.0	12.730613551	5.18034961258
1370.0	19.0	0.959720899892	11.3745260543
1370.0	22.0	12.1227903144	5.84501715478
1370.0	23.0	12.285058914	5.19443054076
1370.0	26.0	6.36741142661	0.490923208011
1380.0	19.0	0.437767428021	11.4986291502
1380.0	22.0	11.7018600952	5.87270169155
1380.0	23.0	11.8491856719	5.18941868497
1380.0	26.0	6.38993119334	1.13864590443
1390.0	19.0	-0.0841860438502	11.622732246
1390.0	22.0	11.2765101086	5.88511200113
1390.0	23.0	11.4282554527	5.15648363261
1390.0	26.0	6.41245096007	1.78660726065
1400.0	22.0	10.8341124482	5.83618674219
1400.0	23.0	11.0073252334	5.12330992045
1400.0	26.0	6.42760444796	2.38182480114
1410.0	22.0	10.3915043227	5.78726148325
1410.0	23.0	10.5863950142	5.09013620829
1410.0	26.0	6.43960095921	2.95460832045
1420.0	22.0	9.94910666222	5.73833622431
1420.0	23.0	10.1823020037	5.03094857796
1420.0	26.0	6.45159747046	3.52739183976
1430.0	22.0	9.5201787688	5.67127282059
1430.0	23.0	9.78241829539	4.96531713304
1430.0	26.0	6.4612788655	4.0846624721
1440.0	22.0	9.12345203716	5.56220529212
1440.0	23.0	9.38253458711	4.89968568812
1440.0	26.0	6.4612788655	4.5803588761
1450.0	22.0	8.7265148404	5.45313776365
1450.0	23.0	8.98265087882	4.8340542432
1450.0	26.0	6.4612788655	5.07605528011
1460.0	22.0	8.32957764365	5.34383157538
1460.0	23.0	8.57897879856	4.76699083948
1460.0	26.0	6.4612788655	5.57175168411
1470.0	22.0	7.93811253975	5.30349806923
1470.0	23.0	8.17404392764	4.69968877596
1470.0	26.0	6.4787474696	6.06386819112
1480.0	22.0	7.5479102265	5.28010940886
1480.0	23.0	7.76931952183	4.63238671244
1480.0	26.0	6.53662537475	6.54691562574
1490.0	22.0	7.15791837836	5.25695940829
1490.0	23.0	7.36459511602	4.56508464892
1490.0	26.0	6.5945032799	7.03020172016
1500.0	22.0	6.76771606512	5.23357074792
1500.0	23.0	6.91041140944	4.53024031816
1500.0	26.0	6.65238118504	7.51372647438
1510.0	22.0	6.33036956732	5.20159033475
1510.0	23.0	6.45075561002	4.4987372246
1510.0	26.0	6.74435443795	7.97123731043
1520.0	22.0	5.87260795388	5.1657913648
1520.0	23.0	5.9910998106	4.46723413104
1520.0	26.0	6.91672536273	8.36908319655
1530.0	22.0	5.41484634045	5.12999239484
1530.0	23.0	5.53460098782	4.43716299627
1530.0	26.0	7.08888582241	8.76669042287
1540.0	22.0	4.95708472701	5.09419342488
1540.0	23.0	5.10798821061	4.4178315525
1540.0	26.0	7.26104628208	9.164536309
1550.0	22.0	4.52163241519	5.07175940371
1550.0	23.0	4.6813754334	4.39850010872
1550.0	26.0	7.40500441706	9.50367188439
1560.0	22.0	4.09565103331	5.05505321773
1560.0	23.0	4.25476265619	4.37916866494
1560.0	26.0	7.54896255205	9.84280745978
1560.0	27.0	9.76642294706	9.21680280513
1570.0	22.0	3.66988011654	5.03858569155
1570.0	23.0	3.82814987898	4.35721196337
1570.0	26.0	7.69313115214	10.1819430352
1570.0	27.0	9.76894852838	9.16859352559
1580.0	22.0	3.24410919977	5.02187950557
1580.0	23.0	3.40153710177	4.331436705
1580.0	26.0	7.82930207807	10.5225105694
1580.0	27.0	9.77126364458	9.12038424605
1590.0	22.0	2.81202432971	5.00493465979
1590.0	23.0	2.97492432456	4.30566144663
1590.0	26.0	7.93453463288	10.8692832583
1590.0	27.0	9.77357876079	9.07193630671
1600.0	22.0	2.37046852971	4.98751249441
1600.0	23.0	2.54831154735	4.27964752846
1600.0	26.0	8.0397671877	11.2158172875
1600.0	27.0	9.775893877	9.02372702717
1610.0	22.0	1.92912319483	4.96985166923
1610.0	23.0	2.13558946737	4.30255886923
1610.0	26.0	8.14499974251	11.5625899765
1610.0	27.0	9.77841945831	8.97551774762
1620.0	22.0	1.48756739483	4.95242950385
1620.0	23.0	1.72854994535	4.34647227238
1620.0	26.0	8.25023229732	11.9091240057
1620.0	27.0	9.78073457452	8.92730846808
1630.0	22.0	1.06221740828	4.96483981344
1630.0	23.0	1.32172088845	4.39014701573
1630.0	26.0	8.32599973679	12.1907425694
1630.0	27.0	9.78304969072	8.87886052874
1640.0	22.0	0.674119746131	5.04693878454
1640.0	23.0	0.914891831542	4.43382175908
1640.0	26.0	8.40176717625	12.472361133
1640.0	27.0	9.78536480693	8.8306512492
1650.0	22.0	0.286022083981	5.12903775564
1650.0	23.0	0.507852309526	4.47773516222
1650.0	26.0	8.47753461572	12.7539796967
1650.0	27.0	9.67487062438	8.60511773847
1660.0	22.0	-0.101865113059	5.21089806694
1660.0	23.0	0.10102325262	4.52140990557
1660.0	26.0	8.55330205518	13.0355982603
1660.0	27.0	9.45114621284	8.20249865635
1670.0	26.0	8.62906949465	13.317216824
1670.0	27.0	9.18532877939	7.65596771501
1680.0	27.0	8.97339041399	7.06552337052
1690.0	27.0	8.8203822793	6.44715582946
1700.0	27.0	8.68968344622	5.85599550557
1710.0	27.0	8.61075903011	5.3290346678
1720.0	27.0	8.531834614	4.80207383003
1730.0	27.0	8.47437763907	4.39444289212
1740.0	27.0	8.41944624546	4.000176903
1750.0	27.0	8.40597647844	3.69922689556
1760.0	27.0	8.42007764079	3.46056709585
1770.0	27.0	8.43396833802	3.22190729613
1780.0	30.0	12.813115874	9.162149711
1790.0	30.0	12.2379147294	9.39293373732
1790.0	32.0	6.63470211584	6.01518159198
1800.0	30.0	11.6625031197	9.62347910385
1800.0	32.0	6.51684165444	6.54977954334
1810.0	30.0	11.0908798819	9.86118426436
1810.0	32.0	6.39898119305	7.08437749469
1820.0	30.0	10.5272543184	10.1153569511
1820.0	32.0	6.28596142919	7.62231668325
1830.0	30.0	9.96383921989	10.3692909779
1830.0	32.0	6.21566608257	8.19056566637
1840.0	30.0	9.39789854011	10.6220317058
1840.0	32.0	6.14558120107	8.75881464948
1850.0	30.0	8.8226973955	10.868567279
1850.0	32.0	5.90270446456	9.1626270306
1860.0	30.0	8.2474962509	11.1151028521
1860.0	32.0	5.43694517696	9.59006673189
1870.0	30.0	7.67545208293	11.334431208
1870.0	32.0	4.89099868259	10.0113012784
1880.0	30.0	7.11687768199	11.4446920355
1880.0	32.0	4.36020567611	10.4158296389
1890.0	30.0	6.55851374615	11.5547142031
1890.0	32.0	3.82625569299	10.787422947
1900.0	30.0	6.01193585645	11.5862172967
1900.0	32.0	3.27904640797	11.0260827468
1910.0	30.0	5.47335564092	11.5652152343
1910.0	32.0	2.73604642513	11.2279889373
1920.0	30.0	4.93477542539	11.5442131719
1920.0	32.0	2.20988365107	11.2831193511
1930.0	30.0	4.4037719538	11.513187398
1930.0	32.0	1.683720877	11.3382497648
1940.0	30.0	3.90223359757	11.4430214169
1940.0	32.0	1.27815461076	11.3277487336
1950.0	30.0	3.40090570644	11.3728554357
1950.0	32.0	0.952775551275	11.2733342993
1960.0	30.0	2.8993673502	11.3026894546
1960.0	32.0	0.627606956903	11.2191585247
1970.0	30.0	2.38646387804	11.3933801785
1980.0	30.0	1.87040342924	11.5241657488
1990.0	30.0	1.35434298044	11.654951319
2000.0	30.0	0.851962763764	11.7477899811
2010.0	30.0	0.355265105048	11.824161117
2020.0	30.0	-0.141432553668	11.9005322529
2040.0	33.0	0.14585232097	10.3521074724
2050.0	33.0	0.762725557283	10.2943518008
2060.0	33.0	1.3795987936	10.2368347891
2070.0	33.0	1.99647202991	10.1544971582
2080.0	33.0	2.61334526622	9.97359303003
2090.0	33.0	3.23021850253	9.79245024204
2100.0	33.0	3.82541383255	9.61870590785
2110.0	33.0	4.36967660605	9.46238373904
2110.0	34.0	15.2614564943	8.65404299741
2120.0	33.0	4.91393937954	9.30606157023
2120.0	34.0	14.3006832688	8.82015021801
2130.0	33.0	5.44473238601	9.12539610184
2130.0	34.0	13.3399100434	8.98601877881
2140.0	33.0	5.95489981174	8.9084543439
2140.0	34.0	12.3980786778	9.160956412
2150.0	33.0	6.46506723748	8.69151258596
2150.0	34.0	11.4751891721	9.34448579798
2160.0	33.0	6.97586605854	8.48363990041
2160.0	34.0	10.5522996664	9.52801518396
2170.0	33.0	7.49087418179	8.35810484576
2170.0	34.0	9.61909737033	9.64949302201
2180.0	33.0	8.00588230505	8.23256979112
2180.0	34.0	8.68463228359	9.76404972588
2190.0	33.0	8.52110089341	8.10679607667
2190.0	34.0	7.76700440562	9.89388065692
2200.0	33.0	9.01653576147	7.996773909
2200.0	34.0	6.87463234081	10.0466229287
2200.0	37.0	6.00267539163	12.4399034003
2210.0	33.0	9.46651016585	7.92278937109
2210.0	34.0	5.982260276	10.1993652006
2210.0	37.0	6.02435329792	12.1107915365
2220.0	33.0	9.91648457023	7.84856617338
2220.0	34.0	5.12798239603	10.363324483
2220.0	37.0	6.04624166932	11.7816796727
2230.0	33.0	10.3948717644	7.76360328468
2230.0	34.0	4.27812428336	10.5284770644
2230.0	37.0	6.07233934292	11.4449306953
2240.0	33.0	10.9157729107	7.6621728698
2240.0	34.0	3.42531965916	10.7010280996
2240.0	37.0	6.10853934177	11.0909982123
2250.0	33.0	11.4366740571	7.56074245492
2250.0	34.0	2.56599061655	10.8898080011
2250.0	37.0	6.14494980574	10.7373043891
2260.0	33.0	11.9575752034	7.45931204004
2260.0	34.0	1.70645110884	11.0788265625
2260.0	37.0	6.17504631641	10.3785987101
2260.0	38.0	0.0650337188743	10.1358816938
2270.0	33.0	12.4868949541	7.39845379112
2270.0	34.0	0.799767416577	11.2647425465
2270.0	37.0	6.19609282738	10.0124945774
2270.0	38.0	0.888583692839	9.96977447323
2280.0	33.0	13.0290530765	7.39845379112
2280.0	34.0	-0.11217790343	11.4504198707
2280.0	37.0	6.21713933834	9.64662910442
2280.0	38.0	1.7121336668	9.80366725263
2290.0	33.0	13.5712111989	7.39845379112
2290.0	37.0	6.23271375645	9.28052497166
2290.0	38.0	2.51295340893	9.70390745635
2300.0	33.0	14.1057925773	7.4108641007
2300.0	37.0	6.2402905004	8.9139435193
2300.0	38.0	3.29861966316	9.64829972302
2310.0	33.0	14.5723937254	7.53544451615
2310.0	37.0	6.24786724434	8.54736206694
2310.0	38.0	4.0844963825	9.59245332988
2320.0	33.0	15.0392053385	7.6600249316
2320.0	37.0	6.21293003615	8.21467030614
2320.0	38.0	4.89078821748	9.4962734306
2330.0	37.0	6.14979050326	7.90441256651
2330.0	38.0	5.71076028458	9.37264765435
2340.0	37.0	6.08665097037	7.59415482688
2340.0	38.0	6.53094281679	9.24926053789
2350.0	37.0	5.9801556249	7.25525791129
2350.0	38.0	7.38816720829	9.15045538081
2360.0	37.0	5.84482655941	6.89726821172
2360.0	38.0	8.26117648302	9.06191259512
2370.0	37.0	5.70970795903	6.53927851215
2370.0	38.0	9.13418575775	8.97360846923
2380.0	37.0	5.70570912195	6.25694396909
2380.0	38.0	9.94089852294	8.87814454934
2390.0	37.0	5.73475330708	5.99370221
2390.0	38.0	10.7478217532	8.78268062945
2400.0	37.0	5.7637974922	5.73022179112
2400.0	38.0	11.5545345184	8.68721670957
2410.0	38.0	12.3486193771	8.53542907695
2420.0	38.0	13.1424937706	8.38340278453
2440.0	40.0	14.8861972038	6.56314449212
2440.0	41.0	15.2806088193	9.02134042917
2450.0	40.0	14.1817704819	6.80180429183
2450.0	41.0	14.5063076809	9.02134042917
2460.0	40.0	13.4771332949	7.04046409155
2460.0	41.0	13.7320065426	9.02134042917
2470.0	40.0	12.7350333183	7.23998368411
2470.0	41.0	12.9579158694	9.02134042917
2480.0	40.0	11.9889345047	7.43544606007
2480.0	41.0	12.150782174	9.19627806236
2490.0	40.0	11.2800880155	7.61229297166
2490.0	41.0	11.3400705717	9.39078579912
2500.0	40.0	10.5872368746	7.78126410986
2500.0	41.0	10.5354624576	9.59818116508
2510.0	40.0	9.89270201284	7.93400638167
2510.0	41.0	9.75505783114	9.85664972817
2520.0	40.0	9.19395784888	8.04856308554
2520.0	41.0	8.97465320465	10.1151182913
2530.0	40.0	8.49521368492	8.1631197894
2530.0	41.0	8.2258183446	10.3807466483
2540.0	40.0	7.75921719656	8.20989711014
2540.0	41.0	7.48498115872	10.648045624
2550.0	40.0	7.01374977827	8.23972958511
2550.0	41.0	6.75845560029	10.9337214043
2560.0	40.0	6.30553468438	8.29581463804
2560.0	41.0	6.06581492452	11.2618786289
2570.0	40.0	5.65309284454	8.39127855792
2570.0	41.0	5.37296378363	11.5900358535
2580.0	40.0	5.0006510047	8.48674247781
2580.0	41.0	4.72031147868	11.8890765825
2590.0	40.0	4.30548474761	8.54736206694
2590.0	41.0	4.07207894103	12.1850147342
2600.0	40.0	3.54633709719	8.55595381973
2600.0	41.0	3.44110454238	12.498613711
2610.0	40.0	2.78718944677	8.56454557252
2610.0	41.0	2.8360173522	12.8387039256
2620.0	40.0	2.05645458615	8.660486812
2620.0	41.0	2.23093016203	13.1787941402
2630.0	40.0	1.34445112029	8.81489970242
2630.0	41.0	1.62584297186	13.5188843548
2640.0	40.0	0.632658119534	8.96931259283
2640.0	41.0	1.02075578168	13.8589745694
2650.0	40.0	-0.0791348812192	9.12372548325
2730.0	43.0	15.2345169602	9.04711568754
2740.0	43.0	14.51409489	9.03780795535
2750.0	43.0	13.7934623546	9.02873888296
2760.0	43.0	13.0825112143	9.04997960513
2770.0	43.0	12.4090228635	9.19317548496
2780.0	43.0	11.7355345127	9.33637136479
2790.0	43.0	11.0732008127	9.60199972187
2800.0	43.0	10.4154973451	9.92037189469
2810.0	43.0	9.75211131961	10.2096275719
2820.0	43.0	9.07546599216	10.4311038661
2830.0	43.0	8.39903112983	10.65281882
2840.0	43.0	7.74511603422	10.8998317127
2840.0	45.0	-0.0380941848422	13.2785539365
2850.0	43.0	7.11372070534	11.1726198638
2850.0	45.0	0.57330695862	12.9945487748
2860.0	43.0	6.48232537647	11.4454080149
2860.0	45.0	1.18470810208	12.7103049533
2870.0	43.0	5.86797772147	11.6878863714
2870.0	45.0	1.82767901199	12.4246291731
2880.0	43.0	5.2607858802	11.9174770987
2880.0	45.0	2.48433015402	12.1382374134
2890.0	43.0	4.64896380652	12.1408626712
2890.0	45.0	3.1376138543	11.8556642106
2900.0	43.0	3.99504871091	12.311504428
2900.0	45.0	3.77742778756	11.5883652349
2910.0	43.0	3.34113361531	12.481907525
2910.0	45.0	4.41724172082	11.3210662592
2920.0	43.0	2.6960580543	12.6530266014
2920.0	45.0	5.13366495399	11.0938621299
2930.0	43.0	2.07202900426	12.8258162964
2930.0	45.0	5.88292074425	10.8838415061
2940.0	43.0	1.44778948911	12.9988446512
2940.0	45.0	6.61386606998	10.6740595422
2950.0	43.0	0.823760439074	13.1716343462
2950.0	45.0	7.27156953756	10.4652322174
2960.0	48.0	14.7073018606	9.00702084119
2970.0	48.0	14.1095809493	8.97838166522
2980.0	48.0	13.511860038	8.94974248925
2990.0	48.0	12.989696101	9.06453785292
3000.0	48.0	12.4673216989	9.17957187638
3010.0	48.0	11.920322879	9.33756466379
3020.0	48.0	11.3152356888	9.59603322688
3030.0	48.0	10.7101484986	9.85474044977
3040.0	48.0	10.1128485175	10.0595105579
3050.0	48.0	9.51660086194	10.2583141711
3060.0	48.0	8.91530204374	10.4342064435
3070.0	48.0	8.30916252802	10.5869487153
3080.0	48.0	7.70302301229	10.7396909871
3090.0	48.0	7.01732768513	10.8859894443
3100.0	48.0	6.33163235797	11.0322879016
3110.0	48.0	5.64593703081	11.1785863588
3110.0	51.0	14.7830693001	8.32922701
3120.0	48.0	4.99328472587	11.3454095588
3120.0	51.0	13.6057274769	7.97672648582
3130.0	48.0	4.34442079289	11.514380697
3130.0	51.0	12.602019369	7.16886306379
3140.0	48.0	3.70418592941	11.6499394632
3140.0	51.0	11.7439531171	6.95597852245
3150.0	48.0	3.07279060053	11.7523245173
3150.0	51.0	11.0433147672	6.93927233647
3160.0	48.0	2.43718596946	11.8518456538
3160.0	51.0	10.4365438561	7.00967697738
3170.0	48.0	1.79526738511	11.9473095737
3170.0	51.0	10.4232845542	7.14189450642
3180.0	48.0	1.15755810294	12.0566157619
3180.0	51.0	10.4759008316	7.28103316966
3190.0	48.0	0.526162774064	12.1869240126
3190.0	51.0	10.8017008213	7.50680534019
3200.0	48.0	-0.105232554813	12.3169936034
3200.0	51.0	11.4282554527	7.68794812817
3210.0	51.0	12.1648833364	7.34475533618
3220.0	51.0	12.732507737	7.17984141458
3230.0	51.0	13.1873228389	7.13354141344
3240.0	51.0	13.6421379408	7.08748007209
3250.0	51.0	13.964991419	7.1612259502
3260.0	51.0	14.1556728083	7.35525636737
3270.0	51.0	14.3465646627	7.54904812474
3280.0	51.0	14.5372460521	7.7430785419
3610.0	56.0	11.0454194183	8.44259041486
3620.0	56.0	11.0060624428	8.62158526465
3630.0	56.0	10.9664950021	8.80058011443
3640.0	56.0	10.9271380266	8.97957496422
3650.0	56.0	10.9231391896	9.1626270306
3660.0	56.0	10.9231391896	9.34639507638
3670.0	56.0	10.906722911	9.44997342945
3680.0	56.0	10.8517915174	9.36691981915
3690.0	56.0	10.7968601238	9.28386620885
3690.0	57.0	15.2557739363	9.70032755935
3700.0	56.0	10.6956264061	9.14234094762
3700.0	57.0	14.7043553491	9.82371467581
3710.0	56.0	10.5941822232	9.00105434619
3710.0	57.0	14.1527262968	9.94710179226
3720.0	56.0	10.4929485055	8.85952908496
3720.0	57.0	13.6010972444	10.0707275685
3730.0	57.0	13.043575169	10.1848069528
3740.0	57.0	12.4845798379	10.2967383988
3750.0	57.0	11.9255845067	10.4086698449
3760.0	57.0	11.3590124316	10.5392167553
3770.0	57.0	10.7878101241	10.6824126352
3780.0	57.0	10.2166078166	10.825608515
3790.0	57.0	9.64161713706	10.9666564566
3800.0	57.0	9.03295204002	11.0893275937
3810.0	57.0	8.42428694298	11.2117600709
3820.0	57.0	7.81562184594	11.334431208
3830.0	57.0	7.20695674891	11.4568636852
3840.0	58.0	14.6574216297	9.51560487437
3850.0	58.0	13.8906972353	9.67765487838
3860.0	58.0	13.1239728409	9.83970488239
3870.0	58.0	12.4250182119	9.93516880227
3880.0	58.0	11.7711031162	9.98624199941
3890.0	58.0	11.1169775555	10.0373151965
3900.0	58.0	10.4359124608	10.0623744755
3910.0	58.0	9.74769155231	10.0805126203
3920.0	58.0	9.05505087653	10.1198914872
3930.0	58.0	8.3438892711	10.2435172635
3940.0	58.0	7.63272766568	10.36690438
3950.0	58.0	6.9137788512	10.5129641774
3960.0	58.0	6.17715096751	10.7117677905
3990.0	62.0	3.37859640482	7.15549811501
4000.0	61.0	8.1492090447	10.2461425213
4000.0	62.0	3.68819058108	7.43640069927
4010.0	61.0	8.4859532201	10.1411322094
4010.0	62.0	3.99757429223	7.71706462373
4020.0	61.0	8.8226973955	10.0361218975
4020.0	62.0	4.30716846849	7.997967208
4020.0	63.0	14.8419995308	10.3960208755
4030.0	61.0	9.18385552362	9.93039560628
4030.0	62.0	4.73630682701	8.27839247266
4030.0	63.0	14.2611158282	10.5201239714
4040.0	61.0	9.64309039282	9.82204405721
4040.0	62.0	5.28541029803	8.55857907752
4040.0	63.0	13.6802321257	10.6442270672
4050.0	61.0	10.102325262	9.71345384834
4050.0	62.0	5.8292521413	8.8304125894
4050.0	63.0	13.1246042362	10.796969339
4060.0	61.0	10.5485112944	9.57025796851
4060.0	62.0	6.35162654339	9.06907238911
4060.0	63.0	12.5689763468	10.9497116109
4070.0	61.0	10.9946973268	9.42706208868
4070.0	62.0	6.87421141059	9.30773218882
4070.0	63.0	12.0133484574	11.0499487267
4080.0	61.0	11.3642740593	9.22587187752
4080.0	62.0	7.38985092917	9.54352807094
4080.0	63.0	11.457720568	11.0976806867
4090.0	61.0	11.6570310268	8.96644867523
4090.0	62.0	7.88991602964	9.77216415907
4090.0	63.0	10.9020926786	11.1454126466
4100.0	61.0	11.9432635759	8.70941207094
4100.0	62.0	8.389770665	10.0008002472
4100.0	63.0	10.2949008373	11.2189198649
4110.0	61.0	12.2027670561	8.46287649784
4110.0	62.0	8.80207181476	10.3599832458
4110.0	63.0	9.68791946117	11.2921884234
4120.0	61.0	12.4622705363	8.21634092473
4120.0	62.0	9.20469156947	10.7334858323
4120.0	63.0	9.11671715365	11.3840724463
4130.0	61.0	12.6735775063	7.96932803203
4130.0	62.0	9.57237411599	10.9676110958
4130.0	63.0	8.59918344908	11.5034023462
4140.0	61.0	12.6910461104	7.72064452073
4140.0	62.0	9.91669503534	11.1084203777
4140.0	63.0	8.08186020962	11.622732246
4150.0	61.0	12.7085147145	7.47196100943
4150.0	62.0	10.2742752566	11.1494698632
4150.0	63.0	7.53465092459	11.7420621459
4160.0	61.0	12.5371961153	7.42971822488
4160.0	62.0	10.6512182679	11.0399250151
4160.0	63.0	6.98744163957	11.8613920458
4170.0	61.0	12.3187333315	7.43878729727
4170.0	62.0	11.0283717444	10.9306188269
4170.0	63.0	6.44023235454	11.9807219456
4180.0	61.0	12.1000600826	7.44809502946
4180.0	62.0	11.1839054604	10.5986430455
4180.0	63.0	5.91806841756	12.0690260715
4190.0	62.0	11.3394391764	10.2664286043
4190.0	63.0	5.39569401547	12.1575688572
4200.0	62.0	11.3063961542	9.99984560799
4200.0	63.0	4.87353007849	12.2458729831
4210.0	62.0	11.1923240648	9.76118580828
4220.0	62.0	11.0784624405	9.52252600857
4270.0	66.0	11.244519412	7.96694143403
4280.0	66.0	10.8427415177	8.11156927266
4280.0	67.0	15.2242041699	7.17315894019
4290.0	66.0	10.4409636234	8.25619711129
4290.0	67.0	14.4496925665	7.10633419627
4300.0	66.0	10.0391857291	8.40082494991
4300.0	67.0	13.675180963	7.03950945235
4310.0	66.0	9.48061132819	8.74974557709
4310.0	67.0	12.8878309879	6.9927321316
4320.0	66.0	8.92203692725	9.09842754448
4320.0	67.0	12.070174037	6.9927321316
4330.0	66.0	8.33105089942	9.3268249728
4330.0	67.0	11.2525170861	6.9927321316
4340.0	66.0	7.69123696616	9.37455693274
4340.0	67.0	10.467061297	7.06242079312
4350.0	66.0	7.05142303289	9.42228889269
4350.0	67.0	9.69549620512	7.1617032698
4360.0	66.0	6.44823002871	9.34448579798
4360.0	67.0	8.95886832143	7.29248884004
4370.0	66.0	5.84924632671	9.25260177509
4370.0	67.0	8.30411136538	7.4955883296
4380.0	66.0	5.27215099612	9.15546723661
4380.0	67.0	7.64914394423	7.69892647896
4390.0	66.0	4.74598822206	9.04520640914
4390.0	67.0	7.00364745301	7.93448370127
4400.0	66.0	4.21982544799	8.93494558167
4400.0	67.0	6.36404398486	8.19152030556
4410.0	66.0	3.75596034638	8.79270434104
4410.0	67.0	5.72465098181	8.44855690986
4420.0	66.0	3.31882431368	8.63662083203
4420.0	67.0	4.98381379593	8.68721670957
4430.0	66.0	2.87663711836	8.492470313
4430.0	67.0	4.24297661005	8.92587650928
4440.0	66.0	2.38835806403	8.45428474505
4440.0	67.0	3.51224174943	9.15069404061
4450.0	66.0	1.9000790097	8.4160991771
4450.0	67.0	2.79181967918	9.36190796336
4460.0	66.0	1.53113367253	8.48149196222
4460.0	67.0	2.07139760893	9.57312188611
4470.0	66.0	1.24174414679	8.61561876966
4470.0	67.0	1.4059069323	9.89483529612
4480.0	66.0	0.952354621056	8.74998423689
4480.0	67.0	0.746519743842	10.2289590157
4490.0	66.0	0.66296509532	8.88411104433
4490.0	67.0	0.0869220902753	10.5630827353
4530.0	72.0	7.18191140086	7.59367750728
4540.0	72.0	6.9880730349	7.92660792788
4550.0	72.0	6.79423466893	8.25953834848
4560.0	72.0	6.60039630297	8.59246876908
4570.0	72.0	6.31584747475	8.93780949927
4580.0	72.0	5.94100911451	9.29579919884
4590.0	72.0	5.56617075427	9.65378889841
4600.0	72.0	5.1580789067	9.98695797881
4610.0	72.0	4.67232543369	10.2623713877
4620.0	72.0	4.18657196067	10.5377847965
4630.0	72.0	3.67261616297	10.7680915033
4640.0	72.0	3.1464533889	10.979305426
4640.0	75.0	-0.100391857291	11.4814456446
4650.0	72.0	2.62071154506	11.1816889362
4650.0	75.0	0.466180217821	11.2976775988
4660.0	72.0	2.09875807319	11.305792032
4660.0	75.0	1.03296275804	11.1141482129
4670.0	72.0	1.57680460131	11.4298951279
4670.0	75.0	1.59953483315	10.9306188269
4680.0	72.0	1.1259883365	11.5272683262
4680.0	75.0	2.1755778382	11.0060353236
4690.0	72.0	0.722526721344	11.6067420395
4690.0	75.0	2.76488014515	11.0470848091
4700.0	72.0	0.319275571302	11.6864544126
4700.0	75.0	3.45773128604	10.859020887
4710.0	72.0	-0.0841860438502	11.7659281259
4710.0	75.0	4.10912080033	10.859020887
4720.0	75.0	4.77461147696	10.8544863508
4730.0	75.0	5.49608587276	10.8318136698
4740.0	75.0	6.21040445483	10.799355937
4750.0	75.0	6.85947885292	10.6800260372
4760.0	75.0	7.50834278589	10.5606961373
4770.0	75.0	8.07807183765	10.2819414913
4780.0	75.0	8.61370554164	9.93469148267
4790.0	75.0	9.05694506252	9.4960347708
4800.0	75.0	9.31097644983	8.8256393934
4810.0	75.0	9.50565667624	8.14951618082
4820.0	75.0	9.70370434439	7.53186461916
4830.0	75.0	9.7234880647	6.86600377796
4840.0	75.0	9.61446713791	6.22353159713
4850.0	75.0	9.25099389359	5.64860013962
4860.0	75.0	8.88057530065	5.0834537339
4870.0	75.0	8.44912182592	4.60613413447
4880.0	75.0	8.01766835118	4.12881453504
4910.0	79.0	0.0841860438502	8.32922701
4910.0	80.0	-0.0391465103903	8.82134351701
4920.0	79.0	0.538369750422	8.32922701
4920.0	80.0	0.47207324089	8.86668887895
4930.0	79.0	1.00013020094	8.3246924738
4930.0	80.0	0.983082527061	8.9122729007
4940.0	79.0	1.53008134698	8.28054041086
4940.0	80.0	1.49598599922	8.94592393246
4950.0	79.0	2.06024295812	8.23638834791
4950.0	80.0	2.0095208667	8.97456310842
4960.0	79.0	2.58177549978	8.17815535678
4960.0	80.0	2.52263480397	8.97360846923
4960.0	82.0	14.9430227834	9.93039560628
4960.0	83.0	15.153487893	8.93279764347
4970.0	79.0	3.09025920463	8.09844298368
4970.0	80.0	3.03364409014	8.85427856937
4970.0	82.0	14.3116274545	10.0597492177
4970.0	83.0	14.5220925642	9.01799919197
4980.0	79.0	3.5989533746	8.01896927037
4980.0	80.0	3.54486384142	8.73494866951
4980.0	82.0	13.6802321257	10.189341489
4980.0	83.0	13.8906972353	9.10320074047
4990.0	79.0	4.15521265934	7.87410277195
4990.0	80.0	4.01988359385	8.59962856307
4990.0	82.0	13.0488367968	10.3189337602
4990.0	83.0	13.2593019064	9.18840228897
5000.0	79.0	4.71147194408	7.72923627352
5000.0	80.0	4.45723009165	8.43805587867
5000.0	82.0	12.4490112343	10.4353997425
5000.0	83.0	12.5978100669	9.29914043603
5010.0	79.0	5.27004634502	7.59105224949
5010.0	80.0	4.96003123854	8.26550484348
5010.0	82.0	11.8626554389	10.5461378895
5010.0	83.0	11.9363182273	9.4101172429
5010.0	84.0	0.17973720362	11.6019688435
5020.0	79.0	5.83830214101	7.47959812302
5020.0	80.0	5.5188161046	8.12493422144
5020.0	82.0	11.2765101086	10.6571146964
5020.0	83.0	11.2824031317	9.54138013274
5020.0	84.0	0.925204621914	11.3931415187
5030.0	79.0	6.406557937	7.36814399655
5030.0	80.0	6.16199747962	8.03233421916
5030.0	82.0	10.6564798957	10.7635569671
5030.0	83.0	10.6581636165	9.75545797309
5030.0	84.0	1.6704615751	11.184314194
5040.0	79.0	6.97334047722	7.2490527565
5040.0	80.0	6.71909862479	7.98913679541
5040.0	82.0	10.0328717758	10.8695219181
5040.0	83.0	10.0341345665	9.96929715363
5040.0	84.0	2.40456387747	10.9485183119
5050.0	79.0	7.53465092459	7.09869708268
5050.0	80.0	7.21895326016	7.97911308382
5050.0	82.0	9.40589621427	10.9869425396
5050.0	83.0	9.40084505164	10.1721579834
5050.0	84.0	3.13361501721	10.7012667594
5060.0	79.0	8.09596137197	6.94858006866
5060.0	80.0	7.7316462672	7.94737133046
5060.0	82.0	8.76481949036	11.149708523
5060.0	83.0	8.7460880956	10.349004895
5060.0	84.0	3.86287662207	10.4542538666
5070.0	79.0	8.65137879627	6.84261511758
5070.0	80.0	8.29527183078	7.8280414306
5070.0	82.0	8.12395323155	11.3124745064
5070.0	83.0	8.09112067444	10.5258518066
5070.0	84.0	4.60855450547	10.1998425202
5080.0	79.0	9.20132412772	6.78104088926
5080.0	80.0	8.85910785947	7.70871153074
5080.0	82.0	7.44583464833	11.4451693551
5080.0	83.0	7.46309278732	10.6490002632
5080.0	84.0	5.35591610975	9.94471519426
5090.0	79.0	9.75126945917	6.71946666093
5090.0	80.0	9.41452528377	7.61873678625
5090.0	82.0	6.76771606512	11.5776255439
5090.0	83.0	6.85274396941	10.7365884097
5090.0	84.0	6.10348817914	9.68958786837
5100.0	79.0	10.3047926975	6.6593243914
5100.0	80.0	9.95773573171	7.57243678511
5100.0	82.0	6.09864748162	11.7062631759
5100.0	83.0	6.24239515149	10.8239378964
5100.0	84.0	6.90325559572	9.61321673246
5110.0	79.0	10.8635775635	6.60180737967
5110.0	80.0	10.5009461797	7.52613678396
5110.0	82.0	5.4510463393	11.8255930758
5110.0	83.0	5.60489633444	10.9525755284
5110.0	84.0	7.70302301229	9.53684559655
5120.0	79.0	11.4223624296	6.54429036794
5120.0	80.0	11.0460508136	7.48246204062
5120.0	82.0	4.80344519698	11.9449229757
5120.0	83.0	4.94908705284	11.1086590375
5120.0	84.0	8.49647647558	9.46333837824
5130.0	79.0	11.9941961324	6.47126046923
5130.0	80.0	11.595996145	7.44379915306
5130.0	82.0	4.14174289232	12.026783287
5130.0	83.0	4.29348823636	11.2647425465
5130.0	84.0	9.28382645069	9.39269507752
5130.0	86.0	-0.163320925069	8.29175742144
5140.0	79.0	12.578868207	6.38271768354
5140.0	80.0	12.1459414765	7.40537492531
5140.0	82.0	3.47414756459	12.0926533917
5140.0	83.0	3.64651848937	11.3795379101
5140.0	84.0	10.0711764258	9.32181311701
5140.0	86.0	0.548261610575	8.36001412416
5150.0	79.0	13.1633298164	6.29441355764
5150.0	80.0	12.7040949472	7.35621100657
5150.0	82.0	2.80634177175	12.1585234964
5150.0	83.0	2.99954874238	11.4945719336
5150.0	84.0	10.8631566333	9.25642033189
5150.0	86.0	1.25984414622	8.42803216708
5160.0	79.0	13.7637867742	6.20276819455
5160.0	80.0	13.2948705099	7.26432698368
5160.0	82.0	2.20525341866	12.2494528801
5160.0	83.0	2.35089527452	11.6055487405
5160.0	84.0	11.6566100966	9.19198218596
5160.0	86.0	2.02046505241	8.50416464319
5170.0	79.0	14.3680321039	6.11040685206
5170.0	80.0	13.8858565378	7.17268162059
5170.0	82.0	1.62058134412	12.3465874186
5170.0	83.0	1.69845343468	11.7069791553
5170.0	84.0	12.4429077462	9.13947703003
5170.0	86.0	2.80213246955	8.58387701629
5180.0	79.0	14.9722774337	6.01804550957
5180.0	80.0	14.431592567	7.0786496595
5180.0	82.0	1.03254182782	12.4554162872
5180.0	83.0	1.04601159484	11.8084095702
5180.0	84.0	13.2016344664	9.13303321543
5180.0	86.0	3.58843011912	8.65141773961
5190.0	80.0	14.9472320856	6.98318573962
5190.0	82.0	0.412722079976	12.6675848492
5190.0	83.0	0.393569755	11.9098399851
5190.0	84.0	13.9605716517	9.12682806064
5190.0	86.0	4.37767428021	8.71108268954
5200.0	82.0	-0.206887202762	12.8797534111
5200.0	83.0	-0.258872084839	12.0112704
5200.0	84.0	14.7192983719	9.12062290585
5200.0	86.0	5.18123006876	8.73494866951
5210.0	84.0	15.4780250921	9.11417909126
5210.0	86.0	5.99446725235	8.73494866951
5220.0	86.0	6.76455908847	8.71251464834
5230.0	86.0	7.47024860105	8.65642959541
5230.0	87.0	5.09788588535	11.2179652257
5240.0	87.0	5.61247307838	11.1559136778
5250.0	87.0	6.12684980631	11.0941007897
5260.0	87.0	6.64143699934	11.0322879016
5270.0	87.0	7.14865791354	10.9320507857
5280.0	87.0	7.6550369673	10.8277564532
5290.0	87.0	8.16141602106	10.7232234609
5300.0	87.0	8.68442181848	10.6363512938
5300.0	91.0	2.64912433486	8.87528063174
5310.0	87.0	9.21437296452	10.5566389207
5310.0	91.0	3.18854641083	9.00940743918
5320.0	87.0	9.74453457566	10.4771652074
5320.0	91.0	3.72775802169	9.14377290642
5330.0	87.0	10.2618578151	10.3876677825
5330.0	91.0	4.26718009766	9.27789971386
5340.0	87.0	10.7793915197	10.2981703576
5340.0	91.0	4.8213347313	9.39460435592
5350.0	87.0	11.2971356894	10.1688167462
5350.0	91.0	5.3853812251	9.49961466779
5360.0	87.0	11.8150903242	10.0127332372
5360.0	91.0	5.95910911394	9.59913580427
5370.0	87.0	12.3332554241	9.85664972817
5370.0	91.0	6.62060095349	9.65044766121
5380.0	87.0	12.8594181981	9.66381261
5380.0	91.0	7.11372070534	9.63230951643
5390.0	87.0	13.3855809722	9.47121415163
5390.0	91.0	7.57674394652	9.59173735048
5400.0	87.0	13.8976425839	9.29174198224
5400.0	91.0	8.2081392754	9.5798043605
5410.0	87.0	14.3888681498	9.13279455563
5410.0	91.0	8.83764041829	9.55498374133
5410.0	92.0	0.360316267679	12.52367299
5410.0	93.0	0.51121975128	13.6188828108
5420.0	87.0	14.8798832505	8.97360846923
5420.0	91.0	9.45935435212	9.47908992502
5420.0	92.0	1.07063601267	12.4241518535
5420.0	93.0	1.02222903745	13.4315348681
5430.0	87.0	15.3708983513	8.81442238282
5430.0	91.0	10.0812787511	9.40319610871
5430.0	92.0	1.78095575765	12.3248693768
5430.0	93.0	1.53344878873	13.2439482655
5440.0	91.0	10.6394322218	9.25785229068
5440.0	92.0	2.56409643057	12.1444425682
5440.0	93.0	2.01436156423	13.1074348601
5450.0	91.0	11.1975856925	9.11274713246
5450.0	92.0	3.35502431254	11.955185347
5450.0	93.0	2.46538829415	13.0222333116
5460.0	91.0	11.7199600946	8.87933784834
5460.0	92.0	4.14616265962	11.7659281259
5460.0	93.0	2.91641502408	12.9370317631
5470.0	91.0	12.2269705437	8.60798165606
5470.0	92.0	4.7775579885	11.5699884303
5470.0	93.0	3.44952314676	12.8279642346
5480.0	91.0	12.5858135556	8.31729402001
5480.0	92.0	5.40895331738	11.3738100749
5480.0	93.0	4.01777894275	12.7086343347
5490.0	91.0	12.7962786652	8.00703628039
5490.0	92.0	6.08054748219	11.148515224
5490.0	93.0	4.58603473874	12.5893044349
5500.0	91.0	12.8105902927	7.66742338539
5500.0	92.0	6.91335792098	10.8060384114
5500.0	93.0	5.10819867572	12.3971832961
5510.0	91.0	12.6289589031	7.29869399484
5510.0	92.0	7.74595789466	10.4635615988
5510.0	93.0	5.6105788924	12.1740363834
5520.0	91.0	12.356196121	6.97817388382
5520.0	92.0	8.50363228931	10.1544971582
5520.0	93.0	6.11295910907	11.9506508109
5530.0	91.0	11.8710740433	6.77077851787
5530.0	92.0	9.25288807958	9.84901261457
5530.0	93.0	6.6296509532	11.7563817339
5540.0	91.0	11.3861624307	6.56314449212
5540.0	92.0	9.99709270721	9.52252600857
5540.0	93.0	7.15581372727	11.5814441007
5550.0	91.0	10.7930717518	6.46553263404
5550.0	92.0	10.7337205909	9.164536309
5550.0	93.0	7.68197650133	11.4062678077
5560.0	91.0	10.1999810729	6.36792077595
5560.0	92.0	11.4823449858	8.80559197023
5560.0	93.0	8.17993695071	11.178347699
5570.0	91.0	9.55595783744	6.34071355879
5570.0	92.0	12.2783240304	8.44235175506
5570.0	93.0	8.6587450751	10.9148672801
5580.0	91.0	8.89930669541	6.3311671668
5580.0	92.0	13.0745135402	8.0791115399
5580.0	93.0	9.13776366461	10.651625521
5590.0	91.0	8.25465206462	6.26577438168
5590.0	92.0	13.8511297947	7.81944967781
5590.0	93.0	9.64224853238	10.3766894317
5600.0	91.0	7.63841022364	6.06959602631
5600.0	92.0	14.6256413981	7.57124348611
5600.0	93.0	10.1574671207	10.0969801465
5610.0	91.0	7.02195791755	5.87365633075
5610.0	92.0	15.4001530015	7.32303729441
5610.0	93.0	10.6726857091	9.81703220141
5620.0	91.0	6.50821258495	5.6669769442
5620.0	93.0	11.1967438321	9.52252600857
5630.0	91.0	6.09675329563	5.45003518626
5630.0	93.0	11.7229066061	9.22420125892
5640.0	91.0	5.68550447142	5.23309342832
5640.0	93.0	12.2490693802	8.92587650928
5650.0	93.0	12.78617634	8.68793268897
5660.0	93.0	13.3304391135	8.49056103461
5670.0	93.0	13.874701887	8.29295072044
5670.0	96.0	0.228986039273	11.4671260566
5680.0	93.0	14.3996018704	8.19581618196
5680.0	96.0	0.742520906759	11.2857446088
5690.0	93.0	14.9162937145	8.14164040742
5690.0	96.0	1.25605577425	11.1043631611
5700.0	93.0	15.4327750935	8.08722597309
5700.0	96.0	1.73675808463	10.9265616103
5710.0	96.0	2.20356969778	10.7499533585
5720.0	96.0	2.69395340321	10.5933925299
5730.0	96.0	3.22011617727	10.4659481968
5740.0	96.0	3.74627895133	10.3387425236
5750.0	96.0	4.29580335257	10.2093889121
5760.0	96.0	4.88047542711	10.0766940635
5770.0	96.0	5.46514750165	9.94423787466
5780.0	96.0	6.00877887981	9.80509921143
5790.0	96.0	6.53494165387	9.6635739502
5800.0	96.0	7.06110442794	9.52181002917
5810.0	96.0	7.55022534271	9.35379353017
5820.0	96.0	8.00230439818	9.1592857934
5830.0	96.0	8.45438345366	8.96477805664
5840.0	96.0	8.9691811118	8.7425857831
5850.0	96.0	9.49955318806	8.51347237538
5860.0	96.0	10.0385543338	8.29128010184
5870.0	96.0	10.5973391999	8.08555535449
5880.0	96.0	11.1561240659	7.87983060714
5890.0	96.0	11.7370077685	7.67696977738
5900.0	96.0	12.3507240282	7.47792750442
5910.0	96.0	12.9646507529	7.27912389126
5920.0	96.0	13.540693758	7.10943677366
5930.0	96.0	14.116736763	6.93998831587
