110.0	11.0	15.063198361	5.37485734935
120.0	11.0	14.5801809344	5.42378260829
130.0	11.0	14.0973739729	5.47294652703
140.0	11.0	13.6145670115	5.52211044577
150.0	11.0	13.0921926094	5.4951418884
160.0	11.0	12.5529809985	5.43547693847
170.0	11.0	12.0135589225	5.37581198855
180.0	11.0	11.4949728924	5.38392642174
190.0	11.0	10.997012443	5.45958157824
200.0	11.0	10.4990519937	5.53523673475
210.0	11.0	10.0013020094	5.61089189126
220.0	11.0	9.51407528062	5.72664189412
230.0	11.0	9.04305436528	5.90277282631
240.0	11.0	8.57203344994	6.0789037585
250.0	11.0	8.10080206949	6.25527335049
260.0	11.0	7.63988347941	6.4115955193
270.0	11.0	7.21895326016	6.48939861401
280.0	11.0	6.7980230409	6.56696304892
290.0	11.0	6.37709282165	6.64476614362
300.0	11.0	5.9561626024	6.72233057853
310.0	11.0	5.49734866342	6.75693624949
320.0	11.0	5.03432542224	6.78676872445
330.0	11.0	4.57130218107	6.81660119942
330.0	17.0	-0.141222088559	5.55552281773
340.0	11.0	4.10827893989	6.84643367438
340.0	17.0	0.259293015059	5.57294498311
350.0	11.0	3.65472662865	6.9139743977
350.0	17.0	0.659597653566	5.59036714849
360.0	11.0	3.20222664295	6.98557233761
360.0	17.0	1.06011275718	5.60802797367
370.0	11.0	2.74972665726	7.05717027753
370.0	17.0	1.46041739569	5.62545013905
380.0	11.0	2.29722667156	7.12876821744
380.0	17.0	1.85672319712	5.62712075764
390.0	11.0	1.84241156966	7.25191667409
390.0	17.0	2.25050341723	5.61829034505
400.0	11.0	1.38738600265	7.38103162574
400.0	17.0	2.64407317223	5.60945993246
410.0	11.0	0.932360435641	7.51014657738
410.0	17.0	3.03764292723	5.60062951988
420.0	11.0	0.507852309526	7.6650367874
420.0	17.0	3.43142314733	5.59179910729
430.0	11.0	0.205834877214	7.92445998969
430.0	17.0	3.82793941387	5.58559395249
440.0	11.0	-0.0961825550989	8.18388319197
440.0	17.0	4.23687312187	5.59012848869
450.0	17.0	4.64559636476	5.59466302488
460.0	17.0	5.05431960766	5.59943622088
470.0	17.0	5.46325331566	5.60397075707
480.0	17.0	5.87197655855	5.60850529327
490.0	17.0	6.29732654511	5.68797900657
500.0	17.0	6.72267653166	5.76769137967
510.0	17.0	7.14802651821	5.84716509298
520.0	17.0	7.57316603966	5.92663880628
530.0	17.0	7.99599044489	5.9970434472
540.0	17.0	8.40850205976	6.03045581916
550.0	17.0	8.82101367463	6.06386819112
560.0	17.0	9.23352528949	6.09728056308
570.0	17.0	9.64603690436	6.13069293504
580.0	17.0	10.0659147981	6.17126510099
590.0	17.0	10.5152578071	6.23999912331
600.0	17.0	10.9643903511	6.30897180543
610.0	17.0	11.4137333601	6.37770582774
610.0	21.0	15.2561948665	2.82310677081
620.0	17.0	11.862865904	6.44667850986
620.0	21.0	14.7424495339	2.78802378025
630.0	17.0	12.3122089131	6.51541253218
630.0	21.0	14.2287042013	2.75294078969
640.0	17.0	12.7529228526	6.53784655335
640.0	21.0	13.7149588687	2.71785779914
650.0	17.0	13.1936367922	6.56004191472
650.0	21.0	13.1862705134	2.69112790157
660.0	17.0	13.6341402667	6.5824759359
660.0	21.0	12.6352728564	2.67728563319
670.0	17.0	14.0748542062	6.60490995707
670.0	21.0	12.0844856645	2.663204705
680.0	17.0	14.5155681458	6.62734397824
680.0	21.0	11.5334880075	2.64912377682
690.0	17.0	14.9562820853	6.64953933962
690.0	21.0	10.9898566293	2.71547120114
700.0	21.0	10.446014786	2.78181862546
710.0	21.0	9.90238340788	2.84792738998
720.0	21.0	9.36759156432	2.90735368011
730.0	21.0	8.84626948778	2.95604027925
740.0	21.0	8.32494741124	3.00496553819
750.0	21.0	7.80341486959	3.05365213733
760.0	21.0	7.28209279304	3.10257739627
770.0	21.0	6.76624280935	3.0791887359
780.0	21.0	6.25039282566	3.05580007553
790.0	21.0	5.73454284197	3.03241141516
800.0	21.0	5.21869285827	3.00902275479
810.0	21.0	4.70284287458	2.98563409442
820.0	21.0	4.19667428593	2.99183924921
830.0	21.0	3.69155802283	3.0013856412
840.0	21.0	3.18644175973	3.01093203318
850.0	21.0	2.68132549663	3.02047842517
860.0	21.0	2.17620923353	3.03002481716
870.0	21.0	1.66309529626	3.01594388898
880.0	21.0	1.14913949856	2.999237703
890.0	21.0	0.635394165959	2.98277017682
900.0	21.0	0.121438368254	2.96606399084
3050.0	65.0	-0.130488367968	4.62045372245
3060.0	65.0	0.374627895133	4.65219547581
3070.0	65.0	0.873009274727	4.65505939341
3080.0	65.0	1.34403019007	4.54145732875
3090.0	65.0	1.81673482629	4.43525371787
3100.0	65.0	2.30564527595	4.39682949012
3110.0	65.0	2.7943452605	4.35816660257
3120.0	65.0	3.28325571016	4.31974237481
3130.0	65.0	3.76227429967	4.27869288926
3140.0	65.0	4.24129288917	4.23740474391
3150.0	65.0	4.71378706028	4.20184443375
3160.0	65.0	5.12882425646	4.21497072274
3170.0	65.0	5.54407191776	4.22833567152
3180.0	65.0	5.95910911394	4.24146196051
3190.0	65.0	6.42465793643	4.26747587868
3200.0	65.0	6.94050792012	4.30590010643
3210.0	65.0	7.45656836892	4.34432433418
3210.0	68.0	3.02417316021	3.18324440858
3220.0	65.0	7.98778230562	4.37391814935
3220.0	68.0	2.8863185134	3.58657947009
3230.0	65.0	8.54214740437	4.38966969613
3230.0	68.0	2.7484638666	3.98967587181
3240.0	65.0	9.09630203802	4.40565990271
3240.0	68.0	2.60029642942	4.41854753189
3250.0	65.0	9.65971713648	4.40900113991
3250.0	68.0	2.42792550464	4.90660682231
3260.0	65.0	10.2368124671	4.39372691272
3260.0	68.0	2.23871737109	5.38774497853
3260.0	69.0	0.0	4.22427845493
3270.0	65.0	10.8139077977	4.37821402574
3270.0	68.0	1.89671156795	5.80539962803
3270.0	69.0	0.508694169965	4.28394340486
3280.0	65.0	11.3872147563	4.35816660257
3280.0	68.0	1.5547057648	6.22305427753
3280.0	69.0	1.01717787482	4.34360835478
3290.0	65.0	11.9521031105	4.32666350901
3290.0	68.0	1.165345312	6.53736923375
3290.0	69.0	1.5153487893	4.40088670672
3300.0	65.0	12.5172019299	4.29516041544
3300.0	68.0	0.755359278446	6.80753212703
3300.0	69.0	2.00636389006	4.45649444005
3310.0	65.0	13.0820902841	4.26389598168
3310.0	68.0	0.345583710005	7.0774563605
3310.0	69.0	2.49758945593	4.51234083318
3320.0	65.0	13.6324565458	4.25530422889
3320.0	68.0	-0.0641918584358	7.34761925378
3320.0	69.0	3.00965106765	4.5791655771
3330.0	65.0	14.1680902498	4.26986247667
3330.0	69.0	3.53581384171	4.65386609441
3340.0	65.0	14.7039344189	4.28442072446
3340.0	69.0	4.06197661577	4.72832795192
3350.0	65.0	15.2395681229	4.29874031244
3350.0	69.0	4.580773111	4.81520011902
3360.0	69.0	5.08820449031	4.92068775049
3370.0	69.0	5.59584633472	5.02593672217
3380.0	69.0	6.10348817914	5.13118569384
3390.0	69.0	6.63554397627	5.19753311816
3400.0	69.0	7.16759977341	5.26388054248
3410.0	69.0	7.69944510543	5.329989307
3420.0	69.0	8.23276369322	5.38893827753
3430.0	69.0	8.767976467	5.43667023747
3440.0	69.0	9.30318924078	5.48440219742
3450.0	69.0	9.83840201455	5.53213415736
3460.0	69.0	10.4154973451	5.49275529041
3470.0	69.0	10.9974333733	5.44359137166
3480.0	69.0	11.5793694014	5.39442745292
3490.0	69.0	12.1497298485	5.35337796737
3500.0	69.0	12.7085147145	5.32044291501
3510.0	69.0	13.2672995806	5.28750786265
3520.0	69.0	13.8696507243	5.29084909985
3530.0	69.0	14.5010460532	5.31853363661
3540.0	69.0	15.1324413821	5.34597951358
4300.0	82.0	15.232201844	5.0013547628
4310.0	82.0	14.7333995342	5.05433723833
4320.0	82.0	14.2343867593	5.10731971387
4330.0	82.0	13.7347425891	5.1657913648
4340.0	82.0	13.2266798144	5.27271095507
4350.0	82.0	12.7186170398	5.37963054534
4360.0	82.0	12.2097124047	5.48440219742
4370.0	82.0	11.697650793	5.5798661173
4380.0	82.0	11.1855891813	5.67533003719
4390.0	82.0	10.6891019877	5.76506612188
4400.0	82.0	10.2549124665	5.8321295256
4410.0	82.0	9.82093341046	5.89943158912
4420.0	82.0	9.3867438893	5.96649499284
4430.0	82.0	8.98917529722	6.12568107925
4440.0	82.0	8.59160670513	6.28462850585
4450.0	82.0	8.19403811305	6.44381459226
4460.0	82.0	7.79878463717	6.5788960389
4470.0	82.0	7.40689860305	6.67746253618
4480.0	82.0	7.01501256893	6.77626769326
4490.0	82.0	6.65701141746	6.89010841773
4500.0	82.0	6.33268468352	7.01922336937
4500.0	84.0	-0.0648232537647	5.23404806752
4510.0	82.0	6.0085684147	7.14809966122
4510.0	84.0	0.412932545085	5.21567126294
4520.0	82.0	5.68424168077	7.27721461286
4520.0	84.0	0.890477878826	5.19729445836
4530.0	82.0	5.35970448172	7.38485018253
4530.0	84.0	1.36802321257	5.17891765378
4540.0	82.0	5.03495681757	7.48699657681
4540.0	84.0	1.86093249931	5.17891765378
4550.0	82.0	4.71020915342	7.58938163089
4550.0	84.0	2.35384178605	5.17891765378
4560.0	82.0	4.39009172168	7.68412957137
4560.0	84.0	2.84675107279	5.17891765378
4570.0	82.0	4.08049754542	7.76145534648
4570.0	84.0	3.34576384772	5.17366713819
4580.0	82.0	3.77111383427	7.83854246179
4580.0	84.0	3.86919057536	5.14789187982
4590.0	82.0	3.46151965801	7.9158682369
4590.0	84.0	4.39240683788	5.12211662145
4600.0	82.0	3.18812548061	7.92350535049
4600.0	84.0	4.91583356552	5.09634136308
4610.0	82.0	2.91873014029	7.92350535049
4610.0	84.0	5.43378820031	5.14455064262
4620.0	82.0	2.65838479968	7.93161978368
4620.0	84.0	5.94648120736	5.26698311988
4630.0	82.0	2.41193015631	7.95214452645
4630.0	84.0	6.45917421441	5.38941559713
4640.0	82.0	2.16547551294	7.97266926923
4640.0	84.0	6.97186722146	5.51184807438
4650.0	82.0	1.91881040446	7.9929553522
4650.0	84.0	7.48561255405	5.61256250986
4660.0	82.0	1.57848832219	8.02111720857
4660.0	84.0	7.99998928198	5.69871869756
4670.0	82.0	1.22764298445	8.04999504433
4670.0	84.0	8.51457647501	5.78487488525
4680.0	82.0	0.87700811181	8.0791115399
4680.0	84.0	9.02895320294	5.87103107295
4690.0	82.0	0.560889517152	8.22135278053
4690.0	84.0	9.54396132619	5.9149444761
4700.0	82.0	0.268132549663	8.43924917767
4700.0	84.0	10.0591799146	5.95885787925
4710.0	82.0	-0.0246244178262	8.65714557481
4710.0	84.0	10.5741880378	6.00300994219
4720.0	84.0	11.0921426726	6.05408313933
4730.0	84.0	11.620831028	6.13355685264
4740.0	84.0	12.1497298485	6.21303056594
4750.0	84.0	12.678628669	6.29274293904
4760.0	84.0	13.1961623735	6.3314058266
4770.0	84.0	13.6871774743	6.27436613447
4780.0	84.0	14.1784030401	6.21756510213
4790.0	84.0	14.6694181409	6.1607640698
4800.0	84.0	15.1604332417	6.10396303747
4860.0	88.0	0.287705804858	4.14074752503
4870.0	88.0	0.694534861764	4.06914958511
4880.0	88.0	1.10136391867	3.9975516452
4890.0	88.0	1.50103716185	3.97464030443
4900.0	88.0	1.8935545913	4.0004155628
4910.0	88.0	2.28607202075	4.02619082117
4910.0	92.0	0.199941854144	4.68656248697
4920.0	88.0	2.6785894502	4.05196607953
4920.0	92.0	0.726104628208	4.71639496194
4930.0	88.0	3.13593013342	4.05721659513
4930.0	92.0	1.25226740227	4.7462274369
4940.0	88.0	3.60947663008	4.05721659513
4940.0	92.0	1.75254296785	4.73620372531
4950.0	88.0	4.08302312674	4.05721659513
4950.0	92.0	2.25008248701	4.72188413733
4960.0	88.0	4.53994287973	4.04027174935
4960.0	92.0	2.74762200616	4.70732588955
4970.0	88.0	4.98549751681	4.01234855278
4970.0	92.0	3.24684524619	4.71711094134
4980.0	88.0	5.431262619	3.98418669642
4980.0	92.0	3.74733127688	4.74288619971
4990.0	88.0	5.88797190688	3.97082174763
4990.0	92.0	4.24802777268	4.76866145807
5000.0	88.0	6.38845793757	4.01592844978
5000.0	92.0	4.74851380337	4.79443671644
5010.0	88.0	6.88894396826	4.06103515192
5010.0	92.0	5.26057541509	4.79706197424
5020.0	88.0	7.38964046406	4.10614185407
5020.0	92.0	5.77389981747	4.79706197424
5030.0	88.0	7.88991602964	4.10494855507
5030.0	92.0	6.28722421984	4.79706197424
5040.0	88.0	8.389770665	4.05721659513
5040.0	92.0	6.80054862222	4.79706197424
5050.0	88.0	8.88962530036	4.00948463519
5050.0	92.0	7.28440790925	4.73668104491
5060.0	88.0	9.38947993572	3.96175267524
5060.0	92.0	7.76069045233	4.661503208
5070.0	88.0	9.89480666393	3.92643102489
5070.0	92.0	8.23697299541	4.58608671129
5080.0	88.0	10.4060264152	3.90375834391
5080.0	92.0	8.7132555385	4.51067021458
5090.0	88.0	10.9170357014	3.88108566294
5090.0	92.0	9.18048808187	4.55840217453
5100.0	88.0	11.4282554527	3.85841298197
5100.0	92.0	9.64772062523	4.60613413447
5110.0	88.0	11.9310565996	3.84051349699
5110.0	92.0	10.1149531686	4.65386609441
5120.0	88.0	12.4144949564	3.8340696824
5120.0	92.0	10.582185712	4.70159805435
5130.0	88.0	12.8981437783	3.8276258678
5130.0	92.0	11.0494182553	4.7493300143
5140.0	88.0	13.3815821351	3.82118205321
5140.0	92.0	11.5486414954	4.86030682116
5150.0	88.0	13.8723867707	3.81402225922
5150.0	92.0	12.0478647354	4.97128362803
5160.0	88.0	14.3680321039	3.80614648583
5160.0	92.0	12.5470879754	5.0822604349
5170.0	88.0	14.8636774371	3.79850937224
5170.0	92.0	13.0463112155	5.19323724176
5180.0	88.0	15.3591123051	3.79087225865
5180.0	92.0	13.5436402695	5.27796147066
5190.0	92.0	14.0401274631	5.35146868897
5200.0	92.0	14.5366146567	5.42497590729
5210.0	92.0	15.0331018503	5.4982444658
6020.0	106.0	14.9777495265	4.44217485207
