830.0	3.0	12.49	6.6
840.0	3.0	11.94	6.77
850.0	3.0	11.03	6.84
850.0	6.0	11.84	5.82
860.0	3.0	10.21	6.81
860.0	6.0	10.91	5.92
870.0	3.0	9.36	6.85
870.0	6.0	10.0	5.89
880.0	3.0	8.59	6.85
880.0	6.0	9.09	6.02
890.0	3.0	7.78	6.84
890.0	6.0	8.23	6.04
900.0	3.0	6.96	6.84
900.0	6.0	7.4	6.15
910.0	3.0	6.29	7.0
910.0	6.0	6.52	6.15
920.0	3.0	5.62	7.1
920.0	6.0	5.7	6.21
930.0	3.0	5.06	7.04
930.0	6.0	4.96	6.1
940.0	3.0	4.69	7.0
940.0	6.0	4.08	6.2
950.0	3.0	4.35	7.01
950.0	6.0	3.31	6.2
960.0	3.0	3.76	6.99
960.0	6.0	2.71	6.39
970.0	3.0	3.19	6.89
970.0	6.0	2.13	6.29
980.0	3.0	2.62	7.13
980.0	6.0	1.52	6.17
990.0	3.0	1.78	7.15
990.0	6.0	0.9	6.12
1000.0	3.0	1.01	6.96
1000.0	6.0	0.48	6.01
1010.0	3.0	0.07	6.91
1010.0	6.0	-0.29	5.95
1020.0	3.0	-0.72	6.66
1020.0	6.0	-0.75	5.65
1100.0	16.0	12.1	5.49
1110.0	16.0	11.21	5.8
1120.0	16.0	10.41	5.86
1130.0	16.0	9.57	5.82
1140.0	16.0	8.85	5.63
1150.0	16.0	8.01	5.6
1160.0	16.0	7.24	5.38
1170.0	16.0	6.62	5.39
1180.0	16.0	5.77	5.36
1190.0	16.0	4.99	5.22
1200.0	16.0	4.16	5.19
1210.0	16.0	3.41	5.0
1220.0	16.0	2.54	5.01
1220.0	22.0	11.86	5.17
1230.0	16.0	1.66	4.83
1230.0	22.0	10.95	4.94
1240.0	16.0	0.85	4.84
1240.0	22.0	9.91	4.75
1250.0	22.0	8.85	4.57
1260.0	22.0	7.86	4.39
1270.0	22.0	6.83	4.22
1280.0	22.0	5.63	3.98
1280.0	23.0	9.46	5.4
1290.0	22.0	4.67	3.78
1290.0	23.0	8.41	5.24
1300.0	22.0	3.67	3.55
1300.0	23.0	7.35	5.18
1310.0	22.0	2.7	3.31
1310.0	23.0	6.37	5.23
1320.0	22.0	1.81	2.84
1320.0	23.0	5.45	5.18
1330.0	22.0	0.82	2.5
1330.0	23.0	4.58	5.26
1340.0	22.0	-0.05	2.23
1340.0	23.0	3.55	5.29
1340.0	27.0	10.17	4.86
1350.0	22.0	-0.91	1.87
1350.0	23.0	2.59	5.42
1350.0	27.0	9.21	4.56
1360.0	22.0	-2.02	1.55
1360.0	23.0	1.52	5.42
1360.0	27.0	8.09	4.38
1370.0	23.0	0.48	5.34
1370.0	27.0	6.97	4.29
1380.0	27.0	5.8	4.23
1390.0	27.0	4.65	4.2
1450.0	30.0	3.08	2.76
1460.0	30.0	3.84	3.11
1470.0	30.0	4.4	3.13
1480.0	30.0	5.15	3.33
1490.0	30.0	5.91	3.45
1500.0	30.0	6.78	3.53
1510.0	30.0	7.64	3.7
1520.0	30.0	8.42	3.89
1530.0	30.0	9.18	4.03
1530.0	33.0	13.1	6.2
1540.0	30.0	9.92	4.16
1540.0	33.0	12.12	6.46
1550.0	30.0	10.67	4.32
1550.0	33.0	11.31	6.59
1560.0	30.0	11.47	4.53
1560.0	33.0	10.51	6.7
1570.0	30.0	12.22	4.83
1570.0	33.0	9.66	6.78
1580.0	33.0	8.81	6.95
1590.0	33.0	7.96	7.14
1600.0	33.0	7.11	7.21
1610.0	33.0	6.29	7.28
1620.0	33.0	5.36	7.44
1630.0	33.0	4.48	7.73
1640.0	33.0	3.57	8.01
1650.0	33.0	2.85	8.3
1660.0	33.0	2.02	8.57
1670.0	33.0	0.96	9.03
1680.0	33.0	0.19	9.45
2860.0	50.0	7.5	7.25
2860.0	56.0	12.32	3.35
2870.0	50.0	6.43	7.55
2870.0	56.0	12.42	3.22
2880.0	50.0	5.34	7.82
2880.0	56.0	12.49	3.21
2890.0	50.0	4.28	8.12
2890.0	56.0	12.65	3.36
2900.0	50.0	3.22	8.38
2900.0	56.0	12.79	3.45
2910.0	50.0	2.15	8.75
2910.0	56.0	12.79	3.47
2910.0	58.0	12.56	5.46
2920.0	50.0	1.12	9.16
2920.0	56.0	12.79	3.38
2920.0	58.0	11.24	5.14
2930.0	50.0	0.12	9.62
2930.0	56.0	12.78	3.16
2930.0	58.0	9.96	5.28
2940.0	56.0	12.78	3.08
2940.0	58.0	8.67	5.43
2950.0	56.0	12.78	3.08
2950.0	58.0	7.33	5.5
2960.0	56.0	12.78	3.08
2960.0	58.0	6.05	5.59
2970.0	56.0	12.78	3.08
2970.0	58.0	4.74	5.64
2980.0	56.0	12.78	3.08
2980.0	58.0	3.44	5.64
2990.0	56.0	12.78	3.15
2990.0	58.0	2.15	5.65
3000.0	56.0	12.82	3.24
3000.0	58.0	0.81	5.63
3010.0	56.0	12.82	3.24
3010.0	58.0	-0.46	5.54
3020.0	56.0	12.82	3.24
3030.0	56.0	12.82	3.2
3040.0	56.0	12.82	3.11
3050.0	56.0	12.82	3.01
3060.0	56.0	12.82	3.01
3070.0	56.0	12.59	3.01
3080.0	56.0	12.59	3.01
3090.0	56.0	12.59	3.01
3100.0	56.0	12.59	3.01
3110.0	56.0	12.59	3.01
3120.0	56.0	12.59	3.01
3130.0	56.0	12.54	3.01
3140.0	56.0	12.52	3.01
3150.0	56.0	12.52	3.01
3160.0	56.0	12.55	3.1
3170.0	56.0	12.6	3.23
3170.0	63.0	10.56	6.37
3180.0	63.0	9.49	6.2
3190.0	63.0	8.54	5.78
3200.0	63.0	7.58	5.46
3210.0	63.0	6.56	5.18
3220.0	63.0	5.58	4.98
3230.0	63.0	4.63	4.68
3240.0	63.0	3.68	4.42
3250.0	63.0	2.7	4.08
3650.0	66.0	3.87	8.27
3650.0	67.0	1.21	8.43
3650.0	68.0	-2.14	0.04
3660.0	66.0	3.09	8.33
3660.0	67.0	0.4	8.89
3660.0	68.0	-1.28	0.68
3670.0	66.0	2.31	8.02
3670.0	67.0	-0.34	9.52
3670.0	68.0	-0.11	1.25
3680.0	66.0	1.55	7.99
3680.0	67.0	-1.06	10.11
3680.0	68.0	0.98	1.73
3690.0	68.0	2.06	2.16
3700.0	68.0	3.17	2.42
3710.0	68.0	4.41	2.82
3720.0	68.0	5.69	3.21
3730.0	68.0	6.73	3.7
3740.0	68.0	7.86	4.11
3750.0	68.0	9.04	4.48
3760.0	68.0	10.11	4.9
3770.0	68.0	11.27	5.12
4200.0	70.0	-2.66	4.51
4200.0	71.0	-2.31	5.3
4200.0	73.0	-2.45	6.8
4210.0	70.0	-1.61	4.48
4210.0	71.0	-1.31	5.3
4210.0	73.0	-1.64	6.72
4220.0	70.0	-0.73	4.63
4220.0	71.0	-0.57	5.34
4220.0	73.0	-0.67	6.63
4220.0	74.0	12.45	4.92
4230.0	70.0	0.27	4.67
4230.0	71.0	0.44	5.37
4230.0	73.0	0.26	6.57
4230.0	74.0	11.75	4.81
4240.0	70.0	1.3	4.72
4240.0	71.0	1.37	5.33
4240.0	73.0	1.2	6.6
4240.0	74.0	10.94	4.57
4250.0	70.0	2.12	4.75
4250.0	71.0	2.02	5.42
4250.0	73.0	2.09	6.64
4250.0	74.0	10.01	4.39
4260.0	70.0	3.16	4.84
4260.0	71.0	2.84	5.4
4260.0	73.0	2.97	6.55
4260.0	74.0	9.07	4.16
4270.0	70.0	3.73	5.01
4270.0	71.0	3.53	5.56
4270.0	73.0	3.97	6.61
4270.0	74.0	8.22	3.88
4280.0	70.0	4.57	5.09
4280.0	71.0	4.26	5.66
4280.0	73.0	4.93	6.79
4280.0	74.0	7.35	3.54
4290.0	70.0	5.41	5.21
4290.0	71.0	4.83	5.75
4290.0	73.0	5.77	6.75
4290.0	74.0	6.4	3.13
4300.0	70.0	6.2	5.28
4300.0	71.0	5.68	5.88
4300.0	73.0	6.88	6.75
4300.0	74.0	5.56	2.96
4310.0	70.0	7.2	5.31
4310.0	71.0	6.56	5.98
4310.0	73.0	7.82	6.8
4310.0	74.0	4.51	2.67
4310.0	78.0	-2.19	5.0
4320.0	70.0	7.86	5.24
4320.0	71.0	7.4	6.07
4320.0	73.0	8.83	6.68
4320.0	74.0	3.64	2.42
4320.0	78.0	-1.15	5.18
4330.0	70.0	8.74	5.44
4330.0	71.0	8.28	6.16
4330.0	73.0	9.78	6.63
4330.0	74.0	2.66	2.27
4330.0	78.0	-0.03	5.37
4330.0	79.0	-3.78	5.15
4340.0	70.0	9.6	5.51
4340.0	71.0	9.16	6.16
4340.0	73.0	10.78	6.59
4340.0	74.0	1.7	2.07
4340.0	78.0	1.03	5.53
4340.0	79.0	-3.09	5.12
4350.0	70.0	10.43	5.4
4350.0	71.0	9.99	6.24
4350.0	73.0	11.78	6.38
4350.0	74.0	0.86	1.71
4350.0	78.0	2.1	5.65
4350.0	79.0	-2.34	5.19
4360.0	70.0	11.04	5.84
4360.0	71.0	10.91	6.06
4360.0	73.0	12.66	6.2
4360.0	74.0	-0.12	1.35
4360.0	78.0	3.05	5.83
4360.0	79.0	-1.61	5.17
4360.0	80.0	-2.27	5.91
4370.0	74.0	-0.96	0.92
4370.0	78.0	4.15	5.91
4370.0	79.0	-0.84	5.31
4370.0	80.0	-1.17	6.1
4380.0	78.0	5.23	5.92
4380.0	79.0	-0.13	5.27
4380.0	80.0	-0.05	6.16
4390.0	78.0	6.28	5.87
4390.0	79.0	0.61	5.36
4390.0	80.0	0.99	6.37
4400.0	78.0	7.45	5.84
4400.0	79.0	1.38	5.43
4400.0	80.0	2.36	6.36
4410.0	78.0	8.63	5.81
4410.0	79.0	2.19	5.68
4410.0	80.0	3.48	6.2
4420.0	78.0	9.76	5.79
4420.0	79.0	2.94	5.83
4420.0	80.0	4.62	6.28
4430.0	78.0	10.9	5.71
4430.0	79.0	3.73	5.95
4430.0	80.0	5.82	6.19
4440.0	78.0	12.0	5.64
4440.0	79.0	4.53	6.04
4440.0	80.0	7.0	6.02
4450.0	79.0	5.37	6.03
4450.0	80.0	8.09	5.86
4460.0	79.0	6.19	6.0
4460.0	80.0	9.32	5.73
4470.0	79.0	7.09	6.0
4470.0	80.0	10.55	5.79
4480.0	79.0	7.95	5.99
4480.0	80.0	11.69	5.87
4490.0	79.0	8.8	6.04
4500.0	79.0	9.68	6.04
4510.0	79.0	10.51	5.99
4520.0	79.0	11.33	5.98
4600.0	83.0	11.39	4.7
4610.0	83.0	10.34	4.58
4620.0	83.0	9.27	4.51
4630.0	83.0	8.27	4.54
4630.0	84.0	-0.73	9.29
4630.0	85.0	-0.45	9.88
4640.0	83.0	7.33	4.47
4640.0	84.0	0.02	8.92
4640.0	85.0	0.46	9.56
4650.0	83.0	6.34	4.41
4650.0	84.0	0.76	8.61
4650.0	85.0	1.17	9.24
4660.0	83.0	5.35	4.26
4660.0	84.0	1.53	8.26
4660.0	85.0	1.89	8.89
4670.0	83.0	4.41	4.12
4670.0	84.0	2.33	7.84
4670.0	85.0	2.74	8.49
4680.0	83.0	3.47	4.01
4680.0	84.0	3.12	7.46
4680.0	85.0	3.56	8.13
4690.0	83.0	2.48	3.77
4690.0	84.0	3.96	6.94
4690.0	85.0	4.32	7.75
4700.0	83.0	1.49	3.66
4700.0	84.0	4.78	6.54
4700.0	85.0	5.2	7.41
4700.0	86.0	12.34	4.79
4710.0	83.0	0.54	3.59
4710.0	84.0	5.59	6.18
4710.0	85.0	6.03	7.26
4710.0	86.0	11.33	4.49
4720.0	83.0	-0.46	3.52
4720.0	84.0	6.43	5.93
4720.0	85.0	7.0	7.06
4720.0	86.0	10.11	4.23
4730.0	83.0	-1.5	3.48
4730.0	84.0	7.29	5.8
4730.0	85.0	7.64	7.06
4730.0	86.0	8.97	3.78
4740.0	84.0	8.15	5.66
4740.0	85.0	8.55	6.86
4740.0	86.0	7.82	3.49
4750.0	84.0	9.04	5.58
4750.0	85.0	9.19	6.65
4750.0	86.0	6.69	3.26
4760.0	84.0	9.92	5.56
4760.0	85.0	10.1	6.51
4760.0	86.0	5.47	2.95
4770.0	84.0	10.78	5.43
4770.0	85.0	11.13	6.29
4770.0	86.0	4.38	2.77
4780.0	84.0	11.67	5.1
4780.0	85.0	11.99	6.24
4780.0	86.0	3.13	2.55
4790.0	86.0	2.03	2.18
4800.0	86.0	0.99	1.77
4810.0	86.0	0.17	1.22
4820.0	86.0	-0.75	0.55
4830.0	86.0	-1.75	0.04
4840.0	86.0	-2.32	-0.63
4850.0	86.0	-2.96	-1.43
4860.0	86.0	-3.54	-2.3
4870.0	86.0	-4.16	-3.17
4890.0	96.0	-2.79	5.55
4900.0	96.0	-1.66	5.47
4910.0	96.0	-0.5	5.48
4920.0	96.0	0.64	5.52
4930.0	96.0	1.75	5.58
4940.0	96.0	2.9	5.63
4940.0	99.0	12.92	6.28
4950.0	96.0	3.98	5.77
4950.0	99.0	12.12	6.43
4960.0	96.0	5.1	5.75
4960.0	99.0	11.39	6.5
4960.0	100.0	12.77	6.74
4970.0	96.0	6.24	5.77
4970.0	99.0	10.6	6.58
4970.0	100.0	12.13	6.85
4980.0	96.0	7.2	5.79
4980.0	99.0	9.86	6.49
4980.0	100.0	11.45	7.19
4990.0	96.0	7.99	5.75
4990.0	99.0	9.06	6.47
4990.0	100.0	10.55	7.25
5110.0	103.0	3.76	4.07
5110.0	107.0	5.02	7.18
5120.0	103.0	2.8	3.57
5120.0	107.0	4.15	6.96
5130.0	103.0	2.16	3.16
5130.0	107.0	3.31	6.34
5140.0	103.0	1.46	2.71
5140.0	107.0	2.59	5.93
5150.0	103.0	0.73	2.3
5150.0	107.0	1.89	5.23
5150.0	111.0	-2.12	-0.54
5160.0	103.0	-0.1	1.84
5160.0	107.0	1.12	4.55
5160.0	111.0	-1.59	0.07
5170.0	103.0	-0.92	1.52
5170.0	107.0	0.49	4.08
5170.0	111.0	-0.75	0.49
5180.0	103.0	-1.61	0.91
5180.0	107.0	-0.1	3.27
5180.0	111.0	0.16	1.04
5190.0	111.0	0.89	1.25
5200.0	111.0	1.76	1.49
5210.0	111.0	2.61	1.91
5220.0	111.0	3.48	2.22
5230.0	111.0	4.4	2.41
5240.0	111.0	5.35	2.49
5250.0	111.0	6.29	2.54
5260.0	111.0	7.07	2.5
5270.0	111.0	8.07	2.63
5280.0	111.0	8.86	2.95
5290.0	111.0	9.87	3.25
5300.0	111.0	10.62	3.75
5310.0	111.0	11.61	4.17
5620.0	120.0	12.13	6.5
5630.0	120.0	11.31	6.81
6230.0	122.0	10.67	6.71
6240.0	122.0	9.79	6.95
6250.0	122.0	8.85	7.14
6260.0	122.0	7.95	7.33
6270.0	122.0	7.05	7.55
6280.0	122.0	6.22	7.71
6290.0	122.0	5.36	7.88
6300.0	122.0	4.53	8.02
6310.0	122.0	3.45	8.24
6320.0	122.0	2.54	8.42
6330.0	122.0	1.66	8.64
6340.0	122.0	0.89	8.99
6340.0	123.0	-2.46	5.21
6340.0	124.0	9.9	6.58
6350.0	122.0	0.17	9.47
6350.0	123.0	-1.66	5.08
6350.0	124.0	8.75	6.63
6360.0	122.0	-0.52	9.95
6360.0	123.0	-0.88	4.85
6360.0	124.0	7.57	6.61
6370.0	122.0	-1.27	10.4
6370.0	123.0	0.08	4.78
6370.0	124.0	6.4	6.47
6380.0	123.0	1.02	4.72
6380.0	124.0	5.26	6.28
6390.0	123.0	1.94	4.67
6390.0	124.0	4.11	6.12
6400.0	123.0	2.92	4.57
6400.0	124.0	2.99	6.0
6410.0	123.0	3.83	4.5
6410.0	124.0	1.85	5.79
6420.0	123.0	4.81	4.47
6420.0	124.0	0.75	5.5
6420.0	126.0	-5.19	6.38
6430.0	123.0	5.75	4.33
6430.0	124.0	-0.28	5.05
6430.0	126.0	-4.3	6.5
6440.0	123.0	6.69	4.38
6440.0	124.0	-1.26	4.41
6440.0	126.0	-3.36	6.56
6450.0	123.0	7.62	4.43
6450.0	124.0	-2.33	3.58
6450.0	126.0	-2.42	6.51
6460.0	123.0	8.54	4.68
6460.0	126.0	-1.39	6.39
6470.0	123.0	9.45	4.91
6470.0	126.0	-0.56	6.38
6480.0	123.0	10.37	5.02
6480.0	126.0	0.26	6.18
6490.0	123.0	11.32	5.15
6490.0	126.0	1.27	6.02
6500.0	123.0	12.31	5.24
6500.0	126.0	2.25	5.84
6510.0	126.0	3.14	5.65
6520.0	126.0	4.08	5.47
6530.0	126.0	5.0	5.31
6540.0	126.0	5.9	5.29
6550.0	126.0	6.75	5.23
6560.0	126.0	7.65	5.14
6570.0	126.0	8.49	5.03
6580.0	126.0	9.31	4.97
6590.0	126.0	10.08	5.01
6600.0	126.0	10.86	4.96
6610.0	126.0	11.57	4.74
6800.0	130.0	10.45	3.88
6810.0	130.0	9.57	3.76
6820.0	130.0	8.64	3.64
6830.0	130.0	7.75	3.47
6840.0	130.0	6.94	3.3
6850.0	130.0	5.97	3.07
6860.0	130.0	4.99	2.95
6870.0	130.0	3.96	2.89
6880.0	130.0	2.98	3.08
6890.0	130.0	1.95	3.0
6900.0	130.0	0.94	2.78
6910.0	130.0	0.01	2.47
6920.0	130.0	-1.02	1.85
6930.0	130.0	-1.95	1.31
6940.0	130.0	-2.81	0.61
6950.0	130.0	-3.41	-0.17
6970.0	141.0	-3.48	11.52
6980.0	141.0	-3.0	10.65
6990.0	141.0	-1.88	9.81
7000.0	141.0	-0.73	9.29
7010.0	141.0	0.44	8.78
7020.0	141.0	1.6	8.32
7030.0	141.0	2.8	8.05
7040.0	141.0	4.02	7.74
7050.0	141.0	5.26	7.43
7060.0	141.0	6.51	7.13
7070.0	141.0	7.75	6.75
7080.0	141.0	8.92	6.25
7090.0	141.0	10.19	5.91
7100.0	141.0	11.44	5.76
7110.0	141.0	12.7	5.68
7300.0	145.0	-1.58	3.42
7310.0	145.0	-0.56	3.49
7310.0	147.0	-3.31	7.24
7320.0	145.0	0.55	3.54
7320.0	147.0	-2.3	7.09
7330.0	145.0	1.65	3.56
7330.0	147.0	-1.15	6.87
7340.0	145.0	2.73	3.57
7340.0	147.0	-0.08	6.85
7350.0	145.0	3.84	3.63
7350.0	147.0	1.02	6.79
7360.0	145.0	4.97	3.72
7360.0	147.0	2.13	6.69
7370.0	145.0	6.12	3.73
7370.0	147.0	3.2	6.54
7370.0	149.0	12.67	6.34
7380.0	145.0	7.26	3.83
7380.0	147.0	4.16	6.39
7380.0	149.0	11.58	6.88
7390.0	145.0	8.4	3.94
7390.0	147.0	5.26	6.15
7390.0	149.0	10.56	7.08
7400.0	145.0	9.56	4.16
7400.0	147.0	6.47	5.95
7400.0	149.0	9.61	7.49
7400.0	151.0	12.46	5.79
7410.0	145.0	10.6	4.41
7410.0	147.0	7.64	5.74
7410.0	149.0	8.55	7.66
7410.0	151.0	11.28	6.05
7420.0	145.0	11.78	4.67
7420.0	147.0	8.65	5.49
7420.0	149.0	7.39	7.61
7420.0	151.0	10.27	6.03
7420.0	152.0	-4.42	5.4
7430.0	145.0	12.97	4.67
7430.0	147.0	9.84	5.42
7430.0	149.0	6.33	7.69
7430.0	151.0	9.24	6.07
7430.0	152.0	-3.4	5.45
7440.0	147.0	10.97	5.54
7440.0	149.0	5.37	7.91
7440.0	151.0	8.24	6.23
7440.0	152.0	-2.23	5.48
7450.0	147.0	12.05	5.49
7450.0	149.0	4.29	7.78
7450.0	151.0	7.25	6.28
7450.0	152.0	-1.01	5.47
7460.0	149.0	3.19	7.76
7460.0	151.0	6.2	6.48
7460.0	152.0	0.18	5.47
7460.0	153.0	-3.01	4.24
7470.0	149.0	2.08	7.81
7470.0	151.0	5.13	6.76
7470.0	152.0	1.37	5.48
7470.0	153.0	-1.82	4.28
7480.0	149.0	1.05	7.92
7480.0	151.0	4.11	7.07
7480.0	152.0	2.53	5.47
7480.0	153.0	-0.62	4.17
7490.0	149.0	-0.15	7.9
7490.0	151.0	3.09	7.31
7490.0	152.0	3.73	5.55
7490.0	153.0	0.54	4.21
7500.0	149.0	-1.28	7.96
7500.0	151.0	2.03	7.35
7500.0	152.0	4.96	5.7
7500.0	153.0	1.79	4.29
7510.0	149.0	-2.09	7.86
7510.0	151.0	0.96	7.34
7510.0	152.0	6.21	5.82
7510.0	153.0	3.02	4.3
7520.0	152.0	7.41	6.04
7520.0	153.0	4.19	4.38
7530.0	152.0	8.7	5.81
7530.0	153.0	5.43	4.46
7540.0	152.0	10.03	5.81
7540.0	153.0	6.62	4.46
7550.0	152.0	11.25	5.89
7550.0	153.0	7.8	4.49
7560.0	152.0	12.48	5.79
7560.0	153.0	9.0	4.57
7570.0	153.0	10.18	4.63
7580.0	153.0	11.32	4.65
7590.0	153.0	12.31	4.71
7600.0	153.0	13.37	4.87
7630.0	157.0	0.12	1.45
7640.0	157.0	1.09	1.97
7650.0	157.0	2.04	2.34
7660.0	157.0	3.01	2.68
7670.0	157.0	4.12	2.91
7680.0	157.0	5.19	3.1
7690.0	157.0	6.3	3.48
7700.0	157.0	7.35	3.71
7710.0	157.0	8.37	4.04
7720.0	157.0	9.38	4.36
7730.0	157.0	10.42	4.56
7740.0	157.0	11.51	4.71
7750.0	157.0	12.6	4.93
7770.0	160.0	11.65	5.63
7780.0	160.0	10.51	5.29
7790.0	160.0	9.64	5.15
7800.0	160.0	8.54	4.92
7810.0	160.0	7.51	4.68
7820.0	160.0	6.63	4.4
7830.0	160.0	5.51	4.05
7840.0	160.0	4.49	3.78
7850.0	160.0	3.46	3.67
7860.0	160.0	2.49	3.36
7870.0	160.0	1.48	3.15
7870.0	167.0	12.54	4.31
7880.0	160.0	0.57	2.94
7880.0	167.0	11.66	3.83
7890.0	160.0	-0.52	2.66
7890.0	167.0	10.78	3.48
7900.0	160.0	-1.6	2.59
7900.0	167.0	9.7	3.23
7910.0	160.0	-2.74	2.61
7910.0	167.0	8.75	3.25
7920.0	160.0	-3.88	2.77
7920.0	167.0	7.56	2.88
7930.0	160.0	-4.63	3.06
7930.0	167.0	6.6	2.75
7940.0	167.0	5.7	2.64
7950.0	167.0	4.64	2.59
7960.0	167.0	3.77	2.41
7970.0	167.0	2.88	2.3
7980.0	167.0	1.77	1.98
8120.0	169.0	-2.42	4.99
8130.0	169.0	-1.31	5.14
8140.0	169.0	0.13	5.18
8150.0	169.0	1.42	5.32
8150.0	172.0	-1.9	0.09
8160.0	169.0	2.69	5.42
8160.0	172.0	-1.01	0.97
8170.0	169.0	3.98	5.52
8170.0	172.0	-0.15	1.51
8180.0	169.0	5.3	5.58
8180.0	172.0	0.84	1.98
8190.0	169.0	6.57	5.69
8190.0	172.0	1.8	2.43
8200.0	169.0	7.85	5.73
8200.0	172.0	2.82	2.87
8210.0	169.0	9.21	5.7
8210.0	172.0	3.96	3.2
8220.0	169.0	10.5	5.65
8220.0	172.0	4.96	3.54
8230.0	169.0	11.79	5.58
8230.0	172.0	6.06	3.88
8240.0	169.0	13.25	5.68
8240.0	172.0	7.14	4.17
8250.0	172.0	8.22	4.38
8260.0	172.0	9.31	4.57
8270.0	172.0	10.36	4.77
8280.0	172.0	11.45	4.96
8290.0	172.0	12.54	5.23
8300.0	172.0	13.91	5.62
8370.0	177.0	-1.24	7.06
8370.0	178.0	-1.79	5.43
8380.0	177.0	-0.11	7.14
8380.0	178.0	-0.72	5.46
8390.0	177.0	0.92	7.19
8390.0	178.0	0.28	5.46
8400.0	177.0	2.06	7.24
8400.0	178.0	1.4	5.47
8400.0	180.0	-0.79	4.28
8400.0	182.0	-1.33	5.83
8410.0	177.0	3.08	7.36
8410.0	178.0	2.42	5.57
8410.0	180.0	0.23	4.24
8410.0	182.0	-0.03	5.9
8420.0	177.0	4.15	7.47
8420.0	178.0	3.55	5.63
8420.0	180.0	1.22	4.26
8420.0	182.0	1.21	5.92
8430.0	177.0	5.17	7.41
8430.0	178.0	4.58	5.61
8430.0	180.0	2.26	4.23
8430.0	182.0	2.48	5.89
8440.0	177.0	6.25	7.24
8440.0	178.0	5.67	5.64
8440.0	180.0	3.33	4.17
8440.0	182.0	3.76	5.87
8450.0	177.0	7.26	7.14
8450.0	178.0	6.7	5.6
8450.0	180.0	4.28	4.22
8450.0	182.0	5.0	5.88
8460.0	177.0	8.32	7.1
8460.0	178.0	7.77	5.57
8460.0	180.0	5.27	4.2
8460.0	182.0	6.21	5.92
8460.0	185.0	-1.98	6.4
8470.0	177.0	9.36	7.15
8470.0	178.0	8.78	5.56
8470.0	180.0	6.26	4.23
8470.0	182.0	7.42	5.96
8470.0	185.0	-1.15	6.14
8480.0	177.0	10.52	6.88
8480.0	178.0	9.87	5.58
8480.0	180.0	7.39	4.3
8480.0	182.0	8.66	6.07
8480.0	185.0	0.02	5.85
8480.0	189.0	11.99	7.34
8490.0	177.0	11.68	6.59
8490.0	178.0	10.88	5.67
8490.0	180.0	8.47	4.33
8490.0	182.0	9.93	6.18
8490.0	185.0	1.02	6.01
8490.0	189.0	10.63	7.83
8500.0	177.0	12.86	6.35
8500.0	178.0	11.88	5.74
8500.0	180.0	9.47	4.39
8500.0	182.0	11.06	6.2
8500.0	185.0	2.15	5.94
8500.0	189.0	9.12	7.55
8510.0	178.0	13.0	5.78
8510.0	180.0	10.47	4.5
8510.0	182.0	12.2	6.11
8510.0	185.0	3.17	6.0
8510.0	189.0	7.59	6.74
8520.0	180.0	11.43	4.61
8520.0	182.0	13.05	6.11
8520.0	185.0	4.21	6.1
8520.0	189.0	5.78	5.51
8530.0	180.0	12.24	4.79
8530.0	185.0	5.29	6.07
8530.0	189.0	3.79	4.2
8540.0	180.0	12.96	4.89
8540.0	185.0	6.44	5.97
8540.0	189.0	1.63	3.01
8550.0	180.0	13.37	4.96
8550.0	185.0	7.46	5.73
8550.0	189.0	-0.52	1.78
8560.0	185.0	8.58	5.61
8560.0	189.0	-2.55	0.26
8570.0	185.0	9.71	5.55
8570.0	189.0	-4.58	-1.35
8580.0	185.0	10.78	5.64
8590.0	185.0	11.92	5.71
8600.0	185.0	13.06	5.59
8890.0	195.0	12.71	4.95
8900.0	195.0	11.82	4.59
8910.0	195.0	10.96	4.34
8920.0	195.0	9.86	4.25
8930.0	195.0	9.11	4.13
8940.0	195.0	8.16	3.99
8950.0	195.0	7.27	3.93
8960.0	195.0	6.39	3.81
8960.0	201.0	12.01	6.94
8970.0	195.0	5.51	3.66
8970.0	201.0	10.89	7.38
8980.0	195.0	4.64	3.51
8980.0	201.0	9.92	7.71
8990.0	195.0	3.69	3.38
8990.0	201.0	8.79	8.03
9000.0	195.0	2.82	3.19
9000.0	201.0	7.68	8.2
9010.0	195.0	1.98	2.77
9010.0	201.0	6.53	8.51
9020.0	195.0	1.2	2.43
9020.0	201.0	5.63	8.76
9030.0	195.0	0.29	2.04
9030.0	201.0	4.6	8.51
9040.0	195.0	-0.52	1.69
9040.0	201.0	3.62	7.93
9050.0	195.0	-1.13	1.29
9050.0	201.0	2.51	7.5
9060.0	195.0	-2.0	0.59
9060.0	201.0	1.34	7.24
9070.0	195.0	-2.64	0.11
9070.0	201.0	0.03	7.06
9080.0	195.0	-3.5	-0.44
9080.0	201.0	-1.12	6.97
9090.0	195.0	-4.04	-1.06
9090.0	201.0	-2.46	7.17
9100.0	195.0	-4.6	-1.81
9100.0	201.0	-3.69	7.19
9110.0	201.0	-4.75	7.13
9110.0	211.0	-3.28	4.75
9120.0	201.0	-5.84	6.95
9120.0	211.0	-2.24	4.74
9130.0	211.0	-1.4	4.87
9140.0	211.0	-0.08	4.83
9150.0	211.0	1.03	4.88
9160.0	211.0	2.07	4.95
9170.0	211.0	3.1	5.03
9180.0	211.0	4.17	5.04
9190.0	211.0	5.19	5.17
9200.0	211.0	6.25	5.27
9210.0	211.0	7.25	5.3
9210.0	213.0	12.89	6.34
9220.0	211.0	8.31	5.33
9220.0	213.0	11.86	6.49
9230.0	211.0	9.3	5.26
9230.0	213.0	10.62	6.83
9240.0	211.0	10.37	5.22
9240.0	213.0	9.46	6.88
9250.0	211.0	11.41	5.16
9250.0	213.0	8.37	6.64
9260.0	211.0	12.51	5.09
9260.0	213.0	7.26	6.4
9270.0	211.0	13.68	5.26
9270.0	213.0	6.12	6.26
9280.0	213.0	5.02	6.11
9290.0	213.0	3.87	6.16
9300.0	213.0	2.7	6.24
9300.0	215.0	10.78	6.43
9310.0	213.0	1.55	6.23
9310.0	215.0	9.71	6.27
9320.0	213.0	0.41	6.24
9320.0	215.0	8.67	5.92
9330.0	213.0	-0.72	6.34
9330.0	215.0	7.68	5.41
9340.0	213.0	-1.83	6.38
9340.0	215.0	6.72	4.86
9350.0	213.0	-3.02	6.4
9350.0	215.0	5.8	4.25
9360.0	213.0	-4.07	6.45
9360.0	215.0	4.87	3.58
9370.0	215.0	3.89	3.04
9380.0	215.0	3.02	2.68
9390.0	215.0	2.1	2.34
9400.0	215.0	1.06	1.97
9410.0	215.0	0.2	1.46
9420.0	215.0	-0.59	0.93
9430.0	215.0	-1.43	0.46
9440.0	215.0	-2.22	-0.28
9500.0	222.0	-3.28	-2.0
9510.0	222.0	-2.79	-1.06
9520.0	222.0	-2.05	-0.04
9530.0	222.0	-1.19	1.01
9530.0	223.0	-0.71	5.6
9530.0	224.0	-1.46	6.86
9540.0	222.0	-0.02	1.41
9540.0	223.0	0.37	5.63
9540.0	224.0	-0.24	6.75
9550.0	222.0	1.08	1.84
9550.0	223.0	1.48	5.61
9550.0	224.0	0.86	6.77
9560.0	222.0	2.37	2.27
9560.0	223.0	2.68	5.6
9560.0	224.0	1.92	6.97
9570.0	222.0	3.65	2.61
9570.0	223.0	3.83	5.57
9570.0	224.0	2.97	6.99
9580.0	222.0	4.78	2.91
9580.0	223.0	4.94	5.51
9580.0	224.0	4.1	6.89
9590.0	222.0	6.02	3.29
9590.0	223.0	6.07	5.5
9590.0	224.0	5.21	6.79
9600.0	222.0	7.52	3.58
9600.0	223.0	7.32	5.55
9600.0	224.0	6.38	6.64
9610.0	222.0	8.82	3.86
9610.0	223.0	8.37	5.53
9610.0	224.0	7.44	6.53
9620.0	222.0	10.19	4.13
9620.0	223.0	9.47	5.48
9620.0	224.0	8.43	6.47
9620.0	226.0	12.81	6.56
9630.0	222.0	11.56	4.46
9630.0	223.0	10.53	5.45
9630.0	224.0	9.39	6.31
9630.0	226.0	11.73	6.86
9630.0	228.0	0.95	7.09
9640.0	222.0	13.03	5.0
9640.0	223.0	11.65	5.43
9640.0	224.0	10.38	6.09
9640.0	226.0	10.65	7.09
9640.0	228.0	2.3	7.03
9650.0	223.0	12.72	5.52
9650.0	224.0	11.38	5.91
9650.0	226.0	9.53	7.27
9650.0	228.0	3.62	6.95
9660.0	226.0	8.38	7.46
9660.0	228.0	5.0	6.83
9670.0	226.0	7.24	7.65
9670.0	228.0	6.24	6.66
9680.0	226.0	6.08	7.73
9680.0	228.0	7.43	6.53
9680.0	229.0	1.76	2.48
9690.0	226.0	4.94	7.74
9690.0	228.0	8.72	6.49
9690.0	229.0	2.77	2.84
9700.0	226.0	3.78	7.66
9700.0	228.0	10.04	6.37
9700.0	229.0	3.9	3.26
9710.0	226.0	2.61	7.56
9710.0	228.0	11.43	6.26
9710.0	229.0	5.05	3.61
9720.0	226.0	1.48	7.43
9720.0	228.0	12.72	6.18
9720.0	229.0	6.15	3.86
9730.0	226.0	0.32	7.31
9730.0	228.0	13.48	6.13
9730.0	229.0	7.28	4.05
9740.0	226.0	-0.83	7.11
9740.0	229.0	8.49	4.23
9750.0	229.0	9.65	4.44
9760.0	229.0	10.82	4.65
9770.0	229.0	12.01	4.91
9780.0	229.0	13.1	5.24
9830.0	234.0	-2.62	-0.32
9840.0	234.0	-2.06	0.21
9850.0	234.0	-1.9	0.49
9860.0	234.0	-1.89	0.61
9870.0	234.0	-1.38	0.82
9880.0	234.0	-1.38	0.82
9890.0	234.0	-1.7	0.82
9900.0	234.0	-1.67	1.2
9920.0	239.0	-1.57	5.57
9920.0	241.0	-1.38	8.19
9930.0	239.0	-0.74	5.53
9930.0	241.0	-0.08	8.1
9940.0	239.0	0.07	5.49
9940.0	241.0	1.16	7.94
9950.0	239.0	1.01	5.49
9950.0	241.0	2.39	7.74
9960.0	239.0	1.95	5.41
9960.0	241.0	3.65	7.49
9970.0	239.0	2.87	5.33
9970.0	241.0	4.87	7.24
9970.0	244.0	-2.59	5.75
9980.0	239.0	3.75	5.37
9980.0	241.0	6.06	6.99
9980.0	244.0	-1.43	5.98
9990.0	239.0	4.62	5.47
9990.0	241.0	7.28	6.75
9990.0	244.0	-0.29	6.13
10000.0	239.0	5.44	5.48
10000.0	241.0	8.51	6.47
10000.0	244.0	0.78	6.32
10010.0	239.0	6.19	5.49
10010.0	241.0	9.76	6.13
10010.0	244.0	1.97	6.52
10020.0	239.0	6.97	5.46
10020.0	241.0	11.28	5.73
10020.0	244.0	3.08	6.59
10030.0	239.0	7.74	5.47
10030.0	241.0	12.63	5.51
10030.0	244.0	4.13	6.67
10040.0	239.0	8.51	5.47
10040.0	241.0	13.98	5.64
10040.0	244.0	5.29	6.75
10050.0	239.0	9.12	5.37
10050.0	244.0	6.37	6.79
10060.0	239.0	9.74	5.31
10060.0	244.0	7.48	6.9
10070.0	239.0	10.47	5.34
10070.0	244.0	8.67	6.96
10080.0	239.0	11.28	5.18
10080.0	244.0	9.86	6.88
10090.0	239.0	12.01	5.09
10090.0	244.0	11.09	6.76
10100.0	239.0	12.74	5.32
10100.0	244.0	12.26	6.62
10100.0	246.0	3.96	5.35
10100.0	247.0	2.31	4.06
10110.0	239.0	13.43	5.4
10110.0	244.0	13.49	6.73
10110.0	246.0	5.1	5.5
10110.0	247.0	3.16	3.92
10120.0	246.0	6.11	5.51
10120.0	247.0	4.11	3.84
10130.0	246.0	7.14	5.57
10130.0	247.0	4.99	3.78
10140.0	246.0	8.09	5.58
10140.0	247.0	5.95	3.82
10150.0	246.0	9.19	5.58
10150.0	247.0	6.93	3.76
10160.0	246.0	10.17	5.63
10160.0	247.0	7.87	3.88
10170.0	246.0	11.09	5.64
10170.0	247.0	8.72	3.95
10180.0	246.0	12.02	5.67
10180.0	247.0	9.5	4.05
10190.0	246.0	12.79	5.51
10190.0	247.0	10.25	4.13
10200.0	246.0	13.63	5.39
10200.0	247.0	10.9	4.38
10200.0	253.0	2.61	5.05
10210.0	247.0	11.43	4.87
10210.0	253.0	3.74	4.99
10220.0	247.0	11.89	5.35
10220.0	253.0	4.87	4.95
10220.0	254.0	0.54	5.08
10230.0	247.0	12.28	5.47
10230.0	253.0	6.02	5.04
10230.0	254.0	1.81	5.19
