230.0	4.0	15.2940785863	9.09723424548
240.0	4.0	14.6149076775	9.1623883708
250.0	4.0	13.9357367687	9.22754249612
260.0	4.0	13.2403600465	9.33828064319
270.0	4.0	12.5291984411	9.494602812
280.0	4.0	11.8180368357	9.65092498081
290.0	4.0	11.1394973223	9.85092189297
300.0	4.0	10.4828461802	10.0800353007
310.0	4.0	9.82956247995	10.3074780898
320.0	4.0	9.20595436013	10.5196466518
330.0	4.0	8.58234624031	10.7318152137
340.0	4.0	7.94716253946	10.9131966615
350.0	4.0	7.29472069962	11.0482781081
360.0	4.0	6.64227885978	11.1835982146
370.0	4.0	6.00393818229	11.3155770838
380.0	4.0	5.38643355065	11.4430214169
390.0	4.0	4.76913938411	11.5702270901
400.0	4.0	4.1413219621	11.6928982272
410.0	4.0	3.49793012198	11.8088868898
420.0	4.0	2.85453828185	11.9248755525
430.0	4.0	2.21114644173	12.0406255553
440.0	4.0	1.57301622934	12.1628193728
450.0	4.0	0.935727877395	12.2854905098
460.0	4.0	0.298229060339	12.4081616469
470.0	4.0	-0.339059291607	12.5310714438
500.0	6.0	15.0046890605	9.01441929498
510.0	6.0	14.5761820973	8.98052960342
520.0	6.0	14.1476751341	8.94640125206
530.0	6.0	13.7118018921	8.92181929269
540.0	6.0	13.2645635341	8.9120342409
550.0	6.0	12.8173251762	8.90201052931
560.0	6.0	12.3288356568	9.00439558339
570.0	6.0	11.8401356722	9.10654197767
580.0	6.0	11.3564868503	9.19651672216
590.0	6.0	10.8919903533	9.23780486751
600.0	6.0	10.4274938564	9.27885435306
610.0	6.0	9.9661543361	9.3256316738
610.0	7.0	11.2819822015	8.09844298368
620.0	6.0	9.51239155974	9.38529662373
620.0	7.0	10.8208531463	8.25762907009
630.0	6.0	9.05862878339	9.44496157366
630.0	7.0	10.3927671133	8.44545433246
640.0	6.0	8.60507647215	9.51011569898
640.0	7.0	10.013929916	8.67599969898
650.0	6.0	8.15510206777	9.62538838224
650.0	7.0	9.63509271866	8.90678372531
660.0	6.0	7.70512766339	9.7406610655
660.0	7.0	9.25267761447	9.14973940141
670.0	6.0	7.25346953813	9.85163787237
670.0	7.0	8.86457995232	9.4105945625
680.0	6.0	6.79507652937	9.94519251386
680.0	7.0	8.47648229017	9.67168838339
690.0	6.0	6.3364730555	10.0389858151
690.0	7.0	8.074914861	9.93421416307
700.0	6.0	5.88986609287	10.123710044
700.0	7.0	7.61883696844	10.2027064377
710.0	6.0	5.46114866456	10.1943533448
710.0	7.0	7.16275907589	10.4711987124
720.0	6.0	5.03243123626	10.2649966455
720.0	7.0	6.65427537103	10.665945109
730.0	6.0	4.57972078545	10.3642791222
730.0	7.0	6.13274282938	10.842314701
740.0	6.0	4.11669754428	10.4754945888
740.0	7.0	5.6128940086	10.9857492406
750.0	6.0	3.6536743031	10.5869487153
750.0	7.0	5.09493937381	11.0957714083
760.0	6.0	3.17591850425	10.6816966558
760.0	7.0	4.57677427392	11.2060322357
770.0	6.0	2.69184875211	10.7690461425
770.0	7.0	4.08849521959	11.133002337
780.0	6.0	2.20777899997	10.856634289
780.0	7.0	3.60358360701	11.0396863553
790.0	6.0	1.76790692085	10.9890904778
790.0	7.0	3.12540687794	10.9575873842
800.0	6.0	1.3469767016	11.1411167702
800.0	7.0	2.65186038128	10.8828868669
810.0	6.0	0.926046482352	11.2929044028
810.0	7.0	2.17831388462	10.8084250094
820.0	6.0	0.50048603069	11.4158141997
820.0	7.0	1.69403366738	10.7404069665
830.0	6.0	0.0677697652994	11.4955265728
830.0	7.0	1.19333717158	10.6821739754
840.0	7.0	0.692851140887	10.624179644
850.0	7.0	0.192365110198	10.5661853127
890.0	13.0	15.1113948711	8.75881464948
900.0	13.0	14.494942565	8.77575949526
910.0	13.0	13.878700724	8.79294300084
920.0	13.0	13.2548821391	8.83279918739
930.0	13.0	12.6018089039	8.96453939684
940.0	13.0	11.9485252037	9.09627960628
950.0	13.0	11.2979775498	9.2461579605
960.0	13.0	10.6529019888	9.43851775907
970.0	13.0	10.0080368929	9.63111621744
980.0	13.0	9.36190900636	9.81727086121
990.0	13.0	8.71199274784	9.97884354562
1000.0	13.0	8.06207648932	10.1401775702
1010.0	13.0	7.41216023079	10.3017502546
1020.0	13.0	6.75761373986	10.3852811845
1030.0	13.0	6.10180445826	10.4497193305
1040.0	13.0	5.44473238601	10.5346822192
1050.0	13.0	4.78218822091	10.7024600583
1060.0	13.0	4.11964405581	10.8704765573
1070.0	13.0	3.46488709977	11.0074672824
1080.0	13.0	2.81791735278	11.1136708933
1090.0	13.0	2.17094760579	11.2196358443
1100.0	13.0	1.49956390608	11.3423069814
1110.0	13.0	0.822076718197	11.469035335
1120.0	13.0	0.144589530313	11.5960023485
1200.0	20.0	11.9906182256	8.161210511
1210.0	20.0	11.4349903362	8.27576721486
1220.0	20.0	10.8793624468	8.39032391873
1230.0	20.0	10.3580403702	8.4927089728
1240.0	20.0	9.85124038624	8.59008217109
1250.0	20.0	9.34465086737	8.68721670957
1260.0	20.0	8.7658718159	8.73494866951
1270.0	20.0	8.18709276443	8.78268062945
1280.0	20.0	7.68387068732	8.82420743461
1290.0	20.0	7.18043814509	8.86573423976
1300.0	20.0	6.66648234739	8.96764197423
1310.0	20.0	6.14789631727	9.09556362688
1310.0	22.0	14.7805437188	5.88272540314
1310.0	24.0	14.9358669697	4.4125810369
1320.0	20.0	5.62909982204	9.22324661973
1320.0	22.0	14.3219402449	5.85217694877
1320.0	24.0	14.4787367516	4.39873876852
1330.0	20.0	5.05453007277	9.4079693047
1330.0	22.0	13.8631263059	5.82138983461
1330.0	24.0	14.0218169986	4.38513515993
1340.0	20.0	4.4736463702	9.59889714447
1340.0	22.0	13.404522832	5.79084138025
1340.0	24.0	13.5646867805	4.37153155135
1350.0	20.0	3.91465103903	9.7475821997
1350.0	22.0	12.9646507529	5.78940942145
1350.0	24.0	13.1258670269	4.34718825178
1360.0	20.0	3.38848826497	9.83278374819
1360.0	22.0	12.5437205337	5.81709395822
1360.0	24.0	12.6946240173	4.31807175622
1370.0	20.0	2.86232549091	9.91798529669
1370.0	22.0	12.1227903144	5.84501715478
1370.0	24.0	12.2633810077	4.28895526065
1380.0	20.0	2.32963829844	10.02132499
1380.0	22.0	11.7018600952	5.87270169155
1380.0	24.0	11.8323484631	4.25983876509
1390.0	20.0	1.79253133868	10.1363590134
1390.0	22.0	11.2765101086	5.88511200113
1390.0	24.0	11.4594042889	4.11974546265
1400.0	20.0	1.25563484403	10.2516316967
1400.0	22.0	10.8341124482	5.83618674219
1400.0	24.0	11.125606625	3.90590628211
1410.0	20.0	0.739574395224	10.3924409785
1410.0	22.0	10.3915043227	5.78726148325
1410.0	24.0	10.7918089612	3.69182844177
1420.0	20.0	0.232563946136	10.5444672709
1420.0	22.0	9.94910666222	5.73833622431
1420.0	24.0	10.4230740891	3.52452792217
1430.0	20.0	-0.274656968061	10.6962549036
1430.0	22.0	9.5201787688	5.67127282059
1430.0	24.0	10.0391857291	3.37703616595
1440.0	22.0	9.12345203716	5.56220529212
1440.0	24.0	9.65529736918	3.22954440972
1450.0	22.0	8.7265148404	5.45313776365
1450.0	24.0	9.23205203372	3.13527378884
1460.0	22.0	8.32957764365	5.34383157538
1460.0	24.0	8.71641251514	3.1651062638
1470.0	22.0	7.93811253975	5.30349806923
1470.0	24.0	8.20077299656	3.19493873876
1480.0	22.0	7.5479102265	5.28010940886
1480.0	24.0	7.68513347798	3.22477121373
1490.0	22.0	7.15791837836	5.25695940829
1490.0	24.0	7.17201954071	3.26963925607
1500.0	22.0	6.76771606512	5.23357074792
1500.0	24.0	6.66479862651	3.34911296938
1510.0	22.0	6.33036956732	5.20159033475
1510.0	24.0	6.1573672472	3.42882534248
1520.0	22.0	5.87260795388	5.1657913648
1520.0	24.0	5.65014633301	3.50829905579
1530.0	22.0	5.41484634045	5.12999239484
1530.0	24.0	5.18901727782	3.55603101573
1540.0	22.0	4.95708472701	5.09419342488
1540.0	24.0	4.79671031348	3.55603101573
1550.0	22.0	4.52163241519	5.07175940371
1550.0	24.0	4.40440334913	3.55603101573
1560.0	22.0	4.09565103331	5.05505321773
1560.0	24.0	4.0123068499	3.55603101573
1560.0	27.0	9.76642294706	9.21680280513
1570.0	22.0	3.66988011654	5.03858569155
1570.0	24.0	3.61999988556	3.55603101573
1570.0	27.0	9.76894852838	9.16859352559
1580.0	22.0	3.24410919977	5.02187950557
1580.0	24.0	3.09636269281	3.52834647896
1580.0	27.0	9.77126364458	9.12038424605
1590.0	22.0	2.81202432971	5.00493465979
1590.0	24.0	2.57251503495	3.5004232824
1590.0	27.0	9.77357876079	9.07193630671
1600.0	22.0	2.37046852971	4.98751249441
1600.0	24.0	2.0488778422	3.47273874563
1600.0	27.0	9.775893877	9.02372702717
1610.0	22.0	1.92912319483	4.96985166923
1610.0	24.0	1.52524064946	3.44505420886
1610.0	27.0	9.77841945831	8.97551774762
1620.0	22.0	1.48756739483	4.95242950385
1620.0	24.0	1.04011857177	3.5013779216
1620.0	27.0	9.78073457452	8.92730846808
1630.0	22.0	1.06221740828	4.96483981344
1630.0	24.0	0.571623237743	3.59373926409
1630.0	27.0	9.78304969072	8.87886052874
1640.0	22.0	0.674119746131	5.04693878454
1640.0	24.0	0.103127903717	3.68610060657
1640.0	27.0	9.78536480693	8.8306512492
1650.0	22.0	0.286022083981	5.12903775564
1650.0	27.0	9.67487062438	8.60511773847
1660.0	22.0	-0.101865113059	5.21089806694
1660.0	27.0	9.45114621284	8.20249865635
1670.0	27.0	9.18532877939	7.65596771501
1680.0	27.0	8.97339041399	7.06552337052
1690.0	27.0	8.8203822793	6.44715582946
1700.0	27.0	8.68968344622	5.85599550557
1710.0	27.0	8.61075903011	5.3290346678
1720.0	27.0	8.531834614	4.80207383003
1730.0	27.0	8.47437763907	4.39444289212
1740.0	27.0	8.41944624546	4.000176903
1750.0	27.0	8.40597647844	3.69922689556
1760.0	27.0	8.42007764079	3.46056709585
1770.0	27.0	8.43396833802	3.22190729613
1780.0	30.0	12.813115874	9.162149711
1780.0	31.0	1.78432319941	11.0604497579
1790.0	30.0	12.2379147294	9.39293373732
1790.0	31.0	2.40014411017	10.8573502684
1800.0	30.0	11.6625031197	9.62347910385
1800.0	31.0	3.01596502093	10.654012119
1810.0	30.0	11.0908798819	9.86118426436
1810.0	31.0	3.59137663065	10.4499579903
1820.0	30.0	10.5272543184	10.1153569511
1820.0	31.0	4.14005917144	10.2454265419
1830.0	30.0	9.96383921989	10.3692909779
1830.0	31.0	4.68895217735	10.0406564337
1840.0	30.0	9.39789854011	10.6220317058
1840.0	31.0	5.32139983177	9.89936983231
1850.0	30.0	8.8226973955	10.868567279
1850.0	31.0	5.97489399716	9.77383477766
1860.0	30.0	8.2474962509	11.1151028521
1860.0	31.0	6.60860444224	9.6585620944
1870.0	30.0	7.67545208293	11.334431208
1870.0	31.0	7.23999977112	9.54424405034
1880.0	30.0	7.11687768199	11.4446920355
1880.0	31.0	7.8583462632	9.36524920056
1890.0	30.0	6.55851374615	11.5547142031
1890.0	31.0	8.46785322067	9.14305692702
1900.0	30.0	6.01193585645	11.5862172967
1900.0	31.0	9.07757064326	8.92086465349
1910.0	30.0	5.47335564092	11.5652152343
1910.0	31.0	9.74369271522	8.69389918396
1920.0	30.0	4.93477542539	11.5442131719
1920.0	31.0	10.4340182748	8.46478577624
1930.0	30.0	4.4037719538	11.513187398
1930.0	31.0	11.1281322063	8.27624453446
1940.0	30.0	3.90223359757	11.4430214169
1940.0	31.0	11.8373996258	8.24975329669
1950.0	30.0	3.40090570644	11.3728554357
1950.0	31.0	12.5468775103	8.22326205893
1960.0	30.0	2.8993673502	11.3026894546
1960.0	31.0	13.2426751627	8.20273731615
1970.0	30.0	2.38646387804	11.3933801785
1970.0	31.0	13.9252135133	8.18817906837
1980.0	30.0	1.87040342924	11.5241657488
1980.0	31.0	14.6075413987	8.17362082059
1990.0	30.0	1.35434298044	11.654951319
1990.0	31.0	15.2898692841	8.1593012326
2000.0	30.0	0.851962763764	11.7477899811
2010.0	30.0	0.355265105048	11.824161117
2020.0	30.0	-0.141432553668	11.9005322529
2110.0	34.0	15.2614564943	8.65404299741
2120.0	34.0	14.3006832688	8.82015021801
2130.0	34.0	13.3399100434	8.98601877881
2140.0	34.0	12.3980786778	9.160956412
2150.0	34.0	11.4751891721	9.34448579798
2160.0	34.0	10.5522996664	9.52801518396
2170.0	34.0	9.61909737033	9.64949302201
2180.0	34.0	8.68463228359	9.76404972588
2190.0	34.0	7.76700440562	9.89388065692
2200.0	34.0	6.87463234081	10.0466229287
2200.0	37.0	6.00267539163	12.4399034003
2210.0	34.0	5.982260276	10.1993652006
2210.0	37.0	6.02435329792	12.1107915365
2220.0	34.0	5.12798239603	10.363324483
2220.0	37.0	6.04624166932	11.7816796727
2230.0	34.0	4.27812428336	10.5284770644
2230.0	37.0	6.07233934292	11.4449306953
2240.0	34.0	3.42531965916	10.7010280996
2240.0	37.0	6.10853934177	11.0909982123
2250.0	34.0	2.56599061655	10.8898080011
2250.0	37.0	6.14494980574	10.7373043891
2260.0	34.0	1.70645110884	11.0788265625
2260.0	37.0	6.17504631641	10.3785987101
2270.0	34.0	0.799767416577	11.2647425465
2270.0	37.0	6.19609282738	10.0124945774
2280.0	34.0	-0.11217790343	11.4504198707
2280.0	37.0	6.21713933834	9.64662910442
2290.0	37.0	6.23271375645	9.28052497166
2300.0	37.0	6.2402905004	8.9139435193
2310.0	37.0	6.24786724434	8.54736206694
2320.0	37.0	6.21293003615	8.21467030614
2330.0	37.0	6.14979050326	7.90441256651
2340.0	37.0	6.08665097037	7.59415482688
2350.0	37.0	5.9801556249	7.25525791129
2360.0	37.0	5.84482655941	6.89726821172
2370.0	37.0	5.70970795903	6.53927851215
2380.0	37.0	5.70570912195	6.25694396909
2390.0	37.0	5.73475330708	5.99370221
2400.0	37.0	5.7637974922	5.73022179112
2440.0	41.0	15.2806088193	9.02134042917
2450.0	41.0	14.5063076809	9.02134042917
2460.0	41.0	13.7320065426	9.02134042917
2470.0	41.0	12.9579158694	9.02134042917
2480.0	41.0	12.150782174	9.19627806236
2490.0	41.0	11.3400705717	9.39078579912
2500.0	41.0	10.5354624576	9.59818116508
2510.0	41.0	9.75505783114	9.85664972817
2520.0	41.0	8.97465320465	10.1151182913
2530.0	41.0	8.2258183446	10.3807466483
2540.0	41.0	7.48498115872	10.648045624
2550.0	41.0	6.75845560029	10.9337214043
2560.0	41.0	6.06581492452	11.2618786289
2570.0	41.0	5.37296378363	11.5900358535
2570.0	42.0	14.6942530238	8.64926980142
2580.0	41.0	4.72031147868	11.8890765825
2580.0	42.0	13.9864588602	8.57337598511
2590.0	41.0	4.07207894103	12.1850147342
2590.0	42.0	13.2668786504	8.55595381973
2600.0	41.0	3.44110454238	12.498613711
2600.0	42.0	12.5207798367	8.67528371958
2610.0	41.0	2.8360173522	12.8387039256
2610.0	42.0	11.7734182325	8.79389764004
2620.0	41.0	2.23093016203	13.1787941402
2620.0	42.0	11.0157438378	8.90511310671
2630.0	41.0	1.62584297186	13.5188843548
2630.0	42.0	10.2580694431	9.01656723317
2640.0	41.0	1.02075578168	13.8589745694
2640.0	42.0	9.50376249025	9.12539610184
2650.0	42.0	8.77976251314	9.21131362974
2660.0	42.0	8.05576253603	9.29723115764
2670.0	42.0	7.31724046635	9.39532033532
2680.0	42.0	6.56882653652	9.50128528639
2690.0	42.0	5.8206230718	9.60748889726
2730.0	44.0	10.0490775893	6.89249501572
2740.0	44.0	9.99982875364	7.15502079541
2750.0	44.0	9.95079038309	7.41754657509
2760.0	44.0	9.90175201255	7.68007235478
2770.0	44.0	9.84071713076	7.9982058678
2780.0	44.0	9.77652527233	8.3301816492
2790.0	44.0	9.7060194606	8.58769557309
2800.0	44.0	9.62877876537	8.77074763947
2810.0	44.0	9.55153807014	8.95379970585
2820.0	44.0	9.36211947147	9.08673321429
2830.0	44.0	9.06010203916	9.16978682459
2840.0	44.0	8.78165669913	9.23016775392
2850.0	44.0	8.5974997282	9.20033527895
2860.0	44.0	8.41334275728	9.17050280399
2870.0	44.0	8.22918578636	9.14067032903
2880.0	44.0	8.06691718684	9.01799919197
2890.0	44.0	7.90443812221	8.89508939512
2900.0	44.0	7.74216952268	8.77241825807
2910.0	44.0	7.67334743184	8.65141773961
2920.0	44.0	7.69797184966	8.53208783976
2930.0	44.0	7.7228067326	8.4127579399
2940.0	44.0	7.74764161553	8.29342804004
2960.0	48.0	14.7073018606	9.00702084119
2970.0	48.0	14.1095809493	8.97838166522
2980.0	48.0	13.511860038	8.94974248925
2990.0	48.0	12.989696101	9.06453785292
3000.0	48.0	12.4673216989	9.17957187638
3010.0	48.0	11.920322879	9.33756466379
3010.0	49.0	8.89130902124	8.48149196222
3020.0	48.0	11.3152356888	9.59603322688
3020.0	49.0	9.19900901151	8.33471618539
3030.0	48.0	10.7101484986	9.85474044977
3030.0	49.0	9.50649853668	8.18794040857
3040.0	48.0	10.1128485175	10.0595105579
3040.0	49.0	9.86176364172	8.11968370585
3040.0	50.0	0.111546508102	10.1883868498
3050.0	48.0	9.51660086194	10.2583141711
3050.0	49.0	10.2643833964	8.12994607724
3050.0	50.0	0.469337194465	9.97359303003
3060.0	48.0	8.91530204374	10.4342064435
3060.0	49.0	10.6615310583	8.13662855163
3060.0	50.0	0.827127880828	9.75879921028
3070.0	48.0	8.30916252802	10.5869487153
3070.0	49.0	11.0374217441	8.12803679884
3070.0	50.0	1.18491856719	9.54400539054
3080.0	48.0	7.70302301229	10.7396909871
3080.0	49.0	11.4133124299	8.11944504605
3080.0	50.0	1.54733948597	9.35952136536
3090.0	48.0	7.01732768513	10.8859894443
3090.0	49.0	11.8453972999	8.13615123203
3090.0	50.0	1.91018133496	9.17861723718
3100.0	48.0	6.33163235797	11.0322879016
3100.0	49.0	12.361878679	8.19032700657
3100.0	50.0	2.27302318396	8.9974744492
3110.0	48.0	5.64593703081	11.1785863588
3110.0	49.0	12.8261647108	8.26383422488
3110.0	50.0	2.59229875526	8.89055485893
3110.0	51.0	14.7830693001	8.32922701
3120.0	48.0	4.99328472587	11.3454095588
3120.0	49.0	13.0810379586	8.4146672183
3120.0	50.0	2.91157432656	8.78339660885
3120.0	51.0	13.6057274769	7.97672648582
3130.0	48.0	4.34442079289	11.514380697
3130.0	49.0	13.3274926019	8.48578783861
3130.0	50.0	3.21885338661	8.68101155478
3130.0	51.0	12.602019369	7.16886306379
3140.0	48.0	3.70418592941	11.6499394632
3140.0	49.0	13.5547949203	8.37123113475
3140.0	50.0	3.41563826411	8.61943732645
3140.0	51.0	11.7439531171	6.95597852245
3150.0	48.0	3.07279060053	11.7523245173
3150.0	49.0	13.7820972387	8.25667443089
3150.0	50.0	3.61263360672	8.55786309812
3150.0	51.0	11.0433147672	6.93927233647
3160.0	48.0	2.43718596946	11.8518456538
3160.0	49.0	13.6286681738	8.18603113017
3160.0	50.0	3.80941848422	8.4962888698
3160.0	51.0	10.4365438561	7.00967697738
3170.0	48.0	1.79526738511	11.9473095737
3170.0	49.0	13.3798984142	8.12636618024
3170.0	50.0	3.85887778498	8.48793577681
3170.0	51.0	10.4232845542	7.14189450642
3180.0	48.0	1.15755810294	12.0566157619
3180.0	49.0	13.1311286546	8.06670123031
3180.0	50.0	3.90854755086	8.47934402402
3180.0	51.0	10.4759008316	7.28103316966
3190.0	48.0	0.526162774064	12.1869240126
3190.0	49.0	12.8823588951	8.00703628039
3190.0	50.0	3.95800685162	8.47099093103
3190.0	51.0	10.8017008213	7.50680534019
3200.0	48.0	-0.105232554813	12.3169936034
3200.0	49.0	12.6335891355	7.94737133046
3200.0	50.0	4.00746615238	8.46263783804
3200.0	51.0	11.4282554527	7.68794812817
3210.0	50.0	4.05692545314	8.45428474505
3210.0	51.0	12.1648833364	7.34475533618
3220.0	50.0	4.10659521901	8.44569299226
3220.0	51.0	12.732507737	7.17984141458
3230.0	50.0	4.15605451978	8.43733989927
3230.0	51.0	13.1873228389	7.13354141344
3240.0	50.0	4.20551382054	8.42898680628
3240.0	51.0	13.6421379408	7.08748007209
3250.0	50.0	4.39872079117	8.38030020714
3250.0	51.0	13.964991419	7.1612259502
3260.0	50.0	4.73546496657	8.29175742144
3260.0	51.0	14.1556728083	7.35525636737
3270.0	50.0	5.07220914198	8.20297597595
3270.0	51.0	14.3465646627	7.54904812474
3280.0	50.0	5.40895331738	8.11443319026
3280.0	51.0	14.5372460521	7.7430785419
3290.0	50.0	5.84166958277	7.9951032904
3300.0	50.0	6.27417538305	7.87577339054
3310.0	50.0	6.70689164844	7.75644349069
3320.0	50.0	7.18864628437	7.63711359083
3330.0	50.0	7.74385324356	7.51778369097
3340.0	50.0	8.29927066786	7.39845379112
3350.0	50.0	8.85468809217	7.27912389126
3360.0	50.0	9.39179505193	7.09798110328
3370.0	50.0	9.92406131417	6.90156408811
3380.0	50.0	10.4563275764	6.70490841315
3390.0	50.0	11.0109031403	6.54739294534
3400.0	50.0	11.5987321915	6.44882644806
3410.0	50.0	12.1865612426	6.35002129098
3420.0	50.0	12.7436623878	6.28391252646
3430.0	50.0	13.2698251619	6.2505001545
3440.0	50.0	13.795987936	6.21708778254
3450.0	50.0	14.32215071	6.18367541058
3460.0	50.0	14.8483134841	6.15026303862
3460.0	54.0	-0.161637204192	11.0554379021
3470.0	50.0	15.3744762581	6.11685066666
3470.0	54.0	0.727998814195	10.957826044
3480.0	54.0	1.61763483258	10.860214186
3490.0	54.0	2.49801038615	10.7824110913
3500.0	54.0	3.36891500978	10.7248940795
3510.0	54.0	4.23981963341	10.6673770678
3520.0	54.0	5.07747076972	10.6174971697
3520.0	55.0	0.131540693516	11.0396863553
3530.0	54.0	5.89302306951	10.5726291273
3530.0	55.0	0.815552299799	10.9375399611
3540.0	54.0	6.70857536931	10.5279997448
3540.0	55.0	1.49956390608	10.835154907
3550.0	54.0	7.51276255319	10.4480487119
3550.0	55.0	2.18126039616	10.7418389253
3560.0	54.0	8.3001125283	10.3153538632
3560.0	55.0	2.85727432828	10.669525006
3570.0	54.0	9.08746250341	10.1828976744
3570.0	55.0	3.53328826039	10.5972110867
3580.0	54.0	9.87607526918	10.035644578
3580.0	55.0	4.20930219251	10.5248971674
3590.0	54.0	10.6653194303	9.88218632673
3590.0	55.0	4.88826263616	10.4401729385
3600.0	54.0	11.4545635914	9.72872807552
3600.0	55.0	5.56722307981	10.3554487096
3610.0	54.0	12.2334949621	9.67598425978
3610.0	55.0	6.24597305836	10.2707244807
3610.0	56.0	11.0454194183	8.44259041486
3620.0	54.0	13.0113740073	9.63469611443
3620.0	55.0	6.88220908475	10.2022291182
3620.0	56.0	11.0060624428	8.62158526465
3630.0	54.0	13.805669331	9.54328941114
3630.0	55.0	7.51360441363	10.1354043742
3630.0	56.0	10.9664950021	8.80058011443
3640.0	54.0	14.6109088404	9.41870899569
3640.0	55.0	8.12479509198	10.0876724143
3640.0	56.0	10.9271380266	8.97957496422
3650.0	54.0	15.4161483499	9.29412858024
3650.0	55.0	8.70567879455	10.0685796303
3650.0	56.0	10.9231391896	9.1626270306
3660.0	55.0	9.28656249712	10.0494868463
3660.0	56.0	10.9231391896	9.34639507638
3670.0	55.0	9.84008573543	10.0062894226
3670.0	56.0	10.906722911	9.44997342945
3680.0	55.0	10.3904519971	9.96046674104
3680.0	56.0	10.8517915174	9.36691981915
3690.0	55.0	10.9477636074	9.87884508954
3690.0	56.0	10.7968601238	9.28386620885
3700.0	55.0	11.521070566	9.71416982774
3700.0	56.0	10.6956264061	9.14234094762
3710.0	55.0	12.0945879897	9.54973322573
3710.0	56.0	10.5941822232	9.00105434619
3720.0	55.0	12.6874682036	9.36787445835
3720.0	56.0	10.4929485055	8.85952908496
3730.0	55.0	13.3096030676	9.1604790924
3740.0	55.0	13.9327902572	8.96286877824
3750.0	55.0	14.5641855861	8.85427856937
3760.0	55.0	15.195580915	8.7456883605
4020.0	63.0	14.8419995308	10.3960208755
4030.0	63.0	14.2611158282	10.5201239714
4040.0	63.0	13.6802321257	10.6442270672
4050.0	63.0	13.1246042362	10.796969339
4060.0	63.0	12.5689763468	10.9497116109
4070.0	63.0	12.0133484574	11.0499487267
4080.0	63.0	11.457720568	11.0976806867
4090.0	63.0	10.9020926786	11.1454126466
4100.0	63.0	10.2949008373	11.2189198649
4110.0	63.0	9.68791946117	11.2921884234
4120.0	63.0	9.11671715365	11.3840724463
4130.0	63.0	8.59918344908	11.5034023462
4140.0	63.0	8.08186020962	11.622732246
4150.0	63.0	7.53465092459	11.7420621459
4160.0	63.0	6.98744163957	11.8613920458
4170.0	63.0	6.44023235454	11.9807219456
4180.0	63.0	5.91806841756	12.0690260715
4190.0	63.0	5.39569401547	12.1575688572
4200.0	63.0	4.87353007849	12.2458729831
4220.0	64.0	2.29406969492	11.3401590432
4230.0	64.0	2.92546502379	11.1396848114
4240.0	64.0	3.55686035267	10.9392105797
4250.0	64.0	4.18025800738	10.7069945945
4260.0	64.0	4.79860449946	10.4532992274
4270.0	64.0	5.41674052643	10.1998425202
4280.0	64.0	6.03129864654	9.9077229253
4280.0	67.0	15.2242041699	7.17315894019
4290.0	64.0	6.64017420869	9.55832497852
4290.0	67.0	14.4496925665	7.10633419627
4300.0	64.0	7.24904977083	9.20892703174
4300.0	67.0	13.675180963	7.03950945235
4310.0	64.0	7.88591719256	8.92038733389
4310.0	67.0	12.8878309879	6.9927321316
4320.0	64.0	8.54172647415	8.67241980199
4320.0	67.0	12.070174037	6.9927321316
4330.0	64.0	9.19732529064	8.42469092988
4330.0	67.0	11.2525170861	6.9927321316
4340.0	64.0	9.80893689921	8.42469092988
4340.0	67.0	10.467061297	7.06242079312
4350.0	64.0	10.4207589729	8.42469092988
4350.0	67.0	9.69549620512	7.1617032698
4360.0	64.0	11.0323705815	8.42469092988
4360.0	67.0	8.95886832143	7.29248884004
4370.0	64.0	11.6949147466	8.4962888698
4370.0	67.0	8.30411136538	7.4955883296
4380.0	64.0	12.3700868182	8.58578629469
4380.0	67.0	7.64914394423	7.69892647896
4390.0	64.0	13.0526251688	8.60010588267
4390.0	67.0	7.00364745301	7.93448370127
4400.0	64.0	13.7458972399	8.50201670499
4400.0	67.0	6.36404398486	8.19152030556
4410.0	64.0	14.439169311	8.40368886751
4410.0	67.0	5.72465098181	8.44855690986
4420.0	64.0	15.1324413821	8.30536103003
4420.0	67.0	4.98381379593	8.68721670957
4430.0	67.0	4.24297661005	8.92587650928
4440.0	67.0	3.51224174943	9.15069404061
4450.0	67.0	2.79181967918	9.36190796336
4460.0	67.0	2.07139760893	9.57312188611
4470.0	67.0	1.4059069323	9.89483529612
4480.0	67.0	0.746519743842	10.2289590157
4490.0	67.0	0.0869220902753	10.5630827353
4510.0	69.0	9.42820551589	13.0472925905
4520.0	69.0	9.37432644783	12.7902559862
4530.0	69.0	9.32044737977	12.533219382
4540.0	69.0	9.26635784659	12.2761827777
4550.0	69.0	9.23941831256	11.988597719
4560.0	69.0	9.23941831256	11.670464206
4570.0	69.0	9.23941831256	11.352330693
4580.0	69.0	9.24531133563	11.0368224377
4590.0	69.0	9.27435552076	10.7322925333
4600.0	69.0	9.30318924078	10.4277626289
4610.0	69.0	9.32360435641	10.1215621058
4620.0	69.0	9.32360435641	9.81130436622
4630.0	69.0	9.30339970589	9.47908992502
4640.0	69.0	9.23562994059	9.09556362688
4650.0	69.0	9.1680706404	8.71203732874
4660.0	69.0	9.12324157205	8.3308976286
4670.0	69.0	9.10156366576	7.95238318625
4680.0	69.0	9.07967529435	7.57363008411
4690.0	69.0	9.08009622457	7.19225172416
4700.0	69.0	9.09503924736	6.80872542603
4710.0	69.0	9.11019273525	6.42496046809
4720.0	69.0	9.14681366433	5.9970434472
4730.0	69.0	9.18890668625	5.55790941573
4740.0	69.0	9.22594854554	5.13762950843
4750.0	69.0	9.25162528892	4.76174032388
4760.0	69.0	9.27709156718	4.38561247953
4770.0	69.0	9.30255784545	4.00948463519
4780.0	69.0	9.17312180303	3.59636452188
4790.0	69.0	9.0434752955	3.18324440858
4800.0	69.0	8.92224739236	2.7517474907
4810.0	69.0	8.81301600046	2.29208871645
4820.0	69.0	8.70399507367	1.8324299422
4830.0	69.0	8.58887065871	1.37993096194
4840.0	69.0	8.47122066243	0.930773218882
4850.0	69.0	8.35357066615	0.481615475822
4860.0	69.0	8.23592066987	0.0322190729613
5230.0	87.0	5.09788588535	11.2179652257
5240.0	87.0	5.61247307838	11.1559136778
5240.0	88.0	14.8422099959	8.29175742144
5250.0	87.0	6.12684980631	11.0941007897
5250.0	88.0	14.3461437325	8.36001412416
5260.0	87.0	6.64143699934	11.0322879016
5260.0	88.0	13.8500774691	8.42803216708
5270.0	87.0	7.14865791354	10.9320507857
5270.0	88.0	13.3464344618	8.54736206694
5280.0	87.0	7.6550369673	10.8277564532
5280.0	88.0	12.8394240127	8.68841000857
5290.0	87.0	8.16141602106	10.7232234609
5290.0	88.0	12.3534600746	8.77385021687
5300.0	87.0	8.68442181848	10.6363512938
5300.0	88.0	11.8887531125	8.80368269183
5310.0	87.0	9.21437296452	10.5566389207
5310.0	88.0	11.4206787087	8.84377753818
5320.0	87.0	9.74453457566	10.4771652074
5320.0	88.0	10.92398105	8.97742702602
5330.0	87.0	10.2618578151	10.3876677825
5330.0	88.0	10.4272833913	9.11107651386
5340.0	87.0	10.7793915197	10.2981703576
5340.0	88.0	9.94573922046	9.26190950728
5350.0	87.0	11.2971356894	10.1688167462
5350.0	88.0	9.4742973749	9.42419817108
5360.0	87.0	11.8150903242	10.0127332372
5360.0	88.0	9.00348692467	9.58815745349
5370.0	87.0	12.3332554241	9.85664972817
5370.0	88.0	8.53877996262	9.76715230327
5380.0	87.0	12.8594181981	9.66381261
5380.0	88.0	8.07407300056	9.94614715306
5390.0	87.0	13.3855809722	9.47121415163
5390.0	88.0	7.57969045805	9.96953581343
5400.0	87.0	13.8976425839	9.29174198224
5400.0	88.0	7.07268000897	9.92609972988
5410.0	87.0	14.3888681498	9.13279455563
5410.0	88.0	6.57808700135	9.91989457509
5410.0	92.0	0.360316267679	12.52367299
5420.0	87.0	14.8798832505	8.97360846923
5420.0	88.0	6.0961219003	9.95068168925
5420.0	92.0	1.07063601267	12.4241518535
5430.0	87.0	15.3708983513	8.81442238282
5430.0	88.0	5.61394633415	9.98146880342
5430.0	92.0	1.78095575765	12.3248693768
5440.0	88.0	5.11282890813	10.0327806604
5440.0	92.0	2.56409643057	12.1444425682
5450.0	88.0	4.58308822721	10.1151182913
5450.0	92.0	3.35502431254	11.955185347
5460.0	88.0	4.05334754628	10.1974559222
5460.0	92.0	4.14616265962	11.7659281259
5470.0	88.0	3.5290789582	10.2683378827
5470.0	92.0	4.7775579885	11.5699884303
5480.0	88.0	3.01049292808	10.3280028326
5480.0	92.0	5.40895331738	11.3738100749
5490.0	88.0	2.49169643286	10.3876677825
5490.0	92.0	6.08054748219	11.148515224
5500.0	88.0	1.94890691513	10.4406502581
5500.0	92.0	6.91335792098	10.8060384114
5510.0	88.0	1.39601507215	10.4905301562
5510.0	92.0	7.74595789466	10.4635615988
5520.0	88.0	0.84291276405	10.5404100543
5520.0	92.0	8.50363228931	10.1544971582
5530.0	88.0	0.289810455954	10.5902899525
5530.0	92.0	9.25288807958	9.84901261457
5540.0	88.0	-0.263291852142	10.6404085104
5540.0	92.0	9.99709270721	9.52252600857
5550.0	92.0	10.7337205909	9.164536309
5560.0	92.0	11.4823449858	8.80559197023
5570.0	92.0	12.2783240304	8.44235175506
5580.0	92.0	13.0745135402	8.0791115399
5590.0	92.0	13.8511297947	7.81944967781
5600.0	92.0	14.6256413981	7.57124348611
5610.0	92.0	15.4001530015	7.32303729441
