560.0	15.0	15.2627192849	5.22402435593
570.0	15.0	14.7792809281	5.4097016801
580.0	15.0	14.2960530364	5.59514034448
590.0	15.0	13.8128251447	5.78081766866
600.0	15.0	13.2995007423	5.92305890929
610.0	15.0	12.7828088982	6.06052695392
620.0	15.0	12.2663275192	6.19799499856
630.0	15.0	11.7921496272	6.36648881716
640.0	15.0	11.3465949901	6.55622335793
650.0	15.0	10.9008298879	6.7457192389
660.0	15.0	10.4550647858	6.92471408869
670.0	15.0	10.0086682882	7.06218213332
680.0	15.0	9.56206132562	7.19965017796
690.0	15.0	9.1156648281	7.33687956279
700.0	15.0	8.62906949465	7.42947956508
710.0	15.0	8.13805439389	7.51706771157
720.0	15.0	7.64682882802	7.60441719827
730.0	15.0	7.18822535415	7.72350843833
740.0	15.0	6.73319978714	7.84617957538
750.0	15.0	6.27817422013	7.96861205263
760.0	15.0	5.82651609487	8.0755316429
770.0	15.0	5.38895913196	8.11944504605
780.0	15.0	4.95140216905	8.1633584492
790.0	15.0	4.51384520614	8.20727185235
800.0	15.0	4.05671498803	8.23089917252
810.0	15.0	3.56990918947	8.22326205893
820.0	15.0	3.08331385601	8.21586360514
830.0	15.0	2.6085045687	8.22636463632
840.0	15.0	2.18083946594	8.30846360742
850.0	15.0	1.75338482829	8.39032391873
860.0	15.0	1.32593019064	8.47242288983
870.0	15.0	1.01359996796	8.65714557481
880.0	15.0	0.701269745272	8.84186825978
890.0	15.0	0.388939522588	9.02682960456
900.0	15.0	0.310436036698	9.22778115592
910.0	15.0	0.257819759291	9.43064198568
920.0	15.0	0.205203481885	9.63350281543
930.0	15.0	0.152587204479	9.83636364519
1200.0	24.0	-0.0172581389893	9.20463115535
1210.0	24.0	0.250663945564	8.9117955811
1220.0	24.0	0.518586030117	8.61896000685
1230.0	24.0	0.800398811906	8.37170845435
1230.0	28.0	0.383256964628	4.92331300829
1240.0	24.0	1.09631275604	8.17027958339
1240.0	28.0	0.939516249368	4.88918465693
1250.0	24.0	1.39243716528	7.96908937223
1250.0	28.0	1.49577553411	4.85505630557
1260.0	24.0	1.69213948139	7.81133524462
1260.0	28.0	2.03582900541	4.87438774935
1270.0	24.0	2.00089179721	7.75572751129
1270.0	28.0	2.5691475932	4.9168691937
1280.0	24.0	2.30943364792	7.69988111816
1280.0	28.0	3.10225571588	4.95935063805
1290.0	24.0	2.64428363734	7.65023987981
1290.0	28.0	3.63536383856	5.00183208239
1300.0	24.0	3.03953711321	7.61396359026
1300.0	28.0	4.19267544885	5.04670012474
1310.0	24.0	3.4350010542	7.5779259605
1310.0	28.0	4.84553821891	5.10183053847
1320.0	24.0	3.83046499518	7.54164967095
1320.0	28.0	5.49861145408	5.15696095221
1330.0	24.0	4.22592893617	7.4982135874
1330.0	28.0	6.15147422413	5.21185270614
1340.0	24.0	4.62139287716	7.45477750385
1340.0	28.0	6.79149862251	5.28178002746
1350.0	24.0	5.01664635303	7.4115800801
1350.0	28.0	7.4014265102	5.38583570013
1360.0	24.0	5.37464750451	7.35143781057
1360.0	28.0	8.01114393279	5.48989137281
1370.0	24.0	5.71665330765	7.28437440685
1370.0	28.0	8.62107182048	5.59370838568
1380.0	24.0	6.05865911079	7.21731100313
1380.0	28.0	9.23647180103	5.65623725321
1390.0	24.0	6.41118816941	7.12996151644
1390.0	28.0	9.86029038596	5.65623725321
1400.0	24.0	6.77424048352	7.02256460657
1400.0	28.0	10.4841089709	5.65623725321
1410.0	24.0	7.13729279762	6.9151676967
1410.0	28.0	11.0540484878	5.61781302545
1420.0	24.0	7.50034511172	6.80777078683
1420.0	28.0	11.5879984709	5.55385219913
1430.0	24.0	7.84613928684	6.71326150614
1430.0	28.0	12.1217379889	5.48965271301
1440.0	24.0	8.17467532297	6.63187851444
1440.0	28.0	12.655687972	5.42569188669
1450.0	24.0	8.50321135909	6.55025686294
1450.0	28.0	13.1292344687	5.28297332646
1460.0	24.0	8.83174739522	6.46887387123
1460.0	28.0	13.542587944	5.06125837252
1470.0	24.0	9.1659659893	6.40443572531
1470.0	28.0	13.9561518844	4.83978207839
1480.0	24.0	9.50860318777	6.36553417796
1480.0	28.0	14.3747669874	4.61949908325
1490.0	24.0	9.85124038624	6.3266326306
1490.0	28.0	14.7956972067	4.39993206752
1500.0	24.0	10.1938775847	6.28796974305
1500.0	28.0	15.2166274259	4.18036505178
1510.0	24.0	10.5331473414	6.23952180371
1510.0	34.0	15.1162355686	4.96316919484
1520.0	24.0	10.8427415177	6.10611097567
1520.0	34.0	14.6790995359	5.28440528526
1530.0	24.0	11.1521252288	5.97270014763
1530.0	34.0	14.2419635032	5.60564137567
1540.0	24.0	11.4617194051	5.83952797939
1540.0	34.0	13.7928309593	5.9132738575
1550.0	24.0	11.7830996275	5.69585477996
1550.0	34.0	13.2342565584	6.09680324348
1560.0	24.0	12.1097414776	5.54764704434
1560.0	34.0	12.6756821574	6.28033262946
1570.0	24.0	12.4363833278	5.39943930872
1570.0	34.0	12.2017147305	6.42591510728
1580.0	24.0	12.7973309908	5.35123002917
1580.0	34.0	11.8123542777	6.53331201716
1590.0	24.0	13.1669077233	5.3278413688
1590.0	34.0	11.3947915002	6.63617439083
1600.0	24.0	13.5364844558	5.30469136823
1600.0	34.0	10.9492368632	6.73450222831
1610.0	24.0	13.9060611883	5.28130270786
1610.0	34.0	10.5232554813	6.81516924062
1620.0	24.0	14.2379646662	5.33476250299
1620.0	34.0	10.102325262	6.89154037653
1630.0	24.0	14.5536623306	5.42091869069
1630.0	34.0	9.66792527576	6.97101408983
1640.0	24.0	14.869359995	5.50707487839
1640.0	34.0	9.20237645327	7.05788625693
1650.0	24.0	15.1850576595	5.59323106608
1650.0	34.0	8.73682763077	7.14451976422
1660.0	34.0	8.27127880828	7.23139193132
1670.0	34.0	7.83119626406	7.30370585063
1680.0	34.0	7.39111371983	7.37601976994
1690.0	34.0	6.9510311756	7.44833368926
1700.0	34.0	6.53746723519	7.4996455462
1710.0	34.0	6.13526841069	7.54212699054
1720.0	34.0	5.7330695862	7.58460843489
1730.0	34.0	5.33087076171	7.62708987924
1740.0	34.0	4.91856961195	7.68245895278
1750.0	34.0	4.46606962625	7.78985586265
1760.0	34.0	4.01356964056	7.89725277252
1770.0	34.0	3.56106965486	8.00464968239
1780.0	34.0	3.11740920377	8.11371721086
1790.0	34.0	2.70931735621	8.22946721372
1800.0	34.0	2.30101504354	8.34521721658
1810.0	34.0	1.89292319597	8.46096721944
1820.0	34.0	1.58017204307	8.56048835592
1830.0	34.0	1.27794414565	8.6583388738
1840.0	34.0	0.975716248224	8.75642805149
1850.0	34.0	0.673488350802	8.85427856937
1860.0	34.0	0.549734866342	9.08601723489
1870.0	34.0	0.425981381882	9.31751724061
1880.0	34.0	0.302017432313	9.54925590613
2480.0	54.0	0.00883953460427	5.13810682803
2490.0	54.0	0.470389520013	5.11495682746
2500.0	54.0	0.932149970531	5.09180682689
2510.0	54.0	1.39391042105	5.06889548611
2520.0	54.0	1.86408947595	5.06292899112
2530.0	54.0	2.34016155393	5.06865682631
2540.0	54.0	2.8162336319	5.07438466151
2550.0	54.0	3.29230570987	5.0801124967
2560.0	54.0	3.7673254623	5.11519548726
2570.0	54.0	4.24087195895	5.19490786036
2580.0	54.0	4.71441845561	5.27438157367
2590.0	54.0	5.18796495227	5.35385528697
2600.0	54.0	5.64425330994	5.45409240285
2610.0	54.0	6.0961219003	5.55934137453
2620.0	54.0	6.54799049067	5.6645903462
2630.0	54.0	7.02069512689	5.7454960183
2640.0	54.0	7.52475906444	5.78988674105
2650.0	54.0	8.0290334671	5.83451612359
2660.0	54.0	8.53309740466	5.87890684634
2670.0	54.0	9.03189971447	5.93236664148
2680.0	54.0	9.48124272352	6.06768674791
2690.0	54.0	9.93058573257	6.20324551415
2700.0	54.0	10.3799287416	6.33856562059
2710.0	54.0	10.7951764029	6.52639088296
2720.0	54.0	11.1594915077	6.79273521944
2730.0	54.0	11.5238066124	7.05884089612
2740.0	54.0	11.8016205571	7.39439657452
2750.0	54.0	12.0577565956	7.7471357585
2760.0	54.0	12.2911624021	8.11347855106
2770.0	54.0	12.5016275118	8.493663612
2780.0	54.0	12.7120926214	8.87361001315
2790.0	54.0	12.8909879646	9.21226826894
2800.0	54.0	13.0620960987	9.54042549355
2810.0	54.0	13.2329937677	9.86858271815
2820.0	54.0	13.3382263225	10.2222765413
2830.0	54.0	13.3998925996	10.5931538701
2840.0	54.0	13.4613484116	10.9640311988
2850.0	54.0	13.5228042237	11.3349085276
2860.0	54.0	13.5844705008	11.7057858563
2870.0	54.0	13.6459263128	12.0766631851
2880.0	54.0	13.7073821248	12.4473018541
3320.0	66.0	15.1113948711	5.94262901286
3330.0	66.0	14.560186749	6.03355839656
3340.0	66.0	14.0089786269	6.12448778025
3350.0	66.0	13.471661202	6.23116871072
3360.0	66.0	12.936027498	6.33975891959
3370.0	66.0	12.4258600723	6.46290737624
3380.0	66.0	11.9268472974	6.59249964748
3390.0	66.0	11.4276240573	6.72209191873
3400.0	66.0	10.9231391896	6.85096821057
3410.0	66.0	10.3969764155	6.97793522402
3420.0	66.0	9.87081364144	7.10466357767
3430.0	66.0	9.34465086737	7.23139193132
3440.0	66.0	8.82606483726	7.27411203547
3450.0	66.0	8.30726834203	7.31659347982
3460.0	66.0	7.78720905614	7.35692698597
3470.0	66.0	7.26104628208	7.38843007953
3480.0	66.0	6.73488350802	7.41969451329
3490.0	66.0	6.20872073395	7.45119760685
3500.0	66.0	5.68760912252	7.48126874162
3510.0	66.0	5.17365332481	7.50943059798
3520.0	66.0	4.65990799222	7.53735379455
3530.0	66.0	4.14616265962	7.56551565092
3540.0	66.0	3.65704174485	7.68818678797
3550.0	66.0	3.16771036497	7.81061926522
3560.0	66.0	2.6785894502	7.93329040227
3570.0	66.0	2.20756853486	8.06932648811
3580.0	66.0	1.77885110655	8.23734298711
3590.0	66.0	1.35013367825	8.40535948611
3600.0	66.0	1.00433950313	8.61060691386
3610.0	66.0	0.714108116959	8.84115228038
3620.0	66.0	0.423876730786	9.07145898711
3630.0	66.0	0.288968595516	9.3258703336
3640.0	66.0	0.220777899997	9.59030539169
3650.0	66.0	0.152376739369	9.85474044977
3660.0	66.0	0.0841860438502	10.1191755079
4000.0	71.0	-0.175738366537	6.3259166512
4010.0	71.0	0.42156161458	6.20276819455
4020.0	71.0	1.01907206081	6.0796197379
4030.0	71.0	1.61658250703	5.95647128125
4040.0	71.0	2.21177783705	5.8333228246
4050.0	71.0	2.80486851598	5.71041302774
4060.0	71.0	3.3979591949	5.58750323089
4070.0	71.0	3.97484406039	5.47103724863
4080.0	71.0	4.48585334656	5.38010786494
4090.0	71.0	4.97686844731	5.30516868783
4100.0	71.0	5.28646262357	5.37557332875
4110.0	71.0	5.52344633701	5.48129962002
4120.0	71.0	5.6522509841	5.64024704663
4130.0	71.0	5.72296726094	5.69012694477
4140.0	71.0	5.75537888782	5.667215604
4150.0	71.0	5.7877905147	5.64430426322
4160.0	71.0	5.82020214158	5.62139292245
4170.0	71.0	5.85261376847	5.59848158168
4180.0	71.0	5.84714167562	5.61280116966
4190.0	71.0	5.78526493339	5.68296715078
4200.0	71.0	5.72338819116	5.75313313189
4210.0	71.0	5.66151144893	5.82329911301
4220.0	71.0	5.6892928434	5.80754756623
4230.0	71.0	5.71707423787	5.79179601945
4240.0	71.0	5.74485563234	5.77604447266
4250.0	71.0	5.77263702681	5.76029292588
4260.0	71.0	5.80041842128	5.7445413791
4260.0	74.0	0.228565109053	4.38513515993
4270.0	71.0	5.82819981575	5.72878983232
4270.0	74.0	0.709477884548	4.36484907696
4280.0	71.0	5.85619167533	5.71303828554
4280.0	74.0	1.19060112515	4.34432433418
4290.0	71.0	5.8839730698	5.69728673876
4290.0	74.0	1.67172436576	4.32379959141
4300.0	71.0	5.91175446427	5.68153519198
4300.0	74.0	2.19767667471	4.27964752846
4310.0	71.0	5.93953585874	5.6657836452
4310.0	74.0	2.73499409958	4.22929031072
4320.0	71.0	5.95511027685	5.65552127381
4320.0	74.0	3.27210105935	4.17917175278
4330.0	71.0	5.95258469554	5.65385065521
4330.0	74.0	3.80941848422	4.12881453504
4340.0	71.0	5.94984864911	5.65218003661
4340.0	74.0	4.35157660662	4.13955422603
4350.0	71.0	5.9473230678	5.65074807782
4350.0	74.0	4.89373472901	4.15053257682
4360.0	71.0	5.94458702137	5.64907745922
4360.0	74.0	5.4356823863	4.1612722678
4370.0	71.0	5.94206144006	5.64740684062
4370.0	74.0	5.97784050869	4.17225061859
4380.0	71.0	5.93932539363	5.64573622202
4380.0	74.0	6.51999863109	4.18299030958
4390.0	71.0	5.93679981232	5.64406560342
4390.0	74.0	7.06215675348	4.19396866036
4400.0	71.0	5.934274231	5.64239498483
4400.0	74.0	7.61483813136	4.19707123776
4410.0	71.0	5.93153818458	5.64072436623
4410.0	74.0	8.18330439246	4.18871814477
4420.0	71.0	5.92901260326	5.63905374763
4420.0	74.0	8.75198111867	4.18036505178
4430.0	71.0	5.92627655684	5.63738312903
4430.0	74.0	9.32065784488	4.17201195879
4440.0	71.0	5.92375097552	5.63571251043
4440.0	74.0	9.88933457108	4.1636588658
4450.0	71.0	5.92101492909	5.63404189184
4450.0	74.0	10.4578008322	4.15530577281
4460.0	71.0	5.91848934778	5.63260993304
4460.0	74.0	11.0165856982	4.14647536022
4470.0	71.0	5.91596376646	5.63093931444
4470.0	74.0	11.570950797	4.13788360743
4480.0	71.0	5.91322772004	5.62926869584
4480.0	74.0	12.1253158957	4.12905319484
4490.0	71.0	5.91070213872	5.62759807724
4490.0	74.0	12.6796809945	4.12046144205
4500.0	71.0	5.9079660923	5.62592745865
4500.0	74.0	13.2340460933	4.11163102946
4510.0	71.0	5.90544051098	5.62425684005
4510.0	74.0	13.7886216571	4.10280061687
4520.0	71.0	5.90270446456	5.62258622145
4520.0	74.0	14.3429867559	4.09420886408
4530.0	71.0	5.90017888324	5.62091560285
4530.0	74.0	14.8973518546	4.08537845149
4540.0	71.0	5.89765330193	5.61924498425
4540.0	74.0	15.4517169534	4.07678669871
4550.0	71.0	5.8949172555	5.61757436566
4560.0	71.0	5.89239167419	5.61590374706
4570.0	71.0	5.88965562776	5.61447178826
4580.0	71.0	5.88713004645	5.61280116966
4580.0	85.0	11.2112659246	0.422189185693
4590.0	71.0	5.88439400002	5.61113055106
4590.0	85.0	11.5400124259	1.51095519199
4600.0	71.0	5.8818684187	5.60945993246
4600.0	85.0	11.7458473031	2.34650315078
4610.0	71.0	5.87934283739	5.60778931387
4610.0	85.0	11.8988554378	3.07322224091
4620.0	71.0	5.87660679096	5.60611869527
4620.0	85.0	12.1158449658	3.70376143175
4630.0	71.0	5.87408120965	5.60444807667
4630.0	85.0	12.3963949569	4.23788206351
4640.0	71.0	5.87134516322	5.60277745807
4640.0	85.0	12.7461879691	4.67582279599
4650.0	71.0	5.86881958191	5.60110683947
4650.0	85.0	13.2012135362	4.96698775164
4660.0	71.0	5.86608353548	5.59943622088
4660.0	85.0	13.6716030562	5.23357074792
4670.0	71.0	5.86355795417	5.59800426208
4670.0	85.0	14.1222088559	5.44645528926
4680.0	71.0	5.86103237285	5.59633364348
4680.0	85.0	14.5431390751	5.5779568389
4690.0	71.0	5.85829632643	5.59466302488
4690.0	85.0	14.9640692944	5.70969704834
4700.0	71.0	5.85577074511	5.59299240628
4700.0	85.0	15.3849995136	5.84143725779
4710.0	71.0	5.85303469869	5.59132178769
4720.0	71.0	5.85050911737	5.58965116909
4730.0	71.0	5.84777307095	5.58798055049
4740.0	71.0	5.84524748963	5.58630993189
4750.0	71.0	5.8425114432	5.58463931329
4760.0	71.0	5.83998586189	5.5829686947
4770.0	71.0	5.83746028057	5.5812980761
4780.0	71.0	5.83472423415	5.5798661173
4790.0	71.0	5.83219865283	5.5781954987
4800.0	71.0	5.82946260641	5.5765248801
4810.0	71.0	5.82693702509	5.57485426151
4820.0	71.0	5.82420097867	5.57318364291
4830.0	71.0	5.82167539735	5.57151302431
4840.0	71.0	5.81914981604	5.56984240571
4850.0	71.0	5.81641376961	5.56817178711
4860.0	71.0	5.8138881883	5.56650116852
4870.0	71.0	5.81115214187	5.56483054992
4880.0	71.0	5.80862656055	5.56315993132
4890.0	71.0	5.80589051413	5.56172797252
4900.0	71.0	5.80336493281	5.56005735392
4910.0	71.0	5.8008393515	5.55838673533
4920.0	71.0	5.79810330507	5.55671611673
4930.0	71.0	5.79557772376	5.55504549813
4940.0	71.0	5.79284167733	5.55337487953
4950.0	71.0	5.79031609602	5.55170426093
4960.0	71.0	5.78758004959	5.55003364234
4970.0	71.0	5.78505446828	5.54836302374
4980.0	71.0	5.78252888696	5.54669240514
4990.0	71.0	5.77979284054	5.54526044634
5000.0	71.0	5.77726725922	5.54358982774
5010.0	71.0	5.7745312128	5.54191920915
5020.0	71.0	5.77200563148	5.54024859055
5030.0	71.0	5.76926958505	5.53857797195
5040.0	71.0	5.76674400374	5.53690735335
5050.0	71.0	5.76442888753	5.53881663175
5060.0	71.0	5.76232423644	5.54072591015
5070.0	71.0	5.76000912023	5.54263518855
5080.0	71.0	5.75790446914	5.54454446694
5090.0	71.0	5.75558935293	5.54621508554
5100.0	71.0	5.75348470183	5.54812436394
5110.0	71.0	5.75116958563	5.55003364234
5120.0	71.0	5.74906493453	5.55194292073
5130.0	71.0	5.74674981833	5.55385219913
5130.0	96.0	0.28097092135	1.03196497396
5140.0	71.0	5.74464516723	5.55576147753
5140.0	96.0	0.590565097609	1.90235726352
5150.0	71.0	5.74233005102	5.55767075593
5150.0	96.0	0.836809275871	2.73098408812
5160.0	71.0	5.74022539993	5.55958003432
5160.0	96.0	1.06726857091	3.54910988154
5170.0	71.0	5.73791028372	5.56148931272
5170.0	96.0	1.13651159198	4.2495763937
5180.0	71.0	5.73580563262	5.56339859112
5180.0	96.0	1.13651159198	4.89920836852
5190.0	71.0	5.73349051642	5.56506920972
5190.0	96.0	0.975505783114	5.54406714734
5200.0	71.0	5.73138586532	5.56697848812
5200.0	96.0	0.796610439933	6.18844860657
5200.0	99.0	14.9476530158	9.04926362573
5210.0	71.0	5.72907074912	5.56888776651
5210.0	96.0	0.599194167104	6.73903676451
5210.0	99.0	14.5907041899	8.82110485721
5220.0	71.0	5.72696609802	5.57079704491
5220.0	96.0	0.399883708289	7.27912389126
5220.0	99.0	14.2360704802	8.58745691329
5230.0	71.0	5.72465098181	5.57270632331
5230.0	96.0	0.273604642513	7.9115723605
5230.0	99.0	13.9012204908	8.30536103003
5240.0	71.0	5.72233586561	5.57461560171
5240.0	96.0	0.147325576738	8.54402082974
5240.0	99.0	13.5663705014	8.02326514677
5250.0	71.0	5.72023121451	5.5765248801
5250.0	96.0	0.0841860438502	9.09293836908
5250.0	99.0	13.2031077221	7.70083575735
5260.0	71.0	5.71791609831	5.5784341585
5260.0	96.0	0.0210465109626	9.64185590842
5260.0	99.0	12.8368984314	7.37363317195
5270.0	71.0	5.71581144721	5.5803434369
5270.0	99.0	12.4561670481	7.06433007152
5280.0	71.0	5.713496331	5.5820140555
5280.0	99.0	12.0183996201	6.8256702718
5290.0	71.0	5.71139167991	5.5839233339
5290.0	99.0	11.580632192	6.58701047209
5290.0	100.0	-0.0652441839839	4.58966660829
5300.0	71.0	5.7090765637	5.58583261229
5300.0	99.0	11.0479449996	6.46935119083
5300.0	100.0	0.362841848994	4.56508464892
5310.0	71.0	5.70697191261	5.58774189069
5310.0	99.0	10.474638041	6.40348108611
5310.0	100.0	0.791138347082	4.54026402975
5320.0	71.0	5.7046567964	5.58965116909
5320.0	99.0	9.90133108233	6.33761098139
5320.0	100.0	1.21922438006	4.51568207038
5330.0	71.0	5.7025521453	5.59156044749
5330.0	99.0	9.34675551847	6.42925634448
5330.0	100.0	1.63720808778	4.53071763776
5340.0	71.0	5.7002370291	5.59346972588
5340.0	99.0	8.79681018702	6.56004191472
5340.0	100.0	2.05266621418	4.55577691673
5350.0	71.0	5.698132378	5.59537900428
5350.0	99.0	8.24686485557	6.69082748497
5350.0	100.0	2.46791387547	4.5810748555
5360.0	71.0	5.6958172618	5.59728828268
5360.0	99.0	7.76489975452	6.85669604577
5360.0	100.0	2.88337200187	4.60613413447
5370.0	71.0	5.6937126107	5.59919756108
5370.0	99.0	7.31197883861	7.03760017395
5370.0	100.0	3.29967198871	4.57439238111
5370.0	103.0	15.1280216148	8.47624144662
5380.0	71.0	5.69139749449	5.60086817968
5380.0	99.0	6.85926838781	7.21826564233
5380.0	100.0	3.71597197555	4.54241196795
5380.0	103.0	14.8234786011	8.40703010471
5390.0	71.0	5.6892928434	5.60277745807
5390.0	99.0	6.41055677408	7.34332337738
5390.0	100.0	4.13206149728	4.51067021458
5390.0	103.0	14.5187251224	8.33805742259
5400.0	71.0	5.68697772719	5.60468673647
5400.0	99.0	5.96773818343	7.38437286293
5400.0	100.0	4.54836148412	4.47892846122
5400.0	103.0	14.2141821088	8.26884608067
5410.0	71.0	5.6848730761	5.60659601487
5410.0	99.0	5.52513005789	7.42566100828
5410.0	100.0	4.95750565723	4.46293825464
5410.0	103.0	13.90942863	8.19987339855
5420.0	71.0	5.68255795989	5.60850529327
5420.0	99.0	5.03727193378	7.37530379054
5420.0	100.0	5.3592835515	4.46293825464
5420.0	103.0	13.5539530599	8.07266772531
5430.0	71.0	5.68024284368	5.61041457166
5430.0	99.0	4.50458474132	7.23353986951
5430.0	100.0	5.76106144578	4.46293825464
5430.0	103.0	13.185639118	7.93090380428
5440.0	71.0	5.67813819259	5.61232385006
5440.0	99.0	3.97189754885	7.09201460828
5440.0	100.0	6.16283934005	4.46293825464
5440.0	103.0	12.8173251762	7.78937854305
5450.0	71.0	5.67582307638	5.61423312846
5450.0	99.0	3.46551849509	6.95383058425
5450.0	100.0	6.56419630411	4.46914340943
5450.0	103.0	12.5397216966	7.65405843661
5460.0	71.0	5.67371842528	5.61614240686
5460.0	99.0	3.02038478824	6.82423831301
5460.0	100.0	6.96218582641	4.53143361716
5460.0	103.0	12.3223112384	7.52327286637
5470.0	71.0	5.67140330908	5.61781302545
5470.0	99.0	2.57546154649	6.69464604176
5470.0	100.0	7.36038581382	4.59372382488
5470.0	103.0	12.1051112452	7.39224863632
5480.0	71.0	5.66929865798	5.61972230385
5480.0	99.0	2.13053830474	6.56529243032
5480.0	100.0	7.75837533613	4.65601403261
5480.0	103.0	11.8515007881	7.29773935564
5490.0	71.0	5.66698354178	5.62163158225
5490.0	99.0	1.7011894811	6.47030583003
5490.0	100.0	8.15636485843	4.71830424033
5490.0	103.0	11.5612694019	7.23974502431
5500.0	71.0	5.66487889068	5.62354086065
5500.0	99.0	1.27583949455	6.38391098254
5500.0	100.0	8.54656717167	4.78083310786
5500.0	103.0	11.2712484809	7.18175069298
5510.0	71.0	5.66256377447	5.62545013905
5510.0	99.0	0.850279042887	6.29751613504
5510.0	100.0	8.92877181075	4.84360063518
5510.0	103.0	10.9812275598	7.12375636165
5520.0	71.0	5.66045912338	5.62735941744
5520.0	99.0	0.424929056334	6.21135994734
5520.0	100.0	9.31076598472	4.90636816251
5520.0	103.0	10.670581058	7.11850584605
5530.0	71.0	5.65814400717	5.62926869584
5530.0	99.0	-0.000420930219251	6.12496509985
5530.0	100.0	9.6929706238	4.96913568983
5530.0	103.0	10.3548833936	7.12638161944
5540.0	71.0	5.65603935608	5.63117797424
5540.0	100.0	10.0840147975	5.03381249556
5540.0	103.0	10.0391857291	7.13425739283
5550.0	71.0	5.65372423987	5.63308725264
5550.0	100.0	10.478636878	5.09944394048
5550.0	103.0	9.7234880647	7.17053368239
5560.0	71.0	5.65161958877	5.63499653103
5560.0	100.0	10.8732589586	5.1650753854
5560.0	103.0	9.40779040026	7.21396976594
5570.0	71.0	5.64930447257	5.63666714963
5570.0	100.0	11.2678810391	5.23070683032
5570.0	103.0	9.09209273582	7.25740584949
5580.0	71.0	5.64719982147	5.63857642803
5580.0	100.0	11.6709217241	5.28774652245
5580.0	103.0	8.77639507138	7.30084193303
5590.0	71.0	5.64488470527	5.64048570643
5590.0	100.0	12.0779612461	5.34072899799
5590.0	103.0	8.44343926796	7.35286976937
5600.0	71.0	5.64278005417	5.64239498483
5600.0	100.0	12.484790303	5.39371147352
5600.0	103.0	8.08480672116	7.41802389469
5610.0	71.0	5.64046493796	5.64430426322
5610.0	100.0	12.8916193599	5.44669394906
5610.0	103.0	7.72596370924	7.48317802002
5620.0	71.0	5.63814982176	5.64621354162
5620.0	100.0	13.2868728358	5.47795838282
5620.0	103.0	7.36733116244	7.54809348554
5630.0	71.0	5.63604517066	5.64812282002
5630.0	100.0	13.6349821271	5.42139601029
5630.0	103.0	7.00848815053	7.61324761086
5640.0	71.0	5.63373005446	5.65003209842
5640.0	100.0	13.9833018835	5.36507229756
5640.0	103.0	6.63785909248	7.64427338482
5650.0	71.0	5.63162540336	5.65194137681
5650.0	100.0	14.33162164	5.30874858483
5650.0	103.0	6.26723003443	7.67553781858
5660.0	71.0	5.62931028715	5.65361199541
5660.0	100.0	14.6797309313	5.25218621229
5660.0	103.0	5.89660097638	7.70656359255
5670.0	71.0	5.62720563606	5.65552127381
5670.0	100.0	15.0280506877	5.19586249956
5670.0	103.0	5.52618238344	7.73782802631
5680.0	71.0	5.62489051985	5.65743055221
5680.0	103.0	5.15513239517	7.75644349069
5690.0	71.0	5.62278586876	5.65933983061
5690.0	103.0	4.78345101157	7.75644349069
5700.0	71.0	5.62047075255	5.661249109
5700.0	103.0	4.41176962797	7.75644349069
5710.0	71.0	5.61836610145	5.6631583874
5710.0	103.0	4.04008824437	7.75644349069
5720.0	71.0	5.61605098525	5.6650676658
5720.0	103.0	3.66840686077	7.75644349069
5730.0	71.0	5.61394633415	5.6669769442
5730.0	103.0	3.30724873266	7.71205276794
5740.0	71.0	5.61163121795	5.66888622259
5740.0	103.0	2.95072083695	7.64880792102
5750.0	71.0	5.60952656685	5.67079550099
5750.0	103.0	2.59440340635	7.58556307409
5760.0	71.0	5.60721145064	5.67246611959
5760.0	103.0	2.23787551065	7.52207956737
5770.0	71.0	5.60510679955	5.67437539799
5770.0	103.0	1.88134761494	7.45883472044
5780.0	71.0	5.60279168334	5.67628467638
5780.0	103.0	1.59679878673	7.42828626608
5790.0	71.0	5.60068703224	5.67819395478
5790.0	103.0	1.33056042305	7.40585224491
5800.0	71.0	5.59837191604	5.68010323318
5800.0	103.0	1.06411159427	7.38365688353
5810.0	71.0	5.59374168363	5.68058055278
5810.0	103.0	0.79787323059	7.36122286236
5820.0	71.0	5.58911145122	5.68105787238
5820.0	103.0	0.531424401804	7.33878884119
5830.0	71.0	5.5844812188	5.68153519198
5830.0	103.0	0.264975573019	7.31635482002
5840.0	71.0	5.57985098639	5.68201251158
5840.0	103.0	-0.00126279065775	7.29415945864
5850.0	71.0	5.57522075398	5.68248983118
5860.0	71.0	5.57059052157	5.68296715078
5870.0	71.0	5.56596028916	5.68344447038
5880.0	71.0	5.56133005674	5.68392178998
5890.0	71.0	5.55669982433	5.68439910957
5900.0	71.0	5.55206959192	5.68487642917
5910.0	71.0	5.54743935951	5.68535374877
5920.0	71.0	5.5428091271	5.68583106837
5930.0	71.0	5.53817889469	5.68630838797
5940.0	71.0	5.53354866227	5.68678570757
5950.0	71.0	5.52891842986	5.68726302717
5960.0	71.0	5.52428819745	5.68774034677
5970.0	71.0	5.51965796504	5.68821766637
5980.0	71.0	5.51502773263	5.68869498597
5990.0	71.0	5.51039750022	5.68917230557
6000.0	71.0	5.5057672678	5.68964962517
6010.0	71.0	5.50113703539	5.69012694477
6020.0	71.0	5.49650680298	5.69060426437
6030.0	71.0	5.49187657057	5.69108158397
6040.0	71.0	5.48724633816	5.69155890357
6050.0	71.0	5.48261610575	5.69203622317
6060.0	71.0	5.47798587333	5.69251354277
6070.0	71.0	5.47335564092	5.69299086236
6080.0	71.0	5.46872540851	5.69346818196
6090.0	71.0	5.4640951761	5.69394550156
6100.0	71.0	5.45946494369	5.69442282116
6110.0	71.0	5.45483471127	5.69490014076
6120.0	71.0	5.45020447886	5.69537746036
6130.0	71.0	5.44557424645	5.69585477996
6140.0	71.0	5.44094401404	5.69633209956
6150.0	71.0	5.43631378163	5.69680941916
6160.0	71.0	5.43168354922	5.69728673876
6170.0	71.0	5.4270533168	5.69776405836
6180.0	71.0	5.42242308439	5.69824137796
6190.0	71.0	5.41779285198	5.69871869756
6200.0	71.0	5.41316261957	5.69919601716
6210.0	71.0	5.40853238716	5.69967333676
6220.0	71.0	5.40390215475	5.70015065636
6230.0	71.0	5.39927192233	5.70062797596
6240.0	71.0	5.39464168992	5.70110529555
6250.0	71.0	5.39001145751	5.70158261515
6260.0	71.0	5.3853812251	5.70205993475
6270.0	71.0	5.38075099269	5.70253725435
6280.0	71.0	5.37612076027	5.70301457395
6290.0	71.0	5.37149052786	5.70349189355
6300.0	71.0	5.36686029545	5.70396921315
6310.0	71.0	5.49945331452	5.66864756279
6320.0	71.0	5.63183586847	5.63332591244
6330.0	71.0	5.7877905147	5.61614240686
6340.0	71.0	5.99825562433	5.64167900543
6350.0	71.0	6.20872073395	5.667215604
6360.0	71.0	6.42318468066	5.72139137853
6370.0	71.0	6.64185792956	5.80396766923
6380.0	71.0	6.86032071335	5.88654395993
6390.0	71.0	7.00406838323	5.94095839427
6400.0	71.0	7.13918698361	5.99203159141
6410.0	71.0	7.2898800021	6.02926252016
6420.0	71.0	7.57779627207	5.94143571387
6430.0	71.0	7.89707184337	5.85862076337
6440.0	71.0	8.34136368979	5.79680787524
6450.0	71.0	8.78565553621	5.73499498711
6460.0	71.0	9.33496947233	5.66984086179
6470.0	71.0	9.98888456794	5.60158415907
6480.0	71.0	10.6427996635	5.53356611616
6490.0	71.0	11.3606961525	5.38774497853
6500.0	71.0	12.1061635708	5.20875012875
6510.0	71.0	12.8541565704	5.02187950557
6520.0	71.0	13.6082530582	4.81639341802
6530.0	71.0	14.3625600111	4.61066867066
6540.0	71.0	15.1166564989	4.40518258311
6950.0	134.0	-0.144799995422	5.93666251787
6960.0	134.0	0.427454637649	6.01112437538
6970.0	134.0	0.999709270721	6.08582489269
6980.0	134.0	1.57196390379	6.1602867502
6990.0	134.0	2.14737551351	6.21804242173
7000.0	134.0	2.72741735564	6.2502614947
7010.0	134.0	3.30766966287	6.28248056766
7020.0	134.0	3.88792197011	6.31469964062
7030.0	134.0	4.42818590652	6.35789706437
7040.0	134.0	4.95140216905	6.40562902431
7050.0	134.0	5.47440796647	6.45336098425
7060.0	134.0	5.99909748477	6.4934558306
7070.0	134.0	6.52946956102	6.50300222259
7080.0	134.0	7.05984163728	6.51254861458
7090.0	134.0	7.587267202	6.47364706723
7100.0	134.0	8.11342997606	6.4139821173
7110.0	134.0	8.63959275013	6.35431716737
7120.0	134.0	9.20027180217	6.28009396966
7130.0	134.0	9.7956775973	6.19155118397
7140.0	134.0	10.3908729273	6.10276973847
7140.0	137.0	0.255504643085	4.38680577853
7150.0	134.0	10.9862787225	6.01422695278
7150.0	137.0	0.682327885406	4.47296196623
7160.0	134.0	11.5635845182	5.94597025006
7160.0	137.0	1.10894066262	4.55911815393
7170.0	134.0	12.1408903139	5.87795220714
7170.0	137.0	1.53576390494	4.64527434162
7180.0	134.0	12.7181961096	5.80969550442
7180.0	137.0	1.88850342867	4.84908981058
7190.0	134.0	13.2761391152	5.76983931787
7190.0	137.0	2.23282434802	5.06603156852
7200.0	134.0	13.8151402609	5.75814498769
7200.0	137.0	2.68974410101	5.22306971673
7210.0	134.0	14.3541414067	5.7464506575
7210.0	137.0	3.19486036412	5.35433260657
7220.0	134.0	14.8931425524	5.73475632731
7220.0	137.0	3.72291732417	5.46172951644
7230.0	134.0	15.4321436982	5.72306199713
7230.0	137.0	4.26065567926	5.55910271473
7240.0	137.0	4.79860449946	5.65623725321
7250.0	137.0	5.34854983091	5.7485985957
7260.0	137.0	5.89849516237	5.84095993819
7270.0	137.0	6.44844049382	5.93332128068
7280.0	137.0	6.95797652422	5.86530323776
7290.0	137.0	7.46309278732	5.77938570986
7300.0	137.0	7.9917811427	5.63237127324
7310.0	137.0	8.5558276365	5.39371147352
7320.0	137.0	9.11987413029	5.15505167381
7330.0	137.0	9.68960318205	4.95099754506
7340.0	137.0	10.259753164	4.7507619731
7350.0	137.0	10.8301136111	4.55076506094
7360.0	137.0	11.4267821969	4.44074289327
7370.0	137.0	12.0301856662	4.35315474677
7380.0	137.0	12.6335891355	4.26556660028
7390.0	137.0	13.2376240001	4.23835938311
7400.0	137.0	13.842079795	4.22618773333
7410.0	137.0	14.4465355898	4.21377742374
7420.0	137.0	15.0509913847	4.20160577396
7720.0	154.0	-0.100181392182	4.87820630614
7730.0	154.0	0.62381858493	4.97367022603
7740.0	154.0	1.34781856204	5.06913414591
7750.0	154.0	2.06697784163	5.17151919999
7760.0	154.0	2.7419394482	5.33619446179
7770.0	154.0	3.41669058966	5.5006310638
7780.0	154.0	4.09417777755	5.6610104492
7790.0	154.0	4.78176729069	5.80420632903
7800.0	154.0	5.46935680384	5.94740220886
7810.0	154.0	6.12979631784	6.06983468611
7820.0	154.0	6.68226723061	6.10969087266
7830.0	154.0	7.23473814338	6.14954705922
7840.0	154.0	7.76910905672	6.12448778025
7850.0	154.0	8.29884973764	6.0834382947
7860.0	154.0	8.82859041857	6.04215014935
7870.0	154.0	9.48145318863	5.79633055564
7880.0	154.0	10.1479961908	5.52783828096
7890.0	154.0	10.8090671001	5.26053930528
7900.0	154.0	11.4646659166	4.9944336286
7910.0	154.0	12.1202647331	4.72832795192
7920.0	154.0	12.8773077324	4.52976299856
7930.0	154.0	13.6455053826	4.33883515879
7940.0	154.0	14.4002332657	4.28585268325
7950.0	154.0	15.153487893	4.2481444349
8150.0	161.0	9.70622992571	12.2993327782
8160.0	161.0	9.71843690207	11.8501750352
8170.0	161.0	9.73085434354	11.4010172921
8180.0	161.0	9.743271785	10.9516208893
8190.0	161.0	9.75568922647	10.5024631462
8200.0	161.0	9.75989852866	10.0411337533
8210.0	161.0	9.73106480865	9.53111776136
8220.0	161.0	9.70244155374	9.02134042917
8230.0	161.0	9.29771714793	8.61752804805
8240.0	161.0	8.83827181361	8.33901206179
8250.0	161.0	8.35546485213	8.11443319026
8260.0	161.0	7.74890440619	7.98818215621
8270.0	161.0	7.130347449	7.88937699913
8280.0	161.0	6.48379863223	7.85524864777
8290.0	161.0	5.83746028057	7.82112029641
8300.0	161.0	5.19491030089	7.77124039827
8310.0	161.0	4.55614869317	7.70537029355
8310.0	167.0	14.1853483888	12.3148456652
8320.0	161.0	3.91759755057	7.63950018883
8320.0	167.0	14.1563042036	11.8704611181
8330.0	161.0	3.30367082579	7.70560895335
8330.0	167.0	14.1272600185	11.4260765711
8340.0	161.0	2.70616037957	7.85954452416
8340.0	167.0	14.095479787	10.9800214054
8350.0	161.0	2.10864993334	8.01348009498
8350.0	167.0	14.0394960678	10.5184533528
8360.0	161.0	1.61784529769	8.19438422316
8360.0	167.0	13.9833018835	10.0571239599
8370.0	161.0	1.23353600752	8.40177958911
8370.0	167.0	13.9254239784	9.59412394848
8380.0	161.0	0.88795229751	8.63948474963
8380.0	167.0	13.8515507249	9.11680434905
8390.0	161.0	0.69706044308	8.9974744492
8390.0	167.0	13.7774670063	8.63948474963
8400.0	161.0	0.506379053759	9.35546414877
8400.0	167.0	13.7035937528	8.1621651502
8410.0	161.0	0.315697664438	9.71345384834
8410.0	167.0	13.6078321279	7.67148060199
