0.0	12.0	0.484069752139	7.87577339054
0.0	216.0	4.25139521444	9.99984560799
10.0	12.0	0.669489513719	7.92111875249
10.0	216.0	4.19393823951	10.303659533
20.0	12.0	0.854909275299	7.96670277423
20.0	216.0	4.13669172969	10.6072347983
30.0	12.0	1.04032903688	8.01204813618
30.0	216.0	4.07923475476	10.9110487233
40.0	12.0	1.22574879846	8.05763215793
40.0	216.0	3.97168708374	11.1477992446
50.0	12.0	1.45515576795	8.08316875649
50.0	216.0	3.84267197154	11.3556719302
60.0	12.0	1.69571738825	8.10345483947
60.0	216.0	3.71365685934	11.5635446157
70.0	12.0	1.93627900855	8.12397958225
70.0	216.0	3.52781616754	11.7494605997
80.0	12.0	2.16400225717	8.1593012326
80.0	216.0	3.30430222112	11.9210569957
90.0	12.0	2.36226039044	8.22946721372
90.0	216.0	3.08057780959	12.0926533917
100.0	12.0	2.56030805859	8.29963319483
100.0	216.0	2.86548246755	12.2592379319
110.0	12.0	2.75835572675	8.37003783575
110.0	216.0	2.66280456698	12.4181853585
120.0	12.0	3.00102199815	8.40225690871
120.0	216.0	2.46012666641	12.5773714449
130.0	12.0	3.24852896707	8.43041876508
130.0	216.0	2.24587318481	12.7783229963
140.0	12.0	3.4962464011	8.45834196164
140.0	216.0	2.02656854058	12.9969353728
150.0	12.0	3.77953243866	8.48387856021
150.0	216.0	1.80726389635	13.2157864091
160.0	12.0	4.09859754485	8.50702856079
160.0	216.0	1.58816971723	13.4346374455
170.0	12.0	4.41766265104	8.53017856136
170.0	216.0	1.368865073	13.653249822
180.0	12.0	4.76261496572	8.53041722116
190.0	12.0	5.14587193034	8.4962888698
200.0	12.0	5.52912889497	8.46216051844
210.0	12.0	5.85682307066	8.37934556794
220.0	12.0	6.14705445683	8.26431154448
230.0	12.0	6.43728584301	8.14903886122
230.0	73.0	12.1133193845	12.4625760812
240.0	12.0	6.68900211412	8.03090226036
240.0	73.0	11.9843042723	12.3549405116
250.0	12.0	6.92430210668	7.9115723605
250.0	73.0	11.8552891601	12.2470662821
260.0	12.0	7.15960209924	7.79224246064
260.0	73.0	11.7631054421	12.1000518455
270.0	12.0	7.39469162669	7.66861668439
270.0	73.0	11.7570019539	11.8613920458
280.0	12.0	7.62999161925	7.53544451615
280.0	73.0	11.7506880006	11.622732246
290.0	12.0	7.86529161182	7.40203368811
290.0	73.0	11.7445845124	11.3840724463
300.0	12.0	8.10038113927	7.26862286007
300.0	73.0	11.759106605	11.1368208938
310.0	12.0	8.4247078732	7.21110584834
310.0	73.0	11.7759438138	10.8886147021
320.0	12.0	8.7591369324	7.1619419296
320.0	73.0	11.786046139	10.624179644
330.0	12.0	9.09335552648	7.11277801086
330.0	73.0	11.786046139	10.3351626266
340.0	12.0	9.45956481723	7.07125120571
340.0	73.0	11.7950961387	10.0766940635
350.0	12.0	9.85797526975	7.03712285435
350.0	73.0	11.8134066033	9.84829663518
360.0	12.0	10.2563857223	7.00299450299
360.0	73.0	11.8702321829	9.60414766007
370.0	12.0	10.5371461785	6.98223110042
370.0	73.0	12.0806972925	9.29579919884
380.0	12.0	10.7671845433	6.96743419283
380.0	73.0	12.2911624021	8.98745073761
390.0	12.0	10.9974333733	6.95239862545
390.0	73.0	12.5420368128	8.75022289669
400.0	12.0	11.2209473197	6.98843625521
400.0	73.0	12.8030135487	8.53065588096
410.0	12.0	11.4377263826	7.07506976251
410.0	36.0	14.7653902309	10.1855229322
410.0	73.0	13.0833530748	8.29891721544
420.0	12.0	11.6547159106	7.1619419296
420.0	36.0	14.5157786109	10.4418435571
420.0	73.0	13.4085216691	8.03853937395
430.0	12.0	11.8687589271	7.23616512731
430.0	36.0	14.266377456	10.698164182
430.0	73.0	13.7418984028	7.79343575964
440.0	12.0	12.0722786881	7.26003110728
440.0	36.0	14.0169763011	10.9544848068
440.0	73.0	14.1483065295	7.68651616937
450.0	12.0	12.2757984491	7.28389708725
450.0	36.0	13.761471658	11.167608008
450.0	73.0	14.5547146562	7.5795965791
460.0	12.0	12.4681635593	7.29773935564
460.0	36.0	13.5057565498	11.3807312091
460.0	73.0	14.9611227828	7.47243832903
470.0	12.0	12.6161205314	7.27124811787
470.0	36.0	13.2803484174	11.5852626575
480.0	12.0	12.7642879686	7.2447568801
480.0	36.0	13.1751158626	11.7556657545
490.0	12.0	12.9871705197	7.25597389069
490.0	36.0	13.0698833077	11.9260688515
490.0	84.0	12.1798263591	12.4761796898
500.0	12.0	13.2847681847	7.30537646923
500.0	36.0	12.9776995897	12.0516039061
500.0	84.0	12.1592007784	12.3771358729
510.0	12.0	13.5821553846	7.35477904777
510.0	36.0	12.9050891269	12.1091209179
510.0	84.0	12.1387856628	12.2780920561
520.0	12.0	13.795987936	7.30752440743
520.0	36.0	12.8324786641	12.1666379296
520.0	84.0	12.118160082	12.179286899
530.0	12.0	13.9538367682	7.19559296136
530.0	36.0	12.7160914585	12.2239162815
530.0	84.0	12.1049007801	12.0718899891
540.0	12.0	14.1116856004	7.08366151529
540.0	36.0	12.5557170449	12.2807173139
540.0	84.0	12.1211065936	11.9310807073
550.0	12.0	14.2855297809	6.97602594562
550.0	36.0	12.3460937957	12.3231987582
550.0	84.0	12.137312407	11.7905100852
550.0	86.0	0.71368718674	3.28276554506
560.0	12.0	14.4831565189	6.87483419055
560.0	36.0	12.062386828	12.3439621608
560.0	84.0	12.1535182204	11.6497008034
560.0	86.0	1.01970345614	3.34768101058
570.0	12.0	14.6809937219	6.77364243547
570.0	36.0	11.7824682322	12.3957513373
570.0	84.0	12.1945589168	11.4886054386
570.0	86.0	1.32593019064	3.4128351359
580.0	12.0	14.8758844134	6.67937181458
580.0	36.0	11.5370659143	12.7272497991
580.0	84.0	12.2930565881	11.2797781139
580.0	86.0	1.63215692515	3.47798926122
590.0	12.0	15.0469925476	6.64953933962
590.0	36.0	11.2914531314	13.0587482609
590.0	84.0	12.3917647245	11.0709507891
590.0	86.0	1.93817319454	3.54290472675
600.0	12.0	15.2178902166	6.61970686465
600.0	84.0	12.4858426285	10.8597368664
600.0	86.0	2.27302318396	3.60972947067
610.0	84.0	12.5384589059	10.6284755204
610.0	86.0	2.6150289871	3.67679287439
620.0	84.0	12.5910751833	10.3974528343
620.0	86.0	2.95703479024	3.7438562781
620.0	302.0	14.7108797675	10.6943456252
630.0	84.0	12.6436914608	10.1661914884
630.0	86.0	3.28620222169	3.65483617281
630.0	302.0	14.6092251195	10.8015038752
640.0	84.0	12.6312740193	9.88791416193
640.0	86.0	3.60695104876	3.46176039484
640.0	302.0	14.5075704716	10.9084234655
650.0	84.0	12.611490299	9.60462497967
650.0	86.0	3.93738127087	3.332884103
650.0	302.0	14.4059158236	11.0153430558
660.0	84.0	12.5917065787	9.32109713761
660.0	86.0	4.27728242292	3.26868461688
660.0	302.0	14.2912123389	11.1816889362
670.0	84.0	12.5971786715	9.11179249326
670.0	86.0	4.61718357496	3.20448513075
670.0	302.0	14.1752460635	11.3544786312
680.0	84.0	12.613384485	8.93446826207
680.0	86.0	5.03011612005	3.18276708898
680.0	302.0	14.059069323	11.5272683262
690.0	84.0	12.6295902984	8.75690537109
690.0	86.0	5.4510463393	3.1655835834
690.0	302.0	13.8875402586	11.7659281259
700.0	84.0	12.6457961118	8.5795811399
700.0	86.0	5.87260795388	3.15317327381
700.0	302.0	13.7160111943	12.0045879256
710.0	84.0	12.6841007618	8.50416464319
710.0	86.0	6.29985212642	3.18205110958
710.0	302.0	13.5707902687	12.2117446317
720.0	84.0	12.7282984348	8.45404608525
720.0	86.0	6.72730676407	3.21116760514
720.0	302.0	13.4866042248	12.3453941196
730.0	84.0	12.7722856427	8.40416618711
730.0	86.0	7.15455093661	3.24004544091
730.0	302.0	13.402418181	12.4790436074
740.0	84.0	12.8162728506	8.35428628897
740.0	86.0	7.6200997591	3.26415008068
740.0	302.0	13.3651658565	12.505773505
750.0	84.0	12.9547588928	8.22875123432
750.0	86.0	8.09554044175	3.28730008125
750.0	302.0	13.3396995783	12.505773505
760.0	84.0	13.1873228389	8.02779968296
760.0	86.0	8.57077065928	3.31045008183
760.0	224.0	10.3955031597	12.6568451582
760.0	302.0	13.3142333	12.505773505
770.0	84.0	13.469767016	7.83663318339
770.0	86.0	9.06220669026	3.34386245379
770.0	224.0	10.4104461825	12.5773714449
770.0	302.0	13.201003071	12.4461085551
780.0	84.0	13.7854646805	7.65238781801
780.0	86.0	9.56058806985	3.38133204234
780.0	88.0	0.399883708289	6.73020635192
780.0	224.0	10.4255996704	12.4978977316
780.0	302.0	13.0000088913	12.3267786552
790.0	84.0	14.1072658331	7.47005173103
790.0	86.0	10.1037985178	3.40161812532
790.0	88.0	0.744204627636	6.84953625178
790.0	224.0	10.4405426932	12.4181853585
790.0	302.0	12.793963549	12.1955157654
800.0	84.0	14.4379065203	7.29105688125
800.0	86.0	10.6579531514	3.4176083319
800.0	88.0	1.08873601209	6.96886615163
800.0	224.0	10.4556961811	12.3387116452
800.0	302.0	12.5757112303	12.0363296789
810.0	84.0	14.7685472075	7.11206203146
810.0	86.0	11.2121077851	3.43359853848
810.0	88.0	1.43453018721	7.00514244119
810.0	224.0	10.5051554818	12.2263028795
810.0	302.0	12.3574589117	11.8773822523
820.0	86.0	11.6856542817	3.45149802346
820.0	88.0	1.78074529254	7.02041666837
820.0	224.0	10.5695578054	12.0995745259
820.0	302.0	12.168040313	11.7475513213
830.0	86.0	12.1389961279	3.46963616823
830.0	88.0	2.12696039788	7.03592955535
830.0	224.0	10.634170594	11.9728461722
830.0	302.0	11.9981949695	11.6375291536
840.0	86.0	12.5706600677	3.51880008698
840.0	88.0	2.49611620016	7.00156254419
840.0	224.0	10.6985729176	11.8463564784
840.0	302.0	11.828139161	11.5272683262
850.0	86.0	12.9158228475	3.69063514277
850.0	88.0	2.87495339748	6.94571615106
850.0	224.0	10.7629752411	11.7196281247
850.0	302.0	11.6913368397	11.4437373963
860.0	86.0	13.2609856273	3.86247019856
860.0	88.0	3.25379059481	6.89010841773
860.0	224.0	10.9020926786	11.684783794
860.0	302.0	11.5545345184	11.3602064664
870.0	86.0	13.5644763154	4.10494855507
870.0	88.0	3.76374755543	6.80991872502
870.0	224.0	11.0599415108	11.672850804
870.0	302.0	11.4177321972	11.2766755365
880.0	86.0	13.8500774691	4.37773670614
880.0	88.0	4.32968823522	6.71946666093
880.0	224.0	11.217790343	11.660917814
880.0	302.0	11.2809298759	11.1931446066
890.0	86.0	14.1356786229	4.65052485722
890.0	88.0	4.89583938011	6.62901459684
890.0	224.0	11.3756391753	11.648984824
890.0	302.0	11.2994508056	11.1649827502
900.0	86.0	14.314363501	5.02665270156
900.0	88.0	5.42999982834	6.48987593361
900.0	224.0	11.5539031231	11.4926626552
900.0	302.0	11.3179717352	11.1370595536
910.0	86.0	14.4808414027	5.4144748761
910.0	88.0	5.9561626024	6.33880428039
910.0	224.0	11.7372182336	11.3000641968
910.0	302.0	11.33670313	11.1088976973
920.0	86.0	14.6382693047	5.74120014191
920.0	88.0	6.48232537647	6.18773262717
920.0	224.0	11.9205333441	11.1077043983
920.0	302.0	11.3552240596	11.0807358409
930.0	86.0	14.7864367419	6.00635117939
930.0	88.0	7.03648001011	6.01422695278
930.0	224.0	12.0466019447	10.8597368664
930.0	302.0	11.3737449893	11.0528126443
940.0	86.0	14.9343937139	6.27150221687
940.0	88.0	7.59779045748	5.83523210299
940.0	224.0	12.1482565927	10.5883806741
940.0	302.0	11.3922659189	11.024650788
950.0	86.0	15.05162278	6.48486407781
950.0	88.0	8.17025555566	5.7507465339
950.0	224.0	12.2497007755	10.316785822
950.0	302.0	11.4109973137	10.9964889316
960.0	86.0	15.161064637	6.68533830957
960.0	88.0	8.75955786261	5.80802488583
960.0	224.0	12.3069472854	10.1191755079
960.0	230.0	3.88644871435	-0.222192273533
970.0	86.0	15.270506494	6.88581254133
970.0	88.0	9.34886016957	5.86530323776
970.0	224.0	12.3530391444	9.94018065807
970.0	230.0	3.98073708346	0.0410494855507
980.0	88.0	10.0172973577	5.97365478683
980.0	224.0	12.3991310034	9.76118580828
980.0	230.0	4.07502545257	0.304529904434
990.0	88.0	10.6943636154	6.08797283089
990.0	224.0	12.477213559	9.5802816801
990.0	230.0	4.16931382168	0.567771663518
1000.0	88.0	11.3396496415	6.1631506678
1000.0	224.0	12.576974021	9.39818425292
1000.0	230.0	4.37535916401	0.790202596851
1010.0	88.0	11.9638891567	6.21255324634
1010.0	224.0	12.676734483	9.21608682573
1010.0	230.0	4.6091859008	1.0023711588
1020.0	88.0	12.5879182067	6.26195582488
1020.0	224.0	12.7762844798	9.03398939855
1020.0	230.0	4.83754054474	1.22504075193
1030.0	88.0	13.1620670258	6.2488295359
1030.0	224.0	12.9065623827	8.79986413503
1030.0	230.0	5.01685681814	1.54341292475
1040.0	88.0	13.7145379385	6.20921200914
1040.0	224.0	13.0444170295	8.55308990213
1040.0	230.0	5.19617309154	1.86154643776
1050.0	88.0	14.2611158282	6.1621960286
1050.0	224.0	13.1822716763	8.30607700943
1050.0	230.0	5.43463006075	2.27180263347
1060.0	88.0	14.7942239509	6.09847386208
1060.0	224.0	13.3171798116	8.19796412016
1060.0	230.0	5.76211377133	2.81976553361
1070.0	224.0	13.4516670166	8.10512545807
1070.0	230.0	6.0893870168	3.36772843376
1080.0	224.0	13.5861542217	8.01228679598
1080.0	230.0	6.40340096036	3.75292535049
1090.0	224.0	13.7145379385	7.91658421629
1090.0	230.0	6.71152188085	4.06819494592
1100.0	224.0	13.8288204931	7.81443782202
1100.0	230.0	7.01985326645	4.38370320114
1110.0	224.0	13.9431030476	7.71205276794
1110.0	230.0	7.33912883775	4.73238516852
1120.0	224.0	14.057175137	7.60990637366
1120.0	230.0	7.65987766482	5.0846470329
1130.0	224.0	14.204921644	7.497497608
1130.0	230.0	7.97662765481	5.37318673075
1140.0	224.0	14.3606658251	7.38246358454
1140.0	230.0	8.29590322611	5.62449549985
1150.0	224.0	14.5166204713	7.26766822087
1150.0	230.0	8.62022996004	5.84310787638
1160.0	224.0	14.6725751175	7.15263419741
1160.0	230.0	8.94476715908	6.06195891272
1170.0	224.0	14.8285297638	7.03783883375
1170.0	230.0	9.15523226871	6.10969087266
1180.0	224.0	14.9842739449	6.92280481029
1180.0	230.0	9.36569737834	6.15742283261
1190.0	230.0	9.60247062666	6.03809293275
1200.0	230.0	9.8655520137	5.75170117309
1210.0	230.0	10.1688322367	5.34478621458
1220.0	230.0	10.5121008305	4.81710939742
1230.0	230.0	10.9193508176	4.35220010757
1240.0	230.0	11.3689042918	3.92929494248
1250.0	230.0	11.887700787	3.55913359313
1260.0	230.0	12.509835651	3.26868461688
1270.0	230.0	13.1252356316	3.01522790958
1280.0	230.0	13.6783379397	3.09708822088
1290.0	230.0	14.2316507129	3.17894853218
1300.0	230.0	14.7849634861	3.26080884348
1320.0	58.0	14.6717332571	0.796885071243
1330.0	58.0	14.2581693167	0.90786187811
1340.0	58.0	13.8448158414	1.01860002518
1350.0	58.0	13.4405123658	1.12814487325
1360.0	58.0	13.0450484248	1.23673508212
1370.0	58.0	12.6495844838	1.34508663119
1380.0	58.0	12.2518054266	1.46775776824
1390.0	58.0	11.8439240442	1.64675261802
1400.0	58.0	11.4362531268	1.82574746781
1410.0	58.0	11.0283717444	2.00474231759
1420.0	58.0	10.6648985001	2.17824799198
1430.0	58.0	10.3012147906	2.35199232618
1440.0	58.0	9.9377415463	2.52549800057
1450.0	58.0	9.56353458138	2.68253614878
1460.0	58.0	9.18469738406	2.8326531628
1470.0	58.0	8.80586018673	2.98253151702
1480.0	58.0	8.41986717568	3.11570368526
1480.0	412.0	7.70575905872	2.66988717939
1490.0	58.0	8.00525090972	3.18061915078
1490.0	412.0	7.48203464719	2.68492274678
1500.0	58.0	7.59084510886	3.2457732761
1500.0	412.0	7.25831023566	2.69971965436
1510.0	58.0	7.1762288429	3.31092740142
1510.0	412.0	7.03479628923	2.71475522174
1520.0	58.0	6.85063931831	3.42476812589
1520.0	412.0	6.74898467036	2.81618563662
1530.0	58.0	6.53494165387	3.54409802574
1530.0	412.0	6.42150095978	2.97537172303
1540.0	58.0	6.21924398943	3.6634279256
1540.0	412.0	6.09422771432	3.13431914964
1550.0	58.0	5.92901260326	3.77774596966
1550.0	412.0	5.74569749278	3.26963925607
1560.0	58.0	5.66445796046	3.88681349813
1560.0	412.0	5.39485215503	3.40233410471
1570.0	58.0	5.39990331766	3.9958810266
1570.0	412.0	5.06568472358	3.53956348955
1580.0	58.0	5.13534867486	4.10494855507
1580.0	412.0	4.82280798707	3.69564699856
1590.0	58.0	4.93182891385	4.2481444349
1590.0	412.0	4.58014171567	3.85149184778
1600.0	58.0	4.72851961796	4.39134031473
1600.0	412.0	4.43534172025	3.93024958168
1610.0	58.0	4.52499985695	4.53453619456
1610.0	412.0	4.35578590881	3.95721813905
1620.0	58.0	4.25876149327	4.75219393189
1620.0	412.0	4.27644056248	3.98418669642
1630.0	58.0	3.99273359471	4.96985166923
1630.0	412.0	4.19709521615	4.01139391358
1640.0	58.0	3.72649523103	5.18727074677
1640.0	412.0	4.11753940471	4.03836247095
1650.0	58.0	3.48151384343	5.3297506472
1650.0	412.0	4.01756847764	4.0784573173
1660.0	58.0	3.25063361817	5.42211198969
1660.0	412.0	3.86940104047	4.14910061802
1670.0	58.0	3.01975339291	5.51447333218
1670.0	412.0	3.72123360329	4.21974391873
1670.0	423.0	11.4617194051	6.05981097452
1680.0	58.0	2.76719526136	5.51733724978
1680.0	412.0	3.45373244895	4.21234546494
1680.0	423.0	11.3625903385	6.05288984033
1690.0	58.0	2.49295922351	5.43070374248
1690.0	69.0	15.2166274259	5.53690735335
1690.0	412.0	3.10646501807	4.15268051501
1690.0	423.0	11.2636717369	6.04573004634
1700.0	58.0	2.21872318567	5.34383157538
1700.0	69.0	15.0173169671	6.05193520113
1700.0	412.0	2.77056270311	4.10590319427
1700.0	423.0	11.1645426703	6.03880891215
1710.0	58.0	1.94048831075	5.26960837767
1710.0	69.0	14.8148495317	6.55598469813
1710.0	412.0	2.44223713209	4.06771762632
1710.0	423.0	11.006483373	5.96339241544
1720.0	58.0	1.64583715727	5.2457423977
1720.0	69.0	14.5860739575	6.96051305864
1720.0	412.0	2.09728481742	4.02380422317
1720.0	423.0	10.8416891921	5.88033880514
1730.0	58.0	1.3511860038	5.22187641773
1730.0	69.0	14.3572983833	7.36528007896
1730.0	412.0	1.6026918098	3.92834030328
1730.0	423.0	10.6305926872	5.71112900714
1730.0	426.0	12.100901943	5.64263364463
1740.0	58.0	1.054009269	5.18727074677
1740.0	69.0	14.1502007155	7.76431926408
1740.0	70.0	14.9108216216	8.36192340256
1740.0	412.0	1.12283135985	3.8340696824
1740.0	423.0	10.3885578111	5.48440219742
1740.0	426.0	11.8355054398	5.54931766294
1750.0	58.0	0.746940674061	5.10994497166
1750.0	69.0	13.9485751404	8.1621651502
1750.0	70.0	14.5454541913	8.43733989927
1750.0	412.0	0.774722068532	3.7514933917
1750.0	423.0	10.0246636366	5.38273312274
1750.0	426.0	11.5781066107	5.45982023804
1760.0	58.0	0.439661614008	5.03238053676
1760.0	69.0	13.7534739838	8.53829299455
1760.0	70.0	14.1798762959	8.51251773618
1760.0	412.0	0.426612777211	3.66891710099
1760.0	423.0	9.57931946461	5.36435631816
1760.0	426.0	11.3918449887	5.40468982431
1770.0	58.0	0.132593019064	4.95505476165
1770.0	69.0	13.5682646873	8.88196310614
1770.0	70.0	13.9628867679	8.56096567552
1770.0	412.0	0.0785034858903	3.58634081029
1770.0	423.0	9.13418575775	5.34597951358
1770.0	426.0	11.2055833667	5.34955941058
1780.0	58.0	-0.174686040989	4.87772898654
1780.0	69.0	13.3830553909	9.22563321772
1780.0	70.0	13.7623135184	8.60654969727
1780.0	423.0	8.74987646757	5.41853209269
1780.0	426.0	10.9789124436	5.34502487438
1790.0	69.0	13.3037100445	9.55927961772
1790.0	70.0	13.5164902704	8.68626207037
1790.0	423.0	8.3655671774	5.49132333161
1790.0	426.0	10.7118322195	5.39084755593
1800.0	69.0	13.2359402792	9.89149405892
1800.0	70.0	13.2593019064	8.77480485606
1800.0	423.0	7.96147416691	5.54645374534
1800.0	426.0	10.4447519954	5.43690889727
1810.0	69.0	13.175957723	10.2291976755
1810.0	70.0	12.9979042403	8.85523320857
1810.0	423.0	7.54896255205	5.59418570528
1810.0	426.0	10.0526554962	5.47986766122
1820.0	69.0	13.1833240018	10.6127239737
1820.0	70.0	12.6984123893	8.86430228096
1820.0	423.0	7.13308349543	5.63642848983
1820.0	426.0	9.6468787648	5.52234910557
1830.0	69.0	13.1909007458	10.9962502718
1830.0	70.0	12.3989205383	8.87361001315
1830.0	423.0	6.70331374157	5.65623725321
1830.0	426.0	9.23941831256	5.5817753957
1840.0	69.0	13.1557530725	11.3506600744
1840.0	70.0	12.091220548	8.83709506379
1840.0	423.0	6.27354398772	5.67604601658
1840.0	426.0	8.81848809331	5.79298931844
1850.0	69.0	13.0210554023	11.637051834
1850.0	70.0	11.7755228835	8.75499609269
1850.0	423.0	5.87029283768	5.55528415793
1850.0	426.0	8.39755787406	6.00420324119
1860.0	69.0	12.8863577322	11.9234435937
1860.0	70.0	11.4598252191	8.67313578139
1860.0	423.0	5.47377657114	5.39920064892
1860.0	426.0	8.02734974623	6.12305582145
1870.0	69.0	12.7621833175	12.1716497854
1870.0	70.0	11.1327624388	8.60273114047
1870.0	423.0	5.08420565322	5.24263982031
1870.0	426.0	7.70765324471	6.14954705922
1880.0	69.0	12.6409554143	12.4103095851
1880.0	70.0	10.7796019848	8.56024969612
1880.0	350.0	11.6260926557	12.5439590729
1880.0	423.0	4.72346845533	5.0834537339
1880.0	426.0	7.38816720829	6.17603829698
1890.0	69.0	12.5447728592	12.6456281476
1890.0	70.0	10.4262310657	8.51752959197
1890.0	350.0	11.8786507873	12.2575673133
1890.0	423.0	4.36399404809	4.92999548268
1890.0	426.0	6.99333466264	6.04310478854
1900.0	69.0	12.5494030916	12.8680590809
1900.0	70.0	10.0520241008	8.4927089728
1900.0	350.0	12.1265786864	11.9785740074
1900.0	423.0	4.01630568698	4.82617846981
1900.0	426.0	6.57956025711	5.87031509355
1910.0	69.0	12.5542437892	13.0904900143
1910.0	70.0	9.65656015984	8.48554917881
1910.0	350.0	12.356196121	11.7289358569
1910.0	423.0	3.66840686077	4.72236145693
1910.0	426.0	6.1659963167	5.69728673876
1920.0	69.0	12.5590844867	13.3129209476
1920.0	70.0	9.26109621885	8.47815072502
1920.0	350.0	12.5858135556	11.4795363662
1920.0	423.0	3.41121849681	4.85577228497
1920.0	426.0	5.86924051213	5.47461714563
1930.0	69.0	12.5637147191	13.5353518809
1930.0	70.0	8.87215669626	8.45356876565
1930.0	350.0	12.7314554115	11.3876523433
1930.0	423.0	3.17633943447	5.04860940314
1930.0	426.0	5.58553354435	5.2464583771
1940.0	70.0	8.50847298683	8.35953680456
1940.0	350.0	12.8773077324	11.2960069802
1940.0	423.0	2.96692665039	5.22736559312
1940.0	426.0	5.22879518354	5.19753311816
1950.0	70.0	8.14499974251	8.26550484348
1950.0	350.0	13.0117949375	11.2103281121
1950.0	423.0	2.85832665382	5.35051404978
1950.0	426.0	4.82364984751	5.26817641887
1960.0	70.0	7.78152649818	8.17147288239
1960.0	350.0	13.1296553989	11.1339569762
1960.0	353.0	11.7830996275	13.4093395067
1960.0	423.0	2.74972665726	5.47366250643
1960.0	426.0	4.41829404637	5.33881971959
1970.0	70.0	7.41721139342	8.15381205721
1970.0	350.0	13.2475158603	11.0575858403
1970.0	353.0	11.9643100869	13.1375059948
1970.0	423.0	2.63586503295	5.58583261229
1970.0	426.0	4.10785800967	5.46411611444
1980.0	70.0	7.05310675377	8.14474298482
1980.0	243.0	0.204782551666	7.10084502087
1980.0	350.0	13.3127600443	11.0003074884
1980.0	353.0	12.1455205463	12.865672483
1980.0	423.0	2.47528015431	5.59848158168
1980.0	426.0	3.80794522845	5.59537900428
1990.0	70.0	6.69657885807	8.13066205664
1990.0	243.0	0.443449985981	7.15669141401
1990.0	350.0	13.3721112052	10.9454157345
1990.0	353.0	12.3267310057	12.5938389711
1990.0	423.0	2.31448481055	5.61113055106
1990.0	426.0	3.50803244724	5.72664189412
2000.0	70.0	6.3583614269	8.10512545807
2000.0	243.0	0.681906955187	7.21229914734
2000.0	350.0	13.4314623661	10.8902853207
2000.0	353.0	12.517412395	12.3088791702
2000.0	423.0	2.15389993191	5.62354086065
2000.0	426.0	3.20811966602	5.85790478397
2010.0	70.0	6.02014399573	8.0795888595
2010.0	243.0	0.920363924392	7.26790688067
2010.0	350.0	13.490813527	10.835154907
2010.0	353.0	12.7173542491	12.0105544206
2010.0	423.0	1.95353714754	5.63881508783
2010.0	426.0	2.89115921093	5.92019499169
2020.0	70.0	5.67982191346	8.04808576594
2020.0	243.0	1.11251856948	7.31325224262
2020.0	350.0	13.5749995708	10.6800260372
2020.0	353.0	12.9114030802	11.7482673007
2020.0	423.0	1.66014878473	5.6605331296
2020.0	426.0	2.57251503495	5.97460942603
2030.0	70.0	5.33781611032	8.01085483718
2030.0	243.0	1.29288716843	7.35573368697
2030.0	350.0	13.6591856147	10.5248971674
2030.0	353.0	13.0997693533	11.5222564704
2030.0	423.0	1.36676042191	5.68225117138
2030.0	426.0	2.25387085898	6.02926252016
2040.0	70.0	4.99581030718	7.97338524863
2040.0	243.0	1.47325576738	7.39845379112
2040.0	350.0	13.7393728215	10.2521090163
2040.0	353.0	13.2832949289	11.2544801751
2040.0	423.0	1.07337205909	5.70396921315
2040.0	426.0	1.95900924039	6.10229241887
2050.0	70.0	4.66474868974	7.96694143403
2050.0	243.0	1.65130925012	7.42589966808
2050.0	350.0	13.8195600282	9.97932086522
2050.0	353.0	13.4636635279	10.959019343
2050.0	423.0	0.909209273582	5.72735787352
2050.0	426.0	1.69992669045	6.20324551415
2060.0	70.0	4.35852195524	8.03209555936
2060.0	243.0	1.82936273287	7.45358420485
2060.0	350.0	13.9117437462	9.89650591472
2060.0	353.0	13.604043756	10.7318152137
2060.0	423.0	0.744836022965	5.7505078741
2060.0	426.0	1.4408441405	6.30419860943
2070.0	70.0	4.05250568584	8.09701102488
2070.0	243.0	2.04761505155	7.493917711
2070.0	350.0	14.0051902549	9.83445436679
2070.0	353.0	13.7042251482	10.5726291273
2070.0	423.0	0.580673237457	5.77389653447
2070.0	426.0	1.16744996309	6.37985376594
2080.0	70.0	3.74627895133	8.1621651502
2080.0	243.0	2.32563946136	7.55358266093
2080.0	350.0	14.1177890886	9.75688993189
2080.0	353.0	13.8486042134	10.4225121133
2080.0	423.0	0.416299986839	5.79704653504
2080.0	426.0	0.890688343935	6.44882644806
2090.0	70.0	3.47835686678	8.15500535621
2090.0	243.0	2.60366387118	7.61324761086
2090.0	350.0	14.306786757	9.61608065005
2090.0	353.0	14.059069323	10.2862373676
2090.0	426.0	0.613716259668	6.51803778997
2100.0	70.0	3.21064524734	8.14760690242
2100.0	243.0	2.81391851569	7.64952390042
2100.0	350.0	14.4955739603	9.47551002802
2100.0	353.0	14.2493297821	10.1449507662
2100.0	426.0	0.336744175401	6.58701047209
2110.0	70.0	2.94272316278	8.14044710843
2110.0	243.0	2.97850223142	7.67028730299
2110.0	350.0	14.6845716288	9.33470074619
2110.0	353.0	14.3924460566	9.9922084944
2120.0	70.0	2.68090456641	8.13400329383
2120.0	243.0	3.16476385344	7.68031101458
2120.0	350.0	14.8733588321	9.19389146436
2120.0	353.0	14.5355623312	9.83946622259
2130.0	70.0	2.42203248157	8.12779813904
2130.0	243.0	3.40153710177	7.665514107
2130.0	353.0	14.6988832562	9.64853838282
2140.0	70.0	2.16294993162	8.12183164405
2140.0	243.0	3.75090918375	7.71658730413
2140.0	353.0	14.8672553439	9.44806415106
2150.0	70.0	1.90386738167	8.11562648926
2150.0	243.0	4.14847777583	7.79629967724
2150.0	353.0	15.0356274316	9.2475899193
2160.0	70.0	1.61258366995	7.99987648639
2160.0	243.0	4.54604636791	7.87577339054
2170.0	70.0	1.31330228406	7.85668060657
2170.0	243.0	4.92656728611	7.94928060886
2180.0	70.0	1.01402089818	7.71348472674
2180.0	243.0	5.30687773921	8.02254916737
2180.0	247.0	0.187945342896	3.36892173276
2190.0	70.0	0.714739512288	7.57028884691
2190.0	243.0	5.67392889039	8.10035226207
2190.0	247.0	0.511009286171	3.46892018883
2190.0	322.0	9.33349621656	12.6208075284
2200.0	70.0	0.384098825067	7.45811874105
2200.0	243.0	6.02056492595	8.18459917137
2200.0	247.0	0.834073229446	3.56867998512
2200.0	322.0	9.51912644325	12.4523137098
2210.0	70.0	-0.0193627900855	7.41826255449
2210.0	243.0	6.3672009615	8.26884608067
2210.0	247.0	1.15713717272	3.6686784412
2210.0	322.0	9.70496713505	12.2840585511
2220.0	243.0	6.71383699705	8.35309298997
2220.0	247.0	1.480201116	3.76867689728
2220.0	322.0	9.89059736174	12.1155647325
2230.0	243.0	7.09583117102	8.44139711586
2230.0	247.0	1.78811157138	3.85483308497
2230.0	322.0	10.0665461934	11.9391951405
2240.0	243.0	7.477825345	8.52993990156
2240.0	247.0	2.08086853887	3.92762432388
2240.0	322.0	10.20397991	11.7317997745
2250.0	243.0	7.8103602182	8.61633474905
2250.0	247.0	2.37362550636	4.000176903
2250.0	322.0	10.3412031615	11.5241657488
2260.0	243.0	8.02819160667	8.69867237996
2260.0	247.0	2.66659293896	4.07272948211
2260.0	322.0	10.4761112967	11.3573425488
2270.0	243.0	8.24581253002	8.78101001086
2270.0	247.0	2.95934990644	4.14552072102
2270.0	322.0	10.6108089669	11.195053885
2280.0	243.0	8.42828578006	8.87456465234
2280.0	247.0	3.41605919433	4.13430371044
2280.0	322.0	10.6985729176	11.0380157367
2290.0	243.0	8.55793228759	8.98458682001
2290.0	247.0	3.89128941187	4.11377896766
2290.0	322.0	10.7162519868	10.8888533619
2300.0	243.0	8.68736833001	9.09484764748
2300.0	247.0	4.36630916429	4.09325422489
2300.0	322.0	10.7337205909	10.7396909871
2310.0	243.0	8.84353344136	9.13518115363
2310.0	247.0	4.84259170737	4.0789346369
2310.0	322.0	10.588078735	10.6387378918
2310.0	380.0	14.8447355772	9.92824766808
2320.0	243.0	9.00664390131	9.1583311542
2320.0	247.0	5.32097890155	4.07344546151
2320.0	322.0	10.4422264141	10.5377847965
2320.0	380.0	14.4941007046	10.1669074678
2330.0	243.0	9.16954389617	9.18148115478
2330.0	247.0	5.79936609573	4.06795628612
2330.0	322.0	10.3245764178	10.335878606
2330.0	380.0	14.1432553668	10.4055672675
2340.0	243.0	9.32444621685	9.16835486579
2340.0	247.0	6.2775428248	4.06270577052
2340.0	322.0	10.2488089783	9.98266210241
2340.0	380.0	13.9590983959	10.5447059307
2350.0	243.0	9.47598109578	9.13971568983
2350.0	247.0	6.75593001898	4.05721659513
2350.0	322.0	10.1730415389	9.62944559884
2350.0	380.0	13.774941425	10.6840832538
2360.0	243.0	9.63572411399	9.12086156565
2360.0	247.0	7.19790674919	4.10494855507
2360.0	322.0	10.144418284	9.59412394848
2360.0	380.0	13.5329065489	10.9007863519
2370.0	243.0	9.82787875907	9.14162496822
2370.0	247.0	7.63988347941	4.15268051501
2370.0	322.0	10.1210566568	9.59412394848
2370.0	380.0	13.2523565578	11.1692786266
2380.0	243.0	10.0200334042	9.1623883708
2380.0	247.0	8.08186020962	4.20041247496
2380.0	322.0	10.086961309	9.55951827752
2380.0	380.0	12.9930635427	11.4215420349
2390.0	243.0	10.2050322355	9.164536309
2390.0	247.0	8.51162996348	4.27988618826
2390.0	322.0	10.0105624742	9.38577394333
2390.0	380.0	12.8192193622	11.6081739983
2400.0	243.0	10.3891892064	9.164536309
2400.0	247.0	8.94118925222	4.35959856137
2400.0	322.0	9.93395317432	9.21226826894
2400.0	380.0	12.6453751816	11.7950446214
2410.0	243.0	10.6068101298	9.18386775277
2410.0	247.0	9.34044156518	4.41997949069
2410.0	322.0	9.85734387442	9.03876259455
2410.0	380.0	12.4719519313	11.9905069974
2420.0	243.0	10.8578950056	9.22229198053
2420.0	247.0	9.71927876251	4.46771145064
2420.0	322.0	9.74642876165	8.81633166121
2420.0	380.0	12.2974763554	12.2050621573
2430.0	243.0	11.1091903465	9.26071620828
2430.0	247.0	10.123371773	4.46222227524
2430.0	322.0	9.6317252769	8.58841155249
2430.0	380.0	12.1185810122	12.491453917
2440.0	243.0	11.3440694088	9.32014249841
2440.0	247.0	10.5443019922	4.42093412989
2440.0	322.0	9.42652179502	8.42349763089
2440.0	380.0	11.9630472962	12.7370348509
2450.0	243.0	11.5545345184	9.4105945625
2450.0	247.0	10.9652322115	4.37988464434
2450.0	322.0	9.18301366318	8.28531360685
2450.0	380.0	11.9009600889	12.8196111416
2460.0	243.0	11.7649996281	9.50104662659
2460.0	247.0	11.39437057	4.335016602
2460.0	322.0	8.75997879283	8.14092442803
2460.0	380.0	11.8388728815	12.9024260921
2470.0	243.0	11.9676775286	9.62156982545
2470.0	247.0	11.8268763703	4.28847794105
2470.0	322.0	8.29232531925	7.9951032904
2470.0	380.0	11.7767856742	12.9850023828
2480.0	243.0	12.1625682201	9.77168683947
2480.0	247.0	12.2595926357	4.24217793991
2480.0	322.0	7.98167881744	8.07457700371
2480.0	380.0	11.714908932	13.0675786735
2490.0	243.0	12.3574589117	9.92204251329
2490.0	247.0	12.6832589014	4.19635525836
2490.0	322.0	7.67103231563	8.15428937681
2490.0	380.0	11.6528217246	13.1501549642
2500.0	243.0	12.5384589059	10.0833765379
2500.0	247.0	13.0271588905	4.15673773161
2500.0	322.0	7.40100557998	8.30225845263
2500.0	380.0	11.5907345173	13.2327312549
2510.0	243.0	12.7160914585	10.2475744801
2510.0	247.0	13.3708484145	4.11688154506
2510.0	322.0	7.13560907674	8.45786464204
2510.0	380.0	11.52864731	13.3153075456
2520.0	243.0	12.893724011	10.4115337625
2520.0	247.0	13.7210623569	4.07583205951
2520.0	322.0	6.94534861764	8.6633507296
2520.0	380.0	11.4665601026	13.3978838363
2530.0	243.0	13.0421019133	10.5234652086
2530.0	247.0	14.1287332743	4.02356556337
2530.0	322.0	6.80496838952	8.90201052931
2540.0	243.0	13.1711170255	10.6003136641
2540.0	247.0	14.5366146567	3.97153772703
2540.0	322.0	6.60860444224	8.97527908782
2550.0	243.0	13.3001321377	10.6774007794
2550.0	247.0	14.9442855741	3.91927123089
2550.0	322.0	6.39477189086	9.00129300599
2560.0	243.0	13.50617748	10.7800244933
2560.0	322.0	6.17336259554	9.01370331558
2570.0	243.0	13.7894635176	10.9086621253
2570.0	322.0	5.93259051012	9.03279609955
2580.0	243.0	14.0727495551	11.0370610975
2580.0	322.0	5.6631951698	9.06143527552
2590.0	243.0	14.2960530364	11.1050791405
2590.0	322.0	5.39379982948	9.09007445149
2600.0	243.0	14.5124111691	11.1666533688
2600.0	322.0	5.07473472329	9.03923991415
2610.0	243.0	14.7289797669	11.2279889373
2610.0	322.0	4.75040798936	8.97957496422
2620.0	243.0	14.9453378996	11.2893245058
2620.0	322.0	4.39956265161	8.9098863027
2630.0	322.0	4.02240917516	8.8304125894
2640.0	322.0	3.64336151273	8.75117753589
2650.0	142.0	0.448711613722	7.68245895278
2650.0	322.0	3.24453012999	8.67599969898
2660.0	142.0	0.883322065098	7.5824604967
2660.0	322.0	2.84759293323	8.60153784147
2670.0	142.0	1.31772205137	7.48246204062
2670.0	322.0	2.45781155021	8.53065588096
2680.0	142.0	1.78495459473	7.47768884462
2680.0	322.0	2.06803016718	8.46001258024
2690.0	142.0	2.30080457843	7.61635018826
2690.0	322.0	1.72413017805	8.4098940223
2700.0	142.0	2.81686502723	7.75501153189
2700.0	322.0	1.42590111771	8.38006154734
2710.0	142.0	3.33902896421	7.88197854534
2710.0	322.0	1.12788252248	8.35309298997
2720.0	142.0	3.87529406353	7.98197700142
2720.0	322.0	0.830284857473	8.35309298997
2730.0	142.0	4.41155916286	8.0822141173
2730.0	277.0	14.907664645	8.68721670957
2730.0	322.0	0.532687192462	8.35309298997
2740.0	142.0	4.94529868087	8.20011205835
2740.0	277.0	14.4191751256	8.68721670957
2740.0	322.0	0.235089527452	8.35309298997
2750.0	142.0	5.46767308296	8.38936927953
2750.0	277.0	13.930475141	8.68721670957
2760.0	142.0	5.99025795016	8.5786265007
2760.0	277.0	13.4506146911	8.69008062717
2770.0	142.0	6.50463467809	8.76167856708
2770.0	277.0	13.0488367968	8.71895846293
2780.0	142.0	6.99985908104	8.93017238568
2780.0	277.0	12.6470589025	8.7480749585
2790.0	142.0	7.49508348398	9.09866620428
2790.0	277.0	12.2452810082	8.77695279426
2800.0	142.0	7.99030788693	9.26692136307
2800.0	277.0	11.8026728827	8.81728630041
2810.0	142.0	8.28327531953	9.40057085091
2810.0	277.0	11.3497519668	8.86072238396
2820.0	142.0	8.55393345051	9.52992446236
2820.0	277.0	10.897041516	8.90415846751
2830.0	142.0	8.82459158149	9.6595167336
2830.0	277.0	10.5091543189	8.88602032273
2840.0	142.0	8.99864622715	9.72681879712
2840.0	277.0	10.1865113059	8.80654660943
2850.0	142.0	9.02832180761	9.70080487895
2850.0	277.0	9.86386829282	8.72707289612
2860.0	142.0	9.05799738806	9.67479096078
2860.0	277.0	9.54227760531	8.60941361486
2870.0	142.0	9.08746250341	9.64853838282
2870.0	277.0	9.22194970846	8.45380742545
2880.0	142.0	9.11713808387	9.62252446465
2880.0	277.0	8.92224739236	8.27982443146
2890.0	142.0	9.14660319922	9.59627188668
2890.0	277.0	8.704626469	8.03305019855
2900.0	142.0	9.17627877967	9.57025796851
2900.0	277.0	8.48679508054	7.78603730585
2900.0	355.0	11.3625903385	12.6095905179
2900.0	356.0	10.4390694374	12.3554178312
2910.0	142.0	9.17880436099	9.56453013332
2910.0	277.0	8.22266136796	7.56360637252
2910.0	355.0	11.5650577739	12.3983765951
2910.0	356.0	10.6495345471	12.3315518512
2920.0	142.0	9.1813299423	9.55880229812
2920.0	277.0	7.85034858903	7.39845379112
2920.0	355.0	11.7675252094	12.1871626724
2920.0	356.0	10.8599996567	12.3076858712
2930.0	142.0	9.18385552362	9.55283580313
2930.0	277.0	7.4780358101	7.23330120972
2930.0	355.0	11.9481042734	11.9878817396
2930.0	356.0	11.0618356968	12.2885930872
2940.0	142.0	9.18638110494	9.54710796794
2940.0	277.0	7.08678117131	7.08580945349
2940.0	355.0	12.1196333378	11.7933740028
2940.0	356.0	11.2432566213	12.2802399943
2950.0	142.0	9.18890668625	9.54138013274
2950.0	277.0	6.68773932346	6.94571615106
2950.0	355.0	12.2911624021	11.5988662661
2950.0	356.0	11.4246775458	12.2721255611
2960.0	142.0	9.19164273268	9.53565229755
2960.0	277.0	6.2884870105	6.80586150843
2960.0	355.0	12.3263100754	11.3761966729
2960.0	356.0	11.5781066107	12.2558966947
2970.0	142.0	9.19416831399	9.52992446236
2970.0	277.0	5.85619167533	6.71230686694
2970.0	355.0	12.3612472836	11.15328842
2970.0	356.0	11.6894426537	12.2277348383
2980.0	142.0	9.19669389531	9.52419662716
2980.0	277.0	5.41547773577	6.63020789584
2980.0	355.0	12.3963949569	10.9306188269
2980.0	356.0	11.8009891618	12.1998116418
2990.0	142.0	9.19921947662	9.51823013217
2990.0	277.0	4.97476379622	6.54810892474
2990.0	355.0	12.4315426303	10.6919590272
2990.0	356.0	11.9123252048	12.1716497854
3000.0	142.0	9.20174505794	9.51250229698
3000.0	277.0	4.5085835784	6.44118933447
3000.0	355.0	12.4664798384	10.4532992274
3000.0	356.0	12.1168972914	12.2048234975
3010.0	142.0	9.20427063925	9.50677446179
3010.0	277.0	4.0253556867	6.31732489842
3010.0	355.0	12.5016275118	10.2146394277
3010.0	356.0	12.3214693779	12.2379972097
3020.0	142.0	9.20679622057	9.50104662659
3020.0	277.0	3.542127795	6.19369912216
3020.0	355.0	12.4414344904	10.0509188051
3020.0	356.0	12.5262519296	12.2711709219
3030.0	142.0	9.20932180188	9.4953187914
3030.0	277.0	3.1550824584	6.16816252359
3030.0	355.0	12.3814519342	9.88743684233
3030.0	356.0	12.7224054118	12.3179482426
3040.0	142.0	9.2118473832	9.48935229641
3040.0	277.0	2.77877084239	6.15384293561
3040.0	355.0	12.3212589128	9.72371621973
3040.0	356.0	12.9059309873	12.3852503061
3050.0	142.0	9.21437296452	9.48362446121
3050.0	277.0	2.40245922638	6.13928468783
3050.0	355.0	12.2454914733	9.56405281372
3050.0	356.0	13.0892460978	12.4525523696
3060.0	142.0	9.21689854583	9.47789662602
3060.0	277.0	2.01478249445	6.05169654133
3060.0	355.0	12.1539391507	9.4084466243
3060.0	356.0	13.2727716734	12.5198544332
3070.0	142.0	9.21963459226	9.47216879083
3070.0	277.0	1.61973948368	5.9154217957
3070.0	355.0	12.0527054329	9.25904558968
3070.0	356.0	13.456297249	12.5871564967
3080.0	142.0	9.22216017357	9.46644095563
3080.0	277.0	1.2244860078	5.77890839026
3080.0	355.0	11.9123252048	9.13541981343
3090.0	142.0	9.22468575489	9.46071312044
3090.0	277.0	0.829442997034	5.64263364463
3090.0	355.0	11.7719449767	9.01155537738
3100.0	142.0	9.2272113362	9.45474662545
3100.0	277.0	0.434189521157	5.50612023919
3100.0	355.0	11.6936519559	8.93948011787
3110.0	142.0	9.22973691752	9.44901879025
3110.0	355.0	11.6774461425	8.91895537509
3120.0	142.0	9.23226249883	9.44329095506
3120.0	355.0	11.6610298639	8.89819197252
3130.0	142.0	9.23478808015	9.43756311987
3130.0	355.0	11.6446135854	8.87766722974
3140.0	142.0	9.23731366146	9.43183528468
3140.0	355.0	11.6284077719	8.85714248697
3150.0	142.0	9.23983924278	9.42610744948
3150.0	355.0	11.6119914934	8.83661774419
3160.0	142.0	9.2423648241	9.42014095449
3160.0	355.0	11.5957856799	8.81609300141
3170.0	142.0	9.24489040541	9.4144131193
3170.0	355.0	11.5793694014	8.79532959884
3180.0	142.0	9.24762645184	9.4086852841
3180.0	260.0	0.519427890556	6.10348571787
3180.0	355.0	11.5631635879	8.77480485606
3190.0	142.0	9.25015203315	9.40295744891
3190.0	260.0	0.818498811334	6.14739912102
3190.0	355.0	11.5467473094	8.75428011329
3200.0	142.0	9.25267761447	9.39722961372
3200.0	260.0	1.11778019722	6.19131252417
3200.0	355.0	11.5303310308	8.73375537051
3210.0	142.0	9.25520319578	9.39126311872
3210.0	260.0	1.416851118	6.23522592731
3210.0	355.0	11.5141252174	8.71323062774
3220.0	142.0	9.2577287771	9.38553528353
3220.0	260.0	1.72581389893	6.26123984548
3220.0	355.0	11.4082612673	8.4962888698
3230.0	142.0	9.26025435841	9.37980744834
3230.0	260.0	2.04151156337	6.27532077367
3230.0	355.0	11.292505457	8.25762907009
3240.0	142.0	9.26277993973	9.37407961314
3240.0	260.0	2.35720922781	6.28940170185
3240.0	355.0	11.2506229001	8.06192803432
3250.0	142.0	9.26530552104	9.36835177795
3250.0	260.0	2.69711037985	6.30419860943
3250.0	355.0	11.2169484826	7.87100019455
3260.0	142.0	9.26783110236	9.36262394276
3260.0	260.0	3.13424641254	6.32257541401
3260.0	355.0	11.1935868554	7.64618266322
3270.0	142.0	9.27035668368	9.35665744777
3270.0	260.0	3.57138244524	6.34095221859
3270.0	355.0	11.1853787162	7.37100791415
3280.0	142.0	9.27288226499	9.35092961257
3280.0	260.0	4.02514522159	6.30658520743
3280.0	355.0	11.177381042	7.09559450528
3290.0	142.0	9.27561831142	9.34520177738
3290.0	260.0	4.48985218364	6.23689654591
3290.0	355.0	11.2817717364	7.01922336937
3300.0	142.0	9.27814389273	9.33947394219
3300.0	260.0	4.97181728468	6.19417644176
3300.0	355.0	11.4141542903	6.9927321316
3310.0	142.0	9.28066947405	9.33374610699
3310.0	260.0	5.52218354635	6.25837592789
3310.0	355.0	11.5509566116	6.96266099684
3320.0	142.0	9.28319505536	9.327779612
3320.0	260.0	6.07276027313	6.32257541401
3320.0	355.0	11.7248007921	6.90037078911
3330.0	142.0	9.28572063668	9.32205177681
3330.0	260.0	6.57829746646	6.39083211673
3330.0	355.0	11.8986449727	6.83808058139
3340.0	142.0	9.28824621799	9.31632394161
3340.0	260.0	7.0537381491	6.46147541744
3340.0	355.0	12.1690926385	6.62710531844
3350.0	142.0	9.29077179931	9.31059610642
3350.0	260.0	7.52917883174	6.53211871816
3350.0	355.0	12.463743792	6.37889912674
3360.0	142.0	9.29329738062	9.30486827123
3360.0	260.0	7.96210556224	6.70228315535
3360.0	355.0	12.7304030859	6.11494138826
3370.0	142.0	9.29582296194	9.29914043603
3370.0	260.0	8.39040206033	6.88318728354
3370.0	355.0	12.9316077307	5.81399138082
3380.0	142.0	9.29834854326	9.29317394104
3380.0	260.0	8.81848809331	7.06433007152
3380.0	355.0	13.1330228406	5.51304137338
3390.0	142.0	9.30087412457	9.28744610585
3390.0	260.0	9.21689854583	7.25191667409
3390.0	355.0	13.369796089	5.1650753854
3400.0	142.0	9.30339970589	9.28171827066
3400.0	260.0	9.61530899835	7.43926461687
3400.0	355.0	13.6065693373	4.81687073762
3410.0	142.0	9.30613575231	9.27599043546
3410.0	260.0	10.0208752646	7.58460843489
3410.0	355.0	13.7498960769	4.46842743003
3420.0	142.0	9.30866133363	9.27026260027
3420.0	260.0	10.4559066462	7.56074245492
3420.0	355.0	13.830714679	4.11974546265
3430.0	142.0	9.31118691494	9.26429610528
3430.0	161.0	14.9175565051	3.01498924978
3430.0	260.0	10.8909380278	7.53687647495
3430.0	355.0	13.9117437462	3.77082483547
3440.0	142.0	9.31371249626	9.25856827008
3440.0	161.0	14.3301483842	2.93551553648
3440.0	260.0	11.3230228979	7.51277183518
3440.0	355.0	14.1668274591	3.47440936423
3450.0	142.0	9.31623807757	9.25284043489
3450.0	161.0	13.7425297981	2.85604182317
3450.0	260.0	11.7439531171	7.48699657681
3450.0	355.0	14.421911172	3.17775523318
3460.0	142.0	9.31876365889	9.2471125997
3460.0	161.0	13.1258670269	2.9149907937
3460.0	260.0	12.1648833364	7.46145997824
3460.0	355.0	14.6769948848	2.88133976194
3470.0	142.0	9.32128924021	9.2413847645
3470.0	161.0	12.4799496055	3.11236244806
3470.0	260.0	12.5454042546	7.40800018311
3470.0	355.0	14.9194506911	2.54172686695
3480.0	142.0	9.32171017042	9.22849713532
3480.0	161.0	11.834032184	3.30997276223
3480.0	260.0	12.8653112212	7.31253626322
3480.0	355.0	15.1562239395	2.18373716738
3490.0	142.0	9.30318924078	9.15117136021
3490.0	161.0	11.1731717398	3.43813307467
3490.0	260.0	13.1852181878	7.21707234333
3500.0	142.0	9.28466831113	9.07408424491
3500.0	161.0	10.5022089703	3.52023204577
3500.0	260.0	13.4066274831	7.19821821916
3510.0	142.0	9.26593691637	8.9967584698
3510.0	161.0	9.83145666594	3.60233101687
3510.0	260.0	13.6170925928	7.18771718797
3520.0	142.0	9.19522063954	8.96000486064
3520.0	161.0	9.18911715136	3.77583669127
3520.0	165.0	0.379679057764	8.10560277767
3520.0	166.0	0.207097667872	7.25788316909
3520.0	260.0	13.7825181689	7.32184399541
3520.0	262.0	0.297176734791	6.30706252703
3530.0	142.0	9.10219506108	8.94043475707
3530.0	161.0	8.58950205404	4.08681041029
3530.0	165.0	0.675803467008	8.08794195249
3530.0	166.0	0.428927893417	7.3287651296
3530.0	260.0	13.9178472344	7.55191204233
3530.0	262.0	0.693693001326	6.2428630409
3540.0	142.0	9.00895901752	8.92086465349
3540.0	161.0	7.99009742182	4.39778412932
3540.0	165.0	0.97213834136	8.07028112731
3540.0	166.0	0.650758118962	7.39964709012
3540.0	260.0	14.0529658348	7.78198008926
3540.0	262.0	1.09041973297	6.17842489498
3550.0	142.0	8.91572297396	8.90129454991
3550.0	161.0	7.41426488189	4.71878155993
3550.0	165.0	1.19965112487	8.10989865406
3550.0	166.0	0.872588344507	7.47076771043
3550.0	260.0	14.2230216434	8.04784710614
3550.0	262.0	1.47662320913	6.12019190385
3560.0	142.0	8.8226973955	8.88172444634
3560.0	161.0	7.05121256778	5.13046971444
3560.0	165.0	1.41011623449	8.163597109
3560.0	166.0	1.09441857005	7.54164967095
3560.0	260.0	14.4014960563	8.32278319541
3560.0	262.0	1.83820226747	6.07532386151
3570.0	142.0	8.72946135194	8.86215434276
3570.0	161.0	6.68837071879	5.54191920915
3570.0	165.0	1.62058134412	8.21753422373
3570.0	166.0	1.29835926128	7.54164967095
3570.0	260.0	14.5801809344	8.59748062488
3570.0	262.0	2.19999179092	6.03069447896
3580.0	142.0	8.69220902753	8.86334764176
3580.0	161.0	6.3190044514	5.92067231129
3580.0	165.0	1.825784826	8.25166257509
3580.0	166.0	1.5020894874	7.54164967095
3580.0	260.0	14.7085646513	8.87122341515
3580.0	262.0	2.58514294153	5.98940633361
3590.0	142.0	8.69220902753	8.87838320914
3590.0	161.0	5.9233300453	6.16887850299
3590.0	165.0	2.02867319168	8.27719917366
3590.0	166.0	1.70603017862	7.54164967095
3590.0	260.0	14.786647207	9.14401156622
3590.0	262.0	3.18160106221	5.97938262202
3600.0	142.0	8.69220902753	8.89341877652
3600.0	161.0	5.5276556392	6.4170846947
3600.0	165.0	2.23177202247	8.30273577223
3600.0	166.0	1.94574993849	7.65453575621
3600.0	260.0	14.8649402277	9.41679971729
3600.0	262.0	3.77784871778	5.96935891043
3610.0	142.0	8.69220902753	8.9086930037
3610.0	161.0	5.04379635218	6.56409913132
3610.0	165.0	2.46917666613	8.35595690757
3610.0	166.0	2.19451969807	7.79558369784
3610.0	260.0	14.9430227834	9.68958786837
3610.0	262.0	4.43281613893	5.99227025121
3620.0	142.0	8.69220902753	8.92372857109
3620.0	161.0	4.52226381052	6.66791614419
3620.0	165.0	2.71058014687	8.4120419605
3620.0	166.0	2.43297666727	7.85190741057
3620.0	262.0	5.11261844302	6.02902386036
3630.0	142.0	8.69220902753	8.93876413847
3630.0	161.0	4.04429754656	6.71875068153
3630.0	165.0	2.95198362761	8.46812701343
3630.0	166.0	2.66448828786	7.85190741057
3630.0	262.0	5.79115795646	6.0772331399
3640.0	142.0	8.69220902753	8.95379970585
3640.0	161.0	3.6317859317	6.69011150557
3640.0	165.0	3.16792083008	8.47695742602
3640.0	166.0	2.89599990845	7.85190741057
3640.0	262.0	6.45622770287	6.22997541172
3650.0	142.0	8.69220902753	8.96883527323
3650.0	161.0	3.21927431683	6.6614723296
3650.0	165.0	3.35797082408	8.43853319827
3650.0	166.0	3.12751152904	7.85190741057
3650.0	262.0	7.12129744929	6.38271768354
3660.0	142.0	8.69220902753	8.98410950041
3660.0	161.0	2.88652897851	6.73569552731
3660.0	165.0	3.54802081807	8.40010897051
3660.0	166.0	3.42595105448	7.79367441944
3660.0	262.0	7.82025207836	6.50515016079
3670.0	142.0	8.69220902753	8.9991450678
3670.0	161.0	2.56283363991	6.82137439541
3670.0	165.0	3.7498568582	8.34378525778
3670.0	166.0	3.76879871806	7.69630122116
3670.0	262.0	8.54193693926	6.60753521487
3680.0	142.0	8.69220902753	9.01418063518
3680.0	161.0	2.2389278362	6.90705326351
3680.0	165.0	3.96958243265	8.26073164748
3680.0	166.0	4.11185684675	7.59916668268
3680.0	262.0	9.26341133506	6.70968160914
3690.0	142.0	8.69220902753	9.02921620256
3690.0	161.0	1.91523249759	6.9927321316
3690.0	165.0	4.1893080071	8.16669968639
3690.0	166.0	4.5108986946	7.53377389755
3690.0	262.0	9.94195084849	6.71039758854
3700.0	142.0	8.69220902753	9.04449042974
3700.0	161.0	1.54165692801	6.93903367667
3700.0	165.0	4.40966497687	7.97362390843
3700.0	166.0	4.91625449574	7.47172234963
3700.0	262.0	10.6095461762	6.68581562917
3710.0	142.0	8.69220902753	9.05952599712
3710.0	161.0	1.16808135842	6.88533522173
3710.0	165.0	4.63023241176	7.78030947066
3710.0	166.0	5.32771378506	7.41730791529
3710.0	262.0	11.2773519691	6.66099501
3720.0	142.0	8.69220902753	9.0745615645
3720.0	161.0	0.794505788836	6.8316367668
3720.0	165.0	5.05873937496	7.82302957481
3720.0	166.0	5.7637974922	7.39153265693
3720.0	262.0	11.945368227	6.62113882345
3730.0	142.0	8.69220902753	9.08959713189
3730.0	161.0	0.420930219251	6.77793831186
3730.0	165.0	5.48703587305	7.86551101916
3730.0	166.0	6.19967073424	7.36599605836
3730.0	262.0	12.6131740199	6.5798506781
3740.0	142.0	8.69220902753	9.10463269927
3740.0	165.0	5.91533237114	7.90226462831
3740.0	166.0	6.64375211555	7.38246358454
3740.0	262.0	13.2287844655	6.52853882116
3750.0	142.0	8.69220902753	9.11990692645
3750.0	165.0	6.34215561346	7.9161068967
3750.0	166.0	7.099619543	7.46217595764
3750.0	262.0	13.8090367728	6.47054448983
3760.0	142.0	8.69220902753	9.13494249383
3760.0	165.0	6.76918932089	7.92971050528
3760.0	166.0	7.55569743556	7.54164967095
3760.0	262.0	14.3894995451	6.4127888183
3770.0	142.0	8.69220902753	9.14997806121
3770.0	165.0	7.19601256321	7.94331411386
3770.0	166.0	8.00609277016	7.62756719884
3770.0	262.0	14.9697518523	6.35479448697
3780.0	142.0	8.69220902753	9.1650136286
3780.0	165.0	7.61399627092	7.95811102144
3780.0	166.0	8.44806950037	7.72303111873
3790.0	142.0	8.69220902753	9.18028785578
3790.0	165.0	8.02819160667	7.97362390843
3790.0	166.0	8.89004623058	7.81849503861
3790.0	171.0	0.294651153476	6.12759035764
3790.0	172.0	0.233405806575	5.53810065235
3790.0	284.0	14.8384216239	8.51943887037
3800.0	142.0	8.69220902753	9.19532342316
3800.0	165.0	8.44238694241	7.98889813561
3800.0	166.0	9.30739854297	7.94045019627
3800.0	171.0	0.547209285026	6.1633893276
3800.0	172.0	0.463023241176	5.54884034334
3800.0	284.0	14.6959367447	8.68101155478
3810.0	142.0	8.69220902753	9.21035899054
3810.0	165.0	8.82564390704	8.04951772474
3810.0	166.0	9.68749853095	8.10202288067
3810.0	171.0	0.799767416577	6.19918829756
3810.0	172.0	0.692640675778	5.55958003432
3810.0	284.0	14.5532414004	8.84282289898
3820.0	142.0	8.69220902753	9.22539455792
3820.0	165.0	9.18869622114	8.13996978883
3820.0	166.0	10.0675985189	8.26383422488
3820.0	171.0	1.05232554813	6.23498726751
3820.0	172.0	0.922258110379	5.57055838511
3820.0	284.0	14.4107565212	9.00439558339
3830.0	142.0	8.69220902753	9.24043012531
3830.0	165.0	9.55153807014	8.23042185292
3830.0	166.0	10.4083415314	8.45356876565
3830.0	171.0	1.28383716872	6.28152592846
3830.0	172.0	1.15187554498	5.5812980761
3830.0	284.0	14.2861611763	9.26334146608
3840.0	142.0	8.69220902753	9.25570435249
3840.0	165.0	9.87081364144	8.42469092988
3840.0	166.0	10.6562694306	8.70941207094
3840.0	171.0	1.49430227834	6.33880428039
3840.0	172.0	1.37139065432	5.60731199427
3840.0	284.0	14.1733518775	9.58720281429
3850.0	142.0	8.69220902753	9.27073991987
3850.0	165.0	10.1715682831	8.6633507296
3850.0	166.0	10.9044077948	8.96501671644
3850.0	171.0	1.70476738797	6.39608263232
3850.0	172.0	1.58669646147	5.64000838683
3850.0	284.0	14.0605425788	9.9113028223
3860.0	142.0	8.69220902753	9.28577548725
3860.0	165.0	10.4721124596	8.90201052931
3860.0	166.0	11.2266298776	9.10200744147
3860.0	171.0	1.91523249759	6.45336098425
3860.0	172.0	1.8017918035	5.67246611959
3860.0	284.0	14.0068739758	10.180988396
3870.0	142.0	8.69220902753	9.30081105463
3870.0	165.0	10.7490845439	9.10153012187
3870.0	166.0	11.6233566093	9.12038424605
3870.0	171.0	2.12569760722	6.51063933618
3870.0	172.0	2.01709761065	5.70516251215
3870.0	284.0	13.9679379305	10.4373090209
3880.0	142.0	8.69220902753	9.31584662201
3880.0	165.0	11.0233205817	9.29699249784
3880.0	166.0	12.0200833409	9.13876105063
3880.0	171.0	2.34352899568	6.56982696651
3880.0	172.0	2.24061155707	5.7433480801
3880.0	284.0	13.9279495597	10.6988801614
3890.0	142.0	8.69220902753	9.3311208492
3890.0	165.0	11.2975566196	9.492216214
3890.0	166.0	12.4519577459	9.08697187409
3890.0	171.0	2.56872666298	6.63092387524
3890.0	172.0	2.48306736336	5.79537591644
3890.0	284.0	13.88059491	11.006751303
3900.0	142.0	8.69220902753	9.34615641658
3900.0	165.0	11.5905240522	9.62562704204
3900.0	166.0	12.888041453	9.02730692416
3900.0	171.0	2.79371386517	6.69202078397
3900.0	172.0	2.72552316965	5.84716509298
3900.0	284.0	13.8330297952	11.3148611044
3910.0	142.0	8.69220902753	9.36119198396
3910.0	165.0	11.8961193914	9.71798838453
3910.0	166.0	13.3190739975	8.96811929383
3910.0	171.0	3.01891153247	6.75287903289
3910.0	172.0	2.96797897594	5.89895426952
3910.0	284.0	13.7854646805	11.622732246
3920.0	142.0	8.69220902753	9.37622755134
3920.0	165.0	12.2015042654	9.81034972702
3920.0	166.0	13.7056984039	8.9125115605
3920.0	171.0	3.26052547832	6.80299759083
3920.0	172.0	3.21043478223	5.95098210585
3920.0	284.0	13.715379799	11.8967136961
3930.0	142.0	8.70146949236	9.4077306449
3930.0	165.0	12.5121507672	9.91631467809
3930.0	166.0	14.0923228103	8.85714248697
3930.0	171.0	3.56822546859	6.80920274562
3930.0	172.0	3.49687779643	5.9999073648
3930.0	284.0	13.6450844524	12.1706951462
3940.0	142.0	8.7132555385	9.44305229526
3940.0	165.0	12.8278484317	10.035644578
3940.0	166.0	14.4789472167	8.80153475363
3940.0	171.0	3.87571499375	6.81516924062
3940.0	172.0	3.80205220539	6.04763932474
3940.0	284.0	13.569527478	12.4606668028
3950.0	142.0	8.72504158464	9.47837394562
3950.0	165.0	13.1435460961	10.1549744778
3950.0	166.0	14.8657820882	8.7461656801
3950.0	171.0	4.18341498403	6.82137439541
3950.0	172.0	4.10722661434	6.09537128468
3950.0	284.0	13.4809216668	12.7871534088
3960.0	142.0	8.73661716567	9.51369559598
3960.0	165.0	13.4668205045	10.2487677791
3960.0	171.0	4.50332195066	6.84261511758
3960.0	172.0	4.4124010233	6.14310324462
3960.0	284.0	13.3845286466	13.0630441373
3970.0	142.0	8.7484032118	9.54901724633
3970.0	165.0	13.7974611917	10.3170244818
3970.0	171.0	4.85227310242	6.89917749012
3970.0	172.0	4.77692659317	6.18200479198
3970.0	284.0	13.2763495803	13.2630410495
3980.0	142.0	8.63980321524	9.55116518453
3980.0	165.0	14.1643018778	10.3246615954
3980.0	171.0	5.20122425418	6.95573986265
3980.0	172.0	5.16691844131	6.21708778254
3980.0	284.0	13.1683809791	13.4630379616
3990.0	142.0	8.35125554994	9.50343322459
3990.0	165.0	14.585232097	10.2416079851
3990.0	171.0	5.55017540593	7.01230223518
3990.0	172.0	5.55691028944	6.25217077309
3990.0	176.0	14.7582344172	6.06840272731
3990.0	284.0	13.0602019127	13.6630348738
4000.0	142.0	8.06270788464	9.45570126465
4000.0	165.0	15.0061623163	10.1585543748
4000.0	171.0	5.87471260498	7.05072646293
4000.0	172.0	5.92817074282	6.27269551587
4000.0	176.0	14.2916332691	6.00396458139
4010.0	142.0	7.77394975424	9.4079693047
4010.0	171.0	6.17462538619	7.07101254591
4010.0	172.0	6.25544398829	6.25956922688
4010.0	176.0	13.8252425862	5.93928777567
4020.0	142.0	7.56495790038	9.40319610871
4020.0	171.0	6.47474863252	7.09129862889
4020.0	172.0	6.58292769887	6.2462042781
4020.0	176.0	13.3588519033	5.87484962975
4020.0	287.0	14.6090146544	6.93903367667
4030.0	142.0	7.36480558113	9.40319610871
4030.0	171.0	6.77466141374	7.11158471186
4030.0	172.0	6.91020094433	6.23307798912
4030.0	176.0	12.8846740113	5.81065014362
4030.0	287.0	14.2670088513	6.60085274047
4040.0	142.0	7.16444279676	9.40319610871
4040.0	171.0	7.07478466006	7.13187079484
4040.0	172.0	7.26736023537	6.25622798969
4040.0	176.0	12.3795577482	5.7469279771
4040.0	287.0	13.9250030482	6.26291046408
4050.0	142.0	6.96429047751	9.40319610871
4050.0	171.0	7.4233148816	7.11946048525
4050.0	172.0	7.63693696787	6.29489087724
4050.0	176.0	11.8744414851	5.68320581058
4050.0	287.0	13.6354030573	5.97675736422
4060.0	142.0	6.80812536617	9.4077306449
4060.0	171.0	7.78426254461	7.09917440228
4060.0	172.0	8.00672416548	6.3335537648
4060.0	176.0	11.3876356865	5.64382694362
4060.0	287.0	13.3516960895	5.69680941916
4070.0	142.0	6.66269397542	9.4134584801
4070.0	171.0	8.14499974251	7.0786496595
4070.0	172.0	8.3765113631	6.37221665235
4070.0	176.0	10.973861281	5.70158261515
4070.0	287.0	12.9751740084	5.39967796852
4080.0	142.0	6.51747304977	9.41918631529
4080.0	171.0	8.47606135995	7.05120378253
4080.0	172.0	8.68126484183	6.36410221916
4080.0	176.0	10.5602973406	5.75909962689
4080.0	287.0	12.5367751851	5.09132950729
4090.0	142.0	6.37204165902	9.42467549068
4090.0	171.0	8.7374590261	7.00800635879
4090.0	172.0	8.98622878568	6.35574912617
4090.0	176.0	10.1418927026	5.80778622603
4090.0	180.0	14.6841506986	7.51396513418
4090.0	287.0	12.070174037	4.81376816022
4100.0	142.0	6.32258235826	9.43780177967
4100.0	171.0	8.99906715737	6.96457027524
4100.0	172.0	9.28361598558	6.3316444864
4100.0	176.0	9.71296480922	5.83523210299
4100.0	180.0	14.5364041916	7.79128782145
4100.0	287.0	11.4913949856	4.65863929041
4110.0	142.0	6.33668352061	9.45570126465
4110.0	171.0	9.26046482352	6.92113419169
4110.0	172.0	9.51512760617	6.1645826266
4110.0	176.0	9.2840369158	5.86267797996
4110.0	180.0	14.3884472195	8.06861050871
4110.0	287.0	10.8980938415	4.52761506036
4120.0	142.0	6.35099514806	9.47360074963
4120.0	171.0	9.57931946461	6.7476285173
4120.0	172.0	9.74663922676	5.9975207668
4120.0	176.0	8.89930669541	6.10849757367
4120.0	180.0	14.2404902475	8.34593319598
4120.0	287.0	10.2467043272	4.4937253688
4130.0	142.0	6.36530677551	9.4917388944
4130.0	171.0	9.89817410569	6.57388418311
4130.0	172.0	9.98741131217	5.82329911301
4130.0	176.0	8.53372879999	6.44763314906
4130.0	180.0	14.0900076941	8.61132289326
4130.0	287.0	9.60773225441	4.46198361544
4140.0	142.0	6.37940793786	9.50963837938
4140.0	171.0	10.2170287468	6.40037850872
4140.0	172.0	10.3104752554	5.58463931329
4140.0	176.0	8.15299741667	6.73927542431
4140.0	180.0	13.9290018852	8.8289806306
4140.0	287.0	9.08156948034	4.45195990385
4150.0	142.0	6.39371956531	9.52753786436
4150.0	171.0	10.5863950142	6.28629912445
4150.0	172.0	10.6337496638	5.34597951358
4150.0	176.0	7.76826719628	7.01898470957
4150.0	180.0	13.7682065415	9.04663836794
4150.0	287.0	8.55540670628	4.44193619227
4160.0	142.0	6.40803119277	9.54543734934
4160.0	171.0	10.9772287227	6.19775633876
4160.0	172.0	10.9944868617	5.1605408492
4160.0	176.0	7.38374744099	7.29893265464
4160.0	180.0	13.6072007326	9.26429610528
4160.0	287.0	7.99514858445	4.48394031702
4170.0	142.0	6.42213235511	9.56333683432
4170.0	171.0	11.3680624313	6.10897489327
4170.0	172.0	11.4425670801	5.09896662088
4170.0	176.0	7.01017187141	7.52518214476
4170.0	180.0	13.3607460892	9.44090435706
4170.0	287.0	7.42057883518	4.54837846294
4180.0	142.0	6.43644398257	9.5814749791
4180.0	171.0	11.7618426514	6.03188777796
4180.0	172.0	11.8906472985	5.03715373275
4180.0	176.0	6.63764862737	7.7454651399
4180.0	180.0	13.0928240047	9.60725023746
4180.0	287.0	6.85548001583	4.60517949527
4190.0	142.0	6.45075561002	9.59937446407
4190.0	171.0	12.1665670572	6.00133932359
4190.0	172.0	12.3423054238	5.0008774432
4190.0	176.0	6.25986375559	7.97123731043
4190.0	180.0	12.8249019201	9.77359611787
4190.0	287.0	6.37793468209	4.59611042288
4200.0	142.0	6.46485677237	9.61727394905
4200.0	171.0	12.571291463	5.97079086923
4200.0	172.0	12.8086961067	5.06531558912
4200.0	176.0	5.86903004702	8.20989711014
4200.0	180.0	12.592337974	9.9124961213
4200.0	287.0	5.90038934835	4.58680269069
4210.0	142.0	6.47916839982	9.63517343403
4210.0	171.0	12.9760158689	5.94024241487
4210.0	172.0	13.2752972547	5.12999239484
4210.0	176.0	5.47819633844	8.44855690986
4210.0	180.0	12.3951321663	10.0244275674
4210.0	287.0	5.39653587591	4.52928567896
4220.0	142.0	6.49348002728	9.65307291901
4220.0	171.0	13.3702170192	5.95050478626
4220.0	172.0	13.7416879377	5.19443054076
4220.0	176.0	5.19112192891	8.75642805149
4220.0	180.0	12.1977158935	10.1363590134
4220.0	287.0	4.86637426476	4.42308206809
4230.0	142.0	6.59218816369	9.69221312616
4230.0	171.0	13.7395832866	6.05670839713
4230.0	172.0	14.1411507157	5.26889239827
4230.0	176.0	5.00780681843	9.13374919483
4230.0	180.0	11.993354272	10.2451878821
4230.0	287.0	4.33642311872	4.31711711702
4240.0	142.0	6.88852303804	9.78051725206
4240.0	171.0	14.1091600191	6.1626733482
4240.0	172.0	14.4738960541	5.35361662717
4240.0	176.0	4.82449170795	9.51107033818
4240.0	180.0	11.7723659069	10.346618297
4240.0	287.0	3.82351964657	4.20041247496
4250.0	142.0	7.18464744729	9.86906003775
4250.0	171.0	14.4785262865	6.26887695907
4250.0	172.0	14.8066413924	5.43834085607
4250.0	176.0	4.6683265966	9.87598117194
4250.0	180.0	11.5513775418	10.4480487119
4250.0	287.0	3.3148254766	4.0810825751
4260.0	142.0	7.42205209094	9.9086775645
4260.0	171.0	14.848103019	6.37484191015
4260.0	172.0	15.1391762656	5.52306508497
4260.0	176.0	4.55278125142	10.2222765413
4260.0	180.0	11.3303891767	10.5494791267
4260.0	287.0	2.88063595544	3.96485525264
4270.0	142.0	7.6200997591	9.91559869869
4270.0	176.0	4.43744637134	10.5688105705
4270.0	180.0	11.127500811	10.6499549024
4270.0	287.0	2.55778247728	3.85363978597
4280.0	142.0	7.81814742726	9.92251983289
4280.0	176.0	4.30211730586	10.9120033625
4280.0	180.0	10.9664950021	10.7480440801
4280.0	287.0	2.23513946422	3.74218565951
4290.0	142.0	8.05386835004	9.97120643203
4290.0	176.0	4.12006498603	11.2473203811
4290.0	180.0	10.8054891933	10.8463719176
4290.0	287.0	1.89060807977	3.64743771902
4300.0	142.0	8.43965089598	10.1860002518
4300.0	176.0	3.9380126662	11.5826373997
4300.0	180.0	10.6444833844	10.9446997551
4300.0	287.0	1.51366506843	3.5779877173
4310.0	142.0	8.82543344193	10.4007940715
4310.0	176.0	3.75596034638	11.9181930781
4310.0	180.0	10.4716915294	11.1618801728
4310.0	287.0	1.13651159198	3.50829905579
