0.0	9.0	7.02953466149	5.17891765378
10.0	9.0	7.45572650848	5.17891765378
20.0	9.0	7.88191835548	5.17891765378
30.0	9.0	8.30811020247	5.17891765378
40.0	9.0	8.73430204946	5.17891765378
50.0	9.0	9.20658575546	5.17891765378
60.0	9.0	9.67886946146	5.17891765378
70.0	9.0	10.1511531675	5.17891765378
80.0	9.0	10.6234368735	5.17891765378
90.0	9.0	11.0576263946	5.17891765378
100.0	9.0	11.4878170787	5.17891765378
110.0	9.0	11.9177972977	5.17891765378
120.0	9.0	12.3479879817	5.17891765378
130.0	9.0	12.763235643	5.19156662317
140.0	9.0	13.1437565612	5.23357074792
150.0	9.0	13.5244879445	5.27581353247
160.0	9.0	13.9052193278	5.31781765722
170.0	9.0	14.2859507112	5.36006044176
170.0	13.0	-0.126279065775	4.50852227639
180.0	9.0	14.6666820945	5.40206456651
180.0	13.0	0.435031381596	4.51568207038
190.0	9.0	15.0474134778	5.44430735106
190.0	13.0	0.996131363858	4.52308052417
200.0	9.0	15.427934396	5.48631147581
200.0	13.0	1.55744181123	4.53024031816
210.0	13.0	2.12380342123	4.56484598912
220.0	13.0	2.69774177518	4.64073980543
230.0	13.0	3.27168012913	4.71687228154
240.0	13.0	3.84582894819	4.79276609785
250.0	13.0	4.41976730214	4.86865991415
260.0	13.0	4.9918114701	4.93596197767
270.0	13.0	5.56385563806	5.00326404119
280.0	13.0	6.13589980602	5.07056610471
290.0	13.0	6.71383699705	5.13357229184
300.0	13.0	7.34523232593	5.15672229241
310.0	13.0	7.97662765481	5.18011095278
320.0	13.0	8.60802298368	5.20326095335
320.0	15.0	0.151113948711	4.30375216823
330.0	13.0	9.23941831256	5.22664961372
330.0	15.0	0.514166262815	4.2500537133
340.0	13.0	9.87081364144	5.27294961487
340.0	15.0	0.877218576919	4.19635525836
350.0	13.0	10.5022089703	5.31948827581
350.0	15.0	1.24027089102	4.14265680343
360.0	13.0	11.1336042992	5.36578827696
360.0	15.0	1.6026918098	4.10017535908
370.0	13.0	11.7490042797	5.37557332875
370.0	15.0	1.96427086814	4.0846624721
380.0	13.0	12.3402007727	5.329989307
380.0	15.0	2.32563946136	4.06914958511
390.0	13.0	12.9316077307	5.28464394505
390.0	15.0	2.68700805459	4.05363669813
400.0	13.0	13.5228042237	5.23905992331
400.0	15.0	3.04858711293	4.03812381115
410.0	13.0	14.1038983913	5.20493157195
410.0	15.0	3.42342547317	4.02619082117
420.0	13.0	14.6437413975	5.21519394334
420.0	15.0	3.80394639137	4.01616710958
430.0	13.0	15.1835844037	5.22569497453
430.0	15.0	4.18467777468	4.00590473819
440.0	15.0	4.56519869289	3.9958810266
450.0	15.0	4.9459300762	3.98561865521
460.0	15.0	5.29530215818	3.98561865521
470.0	15.0	5.64446377505	3.98561865521
480.0	15.0	5.99383585703	3.98561865521
490.0	15.0	6.34299747389	3.98561865521
500.0	15.0	6.69889397427	4.00447277939
510.0	15.0	7.06952303232	4.06676298712
520.0	15.0	7.44036255548	4.12929185464
530.0	15.0	7.81120207864	4.19182072217
540.0	15.0	8.18877648531	4.2476671153
550.0	15.0	8.62738577377	4.24265525951
560.0	15.0	9.06578459712	4.23764340371
570.0	15.0	9.50418342047	4.23263154792
580.0	15.0	9.94279270893	4.22785835192
590.0	15.0	10.3801392067	4.22594907353
600.0	15.0	10.8147496581	4.23096092932
610.0	15.0	11.2493601095	4.23621144491
610.0	21.0	15.2561948665	2.82310677081
620.0	15.0	11.6839705609	4.24146196051
620.0	21.0	14.7424495339	2.78802378025
620.0	22.0	14.9034553428	3.83955885779
630.0	15.0	12.1185810122	4.2464738163
630.0	21.0	14.2287042013	2.75294078969
630.0	22.0	14.3610867553	3.73860576251
640.0	15.0	12.5201484414	4.34838155078
640.0	21.0	13.7149588687	2.71785779914
640.0	22.0	13.8187181678	3.63765266723
650.0	15.0	12.9074042431	4.49157743061
650.0	21.0	13.1862705134	2.69112790157
650.0	22.0	13.3032891143	3.52500524177
660.0	15.0	13.2912926031	4.63071609384
660.0	21.0	12.6352728564	2.67728563319
660.0	22.0	12.7908065724	3.4106871977
670.0	15.0	13.6610798007	4.75362589069
670.0	21.0	12.0844856645	2.663204705
670.0	22.0	12.2490693802	3.40806193991
680.0	15.0	14.0310774634	4.87653568754
680.0	21.0	11.5334880075	2.64912377682
680.0	22.0	11.6877589328	3.47965987982
690.0	15.0	14.400864661	4.9994454844
690.0	21.0	10.9898566293	2.71547120114
690.0	22.0	11.1266589506	3.55125781974
700.0	15.0	14.671522792	5.11925270385
700.0	21.0	10.446014786	2.78181862546
700.0	22.0	10.5920775721	3.64075524463
710.0	15.0	14.9310262722	5.23858260371
710.0	21.0	9.90238340788	2.84792738998
710.0	22.0	10.0755961931	3.74194699971
720.0	15.0	15.1907402174	5.35791250357
720.0	21.0	9.36759156432	2.90735368011
720.0	22.0	9.55890434897	3.84313875479
730.0	21.0	8.84626948778	2.95604027925
730.0	22.0	9.03274157491	3.93478411788
740.0	21.0	8.32494741124	3.00496553819
740.0	22.0	8.48447996433	4.00375679999
750.0	21.0	7.80341486959	3.05365213733
750.0	22.0	7.93621835376	4.07296814191
760.0	21.0	7.28209279304	3.10257739627
760.0	22.0	7.38795674318	4.14194082403
770.0	21.0	6.76624280935	3.0791887359
770.0	22.0	6.85063931831	4.17654649499
780.0	21.0	6.25039282566	3.05580007553
780.0	22.0	6.32447654425	4.17654649499
790.0	21.0	5.73454284197	3.03241141516
790.0	22.0	5.79831377018	4.17654649499
800.0	21.0	5.21869285827	3.00902275479
800.0	22.0	5.27215099612	4.17654649499
810.0	21.0	4.70284287458	2.98563409442
810.0	22.0	4.74598822206	4.17654649499
820.0	21.0	4.19667428593	2.99183924921
820.0	22.0	4.25307893531	4.16007896881
830.0	21.0	3.69155802283	3.0013856412
830.0	22.0	3.77427081091	4.13669030843
840.0	21.0	3.18644175973	3.01093203318
840.0	22.0	3.29567315163	4.11330164806
850.0	21.0	2.68132549663	3.02047842517
850.0	22.0	2.81686502723	4.08991298769
860.0	21.0	2.17620923353	3.03002481716
860.0	22.0	2.33826736794	4.06652432732
870.0	21.0	1.66309529626	3.01594388898
870.0	22.0	1.82325924469	4.05029546094
880.0	21.0	1.14913949856	2.999237703
880.0	22.0	1.28425809893	4.03860113075
890.0	21.0	0.635394165959	2.98277017682
890.0	22.0	0.745256953184	4.02690680057
900.0	21.0	0.121438368254	2.96606399084
900.0	22.0	0.206255807433	4.01521247038
910.0	22.0	-0.332534873208	4.00375679999
1870.0	40.0	0.0991290666336	7.23019863232
1880.0	40.0	0.459234869203	7.21754966293
1890.0	40.0	0.819130206663	7.20490069355
1900.0	40.0	1.17923600923	7.19249038396
1910.0	40.0	1.55133832305	7.18723986837
1920.0	40.0	1.95164296156	7.19869553876
1930.0	40.0	2.35215806517	7.21038986894
1940.0	40.0	2.75246270368	7.22208419913
1950.0	40.0	3.14624292379	7.19965017796
1950.0	47.0	0.0616662771203	5.66769292359
1960.0	40.0	3.51308360987	7.04046409155
1960.0	47.0	0.498170914484	5.79155735965
1970.0	40.0	3.88013476106	6.88127800514
1970.0	47.0	0.934675551847	5.9151831359
1980.0	40.0	4.24697544713	6.72233057853
1980.0	47.0	1.36297204993	6.01231767438
1990.0	40.0	4.61023822635	6.55240480113
1990.0	47.0	1.75864645603	6.00277128239
2000.0	40.0	4.96466147096	6.35765840457
2000.0	47.0	2.15432086213	5.9932248904
2010.0	40.0	5.31929518068	6.1631506678
2010.0	47.0	2.53357898967	5.9968047874
2020.0	40.0	5.67371842528	5.96840427123
2020.0	47.0	2.90610223371	6.00587385979
2030.0	40.0	6.06139515722	5.80802488583
2030.0	47.0	3.27231152446	6.03045581916
2040.0	40.0	6.48232537647	5.68201251158
2040.0	47.0	3.5837998867	6.19274448296
2050.0	40.0	6.90325559572	5.55623879713
2050.0	47.0	3.89528824895	6.35503314677
2060.0	40.0	7.32418581497	5.43022642288
2060.0	47.0	4.24950102845	6.53713057395
2070.0	40.0	7.73880208093	5.33881971959
2070.0	47.0	4.63212659775	6.73235429012
2080.0	40.0	8.15278695156	5.2512315731
2080.0	47.0	5.03011612005	6.9144517173
2090.0	40.0	8.56656135709	5.1638820864
2090.0	47.0	5.4510463393	7.0767403811
2100.0	40.0	9.00264506423	5.06555424892
2100.0	47.0	5.87197655855	7.23902904491
2110.0	40.0	9.44104388758	4.96603311244
2110.0	47.0	6.33605212528	7.28461306665
2120.0	40.0	9.87965317604	4.86675063576
2120.0	47.0	6.80475792441	7.31707079941
2130.0	40.0	10.2997415349	4.81185888182
2130.0	47.0	7.23263349228	7.29344347924
2140.0	40.0	10.6773159415	4.86102280056
2140.0	47.0	7.64304045605	7.2457115193
2150.0	40.0	11.0548903482	4.9101867193
2150.0	47.0	8.09280439532	7.1588393522
2160.0	40.0	11.43267522	4.95911197825
2160.0	47.0	8.55961600847	7.05502233933
2170.0	40.0	11.7454263729	4.98464857682
2170.0	47.0	9.03358343535	6.98032182202
2180.0	40.0	12.0512321772	5.00732125779
2180.0	47.0	9.51849504792	6.94905738826
2190.0	40.0	12.3568275163	5.02999393876
2190.0	47.0	10.0071950325	6.92877130528
2200.0	40.0	12.6624228555	5.05266661973
2200.0	47.0	10.5291485043	7.00514244119
2210.0	40.0	13.0235809836	4.9984908452
2210.0	47.0	11.0511019762	7.0815135771
2220.0	40.0	13.4087321342	4.9111413585
2220.0	47.0	11.5583228904	7.2421316223
2230.0	40.0	13.7936728197	4.82379187181
2230.0	47.0	12.0558624096	7.45931204004
2240.0	40.0	14.1786135053	4.73644238511
2240.0	47.0	12.5296193713	7.6609795708
2250.0	40.0	14.5993332594	4.70947382775
2250.0	47.0	12.9682286598	7.83997442059
2260.0	40.0	15.0436251058	4.72283877653
2260.0	47.0	13.4066274831	8.01896927037
2270.0	47.0	13.9142693276	8.04713112674
2280.0	47.0	14.421911172	8.0750543233
2290.0	47.0	14.9293425513	8.10321617967
4690.0	86.0	15.3117576555	8.19390690356
4700.0	86.0	14.8106402295	8.11443319026
4710.0	86.0	14.3095228034	8.03495947695
4720.0	86.0	13.8189286329	7.92064143289
4730.0	86.0	13.3388577178	7.77147905807
4740.0	86.0	12.8587868028	7.62231668325
4750.0	86.0	12.3700868182	7.48198472102
4760.0	86.0	11.8613926483	7.36265482116
4770.0	86.0	11.3529089434	7.2433249213
4780.0	86.0	10.8078043095	7.24069966351
4790.0	86.0	10.2587008385	7.25120069469
4800.0	86.0	9.75611015669	7.31611616022
4810.0	86.0	9.2840369158	7.41730791529
4820.0	86.0	8.81217414002	7.51849967037
4830.0	86.0	8.34031136424	7.62398730185
4840.0	86.0	7.86844858846	7.73925998511
4850.0	86.0	7.39679627779	7.85429400857
4860.0	86.0	6.92156606025	7.95333782545
4870.0	86.0	6.4414951452	8.02803834276
4880.0	86.0	5.96142423014	8.10250020027
4890.0	86.0	5.48914052414	8.163597109
4900.0	86.0	5.04842658459	8.17123422259
4910.0	86.0	4.60792311014	8.17863267638
4920.0	86.0	4.16720917059	8.18603113017
4930.0	86.0	3.67808825582	8.17910999598
4940.0	86.0	3.18917780616	8.17195020199
4950.0	86.0	2.70005689139	8.1650290678
4960.0	86.0	2.24797783591	8.20249865635
4970.0	86.0	1.82052319826	8.26956206007
4980.0	86.0	1.39306856061	8.33662546379
4990.0	86.0	1.02833252563	8.47504814762
5000.0	86.0	0.757674394652	8.72062908153
5010.0	86.0	0.487016263673	8.96621001543
5020.0	86.0	0.216568597805	9.21155228954
5030.0	86.0	0.150482553382	9.46357703804
5040.0	86.0	0.107126740799	9.71631776593
5050.0	86.0	0.0637709282165	9.96905849383
5060.0	86.0	0.0204151156337	10.2215605619
5200.0	97.0	0.344952314676	5.36053776136
5210.0	97.0	0.839124392077	5.27748415106
5220.0	97.0	1.33287553926	5.19633981916
5230.0	97.0	1.82410110512	5.13285631244
5240.0	97.0	2.31511620588	5.06913414591
5250.0	97.0	2.81223479482	5.01400373218
5260.0	97.0	3.36470570758	5.03643775335
5270.0	97.0	3.91717662035	5.05887177453
5280.0	97.0	4.46964753312	5.0813057957
5290.0	97.0	5.01285798106	5.05743981573
5300.0	97.0	5.55501610346	5.02856197996
5310.0	97.0	6.09717422585	4.9994454844
5320.0	97.0	6.65427537103	4.96818105063
5330.0	97.0	7.22126837636	4.93500733847
5340.0	97.0	7.7884718468	4.90183362631
5350.0	97.0	8.35546485213	4.86865991415
5360.0	97.0	8.940768322	4.90589084291
5370.0	97.0	9.52628225698	4.94312177166
5380.0	97.0	10.1115857268	4.98059136022
5390.0	97.0	10.6958368712	4.95457744205
5400.0	97.0	11.2798775504	4.9128119771
5410.0	97.0	11.8639182296	4.87104651215
5420.0	97.0	12.4479589088	4.8292810472
5430.0	97.0	13.0063228446	4.79968723204
5440.0	97.0	13.5581623621	4.77319599427
5440.0	101.0	0.336744175401	7.62183936365
5450.0	97.0	14.1100018795	4.7467047565
5450.0	101.0	0.757674394652	7.40012440971
5460.0	97.0	14.661841397	4.72021351873
5460.0	101.0	1.1786046139	7.17864811558
5470.0	97.0	15.2138913795	4.69372228096
5470.0	101.0	1.58396041504	6.97578728582
5480.0	101.0	1.98279179778	6.78104088926
5490.0	101.0	2.38162318052	6.58629449269
5500.0	101.0	2.78045456326	6.39178675593
5510.0	101.0	3.21674873552	6.19775633876
5520.0	101.0	3.65746267507	6.00372592159
5520.0	102.0	15.2902902143	5.75170117309
5530.0	101.0	4.09817661463	5.80993416422
5530.0	102.0	14.6852030241	5.69203622317
5540.0	101.0	4.532787066	5.70778776995
5540.0	102.0	14.0801158339	5.63237127324
5550.0	101.0	4.96466147096	5.64502024262
5550.0	102.0	13.4676623649	5.56793312731
5560.0	101.0	5.39674634102	5.5820140555
5560.0	102.0	12.8257437806	5.48440219742
5570.0	101.0	5.82883121108	5.51924652817
5570.0	102.0	12.1897182193	5.39729137052
5580.0	101.0	6.22029631498	5.52688364176
5580.0	102.0	11.5774752154	5.29609961544
5590.0	101.0	6.60734165158	5.54239652875
5590.0	102.0	10.9652322115	5.19490786036
5600.0	101.0	6.99417652308	5.55767075593
5600.0	102.0	10.3529892076	5.09347744548
5610.0	101.0	7.34396953527	5.60564137567
5610.0	102.0	9.70896597214	5.03381249556
5620.0	101.0	7.68450208265	5.6619650884
5620.0	102.0	9.06136482982	4.97892074162
5630.0	101.0	8.02482416491	5.71805014133
5630.0	102.0	8.42365554765	4.95720269985
5640.0	101.0	8.38703461858	5.7457346781
5640.0	102.0	7.80888696244	5.01376507238
5650.0	101.0	8.78165669913	5.73069911072
5650.0	102.0	7.19411837722	5.07032744491
5660.0	101.0	9.17627877967	5.71590220314
5660.0	102.0	6.579349792	5.12688981744
5670.0	101.0	9.58310783658	5.68678570757
5670.0	102.0	5.97110562519	5.15505167381
5680.0	101.0	10.0391857291	5.60062951988
5680.0	102.0	5.36980680699	5.15505167381
5690.0	101.0	10.4952636217	5.51447333218
5690.0	102.0	4.76850798879	5.15505167381
5700.0	101.0	10.9511310491	5.42807848468
5700.0	102.0	4.16720917059	5.15505167381
5710.0	101.0	11.426992662	5.35170734877
5710.0	102.0	3.55686035267	5.13404961144
5720.0	101.0	11.9161135768	5.28130270786
5720.0	102.0	2.92546502379	5.06388363032
5730.0	101.0	12.4050240264	5.21113672674
5730.0	102.0	2.29406969492	4.9937176492
5740.0	101.0	12.8973019179	5.14240270443
5740.0	102.0	1.66267436604	4.92331300829
5750.0	101.0	13.402418181	5.0786805379
5750.0	102.0	1.08999880275	4.9163918741
5760.0	101.0	13.9075344441	5.01495837138
5760.0	102.0	0.524058122968	4.9163918741
5770.0	101.0	14.4126507072	4.95147486465
5770.0	102.0	-0.0420930219251	4.9163918741
5780.0	101.0	14.9177669703	4.88775269813
