0.0	2.0	0.51	-6.94
0.0	4.0	2.74	-2.5
0.0	6.0	-1.72	1.32
0.0	8.0	-1.45	-0.76
0.0	10.0	-0.11	-9.9
10.0	1.0	1.28	-6.35
10.0	2.0	0.55	-7.59
10.0	4.0	2.76	-1.77
10.0	6.0	-1.72	1.32
10.0	8.0	-1.45	-0.76
10.0	10.0	-0.1	-9.88
20.0	4.0	2.73	-1.07
20.0	6.0	-1.72	1.32
20.0	8.0	-1.45	-0.76
30.0	4.0	2.73	-0.42
30.0	6.0	-1.72	1.32
30.0	8.0	-1.45	-0.76
40.0	4.0	2.71	0.34
40.0	6.0	-1.72	1.32
40.0	8.0	-1.45	-0.76
50.0	4.0	2.63	0.94
50.0	6.0	-1.72	1.32
50.0	8.0	-1.45	-0.76
60.0	4.0	2.59	1.68
60.0	6.0	-1.72	1.32
60.0	8.0	-1.45	-0.76
70.0	4.0	2.53	2.24
70.0	6.0	-1.72	1.32
70.0	8.0	-1.45	-0.76
80.0	6.0	-1.72	1.32
80.0	8.0	-1.45	-0.76
90.0	6.0	-1.72	1.32
90.0	8.0	-1.45	-0.76
100.0	6.0	-1.72	1.32
100.0	8.0	-1.45	-0.76
110.0	6.0	-1.7	1.32
110.0	8.0	-1.45	-0.76
120.0	6.0	-1.7	1.32
120.0	8.0	-1.45	-0.76
130.0	6.0	-1.7	1.32
130.0	8.0	-1.45	-0.76
140.0	6.0	-1.7	1.32
140.0	8.0	-1.45	-0.76
140.0	13.0	1.01	3.82
150.0	6.0	-1.7	1.32
150.0	8.0	-1.45	-0.76
150.0	13.0	0.9	3.5
160.0	6.0	-1.7	1.32
160.0	8.0	-1.45	-0.76
160.0	13.0	0.76	3.12
170.0	6.0	-1.7	1.32
170.0	8.0	-1.45	-0.76
170.0	13.0	0.74	2.59
170.0	16.0	3.58	-5.93
180.0	6.0	-1.7	1.32
180.0	8.0	-1.51	-0.65
180.0	13.0	0.74	2.0
180.0	16.0	3.44	-5.17
190.0	6.0	-1.7	1.32
190.0	8.0	-1.45	-0.74
190.0	13.0	0.76	1.39
190.0	16.0	3.35	-4.43
200.0	6.0	-1.7	1.32
200.0	8.0	-1.45	-0.76
200.0	13.0	0.78	0.77
200.0	16.0	3.25	-3.64
210.0	6.0	-1.7	1.32
210.0	8.0	-1.55	-0.65
210.0	13.0	0.77	0.1
210.0	16.0	3.15	-2.85
220.0	6.0	-1.7	1.32
220.0	8.0	-1.52	-0.61
220.0	13.0	0.75	-0.6
220.0	16.0	3.13	-2.04
230.0	6.0	-1.7	1.32
230.0	8.0	-1.45	-0.74
230.0	13.0	0.72	-1.32
230.0	16.0	3.0	-1.24
230.0	18.0	3.29	-6.77
240.0	6.0	-1.72	1.32
240.0	8.0	-1.45	-0.76
240.0	13.0	0.7	-2.13
240.0	16.0	2.87	-0.36
240.0	18.0	3.29	-6.04
250.0	6.0	-1.72	1.32
250.0	8.0	-1.45	-0.76
250.0	13.0	0.72	-2.9
250.0	16.0	2.74	0.34
250.0	18.0	3.24	-5.34
260.0	13.0	0.69	-3.56
260.0	16.0	2.62	1.08
260.0	18.0	3.25	-4.66
270.0	13.0	0.69	-4.31
270.0	16.0	2.48	1.83
270.0	18.0	3.24	-3.93
280.0	13.0	0.68	-5.1
280.0	16.0	2.27	2.56
280.0	18.0	3.27	-3.24
290.0	13.0	0.71	-5.87
290.0	18.0	3.26	-2.57
300.0	13.0	0.72	-6.6
300.0	18.0	3.21	-1.88
310.0	13.0	0.77	-7.35
310.0	18.0	3.22	-1.22
320.0	13.0	0.79	-8.19
320.0	18.0	3.22	-0.53
320.0	19.0	0.36	1.64
330.0	18.0	3.29	0.12
330.0	19.0	0.44	2.06
340.0	18.0	3.43	0.85
340.0	19.0	0.57	2.5
350.0	18.0	3.44	1.44
350.0	19.0	0.61	2.96
430.0	21.0	2.59	-6.3
440.0	21.0	2.56	-5.53
450.0	21.0	2.53	-4.77
460.0	21.0	2.45	-4.04
470.0	21.0	2.44	-3.31
480.0	21.0	2.38	-2.57
490.0	21.0	2.29	-1.9
500.0	21.0	2.25	-1.17
500.0	25.0	-0.67	2.78
510.0	21.0	2.18	-0.46
510.0	25.0	-0.45	2.56
520.0	21.0	2.27	0.38
520.0	25.0	-0.29	2.33
530.0	21.0	2.25	1.09
530.0	25.0	-0.09	2.1
530.0	27.0	2.38	-7.98
540.0	21.0	2.19	1.77
540.0	25.0	0.05	1.83
540.0	27.0	2.42	-7.33
550.0	21.0	2.2	2.44
550.0	25.0	0.15	1.52
550.0	27.0	2.49	-6.7
560.0	25.0	0.27	1.22
560.0	27.0	2.44	-6.02
570.0	25.0	0.26	0.9
570.0	27.0	2.44	-5.35
580.0	25.0	0.3	0.59
580.0	27.0	2.44	-4.73
590.0	25.0	0.27	0.28
590.0	27.0	2.35	-4.08
590.0	28.0	0.74	3.69
600.0	25.0	0.26	-0.05
600.0	27.0	2.42	-3.44
600.0	28.0	0.78	3.36
610.0	25.0	0.3	-0.39
610.0	27.0	2.46	-2.9
610.0	28.0	0.87	3.03
620.0	25.0	0.26	-0.78
620.0	27.0	2.44	-2.36
620.0	28.0	0.92	2.66
630.0	25.0	0.34	-1.18
630.0	27.0	2.62	-1.94
630.0	28.0	0.96	2.31
640.0	25.0	0.37	-1.57
640.0	27.0	2.84	-1.61
640.0	28.0	1.07	1.96
650.0	25.0	0.42	-1.96
650.0	27.0	3.04	-1.23
650.0	28.0	1.11	1.63
660.0	25.0	0.5	-2.33
660.0	28.0	1.1	1.26
670.0	25.0	0.54	-2.74
670.0	28.0	1.15	0.91
680.0	25.0	0.66	-3.14
680.0	28.0	1.2	0.56
690.0	25.0	0.71	-3.52
690.0	28.0	1.2	0.2
700.0	25.0	0.8	-3.9
700.0	28.0	1.22	-0.14
710.0	25.0	0.89	-4.27
710.0	28.0	1.32	-0.53
720.0	25.0	0.88	-4.65
720.0	28.0	1.34	-0.97
720.0	30.0	-1.29	-7.53
730.0	25.0	0.94	-5.06
730.0	28.0	1.31	-1.39
730.0	30.0	-1.29	-7.53
740.0	25.0	0.93	-5.46
740.0	28.0	1.29	-1.88
740.0	30.0	-1.29	-7.53
750.0	25.0	0.97	-5.87
750.0	28.0	1.2	-2.36
750.0	30.0	-1.29	-7.53
760.0	25.0	0.99	-6.24
760.0	28.0	1.13	-2.86
760.0	30.0	-1.29	-7.53
770.0	25.0	0.97	-6.62
770.0	28.0	1.13	-3.41
770.0	30.0	-1.29	-7.53
780.0	25.0	1.07	-6.99
780.0	28.0	1.09	-3.95
780.0	30.0	-1.29	-7.53
790.0	25.0	1.13	-7.34
790.0	28.0	1.08	-4.42
790.0	30.0	-1.29	-7.53
800.0	25.0	1.22	-7.67
800.0	28.0	1.08	-4.94
800.0	30.0	-1.29	-7.53
810.0	28.0	1.04	-5.4
810.0	30.0	-1.29	-7.53
870.0	32.0	2.22	3.7
880.0	32.0	2.16	3.0
890.0	32.0	2.16	2.36
900.0	32.0	2.09	1.72
910.0	32.0	2.04	1.11
920.0	32.0	2.05	0.46
930.0	32.0	2.04	-0.22
940.0	32.0	2.1	-0.86
950.0	32.0	2.16	-1.55
950.0	33.0	0.78	-7.34
960.0	32.0	2.15	-2.24
960.0	33.0	0.62	-6.8
970.0	32.0	2.26	-2.95
970.0	33.0	0.57	-6.25
980.0	32.0	2.27	-3.64
980.0	33.0	0.45	-5.73
990.0	33.0	0.25	-5.17
1000.0	38.0	-1.4	-7.32
1010.0	38.0	-1.4	-7.3
1010.0	39.0	-2.74	-3.22
1020.0	38.0	-1.4	-7.28
1020.0	39.0	-2.71	-3.06
1030.0	38.0	-1.4	-7.28
1030.0	39.0	-2.74	-2.76
1040.0	38.0	-1.4	-7.28
1040.0	39.0	-2.7	-2.51
1050.0	38.0	-1.4	-7.28
1050.0	39.0	-2.63	-2.3
1050.0	40.0	-1.6	0.95
1050.0	41.0	-1.74	1.3
1060.0	38.0	-1.4	-7.28
1060.0	39.0	-2.64	-2.06
1060.0	40.0	-1.6	0.95
1060.0	41.0	-1.74	1.3
1070.0	38.0	-1.4	-7.28
1070.0	39.0	-2.66	-1.97
1070.0	40.0	-1.6	0.95
1070.0	41.0	-1.74	1.3
1080.0	38.0	-1.4	-7.28
1080.0	39.0	-2.59	-2.01
1080.0	41.0	-1.74	1.3
1090.0	38.0	-1.36	-7.32
1090.0	41.0	-1.74	1.3
1100.0	38.0	-1.33	-7.38
1100.0	41.0	-1.74	1.3
1110.0	38.0	-1.31	-7.42
1120.0	38.0	-1.31	-7.43
1130.0	38.0	-1.31	-7.43
1140.0	38.0	-1.31	-7.43
1140.0	43.0	-1.69	-2.56
1140.0	44.0	-2.39	-2.19
1150.0	38.0	-1.31	-7.43
1150.0	43.0	-1.69	-2.56
1150.0	44.0	-2.39	-2.19
1150.0	47.0	-1.72	1.28
1160.0	38.0	-1.31	-7.43
1160.0	43.0	-1.69	-2.56
1160.0	44.0	-2.39	-2.19
1160.0	47.0	-1.72	1.28
1160.0	48.0	2.94	-5.77
1170.0	38.0	-1.31	-7.43
1170.0	43.0	-1.69	-2.56
1170.0	44.0	-2.39	-2.19
1170.0	47.0	-1.72	1.28
1170.0	48.0	2.76	-5.1
1180.0	38.0	-1.31	-7.43
1180.0	47.0	-1.72	1.28
1180.0	48.0	2.66	-4.42
1190.0	38.0	-1.31	-7.43
1190.0	47.0	-1.72	1.28
1190.0	48.0	2.54	-3.77
1200.0	38.0	-1.31	-7.43
1200.0	47.0	-1.72	1.28
1200.0	48.0	2.47	-3.13
1210.0	38.0	-1.37	-7.53
1210.0	47.0	-1.72	1.28
1210.0	48.0	2.4	-2.45
1220.0	38.0	-1.43	-7.56
1220.0	47.0	-1.72	1.28
1220.0	48.0	2.3	-1.75
1230.0	38.0	-1.32	-7.44
1230.0	47.0	-1.72	1.28
1230.0	48.0	2.27	-1.1
1240.0	38.0	-1.31	-7.43
1240.0	47.0	-1.72	1.28
1240.0	48.0	2.2	-0.48
1240.0	51.0	0.92	3.06
1250.0	38.0	-1.31	-7.43
1250.0	47.0	-1.72	1.28
1250.0	48.0	2.21	0.13
1250.0	51.0	1.01	2.49
1260.0	38.0	-1.31	-7.43
1260.0	47.0	-1.72	1.28
1260.0	48.0	2.14	0.74
1260.0	51.0	1.03	1.91
1270.0	38.0	-1.32	-7.41
1270.0	47.0	-1.72	1.28
1270.0	48.0	2.09	1.29
1270.0	51.0	1.02	1.33
1280.0	38.0	-1.34	-7.37
1280.0	47.0	-1.72	1.28
1280.0	48.0	2.03	1.85
1280.0	51.0	1.09	0.7
1290.0	38.0	-1.36	-7.34
1290.0	47.0	-1.72	1.28
1290.0	48.0	1.92	2.38
1290.0	51.0	1.08	0.07
1300.0	38.0	-1.36	-7.3
1300.0	47.0	-1.72	1.28
1300.0	51.0	1.12	-0.52
1310.0	38.0	-1.36	-7.32
1310.0	47.0	-1.72	1.28
1310.0	51.0	1.16	-1.15
1320.0	38.0	-1.33	-7.38
1320.0	47.0	-1.72	1.28
1320.0	51.0	1.18	-1.79
1330.0	38.0	-1.29	-7.44
1330.0	47.0	-1.72	1.28
1330.0	51.0	1.3	-2.42
1340.0	38.0	-1.27	-7.47
1340.0	47.0	-1.72	1.28
1340.0	51.0	1.52	-3.16
1350.0	38.0	-1.27	-7.47
1350.0	47.0	-1.72	1.28
1350.0	51.0	1.52	-3.83
1360.0	38.0	-1.27	-7.47
1360.0	47.0	-1.72	1.28
1360.0	51.0	1.61	-4.39
1370.0	38.0	-1.27	-7.47
1370.0	47.0	-1.72	1.28
1370.0	51.0	1.6	-5.09
1380.0	38.0	-1.31	-7.58
1380.0	47.0	-1.72	1.28
1380.0	51.0	1.63	-5.78
1390.0	38.0	-1.29	-7.52
1400.0	38.0	-1.27	-7.47
1410.0	38.0	-1.27	-7.47
1420.0	38.0	-1.27	-7.47
1430.0	38.0	-1.27	-7.47
1440.0	38.0	-1.27	-7.47
1450.0	38.0	-1.27	-7.47
1460.0	38.0	-1.27	-7.47
1470.0	38.0	-1.27	-7.47
1480.0	38.0	-1.27	-7.47
1480.0	52.0	2.19	-1.87
1480.0	54.0	3.82	-1.39
1490.0	38.0	-1.27	-7.47
1490.0	52.0	2.04	-1.14
1490.0	54.0	3.65	-0.6
1500.0	38.0	-1.29	-7.47
1500.0	52.0	1.95	-0.43
1500.0	54.0	3.61	0.16
1510.0	38.0	-1.38	-7.43
1510.0	52.0	1.97	0.3
1510.0	54.0	3.6	0.82
1520.0	38.0	-1.47	-7.34
1520.0	52.0	1.93	0.98
1520.0	54.0	3.49	1.44
1530.0	38.0	-1.51	-7.27
1530.0	52.0	2.01	1.66
1530.0	54.0	3.39	2.11
1540.0	38.0	-1.52	-7.27
1540.0	52.0	1.89	2.35
1540.0	54.0	3.24	2.77
1550.0	38.0	-1.52	-7.27
1550.0	52.0	1.82	3.04
1550.0	54.0	3.21	3.45
1560.0	38.0	-1.52	-7.27
1570.0	38.0	-1.52	-7.27
1580.0	38.0	-1.52	-7.27
1590.0	38.0	-1.52	-7.27
1600.0	38.0	-1.52	-7.27
1610.0	38.0	-1.52	-7.27
1620.0	38.0	-1.52	-7.27
1630.0	38.0	-1.52	-7.27
1640.0	38.0	-1.52	-7.27
1650.0	38.0	-1.52	-7.27
1660.0	38.0	-1.52	-7.27
1670.0	38.0	-1.52	-7.27
1670.0	57.0	3.14	-3.22
1680.0	38.0	-1.52	-7.27
1680.0	57.0	3.07	-2.62
1690.0	38.0	-1.52	-7.27
1690.0	57.0	2.96	-2.04
1700.0	38.0	-1.52	-7.27
1700.0	57.0	2.97	-1.5
1710.0	38.0	-1.52	-7.27
1710.0	57.0	2.94	-0.93
1720.0	38.0	-1.52	-7.27
1720.0	57.0	2.78	-0.38
1730.0	38.0	-1.52	-7.27
1730.0	57.0	2.69	0.13
1740.0	38.0	-1.52	-7.27
1740.0	57.0	2.65	0.72
1750.0	38.0	-1.52	-7.27
1750.0	57.0	2.57	1.34
1760.0	38.0	-1.52	-7.27
1770.0	38.0	-1.52	-7.27
1780.0	38.0	-1.52	-7.27
1790.0	38.0	-1.52	-7.27
1790.0	58.0	2.43	-4.16
1800.0	38.0	-1.52	-7.27
1800.0	58.0	2.44	-3.27
1810.0	38.0	-1.52	-7.27
1810.0	58.0	2.44	-2.38
1820.0	38.0	-1.52	-7.27
1820.0	58.0	2.47	-1.49
1830.0	38.0	-1.52	-7.27
1830.0	58.0	2.54	-0.61
1840.0	38.0	-1.52	-7.27
1840.0	58.0	2.56	0.27
1840.0	59.0	1.76	3.8
1840.0	60.0	1.04	4.06
1850.0	38.0	-1.52	-7.27
1850.0	58.0	2.64	1.14
1850.0	59.0	1.73	3.27
1850.0	60.0	0.95	3.5
1850.0	61.0	2.86	-5.31
1850.0	62.0	3.24	-3.68
1860.0	38.0	-1.52	-7.27
1860.0	58.0	2.67	1.99
1860.0	59.0	1.69	2.84
1860.0	60.0	1.0	3.04
1860.0	61.0	2.83	-4.61
1860.0	62.0	3.23	-3.08
1870.0	38.0	-1.52	-7.27
1870.0	58.0	2.72	2.94
1870.0	59.0	1.68	2.38
1870.0	60.0	1.04	2.63
1870.0	61.0	2.73	-3.93
1870.0	62.0	3.21	-2.52
1880.0	38.0	-1.52	-7.27
1880.0	59.0	1.65	2.11
1880.0	60.0	1.02	2.21
1880.0	61.0	2.63	-3.27
1880.0	62.0	3.2	-1.95
1890.0	38.0	-1.52	-7.27
1890.0	59.0	1.82	1.81
1890.0	60.0	1.07	1.88
1890.0	61.0	2.67	-2.6
1890.0	62.0	3.28	-1.36
1900.0	38.0	-1.52	-7.27
1900.0	59.0	2.05	1.46
1900.0	60.0	1.08	1.61
1900.0	61.0	2.63	-1.94
1900.0	62.0	3.31	-0.81
1910.0	38.0	-1.52	-7.27
1910.0	59.0	1.97	1.12
1910.0	60.0	1.06	1.33
1910.0	61.0	2.67	-1.33
1910.0	62.0	3.34	-0.25
1920.0	38.0	-1.52	-7.27
1920.0	59.0	1.81	0.82
1920.0	60.0	0.98	1.12
1920.0	61.0	2.77	-0.74
1920.0	62.0	3.46	0.32
1930.0	38.0	-1.52	-7.27
1930.0	59.0	1.81	0.47
1930.0	60.0	0.98	0.9
1930.0	61.0	2.7	-0.05
1930.0	62.0	3.49	0.86
1940.0	38.0	-1.52	-7.27
1940.0	59.0	1.73	0.14
1940.0	60.0	0.98	0.59
1940.0	61.0	2.67	0.59
1940.0	62.0	3.52	1.4
1950.0	38.0	-1.52	-7.27
1950.0	59.0	1.53	-0.08
1950.0	60.0	1.03	0.28
1950.0	61.0	2.62	1.28
1950.0	62.0	3.63	1.93
1960.0	38.0	-1.52	-7.27
1960.0	59.0	1.41	-0.32
1960.0	60.0	0.94	-0.04
1960.0	61.0	2.4	1.94
1960.0	62.0	3.63	2.42
1970.0	38.0	-1.52	-7.27
1970.0	59.0	1.37	-0.62
1970.0	60.0	0.88	-0.34
1970.0	61.0	2.35	2.59
1970.0	62.0	3.63	2.93
1980.0	38.0	-1.52	-7.27
1980.0	59.0	1.25	-0.84
1980.0	60.0	0.93	-0.57
1990.0	38.0	-1.52	-7.27
1990.0	59.0	1.11	-1.02
1990.0	60.0	0.83	-0.74
2000.0	64.0	1.02	-1.18
2000.0	65.0	0.7	-0.86
2000.0	66.0	2.63	-2.22
2010.0	64.0	0.98	-1.44
2010.0	65.0	0.66	-1.11
2010.0	66.0	2.57	-2.94
2020.0	64.0	0.87	-1.61
2020.0	65.0	0.55	-1.31
2020.0	66.0	2.59	-3.64
2030.0	64.0	0.67	-1.73
2030.0	65.0	0.58	-1.37
2030.0	66.0	2.56	-4.38
2040.0	64.0	0.57	-1.88
2040.0	65.0	0.5	-1.52
2040.0	66.0	2.47	-5.07
2050.0	64.0	0.44	-2.11
2050.0	65.0	0.49	-1.5
2050.0	66.0	2.45	-5.77
2060.0	64.0	0.17	-2.29
2060.0	65.0	0.49	-1.5
2060.0	66.0	2.33	-6.47
2300.0	70.0	2.85	0.74
2310.0	70.0	2.93	0.25
2320.0	70.0	3.14	-0.23
2330.0	70.0	3.35	-0.73
2340.0	70.0	3.55	-1.23
2350.0	70.0	3.8	-1.87
2840.0	80.0	1.48	-9.33
2850.0	80.0	1.48	-9.33
2860.0	80.0	1.48	-9.33
2870.0	80.0	1.48	-9.33
2880.0	80.0	1.48	-9.33
2890.0	80.0	1.48	-9.33
2900.0	80.0	1.48	-9.33
2910.0	80.0	1.48	-9.33
2920.0	80.0	1.48	-9.33
2930.0	80.0	1.48	-9.33
2940.0	80.0	1.48	-9.33
2950.0	80.0	1.48	-9.33
2960.0	80.0	1.48	-9.33
2970.0	80.0	1.48	-9.33
2980.0	80.0	1.5	-9.33
3100.0	83.0	1.65	2.7
3110.0	83.0	1.73	2.09
3110.0	84.0	3.39	-0.92
3120.0	83.0	1.73	1.52
3120.0	84.0	3.46	-0.36
3130.0	83.0	1.71	0.91
3130.0	84.0	3.54	0.19
3140.0	83.0	1.78	0.3
3140.0	84.0	3.55	0.77
3150.0	83.0	1.76	-0.31
3160.0	83.0	1.72	-0.89
3170.0	83.0	1.74	-1.47
3170.0	85.0	1.22	-8.24
3180.0	83.0	1.68	-2.07
3180.0	85.0	1.22	-8.24
3190.0	83.0	1.66	-2.67
3190.0	85.0	1.22	-8.24
3200.0	83.0	1.68	-3.29
3200.0	85.0	1.22	-8.24
3200.0	87.0	3.36	-8.77
3210.0	83.0	1.58	-3.91
3210.0	85.0	1.22	-8.24
3210.0	87.0	3.33	-8.02
3220.0	83.0	1.49	-4.55
3220.0	85.0	1.22	-8.24
3220.0	87.0	3.35	-7.3
3230.0	83.0	1.35	-5.17
3230.0	85.0	1.22	-8.24
3230.0	87.0	3.32	-6.61
3240.0	83.0	1.09	-5.74
3240.0	85.0	1.22	-8.24
3240.0	87.0	3.22	-5.88
3250.0	83.0	0.93	-6.33
3250.0	85.0	1.22	-8.24
3260.0	83.0	0.75	-6.88
3260.0	85.0	1.22	-8.24
3270.0	83.0	0.51	-7.43
3270.0	85.0	1.22	-8.24
3280.0	83.0	0.46	-8.02
3280.0	85.0	1.22	-8.24
3290.0	83.0	0.41	-8.57
3290.0	85.0	1.22	-8.24
3300.0	83.0	0.33	-9.13
3300.0	85.0	1.22	-8.24
3410.0	89.0	1.83	-0.49
3410.0	90.0	1.28	-0.65
3410.0	91.0	1.97	-3.91
3410.0	93.0	1.41	-9.2
3420.0	89.0	1.88	-0.98
3420.0	90.0	1.33	-1.16
3420.0	91.0	2.09	-4.42
3420.0	93.0	1.41	-9.2
3430.0	89.0	1.89	-1.47
3430.0	90.0	1.34	-1.68
3430.0	91.0	2.2	-4.95
3430.0	93.0	1.41	-9.2
3440.0	89.0	2.0	-1.98
3440.0	90.0	1.47	-2.2
3440.0	91.0	2.27	-5.49
3440.0	93.0	1.41	-9.2
3450.0	89.0	2.1	-2.49
3450.0	90.0	1.57	-2.71
3450.0	91.0	2.34	-5.99
3450.0	93.0	1.41	-9.2
3460.0	89.0	2.18	-3.05
3460.0	90.0	1.64	-3.29
3460.0	91.0	2.4	-6.48
3460.0	93.0	1.41	-9.2
3470.0	89.0	2.3	-3.59
3470.0	90.0	1.75	-3.82
3470.0	91.0	2.47	-6.94
3470.0	93.0	1.41	-9.2
3480.0	89.0	2.4	-4.11
3480.0	90.0	1.85	-4.35
3480.0	91.0	2.52	-7.37
3480.0	93.0	1.41	-9.2
3490.0	89.0	2.46	-4.65
3490.0	90.0	1.9	-4.9
3490.0	91.0	2.5	-7.95
3490.0	93.0	1.41	-9.2
3490.0	95.0	3.7	-10.21
3500.0	89.0	2.56	-5.13
3500.0	90.0	1.96	-5.4
3500.0	91.0	2.38	-8.32
3500.0	93.0	1.41	-9.2
3500.0	95.0	3.79	-9.6
3510.0	89.0	2.59	-5.51
3510.0	90.0	2.06	-5.93
3510.0	91.0	2.37	-8.88
3510.0	93.0	1.41	-9.2
3510.0	95.0	3.78	-8.92
3520.0	89.0	2.67	-6.11
3520.0	90.0	2.08	-6.43
3520.0	91.0	2.21	-9.41
3520.0	93.0	1.41	-9.2
3520.0	95.0	3.79	-8.29
3530.0	89.0	2.81	-6.63
3530.0	90.0	2.07	-6.97
3530.0	91.0	2.25	-9.99
3530.0	93.0	1.41	-9.2
3530.0	95.0	3.74	-7.73
3540.0	89.0	2.79	-7.16
3540.0	90.0	2.14	-7.51
3540.0	93.0	1.43	-9.19
3540.0	95.0	3.8	-7.11
3550.0	89.0	2.9	-7.65
3550.0	90.0	2.12	-8.08
3550.0	93.0	1.47	-9.15
3560.0	89.0	2.9	-8.18
3560.0	90.0	2.09	-8.66
3560.0	93.0	1.45	-9.14
3570.0	89.0	2.89	-8.73
3570.0	90.0	2.28	-9.11
3570.0	93.0	1.4	-9.14
3580.0	89.0	2.86	-9.35
3580.0	90.0	2.16	-9.65
3580.0	93.0	1.38	-9.14
4000.0	96.0	1.98	3.74
4000.0	98.0	3.51	1.98
4000.0	101.0	1.26	-8.15
4000.0	102.0	1.37	-9.2
4010.0	96.0	1.96	3.44
4010.0	98.0	3.53	1.61
4010.0	101.0	1.26	-8.15
4010.0	102.0	1.37	-9.2
4020.0	96.0	1.98	3.11
4020.0	98.0	3.62	1.19
4020.0	101.0	1.25	-8.13
4020.0	102.0	1.37	-9.2
4030.0	96.0	1.86	2.78
4030.0	98.0	3.71	0.79
4030.0	101.0	1.25	-8.13
4030.0	102.0	1.38	-9.18
4040.0	96.0	1.83	2.43
4040.0	98.0	3.8	0.52
4040.0	101.0	1.31	-8.2
4040.0	102.0	1.38	-9.18
4050.0	96.0	1.86	2.07
4050.0	98.0	3.82	0.43
4050.0	101.0	1.36	-8.29
4050.0	102.0	1.38	-9.18
4060.0	96.0	1.8	1.7
4060.0	98.0	3.82	0.37
4060.0	101.0	1.37	-8.31
4060.0	102.0	1.38	-9.18
4070.0	96.0	1.81	1.32
4070.0	98.0	3.82	0.34
4070.0	101.0	1.37	-8.31
4070.0	102.0	1.38	-9.18
4080.0	96.0	1.85	0.94
4080.0	98.0	3.82	0.25
4080.0	101.0	1.37	-8.31
4080.0	102.0	1.38	-9.18
4090.0	96.0	1.84	0.48
4090.0	98.0	3.82	0.25
4090.0	101.0	1.37	-8.31
4090.0	102.0	1.38	-9.18
4100.0	96.0	1.86	0.01
4100.0	98.0	3.82	0.25
4100.0	101.0	1.37	-8.31
4100.0	102.0	1.38	-9.18
4110.0	96.0	1.9	-0.5
4110.0	98.0	3.82	0.25
4110.0	101.0	1.37	-8.31
4110.0	102.0	1.38	-9.18
4120.0	96.0	1.86	-0.92
4120.0	98.0	3.82	0.25
4120.0	101.0	1.38	-8.32
4120.0	102.0	1.38	-9.18
4130.0	96.0	1.9	-1.47
4130.0	98.0	3.82	0.28
4130.0	101.0	1.39	-8.32
4130.0	102.0	1.38	-9.18
4140.0	96.0	1.92	-1.94
4140.0	101.0	1.39	-8.32
4140.0	102.0	1.38	-9.18
4150.0	96.0	1.87	-2.41
4150.0	101.0	1.39	-8.32
4150.0	102.0	1.38	-9.18
4160.0	96.0	1.95	-2.91
4160.0	101.0	1.39	-8.32
4160.0	102.0	1.38	-9.18
4170.0	96.0	1.99	-3.4
4170.0	101.0	1.39	-8.32
4170.0	102.0	1.38	-9.18
4180.0	96.0	1.96	-3.89
4180.0	101.0	1.39	-8.32
4180.0	102.0	1.38	-9.18
4190.0	96.0	2.07	-4.38
4190.0	101.0	1.39	-8.32
4190.0	102.0	1.38	-9.18
4200.0	96.0	2.12	-4.88
4200.0	101.0	1.39	-8.32
4200.0	102.0	1.38	-9.18
4210.0	96.0	2.16	-5.35
4210.0	101.0	1.39	-8.32
4210.0	102.0	1.38	-9.18
4220.0	96.0	2.35	-5.82
4220.0	101.0	1.39	-8.32
4220.0	102.0	1.38	-9.18
4230.0	96.0	2.45	-6.3
4230.0	101.0	1.39	-8.32
4230.0	102.0	1.38	-9.18
4240.0	96.0	2.51	-6.75
4240.0	101.0	1.39	-8.32
4240.0	102.0	1.38	-9.18
4250.0	96.0	2.68	-7.2
4250.0	101.0	1.39	-8.32
4250.0	102.0	1.38	-9.18
4260.0	96.0	2.69	-7.62
4260.0	101.0	1.39	-8.32
4260.0	102.0	1.41	-9.18
4430.0	104.0	1.34	-9.22
4430.0	105.0	1.37	-8.27
4430.0	106.0	2.59	-9.52
4440.0	104.0	1.34	-9.22
4440.0	105.0	1.37	-8.27
4440.0	106.0	2.62	-9.36
4450.0	104.0	1.34	-9.22
4450.0	105.0	1.37	-8.27
4450.0	106.0	2.61	-9.17
4460.0	104.0	1.34	-9.22
4460.0	105.0	1.37	-8.27
4460.0	106.0	2.53	-8.93
4470.0	104.0	1.34	-9.22
4470.0	105.0	1.37	-8.27
4470.0	106.0	2.48	-8.74
4480.0	104.0	1.34	-9.2
4480.0	105.0	1.37	-8.27
4480.0	106.0	2.49	-8.47
4490.0	104.0	1.34	-9.2
4490.0	105.0	1.37	-8.27
4490.0	106.0	2.51	-8.26
4490.0	108.0	3.79	-3.58
4500.0	104.0	1.34	-9.2
4500.0	105.0	1.37	-8.27
4500.0	106.0	2.46	-8.03
4500.0	108.0	3.79	-4.26
4510.0	104.0	1.34	-9.22
4510.0	105.0	1.37	-8.27
4510.0	106.0	2.35	-7.78
4510.0	108.0	3.83	-4.98
4510.0	109.0	2.8	2.27
4520.0	104.0	1.34	-9.22
4520.0	105.0	1.37	-8.27
4520.0	106.0	2.3	-7.57
4520.0	108.0	3.8	-5.78
4520.0	109.0	2.9	1.78
4530.0	104.0	1.34	-9.22
4530.0	105.0	1.37	-8.27
4530.0	106.0	2.29	-7.32
4530.0	108.0	3.86	-6.44
4530.0	109.0	3.02	1.31
4540.0	104.0	1.34	-9.22
4540.0	105.0	1.37	-8.27
4540.0	106.0	2.29	-7.11
4540.0	108.0	3.87	-7.12
4540.0	109.0	3.12	0.88
4550.0	104.0	1.34	-9.22
4550.0	105.0	1.37	-8.27
4550.0	106.0	2.19	-6.82
4550.0	109.0	3.27	0.43
4560.0	104.0	1.34	-9.22
4560.0	105.0	1.37	-8.27
4560.0	106.0	2.05	-6.54
4560.0	109.0	3.42	0.08
4570.0	104.0	1.34	-9.22
4570.0	105.0	1.37	-8.27
4570.0	106.0	2.1	-6.27
4570.0	109.0	3.53	-0.26
4580.0	104.0	1.34	-9.22
4580.0	105.0	1.37	-8.27
4580.0	106.0	2.15	-6.07
4590.0	104.0	1.34	-9.2
4590.0	105.0	1.37	-8.27
4590.0	106.0	2.11	-5.76
4600.0	104.0	1.32	-9.2
4600.0	105.0	1.37	-8.27
4600.0	106.0	2.03	-5.49
4610.0	104.0	1.3	-9.18
4610.0	105.0	1.37	-8.27
4610.0	106.0	2.04	-5.28
4620.0	104.0	1.29	-9.16
4620.0	105.0	1.37	-8.27
4620.0	106.0	2.1	-5.03
4630.0	104.0	1.27	-9.16
4630.0	105.0	1.37	-8.27
4630.0	106.0	2.12	-4.83
4640.0	104.0	1.21	-9.24
4640.0	105.0	1.37	-8.27
4640.0	106.0	2.03	-4.55
4650.0	104.0	1.14	-9.23
4650.0	105.0	1.37	-8.27
4650.0	106.0	1.98	-4.34
4660.0	104.0	1.11	-9.23
4660.0	105.0	1.37	-8.27
4660.0	106.0	2.02	-4.14
4670.0	104.0	1.09	-9.23
4670.0	105.0	1.37	-8.27
4670.0	106.0	2.05	-3.98
4680.0	104.0	1.13	-9.19
4680.0	105.0	1.37	-8.27
4680.0	106.0	1.97	-3.74
4690.0	104.0	1.2	-9.12
4690.0	105.0	1.37	-8.27
4690.0	106.0	1.85	-3.51
4700.0	104.0	1.36	-9.23
4700.0	105.0	1.37	-8.27
4700.0	106.0	1.85	-3.31
4710.0	104.0	1.4	-9.28
4710.0	105.0	1.37	-8.27
4710.0	106.0	1.91	-3.08
4720.0	104.0	1.4	-9.36
4720.0	105.0	1.37	-8.27
4720.0	106.0	1.94	-2.92
4730.0	104.0	1.37	-9.31
4730.0	105.0	1.37	-8.27
4730.0	106.0	1.89	-2.66
4740.0	104.0	1.37	-9.32
4740.0	105.0	1.37	-8.27
4740.0	106.0	1.83	-2.43
4750.0	104.0	1.32	-9.34
4750.0	105.0	1.37	-8.27
4750.0	106.0	1.87	-2.2
4760.0	104.0	1.39	-9.34
4760.0	105.0	1.33	-8.34
4760.0	106.0	1.95	-1.97
4770.0	104.0	1.4	-9.34
4770.0	105.0	1.36	-8.37
4770.0	106.0	1.97	-1.79
4780.0	104.0	1.42	-9.29
4780.0	105.0	1.37	-8.32
4780.0	106.0	1.88	-1.55
4790.0	104.0	1.41	-9.28
4790.0	105.0	1.37	-8.28
4790.0	106.0	1.83	-1.36
4800.0	104.0	1.42	-9.28
4800.0	105.0	1.37	-8.27
4800.0	106.0	1.87	-1.16
4810.0	104.0	1.41	-9.27
4810.0	105.0	1.37	-8.27
4810.0	106.0	1.92	-0.95
4820.0	104.0	1.43	-9.26
4820.0	105.0	1.37	-8.27
4820.0	106.0	1.91	-0.68
4830.0	104.0	1.41	-9.23
4830.0	105.0	1.37	-8.27
4830.0	106.0	1.83	-0.41
4840.0	104.0	1.44	-9.26
4840.0	105.0	1.37	-8.27
4840.0	106.0	1.77	-0.23
4850.0	104.0	1.43	-9.25
4850.0	105.0	1.35	-8.27
4850.0	106.0	1.77	-0.06
4860.0	104.0	1.43	-9.28
4860.0	105.0	1.33	-8.27
4860.0	106.0	1.81	0.13
4870.0	104.0	1.41	-9.27
4870.0	105.0	1.33	-8.27
4870.0	106.0	1.8	0.35
4880.0	104.0	1.38	-9.24
4880.0	105.0	1.33	-8.34
4880.0	106.0	1.77	0.54
4890.0	104.0	1.36	-9.24
4890.0	105.0	1.35	-8.28
4890.0	106.0	1.76	0.69
4900.0	104.0	1.29	-9.24
4900.0	105.0	1.35	-8.27
4900.0	106.0	1.82	0.87
4910.0	104.0	1.38	-9.28
4910.0	105.0	1.38	-8.35
4910.0	106.0	1.9	1.05
4920.0	104.0	1.36	-9.24
4920.0	105.0	1.35	-8.28
4920.0	106.0	1.93	1.21
4930.0	104.0	1.35	-9.26
4930.0	105.0	1.35	-8.27
4930.0	106.0	1.88	1.47
4940.0	104.0	1.31	-9.19
4940.0	105.0	1.35	-8.27
4940.0	106.0	1.85	1.68
4950.0	104.0	1.3	-9.18
4950.0	105.0	1.35	-8.27
4950.0	106.0	1.88	1.89
4960.0	104.0	1.3	-9.18
4960.0	105.0	1.35	-8.27
4960.0	106.0	1.91	2.08
4970.0	104.0	1.3	-9.18
4970.0	105.0	1.33	-8.29
4970.0	106.0	1.9	2.26
4980.0	104.0	1.3	-9.18
4980.0	105.0	1.31	-8.29
4980.0	106.0	1.83	2.51
4990.0	104.0	1.3	-9.18
4990.0	105.0	1.23	-8.23
4990.0	106.0	1.8	2.68
5000.0	104.0	1.3	-9.18
5000.0	105.0	1.17	-8.26
5000.0	106.0	1.79	2.91
5010.0	104.0	1.33	-9.25
5010.0	105.0	1.13	-8.22
5010.0	106.0	1.76	3.1
5240.0	114.0	1.59	-4.09
5240.0	116.0	-1.97	0.45
5250.0	114.0	1.52	-3.76
5250.0	116.0	-1.97	0.45
5260.0	114.0	1.51	-3.39
5260.0	116.0	-1.97	0.45
5270.0	114.0	1.48	-3.04
5270.0	116.0	-1.97	0.45
5280.0	114.0	1.38	-2.62
5280.0	116.0	-1.97	0.45
5290.0	114.0	1.35	-2.25
5290.0	116.0	-1.97	0.45
5300.0	114.0	1.41	-1.84
5300.0	116.0	-1.95	0.45
5310.0	114.0	1.4	-1.44
5310.0	116.0	-1.95	0.45
5320.0	114.0	1.33	-1.03
5320.0	116.0	-1.95	0.45
5330.0	114.0	1.38	-0.71
5330.0	116.0	-1.95	0.45
5340.0	114.0	1.43	-0.34
5340.0	116.0	-1.95	0.45
5350.0	114.0	1.41	0.04
5350.0	116.0	-1.95	0.45
5360.0	114.0	1.32	0.39
5360.0	116.0	-1.95	0.45
5370.0	114.0	1.33	0.75
5370.0	116.0	-1.95	0.45
5680.0	119.0	1.3	3.75
5690.0	119.0	1.23	3.21
5700.0	119.0	1.25	2.68
5710.0	119.0	1.24	2.15
5720.0	119.0	1.23	1.65
5730.0	119.0	1.21	1.03
5740.0	119.0	1.23	0.42
5750.0	119.0	1.29	-0.06
5760.0	119.0	1.32	-0.61
5770.0	119.0	1.38	-1.18
5780.0	119.0	1.47	-1.86
5790.0	119.0	1.53	-2.46
5800.0	119.0	1.73	-3.04
5810.0	119.0	1.83	-3.68
5820.0	119.0	1.95	-4.21
5830.0	119.0	2.07	-4.79
5840.0	119.0	2.24	-5.45
5850.0	119.0	2.37	-5.91
5860.0	119.0	2.58	-6.61
5870.0	119.0	2.68	-7.26
5880.0	119.0	2.86	-7.87
5890.0	119.0	2.96	-8.47
5900.0	119.0	3.13	-9.2
6320.0	127.0	2.68	-1.36
6330.0	127.0	2.45	-1.23
6340.0	127.0	2.28	-1.04
6350.0	127.0	2.17	-0.81
6360.0	127.0	2.08	-0.69
6370.0	127.0	1.91	-0.56
6380.0	127.0	1.72	-0.4
6390.0	127.0	1.59	-0.26
6400.0	127.0	1.48	-0.04
6410.0	127.0	1.41	0.1
6420.0	127.0	1.31	0.24
6430.0	127.0	1.18	0.43
6440.0	127.0	1.09	0.55
6710.0	129.0	3.7	-2.88
6720.0	129.0	3.56	-2.61
6730.0	129.0	3.49	-2.28
6740.0	129.0	3.4	-2.04
6750.0	129.0	3.26	-1.82
6760.0	129.0	3.19	-1.63
6760.0	132.0	1.83	2.08
6770.0	129.0	3.12	-1.47
6770.0	132.0	1.78	1.45
6780.0	129.0	3.1	-1.43
6780.0	132.0	1.88	0.79
6790.0	132.0	1.92	0.16
6790.0	136.0	3.14	-1.41
6800.0	132.0	1.94	-0.49
6800.0	136.0	3.15	-1.43
6810.0	132.0	2.05	-1.14
6810.0	136.0	3.17	-1.46
6820.0	132.0	2.06	-1.8
6820.0	136.0	3.17	-1.49
6830.0	132.0	2.21	-2.47
6830.0	136.0	3.18	-1.52
6840.0	132.0	2.28	-3.08
6840.0	136.0	3.2	-1.52
6840.0	138.0	1.4	-8.32
6840.0	139.0	1.23	-9.32
6850.0	132.0	2.35	-3.75
6850.0	136.0	3.2	-1.54
6850.0	138.0	1.42	-8.32
6850.0	139.0	1.27	-9.3
6860.0	132.0	2.57	-4.42
6860.0	136.0	3.19	-1.56
6860.0	138.0	1.44	-8.32
6860.0	139.0	1.29	-9.28
6870.0	132.0	2.72	-5.08
6870.0	136.0	3.18	-1.56
6870.0	138.0	1.44	-8.32
6870.0	139.0	1.28	-9.28
6870.0	141.0	2.61	3.32
6880.0	132.0	2.96	-5.92
6880.0	136.0	3.18	-1.56
6880.0	138.0	1.44	-8.32
6880.0	139.0	1.28	-9.29
6880.0	141.0	2.65	2.7
6890.0	132.0	3.16	-6.58
6890.0	136.0	3.19	-1.54
6890.0	138.0	1.48	-8.25
6890.0	139.0	1.26	-9.28
6890.0	141.0	2.59	2.11
6890.0	142.0	0.6	-9.34
6900.0	132.0	3.26	-7.33
6900.0	136.0	3.17	-1.52
6900.0	138.0	1.48	-8.26
6900.0	139.0	1.19	-9.27
6900.0	141.0	2.49	1.55
6900.0	142.0	0.6	-8.96
6910.0	132.0	3.42	-8.07
6910.0	136.0	3.15	-1.5
6910.0	138.0	1.48	-8.26
6910.0	139.0	1.22	-9.27
6910.0	141.0	2.43	0.95
6910.0	142.0	0.59	-8.5
6920.0	132.0	3.42	-8.84
6920.0	136.0	3.15	-1.49
6920.0	138.0	1.41	-8.27
6920.0	139.0	1.25	-9.29
6920.0	141.0	2.32	0.38
6920.0	142.0	0.82	-7.99
6930.0	132.0	3.48	-9.63
6930.0	136.0	3.17	-1.5
6930.0	138.0	1.39	-8.31
6930.0	139.0	1.29	-9.3
6930.0	141.0	2.29	-0.32
6930.0	142.0	0.99	-7.51
6940.0	136.0	3.18	-1.52
6940.0	138.0	1.37	-8.33
6940.0	139.0	1.31	-9.3
6940.0	141.0	2.25	-0.95
6940.0	142.0	1.21	-7.03
6950.0	136.0	3.18	-1.55
6950.0	138.0	1.38	-8.32
6950.0	139.0	1.31	-9.3
6950.0	141.0	2.24	-1.53
6950.0	142.0	1.31	-6.53
6960.0	136.0	3.2	-1.59
6960.0	138.0	1.42	-8.34
6960.0	139.0	1.31	-9.3
6960.0	141.0	2.31	-2.1
6960.0	142.0	1.28	-6.02
6970.0	136.0	3.22	-1.6
6970.0	138.0	1.41	-8.32
6970.0	139.0	1.31	-9.3
6970.0	141.0	2.39	-2.7
6970.0	142.0	1.33	-5.35
6970.0	146.0	2.21	-9.27
6980.0	136.0	3.23	-1.6
6980.0	138.0	1.39	-8.33
6980.0	139.0	1.31	-9.3
6980.0	141.0	2.42	-3.44
6980.0	142.0	1.37	-4.86
6980.0	146.0	2.21	-8.78
6980.0	147.0	3.73	-6.76
6990.0	136.0	3.25	-1.61
6990.0	138.0	1.35	-8.35
6990.0	139.0	1.31	-9.3
6990.0	141.0	2.52	-4.15
6990.0	142.0	1.32	-4.33
6990.0	146.0	2.11	-8.2
6990.0	147.0	3.72	-6.89
7000.0	136.0	3.25	-1.62
7000.0	138.0	1.36	-8.37
7000.0	139.0	1.31	-9.3
7000.0	141.0	2.58	-4.83
7000.0	142.0	1.36	-3.72
7000.0	146.0	2.0	-7.57
7000.0	147.0	3.73	-6.8
7010.0	136.0	3.2	-1.64
7010.0	138.0	1.4	-8.32
7010.0	139.0	1.31	-9.3
7010.0	141.0	2.62	-5.49
7010.0	142.0	1.33	-3.16
7010.0	146.0	1.82	-6.96
7010.0	147.0	3.67	-6.47
7020.0	136.0	3.1	-1.62
7020.0	138.0	1.4	-8.39
7020.0	139.0	1.31	-9.3
7020.0	141.0	2.72	-6.15
7020.0	142.0	1.25	-2.6
7020.0	146.0	1.68	-6.28
7020.0	149.0	3.73	-6.03
7030.0	138.0	1.47	-8.29
7030.0	139.0	1.31	-9.3
7030.0	141.0	2.77	-6.84
7030.0	142.0	1.34	-2.05
7030.0	146.0	1.55	-5.62
7030.0	149.0	3.82	-5.61
7040.0	138.0	1.41	-8.33
7040.0	139.0	1.31	-9.3
7040.0	141.0	2.93	-7.57
7040.0	142.0	1.45	-1.65
7040.0	146.0	1.54	-4.96
7040.0	149.0	3.73	-4.96
7050.0	138.0	1.35	-8.33
7050.0	139.0	1.31	-9.3
7050.0	141.0	3.03	-8.29
7050.0	142.0	1.44	-1.12
7050.0	146.0	1.52	-4.32
7050.0	149.0	3.79	-4.42
7060.0	138.0	1.47	-8.29
7060.0	139.0	1.31	-9.3
7060.0	142.0	1.41	-0.52
7060.0	146.0	1.47	-3.67
7060.0	149.0	3.88	-3.85
7070.0	138.0	1.48	-8.28
7070.0	139.0	1.31	-9.3
7070.0	142.0	1.45	-0.11
7070.0	146.0	1.42	-3.06
7070.0	149.0	3.8	-3.24
7080.0	138.0	1.48	-8.28
7080.0	139.0	1.31	-9.3
7080.0	142.0	1.38	0.42
7080.0	146.0	1.23	-2.44
7080.0	149.0	3.79	-2.72
7090.0	138.0	1.48	-8.28
7090.0	139.0	1.31	-9.3
7090.0	142.0	1.38	0.91
7090.0	146.0	1.21	-1.83
7090.0	149.0	3.73	-2.22
7100.0	138.0	1.4	-8.31
7100.0	139.0	1.31	-9.3
7100.0	142.0	1.41	1.44
7100.0	146.0	1.26	-1.24
7100.0	149.0	3.79	-1.75
7110.0	138.0	1.47	-8.28
7110.0	139.0	1.31	-9.3
7110.0	142.0	1.41	2.08
7110.0	146.0	1.31	-0.65
7110.0	149.0	3.74	-1.15
7120.0	138.0	1.34	-8.33
7120.0	139.0	1.31	-9.3
7120.0	142.0	1.43	2.45
7120.0	146.0	1.39	-0.04
7120.0	149.0	3.61	-0.54
7130.0	138.0	1.47	-8.29
7130.0	139.0	1.31	-9.3
7130.0	142.0	1.48	3.1
7130.0	146.0	1.49	0.63
7130.0	149.0	3.53	-0.03
7140.0	138.0	1.48	-8.28
7140.0	139.0	1.31	-9.3
7140.0	142.0	1.51	3.59
7140.0	146.0	1.59	1.17
7150.0	138.0	1.48	-8.28
7150.0	139.0	1.31	-9.3
7150.0	146.0	1.68	1.74
7160.0	138.0	1.48	-8.28
7160.0	139.0	1.31	-9.3
7170.0	138.0	1.48	-8.28
7170.0	139.0	1.31	-9.3
7180.0	138.0	1.48	-8.28
7180.0	139.0	1.31	-9.3
7180.0	152.0	-1.81	-4.14
7180.0	153.0	-1.94	-9.65
7190.0	138.0	1.48	-8.28
7190.0	139.0	1.31	-9.3
7190.0	152.0	-1.81	-4.14
7190.0	153.0	-1.84	-9.32
7200.0	138.0	1.48	-8.28
7200.0	139.0	1.31	-9.3
7200.0	152.0	-1.81	-4.14
7200.0	153.0	-1.82	-9.02
7210.0	138.0	1.48	-8.28
7210.0	139.0	1.31	-9.3
7210.0	152.0	-1.81	-4.14
7210.0	153.0	-1.82	-8.82
7220.0	138.0	1.48	-8.28
7220.0	139.0	1.31	-9.3
7220.0	152.0	-1.81	-4.14
7220.0	153.0	-1.84	-8.69
7230.0	138.0	1.48	-8.28
7230.0	139.0	1.31	-9.3
7230.0	152.0	-1.81	-4.14
7230.0	153.0	-1.83	-8.62
7240.0	138.0	1.46	-8.28
7240.0	139.0	1.31	-9.3
7240.0	152.0	-1.81	-4.14
7240.0	153.0	-1.83	-8.62
7250.0	138.0	1.38	-8.22
7250.0	139.0	1.31	-9.3
7250.0	152.0	-1.81	-4.14
7250.0	153.0	-1.83	-8.62
7260.0	138.0	1.31	-8.16
7260.0	139.0	1.31	-9.3
7260.0	152.0	-1.81	-4.14
7260.0	154.0	-1.83	-8.62
7270.0	138.0	1.32	-8.17
7270.0	139.0	1.31	-9.3
7270.0	152.0	-1.81	-4.14
7270.0	154.0	-1.83	-8.6
7270.0	155.0	-0.41	-6.85
7280.0	138.0	1.35	-8.19
7280.0	139.0	1.31	-9.3
7280.0	152.0	-1.81	-4.14
7280.0	154.0	-1.81	-8.6
7280.0	155.0	-0.41	-6.85
7290.0	138.0	1.34	-8.19
7290.0	139.0	1.31	-9.3
7290.0	152.0	-1.81	-4.14
7290.0	154.0	-1.8	-8.62
7290.0	155.0	-0.62	-6.8
7300.0	138.0	1.32	-8.19
7300.0	139.0	1.31	-9.3
7300.0	152.0	-1.81	-4.14
7300.0	154.0	-1.78	-8.64
7300.0	155.0	-0.64	-6.79
7310.0	138.0	1.3	-8.19
7310.0	139.0	1.31	-9.3
7320.0	138.0	1.3	-8.19
7320.0	139.0	1.31	-9.3
7330.0	138.0	1.3	-8.19
7330.0	139.0	1.31	-9.3
7340.0	138.0	1.3	-8.19
7340.0	139.0	1.31	-9.3
7350.0	138.0	1.3	-8.19
7350.0	139.0	1.31	-9.3
7360.0	138.0	1.3	-8.19
7360.0	139.0	1.31	-9.3
7370.0	138.0	1.28	-8.19
7370.0	139.0	1.31	-9.28
7480.0	156.0	1.42	-9.38
7480.0	159.0	2.08	-4.13
7490.0	156.0	1.45	-8.78
7490.0	159.0	2.08	-3.52
7500.0	156.0	1.46	-8.11
7500.0	159.0	2.03	-2.93
7510.0	156.0	1.34	-7.43
7510.0	159.0	1.93	-2.36
7520.0	156.0	1.36	-6.75
7520.0	159.0	1.92	-1.78
7530.0	156.0	1.47	-5.97
7530.0	159.0	1.85	-1.2
7540.0	156.0	1.45	-5.29
7540.0	159.0	1.78	-0.63
7550.0	156.0	1.45	-4.59
7550.0	159.0	1.76	-0.05
7560.0	156.0	1.38	-3.87
7560.0	159.0	1.67	0.55
7570.0	156.0	1.34	-3.2
7570.0	159.0	1.64	1.14
7570.0	161.0	-0.1	2.32
7570.0	162.0	3.44	2.52
7570.0	163.0	3.68	1.5
7580.0	156.0	1.24	-2.49
7580.0	159.0	1.55	1.71
7580.0	161.0	-0.08	2.32
7580.0	162.0	3.4	2.02
7580.0	163.0	3.77	1.02
7590.0	156.0	1.19	-1.82
7590.0	159.0	1.42	2.29
7590.0	161.0	-0.06	2.33
7590.0	162.0	3.56	1.54
7590.0	163.0	3.73	0.56
7600.0	156.0	1.27	-1.17
7600.0	159.0	1.35	2.87
7600.0	161.0	-0.06	2.33
7600.0	162.0	3.66	1.13
7600.0	163.0	3.74	-0.02
7610.0	156.0	1.32	-0.52
7610.0	159.0	1.2	3.49
7610.0	161.0	-0.06	2.33
7610.0	162.0	3.68	0.7
7610.0	163.0	3.81	-0.42
7620.0	156.0	1.32	0.11
7620.0	161.0	-0.06	2.33
7620.0	162.0	3.93	0.23
7620.0	163.0	3.7	-0.86
7630.0	156.0	1.33	0.72
7630.0	161.0	-0.06	2.33
7630.0	162.0	3.96	-0.36
7630.0	163.0	3.69	-1.32
7640.0	156.0	1.23	1.36
7640.0	161.0	-0.01	2.32
7640.0	162.0	3.99	-0.79
7640.0	163.0	3.7	-1.83
7650.0	156.0	1.15	1.93
7650.0	161.0	-0.0	2.32
7660.0	156.0	1.09	2.57
7660.0	161.0	-0.0	2.32
7670.0	156.0	1.01	3.19
7670.0	161.0	-0.0	2.32
8050.0	165.0	2.78	-8.31
8060.0	165.0	2.84	-7.67
8070.0	165.0	2.82	-7.06
8080.0	165.0	2.8	-6.44
8090.0	165.0	2.78	-5.84
8090.0	169.0	-0.03	1.18
8100.0	165.0	2.77	-5.25
8100.0	169.0	-0.03	1.18
8110.0	165.0	2.8	-4.64
8110.0	169.0	-0.03	1.18
8120.0	165.0	2.8	-4.03
8120.0	169.0	-0.03	1.18
8130.0	165.0	2.82	-3.37
8130.0	169.0	-0.03	1.18
8140.0	165.0	2.9	-2.71
8140.0	169.0	-0.03	1.18
8150.0	165.0	2.89	-2.06
8150.0	169.0	-0.03	1.18
9320.0	178.0	-0.63	-2.95
9330.0	178.0	-0.83	-2.92
9370.0	180.0	-1.09	-6.72
9380.0	180.0	-1.09	-6.72
9390.0	180.0	-1.09	-6.72
9400.0	180.0	-1.09	-6.72
9410.0	180.0	-1.09	-6.72
9410.0	184.0	-1.06	-2.53
9420.0	180.0	-1.09	-6.72
9420.0	184.0	-1.06	-2.53
9420.0	187.0	1.71	2.67
9420.0	188.0	3.91	-5.44
9430.0	180.0	-1.09	-6.72
9430.0	184.0	-1.06	-2.53
9430.0	187.0	1.75	2.05
9430.0	188.0	3.92	-5.15
9440.0	180.0	-1.09	-6.72
9440.0	184.0	-1.06	-2.53
9440.0	187.0	1.81	1.48
9440.0	188.0	3.98	-4.88
9450.0	180.0	-1.09	-6.72
9450.0	184.0	-1.06	-2.53
9450.0	187.0	1.89	0.91
9450.0	188.0	4.02	-4.54
9460.0	180.0	-1.09	-6.72
9460.0	184.0	-1.06	-2.53
9460.0	187.0	1.9	0.32
9460.0	189.0	0.25	-5.95
9460.0	190.0	-1.1	-0.45
9460.0	192.0	2.07	3.85
9470.0	180.0	-1.09	-6.72
9470.0	184.0	-1.06	-2.53
9470.0	187.0	1.92	-0.29
9470.0	189.0	0.08	-5.9
9470.0	190.0	-0.69	-0.58
9470.0	192.0	2.1	3.27
9480.0	180.0	-1.09	-6.72
9480.0	184.0	-1.06	-2.53
9480.0	187.0	1.85	-1.01
9480.0	189.0	0.0	-5.79
9480.0	190.0	-0.32	-0.9
9480.0	192.0	2.18	2.63
9480.0	193.0	0.45	3.7
9490.0	180.0	-1.09	-6.72
9490.0	184.0	-1.06	-2.53
9490.0	187.0	1.7	-1.6
9490.0	189.0	0.09	-5.7
9490.0	190.0	-0.13	-1.34
9490.0	192.0	2.14	1.99
9490.0	193.0	0.56	3.02
9500.0	180.0	-1.09	-6.72
9500.0	184.0	-1.18	-2.51
9500.0	187.0	1.62	-2.24
9500.0	189.0	0.01	-5.68
9500.0	190.0	-0.08	-1.86
9500.0	192.0	2.1	1.29
9500.0	193.0	0.57	2.26
9500.0	194.0	1.72	-8.94
9500.0	196.0	2.07	3.9
9510.0	180.0	-1.09	-6.72
9510.0	187.0	1.51	-2.89
9510.0	189.0	-0.04	-5.75
9510.0	190.0	0.22	-2.46
9510.0	192.0	2.03	0.57
9510.0	193.0	0.63	1.51
9510.0	194.0	1.78	-8.3
9510.0	196.0	2.0	3.36
9510.0	197.0	0.8	-6.49
9510.0	198.0	-1.31	-2.43
9510.0	199.0	-1.42	-3.51
9520.0	180.0	-1.09	-6.72
9520.0	187.0	1.46	-3.54
9520.0	189.0	-0.02	-5.74
9520.0	190.0	0.54	-2.92
9520.0	192.0	1.9	0.0
9520.0	193.0	0.63	0.75
9520.0	194.0	1.8	-7.81
9520.0	196.0	2.05	2.77
9520.0	197.0	0.72	-7.17
9520.0	198.0	-1.48	-2.32
9520.0	199.0	-1.31	-3.57
9530.0	180.0	-1.09	-6.72
9530.0	187.0	1.44	-4.22
9530.0	189.0	-0.02	-5.74
9530.0	190.0	0.58	-3.49
9530.0	192.0	1.77	-0.57
9530.0	193.0	0.63	0.0
9530.0	194.0	1.88	-7.26
9530.0	196.0	1.97	2.08
9530.0	197.0	0.68	-7.88
9530.0	198.0	-1.54	-2.14
9530.0	199.0	-1.12	-3.53
9540.0	180.0	-1.11	-6.79
9540.0	187.0	1.39	-4.91
9540.0	189.0	-0.02	-5.74
9540.0	190.0	0.71	-3.96
9540.0	192.0	1.64	-1.21
9540.0	193.0	0.59	-0.73
9540.0	194.0	1.96	-6.65
9540.0	196.0	1.9	1.49
9540.0	197.0	0.61	-8.45
9540.0	198.0	-1.7	-2.01
9540.0	199.0	-1.05	-3.55
9550.0	180.0	-1.09	-6.73
9550.0	187.0	1.35	-5.59
9550.0	189.0	-0.02	-5.74
9550.0	190.0	0.83	-4.49
9550.0	192.0	1.61	-1.93
9550.0	193.0	0.51	-1.51
9550.0	194.0	1.98	-6.05
9550.0	196.0	1.81	0.87
9550.0	197.0	0.49	-9.09
9550.0	199.0	-0.98	-3.66
9550.0	200.0	2.01	-9.81
9560.0	180.0	-1.09	-6.72
9560.0	187.0	1.3	-6.27
9560.0	189.0	-0.02	-5.74
9560.0	190.0	0.87	-5.06
9560.0	192.0	1.53	-2.53
9560.0	193.0	0.48	-2.29
9560.0	194.0	2.04	-5.44
9560.0	196.0	1.66	0.32
9560.0	199.0	-0.74	-3.67
9560.0	200.0	1.99	-9.27
9570.0	180.0	-1.09	-6.72
9570.0	187.0	1.22	-6.91
9570.0	189.0	-0.02	-5.74
9570.0	190.0	1.04	-5.49
9570.0	192.0	1.47	-3.16
9570.0	193.0	0.49	-3.09
9570.0	194.0	2.06	-4.85
9570.0	196.0	1.57	-0.3
9570.0	199.0	-0.61	-3.72
9570.0	200.0	2.06	-8.71
9580.0	180.0	-1.09	-6.72
9580.0	187.0	1.25	-7.68
9580.0	189.0	-0.09	-5.79
9580.0	190.0	0.88	-6.01
9580.0	192.0	1.45	-3.85
9580.0	193.0	0.55	-3.93
9580.0	194.0	2.09	-4.22
9580.0	196.0	1.44	-0.92
9580.0	199.0	-0.49	-3.89
9580.0	200.0	2.13	-8.19
9590.0	180.0	-1.09	-6.72
9590.0	187.0	1.27	-8.34
9590.0	190.0	0.81	-6.64
9590.0	192.0	1.43	-4.52
9590.0	193.0	0.62	-4.64
9590.0	194.0	2.16	-3.62
9590.0	196.0	1.34	-1.49
9590.0	199.0	-0.4	-4.02
9590.0	200.0	2.13	-7.64
9600.0	180.0	-1.09	-6.72
9600.0	187.0	1.26	-8.9
9600.0	190.0	0.89	-7.25
9600.0	192.0	1.44	-5.16
9600.0	193.0	0.62	-5.51
9600.0	194.0	2.15	-3.04
9600.0	196.0	1.27	-2.12
9600.0	199.0	-0.31	-4.19
9600.0	200.0	2.14	-7.03
9610.0	180.0	-1.09	-6.72
9610.0	187.0	1.39	-9.67
9610.0	190.0	0.88	-7.88
9610.0	192.0	1.5	-5.79
9610.0	193.0	0.63	-6.29
9610.0	194.0	2.14	-2.5
9610.0	196.0	1.16	-2.75
9610.0	199.0	-0.3	-4.21
9610.0	200.0	2.12	-6.46
9610.0	204.0	-0.12	-5.85
9620.0	180.0	-1.09	-6.72
9620.0	190.0	0.89	-8.47
9620.0	192.0	1.59	-6.47
9620.0	193.0	0.49	-6.99
9620.0	194.0	2.1	-1.94
9620.0	196.0	1.15	-3.37
9620.0	199.0	-0.3	-4.21
9620.0	200.0	2.13	-5.9
9620.0	204.0	-0.12	-5.85
9630.0	180.0	-1.09	-6.72
9630.0	190.0	1.01	-9.06
9630.0	192.0	1.63	-7.19
9630.0	193.0	0.52	-7.8
9630.0	194.0	1.99	-1.37
9630.0	196.0	1.18	-4.1
9630.0	199.0	-0.06	-4.27
9630.0	200.0	2.2	-5.32
9630.0	204.0	-0.43	-6.03
9630.0	205.0	3.5	0.27
9640.0	180.0	-1.09	-6.72
9640.0	190.0	1.09	-9.65
9640.0	192.0	1.71	-7.9
9640.0	193.0	0.47	-8.55
9640.0	194.0	1.92	-0.83
9640.0	196.0	1.23	-4.67
9640.0	199.0	-0.03	-4.27
9640.0	200.0	2.15	-4.73
9640.0	204.0	-0.62	-6.04
9640.0	205.0	3.44	-0.23
9650.0	180.0	-1.11	-6.7
9650.0	192.0	1.84	-8.56
9650.0	193.0	0.42	-9.37
9650.0	194.0	1.84	-0.3
9650.0	196.0	1.38	-5.3
9650.0	199.0	-0.03	-4.27
9650.0	200.0	2.04	-4.16
9650.0	204.0	-0.9	-5.92
9650.0	205.0	3.33	-0.65
9660.0	180.0	-1.11	-6.7
9660.0	194.0	1.79	0.24
9660.0	196.0	1.44	-5.93
9660.0	199.0	-0.03	-4.27
9660.0	200.0	1.96	-3.54
9660.0	204.0	-1.1	-5.88
9660.0	205.0	3.34	-1.19
9660.0	206.0	1.26	3.88
9670.0	180.0	-1.11	-6.7
9670.0	194.0	1.75	0.86
9670.0	196.0	1.51	-6.57
9670.0	199.0	-0.03	-4.27
9670.0	200.0	1.85	-2.95
9670.0	204.0	-1.24	-5.88
9670.0	205.0	3.39	-1.62
9670.0	206.0	1.24	3.45
9680.0	180.0	-1.11	-6.7
9680.0	194.0	1.69	1.29
9680.0	196.0	1.52	-7.23
9680.0	199.0	-0.22	-4.18
9680.0	200.0	1.79	-2.42
9680.0	204.0	-1.36	-5.8
9680.0	205.0	3.4	-2.14
9680.0	206.0	1.16	2.94
9690.0	180.0	-1.11	-6.7
9690.0	194.0	1.73	1.84
9690.0	196.0	1.45	-7.91
9690.0	199.0	-0.19	-4.29
9690.0	200.0	1.78	-1.86
9690.0	204.0	-1.45	-5.69
9690.0	205.0	3.42	-2.51
9690.0	206.0	1.14	2.42
9700.0	180.0	-1.11	-6.7
9700.0	194.0	1.77	2.35
9700.0	199.0	-0.11	-4.16
9700.0	200.0	1.68	-1.2
9700.0	204.0	-1.46	-5.68
9700.0	205.0	3.44	-2.96
9700.0	206.0	1.08	1.84
9710.0	180.0	-1.11	-6.7
9710.0	194.0	1.82	2.96
9710.0	199.0	-0.19	-4.19
9710.0	200.0	1.73	-0.75
9710.0	204.0	-1.46	-5.68
9710.0	205.0	3.51	-3.43
9710.0	206.0	1.11	1.24
9720.0	180.0	-1.11	-6.7
9720.0	199.0	-0.09	-4.35
9720.0	200.0	1.86	-0.26
9720.0	204.0	-1.44	-5.68
9720.0	205.0	3.65	-3.92
9720.0	206.0	1.1	0.66
9730.0	180.0	-1.11	-6.7
9730.0	199.0	-0.13	-4.4
9730.0	200.0	1.79	0.32
9730.0	204.0	-1.44	-5.68
9730.0	206.0	1.13	-0.02
9730.0	212.0	3.94	0.86
9740.0	180.0	-1.11	-6.7
9740.0	199.0	-0.09	-4.52
9740.0	200.0	1.8	0.86
9740.0	204.0	-1.44	-5.68
9740.0	206.0	1.26	-0.53
9740.0	212.0	3.97	1.11
9750.0	180.0	-1.11	-6.7
9750.0	199.0	0.06	-4.69
9750.0	200.0	1.76	1.26
9750.0	204.0	-1.44	-5.68
9750.0	206.0	1.29	-1.2
9750.0	212.0	4.12	1.53
9760.0	180.0	-1.11	-6.7
9760.0	199.0	0.17	-4.87
9760.0	200.0	1.69	1.89
9760.0	204.0	-1.44	-5.68
9760.0	206.0	1.45	-1.82
9770.0	180.0	-1.11	-6.7
9770.0	200.0	1.7	2.39
9770.0	204.0	-1.44	-5.68
9770.0	206.0	1.55	-2.44
9780.0	180.0	-1.11	-6.7
9780.0	200.0	1.75	2.94
9780.0	204.0	-1.44	-5.68
9780.0	206.0	1.7	-3.03
9790.0	180.0	-1.11	-6.7
9790.0	204.0	-1.44	-5.68
9790.0	206.0	1.87	-3.61
9800.0	180.0	-1.11	-6.7
9800.0	204.0	-1.44	-5.68
9800.0	206.0	2.0	-4.29
9810.0	180.0	-1.11	-6.7
9810.0	204.0	-1.44	-5.68
9810.0	206.0	2.26	-4.91
9820.0	180.0	-1.11	-6.7
9820.0	204.0	-1.44	-5.68
9820.0	206.0	2.6	-5.41
9820.0	215.0	2.85	-10.05
9830.0	180.0	-1.11	-6.7
9830.0	204.0	-1.44	-5.68
9830.0	206.0	3.03	-5.99
9830.0	215.0	2.88	-9.66
9840.0	180.0	-1.11	-6.7
9840.0	204.0	-1.44	-5.68
9840.0	206.0	3.4	-6.47
9840.0	215.0	2.85	-9.31
9850.0	180.0	-1.11	-6.7
9850.0	204.0	-1.44	-5.68
9850.0	206.0	4.0	-7.19
9850.0	215.0	2.63	-8.91
9860.0	180.0	-1.11	-6.7
9860.0	204.0	-1.44	-5.68
9860.0	215.0	2.49	-8.59
9870.0	180.0	-1.11	-6.7
9870.0	204.0	-1.44	-5.68
9870.0	215.0	2.4	-8.18
9880.0	180.0	-1.11	-6.7
9880.0	204.0	-1.44	-5.68
9880.0	215.0	2.31	-7.85
9890.0	180.0	-1.11	-6.7
9890.0	204.0	-1.44	-5.68
9890.0	215.0	2.1	-7.51
9900.0	180.0	-1.11	-6.7
9900.0	204.0	-1.44	-5.68
9900.0	215.0	1.91	-7.2
9900.0	216.0	2.95	0.43
9910.0	180.0	-1.11	-6.7
9910.0	204.0	-1.44	-5.68
9910.0	215.0	1.85	-6.78
9910.0	216.0	2.77	0.53
9920.0	180.0	-1.11	-6.7
9920.0	215.0	1.8	-6.43
9920.0	216.0	2.53	0.67
9920.0	217.0	-1.42	-5.68
9930.0	180.0	-1.11	-6.7
9930.0	215.0	1.68	-6.05
9930.0	216.0	2.35	0.81
9930.0	217.0	-1.42	-5.68
9940.0	180.0	-1.11	-6.7
9940.0	215.0	1.58	-5.68
9940.0	216.0	2.23	1.07
9940.0	217.0	-1.42	-5.68
9950.0	180.0	-1.11	-6.7
9950.0	215.0	1.61	-5.26
9950.0	216.0	2.09	1.34
9950.0	217.0	-1.42	-5.68
9960.0	180.0	-1.11	-6.7
9960.0	215.0	1.6	-4.88
9960.0	216.0	1.92	1.62
9960.0	217.0	-1.42	-5.68
9970.0	180.0	-1.11	-6.7
9970.0	215.0	1.43	-4.55
9970.0	216.0	1.86	2.01
9970.0	217.0	-1.42	-5.68
9980.0	180.0	-1.11	-6.7
9980.0	215.0	1.23	-4.21
9980.0	216.0	1.76	2.32
9980.0	217.0	-1.42	-5.68
9990.0	180.0	-1.11	-6.7
9990.0	215.0	1.16	-3.83
9990.0	216.0	1.7	2.59
9990.0	217.0	-1.42	-5.68
10020.0	220.0	3.4	0.88
10030.0	220.0	3.4	0.25
10040.0	220.0	3.34	-0.34
10040.0	221.0	3.85	-6.02
10050.0	220.0	3.24	-0.92
10050.0	221.0	3.81	-5.36
10050.0	222.0	-0.94	-0.96
10060.0	220.0	3.24	-1.51
10060.0	221.0	3.91	-4.79
10060.0	222.0	-0.99	-1.05
10070.0	220.0	3.14	-2.12
10070.0	221.0	3.93	-4.3
10070.0	222.0	-1.02	-1.15
10080.0	220.0	3.14	-2.74
10080.0	221.0	3.91	-3.72
10080.0	222.0	-1.02	-1.2
10090.0	220.0	3.16	-3.32
10090.0	221.0	3.92	-3.19
10090.0	222.0	-1.06	-1.2
10100.0	220.0	3.23	-3.9
10100.0	221.0	3.99	-2.72
10100.0	222.0	-1.09	-1.17
10110.0	220.0	3.47	-4.41
10110.0	221.0	4.0	-2.12
10110.0	222.0	-1.11	-1.15
10110.0	227.0	1.72	3.87
10120.0	220.0	3.54	-5.06
10120.0	221.0	4.02	-1.64
10120.0	222.0	-1.11	-1.13
10120.0	227.0	1.8	3.32
10130.0	220.0	3.6	-5.66
10130.0	221.0	4.05	-1.07
10130.0	222.0	-1.13	-1.11
10130.0	227.0	1.83	2.82
10140.0	220.0	3.58	-6.32
10140.0	221.0	4.06	-0.54
10140.0	222.0	-1.15	-1.08
10140.0	227.0	2.02	2.31
10150.0	220.0	3.4	-6.92
10150.0	221.0	4.07	-0.02
10150.0	222.0	-1.15	-1.08
10150.0	227.0	2.09	1.82
10160.0	220.0	3.32	-7.52
10160.0	221.0	4.06	0.49
10160.0	222.0	-1.15	-1.08
10160.0	227.0	2.02	1.31
10170.0	220.0	3.12	-8.05
10170.0	221.0	4.02	1.01
10170.0	222.0	-1.15	-1.08
10170.0	227.0	2.03	0.8
10180.0	220.0	2.93	-8.68
10180.0	221.0	3.89	1.56
10180.0	222.0	-1.15	-1.08
10180.0	227.0	1.95	0.38
10190.0	220.0	2.82	-9.24
10190.0	221.0	3.88	2.14
10190.0	222.0	-1.15	-1.08
10190.0	227.0	1.85	-0.03
10200.0	221.0	3.78	2.56
10200.0	222.0	-1.15	-1.08
10200.0	227.0	1.95	-0.51
10210.0	222.0	-1.15	-1.1
10210.0	227.0	2.01	-1.01
10220.0	222.0	-1.21	-1.19
10220.0	227.0	2.03	-1.53
10230.0	222.0	-1.33	-1.31
10230.0	227.0	2.18	-2.01
10240.0	222.0	-1.34	-1.32
10240.0	227.0	2.24	-2.44
10250.0	222.0	-1.69	-1.46
10250.0	227.0	2.19	-2.89
10260.0	222.0	-1.76	-1.4
10260.0	227.0	2.18	-3.29
10270.0	227.0	2.16	-3.75
10280.0	227.0	2.05	-4.24
10290.0	227.0	1.97	-4.65
10300.0	227.0	1.96	-5.16
10310.0	227.0	1.89	-5.6
10320.0	227.0	1.76	-6.07
10330.0	227.0	1.78	-6.48
10340.0	227.0	1.78	-6.95
10350.0	227.0	1.65	-7.47
10360.0	227.0	1.64	-7.98
10370.0	227.0	1.68	-8.56
10370.0	234.0	2.63	2.4
10370.0	235.0	4.0	-9.3
10370.0	236.0	3.42	-9.44
10380.0	234.0	2.53	1.59
10380.0	235.0	4.02	-8.91
10380.0	236.0	3.38	-9.1
10390.0	234.0	2.38	0.82
10390.0	235.0	4.04	-8.55
10390.0	236.0	3.33	-8.76
10400.0	234.0	2.26	-0.02
10400.0	235.0	3.97	-8.19
10400.0	236.0	3.35	-8.41
10410.0	234.0	2.04	-0.91
10410.0	235.0	3.92	-7.87
10410.0	236.0	3.34	-8.07
10420.0	234.0	1.94	-1.82
10420.0	235.0	3.98	-7.55
10420.0	236.0	3.26	-7.66
10430.0	234.0	1.75	-2.64
10430.0	235.0	3.94	-7.21
10430.0	236.0	3.24	-7.32
10440.0	234.0	1.67	-3.54
10440.0	235.0	3.87	-6.89
10440.0	236.0	3.29	-6.88
10440.0	238.0	0.66	4.27
10450.0	234.0	1.6	-4.5
10450.0	235.0	3.95	-6.5
10450.0	236.0	3.21	-6.56
10450.0	238.0	0.67	4.29
10460.0	234.0	1.5	-5.38
10460.0	235.0	3.89	-6.17
10460.0	236.0	3.15	-6.12
10460.0	238.0	0.65	4.3
10470.0	234.0	1.44	-6.28
10470.0	235.0	3.81	-5.81
10470.0	236.0	3.21	-5.74
10470.0	238.0	0.65	4.3
10480.0	234.0	1.36	-7.16
10480.0	235.0	3.82	-5.41
10480.0	236.0	3.19	-5.31
10480.0	238.0	0.65	4.3
10490.0	234.0	1.42	-8.07
10490.0	235.0	3.83	-4.95
10490.0	236.0	3.1	-4.93
10490.0	238.0	0.68	4.29
10500.0	235.0	3.77	-4.52
10500.0	236.0	3.11	-4.57
10500.0	238.0	0.7	4.29
10510.0	235.0	3.81	-4.12
10510.0	236.0	3.13	-4.2
10510.0	238.0	0.7	4.27
10520.0	235.0	3.83	-3.76
10520.0	236.0	3.07	-3.8
10520.0	238.0	0.69	4.29
10530.0	235.0	3.81	-3.39
10530.0	236.0	3.02	-3.42
10530.0	238.0	0.68	4.29
10540.0	235.0	3.82	-3.02
10540.0	236.0	3.07	-3.03
10540.0	238.0	0.68	4.29
10550.0	235.0	3.82	-2.65
10550.0	236.0	3.06	-2.68
10550.0	238.0	0.63	4.28
10560.0	235.0	3.8	-2.26
10560.0	236.0	2.94	-2.25
10570.0	235.0	3.75	-1.88
10570.0	236.0	3.0	-1.87
10570.0	241.0	0.95	4.15
10580.0	235.0	3.75	-1.46
10580.0	236.0	3.07	-1.5
10580.0	241.0	0.86	4.23
10590.0	235.0	3.68	-1.09
10590.0	236.0	3.02	-1.12
10600.0	235.0	3.64	-0.75
10600.0	236.0	2.96	-0.78
10610.0	235.0	3.66	-0.29
10610.0	236.0	3.04	-0.42
10610.0	251.0	0.59	4.25
10620.0	235.0	3.61	-0.0
10620.0	236.0	3.03	-0.1
10620.0	251.0	0.59	4.25
10620.0	252.0	3.51	-9.0
10630.0	235.0	3.55	0.37
10630.0	236.0	3.02	0.31
10630.0	252.0	3.45	-8.56
10640.0	235.0	3.57	0.73
10640.0	236.0	2.94	0.7
10640.0	252.0	3.45	-8.13
10650.0	235.0	3.51	1.04
10650.0	236.0	2.95	1.03
10650.0	252.0	3.36	-7.66
10660.0	235.0	3.39	1.34
10660.0	236.0	2.88	1.37
10660.0	252.0	3.32	-7.21
10670.0	235.0	3.41	1.75
10670.0	236.0	2.88	1.71
10670.0	252.0	3.38	-6.77
10680.0	235.0	3.44	2.12
10680.0	236.0	2.91	2.05
10680.0	252.0	3.37	-6.33
10690.0	235.0	3.41	2.47
10690.0	236.0	2.86	2.4
10690.0	252.0	3.34	-5.77
10700.0	235.0	3.47	2.83
10700.0	236.0	2.78	2.73
10700.0	252.0	3.44	-5.3
10710.0	235.0	3.51	3.19
10710.0	236.0	2.83	3.05
10710.0	252.0	3.43	-4.86
10720.0	235.0	3.47	3.55
10720.0	236.0	2.88	3.44
10720.0	252.0	3.35	-4.44
10720.0	255.0	1.6	4.1
10730.0	235.0	3.52	3.72
10730.0	236.0	2.8	3.78
10730.0	252.0	3.55	-4.02
10730.0	255.0	1.46	3.51
10730.0	256.0	0.72	3.75
10740.0	252.0	3.59	-3.62
10740.0	255.0	1.46	2.8
10740.0	256.0	0.67	3.92
10750.0	252.0	3.65	-3.15
10750.0	255.0	1.39	2.07
10750.0	256.0	0.72	3.8
10760.0	252.0	3.81	-2.65
10760.0	255.0	1.38	1.4
10770.0	255.0	1.41	0.68
10780.0	255.0	1.43	-0.07
10790.0	255.0	1.53	-0.82
10790.0	258.0	1.73	2.53
10800.0	255.0	1.57	-1.58
10800.0	258.0	1.71	1.92
10810.0	255.0	1.55	-2.25
10810.0	258.0	1.79	1.25
10820.0	255.0	1.59	-2.82
10820.0	258.0	1.84	0.65
10830.0	255.0	1.57	-3.56
10830.0	258.0	1.92	0.22
10840.0	255.0	1.6	-4.31
10840.0	258.0	2.03	-0.48
10850.0	255.0	1.68	-5.16
10850.0	258.0	2.09	-1.06
10850.0	259.0	3.58	2.97
10860.0	255.0	1.65	-5.91
10860.0	259.0	3.46	2.39
10860.0	260.0	2.37	-1.43
10870.0	255.0	1.74	-6.68
10870.0	259.0	3.45	1.84
10870.0	260.0	2.73	-1.85
10880.0	255.0	1.88	-7.54
10880.0	259.0	3.48	1.32
10880.0	260.0	3.17	-2.21
10890.0	255.0	1.83	-8.31
10890.0	259.0	3.45	0.77
10890.0	260.0	3.66	-2.46
10900.0	255.0	1.81	-9.03
10900.0	259.0	3.45	0.2
10900.0	260.0	4.16	-2.73
10900.0	261.0	1.27	3.92
10910.0	259.0	3.43	-0.36
10910.0	261.0	1.35	3.26
10920.0	259.0	3.4	-0.94
10920.0	261.0	1.41	2.68
10930.0	259.0	3.45	-1.53
10930.0	261.0	1.47	2.08
10940.0	259.0	3.45	-2.16
10940.0	261.0	1.68	1.46
10950.0	259.0	3.47	-2.77
10950.0	261.0	1.79	0.85
10960.0	259.0	3.45	-3.35
10960.0	261.0	1.89	0.26
10970.0	259.0	3.33	-3.96
10970.0	261.0	2.05	-0.34
10980.0	259.0	3.23	-4.58
10980.0	261.0	2.07	-0.95
10990.0	259.0	3.04	-5.18
10990.0	261.0	2.14	-1.59
11000.0	259.0	2.88	-5.77
11000.0	261.0	2.11	-2.24
11010.0	259.0	2.77	-6.39
11010.0	261.0	2.04	-2.91
11020.0	259.0	2.67	-7.16
11020.0	261.0	2.08	-3.59
11030.0	259.0	2.71	-7.8
11030.0	261.0	2.04	-4.29
11040.0	259.0	2.74	-8.45
11040.0	261.0	2.1	-4.96
11050.0	259.0	2.85	-9.1
11050.0	261.0	2.15	-5.64
11060.0	259.0	3.06	-9.78
11060.0	261.0	2.06	-6.31
11070.0	261.0	2.06	-7.01
11080.0	261.0	1.93	-7.66
11090.0	261.0	1.77	-8.3
11350.0	265.0	0.78	3.0
11360.0	265.0	0.8	2.48
11360.0	267.0	1.57	3.49
11370.0	265.0	0.8	1.96
11370.0	267.0	1.61	2.85
11380.0	265.0	0.85	1.4
11380.0	267.0	1.73	2.12
11390.0	265.0	0.85	0.87
11390.0	267.0	1.75	1.57
11400.0	265.0	0.8	0.34
11400.0	267.0	1.75	0.94
11410.0	265.0	0.82	-0.22
11410.0	267.0	1.79	0.23
11420.0	265.0	0.8	-0.73
11420.0	267.0	1.83	-0.42
11430.0	265.0	0.75	-1.26
11430.0	267.0	1.84	-1.06
11440.0	265.0	0.85	-1.92
11440.0	267.0	1.91	-1.72
11450.0	265.0	0.83	-2.48
11450.0	267.0	1.95	-2.4
11460.0	265.0	0.81	-3.05
11460.0	267.0	2.02	-3.05
11470.0	265.0	0.77	-3.63
11470.0	267.0	2.09	-3.76
11480.0	265.0	0.7	-4.23
11480.0	267.0	2.13	-4.5
11490.0	265.0	0.63	-4.77
11490.0	267.0	2.2	-5.17
11500.0	265.0	0.67	-5.45
11500.0	267.0	2.22	-5.9
11510.0	265.0	0.61	-6.1
11510.0	267.0	2.19	-6.55
11520.0	265.0	0.49	-6.7
11520.0	267.0	2.14	-7.32
11530.0	265.0	0.5	-7.29
11530.0	267.0	2.06	-7.97
11540.0	265.0	0.47	-7.82
11540.0	267.0	2.13	-8.67
11610.0	272.0	1.57	2.8
11610.0	274.0	3.75	-8.15
11620.0	272.0	1.6	2.28
11620.0	274.0	3.75	-7.49
11630.0	272.0	1.59	1.79
11630.0	274.0	3.62	-6.76
11640.0	272.0	1.65	1.26
11640.0	274.0	3.61	-6.08
11650.0	272.0	1.65	0.78
11650.0	274.0	3.53	-5.39
11660.0	272.0	1.61	0.3
11660.0	274.0	3.46	-4.63
11670.0	272.0	1.59	-0.22
11670.0	274.0	3.45	-3.97
11680.0	272.0	1.53	-0.71
11680.0	274.0	3.34	-3.25
11690.0	272.0	1.47	-1.2
11690.0	274.0	3.35	-2.6
11700.0	272.0	1.47	-1.73
11700.0	274.0	3.38	-1.91
11710.0	272.0	1.46	-2.27
11710.0	274.0	3.24	-1.2
11720.0	272.0	1.46	-2.81
11720.0	274.0	3.27	-0.59
11730.0	272.0	1.54	-3.41
11730.0	274.0	3.24	0.09
11740.0	274.0	3.22	0.69
11770.0	275.0	3.07	2.55
11770.0	276.0	2.12	0.66
11770.0	277.0	0.28	1.49
11770.0	279.0	1.4	-5.65
11770.0	281.0	3.44	-5.51
11780.0	275.0	3.05	3.17
11780.0	276.0	2.04	1.3
11780.0	277.0	0.23	0.93
11780.0	279.0	1.56	-6.2
11780.0	281.0	3.44	-4.92
11790.0	275.0	2.86	3.75
11790.0	276.0	2.05	1.9
11790.0	277.0	0.21	0.37
11790.0	279.0	1.63	-6.72
11790.0	281.0	3.39	-4.31
11800.0	276.0	2.03	2.46
11800.0	277.0	0.2	-0.19
11800.0	279.0	1.65	-7.24
11800.0	281.0	3.33	-3.68
11810.0	276.0	1.99	3.06
11810.0	277.0	0.14	-0.71
11810.0	279.0	1.74	-7.73
11810.0	281.0	3.29	-3.06
11820.0	276.0	2.1	3.66
11820.0	277.0	0.1	-1.27
11820.0	279.0	1.84	-8.23
11820.0	281.0	3.27	-2.47
11830.0	277.0	0.2	-1.85
11830.0	279.0	1.89	-8.79
11830.0	281.0	3.24	-1.9
11840.0	277.0	0.24	-2.39
11840.0	279.0	2.02	-9.34
11840.0	281.0	3.24	-1.33
11850.0	277.0	0.25	-2.95
11850.0	281.0	3.22	-0.74
11860.0	277.0	0.34	-3.51
11860.0	281.0	3.16	-0.16
11870.0	277.0	0.42	-4.19
11870.0	281.0	3.24	0.62
11880.0	277.0	0.28	-4.67
11880.0	281.0	3.22	1.24
11890.0	277.0	0.32	-5.26
11890.0	281.0	3.18	1.83
11900.0	277.0	0.28	-5.87
11900.0	281.0	3.22	2.41
11910.0	277.0	0.19	-6.45
11910.0	281.0	3.22	2.96
11920.0	277.0	0.21	-6.99
11920.0	283.0	3.6	-9.28
11930.0	277.0	0.09	-7.62
11930.0	283.0	3.61	-8.69
11940.0	277.0	0.06	-8.33
11940.0	283.0	3.58	-8.08
11950.0	277.0	0.1	-8.91
11950.0	283.0	3.59	-7.45
11960.0	277.0	0.17	-9.49
11960.0	283.0	3.56	-6.82
11970.0	283.0	3.52	-6.22
11980.0	283.0	3.46	-5.59
11990.0	283.0	3.37	-4.96
12450.0	286.0	-0.26	-3.22
12450.0	288.0	3.1	-7.4
12460.0	286.0	-0.27	-2.71
12460.0	288.0	3.03	-6.72
12470.0	286.0	-0.26	-2.15
12470.0	288.0	2.95	-6.06
12480.0	286.0	-0.29	-1.56
12480.0	288.0	2.91	-5.43
12490.0	286.0	-0.25	-1.01
12490.0	288.0	2.91	-4.79
12500.0	286.0	-0.18	-0.46
12500.0	288.0	2.86	-4.12
12510.0	286.0	-0.17	0.09
12510.0	288.0	2.77	-3.44
12520.0	286.0	-0.09	0.61
12520.0	288.0	2.59	-2.84
12520.0	293.0	-0.81	4.04
12530.0	286.0	-0.03	1.14
12530.0	288.0	2.36	-2.18
12530.0	293.0	-0.81	4.04
12540.0	286.0	-0.08	1.79
12540.0	288.0	2.15	-1.58
12540.0	293.0	-0.81	4.04
12550.0	286.0	-0.02	2.31
12550.0	288.0	1.89	-1.02
12550.0	293.0	-0.81	4.04
12560.0	286.0	0.03	2.81
12560.0	288.0	1.68	-0.46
12560.0	293.0	-0.81	4.04
12570.0	286.0	0.02	3.32
12570.0	288.0	1.48	0.07
12570.0	293.0	-0.81	4.04
12580.0	286.0	0.1	3.79
12580.0	288.0	1.26	0.62
12580.0	293.0	-0.81	4.04
12590.0	286.0	0.11	4.27
12590.0	288.0	1.07	1.14
12590.0	293.0	-0.81	4.04
12590.0	295.0	3.72	-2.8
12600.0	288.0	0.84	1.6
12600.0	293.0	-0.81	4.04
12600.0	295.0	3.5	-2.13
12610.0	288.0	0.67	2.03
12610.0	293.0	-0.81	4.04
12610.0	295.0	3.37	-1.43
12620.0	288.0	0.47	2.48
12620.0	293.0	-0.81	4.04
12620.0	295.0	3.24	-0.75
12630.0	288.0	0.25	2.83
12630.0	293.0	-0.81	4.04
12630.0	295.0	3.13	-0.07
12640.0	288.0	0.18	3.06
12640.0	293.0	-0.81	4.04
12640.0	295.0	3.11	0.62
12650.0	288.0	0.09	3.33
12650.0	293.0	-0.81	4.04
12650.0	295.0	3.09	1.34
12660.0	288.0	0.02	3.33
12660.0	293.0	-0.81	4.04
12660.0	295.0	3.15	1.95
12670.0	288.0	0.0	3.37
12670.0	293.0	-0.81	4.04
12670.0	295.0	3.18	2.58
12680.0	288.0	0.0	3.39
12680.0	293.0	-0.81	4.04
12690.0	288.0	0.0	3.39
12690.0	293.0	-0.81	4.04
12700.0	288.0	0.0	3.39
12700.0	293.0	-0.81	4.04
12700.0	296.0	1.28	3.22
12700.0	297.0	1.85	3.28
12710.0	288.0	0.0	3.39
12710.0	293.0	-0.81	4.04
12710.0	296.0	1.23	2.62
12710.0	297.0	1.79	2.68
12720.0	288.0	0.0	3.39
12720.0	293.0	-0.81	4.04
12720.0	296.0	1.16	2.01
12720.0	297.0	1.77	2.07
12730.0	288.0	0.0	3.39
12730.0	293.0	-0.81	4.04
12730.0	296.0	1.17	1.3
12730.0	297.0	1.8	1.36
12740.0	288.0	0.0	3.39
12740.0	293.0	-0.81	4.04
12740.0	296.0	1.12	0.64
12740.0	297.0	1.78	0.72
12750.0	288.0	0.13	3.49
12750.0	293.0	-0.81	4.04
12750.0	296.0	1.13	0.0
12750.0	297.0	1.77	0.07
12760.0	296.0	1.07	-0.65
12760.0	297.0	1.83	-0.7
12770.0	296.0	1.01	-1.28
12770.0	297.0	1.79	-1.35
12780.0	296.0	1.04	-1.97
12780.0	297.0	1.79	-2.0
12790.0	296.0	0.97	-2.66
12790.0	297.0	1.74	-2.67
12790.0	300.0	2.36	-8.39
12790.0	301.0	3.01	-8.85
12800.0	296.0	1.02	-3.35
12800.0	297.0	1.77	-3.35
12800.0	300.0	2.4	-7.62
12800.0	301.0	3.05	-8.1
12810.0	296.0	1.0	-4.07
12810.0	297.0	1.67	-4.06
12810.0	300.0	2.46	-6.88
12810.0	301.0	3.07	-7.35
12820.0	296.0	0.93	-4.86
12820.0	297.0	1.57	-4.71
12820.0	300.0	2.53	-6.24
12820.0	301.0	3.1	-6.49
12830.0	296.0	0.95	-5.59
12830.0	297.0	1.51	-5.47
12830.0	300.0	2.59	-5.47
12830.0	301.0	3.14	-5.72
12840.0	296.0	0.85	-6.33
12840.0	297.0	1.51	-6.24
12840.0	300.0	2.55	-4.73
12840.0	301.0	3.1	-4.96
12850.0	296.0	0.85	-7.0
12850.0	297.0	1.5	-6.98
12850.0	300.0	2.55	-3.96
12850.0	301.0	3.08	-4.21
12860.0	296.0	0.82	-7.67
12860.0	297.0	1.41	-7.66
12860.0	300.0	2.56	-3.21
12860.0	301.0	3.07	-3.48
12870.0	296.0	0.73	-8.35
12870.0	297.0	1.35	-8.35
12870.0	300.0	2.46	-2.5
12870.0	301.0	3.06	-2.59
12870.0	302.0	2.74	-10.19
12880.0	296.0	0.75	-9.06
12880.0	297.0	1.44	-9.11
12880.0	300.0	2.54	-1.69
12880.0	301.0	3.13	-1.82
12880.0	302.0	2.91	-9.54
12890.0	296.0	0.65	-9.78
12890.0	297.0	1.38	-9.82
12890.0	300.0	2.52	-0.88
12890.0	301.0	3.14	-1.06
12890.0	302.0	2.96	-8.71
12900.0	300.0	2.55	-0.22
12900.0	301.0	3.24	-0.35
12900.0	302.0	3.0	-8.04
12900.0	303.0	-2.0	0.22
12910.0	300.0	2.61	0.6
12910.0	301.0	3.24	0.36
12910.0	302.0	3.07	-7.36
12910.0	303.0	-1.89	0.04
12920.0	300.0	2.64	1.35
12920.0	301.0	3.26	1.08
12920.0	302.0	3.08	-6.65
12920.0	303.0	-1.82	-0.26
12930.0	300.0	2.71	2.03
12930.0	301.0	3.32	1.75
12930.0	302.0	3.11	-5.96
12930.0	303.0	-1.67	-0.44
12940.0	300.0	2.76	2.71
12940.0	301.0	3.38	2.41
12940.0	302.0	3.12	-5.26
12940.0	303.0	-1.45	-0.51
12950.0	302.0	3.09	-4.53
12950.0	303.0	-1.27	-0.5
12960.0	302.0	3.15	-3.8
12960.0	303.0	-1.22	-0.46
12970.0	302.0	3.14	-3.08
12970.0	303.0	-1.05	-0.41
12980.0	302.0	3.23	-2.5
12980.0	303.0	-1.03	-0.38
12990.0	302.0	3.31	-1.82
12990.0	303.0	-1.08	-0.38
13000.0	302.0	3.4	-1.15
13000.0	303.0	-1.14	-0.37
13010.0	302.0	3.42	-0.57
13010.0	303.0	-1.18	-0.32
13020.0	302.0	3.53	0.01
13020.0	303.0	-1.22	-0.26
13030.0	302.0	3.48	0.7
13030.0	303.0	-1.22	-0.24
13040.0	302.0	3.69	1.2
13040.0	303.0	-1.22	-0.23
13050.0	302.0	3.69	1.81
13050.0	303.0	-1.22	-0.23
13060.0	303.0	-1.22	-0.23
13060.0	307.0	2.6	-8.67
13070.0	303.0	-1.22	-0.23
13070.0	307.0	2.49	-8.26
13080.0	303.0	-1.22	-0.23
13080.0	307.0	2.47	-7.74
13090.0	303.0	-1.22	-0.23
13090.0	307.0	2.5	-7.26
13100.0	303.0	-1.22	-0.23
13100.0	307.0	2.47	-6.78
13110.0	303.0	-1.22	-0.23
13110.0	307.0	2.46	-6.28
13120.0	303.0	-1.22	-0.23
13120.0	307.0	2.53	-5.81
13130.0	303.0	-1.22	-0.23
13130.0	307.0	2.55	-5.37
13130.0	309.0	-1.54	-6.73
13130.0	311.0	-1.36	-2.68
13130.0	313.0	-0.52	3.4
13140.0	303.0	-1.22	-0.23
13140.0	307.0	2.55	-4.94
13140.0	309.0	-1.54	-6.73
13140.0	311.0	-1.36	-2.68
13140.0	313.0	-0.52	3.4
13150.0	303.0	-1.22	-0.23
13150.0	307.0	2.56	-4.48
13150.0	309.0	-1.54	-6.73
13150.0	311.0	-1.36	-2.68
13150.0	313.0	-0.52	3.4
13160.0	303.0	-1.22	-0.23
13160.0	307.0	2.48	-4.14
13160.0	309.0	-1.56	-6.71
13160.0	311.0	-1.36	-2.68
13160.0	313.0	-0.52	3.4
13170.0	303.0	-1.22	-0.23
13170.0	307.0	2.35	-3.8
13170.0	309.0	-1.56	-6.71
13170.0	311.0	-1.36	-2.68
13170.0	313.0	-0.52	3.4
13180.0	303.0	-1.22	-0.23
13180.0	307.0	2.29	-3.42
13180.0	309.0	-1.56	-6.71
13180.0	311.0	-1.36	-2.68
13180.0	313.0	-0.52	3.4
13180.0	317.0	0.66	-9.8
13190.0	303.0	-1.22	-0.23
13190.0	307.0	2.24	-3.07
13190.0	309.0	-1.58	-6.69
13190.0	311.0	-1.36	-2.68
13190.0	313.0	-0.52	3.4
13190.0	317.0	0.54	-9.33
13200.0	303.0	-1.22	-0.23
13200.0	307.0	2.12	-2.74
13200.0	309.0	-1.58	-6.68
13200.0	311.0	-1.36	-2.68
13200.0	313.0	-0.52	3.4
13200.0	317.0	0.55	-8.84
13210.0	303.0	-1.22	-0.23
13210.0	307.0	2.07	-2.36
13210.0	309.0	-1.58	-6.68
13210.0	311.0	-1.36	-2.68
13210.0	313.0	-0.52	3.4
13210.0	317.0	0.5	-8.41
13220.0	303.0	-1.22	-0.23
13220.0	307.0	2.1	-2.07
13220.0	309.0	-1.58	-6.68
13220.0	311.0	-1.36	-2.68
13220.0	313.0	-0.52	3.4
13220.0	317.0	0.38	-7.97
13230.0	303.0	-1.22	-0.23
13230.0	307.0	2.1	-1.73
13230.0	309.0	-1.58	-6.68
13230.0	311.0	-1.36	-2.68
13230.0	313.0	-0.52	3.4
13230.0	317.0	0.36	-7.52
13240.0	303.0	-1.22	-0.23
13240.0	307.0	2.03	-1.54
13240.0	309.0	-1.6	-6.68
13240.0	311.0	-1.36	-2.68
13240.0	313.0	-0.52	3.4
13240.0	317.0	0.33	-7.11
13250.0	303.0	-1.22	-0.23
13250.0	307.0	2.04	-1.24
13250.0	309.0	-1.62	-6.68
13250.0	311.0	-1.36	-2.68
13250.0	313.0	-0.52	3.4
13250.0	317.0	0.24	-6.68
13260.0	303.0	-1.22	-0.23
13260.0	307.0	2.03	-1.12
13260.0	309.0	-1.62	-6.68
13260.0	311.0	-1.36	-2.68
13260.0	313.0	-0.52	3.4
13260.0	317.0	0.2	-6.25
13270.0	303.0	-1.22	-0.23
13270.0	307.0	2.02	-1.21
13270.0	309.0	-1.62	-6.68
13270.0	311.0	-1.36	-2.68
13270.0	313.0	-0.52	3.4
13270.0	317.0	0.22	-5.79
13280.0	303.0	-1.22	-0.23
13280.0	307.0	2.02	-1.21
13280.0	309.0	-1.62	-6.68
13280.0	311.0	-1.36	-2.68
13280.0	313.0	-0.52	3.4
13280.0	317.0	0.16	-5.43
13290.0	303.0	-1.22	-0.23
13290.0	307.0	2.02	-1.2
13290.0	309.0	-1.62	-6.68
13290.0	311.0	-1.36	-2.68
13290.0	313.0	-0.52	3.4
13290.0	317.0	0.03	-5.1
13300.0	303.0	-1.22	-0.23
13300.0	307.0	2.01	-1.13
13300.0	309.0	-1.62	-6.68
13300.0	311.0	-1.36	-2.68
13300.0	313.0	-0.52	3.4
13300.0	317.0	-0.09	-4.84
13310.0	303.0	-1.22	-0.23
13310.0	307.0	2.01	-1.14
13310.0	309.0	-1.62	-6.68
13310.0	311.0	-1.36	-2.68
13310.0	313.0	-0.52	3.4
13310.0	317.0	-0.18	-4.63
13320.0	303.0	-1.22	-0.23
13320.0	307.0	2.0	-1.16
13320.0	309.0	-1.57	-6.72
13320.0	311.0	-1.36	-2.68
13320.0	313.0	-0.52	3.4
13320.0	317.0	-0.44	-4.45
13320.0	320.0	1.82	2.92
13330.0	303.0	-1.22	-0.23
13330.0	307.0	2.0	-1.18
13330.0	309.0	-1.56	-6.73
13330.0	311.0	-1.36	-2.68
13330.0	313.0	-0.52	3.4
13330.0	317.0	-0.65	-4.27
13330.0	320.0	1.98	2.34
13340.0	303.0	-1.22	-0.23
13340.0	307.0	1.98	-1.21
13340.0	309.0	-1.56	-6.74
13340.0	311.0	-1.36	-2.68
13340.0	313.0	-0.52	3.4
13340.0	317.0	-0.79	-4.2
13340.0	320.0	2.15	1.76
13350.0	303.0	-1.22	-0.23
13350.0	307.0	1.93	-1.21
13350.0	309.0	-1.56	-6.75
13350.0	311.0	-1.36	-2.59
13350.0	313.0	-0.56	3.21
13350.0	317.0	-0.98	-4.18
13350.0	320.0	2.28	1.15
13360.0	303.0	-1.22	-0.23
13360.0	307.0	1.8	-1.09
13360.0	309.0	-1.56	-6.73
13360.0	311.0	-1.36	-2.67
13360.0	313.0	-0.57	3.19
13360.0	317.0	-1.02	-4.18
13360.0	320.0	2.46	0.53
13370.0	303.0	-1.22	-0.23
13370.0	309.0	-1.56	-6.73
13370.0	311.0	-1.36	-2.68
13370.0	313.0	-0.57	3.19
13370.0	317.0	-0.86	-4.19
13370.0	320.0	2.62	-0.23
13380.0	303.0	-1.22	-0.23
13380.0	309.0	-1.56	-6.73
13380.0	311.0	-1.36	-2.68
13380.0	313.0	-0.57	3.19
13380.0	320.0	2.7	-0.97
13380.0	321.0	1.39	-0.79
13380.0	323.0	-0.73	-3.33
13390.0	303.0	-1.22	-0.23
13390.0	309.0	-1.54	-6.73
13390.0	311.0	-1.36	-2.68
13390.0	313.0	-0.57	3.19
13390.0	320.0	2.69	-1.61
13390.0	321.0	1.21	-0.68
13390.0	323.0	-0.8	-3.22
13400.0	303.0	-1.22	-0.23
13400.0	309.0	-1.54	-6.73
13400.0	311.0	-1.36	-2.68
13400.0	313.0	-0.57	3.19
13400.0	320.0	2.61	-2.26
13400.0	323.0	-0.88	-3.21
13410.0	320.0	2.5	-2.96
13420.0	320.0	2.34	-3.61
13430.0	320.0	2.21	-4.36
13440.0	320.0	2.07	-5.07
13450.0	320.0	1.99	-5.77
13460.0	320.0	1.95	-6.48
13470.0	320.0	1.88	-7.16
13480.0	320.0	1.9	-7.87
13490.0	320.0	1.89	-8.58
13490.0	324.0	1.68	1.09
13500.0	320.0	1.95	-9.39
13500.0	324.0	1.73	0.43
13510.0	324.0	1.72	-0.28
13520.0	324.0	1.69	-0.92
13530.0	324.0	1.71	-1.63
13540.0	324.0	1.66	-2.32
13550.0	324.0	1.69	-3.0
13560.0	324.0	1.81	-3.7
13570.0	324.0	1.66	-4.36
13580.0	324.0	1.7	-5.1
13590.0	324.0	1.67	-5.83
13740.0	326.0	1.92	-1.68
13750.0	326.0	1.87	-2.51
13750.0	327.0	0.62	0.23
13760.0	326.0	1.83	-3.36
13760.0	327.0	0.7	1.04
13770.0	326.0	1.73	-4.23
13770.0	327.0	0.75	1.8
13780.0	326.0	1.74	-5.09
13780.0	327.0	0.84	2.54
13790.0	326.0	1.73	-5.98
13800.0	326.0	1.81	-6.89
13810.0	326.0	1.87	-7.74
13820.0	326.0	1.87	-8.62
13830.0	326.0	1.91	-9.52
14160.0	329.0	2.39	-9.03
14160.0	330.0	0.8	0.05
14170.0	329.0	2.49	-8.28
14170.0	330.0	0.75	-0.57
14180.0	329.0	2.59	-7.48
14180.0	330.0	0.72	-1.15
14180.0	332.0	-0.04	-6.8
14190.0	329.0	2.75	-6.71
14190.0	330.0	0.73	-1.77
14190.0	332.0	-0.04	-6.8
14200.0	329.0	2.85	-5.98
14200.0	330.0	0.72	-2.41
14200.0	332.0	-0.04	-6.8
14210.0	329.0	2.9	-5.08
14210.0	330.0	0.8	-3.17
14210.0	332.0	-0.04	-6.8
14220.0	329.0	2.96	-4.32
14220.0	330.0	0.81	-3.74
14220.0	332.0	-0.15	-6.83
14230.0	329.0	2.92	-3.53
14230.0	330.0	0.83	-4.32
14230.0	332.0	-0.06	-6.8
14240.0	329.0	2.92	-2.78
14240.0	330.0	0.92	-5.01
14240.0	332.0	-0.17	-6.83
14250.0	329.0	2.9	-2.03
14250.0	330.0	0.94	-5.71
14250.0	332.0	-0.14	-6.8
14260.0	329.0	2.86	-1.27
14260.0	330.0	0.82	-6.26
14260.0	332.0	-0.07	-6.74
14270.0	329.0	2.85	-0.46
14270.0	330.0	0.79	-6.84
14270.0	332.0	-0.07	-6.66
14280.0	329.0	2.82	0.3
14280.0	330.0	0.71	-7.41
14290.0	329.0	2.86	1.1
14290.0	330.0	0.67	-8.04
14390.0	335.0	1.09	2.95
