0.0	2.0	13.3434879503	4.43907227467
0.0	3.0	11.9123252048	4.43907227467
0.0	4.0	11.828139161	5.15505167381
0.0	5.0	8.7132555385	4.4152062947
0.0	7.0	6.31395328877	3.84242277539
10.0	2.0	12.8253228504	4.43000320228
10.0	3.0	11.5046542875	4.51353413218
10.0	4.0	11.3823740588	5.21113672674
10.0	5.0	8.36051601476	4.36365577796
10.0	7.0	6.78539513433	3.68968050357
20.0	2.0	12.3073682156	4.42069547009
20.0	3.0	11.096772905	4.58823464949
20.0	4.0	10.9368194217	5.26746043948
20.0	5.0	8.00798695614	4.31210526122
20.0	7.0	7.25683697989	3.53693823175
30.0	2.0	11.8144589288	4.43358309928
30.0	3.0	10.6891019877	4.662696507
30.0	4.0	10.4910543195	5.32354549241
30.0	5.0	7.65524743241	4.26031608468
30.0	7.0	7.7467997551	3.4173696721
40.0	2.0	11.3596438269	4.47988310042
40.0	3.0	10.2799578145	4.70947382775
40.0	4.0	10.0709659607	5.34597951358
40.0	5.0	7.30061372269	4.18633154677
40.0	7.0	8.25549392506	3.3312134844
50.0	2.0	10.904828725	4.52618310157
50.0	3.0	9.87081364144	4.7493300143
50.0	4.0	9.66792527576	5.34597951358
50.0	5.0	6.94156024567	4.06008051273
50.0	7.0	8.76418809503	3.2450572967
60.0	2.0	10.4384380421	4.52642176137
60.0	3.0	9.46166946833	4.78918620085
60.0	4.0	9.26488459083	5.34597951358
60.0	5.0	6.58250676865	3.93359081888
60.0	7.0	9.27267179988	3.15890110901
70.0	2.0	9.94489736003	4.41926351129
70.0	3.0	9.05084157434	4.8297583668
70.0	4.0	8.86184390589	5.34597951358
70.0	5.0	6.22366375674	3.80733978483
70.0	7.0	9.7782089932	3.04291244635
80.0	2.0	9.45135667795	4.31234392102
80.0	3.0	8.63433112239	4.87462640915
80.0	4.0	8.45880322096	5.34597951358
80.0	5.0	5.83914400145	3.73025266952
80.0	7.0	10.2833252563	2.92358254649
90.0	2.0	8.94624041485	4.18800216537
90.0	3.0	8.21782067044	4.91925579169
90.0	4.0	8.03176951353	5.39633673132
90.0	5.0	5.45188819974	3.65865472961
90.0	7.0	10.8339019831	2.86009903977
100.0	2.0	8.42407647787	4.03788515135
100.0	3.0	7.80131021849	4.96412383404
100.0	4.0	7.60178929456	5.45218312445
100.0	5.0	5.06463239803	3.58705678969
100.0	7.0	11.3895298725	2.80282068783
110.0	2.0	7.90170207578	3.88752947753
110.0	3.0	7.38458930143	5.00875321659
110.0	4.0	7.17201954071	5.50802951759
110.0	5.0	4.67737659632	3.51545884978
110.0	7.0	11.9192705534	2.76845367668
120.0	2.0	7.38353697588	3.80710112503
120.0	3.0	6.97207768656	5.03786971215
120.0	4.0	6.74203932174	5.56387591072
120.0	5.0	4.29012079461	3.44386090987
120.0	7.0	12.4104961193	2.76845367668
120.0	10.0	0.344741849567	6.98294707982
130.0	2.0	6.86684513175	3.75626658769
130.0	3.0	6.56503816455	5.04312022774
130.0	4.0	6.32089863738	5.61638106666
130.0	5.0	3.91886034123	3.38849183633
130.0	7.0	12.90151122	2.76845367668
130.0	10.0	0.63497323574	6.88414192273
140.0	2.0	6.35036375273	3.70567071015
140.0	3.0	6.15820910764	5.04837074334
140.0	4.0	5.93511609144	5.65623725321
140.0	5.0	3.54949407383	3.3347933814
140.0	7.0	13.4188344595	2.83933563719
140.0	10.0	0.925415087023	6.78533676565
150.0	2.0	5.84209051299	3.67536091559
150.0	3.0	5.75138005074	5.05385991873
150.0	4.0	5.5493335455	5.69609343976
150.0	5.0	3.18012780644	3.28133358626
150.0	7.0	13.9755146745	3.01642120858
150.0	10.0	1.25542437892	6.68939552617
160.0	2.0	5.34644517982	3.67536091559
160.0	3.0	5.34434052872	5.05911043433
160.0	4.0	5.16334053444	5.73571096651
160.0	5.0	2.81076153905	3.22763513132
160.0	7.0	14.5321948894	3.19350677997
160.0	10.0	1.74433482858	6.60514861687
170.0	2.0	4.85079984665	3.67536091559
170.0	3.0	4.96276728497	5.07390734191
170.0	4.0	4.7775579885	5.77556715307
170.0	5.0	2.44139527166	3.17417533619
170.0	7.0	15.0890855695	3.37059235135
170.0	10.0	2.23345574335	6.52114036737
180.0	2.0	4.34610451377	3.65483617281
180.0	3.0	4.58393008764	5.08989754849
180.0	4.0	4.40293009337	5.82091251501
180.0	5.0	2.10086272428	3.17417533619
180.0	10.0	2.72236619301	6.43689345807
190.0	2.0	3.8199417397	3.58681812989
190.0	3.0	4.20509289032	5.10564909527
190.0	4.0	4.045139407	5.87461096995
190.0	5.0	1.76054064202	3.17417533619
190.0	10.0	3.20706734047	6.37340995135
200.0	2.0	3.29377896564	3.51856142718
200.0	3.0	3.82625569299	5.12163930185
200.0	4.0	3.68734872064	5.92830942488
200.0	5.0	1.42000809464	3.17417533619
200.0	10.0	3.69050569728	6.31541562002
210.0	2.0	2.79308246984	3.46128307524
210.0	3.0	3.44405105391	5.1636434266
210.0	4.0	3.32955803428	5.98200787982
210.0	5.0	1.07947554727	3.17417533619
210.0	10.0	4.17394405409	6.25742128869
220.0	2.0	2.31785225231	3.4152217339
220.0	3.0	3.05658478709	5.2450264183
220.0	4.0	2.99618130063	6.03809293275
220.0	5.0	0.739153465005	3.17417533619
220.0	10.0	4.65654055046	6.19727901916
230.0	2.0	1.84262203477	3.36892173276
230.0	3.0	2.66911852027	5.32640941
230.0	4.0	2.69963596117	6.09775788268
230.0	5.0	0.398620917631	3.17417533619
230.0	10.0	5.13008704712	6.11756664605
240.0	2.0	1.37160111943	3.30830214363
240.0	3.0	2.28165225345	5.40779240171
240.0	4.0	2.4030906217	6.15742283261
240.0	5.0	0.0580883702566	3.17417533619
240.0	10.0	5.60363354378	6.03809293275
250.0	2.0	0.907104622486	3.22596451273
250.0	3.0	1.89418598663	5.48917539341
250.0	4.0	2.10654528224	6.21708778254
250.0	10.0	6.07718004044	5.95861921945
260.0	2.0	0.442608125542	3.14362688183
260.0	3.0	1.55133832305	5.6664996246
260.0	4.0	1.80999994278	6.27675273246
260.0	10.0	6.54188700249	5.9120805585
270.0	2.0	-0.0216779062914	3.06152791072
270.0	3.0	1.20870112458	5.84382385578
270.0	4.0	1.57385808978	6.4163687153
270.0	10.0	6.99796489505	5.89895426952
280.0	3.0	0.865853460999	6.02114808697
280.0	4.0	1.33771623678	6.55622335793
280.0	10.0	7.45404278761	5.88558932073
290.0	3.0	0.552470912767	6.19918829756
290.0	4.0	1.10157438378	6.69583934076
290.0	10.0	7.90991021506	5.87246303175
300.0	3.0	0.268343014773	6.37818314734
300.0	4.0	0.86543253078	6.83545532359
300.0	10.0	8.40324043202	5.83690272159
310.0	3.0	-0.0157848832219	6.55717799713
310.0	4.0	0.580252307238	7.01325687438
310.0	10.0	8.90077995117	5.79895581344
320.0	4.0	0.289599990845	7.19511564176
320.0	10.0	9.39831947033	5.76100890528
330.0	10.0	9.89564852437	5.72306199713
340.0	10.0	10.3818229276	5.72067539913
350.0	10.0	10.8566322149	5.75384911129
360.0	10.0	11.3314415022	5.78726148325
370.0	10.0	11.8060403244	5.82043519541
380.0	10.0	12.2915833324	5.84477849498
390.0	10.0	12.8204821528	5.8330841648
400.0	10.0	13.3491705082	5.82162849441
410.0	10.0	13.8778588636	5.80993416422
420.0	10.0	14.3922355915	5.82186715421
430.0	10.0	14.7782286026	6.04740066494
440.0	10.0	15.1640111485	6.27269551587
460.0	15.0	15.0693018492	4.00948463519
470.0	15.0	14.4547437291	4.04767020314
480.0	15.0	13.840185609	4.08585577109
490.0	15.0	13.2172088845	4.1627042266
490.0	16.0	0.261397666155	7.2440409007
500.0	15.0	12.5858135556	4.27821556966
500.0	16.0	0.350003477307	7.13091615564
510.0	15.0	11.9544182267	4.39372691272
510.0	16.0	0.43860928846	7.01779141057
520.0	15.0	11.3562763852	4.500646503
520.0	16.0	0.527215099612	6.90490532531
520.0	17.0	0.218041853572	6.45622490185
530.0	15.0	10.8078043095	4.59467846408
530.0	16.0	0.611822073681	6.8256702718
530.0	17.0	0.504274402663	6.34166819799
540.0	15.0	10.2591217687	4.68847176537
540.0	16.0	0.686958117818	6.8256702718
540.0	17.0	0.790506951753	6.22711149412
550.0	15.0	9.70896597214	4.77987846866
550.0	16.0	0.762094161954	6.8256702718
550.0	17.0	1.02201857234	6.22377025693
560.0	15.0	9.14344622257	4.84694187238
560.0	16.0	0.84880578712	6.81445326122
560.0	17.0	1.21669879875	6.29441355764
570.0	15.0	8.5777160079	4.9142439359
570.0	16.0	0.946672063096	6.79225789984
570.0	17.0	1.41158949026	6.36505685836
580.0	15.0	8.01219625833	4.98130733962
580.0	16.0	1.04453833907	6.77006253847
580.0	17.0	1.55954646233	6.44834912846
590.0	15.0	7.48498115872	5.08560167209
590.0	16.0	1.14240461505	6.7478671771
590.0	17.0	1.70203134154	6.53307335736
600.0	15.0	6.9619753613	5.19419188096
600.0	16.0	1.25184647205	6.73474088811
600.0	17.0	1.84472668587	6.61779758625
610.0	15.0	6.43896956388	5.30254343003
610.0	16.0	1.40716972296	6.75741356909
610.0	17.0	1.96384993792	6.63975428783
610.0	19.0	0.270868596088	8.29939453504
620.0	15.0	5.91406958048	5.36244703976
620.0	16.0	1.56249297386	6.78032490986
620.0	17.0	2.07708016689	6.64572078282
620.0	19.0	0.349793012198	8.09653370528
630.0	15.0	5.38790680641	5.39013157653
630.0	16.0	1.71781622476	6.80299759083
630.0	17.0	2.19052086098	6.65192593761
630.0	19.0	0.428717428307	7.89367287552
640.0	15.0	4.86174403235	5.4175774535
640.0	16.0	1.87313947567	6.8256702718
640.0	17.0	2.30375108996	6.65789243261
640.0	19.0	0.507641844417	7.69081204577
650.0	15.0	4.45323125457	5.43165838168
650.0	16.0	2.1318010954	6.92113419169
650.0	17.0	2.50453480454	6.68462233017
650.0	19.0	0.681065094748	7.48818987581
660.0	15.0	4.02514522159	5.46387745464
660.0	16.0	2.39025225002	7.01659811158
660.0	17.0	2.71499991417	6.71350016594
660.0	19.0	0.948987179302	7.28556770585
670.0	15.0	3.55159872493	5.53833931215
670.0	16.0	2.64891386975	7.11206203146
670.0	17.0	2.92546502379	6.7426166615
670.0	19.0	1.21690926385	7.0831841957
680.0	15.0	3.163921993	5.54693106494
680.0	16.0	2.92483362847	7.18151203318
680.0	17.0	3.12603827327	6.77292645607
680.0	19.0	1.51345460332	6.9087238821
690.0	15.0	2.82191618986	5.53690735335
690.0	16.0	3.21822199128	7.22494811673
690.0	17.0	3.31987663923	6.80442954963
690.0	19.0	1.92533482285	6.84643367438
700.0	15.0	2.49401154906	5.50898415679
700.0	16.0	3.5116103541	7.26838420027
700.0	17.0	3.5137150052	6.83569398339
700.0	19.0	2.33700457728	6.78414346665
710.0	15.0	2.17831388462	5.4161454947
710.0	16.0	3.8045777867	7.30155791243
710.0	17.0	3.70755337116	6.86719707695
710.0	19.0	2.6697499156	6.79440583804
720.0	15.0	1.85903831332	5.30612332703
720.0	16.0	4.09670335886	7.29368213904
720.0	17.0	3.99610103646	6.80562284863
720.0	19.0	2.9934452542	6.81278264262
730.0	15.0	1.53639530027	5.17891765378
730.0	16.0	4.38861846591	7.28604502545
730.0	17.0	4.30843125914	6.72089861973
730.0	19.0	3.30430222112	6.81182800342
740.0	15.0	1.09925926757	5.10541043547
740.0	16.0	4.6834800845	7.27578265406
740.0	17.0	4.62076148183	6.63617439083
740.0	19.0	3.58485221225	6.76528934248
750.0	15.0	0.673488350802	5.27271095507
750.0	16.0	5.005070772	7.2426089419
750.0	17.0	4.92677775122	6.61588830786
750.0	19.0	3.86561266849	6.71898934133
760.0	15.0	0.291494176831	5.56268261172
760.0	16.0	5.3264509944	7.20943522974
760.0	17.0	5.23005797419	6.62280944205
760.0	19.0	4.14616265962	6.67245068039
770.0	15.0	0.0648232537647	5.92974138368
770.0	16.0	5.64804168191	7.17626151758
770.0	17.0	5.53333819716	6.62973057624
770.0	19.0	4.46606962625	6.663381608
780.0	16.0	5.94921725378	7.14332646522
780.0	17.0	5.83851260612	6.62567335964
780.0	19.0	4.80281380165	6.67030274219
790.0	16.0	6.22976724492	7.11015275306
790.0	17.0	6.14747538705	6.59584088468
790.0	19.0	5.13955797706	6.67698521658
800.0	16.0	6.51031723605	7.0769790409
800.0	17.0	6.45664863309	6.56600840972
800.0	19.0	5.46262192033	6.68915686637
810.0	16.0	6.79107769229	7.04380532874
810.0	17.0	6.76350676293	6.52806150156
810.0	19.0	5.73117540021	6.72209191873
820.0	16.0	7.13097884433	6.89512027352
820.0	17.0	7.04994977713	6.4154140761
820.0	19.0	5.99972888009	6.75478831129
830.0	16.0	7.47761487989	6.73378624891
830.0	17.0	7.33639279133	6.30252799083
830.0	19.0	6.2600742207	6.76457336308
840.0	16.0	7.82425091544	6.57221356451
840.0	17.0	7.62283580553	6.18988056537
840.0	19.0	6.50189863166	6.72042130013
850.0	16.0	8.18098927625	6.39942386952
850.0	17.0	7.93221951668	6.06458417052
850.0	19.0	6.74351257751	6.67626923718
860.0	16.0	8.54782996233	6.21541716394
860.0	17.0	8.26454392478	5.92640014648
860.0	19.0	7.01206605739	6.61875222545
860.0	21.0	13.9965611854	10.9373013013
870.0	16.0	8.91467064841	6.03117179856
870.0	17.0	8.59686833287	5.78821612245
870.0	19.0	7.29850907159	6.55264346093
870.0	21.0	13.945839094	10.476449228
880.0	16.0	9.28151133449	5.84716509298
880.0	17.0	8.92919274097	5.65003209842
880.0	19.0	7.58495208579	6.48629603661
880.0	21.0	13.8951170026	10.0155971548
890.0	16.0	9.61930783543	5.73404034792
890.0	17.0	9.25983342819	5.5001537442
890.0	19.0	7.87139509999	6.41994861229
890.0	21.0	13.7949356104	9.60032910327
900.0	16.0	9.95731480149	5.62115426265
900.0	17.0	9.58984272009	5.34526353418
900.0	19.0	8.2300276468	6.40228778711
900.0	21.0	13.6455053826	9.23064507352
910.0	16.0	10.2951113024	5.50802951759
910.0	17.0	9.91964154687	5.19061198397
910.0	19.0	8.58844972849	6.38462696193
910.0	21.0	13.4962856198	8.86119970356
920.0	16.0	10.6427996635	5.39108621573
920.0	17.0	10.2496508388	5.03572177395
920.0	19.0	8.92708808988	6.34906665178
920.0	21.0	13.3224414393	8.50655124119
930.0	16.0	11.0306868606	5.25934600629
930.0	17.0	10.5701892007	4.9109026987
930.0	19.0	9.21900319693	6.27221819627
930.0	21.0	13.1119763297	8.17409814019
940.0	16.0	11.4183635925	5.12736713704
940.0	17.0	10.8905170976	4.78632228325
940.0	19.0	9.51091830398	6.19513108096
940.0	21.0	12.90151122	7.84164503918
950.0	16.0	11.8060403244	4.9956269276
950.0	17.0	11.2110554595	4.661503208
950.0	19.0	9.81651364315	6.10730427467
950.0	21.0	12.6834693665	7.48747389641
960.0	16.0	12.1705658943	4.88536610013
960.0	17.0	11.5315938215	4.53668413275
960.0	19.0	10.1764089806	5.97651870442
960.0	21.0	12.4601658852	7.11850584605
970.0	16.0	12.5005751862	4.80804032503
970.0	17.0	11.9058007864	4.40971711931
970.0	19.0	10.536093853	5.84573313418
970.0	21.0	12.2368624038	6.7497764555
980.0	16.0	12.830374013	4.73071454992
980.0	17.0	12.3159972851	4.28107948726
980.0	19.0	10.8991461671	5.70635581115
980.0	21.0	11.9514717152	6.4166073751
990.0	16.0	13.1603833049	4.65315011501
990.0	17.0	12.7261937837	4.15268051501
990.0	19.0	11.2910322012	5.49251663061
990.0	21.0	11.5204391707	6.166491905
1000.0	16.0	13.4874460852	4.60040629928
1000.0	17.0	13.1361798173	4.02428154277
1000.0	19.0	11.6829182353	5.27843879026
1000.0	21.0	11.0567845342	5.93952643547
1010.0	16.0	13.8134565401	4.55840217453
1010.0	17.0	13.4844995737	3.96676453104
1010.0	19.0	12.0834333389	5.0820217751
1010.0	21.0	10.4620101344	5.80468364863
1020.0	16.0	14.1394669949	4.51639804978
1020.0	17.0	13.8060902612	3.93979597367
1020.0	19.0	12.517412395	4.95505476165
1020.0	21.0	9.86723573457	5.66984086179
1030.0	16.0	14.4654774497	4.47415526523
1030.0	17.0	14.1276809487	3.9125887565
1030.0	19.0	12.9516019161	4.828326408
1030.0	21.0	9.27730203229	5.58463931329
1040.0	16.0	14.7914879045	4.43215114048
1040.0	17.0	14.4494821013	3.88562019913
1040.0	19.0	13.3855809722	4.70159805435
1040.0	21.0	8.68799972534	5.50516559999
1050.0	17.0	14.7710727888	3.85865164177
1050.0	19.0	13.8576542131	4.68226661058
1050.0	21.0	8.09869741839	5.42545322689
1060.0	17.0	15.0926634764	3.8316830844
1060.0	19.0	14.329727454	4.6629351668
1060.0	21.0	7.5129730183	5.3302279668
1070.0	19.0	14.80201116	4.64360372302
1070.0	21.0	6.92766954843	5.23333208812
1080.0	19.0	15.2740844009	4.62427227925
1080.0	21.0	6.34215561346	5.13643620943
1080.0	23.0	14.8630460418	6.60514861687
1090.0	21.0	5.74106726037	5.07486198111
1090.0	23.0	14.4000228006	6.47149912903
1090.0	24.0	15.3130204461	2.90854697911
1100.0	21.0	5.13303355866	5.02832332016
1100.0	23.0	13.9369995594	6.33784964119
1100.0	24.0	14.7563402312	2.9161840927
1110.0	21.0	4.52499985695	4.98202331902
1110.0	23.0	13.4104158551	6.30921046522
1110.0	24.0	14.1996600162	2.92405986609
1120.0	21.0	3.91738708546	4.94097383347
1120.0	23.0	12.8766763371	6.29202695965
1120.0	24.0	13.6429798013	2.93169697968
1130.0	21.0	3.31314175573	4.94861094706
1130.0	23.0	12.3517763537	6.26338778368
1130.0	24.0	13.0987170278	2.89780728812
1140.0	21.0	2.70889642599	4.95648672045
1140.0	23.0	11.9045379957	6.12902231644
1140.0	24.0	12.5670821608	2.82239079141
1150.0	21.0	2.10465109626	4.96412383404
1150.0	23.0	11.4572996378	5.994895509
1150.0	24.0	12.0352368288	2.7472129545
1160.0	21.0	1.57238483401	5.04144960915
1160.0	23.0	11.0100612798	5.86053004176
1160.0	24.0	11.5036019619	2.67179645779
1170.0	21.0	1.03990810666	5.11853672445
1170.0	23.0	10.54956362	5.78153364806
1170.0	24.0	10.9801752343	2.68349078798
1180.0	21.0	0.507641844417	5.19586249956
1180.0	23.0	10.0878031695	5.70850374935
1180.0	24.0	10.4601159484	2.73265470672
1190.0	23.0	9.62583225383	5.63571251043
1190.0	24.0	9.9400566625	2.78181862546
1200.0	23.0	9.15523226871	5.54120322975
1200.0	24.0	9.42294388815	2.82692532761
1210.0	23.0	8.66421716795	5.39657539112
1210.0	24.0	8.91256599731	2.86248563776
1220.0	23.0	8.17299160209	5.25194755249
1220.0	24.0	8.40197764136	2.89804594792
1230.0	23.0	7.68197650133	5.10731971387
1230.0	24.0	7.89159975052	2.93336759828
1240.0	23.0	7.22989744586	4.92164238969
1240.0	24.0	7.38101139457	2.96892790844
1250.0	23.0	6.77781839038	4.73596506551
1250.0	24.0	6.89041722403	2.99016863061
1260.0	23.0	6.32805445111	4.59611042288
1260.0	24.0	6.4130823554	3.0018629608
1270.0	23.0	5.88376260469	4.56293671072
1270.0	24.0	5.93553702166	3.01355729098
1280.0	23.0	5.43926029316	4.53000165836
1280.0	24.0	5.45820215303	3.02525162117
1290.0	23.0	4.99496844674	4.4968279462
1290.0	24.0	4.97560565666	3.02835419856
1300.0	23.0	4.5218428803	4.46962072903
1300.0	24.0	4.48774753255	3.02286502317
1310.0	23.0	4.03608940729	4.44527742946
1310.0	24.0	3.99988940843	3.01737584778
1320.0	23.0	3.55033593427	4.42069547009
1320.0	24.0	3.51182081921	3.01188667238
1330.0	23.0	3.06479292637	4.39635217052
1330.0	24.0	3.01975339291	3.00305625979
1340.0	23.0	2.61629177775	4.34766557138
1340.0	24.0	2.48980224687	2.96343873304
1350.0	23.0	2.17747202419	4.29325113705
1350.0	24.0	1.95964063572	2.92358254649
1360.0	23.0	1.73844180551	4.23859804291
1360.0	24.0	1.42968948969	2.88372635994
1370.0	23.0	1.27057786681	4.17941041258
1370.0	24.0	0.89952787854	2.84410883319
1380.0	23.0	0.735786023251	4.10996041087
1380.0	24.0	0.369576732502	2.80425264663
1390.0	23.0	0.200783714583	4.04027174935
1560.0	30.0	15.0097402232	4.55935681373
1570.0	30.0	14.343197221	4.54933310214
1570.0	31.0	14.6123820962	3.77774596966
1580.0	30.0	13.6766542188	4.53954805035
1580.0	31.0	13.9433135127	3.85435576537
1590.0	30.0	13.0362088902	4.56794856652
1590.0	31.0	13.2742449292	3.93096556108
1600.0	30.0	12.4216507701	4.63477331044
1600.0	31.0	12.6232763451	3.96175267524
1610.0	30.0	11.80709265	4.70159805435
1610.0	31.0	11.9840938072	3.96175267524
1620.0	30.0	11.1931659252	4.71162176594
1620.0	31.0	11.3449112693	3.96175267524
1630.0	30.0	10.5794496655	4.72140681773
1630.0	31.0	10.7196194286	3.93788669527
1640.0	30.0	9.96510201055	4.67964135278
1640.0	31.0	10.0960113087	3.9113954575
1650.0	30.0	9.35054389044	4.60327021687
1650.0	31.0	9.48187411885	3.88800679713
1660.0	30.0	8.73766949121	4.52689908096
1660.0	31.0	8.90541018358	3.87774442574
1670.0	30.0	8.13952764966	4.45172124405
1670.0	31.0	8.32894624832	3.86724339456
1680.0	30.0	7.55296138913	4.39134031473
1680.0	31.0	7.76321603365	3.78824700085
1690.0	30.0	7.01374977827	4.39134031473
1690.0	31.0	7.19895907474	3.70137483376
1700.0	30.0	6.44212654053	4.40446660371
1700.0	31.0	6.65069746417	3.5798969957
1710.0	30.0	5.8490358616	4.42594598569
1710.0	31.0	6.10959166732	3.44362225007
1720.0	30.0	5.29109285599	4.38943103633
1720.0	31.0	5.56827540536	3.30710884463
1730.0	30.0	4.78597659288	4.26532794048
1730.0	31.0	4.99896728383	3.2505464721
1740.0	30.0	4.28086032978	4.14122484463
1740.0	31.0	4.42650218564	3.20281451215
1750.0	30.0	3.74691034666	4.09182226609
1750.0	31.0	3.83677894847	3.18825626437
1760.0	30.0	3.21001385201	4.05053412074
1760.0	31.0	3.22095803771	3.22357791473
1770.0	30.0	2.67290689224	4.00948463519
1770.0	31.0	2.60513712694	3.25913822489
1780.0	30.0	2.0989685383	4.04194236795
1780.0	31.0	2.01120458758	3.26510471988
1790.0	30.0	1.52481971924	4.07463876051
1790.0	31.0	1.42653251304	3.25842224549
1800.0	30.0	0.950881365288	4.10709649327
1800.0	31.0	0.841860438502	3.2517397711
1810.0	30.0	0.376943011339	4.13955422603
1810.0	31.0	0.257188363962	3.2450572967
1850.0	35.0	0.1683720877	5.76745271988
1860.0	35.0	0.378837197326	5.66840890299
1870.0	35.0	0.589302306951	5.56960374591
1880.0	35.0	0.799767416577	5.47055992903
1890.0	35.0	1.0102325262	5.37151611215
1900.0	35.0	1.23122089131	5.32617075021
1910.0	35.0	1.4627325119	5.3340465236
1920.0	35.0	1.69424413249	5.34192229699
1930.0	35.0	1.88555691714	5.34979807038
1940.0	35.0	2.03688133096	5.35719652417
1950.0	35.0	2.18820574478	5.36459497796
1960.0	35.0	2.35720922781	5.38297178254
1970.0	35.0	2.56767433743	5.42616920628
1980.0	35.0	2.77813944706	5.46960528983
1990.0	35.0	2.98860455668	5.51304137338
2000.0	35.0	3.15697664438	5.56673982832
2010.0	35.0	3.32534873208	5.62043828325
2020.0	35.0	3.49372081978	5.67413673819
2030.0	35.0	3.66209290748	5.72783519312
2030.0	36.0	0.41040696377	5.26674446008
2040.0	35.0	3.77321848537	5.74120014191
2040.0	36.0	1.14703484746	5.06078105292
2050.0	35.0	3.88434406325	5.75432643089
2050.0	36.0	1.86472087128	4.88059290414
2060.0	35.0	3.99525917602	5.76769137967
2060.0	36.0	2.53820922208	4.76126300428
2070.0	35.0	4.18530917001	5.76005426608
2070.0	36.0	3.21317082865	4.65124083662
2080.0	35.0	4.49364055561	5.72115271873
2080.0	36.0	3.89128941187	4.56293671072
2080.0	37.0	14.7140367441	4.72546403433
2090.0	35.0	4.80197194122	5.68225117138
2090.0	36.0	4.56940799508	4.47439392503
2090.0	37.0	14.0453890909	4.96412383404
2100.0	35.0	5.11030332682	5.64358828382
2100.0	36.0	5.27509750765	4.39324959313
2100.0	37.0	13.4449321331	5.15075579742
2110.0	35.0	5.42010796819	5.60039086008
2110.0	36.0	5.99909748477	4.31687845722
2110.0	37.0	12.8613123841	5.32426147181
2120.0	35.0	5.74127772547	5.51876920857
2120.0	36.0	6.72478118275	4.23979134191
2120.0	37.0	12.2720100772	5.4977671462
2130.0	35.0	6.06244748276	5.43714755707
2130.0	36.0	7.4647765082	4.15506711301
2130.0	37.0	11.6789193982	5.67151148039
2140.0	35.0	6.38382770516	5.35528724577
2140.0	36.0	8.20477183364	4.07034288411
2140.0	37.0	11.0864601146	5.81184344262
2150.0	35.0	6.69784164872	5.26722177968
2150.0	36.0	8.94476715908	3.98561865521
2150.0	37.0	10.4952636217	5.90277282631
2160.0	35.0	6.99522884862	5.1634047668
2160.0	36.0	9.72643457623	3.90041710672
2160.0	37.0	9.90953922161	6.01804550957
2170.0	35.0	7.29261604852	5.05958775393
2170.0	36.0	10.5083124585	3.81521555822
2170.0	37.0	9.33707412343	6.18988056537
2180.0	35.0	7.59000324843	4.95577074105
2180.0	36.0	11.2937682476	3.71903565893
2180.0	37.0	8.76460902525	6.36171562116
2190.0	35.0	7.88739044833	4.85195372817
2190.0	36.0	12.0943775246	3.5789423565
2190.0	37.0	8.17867416005	6.46600995364
2200.0	35.0	8.19024974108	4.7500459937
2200.0	36.0	12.8951972668	3.43884905407
2200.0	37.0	7.5893718531	6.55359810013
2210.0	35.0	8.49542415003	4.64861557882
2210.0	36.0	13.6958065438	3.29875575164
2210.0	37.0	7.00006954615	6.64118624663
2220.0	35.0	8.80059855899	4.54718516394
2220.0	36.0	14.4964158208	3.15866244921
2220.0	37.0	6.42928816884	6.69822593876
2230.0	35.0	9.10577296795	4.44575474906
2230.0	37.0	5.86334748906	6.7473898575
2240.0	35.0	9.44714737576	4.34981350958
2240.0	37.0	5.29719634416	6.79679243604
2250.0	35.0	9.80409620169	4.25649752789
2250.0	37.0	4.69526613064	6.86695841716
2260.0	35.0	10.1608345625	4.1629428864
2260.0	37.0	4.08933708002	6.93927233647
2270.0	35.0	10.5177833884	4.06962690471
2270.0	37.0	3.48361849452	7.01158625578
2280.0	35.0	10.870312447	3.98585731501
2280.0	37.0	2.93977665125	7.11444862946
2290.0	35.0	11.1828531348	3.98943721201
2290.0	37.0	2.43739643457	7.23759708611
2300.0	35.0	11.4953938226	3.99301710901
2300.0	37.0	1.9350162179	7.36074554276
2310.0	35.0	11.8079345104	3.996597006
2310.0	37.0	1.49745925499	7.48651925721
2320.0	35.0	12.1206856633	3.9999382432
2320.0	37.0	1.12514647606	7.61515688926
2330.0	35.0	12.4332263511	4.00351814019
2330.0	37.0	0.752833697131	7.7435558615
2340.0	35.0	12.7457670389	4.00709803719
2340.0	37.0	0.6800127692	7.92756256708
2350.0	35.0	13.0496786572	3.98561865521
2350.0	37.0	0.6406557937	8.11777442745
2360.0	35.0	13.333385625	3.90614494191
2360.0	37.0	0.601088353091	8.30798628782
2370.0	35.0	13.6170925928	3.82643256881
2370.0	37.0	0.561731377591	8.4981981482
2380.0	35.0	13.9007995605	3.7469588555
2380.0	37.0	0.522163936981	8.68841000857
2390.0	35.0	14.1845065283	3.6674851422
2390.0	37.0	0.482806961481	8.87862186894
2400.0	35.0	14.468003031	3.58777276909
2400.0	37.0	0.443239520871	9.06859506951
2410.0	35.0	14.7517099988	3.50829905579
2420.0	35.0	15.0354169665	3.42882534248
2530.0	39.0	14.7205611625	5.03906301115
2540.0	39.0	14.2169181552	5.10731971387
2550.0	39.0	13.7132751479	5.17557641659
2560.0	39.0	13.1403891195	5.25337951129
2570.0	39.0	12.5214112321	5.33762642059
2580.0	39.0	11.9024333447	5.42187332989
2590.0	39.0	11.3030287124	5.4970511668
2600.0	39.0	10.781917101	5.53690735335
2610.0	39.0	10.2605950245	5.5767635399
2620.0	39.0	9.73948341303	5.61638106666
2630.0	39.0	9.2183718016	5.65623725321
2640.0	39.0	8.71914856157	5.65074807782
2650.0	39.0	8.21992532153	5.64502024262
2660.0	39.0	7.7207020815	5.63953106723
2670.0	39.0	7.22147884147	5.63404189184
2680.0	39.0	6.73362071736	5.65194137681
2690.0	39.0	6.25081375588	5.68010323318
2700.0	39.0	5.7680067944	5.70826508955
2710.0	39.0	5.26709983349	5.67890993418
2720.0	39.0	4.72431031576	5.51566663118
2730.0	39.0	4.18152079804	5.35218466837
2740.0	39.0	3.63873128032	5.18894136537
2750.0	39.0	3.10246618099	5.03667641315
2760.0	39.0	2.57230456984	4.89515115192
2770.0	39.0	2.04235342381	4.75386455049
2780.0	39.0	1.50251041762	4.65601403261
2790.0	39.0	0.960562760331	4.56914186551
2800.0	39.0	0.418404637936	4.48250835822
2810.0	39.0	-0.12375348446	4.39563619112
2930.0	42.0	-0.0926046482352	5.76124756508
2940.0	42.0	0.454604636791	5.73738158511
2950.0	42.0	1.00181392182	5.71351560514
2960.0	42.0	1.54902320684	5.68964962517
2970.0	42.0	2.06866156251	5.69704807896
2980.0	42.0	2.57019991875	5.72497127553
2990.0	42.0	3.07152780987	5.75313313189
3000.0	42.0	3.56822546859	5.77676045206
3010.0	42.0	4.04598126744	5.78320426666
3020.0	42.0	4.5239475314	5.78964808125
3030.0	42.0	5.00170333025	5.79609189584
3040.0	42.0	5.49313936123	5.80229705063
3040.0	44.0	0.300754641655	4.86603465636
3050.0	42.0	5.99825562433	5.80826354563
3050.0	44.0	0.781667417149	4.84049805779
3060.0	42.0	6.50337188743	5.81423004062
3060.0	44.0	1.26279065775	4.81496145922
3070.0	42.0	7.00848815053	5.82019653561
3070.0	44.0	1.75633133983	4.78178774706
3080.0	42.0	7.50960557655	5.81995787581
3080.0	44.0	2.27933713724	4.73119186952
3090.0	42.0	8.00651370037	5.81327540142
3090.0	44.0	2.80234293466	4.68059599198
3100.0	42.0	8.5034218242	5.80683158683
3100.0	44.0	3.32534873208	4.63000011444
3110.0	42.0	9.00032994803	5.80014911244
3110.0	44.0	3.86392894762	4.57391506151
3120.0	42.0	9.4808217933	5.7457346781
3120.0	44.0	4.40250916315	4.51759134878
3130.0	42.0	9.9596299177	5.68606972817
3130.0	44.0	4.94087891357	4.46150629584
3130.0	46.0	0.535212773778	4.00256350099
3130.0	47.0	0.447027892845	3.27178719427
3140.0	42.0	10.4384380421	5.62640477824
3140.0	44.0	5.45672889726	4.42355938769
3140.0	46.0	1.08389531457	4.04528360514
3140.0	47.0	0.880796483783	3.33694131959
3150.0	42.0	10.9172461665	5.56673982832
3150.0	44.0	5.95721492795	4.39778412932
3150.0	46.0	1.63257785537	4.08800370929
3150.0	47.0	1.31435460961	3.40209544492
3160.0	42.0	11.4703484746	5.48201559942
3160.0	44.0	6.45791142375	4.37200887095
3160.0	46.0	2.15768830388	4.14647536022
3160.0	47.0	1.7535952934	3.46056709585
3170.0	42.0	12.031658922	5.39442745292
3170.0	44.0	6.95839745444	4.34623361258
3170.0	46.0	2.66680340407	4.21592536194
3170.0	47.0	2.2412429524	3.46056709585
3180.0	42.0	12.5927589042	5.30707796623
3180.0	44.0	7.49487301887	4.31449185922
3180.0	46.0	3.17591850425	4.28513670385
3180.0	47.0	2.7288906114	3.46056709585
3190.0	42.0	13.0989274929	5.2445490987
3190.0	44.0	8.03513695528	4.28227278626
3190.0	46.0	3.67072197698	4.31663979742
3190.0	47.0	3.21653827041	3.46056709585
3190.0	48.0	0.294651153476	3.43670111587
3200.0	42.0	13.5987821282	5.18488414877
3200.0	44.0	8.5756113568	4.2500537133
3200.0	46.0	4.15100335714	4.31067330242
3200.0	47.0	3.70418592941	3.46056709585
3200.0	48.0	0.79829416081	3.39398101172
3210.0	42.0	14.1041088564	5.08679497109
3210.0	44.0	9.10829854926	4.20423103175
3210.0	46.0	4.63128473731	4.30446814763
3210.0	47.0	4.21919405266	3.44171297167
3210.0	48.0	1.30193716814	3.35149956738
3210.0	50.0	14.9125053425	4.46938206923
3220.0	42.0	14.6153286077	4.95052022546
3220.0	44.0	9.61088923105	4.10423257567
3220.0	46.0	5.11156611748	4.29826299284
3220.0	47.0	4.73441264103	3.42285884749
3220.0	48.0	1.79716157109	3.31593925722
3220.0	50.0	14.3383565235	4.62140836165
3230.0	42.0	15.1263378939	4.81400682002
3230.0	44.0	10.1132694477	4.00399545979
3230.0	46.0	5.63204633358	4.25506556909
3230.0	47.0	5.24942076428	3.40400472331
3230.0	48.0	2.25892202161	3.30949544263
3230.0	50.0	13.7644181695	4.77319599427
3240.0	44.0	10.6194380364	3.90280370471
3240.0	46.0	6.17925561861	4.18680886637
3240.0	47.0	5.76948005016	3.38276400114
3240.0	48.0	2.72089293724	3.30281296823
3240.0	50.0	13.2422542325	4.84383929498
3250.0	44.0	11.1594915077	3.79158823805
3250.0	46.0	6.72646490363	4.11855216365
3250.0	47.0	6.30911259124	3.35221554678
3250.0	48.0	3.18265338776	3.29613049384
3250.0	50.0	12.7198798304	4.9147212555
3260.0	44.0	11.6997554441	3.68013411158
3260.0	46.0	7.2679916307	4.05530731673
3260.0	47.0	6.84874513232	3.32166709241
3260.0	48.0	3.66104058194	3.28634544205
3260.0	50.0	12.2059240327	4.9989681648
3270.0	44.0	12.2385461247	3.5815676143
3270.0	46.0	7.75921719656	4.03693051215
3270.0	47.0	7.3883776734	3.29111863805
3270.0	48.0	4.15037196182	3.27441245207
3270.0	50.0	11.7109100949	5.11495682746
3280.0	44.0	12.7647088988	3.59922843948
3280.0	46.0	8.25023229732	4.01855370758
3280.0	47.0	7.92106486587	3.27130987467
3280.0	48.0	4.63970334169	3.26247946208
3280.0	50.0	11.2161066222	5.23118414992
3290.0	44.0	13.2908716729	3.61712792446
3290.0	46.0	8.74124739808	4.0004155628
3290.0	47.0	8.43712531467	3.27703770987
3290.0	48.0	5.12903472157	3.2505464721
3290.0	50.0	10.7213031494	5.34717281258
3300.0	44.0	13.8170344469	3.63478874964
3300.0	46.0	9.24110203344	3.98442535622
3300.0	47.0	8.95318576347	3.28276554506
3300.0	48.0	5.61078935751	3.2457732761
3300.0	50.0	10.2060845611	5.42545322689
3310.0	44.0	14.343197221	3.65244957481
3310.0	46.0	9.775893877	3.97798154162
3310.0	47.0	9.46945667738	3.28849338025
3310.0	48.0	6.08749283081	3.2457732761
3310.0	50.0	9.6776066708	5.47867436222
3320.0	44.0	14.869359995	3.67011039999
3320.0	46.0	10.3104752554	3.97153772703
3320.0	47.0	9.9836229402	3.29493719484
3320.0	48.0	6.563985839	3.2457732761
3320.0	50.0	9.14912878053	5.53165683776
3330.0	46.0	10.845267099	3.96509391244
3330.0	47.0	10.4803205989	3.30925678283
3330.0	48.0	7.05016024224	3.2481598741
3330.0	50.0	8.62065089026	5.58463931329
3340.0	46.0	11.3813217332	3.96509391244
3340.0	47.0	10.9770182576	3.32357637081
3340.0	48.0	7.57358696987	3.25985420429
3340.0	50.0	8.09659276729	5.63642848983
3350.0	46.0	11.9188496232	3.97153772703
3350.0	47.0	11.4737159163	3.33789595879
3350.0	48.0	8.09722416262	3.27130987467
3350.0	50.0	7.61252301516	5.67819395478
3360.0	46.0	12.4563775132	3.97798154162
3360.0	47.0	11.9704135751	3.35221554678
3360.0	48.0	8.62086135537	3.28300420486
3360.0	50.0	7.12845326302	5.71995941973
3370.0	46.0	12.9939054032	3.98442535622
3370.0	47.0	12.4652170478	3.36247791816
3370.0	48.0	9.14597180389	3.29350523605
3370.0	50.0	6.64438351088	5.76172488468
3370.0	52.0	0.00820813927539	4.07392278111
3370.0	53.0	0.272762782075	6.79416717824
3380.0	46.0	13.5314332932	3.99086917081
3380.0	47.0	12.9425519164	3.33694131959
3380.0	48.0	9.68581481008	3.29350523605
3380.0	50.0	6.15905096808	5.80659292703
3380.0	52.0	0.566361610002	4.03239597596
3380.0	53.0	0.761041836406	6.68915686637
3390.0	46.0	14.0689611831	3.9973129854
3390.0	47.0	13.4198867851	3.31140472102
3390.0	48.0	10.2254473512	3.29350523605
3390.0	50.0	5.66151144893	5.87890684634
3390.0	52.0	1.12451508073	3.99086917081
3390.0	53.0	1.24932089074	6.58414655449
3400.0	46.0	14.6064890731	4.00375679999
3400.0	47.0	13.8970111886	3.28586812245
3400.0	48.0	10.7650798922	3.29350523605
3400.0	50.0	5.16397192977	5.95122076565
3400.0	52.0	1.68182669102	3.94647844806
3400.0	53.0	1.79379412934	6.55574603833
3410.0	46.0	15.1440169631	4.01020061459
3410.0	47.0	14.3743460572	3.26033152389
3410.0	48.0	11.2998717358	3.28515214306
3410.0	50.0	4.66664287573	6.02353468497
3410.0	52.0	2.23661271999	3.89588257052
3410.0	53.0	2.35236853028	6.54667696594
3420.0	47.0	14.8516809258	3.23479492532
3420.0	48.0	11.8155112544	3.24338667811
3420.0	50.0	4.22108823865	6.06458417052
3420.0	52.0	2.79160921407	3.84528669298
3420.0	53.0	2.90231386174	6.53307335736
3430.0	47.0	15.3290157945	3.20901966695
3430.0	48.0	12.331150773	3.20162121316
3430.0	50.0	3.78837197326	6.09775788268
3430.0	52.0	3.34639524305	3.79469081544
3430.0	53.0	3.41837431054	6.50228624319
3440.0	48.0	12.8467902915	3.15985574821
3440.0	50.0	3.35565570787	6.13093159484
3440.0	52.0	3.94095917774	3.75889184549
3440.0	53.0	3.93443475934	6.47149912903
3450.0	48.0	13.3651658565	3.12071554105
3450.0	50.0	2.92293944248	6.19369912216
3450.0	52.0	4.53552311243	3.72309287553
3450.0	53.0	4.45407311501	6.42257387009
3460.0	48.0	13.8944856073	3.09183770529
3460.0	50.0	2.48917085154	6.37436459055
3460.0	52.0	5.13008704712	3.68729390557
3460.0	53.0	5.00759635332	6.21040530814
3470.0	48.0	14.423805358	3.06272120972
3470.0	50.0	2.05561272571	6.55526871873
3470.0	52.0	5.72465098181	3.65149493562
3470.0	53.0	5.56090912653	5.9982367462
3480.0	48.0	14.9531251087	3.03384337396
3480.0	50.0	1.62184413477	6.73593418711
3480.0	52.0	6.34426026455	3.6648598844
3480.0	53.0	6.12579748076	5.80086509184
3490.0	50.0	1.28257437806	6.9151676967
3490.0	52.0	6.9640800124	3.67798617338
3490.0	53.0	6.70773350888	5.62545013905
3500.0	50.0	0.953617411713	7.09416254648
3500.0	52.0	7.58368929514	3.69135112217
3500.0	53.0	7.28945907188	5.44979652646
3510.0	50.0	0.624870910478	7.27315739627
3510.0	52.0	8.22224043774	3.68323668898
3510.0	53.0	7.87139509999	5.27438157367
3520.0	52.0	8.88857297481	3.64361916223
3520.0	53.0	8.45017415146	5.19228260257
3530.0	52.0	9.555115977	3.60376297567
3530.0	53.0	9.02895320294	5.11018363146
3540.0	52.0	10.2216589792	3.56390678912
3540.0	53.0	9.60773225441	5.02832332016
3550.0	52.0	10.8450566339	3.51665214878
3550.0	53.0	10.1827229339	4.86150012016
3560.0	52.0	11.4579310331	3.46748823004
3560.0	53.0	10.7566612879	4.67343619799
3570.0	52.0	12.0708054324	3.4185629711
3570.0	53.0	11.3305996418	4.48537227581
3570.0	54.0	15.1021344063	3.9149753545
3580.0	52.0	12.6954658777	3.34004389699
3580.0	53.0	11.8971717169	4.29253515765
3580.0	54.0	14.832739066	4.02953205836
3590.0	52.0	13.3375949272	3.21761141974
3590.0	53.0	12.455956583	4.09516350328
3590.0	54.0	14.5633437256	4.14408876222
3600.0	52.0	13.9797239767	3.09517894248
3600.0	53.0	13.014741449	3.89755318912
3600.0	54.0	14.3564565229	4.25649752789
3610.0	52.0	14.6218530261	2.97274646523
3610.0	53.0	13.6471891034	3.68228204978
3610.0	54.0	14.2954216411	4.36437175736
3620.0	52.0	15.2641925407	2.85055264778
3620.0	53.0	14.3286751284	3.45483926065
3620.0	54.0	14.2341762942	4.47224598683
3630.0	53.0	14.9061913892	3.29636915364
3630.0	54.0	14.1152635073	4.56436866952
3630.0	58.0	14.8569425536	4.7459887771
3640.0	54.0	13.7644181695	4.59420114448
3640.0	58.0	14.4743169843	4.93047280228
3650.0	54.0	13.4135728318	4.62403361945
3650.0	58.0	14.0422321142	5.11113827066
3650.0	59.0	14.9975332468	4.38704443833
3660.0	54.0	12.9577054043	4.61400990786
3660.0	57.0	0.211096504954	6.31135840342
3660.0	58.0	13.4950228292	5.28297332646
3660.0	59.0	14.4898914024	4.5837001133
3670.0	54.0	12.4753193731	4.59420114448
3670.0	57.0	0.639393003042	5.94095839427
3670.0	58.0	12.9478135442	5.45480838225
3670.0	59.0	13.982249558	4.78011712846
3680.0	54.0	11.9653624124	4.58895062889
3680.0	57.0	1.06747903602	5.57055838511
3680.0	58.0	12.4414344904	5.55051096194
3680.0	59.0	13.4748181787	4.97677280342
3690.0	54.0	11.4137333601	4.60541815507
3690.0	57.0	1.51892669617	5.23667332531
3690.0	58.0	11.945368227	5.62735941744
3690.0	59.0	12.9541274975	5.07366868211
3700.0	54.0	10.8621043078	4.62188568125
3700.0	57.0	2.06255807433	5.04765476394
3700.0	58.0	11.4493019636	5.70396921315
3700.0	59.0	12.4279647234	5.12784445664
3710.0	54.0	10.3565671145	4.61735114506
3710.0	57.0	2.60618945249	4.85863620257
3710.0	58.0	11.0428938369	5.78630684405
3710.0	59.0	11.9207438092	5.17414445779
3720.0	54.0	9.89691131503	4.59229186609
3720.0	57.0	3.11004292494	4.5786882575
3720.0	58.0	10.6364857103	5.86864447495
3720.0	59.0	11.4324647549	5.21233002574
3730.0	54.0	9.4370450505	4.56723258712
3730.0	57.0	3.60379407212	4.27559031187
3730.0	58.0	10.2351287462	5.95575530185
3730.0	59.0	10.9441857005	5.2505155937
3740.0	54.0	8.97738925108	4.54217330815
3740.0	57.0	4.09712428908	3.99039185121
3740.0	58.0	9.87944271093	6.08749551129
3740.0	59.0	10.5057868772	5.34001301859
3750.0	54.0	8.52320554451	4.55911815393
3750.0	57.0	4.58813938984	3.77559803147
3750.0	58.0	9.52396714077	6.21923572073
3750.0	59.0	10.0671775887	5.42951044348
3760.0	54.0	8.07133695414	4.59420114448
3760.0	57.0	5.07915449059	3.56080421172
3760.0	58.0	9.15249622229	6.35216922917
3760.0	59.0	9.63004155603	5.61375580886
3760.0	61.0	0.153218599807	3.56581606752
3760.0	62.0	0.22477673708	2.90401244291
3770.0	54.0	7.61946836377	4.62928413504
3770.0	57.0	5.59332075341	3.36987637195
3770.0	58.0	8.71809623602	6.49083057281
3770.0	59.0	9.19332645355	5.86124602116
3770.0	61.0	0.624870910478	3.53288101516
3770.0	62.0	0.668226723061	2.92954904148
3780.0	54.0	7.17538698246	4.67820939398
3780.0	57.0	6.19946026913	3.27441245207
3780.0	58.0	8.28348578464	6.62925325664
3780.0	59.0	8.75682181619	6.10873623347
3780.0	61.0	1.09652322115	3.5001846226
3780.0	62.0	1.11167670904	2.95508564005
3790.0	54.0	6.74919513547	4.75983104549
3790.0	57.0	6.80559978485	3.17894853218
3790.0	58.0	7.84045672888	6.75574295049
3790.0	59.0	8.27317299427	6.13355685264
3790.0	61.0	1.56838599693	3.46724957024
3790.0	62.0	1.55512669502	2.98062223862
3800.0	54.0	6.32321375359	4.84121403719
3800.0	57.0	7.38037999924	3.2505464721
3800.0	58.0	7.32144976854	6.77149449727
3800.0	59.0	7.7840520795	6.13355685264
3800.0	61.0	2.00825807605	3.43550781688
3800.0	62.0	2.01751854087	2.90926295851
3800.0	63.0	15.2928157956	2.79780883204
3810.0	54.0	5.89723237171	4.92283568869
3810.0	57.0	7.9414799815	3.39374235193
3810.0	58.0	6.8022323431	6.78748470385
3810.0	59.0	7.29514162984	6.13355685264
3810.0	61.0	2.44034294611	3.40400472331
3810.0	62.0	2.48201503781	2.82692532761
3810.0	63.0	14.8394739495	2.72430161373
3820.0	54.0	5.4596754088	4.9937176492
3820.0	57.0	8.50279042887	3.53693823175
3820.0	58.0	6.28301491765	6.80108831243
3820.0	59.0	6.81738583099	6.13021561544
3820.0	61.0	2.87221735106	3.37274028955
3820.0	62.0	2.94651153476	2.7445876967
3820.0	63.0	14.3852902429	2.67298975679
3830.0	54.0	4.97686844731	5.02164084577
3830.0	57.0	9.07104622486	3.66939442059
3830.0	58.0	5.76400795731	6.79297387924
3830.0	59.0	6.35099514806	6.12377180085
3830.0	61.0	3.30430222112	3.34123719599
3830.0	62.0	3.40511500863	2.7445876967
3830.0	63.0	13.9292123503	2.67298975679
3840.0	54.0	4.49406148583	5.04980270214
3840.0	57.0	9.64224853238	3.79731607324
3840.0	58.0	5.24479053187	6.78509810585
3840.0	59.0	5.88439400002	6.11732798626
3840.0	61.0	3.76206383456	3.335270701
3840.0	62.0	3.8635080174	2.7445876967
3840.0	63.0	13.5259612003	2.59351604349
3850.0	54.0	4.01125452435	5.0777258987
3850.0	57.0	10.213661305	3.92499906609
3850.0	58.0	4.72873008307	6.78032490986
3850.0	59.0	5.41800331709	6.11088417166
3850.0	61.0	4.21982544799	3.329304206
3850.0	62.0	4.33326614208	2.75842996509
3850.0	63.0	13.1751158626	2.43432995708
3860.0	54.0	3.54107546945	5.02378878397
3860.0	57.0	10.6747903602	4.03096401716
3860.0	58.0	4.24108242406	6.80347491043
3860.0	59.0	4.94677193664	6.08415427409
3860.0	61.0	4.67758706143	3.32333771101
3860.0	62.0	4.84848473044	2.82740264721
3860.0	63.0	12.8474216869	2.2517552103
3870.0	54.0	3.07405339119	4.94908826666
3870.0	57.0	11.123712439	4.13430371044
3870.0	58.0	3.75343476506	6.8268635708
3870.0	59.0	4.47448823064	6.05241252073
3870.0	61.0	5.13534867486	3.31737121602
3870.0	62.0	5.3634928537	2.89661398912
3870.0	63.0	12.5546647194	2.03385881316
3880.0	54.0	2.60703131293	4.87462640915
3880.0	57.0	11.572844983	4.23788206351
3880.0	58.0	3.26578710606	6.85001357138
3880.0	59.0	4.00220452464	6.02067076737
3880.0	61.0	5.58511261413	3.38300266094
3880.0	62.0	5.87871144206	2.96558667124
3880.0	63.0	12.2675903099	1.81858767382
3890.0	54.0	2.14800690884	4.77749187066
3890.0	57.0	12.1070054312	4.24217793991
3890.0	58.0	2.77813944706	6.87340223175
3890.0	59.0	3.52971035353	5.98869035421
3890.0	61.0	6.03508701851	3.44839544606
3890.0	62.0	6.3606765431	3.03360471416
3890.0	63.0	12.0318693871	1.62765983405
3900.0	54.0	1.69403366738	4.665083105
3900.0	57.0	12.6506368094	4.23549546551
3900.0	58.0	2.2761801606	6.75860686809
3900.0	59.0	3.05174408957	5.95122076565
3900.0	61.0	6.48485095778	3.51402689098
3900.0	62.0	6.79339280849	3.09995213848
3900.0	63.0	11.7961484643	1.43673199427
3910.0	54.0	1.24006042591	4.55267433933
3910.0	57.0	13.1944786526	4.22881299112
3910.0	58.0	1.77443133925	6.64381150442
3910.0	59.0	2.56072898881	5.90062488812
3910.0	61.0	6.93461489705	3.5794196761
3910.0	62.0	7.22589860877	3.1662995628
3910.0	63.0	11.6406147483	1.18685518397
3920.0	54.0	0.786087184451	4.44050423347
3920.0	57.0	13.7252716591	4.17988773218
3920.0	58.0	1.2724720528	6.52925480056
3920.0	59.0	2.06950342295	5.85002901058
3920.0	61.0	7.38437883632	3.64505112102
3920.0	62.0	7.65861487416	3.23240832732
3920.0	63.0	11.5385391701	0.897599506722
3930.0	54.0	0.332113942989	4.3280954678
3930.0	57.0	14.2259681549	4.03167999656
3930.0	58.0	0.770723231449	6.4144594369
3930.0	59.0	1.57848832219	5.79943313304
3930.0	61.0	7.88549626234	3.66891710099
3930.0	62.0	8.1426846263	3.2457732761
3930.0	63.0	11.4364635919	0.60810516967
3940.0	54.0	-0.121648833364	4.21592536194
3940.0	57.0	14.7266646507	3.88347226094
3940.0	58.0	0.268763944992	6.29966407324
3940.0	59.0	1.0824220588	5.68869498597
3940.0	61.0	8.39250671143	3.68848720457
3940.0	62.0	8.63980321524	3.2457732761
3940.0	63.0	11.3316519673	0.348920627181
3950.0	57.0	15.2275716116	3.73550318511
3950.0	59.0	0.586355795417	5.5777181791
3950.0	61.0	8.89930669541	3.70805730815
3950.0	62.0	9.13692180417	3.2457732761
3950.0	63.0	11.2203159244	0.159424746209
3960.0	59.0	0.0902895320294	5.46698003204
3960.0	61.0	9.40610667938	3.72738875192
3960.0	62.0	9.633829928	3.2457732761
3960.0	63.0	11.1087694163	-0.0300711347639
3970.0	61.0	9.91290666336	3.7469588555
3970.0	62.0	10.1303171216	3.2483985339
3970.0	63.0	10.9974333733	-0.219805675536
3980.0	61.0	10.4342287399	3.75769854649
3980.0	62.0	10.6215426875	3.27488977167
3990.0	61.0	10.9557612816	3.76867689728
3990.0	62.0	11.1125577882	3.30138100944
4000.0	61.0	11.4770833581	3.77941658826
4000.0	62.0	11.603572889	3.3278722472
4010.0	61.0	11.9984054346	3.79039493905
4010.0	62.0	12.1030065941	3.34123719599
4010.0	66.0	13.3811612049	12.2842972109
4020.0	61.0	12.5134135579	3.81068102202
4020.0	62.0	12.6108589037	3.34123719599
4020.0	66.0	13.3958937626	12.0678327725
4030.0	61.0	13.0237914487	3.83717225979
4030.0	62.0	13.1187112132	3.34123719599
4030.0	66.0	13.4106263202	11.8513683342
4040.0	61.0	13.5343798047	3.86366349756
4040.0	62.0	13.6263530576	3.34123719599
4040.0	66.0	13.4251484128	11.6349038958
4050.0	61.0	14.0449681606	3.89015473533
4050.0	62.0	14.1342053671	3.34123719599
4050.0	66.0	13.4398809705	11.4184394575
4060.0	61.0	14.5555565166	3.9166459731
4060.0	62.0	14.6420576766	3.34123719599
4060.0	66.0	13.4706088765	11.1661760492
4070.0	61.0	15.0661448725	3.94313721087
4070.0	62.0	15.1499099862	3.34123719599
4070.0	66.0	13.5255402701	10.8599755262
4080.0	66.0	13.5804716637	10.5540136629
4090.0	66.0	13.6354030573	10.2478131399
4100.0	66.0	13.6903344509	9.94185127666
4110.0	66.0	13.7090658457	9.6628579708
4120.0	66.0	13.7189577058	9.39102445892
4130.0	66.0	13.7286391009	9.11895228725
4140.0	66.0	13.738530961	8.84711877538
4150.0	66.0	13.7412670075	8.56788680971
4160.0	66.0	13.7370577053	8.28149505006
4170.0	66.0	13.7328484031	7.9951032904
4180.0	66.0	13.7286391009	7.70871153074
4190.0	66.0	13.7244297987	7.42231977109
4200.0	66.0	13.6583437543	7.12566564004
4210.0	66.0	13.5305914327	6.81874913761
4220.0	66.0	13.4028391112	6.51207129498
4230.0	66.0	13.1435460961	6.22711149412
4240.0	66.0	12.8278484317	5.95169808525
4250.0	66.0	12.5009961164	5.69394550156
4260.0	66.0	12.0733310137	5.59394704548
4270.0	66.0	11.6454554458	5.4937099296
4280.0	66.0	11.217790343	5.39371147352
4290.0	66.0	10.7785496593	5.40922436051
4300.0	66.0	10.3393089755	5.42473724749
4310.0	66.0	9.90006829168	5.44048879427
4310.0	67.0	15.159170451	6.89941614992
4320.0	66.0	9.46082760789	5.45600168125
4320.0	67.0	14.7190879068	6.81254398282
4330.0	66.0	9.02705901695	5.4987217854
4330.0	67.0	14.2790053625	6.72591047552
4340.0	66.0	8.60107763507	5.5817753957
4340.0	67.0	13.8391332834	6.63903830843
4350.0	66.0	8.17530671829	5.6650676658
4350.0	67.0	13.4032600414	6.51445789298
4360.0	66.0	7.74953580152	5.7483599359
4360.0	67.0	12.9739112178	6.3330764452
4360.0	69.0	0.638340677494	2.78444388326
4370.0	66.0	7.32776372183	5.8309362266
4370.0	67.0	12.5445623941	6.15169499741
4370.0	69.0	1.41011623449	2.81618563662
4380.0	66.0	6.94282303633	5.90659138311
4380.0	67.0	12.070174037	6.05002592274
4380.0	69.0	2.18189179149	2.84792738998
4390.0	66.0	6.55788235082	5.98224653962
4390.0	67.0	11.5907345173	5.95718726065
4390.0	69.0	2.92378130292	2.88682893733
4400.0	66.0	6.17273120021	6.05790169613
4400.0	67.0	11.1112949976	5.86434859856
4400.0	69.0	3.636205699	2.93265161888
4410.0	66.0	5.7877905147	6.13355685264
4410.0	67.0	10.6356438498	5.81518467982
4410.0	69.0	4.34863009508	2.97871296022
4420.0	66.0	5.39885099211	6.16983314219
4420.0	67.0	10.1688322367	5.86721251616
4420.0	69.0	5.07683937439	2.98324749642
4430.0	66.0	5.00991146953	6.20610943175
4430.0	67.0	9.70181015841	5.91947901229
4430.0	69.0	5.80694283968	2.98324749642
4440.0	66.0	4.62118241205	6.2426243811
4440.0	67.0	9.23436714993	5.97890530242
4440.0	69.0	6.53683583986	2.98324749642
4450.0	66.0	4.23224288946	6.27890067066
4450.0	67.0	8.76250437415	6.10229241887
4450.0	69.0	7.31092651306	2.9999536824
4460.0	66.0	3.85572080834	6.29894809384
4460.0	67.0	8.29085206348	6.22567953533
4460.0	69.0	8.10353811591	3.02381966237
4470.0	66.0	3.49793012198	6.29512953704
4470.0	67.0	7.82109393879	6.32734861
4470.0	69.0	8.89636018387	3.04768564234
4480.0	66.0	3.14013943561	6.29107232045
4480.0	67.0	7.35891255806	6.34142953819
4480.0	69.0	9.71359620455	3.06606244692
4490.0	66.0	2.78234874925	6.28701510385
4490.0	67.0	6.89673117732	6.35527180657
4490.0	69.0	10.5415659458	3.0818139937
4500.0	66.0	2.42455806289	6.28319654706
4500.0	67.0	6.43454979658	6.36935273475
4500.0	69.0	11.369325222	3.09780420028
4510.0	66.0	2.06676737652	6.27913933046
4510.0	67.0	5.97215795073	6.38343366294
4510.0	69.0	12.1859298473	3.11856760286
4520.0	66.0	1.72328831761	6.30109603203
4520.0	67.0	5.51102889554	6.40013984892
4520.0	69.0	12.9976937751	3.14124028383
4530.0	66.0	1.401487165	6.36195428096
4530.0	67.0	5.05937077029	6.44095067467
4530.0	69.0	13.809457703	3.1639129648
4530.0	71.0	0.170055808577	5.57366096251
4540.0	66.0	1.07947554727	6.42281252989
4540.0	67.0	4.60771264503	6.48176150042
4540.0	69.0	14.6212216308	3.18658564577
4540.0	71.0	0.608665097037	5.22569497453
4550.0	66.0	0.757674394652	6.48367077882
4550.0	67.0	4.15584405467	6.52233366637
4550.0	69.0	15.4331960237	3.20949698655
4550.0	71.0	1.04706392039	4.87749032674
4560.0	66.0	0.435873242034	6.54452902774
4560.0	67.0	3.70418592941	6.56314449212
4560.0	71.0	1.47872786023	4.55052640114
4570.0	66.0	0.113861624307	6.60514861687
4570.0	67.0	3.29020105878	6.55932593532
4570.0	71.0	1.90744528854	4.23215422832
4580.0	67.0	2.87621618814	6.55526871873
4580.0	71.0	2.33616271684	3.9140207153
4590.0	67.0	2.4620208524	6.55145016193
4590.0	71.0	2.70300340292	3.63455008984
4600.0	67.0	2.04803598177	6.54739294534
4600.0	71.0	3.069844089	3.35484080457
4610.0	67.0	1.63405111113	6.54357438854
4610.0	71.0	3.43668477508	3.07537017911
4620.0	67.0	1.2200662405	6.53975583175
4620.0	71.0	3.80331499604	2.79566089384
4630.0	67.0	0.799767416577	6.60180737967
4640.0	67.0	0.378837197326	6.67149604119
4650.0	67.0	-0.0420930219251	6.74118470271
4750.0	73.0	14.7205611625	4.65171815621
4750.0	74.0	15.0482553382	5.17891765378
4760.0	73.0	14.1074762982	4.59992897968
4760.0	74.0	14.5023088439	5.20875012875
4770.0	73.0	13.5091239915	4.54098000915
4770.0	74.0	13.9565728146	5.23858260371
4780.0	73.0	12.9688600551	4.45339186265
4780.0	74.0	13.4106263202	5.26841507867
4790.0	73.0	12.4285961187	4.36580371616
4790.0	74.0	12.8316368036	5.29944085264
4800.0	73.0	11.882018229	4.32117433361
4800.0	74.0	12.2446496129	5.3309439462
4810.0	73.0	11.3089217355	4.44694804806
4810.0	74.0	11.657451957	5.36220837996
4820.0	73.0	10.7360357071	4.57296042231
4820.0	74.0	11.0704647663	5.39371147352
4820.0	75.0	15.2713483544	4.35315474677
4830.0	73.0	10.1631496787	4.69897279656
4830.0	74.0	10.5074705981	5.39967796852
4830.0	75.0	14.5557669817	4.44861866666
4840.0	73.0	9.59931365002	4.70995114734
4840.0	74.0	9.94447642981	5.40564446351
4840.0	75.0	13.840185609	4.54408258654
4850.0	73.0	9.04158110951	4.64431970242
4850.0	74.0	9.38148226156	5.4116109585
4850.0	75.0	13.1302867942	4.64360372302
4860.0	73.0	8.48384856901	4.5786882575
4860.0	74.0	8.81848809331	5.4175774535
4860.0	75.0	12.4706891406	4.77868516966
4870.0	73.0	7.9261160285	4.51305681258
4870.0	74.0	8.26664857587	5.40707642231
4870.0	75.0	11.8113019522	4.9140052761
4880.0	73.0	7.38732534786	4.4111490781
4880.0	74.0	7.71480905843	5.39633673132
4880.0	75.0	11.1552822055	5.04693878454
4890.0	73.0	6.86116257379	4.28537536365
4890.0	74.0	7.16275907589	5.38583570013
4890.0	75.0	10.530411295	5.15887023061
4900.0	73.0	6.33499979973	4.15936298941
4900.0	74.0	6.61091955845	5.37509600915
4900.0	75.0	9.90575084964	5.27056301687
4910.0	73.0	5.80883702566	4.03335061516
4910.0	74.0	6.04182190202	5.34717281258
4910.0	75.0	9.28087993916	5.38249446294
4920.0	73.0	5.25489285713	3.98299339742
4920.0	74.0	5.4554661066	5.30158879083
4920.0	75.0	8.68252763249	5.498005806
4930.0	73.0	4.70115915371	3.93287483948
4930.0	74.0	4.8693207763	5.25624342889
4930.0	75.0	8.08733230247	5.61399446866
4940.0	73.0	4.14721498517	3.88251762174
4940.0	74.0	4.28296498088	5.21065940714
4940.0	75.0	7.49192650734	5.72998313132
4950.0	73.0	3.59811151416	3.8281031874
4950.0	74.0	3.72102313818	5.15433569441
4950.0	75.0	6.89483699133	5.83738004119
4960.0	73.0	3.06710804257	3.75698256709
4960.0	74.0	3.21590687508	5.07247538311
4960.0	75.0	6.29522189401	5.93212798168
4970.0	73.0	2.5363150361	3.68562328697
4970.0	74.0	2.71079061198	4.99061507181
4970.0	75.0	5.69560679669	6.02687592216
4980.0	73.0	2.00531156451	3.61450266666
4980.0	74.0	2.20567434888	4.90899342031
4980.0	75.0	5.09578123425	6.12186252245
4990.0	73.0	1.47451855804	3.54314338655
4990.0	74.0	1.69508599292	4.86675063576
4990.0	75.0	4.49616613693	6.21661046294
5000.0	73.0	0.943725551561	3.47202276623
5000.0	74.0	1.18323484631	4.8345315628
5000.0	75.0	3.89655103961	6.31135840342
5010.0	73.0	0.412722079976	3.40066348612
5010.0	74.0	0.671173234596	4.80231248983
5010.0	75.0	3.29672547717	6.40610634391
5020.0	73.0	-0.1180709265	3.3295428658
5020.0	74.0	0.159322087987	4.76985475707
5020.0	75.0	2.70300340292	6.51278727438
5030.0	75.0	2.16168714096	6.72400119713
5030.0	77.0	14.9165041796	7.48460997881
5040.0	75.0	1.62058134412	6.93545377967
5040.0	77.0	14.587126283	7.1628965688
5040.0	78.0	15.1440169631	7.37029193475
5050.0	75.0	1.07947554727	7.14690636222
5050.0	77.0	14.2695344326	6.85454810757
5050.0	78.0	14.9047181335	7.02304192617
5060.0	75.0	0.694534861764	7.4163532761
5060.0	77.0	14.059069323	6.6652908864
5060.0	78.0	14.6656297689	6.67603057738
5060.0	79.0	0.182683715155	3.93024958168
5070.0	75.0	0.413984870633	7.72470173733
5070.0	77.0	13.8486042134	6.47579500542
5070.0	78.0	14.4324344275	6.34453211558
5070.0	79.0	0.671173234596	4.00685937739
5080.0	75.0	0.133224414393	8.03281153876
5080.0	77.0	13.6452949175	6.29178829985
5080.0	78.0	14.2084995508	6.03666097395
5080.0	79.0	1.15987321915	4.0837078329
5090.0	77.0	13.4710298067	6.12806767724
5090.0	78.0	13.9843542091	5.72855117252
5090.0	79.0	1.64268018063	4.15029391702
5090.0	80.0	0.00294651153476	3.85602638397
5090.0	81.0	15.1680099856	6.98676563661
5100.0	77.0	13.2965542308	5.96434705464
5100.0	78.0	13.7418984028	5.46196817624
5100.0	79.0	2.07413365536	4.12642793705
5100.0	80.0	0.521743006762	3.94122793247
5100.0	81.0	14.8390530193	6.92710068668
5110.0	77.0	13.12228912	5.80086509184
5110.0	78.0	13.456297249	5.29132641945
5110.0	79.0	2.50558713009	4.10256195707
5110.0	80.0	1.04032903688	4.02642948097
5110.0	81.0	14.510306518	6.86743573675
5120.0	77.0	12.9025635456	5.73356302832
5120.0	78.0	13.1706960953	5.12092332245
5120.0	79.0	2.93704060482	4.0786959771
5120.0	80.0	1.558915067	4.11186968926
5120.0	81.0	14.1813495517	6.80777078683
5130.0	77.0	12.6636856462	5.70778776995
5130.0	78.0	12.8728879651	5.02235682517
5130.0	79.0	3.37186152131	4.05005680114
5130.0	80.0	2.05035109797	4.163420206
5130.0	81.0	13.9056402581	6.7438099605
5130.0	83.0	0.147325576738	6.73020635192
5140.0	77.0	12.4248077467	5.68201251158
5140.0	78.0	12.5630833238	4.9958655874
5140.0	79.0	3.83677894847	3.97774288182
5140.0	80.0	2.53505224544	4.20685628955
5140.0	81.0	13.6831786372	6.67555325778
5140.0	83.0	0.491015100756	6.45169036565
5150.0	77.0	12.1859298473	5.65623725321
5150.0	78.0	12.2530682173	4.96937434963
5150.0	79.0	4.30190684075	3.90566762231
5150.0	80.0	3.01975339291	4.2502923731
5150.0	81.0	13.4607170163	6.60753521487
5150.0	83.0	0.834915089884	6.17341303919
5160.0	77.0	11.9022228795	5.63022333504
5160.0	78.0	11.9432635759	4.94288311187
5160.0	79.0	4.76682426791	3.8335923628
5160.0	80.0	3.50024523818	4.27773825006
5160.0	81.0	13.2382553954	6.53927851215
5160.0	83.0	1.1786046139	5.89489705292
5170.0	77.0	11.6185159118	5.60444807667
5170.0	78.0	11.6071507958	4.94622434906
5170.0	79.0	5.23174169507	3.76127844348
5170.0	80.0	3.97631731616	4.28895526065
5170.0	81.0	12.9410786607	6.39178675593
5170.0	83.0	1.57469995022	5.78964808125
5180.0	77.0	11.3350194091	5.5784341585
5180.0	78.0	11.2680915042	4.95290682345
5180.0	79.0	5.69244982004	3.69158978197
5180.0	80.0	4.45238939413	4.30041093104
5180.0	81.0	12.6439019259	6.2445336595
5180.0	83.0	1.97100575164	5.68439910957
5190.0	77.0	11.0513124413	5.55242024033
5190.0	78.0	10.9290322126	4.95958929785
5190.0	79.0	6.15231608457	3.62261709985
5190.0	80.0	4.9284614721	4.31186660142
5190.0	81.0	12.3469356562	6.09704190328
5190.0	83.0	2.36710108796	5.5789114781
5200.0	77.0	10.7831798917	5.55838673533
5200.0	78.0	10.620700827	4.96197589584
5200.0	79.0	6.611971884	3.55340575793
5200.0	80.0	5.39674634102	4.26795319828
5200.0	81.0	12.0487065958	5.98725839541
5200.0	83.0	2.80592084153	5.44263673247
5210.0	77.0	10.5381985041	5.61184653046
5210.0	78.0	10.3839275787	4.95433878225
5210.0	79.0	7.07162768342	3.48443307582
5210.0	80.0	5.84693121051	4.09564082288
5210.0	81.0	11.7500566053	5.90253416651
5210.0	83.0	3.27294291979	5.28535992445
5220.0	77.0	10.2934275816	5.6655449854
5220.0	78.0	10.1471543304	4.94694032846
5220.0	79.0	7.54517418008	3.47846658082
5220.0	80.0	6.29690561489	3.92332844749
5220.0	81.0	11.4514066147	5.81780993761
5220.0	83.0	3.74017546316	5.12832177624
5230.0	77.0	10.0486566591	5.71900478053
5230.0	78.0	9.91038108205	4.94503105006
5230.0	79.0	8.01872067673	3.47250008583
5230.0	80.0	6.74709048438	3.7510160721
5230.0	81.0	11.158228717	5.69991199656
5230.0	83.0	4.20719754141	4.97104496823
5240.0	77.0	9.80388573658	5.77270323547
5240.0	78.0	9.67402876394	4.9937176492
5240.0	79.0	8.49226717339	3.46653359084
5240.0	80.0	7.08130907846	3.61354802746
5240.0	81.0	10.8705229122	5.54884034334
5240.0	83.0	4.64264985323	4.80875630443
5250.0	77.0	9.57405783687	5.81852591701
5250.0	78.0	9.43788691094	5.04264290815
5250.0	79.0	8.96581367005	3.46056709585
5250.0	80.0	7.36564744156	3.49087689041
5250.0	81.0	10.5828171073	5.39776869012
5250.0	83.0	5.0465323986	4.64097846523
5260.0	77.0	9.35938342505	5.85671148497
5260.0	78.0	9.20153459283	5.09132950729
5260.0	79.0	9.41915551618	3.47894390042
5260.0	80.0	7.65019626978	3.36844441316
5260.0	81.0	10.3014252557	5.21662590214
5260.0	83.0	5.45041494397	4.47320062603
5270.0	77.0	9.14470901323	5.89489705292
5270.0	78.0	8.96539273983	5.14001610643
5270.0	79.0	9.87249736231	3.497320705
5270.0	80.0	7.93453463288	3.2457732761
5270.0	81.0	10.0261368923	5.00541197939
5270.0	83.0	5.85429748934	4.30566144663
5280.0	77.0	8.93003460141	5.93308262088
5280.0	78.0	8.73114507282	5.19824909756
5280.0	79.0	10.3258392084	3.51569750958
5280.0	80.0	8.24728578579	3.168447501
5280.0	81.0	9.75105899406	4.79419805664
5280.0	83.0	6.27670096436	4.13024649384
5290.0	77.0	8.71536018959	5.97126818883
5290.0	78.0	8.50447414975	5.29466765664
5290.0	79.0	10.7804438452	3.54600730414
5290.0	80.0	8.5602474038	3.09088306609
5290.0	81.0	9.45430318949	4.79014084005
5290.0	83.0	6.70352420668	3.95292226265
5290.0	86.0	0.414195335743	3.61235472846
5300.0	77.0	8.50279042887	6.07174396451
5300.0	78.0	8.27780322668	5.39084755593
5300.0	79.0	11.2480973188	3.68395266838
5300.0	80.0	8.8729985567	3.01355729098
5300.0	81.0	9.15523226871	4.80899496423
5300.0	83.0	7.13055791411	3.77559803147
5300.0	86.0	0.947934853753	3.62929957424
5310.0	77.0	8.29232531925	6.23450994791
5310.0	78.0	8.05113230361	5.48726611501
5310.0	79.0	11.7159612575	3.82165937281
5310.0	80.0	9.23142063839	2.94697120686
5310.0	81.0	8.85616134793	4.8278490884
5310.0	83.0	7.55738115643	3.61378668726
5310.0	86.0	1.48146390665	3.64648307982
5320.0	77.0	8.08186020962	6.39727593132
5320.0	78.0	7.82446138055	5.5836846741
5320.0	79.0	12.1836147311	3.95960473705
5320.0	80.0	9.69591713534	2.90592172131
5320.0	81.0	8.55477531095	4.83715682059
5320.0	83.0	7.98420439875	3.48777431301
5320.0	86.0	1.95732551952	3.61569596566
5320.0	89.0	14.9202925516	6.82376099341
5330.0	77.0	7.87139509999	6.55980325492
5330.0	78.0	7.59779045748	5.68010323318
5330.0	79.0	12.6512682047	4.09755010128
5330.0	80.0	10.1604136323	2.86463357596
5330.0	81.0	8.23360555366	4.76197898368
5330.0	83.0	8.41102764107	3.36176193876
5330.0	86.0	2.40835224944	3.56462276852
5330.0	89.0	14.3852902429	6.69440738196
5340.0	77.0	7.66050906015	6.71326150614
5340.0	78.0	7.35533465119	5.75957694648
5340.0	79.0	13.0477844712	4.2438485585
5340.0	80.0	10.6463775704	2.8283572864
5340.0	81.0	7.91243579637	4.68656248697
5340.0	83.0	8.8378508834	3.23574956451
5340.0	86.0	2.85937897937	3.51331091158
5340.0	89.0	13.8502879342	6.56505377052
5350.0	77.0	7.44478232278	6.78318882746
5350.0	78.0	7.11308931001	5.83928931959
5350.0	79.0	13.3971565532	4.39563619112
5350.0	80.0	11.1649636005	2.79924079084
5350.0	81.0	7.59105557397	4.61114599026
5350.0	83.0	9.30676714764	3.19804131616
5350.0	86.0	3.32913710406	3.46915884863
5350.0	89.0	13.2765600454	6.40037850872
5360.0	77.0	7.22926605053	6.85311614877
5360.0	78.0	6.87063350373	5.91876303289
5360.0	79.0	13.7463181701	4.54766248354
5360.0	80.0	11.6833391655	2.77012429527
5360.0	81.0	7.26315093318	4.56532330872
5360.0	83.0	9.79378341131	3.19804131616
5360.0	86.0	3.80121034495	3.42596142489
5360.0	89.0	12.6929402964	6.22687283432
5370.0	77.0	7.01353931316	6.92280481029
5370.0	78.0	6.63596490649	6.00515788039
5370.0	79.0	14.095479787	4.69945011616
5370.0	80.0	12.2019251956	2.74100779971
5370.0	81.0	6.91925094405	4.58871196909
5370.0	83.0	10.2810101401	3.19804131616
5370.0	86.0	4.27307312073	3.38252534134
5370.0	89.0	12.1156345007	6.09322334648
5380.0	77.0	6.7980230409	6.9927321316
5380.0	78.0	6.4044532859	6.09465530528
5380.0	79.0	14.4442204736	4.8280877482
5380.0	80.0	12.7268251791	2.71260728354
5380.0	81.0	6.57514048981	4.61186196966
5380.0	83.0	10.7547671019	3.20567842975
5380.0	86.0	4.69189868888	3.30376760743
5380.0	89.0	11.542117077	5.98630375621
5390.0	77.0	6.52736490993	7.02686048296
5390.0	78.0	6.17294166532	6.18415273017
5390.0	79.0	14.7914879045	4.86388671816
5390.0	80.0	13.2675100457	2.68540006638
5390.0	81.0	6.23124050068	4.63525063003
5390.0	83.0	11.1756973211	3.2443413173
5390.0	86.0	5.07515565351	3.20138255336
5390.0	89.0	10.9688101184	5.87914550614
5400.0	77.0	6.25691724406	7.06098883432
5400.0	78.0	5.94143004473	6.27365015507
5400.0	79.0	15.1387553354	4.89968568812
5400.0	80.0	13.8079844472	2.65843150901
5400.0	81.0	5.88544632557	4.661503208
5400.0	83.0	11.5966275404	3.28276554506
5400.0	86.0	5.45862308325	3.09923615908
5400.0	89.0	10.3929775784	5.93881045607
5410.0	77.0	5.98625911308	7.09511718568
5410.0	78.0	5.73433237686	6.34787335278
5410.0	80.0	14.3484588487	2.63122429184
5410.0	81.0	5.5318649414	4.69968877596
5410.0	83.0	12.0175577596	3.31641657682
5410.0	86.0	5.86755679125	3.12906863404
5410.0	89.0	9.81588224783	6.06959602631
5410.0	94.0	14.9196611562	3.3309748246
5420.0	77.0	5.75601028315	7.12948419684
5420.0	78.0	5.53754749936	6.4151754163
5420.0	80.0	14.8889332502	2.60401707467
5420.0	81.0	5.17828355723	4.73787434391
5420.0	83.0	12.4384879789	3.30734750443
5420.0	86.0	6.28301491765	3.19183616137
5420.0	89.0	9.23878691723	6.20062025636
5420.0	94.0	14.4762111703	3.46748823004
5430.0	77.0	5.56596028916	7.1645671874
5430.0	78.0	5.34076262186	6.48271613962
5430.0	81.0	4.82470217306	4.77605991187
5430.0	83.0	12.8594181981	3.29803977224
5430.0	86.0	6.69826257894	3.25460368869
5430.0	89.0	8.67958112096	6.3292578884
5430.0	94.0	14.0327611843	3.60376297567
5430.0	97.0	0.315697664438	3.5798969957
5440.0	77.0	5.37612076027	7.19941151816
5440.0	78.0	5.14397774436	6.55025686294
5440.0	81.0	4.47112078888	4.81424547982
5440.0	83.0	13.2917135333	3.3319294638
5440.0	86.0	7.11372070534	3.31737121602
5440.0	89.0	8.13237183593	6.45646356165
5440.0	94.0	13.6042542211	3.73621916451
5440.0	97.0	0.806712765195	3.55340575793
5450.0	77.0	5.18607076628	7.23425584891
5450.0	78.0	4.94403589021	6.61254707066
5450.0	81.0	4.09565103331	4.84121403719
5450.0	83.0	13.7351635193	3.40853925951
5450.0	86.0	7.52265441335	3.27656039027
5450.0	89.0	7.5851625509	6.58390789469
5450.0	94.0	13.210474001	3.85936762117
5450.0	97.0	1.29793833106	3.52691452017
5460.0	77.0	4.97118588935	7.27912389126
5460.0	78.0	4.71441845561	6.62877593704
5460.0	81.0	3.63262779214	4.82331455221
5460.0	83.0	14.1786135053	3.48538771502
5460.0	86.0	7.93158812135	3.23551090472
5460.0	89.0	7.07688931116	6.73617284691
5460.0	94.0	12.8166937809	3.98251607782
5460.0	97.0	1.78895343182	3.5004232824
5470.0	77.0	4.7186277578	7.33878884119
5470.0	78.0	4.48480102101	6.64500480342
5470.0	81.0	3.16960455096	4.80541506723
5470.0	83.0	14.623536747	3.54767792274
5470.0	86.0	8.34052182935	3.19470007896
5470.0	89.0	6.5945032799	6.90514398511
5470.0	94.0	12.4197565841	4.09874340028
5470.0	97.0	2.27302318396	3.47918256022
5480.0	77.0	4.46606962625	7.39845379112
5480.0	78.0	4.25518358641	6.6612336698
5480.0	81.0	2.70658130978	4.78751558225
5480.0	83.0	15.0693018492	3.60376297567
5480.0	86.0	8.78376135022	3.161287707
5480.0	89.0	6.11043352776	7.07435378311
5480.0	94.0	12.0110333412	4.18752484577
5480.0	97.0	2.74656968061	3.46581761144
5490.0	77.0	4.2135114947	7.45811874105
5490.0	78.0	4.02556615181	6.67770119598
5490.0	81.0	2.25197667299	4.7500459937
5490.0	86.0	9.26151714907	3.13551244864
5490.0	89.0	5.619418427	7.2433249213
5490.0	94.0	11.6020996332	4.27606763147
5490.0	97.0	3.22011617727	3.45269132245
5500.0	77.0	3.93569755	7.50990791758
5500.0	78.0	3.76669406697	6.70013521716
5500.0	81.0	1.83104645374	4.63429599084
5500.0	86.0	9.73948341303	3.10973719027
5500.0	89.0	5.12840332625	7.4122960595
5500.0	94.0	11.1931659252	4.36484907696
5500.0	97.0	3.69366267393	3.43932637367
5510.0	77.0	3.61999988556	7.54952544434
5510.0	78.0	3.49540454066	6.72519449613
5510.0	81.0	1.41011623449	4.51854598797
5510.0	86.0	10.2172392119	3.0839619319
5510.0	89.0	4.69989636305	7.46098265864
5510.0	94.0	10.7833903568	4.48131505922
5510.0	97.0	4.17520684475	3.47273874563
5520.0	77.0	3.30430222112	7.58938163089
5520.0	78.0	3.22390454924	6.7502537751
5520.0	81.0	0.98918601524	4.40279598511
5520.0	86.0	10.7042554756	3.08825780829
5520.0	89.0	4.28696381796	7.47912080342
5520.0	94.0	10.3731938581	4.60971403147
5520.0	97.0	4.65864520156	3.51808410758
5530.0	77.0	2.98860455668	7.62923781744
5530.0	78.0	2.95261502294	6.77531305407
5530.0	81.0	0.586355795417	4.25840680629
5530.0	86.0	11.1935868554	3.10019079828
5530.0	89.0	3.88960569099	7.4924857522
5530.0	94.0	9.96299735945	4.73835166351
5530.0	97.0	5.14208355837	3.56319080972
5540.0	77.0	2.676274334	7.6609795708
5540.0	78.0	2.6413371258	6.78987130185
5540.0	81.0	0.18541976158	4.11067639026
5540.0	86.0	11.6829182353	3.11212378826
5540.0	89.0	3.55412430625	7.48508729841
5540.0	94.0	9.5530113259	4.86675063576
5540.0	97.0	5.63499284511	3.60829751187
5550.0	77.0	2.376782483	7.6609795708
5550.0	78.0	2.32563946136	6.80323625063
5550.0	86.0	12.1722496152	3.12405677825
5550.0	89.0	3.21885338661	7.47745018482
5550.0	94.0	9.13923692038	5.0777258987
5550.0	97.0	6.21208817571	3.65459751301
5560.0	77.0	2.07750109711	7.6609795708
5560.0	78.0	2.00994179692	6.81636253962
5560.0	86.0	12.6630542508	3.13694440743
5560.0	89.0	2.88337200187	7.47005173103
5560.0	94.0	8.72483111953	5.30898724463
5560.0	97.0	6.7891835063	3.70065885436
5570.0	77.0	1.77821971123	7.6609795708
5570.0	78.0	1.71192320169	6.83784192159
5570.0	86.0	13.1540693516	3.15030935622
5570.0	89.0	2.61271387089	7.50418008239
5570.0	94.0	8.31021485356	5.54048725035
5570.0	97.0	7.36627883689	3.7469588555
5580.0	77.0	1.47893832534	7.6609795708
5580.0	78.0	1.45536623306	6.87865274734
5580.0	86.0	13.6450844524	3.163674305
5580.0	89.0	2.34226620502	7.53830843375
5580.0	94.0	7.85308463546	5.69728673876
5580.0	97.0	7.85097998436	3.76867689728
5590.0	77.0	1.21501507787	7.63830688983
5590.0	78.0	1.19859879932	6.91946357309
5590.0	86.0	14.1363100182	3.17680059399
5590.0	89.0	2.07202900426	7.56981152731
5590.0	94.0	7.35301953499	5.77938570986
5590.0	97.0	8.33568113183	3.79039493905
5600.0	77.0	0.966245318291	7.60561049727
5600.0	78.0	0.942041830684	6.96003573904
5600.0	86.0	14.627325119	3.19016554277
5600.0	89.0	1.80431738482	7.59152956909
5600.0	94.0	6.85316489963	5.86124602116
5600.0	97.0	8.8203822793	3.81211298082
5610.0	77.0	0.717475558713	7.57315276451
5610.0	78.0	0.676434862336	6.98127646122
5610.0	86.0	15.1183402197	3.20329183175
5610.0	89.0	1.53639530027	7.61324761086
5610.0	94.0	6.35246840383	5.94859550786
5610.0	97.0	9.33770551876	3.81855679542
5620.0	77.0	0.468705799136	7.54045637195
5620.0	78.0	0.375890685791	6.92447542889
5620.0	89.0	1.26847321571	7.63496565263
5620.0	94.0	5.84966725693	6.04811664434
5620.0	97.0	9.86870899034	3.81855679542
5630.0	77.0	0.219936039559	7.50799863919
5630.0	78.0	0.0751360441363	6.86767439655
5630.0	89.0	1.00644415423	7.88436514333
5630.0	94.0	5.34707657515	6.14739912102
5630.0	97.0	10.399922927	3.81855679542
5640.0	89.0	0.744836022965	8.1593012326
5640.0	94.0	4.84427542825	6.2469202575
5640.0	97.0	10.9311368637	3.81855679542
5650.0	89.0	0.48343835681	8.43399866207
5650.0	94.0	4.35368125771	6.27675273246
5650.0	97.0	11.4619298702	3.80065731044
5660.0	89.0	0.270658130978	8.95308372645
5660.0	94.0	3.86855918003	6.27675273246
5660.0	97.0	11.9925124116	3.76461968068
5670.0	89.0	0.0902895320294	9.63493477423
5670.0	94.0	3.38322663723	6.27675273246
5670.0	97.0	12.5228844878	3.72858205092
5680.0	94.0	2.89747316421	6.28462850585
5680.0	97.0	13.0534670292	3.69278308097
5690.0	94.0	2.40624759835	6.36434087896
5690.0	97.0	13.5838391055	3.65674545121
5700.0	94.0	1.91523249759	6.44381459226
5700.0	97.0	14.1144216468	3.62070782145
5710.0	94.0	1.44168600093	6.52853882116
5710.0	97.0	14.6450041882	3.5849088515
5720.0	94.0	1.1259883365	6.6605176904
5720.0	97.0	15.1753762644	3.54887122174
5730.0	94.0	0.810290672058	6.79249655964
5740.0	94.0	0.49459300762	6.92423676909
5750.0	94.0	0.178895343182	7.05621563833
5920.0	101.0	14.562080935	3.95411556165
5930.0	101.0	13.8425007252	3.93860267467
5940.0	101.0	13.1229205154	3.92332844749
5950.0	101.0	12.4163891424	3.86628875536
5960.0	101.0	11.7296414896	3.7469588555
5970.0	101.0	11.0426833718	3.62762895564
5980.0	101.0	10.3559357191	3.50829905579
5990.0	101.0	9.6447741137	3.43264389928
6000.0	101.0	8.91740669483	3.38586657853
6010.0	101.0	8.18982881086	3.33908925779
6020.0	101.0	7.46246139199	3.29255059685
6030.0	101.0	6.73488350802	3.2457732761
6040.0	101.0	6.06223701765	3.27679905007
6050.0	101.0	5.3898009924	3.30806348383
6060.0	101.0	4.71715450204	3.33908925779
6070.0	101.0	4.04450801167	3.37035369155
6070.0	103.0	0.131540693516	7.06003419512
6080.0	101.0	3.36091733561	3.38705987753
6080.0	103.0	0.499854635361	6.86409449956
6090.0	101.0	2.660910381	3.38204802174
6090.0	103.0	0.868168577205	6.66791614419
6100.0	101.0	1.96069296127	3.37727482575
6100.0	103.0	1.24953135585	6.46839655163
6110.0	101.0	1.26068600666	3.37250162975
6110.0	103.0	1.74875459588	6.23641922631
6120.0	101.0	0.560468586933	3.36748977396
6120.0	103.0	2.2477673708	6.00468056079
6130.0	101.0	-0.139538367682	3.36271657796
6130.0	103.0	2.74678014572	5.77294189527
6130.0	105.0	15.153487893	4.06270577052
6140.0	103.0	3.24558245554	5.65361199541
6140.0	105.0	14.5220925642	4.15458979341
6140.0	106.0	14.7845425559	3.21403152274
6150.0	103.0	3.74396383513	5.60969859226
6150.0	105.0	13.8906972353	4.2462351565
6150.0	106.0	14.1249449023	3.25364904949
6160.0	103.0	4.24255567983	5.56578518912
6160.0	105.0	13.2616170226	4.31592381802
6160.0	106.0	13.4655577138	3.29350523605
6170.0	103.0	4.74093705942	5.52187178597
6170.0	105.0	12.6411658794	4.29706969384
6170.0	106.0	12.8173251762	3.32405369041
6180.0	103.0	5.22227076514	5.41972539169
6180.0	105.0	12.0209252014	4.27821556966
6180.0	106.0	12.1859298473	3.34075987639
6190.0	103.0	5.69939516866	5.30302074963
6190.0	105.0	11.4004740582	4.25936144549
6190.0	106.0	11.5545345184	3.35722740257
6200.0	103.0	6.17651957218	5.18631610757
6200.0	105.0	10.7720252409	4.24170062031
6200.0	106.0	10.9231391896	3.37393358855
6210.0	103.0	6.65343351059	5.06961146551
6210.0	105.0	10.1309485169	4.22547175393
6210.0	106.0	10.2927961862	3.39016245493
6220.0	103.0	7.15139395997	4.97963672102
6220.0	105.0	9.49008225812	4.20900422775
6220.0	106.0	9.67129271751	3.40137946552
6230.0	103.0	7.69776138455	4.95219084405
6230.0	105.0	8.84900553421	4.19277536137
6230.0	106.0	9.0499997139	3.4128351359
6240.0	103.0	8.24412880914	4.92474496709
6240.0	105.0	8.2081392754	4.17654649499
6240.0	106.0	8.42870671028	3.42429080629
6250.0	103.0	8.79049623373	4.89706043032
6250.0	105.0	7.63420092145	4.27964752846
6250.0	106.0	7.80720324156	3.43550781688
6260.0	103.0	9.33686365832	4.86961455335
6260.0	105.0	7.06005210239	4.38274856194
6260.0	106.0	7.26757070048	3.48133049842
6270.0	103.0	9.87733805984	4.8314289854
6270.0	105.0	6.48611374844	4.48561093561
6270.0	106.0	6.73698815911	3.53121039656
6280.0	103.0	10.3628810677	4.69658619856
6280.0	105.0	5.91217539449	4.58871196909
6280.0	106.0	6.20661608286	3.5808516349
6290.0	103.0	10.8486345408	4.56198207152
6290.0	105.0	5.35107541223	4.68727846637
6290.0	106.0	5.67603354149	3.63049287324
6290.0	108.0	0.222672085984	3.0779954369
6300.0	103.0	11.3343880138	4.42737794448
6300.0	105.0	4.79860449946	4.78274238626
6300.0	106.0	5.13598007019	3.68371400858
6300.0	108.0	0.765882533927	3.07035832331
6310.0	103.0	11.8230879983	4.29850165264
6310.0	105.0	4.2461335867	4.87820630614
6310.0	106.0	4.50984636906	3.76724493848
6310.0	108.0	1.30888251676	3.06248254992
6320.0	103.0	12.3242054243	4.19253670157
6320.0	105.0	3.69366267393	4.97367022603
6320.0	106.0	3.88371266792	3.85077586838
6320.0	108.0	1.8520929647	3.05484543633
6330.0	103.0	12.8253228504	4.08633309069
6330.0	105.0	3.12288129662	4.9970588864
6330.0	106.0	3.25736850167	3.93430679828
6330.0	108.0	2.40624759835	3.08897378769
6340.0	103.0	13.3264402764	3.98036813962
6340.0	105.0	2.54010340807	4.97271558683
6340.0	106.0	2.63502317251	4.00685937739
6340.0	108.0	2.96019176688	3.12310213905
6350.0	103.0	13.8275577024	3.87416452875
6350.0	105.0	1.95732551952	4.94813362746
6350.0	106.0	2.04677319111	3.97965216022
6350.0	108.0	3.51434640053	3.15723049041
6360.0	103.0	14.3286751284	3.76819957768
6360.0	105.0	1.37454763096	4.92379032789
6360.0	106.0	1.4585232097	3.95244494305
6360.0	108.0	4.06850103417	3.19112018197
6370.0	103.0	14.8297925544	3.6619959668
6370.0	105.0	0.811974392935	4.86364805836
6370.0	106.0	0.870062763192	3.92547638569
6370.0	108.0	4.62034055161	3.22644183233
6380.0	105.0	0.258030224401	4.78823156165
6380.0	106.0	0.281812781789	3.89826916852
6380.0	108.0	5.15239634874	3.27154853447
6390.0	108.0	5.68445214588	3.31641657682
6400.0	108.0	6.21671840812	3.36152327896
6410.0	108.0	6.74877420525	3.40662998111
6420.0	108.0	7.28083000239	3.45149802346
6430.0	108.0	7.84214044976	3.47727328182
6440.0	108.0	8.41081717596	3.4982753442
6450.0	108.0	8.97949390217	3.51927740657
6460.0	108.0	9.54817062838	3.54004080915
6470.0	108.0	10.1166368895	3.56104287152
6480.0	108.0	10.6823671042	3.5794196761
6480.0	111.0	14.9430227834	5.27438157367
6490.0	108.0	11.2217891801	3.57440782031
6490.0	111.0	14.4858925653	5.4142362163
6500.0	108.0	11.761000791	3.56939596451
6500.0	111.0	14.0285518821	5.55409085893
6510.0	108.0	12.300422867	3.56438410872
6510.0	111.0	13.5768937568	5.68225117138
6510.0	112.0	14.8771472041	4.44074289327
6520.0	108.0	12.8396344778	3.55961091273
6520.0	111.0	13.1757472579	5.70468519255
6520.0	112.0	14.4490611711	4.62355629985
6530.0	108.0	13.3908425999	3.55603101573
6530.0	111.0	12.7746007589	5.72711921372
6530.0	112.0	14.0211856033	4.80660836623
6530.0	115.0	0.210465109626	6.94500017166
6540.0	108.0	13.9696216514	3.55603101573
6540.0	111.0	12.37345426	5.7495532349
6540.0	112.0	13.5577414319	4.90493620371
6540.0	115.0	0.759568580639	6.92423676909
6550.0	108.0	14.5484007029	3.55603101573
6550.0	111.0	12.1438368254	5.73117643032
6550.0	112.0	13.0412600528	4.87581970815
6550.0	115.0	1.30846158654	6.90347336651
6560.0	108.0	15.1271797543	3.55603101573
6560.0	111.0	11.9333717158	5.70850374935
6560.0	112.0	12.5245682087	4.84694187238
6560.0	115.0	1.82683715155	6.86385583976
6570.0	111.0	11.5404333561	5.69609343976
6570.0	112.0	12.0131379923	4.81734805722
6570.0	115.0	2.33195341465	6.81612387982
6580.0	111.0	11.1020345327	5.68606972817
6580.0	112.0	11.5490624256	4.78059444806
6580.0	115.0	2.83706967775	6.76839191987
6590.0	111.0	10.6646880349	5.69322952216
6590.0	112.0	11.0849868589	4.7438408389
6590.0	115.0	3.29251617498	6.7488218163
6600.0	111.0	10.2292357231	5.72616457452
6600.0	112.0	10.6209112921	4.70708722975
6600.0	115.0	3.72649523103	6.74142336251
6610.0	111.0	9.79378341131	5.75909962689
6610.0	112.0	10.1698845622	4.68393722918
6610.0	115.0	4.16068475219	6.73402490871
6610.0	118.0	0.55646974985	3.83621762059
6620.0	111.0	9.38548109864	5.76435014248
6620.0	112.0	9.77042178415	4.71448568354
6620.0	115.0	4.6112905519	6.72447851673
6620.0	118.0	0.995920898748	3.87130061115
6630.0	111.0	9.00390785489	5.74191612131
6630.0	112.0	9.37116947119	4.7450341379
6630.0	115.0	5.07831263015	6.71278418654
6630.0	118.0	1.43558251276	3.90638360171
6640.0	111.0	8.62254507625	5.71972075993
6640.0	112.0	8.97170669312	4.77558259227
6640.0	115.0	5.54554517352	6.70108985635
6640.0	118.0	1.87776970808	3.93311349928
6650.0	111.0	8.24139276272	5.69943467696
6650.0	112.0	8.56929740351	4.79706197424
6650.0	115.0	6.01256725178	6.68939552617
6650.0	118.0	2.34479178634	3.88657483833
6660.0	111.0	7.86129277473	5.68392178998
6660.0	112.0	8.15931136996	4.79706197424
6660.0	115.0	6.49011258552	6.67984913418
6660.0	118.0	2.81202432971	3.84003617739
6670.0	111.0	7.48098232164	5.66864756279
6670.0	112.0	7.74953580152	4.79706197424
6670.0	115.0	6.98302187227	6.67364397939
6670.0	118.0	3.27904640797	3.79349751645
6680.0	111.0	7.08404512489	5.64812282002
6680.0	112.0	7.33976023308	4.79706197424
6680.0	115.0	7.47593115901	6.66743882459
6680.0	118.0	3.74627895133	3.7469588555
6690.0	111.0	6.61954862794	5.60683467467
6690.0	112.0	6.92009280449	4.80636970643
6690.0	115.0	7.96884044575	6.6612336698
6690.0	118.0	4.17268126344	3.6612799874
6700.0	111.0	6.155052131	5.56578518912
6700.0	112.0	6.49095444596	4.82522383061
6700.0	115.0	8.44764857015	6.59798882288
6700.0	118.0	4.59887311043	3.57560111931
6710.0	111.0	5.70570912195	5.55671611673
6710.0	112.0	6.06181608743	4.84383929498
6710.0	115.0	8.91719622972	6.4970357276
6710.0	118.0	5.02527542253	3.48992225121
6720.0	111.0	5.29214518153	5.62258622145
6720.0	112.0	5.63267772891	4.86269341916
6720.0	115.0	9.3867438893	6.39608263232
6720.0	118.0	5.4575707577	3.4116418369
6730.0	111.0	4.87837077601	5.68821766637
6730.0	112.0	5.20353937038	4.88130888354
6730.0	115.0	9.90343573343	6.34190685779
6730.0	118.0	5.94311376561	3.39947018712
6740.0	111.0	4.46417544027	5.72783519312
6740.0	112.0	4.77945217449	4.88393414134
6740.0	115.0	10.4199171125	6.28749242345
6740.0	118.0	6.42886723862	3.38705987753
6750.0	111.0	4.04892777898	5.72783519312
6750.0	112.0	4.36336265276	4.86221609956
6750.0	115.0	10.9237705849	6.27007025807
6750.0	118.0	6.91462071164	3.37488822775
6760.0	111.0	3.63368011768	5.72783519312
6760.0	112.0	3.94727313103	4.84049805779
6760.0	115.0	11.4246775458	6.26195582488
6760.0	118.0	7.4058462775	3.36152327896
6770.0	111.0	3.21843245639	5.72783519312
6770.0	112.0	3.53097314419	4.81878001601
6770.0	115.0	11.9253740416	6.25360273189
6770.0	118.0	7.91917067988	3.34410111358
6780.0	111.0	2.8031847951	5.71876612073
6780.0	112.0	3.11488362246	4.79706197424
6780.0	115.0	12.4742670475	6.31016510442
6780.0	118.0	8.43249508226	3.32667894821
6790.0	111.0	2.38793713381	5.70587849155
6790.0	112.0	2.68595572904	4.82450785121
6790.0	115.0	13.0284216811	6.37388727095
6790.0	118.0	8.94581948463	3.30925678283
6800.0	111.0	1.97268947252	5.69299086236
6800.0	112.0	2.25681737051	4.85219238797
6800.0	115.0	13.5827867799	6.43737077767
6800.0	118.0	9.45619737547	3.30472224663
6810.0	111.0	1.55744181123	5.68010323318
6810.0	112.0	1.8278894771	4.87963826494
6810.0	115.0	13.9811972324	6.5831919153
6810.0	118.0	9.94026712761	3.4159377133
6820.0	111.0	1.21206856633	5.61280116966
6820.0	112.0	1.39875111857	4.90732280171
6820.0	115.0	14.362349546	6.73784346551
6820.0	118.0	10.4243368798	3.52739183976
6830.0	111.0	0.866695321438	5.54549910614
6830.0	112.0	0.969823225154	4.93476867867
6830.0	115.0	14.7432913944	6.89273367552
6830.0	118.0	10.9071438412	3.63264081144
6840.0	111.0	0.521322076542	5.47819704262
6840.0	112.0	0.631395328877	4.80135785064
6840.0	115.0	15.1244437079	7.04762388554
6840.0	118.0	11.3792170821	3.68323668898
6850.0	111.0	0.175948831647	5.4108949791
6850.0	112.0	0.315697664438	4.62785217624
6850.0	118.0	11.8510798579	3.73383256652
6860.0	118.0	12.3231530988	3.78466710386
6870.0	118.0	12.7752321543	3.72905937052
6880.0	118.0	13.2224705122	3.64696039942
6890.0	118.0	13.6697088702	3.56486142832
6900.0	118.0	14.1560937385	3.52595988097
6910.0	118.0	14.6685762805	3.51545884978
6920.0	118.0	15.1808483573	3.50519647839
6980.0	123.0	-0.0498802309813	4.26675989928
6990.0	123.0	0.495855798278	4.39921608812
7000.0	123.0	1.04138136243	4.53191093676
7010.0	123.0	1.58711739169	4.6643671256
7010.0	124.0	0.403672080262	3.90757690071
7010.0	125.0	0.148798832505	3.28586812245
7020.0	123.0	2.10254644516	4.7493300143
7020.0	124.0	0.907525552705	3.96533257224
7020.0	125.0	0.705058117246	3.31140472102
7030.0	123.0	2.61460805688	4.8288037276
7030.0	124.0	1.41137902515	4.02332690357
7030.0	125.0	1.26131740199	3.33694131959
7040.0	123.0	3.12688013371	4.90851610071
7040.0	124.0	1.91523249759	4.0810825751
7040.0	125.0	1.81757668673	3.36247791816
7050.0	123.0	3.65977779128	4.98393259742
7050.0	124.0	2.42245341179	4.20351505235
7050.0	125.0	2.34668597232	3.47727328182
7060.0	123.0	4.19478009995	5.05887177453
7060.0	124.0	2.9298847911	4.32594752961
7060.0	125.0	2.87284874639	3.60209235708
7070.0	123.0	4.72999287372	5.13381095164
7070.0	124.0	3.43710570529	4.44814134706
7070.0	125.0	3.39901152045	3.72691143233
7080.0	123.0	5.27783355408	5.20087435536
7080.0	124.0	3.94853592168	4.56556196852
7080.0	125.0	3.92517429452	3.85173050758
7090.0	123.0	5.84440562919	5.25600476909
7090.0	124.0	4.4976393927	4.63835320743
7090.0	125.0	4.46817427735	3.93024958168
7100.0	123.0	6.41118816941	5.31113518282
7100.0	124.0	5.0465323986	4.71090578654
7100.0	125.0	5.02780100384	3.96294597424
