0.0	5.0	5.76674400374	7.18365997137
10.0	5.0	5.30245797191	7.23282389012
20.0	5.0	4.83817194007	7.28198780886
30.0	5.0	4.37388590824	7.3311517276
40.0	5.0	3.90412778355	7.28938626265
50.0	5.0	3.4305812869	7.18700120857
60.0	5.0	2.95703479024	7.08485481429
70.0	5.0	2.46496736393	6.98795893561
80.0	5.0	1.96826970522	6.89249501572
90.0	5.0	1.4780964649	6.81540790042
100.0	5.0	1.00307671248	6.78127954906
110.0	5.0	0.52805696005	6.7471511977
120.0	5.0	0.052826742516	6.71326150614
620.0	22.0	14.9034553428	3.83955885779
630.0	22.0	14.3610867553	3.73860576251
640.0	22.0	13.8187181678	3.63765266723
650.0	22.0	13.3032891143	3.52500524177
660.0	22.0	12.7908065724	3.4106871977
670.0	22.0	12.2490693802	3.40806193991
680.0	22.0	11.6877589328	3.47965987982
690.0	22.0	11.1266589506	3.55125781974
700.0	22.0	10.5920775721	3.64075524463
710.0	22.0	10.0755961931	3.74194699971
720.0	22.0	9.55890434897	3.84313875479
730.0	22.0	9.03274157491	3.93478411788
740.0	22.0	8.48447996433	4.00375679999
750.0	22.0	7.93621835376	4.07296814191
760.0	22.0	7.38795674318	4.14194082403
770.0	22.0	6.85063931831	4.17654649499
780.0	22.0	6.32447654425	4.17654649499
790.0	22.0	5.79831377018	4.17654649499
800.0	22.0	5.27215099612	4.17654649499
810.0	22.0	4.74598822206	4.17654649499
820.0	22.0	4.25307893531	4.16007896881
830.0	22.0	3.77427081091	4.13669030843
840.0	22.0	3.29567315163	4.11330164806
850.0	22.0	2.81686502723	4.08991298769
860.0	22.0	2.33826736794	4.06652432732
870.0	22.0	1.82325924469	4.05029546094
880.0	22.0	1.28425809893	4.03860113075
890.0	22.0	0.745256953184	4.02690680057
900.0	22.0	0.206255807433	4.01521247038
910.0	22.0	-0.332534873208	4.00375679999
1530.0	33.0	0.0833441834117	8.76143990728
1540.0	33.0	0.496487193607	8.54927134534
1550.0	33.0	0.909630203802	8.33710278339
1560.0	33.0	1.33119181838	8.18006463518
1570.0	33.0	1.76517087443	8.10560277767
1580.0	33.0	2.19936039559	8.03090226036
1590.0	33.0	2.62660456813	7.96813473303
1600.0	33.0	3.02648827642	7.95214452645
1610.0	33.0	3.4263719847	7.93615431987
1620.0	33.0	3.82899173942	7.90703782431
1630.0	33.0	4.24276614494	7.82470019341
1640.0	33.0	4.65633008536	7.7423625625
1650.0	33.0	5.09704402491	7.67171926179
1650.0	36.0	0.190681389321	6.60037542088
1660.0	33.0	5.60089749735	7.62852183804
1660.0	36.0	0.487858124112	6.81803315821
1670.0	33.0	6.1047509698	7.58508575449
1670.0	36.0	0.784824393794	7.03545223575
1680.0	33.0	6.60860444224	7.54164967095
1680.0	36.0	1.08389531457	7.25048471529
1690.0	33.0	7.11372070534	7.39845379112
1690.0	36.0	1.39959297901	7.44141255507
1700.0	33.0	7.61883696844	7.25525791129
1700.0	36.0	1.71529064345	7.63234039484
1710.0	33.0	8.12395323155	7.11206203146
1710.0	36.0	2.03098830789	7.82326823461
1720.0	33.0	8.59560554222	6.94738676966
1720.0	36.0	2.33553132151	8.01109349698
1730.0	33.0	9.067468318	6.78295016766
1730.0	36.0	2.5407348034	8.17004092359
1740.0	33.0	9.53575318691	6.60634191587
1740.0	36.0	2.74572782017	8.32922701
1750.0	33.0	9.97373108004	6.32257541401
1750.0	36.0	2.95093130206	8.48841309641
1760.0	33.0	10.4117089732	6.03880891215
1760.0	36.0	3.13782431941	8.62373320285
1770.0	33.0	10.8496868663	5.75504241029
1770.0	36.0	3.25189640882	8.6647826884
1780.0	33.0	11.2950310383	5.47962900142
1780.0	36.0	3.36617896335	8.70559351415
1790.0	33.0	11.7508984657	5.21710322174
1790.0	36.0	3.48046151788	8.7466429997
1800.0	33.0	12.2069763583	4.95457744205
1800.0	36.0	3.51981849338	8.7416311439
1810.0	33.0	12.6272751822	4.661503208
1810.0	36.0	3.52718477221	8.71681052473
1820.0	33.0	12.9939054032	4.32284495221
1820.0	36.0	3.53434058594	8.69222856536
1830.0	33.0	13.3605356241	3.98418669642
1830.0	36.0	3.54170686478	8.66740794619
1840.0	33.0	13.694333288	3.69516967896
1840.0	36.0	3.54886267851	8.64282598682
1850.0	33.0	13.951521652	3.52285730357
1850.0	36.0	3.55622895734	8.61800536765
1860.0	33.0	14.172299552	3.28753874105
1860.0	36.0	3.56338477107	8.59342340828
1870.0	33.0	14.3564565229	2.98921399141
1870.0	36.0	3.57075104991	8.56860278911
1880.0	33.0	14.6008065152	2.59900521888
1880.0	36.0	3.57790686363	8.54402082974
1890.0	33.0	14.8521018561	2.19877273476
1890.0	36.0	3.69703011568	8.53041722116
1900.0	33.0	15.1031867318	1.79830159084
1900.0	36.0	3.81615336773	8.51705227237
1910.0	36.0	3.93527661978	8.50344866379
1920.0	36.0	4.05439987183	8.49008371501
1930.0	36.0	4.17352312387	8.47648010642
1940.0	36.0	4.36925567583	8.40559814591
1950.0	36.0	4.59782078488	8.31013422602
1960.0	36.0	4.82617542882	8.21467030614
1970.0	36.0	5.06652658402	8.11443319026
1980.0	36.0	5.35339052843	7.9951032904
1990.0	36.0	5.64046493796	7.87577339054
2000.0	36.0	5.92753934749	7.75644349069
2010.0	36.0	6.21440329191	7.63711359083
2020.0	36.0	6.52799630526	7.57339142431
2030.0	36.0	6.84790327189	7.52375018597
2040.0	36.0	7.16802070363	7.47410894763
2050.0	36.0	7.48813813537	7.42422904949
2060.0	36.0	7.80825556711	7.37458781115
2070.0	36.0	8.16604625347	7.26313368468
2080.0	36.0	8.52383693983	7.15191821801
2090.0	36.0	8.8816276262	7.04046409155
2100.0	36.0	9.2775124974	6.97220738883
2110.0	36.0	9.67339736861	6.90418934591
2120.0	36.0	10.0692822398	6.83593264319
2130.0	36.0	10.465167111	6.76767594047
2140.0	36.0	10.8764159352	6.65598315421
2150.0	36.0	11.2916635965	6.53355067696
2160.0	36.0	11.7069112578	6.4108795399
2170.0	36.0	12.1227903144	6.29107232045
2180.0	36.0	12.5437205337	6.19560840056
2190.0	36.0	12.9646507529	6.10014448068
2200.0	36.0	13.3855809722	6.00468056079
2210.0	36.0	13.8065111914	5.90921664091
2220.0	36.0	14.2230216434	5.87103107295
2230.0	36.0	14.6363751187	5.87103107295
2240.0	36.0	15.049728594	5.87103107295
2980.0	60.0	15.1113948711	8.04283525034
2980.0	61.0	15.028682083	5.4159068349
2990.0	60.0	14.6809937219	7.8258934924
2990.0	61.0	14.4128611723	5.39824600972
3000.0	60.0	14.2503821076	7.60895173446
3000.0	61.0	13.7972507266	5.38034652474
3010.0	60.0	13.7757832854	7.46265327724
3010.0	61.0	13.1751158626	5.35648054477
3020.0	60.0	13.2900298124	7.33425430499
3020.0	61.0	12.5437205337	5.32354549241
3030.0	60.0	12.7956472699	7.21850430213
3030.0	61.0	11.9123252048	5.29037178025
3040.0	60.0	12.2667484494	7.15406615621
3040.0	61.0	11.2809298759	5.25719806809
3050.0	60.0	11.7376391638	7.08938935049
3050.0	61.0	10.6754217555	5.22116043833
3050.0	65.0	-0.130488367968	4.62045372245
3060.0	60.0	11.2087403433	7.02495120457
3060.0	61.0	10.0764380535	5.18440682918
3060.0	65.0	0.374627895133	4.65219547581
3070.0	60.0	10.6771054764	6.97745790442
3070.0	61.0	9.47240318892	5.15815425121
3070.0	65.0	0.873009274727	4.65505939341
3080.0	60.0	10.1427345631	6.94690945006
3080.0	61.0	8.84795320866	5.17414445779
3080.0	65.0	1.34403019007	4.54145732875
3090.0	60.0	9.60857411484	6.9161223359
3090.0	61.0	8.2235032284	5.19013466437
3090.0	65.0	1.81673482629	4.43525371787
3100.0	60.0	9.0742032015	6.88557388153
3100.0	61.0	7.61189161983	5.21758054134
3100.0	65.0	2.30564527595	4.39682949012
3110.0	60.0	8.56698228731	6.82304501401
3110.0	61.0	7.05058117246	5.29084909985
3110.0	65.0	2.7943452605	4.35816660257
3120.0	60.0	8.07786137254	6.73927542431
3120.0	61.0	6.48927072508	5.36435631816
3120.0	65.0	3.28325571016	4.31974237481
3130.0	60.0	7.58874045777	6.65526717481
3130.0	61.0	5.92817074282	5.43786353647
3130.0	65.0	3.76227429967	4.27869288926
3140.0	60.0	7.09940907789	6.57149758511
3140.0	61.0	5.37296378363	5.4953805482
3140.0	65.0	4.24129288917	4.23740474391
3150.0	60.0	6.63154513919	6.43951871587
3150.0	61.0	4.83164752167	5.51566663118
3150.0	65.0	4.71378706028	4.20184443375
3160.0	60.0	6.1659963167	6.30205067123
3160.0	61.0	4.29054172483	5.53619137395
3160.0	65.0	5.12882425646	4.21497072274
3170.0	60.0	5.70044749421	6.1645826266
3170.0	61.0	3.74922546287	5.55671611673
3170.0	65.0	5.54407191776	4.22833567152
3180.0	60.0	5.21574634674	6.04024087095
3180.0	61.0	3.19717548032	5.52020116737
3180.0	65.0	5.95910911394	4.24146196051
3190.0	60.0	4.71820682759	5.92449086809
3190.0	61.0	2.64238945135	5.46960528983
3190.0	65.0	6.42465793643	4.26747587868
3200.0	60.0	4.22087777354	5.80874086523
3200.0	61.0	2.08739295727	5.41900941229
3200.0	65.0	6.94050792012	4.30590010643
3210.0	60.0	3.7083952316	5.69704807896
3210.0	61.0	1.5437615791	5.4147135359
3210.0	65.0	7.45656836892	4.34432433418
3220.0	60.0	3.16118594658	5.59490168468
3220.0	61.0	1.01149531686	5.45695632045
3220.0	65.0	7.98778230562	4.37391814935
3230.0	60.0	2.61397666155	5.49251663061
3230.0	61.0	0.479018589508	5.4989604452
3230.0	65.0	8.54214740437	4.38966969613
3240.0	60.0	2.06676737652	5.39037023633
3240.0	61.0	-0.0532476727353	5.54120322975
3240.0	65.0	9.09630203802	4.40565990271
3250.0	60.0	1.55744181123	5.3316599256
3250.0	65.0	9.65971713648	4.40900113991
3260.0	60.0	1.05758717587	5.28392796566
3260.0	65.0	10.2368124671	4.39372691272
3270.0	60.0	0.557732540508	5.23619600571
3270.0	65.0	10.8139077977	4.37821402574
3280.0	60.0	0.057877905147	5.18846404577
3280.0	65.0	11.3872147563	4.35816660257
3290.0	65.0	11.9521031105	4.32666350901
3300.0	65.0	12.5172019299	4.29516041544
3310.0	65.0	13.0820902841	4.26389598168
3320.0	65.0	13.6324565458	4.25530422889
3330.0	65.0	14.1680902498	4.26986247667
3340.0	65.0	14.7039344189	4.28442072446
3350.0	65.0	15.2395681229	4.29874031244
4120.0	76.0	14.8430518563	4.80589238683
4130.0	76.0	14.2249158294	4.76866145807
4140.0	76.0	13.6065693373	4.73143052932
4150.0	76.0	12.991590287	4.70159805435
4160.0	76.0	12.3892391432	4.70159805435
4170.0	76.0	11.7866775344	4.70159805435
4180.0	76.0	11.181169414	4.70565527095
4190.0	76.0	10.5676636194	4.71925887953
4190.0	78.0	14.942180923	5.78702282345
4200.0	76.0	9.95436828996	4.73286248812
4200.0	78.0	14.4480088456	5.7454960183
4210.0	76.0	9.34107296051	4.7467047565
4210.0	78.0	13.9538367682	5.70396921315
4220.0	76.0	8.7002067017	4.80064187124
4220.0	78.0	13.4211495757	5.73380168812
4230.0	76.0	8.05281602449	4.86508001716
4230.0	78.0	12.8884623832	5.76363416308
4240.0	76.0	7.41826371897	4.9178238329
4240.0	78.0	12.3555647257	5.79346663804
4250.0	76.0	6.83632769086	4.92474496709
4250.0	78.0	11.8664438109	5.89776097052
4260.0	76.0	6.25460212785	4.93190476108
4260.0	78.0	11.3880566167	6.02067076737
4270.0	76.0	5.67266609974	4.93882589527
4270.0	78.0	10.9096694225	6.14358056422
4280.0	76.0	5.07852309526	4.9144825957
4280.0	78.0	10.4397008328	6.27150221687
4290.0	76.0	4.48122311415	4.88226352274
4290.0	78.0	9.97772991713	6.40395840571
4300.0	76.0	3.88392313303	4.85004444978
4300.0	78.0	9.51596946661	6.53665325435
4310.0	76.0	3.29020105878	4.82021197481
4310.0	78.0	9.05399855098	6.66910944319
4320.0	76.0	2.72910107651	4.81305218082
4320.0	78.0	8.61328461142	6.77793831186
4330.0	76.0	2.16779062914	4.80565372703
4330.0	78.0	8.17488578807	6.88390326293
4340.0	76.0	1.60648018177	4.79849393304
4340.0	78.0	7.73627649962	6.99010687381
4350.0	76.0	1.06137554784	4.75625114849
4350.0	78.0	7.28735442078	7.09559450528
4360.0	76.0	0.520059285885	4.70493929155
4360.0	78.0	6.81380792413	7.20012749756
4370.0	76.0	-0.0210465109626	4.65386609441
4370.0	78.0	6.34026142747	7.30442183003
4380.0	78.0	5.87387074454	7.40585224491
4390.0	78.0	5.47083005961	7.48103008182
4400.0	78.0	5.06799983978	7.55596925893
4410.0	78.0	4.66516961996	7.63090843604
4420.0	78.0	4.23645219165	7.70298369555
4430.0	78.0	3.79089755458	7.77338833647
4440.0	78.0	3.34513245239	7.84355431758
4450.0	78.0	2.91220572189	7.9115723605
4460.0	78.0	2.53084294325	7.97123731043
4470.0	78.0	2.1492696995	8.03090226036
4480.0	78.0	1.76790692085	8.09056721029
4490.0	78.0	1.43621390808	8.19915741916
4500.0	78.0	1.10452089531	8.30750896823
4510.0	78.0	0.773038347655	8.4160991771
4520.0	78.0	0.51690230924	8.55308990213
4530.0	78.0	0.293388362818	8.70225227695
4540.0	78.0	0.069663951286	8.85141465177
4550.0	78.0	-0.153849995136	9.00057702659
5440.0	101.0	0.336744175401	7.62183936365
5450.0	101.0	0.757674394652	7.40012440971
5460.0	101.0	1.1786046139	7.17864811558
5470.0	101.0	1.58396041504	6.97578728582
5480.0	101.0	1.98279179778	6.78104088926
5490.0	101.0	2.38162318052	6.58629449269
5500.0	101.0	2.78045456326	6.39178675593
5510.0	101.0	3.21674873552	6.19775633876
5520.0	101.0	3.65746267507	6.00372592159
5530.0	101.0	4.09817661463	5.80993416422
5540.0	101.0	4.532787066	5.70778776995
5550.0	101.0	4.96466147096	5.64502024262
5560.0	101.0	5.39674634102	5.5820140555
5570.0	101.0	5.82883121108	5.51924652817
5580.0	101.0	6.22029631498	5.52688364176
5590.0	101.0	6.60734165158	5.54239652875
5600.0	101.0	6.99417652308	5.55767075593
5610.0	101.0	7.34396953527	5.60564137567
5620.0	101.0	7.68450208265	5.6619650884
5630.0	101.0	8.02482416491	5.71805014133
5640.0	101.0	8.38703461858	5.7457346781
5650.0	101.0	8.78165669913	5.73069911072
5660.0	101.0	9.17627877967	5.71590220314
5670.0	101.0	9.58310783658	5.68678570757
5680.0	101.0	10.0391857291	5.60062951988
5690.0	101.0	10.4952636217	5.51447333218
5700.0	101.0	10.9511310491	5.42807848468
5710.0	101.0	11.426992662	5.35170734877
5720.0	101.0	11.9161135768	5.28130270786
5730.0	101.0	12.4050240264	5.21113672674
5740.0	101.0	12.8973019179	5.14240270443
5750.0	101.0	13.402418181	5.0786805379
5760.0	101.0	13.9075344441	5.01495837138
5770.0	101.0	14.4126507072	4.95147486465
5780.0	101.0	14.9177669703	4.88775269813
6020.0	106.0	14.9777495265	4.44217485207
