400.0	10.0	0.0631395328877	8.68721670957
410.0	10.0	0.273604642513	8.44855690986
420.0	10.0	0.484069752139	8.20989711014
430.0	10.0	0.694534861764	7.97123731043
440.0	10.0	1.03675113002	7.87362545235
450.0	10.0	1.41201042048	7.81133524462
460.0	10.0	1.81505110541	7.72923627352
470.0	10.0	2.24587318481	7.62685121944
480.0	10.0	2.68216735707	7.53639915535
490.0	10.0	3.1266696686	7.46336925664
500.0	10.0	3.57096151502	7.39057801773
510.0	10.0	4.01525336144	7.31754811901
520.0	10.0	4.45807195209	7.2490527565
530.0	10.0	4.90068007763	7.18175069298
540.0	10.0	5.34307773806	7.11444862946
550.0	10.0	5.78568586361	7.04714656594
560.0	10.0	6.17083701422	7.04046409155
570.0	10.0	6.54967421155	7.04046409155
580.0	10.0	6.92851140887	7.04046409155
590.0	10.0	7.26630790982	7.01373419398
600.0	10.0	7.59947417836	6.98390171901
610.0	10.0	7.88823230876	6.90681460371
620.0	10.0	8.13237183593	6.78271150786
620.0	17.0	0.223303481313	9.9105868429
630.0	10.0	8.3765113631	6.65860841201
630.0	17.0	0.333166268537	9.58887343289
640.0	10.0	8.71136135251	6.50682077939
640.0	17.0	0.459234869203	9.28171827066
650.0	10.0	9.04621134192	6.35479448697
650.0	17.0	0.650547653853	9.03208012016
660.0	10.0	9.43515086451	6.25813726809
660.0	17.0	0.841860438502	8.78268062945
670.0	10.0	9.83777061923	6.17508365779
670.0	17.0	1.12956624336	8.60774299626
680.0	10.0	10.2595426989	6.12233984205
680.0	17.0	1.41706158311	8.43256670328
690.0	10.0	10.7002566385	6.09990582088
690.0	17.0	1.70476738797	8.25762907009
700.0	10.0	11.1407601129	6.0777104595
700.0	17.0	2.12569760722	8.13448061343
710.0	10.0	11.5774752154	6.03164911816
710.0	17.0	2.54662782647	8.01133215678
720.0	10.0	12.0047193879	5.93021870328
720.0	17.0	2.96755804572	7.88818370013
730.0	10.0	12.4321740256	5.8290269482
730.0	17.0	3.41458593856	7.76455792388
740.0	10.0	12.8594181981	5.72783519312
740.0	17.0	3.86456034294	7.64117080743
750.0	10.0	13.2327833026	5.56626250872
750.0	17.0	4.31453474732	7.51778369097
760.0	10.0	13.6061484071	5.40445116451
760.0	17.0	4.70684171167	7.39845379112
770.0	10.0	13.9797239767	5.24287848011
770.0	17.0	5.0989382109	7.27912389126
780.0	10.0	14.2958425713	4.98202331902
780.0	17.0	5.54701842929	7.23401718911
790.0	10.0	14.6056472127	4.71018980714
790.0	17.0	6.00877887981	7.20752595135
800.0	10.0	14.9154518541	4.43835629527
800.0	17.0	6.47053933033	7.18103471358
810.0	10.0	15.2254669605	4.1665227834
810.0	17.0	6.93924512946	7.1597939914
820.0	17.0	7.43489046263	7.1597939914
830.0	17.0	7.9305357958	7.1597939914
840.0	17.0	8.42723345452	7.15645275421
850.0	17.0	8.93529622915	7.12351770185
860.0	17.0	9.44335900379	7.09058264949
870.0	17.0	9.94679154601	7.07148986551
880.0	17.0	10.4314926935	7.10776615507
890.0	17.0	10.9161938409	7.14380378482
900.0	17.0	11.4008949884	7.18008007438
910.0	17.0	11.8226670681	7.37959966694
920.0	17.0	12.2372833341	7.59701874448
930.0	17.0	12.6521100651	7.81467648182
940.0	17.0	13.0660949358	7.98746617681
950.0	17.0	13.4794484111	8.11538782946
960.0	17.0	13.8930123515	8.2430708223
970.0	17.0	14.3234135007	8.34163731958
980.0	17.0	14.7611809287	8.42755484748
990.0	17.0	15.1989483567	8.51347237538
990.0	19.0	0.313593013342	5.1674619834
1000.0	19.0	0.937622063382	5.20851146895
1010.0	19.0	1.56186157853	5.2497996143
1020.0	19.0	2.17263132666	5.27843879026
1030.0	19.0	2.7638278196	5.28870116165
1040.0	19.0	3.35481384743	5.29872487324
1050.0	19.0	3.94601034037	5.30898724463
1060.0	19.0	4.5369963682	5.31901095621
1070.0	19.0	5.14313588392	5.3280800286
1080.0	19.0	5.75579981804	5.33667178139
1090.0	19.0	6.36846375216	5.34502487438
1100.0	19.0	6.98112768628	5.35361662717
1110.0	19.0	7.59358115529	5.36220837996
1120.0	19.0	8.2081392754	5.36101508096
1130.0	19.0	8.83953460427	5.27271095507
1140.0	19.0	9.47092993315	5.18464548897
1150.0	19.0	10.102325262	5.09634136308
1160.0	19.0	10.7337205909	5.00827589699
1170.0	19.0	11.3207077816	4.95075888526
1180.0	19.0	11.8632868343	4.92426764749
1190.0	19.0	12.4056554218	4.89777640972
1190.0	23.0	0.0631395328877	5.17891765378
1200.0	19.0	12.9482344744	4.87128517195
1200.0	23.0	0.520059285885	5.27438157367
1210.0	19.0	13.490813527	4.84479393418
1210.0	23.0	0.977189503991	5.36984549355
1220.0	19.0	13.9172158391	4.82021197481
1220.0	23.0	1.43410925699	5.46530941344
1230.0	19.0	14.3434076861	4.79586867524
1230.0	23.0	1.90428831189	5.56602384892
1240.0	19.0	14.7698099982	4.77128671587
1240.0	23.0	2.38751620359	5.67222745979
1250.0	19.0	15.1962123103	4.7469434163
1250.0	23.0	2.8709545604	5.77819241086
1260.0	23.0	3.31356268594	5.86840581515
1270.0	23.0	3.74627895133	5.95456200285
1280.0	23.0	4.17899521672	6.04071819055
1290.0	23.0	4.60792311014	6.10825891387
1300.0	23.0	5.02211844588	6.10062180028
1310.0	23.0	5.43652424674	6.09322334648
1320.0	23.0	5.85093004759	6.08582489269
1330.0	23.0	6.27186026684	6.06983468611
1340.0	23.0	6.69279048609	6.05408313933
1350.0	23.0	7.11372070534	6.03809293275
1360.0	23.0	7.45741022936	5.99036097281
1370.0	23.0	7.80131021849	5.94262901286
1380.0	23.0	8.14499974251	5.89489705292
1390.0	23.0	8.52383693983	5.85671148497
1400.0	23.0	8.90267413716	5.81852591701
1410.0	23.0	9.30950319407	5.81136612302
1420.0	23.0	9.74453457566	5.83523210299
1430.0	23.0	10.1795659573	5.85909808297
1440.0	23.0	10.5960764092	5.86458725836
1450.0	23.0	10.9942763966	5.85169962917
1460.0	23.0	11.392476384	5.83881199999
1470.0	23.0	11.7906763714	5.82592437081
1480.0	23.0	12.1552019413	5.72783519312
1490.0	23.0	12.5113089068	5.60850529327
1490.0	33.0	14.8798832505	4.95314548325
1500.0	23.0	12.8640484305	5.47366250643
1500.0	33.0	14.4589530313	5.12211662145
1510.0	23.0	13.2024763268	5.27652951186
1510.0	33.0	14.0371809516	5.28893982145
1520.0	23.0	13.5411146882	5.0793965173
1520.0	33.0	13.6088844535	5.43380631988
1530.0	23.0	13.9620449074	4.87271713075
1530.0	33.0	13.1803774903	5.5786728183
1540.0	23.0	14.3922355915	4.6653217648
1540.0	33.0	12.7714437823	5.72783519312
1550.0	23.0	14.8167437176	4.53453619456
1550.0	33.0	12.407970538	5.88702127953
1560.0	23.0	15.2376739369	4.45506248125
1560.0	33.0	12.0442868285	6.04596870614
1570.0	33.0	11.6808135842	6.20515479255
1580.0	33.0	11.2853496432	6.23403262832
1590.0	33.0	10.8898857022	6.26291046408
1600.0	33.0	10.4946322264	6.29202695965
1610.0	33.0	10.0596008448	6.35455582717
1620.0	33.0	9.60773225441	6.43188160228
1630.0	33.0	9.15586366404	6.50920737738
1640.0	33.0	8.69915437615	6.59106768869
1650.0	33.0	8.23150090256	6.68390635077
1660.0	33.0	7.76384742898	6.77650635306
1670.0	33.0	7.29619395539	6.86934501515
1680.0	33.0	6.84474629524	6.92041821229
1690.0	33.0	6.40045444882	6.95359192445
1700.0	33.0	5.9561626024	6.98676563661
1710.0	33.0	5.51313354664	7.02638316336
1720.0	33.0	5.0814696068	7.12423368125
1730.0	33.0	4.64959520185	7.22232285893
1740.0	33.0	4.21793126201	7.32017337681
1750.0	33.0	3.77237662493	7.41802389469
1760.0	33.0	3.27083826869	7.51635173218
1770.0	33.0	2.76951037756	7.61467956966
1780.0	33.0	2.26797202132	7.71300740714
1790.0	33.0	1.84788366251	7.89176359712
1800.0	33.0	1.44799995422	8.09056721029
1810.0	33.0	1.04811624594	8.28937082345
1820.0	33.0	0.769460440791	8.52015484977
1830.0	33.0	0.521322076542	8.75881464948
1840.0	33.0	0.272973247184	8.9974744492
1850.0	33.0	0.0248348829358	9.23613424891
1930.0	42.0	0.196363947281	4.81830269641
1940.0	42.0	0.851120903326	4.80947228383
1950.0	42.0	1.50608832448	4.80064187124
1960.0	42.0	2.15895109454	4.77391197367
1970.0	42.0	2.81076153905	4.73548774591
1980.0	42.0	3.46257198356	4.69706351816
1990.0	42.0	4.13795452035	4.59300784549
2000.0	42.0	4.83733007963	4.42355938769
2010.0	42.0	5.53649517381	4.25434958969
2020.0	42.0	6.22555794272	4.09158360629
2030.0	42.0	6.89904629352	3.93884133447
2040.0	42.0	7.57253464433	3.78609906265
2050.0	42.0	8.33694392249	3.73645782431
2060.0	42.0	9.11145552591	3.69827225636
2070.0	42.0	9.90974968672	3.69302174077
2080.0	42.0	10.7438229162	3.73717380371
2080.0	46.0	15.2597727734	5.65408931501
2090.0	42.0	11.5778961456	3.78132586666
2090.0	46.0	14.6953053494	5.74096148211
2100.0	42.0	12.3694554229	3.829773806
2100.0	46.0	14.1308379254	5.8275949894
2110.0	42.0	13.1429147008	3.87965370414
2110.0	46.0	13.5648972456	5.9125578781
2120.0	42.0	13.9161635135	3.92953360228
2120.0	46.0	12.9976937751	5.9956114884
2130.0	42.0	14.6894123263	3.97941350042
2130.0	46.0	12.4494321646	6.09059808869
2140.0	42.0	15.4628716042	4.02953205836
2140.0	46.0	11.977990319	6.23379396852
2150.0	46.0	11.5065484734	6.37698984834
2160.0	46.0	11.0024845359	6.47770428382
2170.0	46.0	10.484319436	6.56028057452
2180.0	46.0	9.9705741034	6.63784500943
2190.0	46.0	9.49534388587	6.66863212359
2200.0	46.0	9.02011366833	6.69941923776
2210.0	46.0	8.5448834508	6.73020635192
2220.0	46.0	8.06376021019	6.71660274334
2230.0	46.0	7.5828474347	6.70299913475
2240.0	46.0	7.10172419409	6.68939552617
2250.0	46.0	6.61028816312	6.66099501
2260.0	46.0	6.10832887666	6.61827490585
2270.0	46.0	5.6063695902	6.57531614191
2280.0	46.0	5.10462076886	6.53259603776
2290.0	46.0	4.63654636505	6.4987063462
2300.0	46.0	4.19120219308	6.47102180943
2310.0	46.0	3.74585802112	6.44333727266
2320.0	46.0	3.30030338404	6.4154140761
2330.0	46.0	2.85664293295	6.39703727152
2340.0	46.0	2.41698131894	6.40061716852
2350.0	46.0	1.97710923982	6.40419706551
2360.0	46.0	1.5372371607	6.40777696251
2370.0	46.0	1.0975755467	6.4113568595
2380.0	46.0	0.65770346758	6.4149367565
2390.0	46.0	0.218041853572	6.41851665349
4560.0	83.0	8.76966018788	-0.0377082483547
4570.0	83.0	9.22384389445	0.628152592846
4580.0	83.0	9.67802760102	1.29377477425
4590.0	83.0	9.98172875421	1.78994849785
4600.0	83.0	10.2688031637	2.26726809728
4610.0	83.0	10.6004961765	2.73766656251
4620.0	83.0	10.9511310491	3.20496245035
4630.0	83.0	11.3038705729	3.60066039828
4640.0	83.0	11.6606089337	3.8288191668
4650.0	83.0	12.0175577596	4.05721659513
4660.0	83.0	12.4584821643	4.12547329785
4670.0	83.0	12.8994065689	4.19349134077
4680.0	83.0	13.3306495786	4.20041247496
4690.0	83.0	13.7608402626	4.20041247496
4700.0	83.0	14.1937669931	4.21950525893
4710.0	83.0	14.6287983747	4.2512470123
4720.0	83.0	15.0636192912	4.28322742546
4890.0	91.0	15.0297344086	3.39589029012
4900.0	91.0	14.4107565212	3.78896298025
4900.0	92.0	14.8859867387	4.27201041487
4910.0	91.0	13.7987239824	4.12976917424
4910.0	92.0	14.3446704767	4.59014392789
4920.0	91.0	13.1936367922	4.4180702123
4920.0	92.0	13.7793611923	4.89013929613
4930.0	91.0	12.5858135556	4.69968877596
4930.0	92.0	13.1180798178	5.11758208526
4940.0	91.0	11.9544182267	4.91997177109
4940.0	92.0	12.4631123967	5.34287693618
4950.0	91.0	11.3230228979	5.14025476623
4950.0	92.0	11.866654276	5.55170426093
4960.0	91.0	10.7112008242	5.38750631873
4960.0	92.0	11.2704066204	5.76053158568
4970.0	91.0	10.1187415406	5.6614877688
4970.0	92.0	10.6550066399	5.98415581802
4980.0	91.0	9.52628225698	5.93546921887
4980.0	92.0	10.0313985201	6.21398520514
4990.0	91.0	8.98370320437	6.19536974076
4990.0	92.0	9.40779040026	6.44381459226
5000.0	91.0	8.45375205833	6.45169036565
5000.0	92.0	8.90898809045	6.6648135668
5010.0	91.0	7.92485323784	6.69989655736
5010.0	92.0	8.40997531553	6.88581254133
5020.0	91.0	7.40668813794	6.87435687095
5020.0	92.0	7.89159975052	7.0776950203
5030.0	91.0	6.88873350315	7.04881718454
5030.0	92.0	7.32755325672	7.20179811615
5040.0	91.0	6.31879398629	7.19010378597
5040.0	92.0	6.76350676293	7.325901212
5050.0	91.0	5.69686958734	7.29869399484
5050.0	92.0	6.17799282795	7.40203368811
5060.0	91.0	5.09641262958	7.37458781115
5060.0	92.0	5.58700680012	7.46647183404
5070.0	91.0	4.54604636791	7.37458781115
5070.0	92.0	5.00675449288	7.52828472216
5080.0	91.0	3.99568010624	7.37458781115
5080.0	92.0	4.46880567268	7.5815058575
5090.0	91.0	3.46888593685	7.39487389412
5090.0	92.0	3.93106731759	7.63448833303
5100.0	91.0	2.95219409272	7.42375172989
5100.0	92.0	3.40743012484	7.71873524233
5110.0	91.0	2.4357127137	7.45262956565
5110.0	92.0	2.89831502465	7.83424658539
5120.0	91.0	1.95101156623	7.50895327838
5120.0	92.0	2.38919992447	7.94975792846
5130.0	91.0	1.51450692887	7.60608781687
5130.0	92.0	1.91207552095	8.10035226207
5130.0	96.0	0.28097092135	1.03196497396
5140.0	91.0	1.0780022915	7.70346101515
5140.0	92.0	1.48335809264	8.30369041143
5140.0	96.0	0.590565097609	1.90235726352
5150.0	91.0	0.753465092459	7.87100019455
5150.0	92.0	1.05464066433	8.50678990099
5150.0	96.0	0.836809275871	2.73098408812
5160.0	91.0	0.476913938411	8.06884916851
5160.0	92.0	0.737259279018	8.70893475134
5160.0	96.0	1.06726857091	3.54910988154
5170.0	91.0	0.200152319254	8.26645948267
5170.0	92.0	0.467653473588	8.9101249625
5170.0	96.0	1.13651159198	4.2495763937
5180.0	91.0	-0.0763988347941	8.46430845664
5180.0	92.0	0.198047668158	9.11155383346
5180.0	96.0	1.13651159198	4.89920836852
5190.0	92.0	-0.0717686023823	9.31298270442
5190.0	96.0	0.975505783114	5.54406714734
5200.0	96.0	0.796610439933	6.18844860657
5210.0	96.0	0.599194167104	6.73903676451
5220.0	96.0	0.399883708289	7.27912389126
5230.0	96.0	0.273604642513	7.9115723605
5240.0	96.0	0.147325576738	8.54402082974
5250.0	96.0	0.0841860438502	9.09293836908
5260.0	96.0	0.0210465109626	9.64185590842
5370.0	103.0	15.1280216148	8.47624144662
5380.0	103.0	14.8234786011	8.40703010471
5390.0	103.0	14.5187251224	8.33805742259
5400.0	103.0	14.2141821088	8.26884608067
5410.0	103.0	13.90942863	8.19987339855
5420.0	103.0	13.5539530599	8.07266772531
5430.0	103.0	13.185639118	7.93090380428
5440.0	103.0	12.8173251762	7.78937854305
5450.0	103.0	12.5397216966	7.65405843661
5460.0	103.0	12.3223112384	7.52327286637
5470.0	103.0	12.1051112452	7.39224863632
5480.0	103.0	11.8515007881	7.29773935564
5490.0	103.0	11.5612694019	7.23974502431
5500.0	103.0	11.2712484809	7.18175069298
5510.0	103.0	10.9812275598	7.12375636165
5520.0	103.0	10.670581058	7.11850584605
5530.0	103.0	10.3548833936	7.12638161944
5540.0	103.0	10.0391857291	7.13425739283
5550.0	103.0	9.7234880647	7.17053368239
5560.0	103.0	9.40779040026	7.21396976594
5560.0	107.0	0.0126279065775	5.5791501379
5570.0	103.0	9.09209273582	7.25740584949
5570.0	107.0	0.517744169679	5.63475787123
5580.0	103.0	8.77639507138	7.30084193303
5580.0	107.0	1.02286043278	5.69036560457
5590.0	103.0	8.44343926796	7.35286976937
5590.0	107.0	1.52797669588	5.7462119977
5600.0	103.0	8.08480672116	7.41802389469
5600.0	107.0	2.00194412276	5.78964808125
5610.0	103.0	7.72596370924	7.48317802002
5610.0	107.0	2.47233364277	5.831652206
5620.0	103.0	7.36733116244	7.54809348554
5620.0	107.0	2.94272316278	5.87389499055
5630.0	103.0	7.00848815053	7.61324761086
5630.0	107.0	3.37522896306	5.98439447781
5640.0	103.0	6.63785909248	7.64427338482
5640.0	107.0	3.76985104361	6.1633893276
5650.0	103.0	6.26723003443	7.67553781858
5650.0	107.0	4.16447312416	6.34238417738
5660.0	103.0	5.89660097638	7.70656359255
5660.0	107.0	4.5698289253	6.50180892359
5670.0	103.0	5.52618238344	7.73782802631
5670.0	107.0	5.00001960937	6.61612696766
5680.0	103.0	5.15513239517	7.75644349069
5680.0	107.0	5.42999982834	6.73020635192
5690.0	103.0	4.78345101157	7.75644349069
5690.0	107.0	5.88986609287	6.76552800228
5700.0	103.0	4.41176962797	7.75644349069
5700.0	107.0	6.3497323574	6.80084965263
5710.0	103.0	4.04008824437	7.75644349069
5710.0	107.0	6.78581606455	6.79106460085
5720.0	103.0	3.66840686077	7.75644349069
5720.0	107.0	7.16591605253	6.67555325778
5730.0	103.0	3.30724873266	7.71205276794
5730.0	107.0	7.54622650562	6.56004191472
5740.0	103.0	2.95072083695	7.64880792102
5740.0	107.0	7.93769160953	6.44118933447
5750.0	103.0	2.59440340635	7.58556307409
5750.0	107.0	8.37419624689	6.30849448583
5760.0	103.0	2.23787551065	7.52207956737
5760.0	107.0	8.81070088425	6.17603829698
5770.0	103.0	1.88134761494	7.45883472044
5770.0	107.0	9.2665683117	6.03260375736
5780.0	103.0	1.59679878673	7.42828626608
5780.0	107.0	9.74179852924	5.87866818654
5790.0	103.0	1.33056042305	7.40585224491
5790.0	107.0	10.2170287468	5.72473261573
5800.0	103.0	1.06411159427	7.38365688353
5800.0	107.0	10.6880496621	5.54358982774
5810.0	103.0	0.79787323059	7.36122286236
5810.0	107.0	11.1525461591	5.32139755421
5820.0	103.0	0.531424401804	7.33878884119
5820.0	107.0	11.617042656	5.09920528068
5830.0	103.0	0.264975573019	7.31635482002
5830.0	107.0	12.0958507804	4.9140052761
5840.0	103.0	-0.00126279065775	7.29415945864
5840.0	107.0	12.5893914625	4.76579754048
5850.0	107.0	13.0829321445	4.61758980486
5860.0	107.0	13.6072007326	4.51639804978
5870.0	107.0	14.1518844363	4.44599340886
5880.0	107.0	14.69656814	4.37582742775
5890.0	107.0	15.2414623089	4.30566144663
6410.0	125.0	15.2294657976	8.38531206293
6420.0	125.0	14.8817774365	8.60320846007
6430.0	125.0	14.5340890754	8.82110485721
6440.0	125.0	14.2116565275	9.09604094648
6450.0	125.0	13.9485751404	9.50367188439
6460.0	125.0	13.6854937534	9.9113028223
6470.0	125.0	13.5415356184	10.3151152034
6480.0	125.0	13.4110472504	10.7182116051
6490.0	125.0	13.2803484174	11.1215466666
6500.0	125.0	13.304551905	11.5437358523
6510.0	125.0	13.3289658577	11.965925038
6520.0	125.0	13.3500123687	12.3759425739
6530.0	125.0	13.3662181821	12.7675833053
6540.0	125.0	13.3824239955	13.1592240366
6550.0	125.0	13.398629809	13.5508647679
6560.0	125.0	13.4146251573	13.9427441591
6950.0	134.0	-0.144799995422	5.93666251787
6960.0	134.0	0.427454637649	6.01112437538
6970.0	134.0	0.999709270721	6.08582489269
6980.0	134.0	1.57196390379	6.1602867502
6990.0	134.0	2.14737551351	6.21804242173
7000.0	134.0	2.72741735564	6.2502614947
7000.0	135.0	0.212148830503	5.7457346781
7010.0	134.0	3.30766966287	6.28248056766
7010.0	135.0	0.650758118962	5.68606972817
7020.0	134.0	3.88792197011	6.31469964062
7020.0	135.0	1.08915694231	5.62640477824
7030.0	134.0	4.42818590652	6.35789706437
7030.0	135.0	1.55344297415	5.65170271701
7040.0	134.0	4.95140216905	6.40562902431
7040.0	135.0	2.02867319168	5.71327694534
7050.0	134.0	5.47440796647	6.45336098425
7050.0	135.0	2.50390340921	5.77485117367
7060.0	134.0	5.99909748477	6.4934558306
7060.0	135.0	2.98586851026	5.90229550671
7070.0	134.0	6.52946956102	6.50300222259
7070.0	135.0	3.47267430882	6.07389190271
7080.0	134.0	7.05984163728	6.51254861458
7080.0	135.0	3.95926964228	6.2454882987
7090.0	134.0	7.587267202	6.47364706723
7090.0	135.0	4.45281032435	6.34835067238
7100.0	134.0	8.11342997606	6.4139821173
7100.0	135.0	4.95603240146	6.34835067238
7110.0	134.0	8.63959275013	6.35431716737
7110.0	135.0	5.45883354836	6.33426974419
7120.0	134.0	9.20027180217	6.28009396966
7120.0	135.0	5.95868818372	6.19250582316
7130.0	134.0	9.7956775973	6.19155118397
7130.0	135.0	6.45854281908	6.05074190214
7140.0	134.0	10.3908729273	6.10276973847
7140.0	135.0	6.95839745444	5.90897798111
7150.0	134.0	10.9862787225	6.01422695278
7150.0	135.0	7.48477069361	5.81518467982
7160.0	134.0	11.5635845182	5.94597025006
7160.0	135.0	8.01387997921	5.72640323432
7170.0	134.0	12.1408903139	5.87795220714
7170.0	135.0	8.54298926481	5.63786044863
7180.0	134.0	12.7181961096	5.80969550442
7180.0	135.0	9.09146134049	5.58463931329
7190.0	134.0	13.2761391152	5.76983931787
7190.0	135.0	9.6687671362	5.58463931329
7200.0	134.0	13.8151402609	5.75814498769
7200.0	135.0	10.2460729319	5.58463931329
7210.0	134.0	14.3541414067	5.7464506575
7210.0	135.0	10.8233787276	5.58463931329
7220.0	134.0	14.8931425524	5.73475632731
7220.0	135.0	11.3670101058	5.59394704548
7230.0	134.0	15.4321436982	5.72306199713
7230.0	135.0	11.906853112	5.60444807667
7240.0	135.0	12.4466961181	5.61471044806
7250.0	135.0	12.9865391243	5.62521147925
7260.0	135.0	13.511860038	5.60253879827
7270.0	135.0	14.0028751387	5.50301766179
7280.0	135.0	14.4941007046	5.40373518511
7290.0	135.0	14.9851158053	5.30421404863
7780.0	156.0	0.105232554813	5.70396921315
7790.0	156.0	0.539211610861	5.78606818425
7800.0	156.0	0.973401132018	5.86792849555
7810.0	156.0	1.40738018807	5.95002746666
7820.0	156.0	1.85819645288	6.01565891158
7830.0	156.0	2.31301155478	6.0774717997
7840.0	156.0	2.76803712179	6.13904602803
7850.0	156.0	3.23127082808	6.2462042781
7860.0	156.0	3.69829290634	6.37293263175
7870.0	156.0	4.1653149846	6.4996609854
7880.0	156.0	4.58813938984	6.65860841201
7890.0	156.0	4.96697658716	6.84953625178
7900.0	156.0	5.34581378449	7.04046409155
7910.0	156.0	5.72465098181	7.23139193132
7920.0	156.0	6.10938120221	7.30537646923
7930.0	156.0	6.4939009575	7.37959966694
7940.0	156.0	6.88220908475	7.44785636966
7950.0	156.0	7.30313930401	7.46551719484
7960.0	156.0	7.72406952326	7.48341667981
7970.0	156.0	8.11784974337	7.47148368983
7980.0	156.0	8.4705892671	7.4153986369
7990.0	156.0	8.82353925594	7.35907492416
7990.0	160.0	14.8990355755	4.86579599656
8000.0	156.0	9.17627877967	7.30298987123
8000.0	160.0	14.2615367584	4.93596197767
8010.0	156.0	9.5900531852	7.20418471415
8010.0	160.0	13.6238274763	5.00612795879
8020.0	156.0	10.0036171256	7.10537955707
8020.0	160.0	12.9863286592	5.0765325997
8030.0	156.0	10.4186543218	7.00657439999
8030.0	160.0	12.3894496083	5.14836919942
8040.0	156.0	10.8458984943	6.90514398511
8040.0	160.0	11.7972007898	5.22044445893
8050.0	156.0	11.273353132	6.80395223003
8050.0	160.0	11.2051624365	5.29275837825
8060.0	156.0	11.7005973045	6.70276047495
8060.0	160.0	10.612913618	5.36483363776
8070.0	156.0	12.1274205468	6.5765094409
8070.0	160.0	10.0625473563	5.51566663118
8080.0	156.0	12.5542437892	6.44381459226
8080.0	160.0	9.54038341933	5.71900478053
8090.0	156.0	12.9810670315	6.31111974362
8090.0	160.0	9.01800901723	5.92234292989
8100.0	156.0	13.4055751576	6.17627695678
8100.0	160.0	8.54130554393	6.10563365607
8110.0	156.0	13.8216646793	6.03188777796
8110.0	160.0	8.06944276815	6.28653778425
8120.0	156.0	14.2377542011	5.88773725893
8120.0	160.0	7.59779045748	6.46768057223
8130.0	156.0	14.6538437228	5.7433480801
8130.0	160.0	7.17075675005	6.65860841201
8140.0	156.0	15.0697227794	5.59895890128
8140.0	160.0	6.74393350773	6.84953625178
8150.0	160.0	6.3168998003	7.04046409155
8160.0	160.0	5.88207888381	7.19774089956
8170.0	160.0	5.43947075827	7.32112801601
8180.0	160.0	4.99665216762	7.44451513246
8190.0	160.0	4.57151264618	7.5807898781
8200.0	160.0	4.15815917087	7.72565637652
8210.0	160.0	3.74480569557	7.87076153475
8220.0	160.0	3.3343987318	7.94617803146
8230.0	160.0	2.92483362847	8.00417236279
8240.0	160.0	2.51526852513	8.06216669412
8250.0	160.0	2.11685807261	8.11729710785
8260.0	160.0	1.81736622162	8.14474298482
8270.0	160.0	1.51787437062	8.17218886179
8280.0	160.0	1.24953135585	8.26431154448
8290.0	160.0	1.01275810752	8.42087237309
8300.0	160.0	0.775984859189	8.5776718615
8310.0	160.0	0.582988353663	8.68960330757
8320.0	160.0	0.491856961195	8.69747908096
8330.0	160.0	0.400515103617	8.70559351415
8340.0	160.0	0.305174408957	8.70440021515
8350.0	160.0	0.199941854144	8.68196619398
8360.0	160.0	0.0947092993315	8.6595321728
8370.0	160.0	-0.0105232554813	8.63733681143
