1300.0	27.0	15.2267297512	6.94738676966
1310.0	27.0	14.6755216291	6.82232903461
1320.0	27.0	14.124313507	6.69727129956
1330.0	27.0	13.5602670132	6.56218985292
1340.0	27.0	12.9838030779	6.4168460349
1350.0	27.0	12.3919751896	6.27293417567
1360.0	27.0	11.7384810243	6.13475015163
1370.0	27.0	11.0915112773	6.02186406637
1380.0	27.0	10.4601159484	5.96768829183
1390.0	27.0	9.83208806127	5.92425220829
1400.0	27.0	9.23457761504	5.97795066322
1410.0	27.0	8.63727763392	6.03188777796
1420.0	27.0	8.0397671877	6.08582489269
1430.0	27.0	7.37553930172	6.12305582145
1440.0	27.0	6.71110095063	6.1602867502
1450.0	27.0	6.04687306465	6.19775633876
1460.0	27.0	5.42999982834	6.25288675249
1470.0	27.0	4.82491263817	6.31255170242
1480.0	27.0	4.21982544799	6.37221665235
1490.0	27.0	3.63052314104	6.48104552102
1500.0	27.0	3.05174408957	6.62280944205
1510.0	27.0	2.4729650381	6.76457336308
1520.0	27.0	1.94406621761	6.96504759484
1530.0	27.0	1.48988251104	7.25406461229
1540.0	27.0	1.12493601095	7.56312905292
1550.0	27.0	0.849016252229	7.89224091672
1560.0	27.0	0.57330695862	8.22135278053
1560.0	30.0	15.0097402232	4.55935681373
1570.0	27.0	0.372733709147	8.53709969555
1570.0	30.0	14.343197221	4.54933310214
1580.0	27.0	0.222461620874	8.84401619798
1580.0	30.0	13.6766542188	4.53954805035
1590.0	27.0	0.0721895326016	9.15093270041
1590.0	30.0	13.0362088902	4.56794856652
1600.0	30.0	12.4216507701	4.63477331044
1610.0	30.0	11.80709265	4.70159805435
1620.0	30.0	11.1931659252	4.71162176594
1630.0	30.0	10.5794496655	4.72140681773
1640.0	30.0	9.96510201055	4.67964135278
1650.0	30.0	9.35054389044	4.60327021687
1660.0	30.0	8.73766949121	4.52689908096
1660.0	32.0	0.0391465103903	4.02595216137
1670.0	30.0	8.13952764966	4.45172124405
1670.0	32.0	0.540053471299	4.05053412074
1680.0	30.0	7.55296138913	4.39134031473
1680.0	32.0	1.0407499671	4.07535473991
1690.0	30.0	7.01374977827	4.39134031473
1690.0	32.0	1.5414464629	4.09993669928
1700.0	30.0	6.44212654053	4.40446660371
1700.0	32.0	2.02888365679	4.13048515364
1710.0	30.0	5.8490358616	4.42594598569
1710.0	32.0	2.51295340893	4.162226907
1720.0	30.0	5.29109285599	4.38943103633
1720.0	32.0	2.99702316107	4.19396866036
1730.0	30.0	4.78597659288	4.26532794048
1730.0	32.0	3.37438710263	4.37320216995
1740.0	30.0	4.28086032978	4.14122484463
1740.0	32.0	3.72523244037	4.58918928869
1750.0	30.0	3.74691034666	4.09182226609
1750.0	32.0	4.09228359156	4.7467047565
1760.0	30.0	3.21001385201	4.05053412074
1760.0	32.0	4.46649055647	4.87916094534
1770.0	30.0	2.67290689224	4.00948463519
1770.0	32.0	4.79165915084	4.89252589413
1780.0	30.0	2.0989685383	4.04194236795
1780.0	32.0	5.11114518726	4.89252589413
1790.0	30.0	1.52481971924	4.07463876051
1790.0	32.0	5.37359517896	4.89538981172
1800.0	30.0	0.950881365288	4.10709649327
1800.0	32.0	5.4072695965	4.90970939971
1810.0	30.0	0.376943011339	4.13955422603
1810.0	32.0	5.44094401404	4.92402898769
1820.0	32.0	5.47461843158	4.93834857567
1830.0	32.0	5.50829284912	4.95266816365
1840.0	32.0	5.54196726666	4.96698775164
1850.0	32.0	5.5756416842	4.98130733962
1860.0	32.0	5.60931610174	4.9956269276
1870.0	32.0	5.64299051928	5.00994651558
1880.0	32.0	5.67666493682	5.02426610357
1890.0	32.0	5.73159633043	5.04359754734
1900.0	32.0	5.87197655855	5.0834537339
1910.0	32.0	6.01235678667	5.12330992045
1920.0	32.0	6.07907422642	5.14359600342
1930.0	32.0	6.12727073653	5.15934755021
1940.0	32.0	6.17567771174	5.17509909699
1950.0	32.0	6.22387422185	5.19061198397
1960.0	32.0	6.27228119706	5.20636353075
1970.0	32.0	6.32047770716	5.22187641773
1980.0	32.0	6.48758700421	5.14908517882
1990.0	32.0	6.70562885778	5.03834703175
2000.0	32.0	6.92346024624	4.92737022488
2010.0	32.0	7.29156372298	4.84240733619
2020.0	32.0	7.67608347826	4.76006970528
2030.0	32.0	8.06081369866	4.67773207438
2040.0	32.0	8.51289275413	4.58942794849
2050.0	32.0	8.96497180961	4.5008851628
2060.0	32.0	9.41410435355	4.42475268669
2070.0	32.0	9.85608108376	4.37702072674
2080.0	32.0	10.298057814	4.3292887668
2080.0	37.0	14.7140367441	4.72546403433
2090.0	32.0	10.7459275673	4.29301247725
2090.0	37.0	14.0453890909	4.96412383404
2100.0	32.0	11.2072670876	4.28394340486
2100.0	37.0	13.4449321331	5.15075579742
2110.0	32.0	11.6686066079	4.27487433247
2110.0	37.0	12.8613123841	5.32426147181
2120.0	32.0	12.1779321732	4.21353876394
2120.0	37.0	12.2720100772	5.4977671462
2130.0	32.0	12.707462389	4.13000783404
2130.0	37.0	11.6789193982	5.67151148039
2140.0	32.0	13.2372030699	4.04647690414
2140.0	37.0	11.0864601146	5.81184344262
2150.0	32.0	13.7669437508	3.96294597424
2150.0	37.0	10.4952636217	5.90277282631
2160.0	32.0	14.2964739666	3.87941504434
2160.0	37.0	9.90953922161	6.01804550957
2170.0	32.0	14.8262146476	3.79588411444
2170.0	37.0	9.33707412343	6.18988056537
2180.0	37.0	8.76460902525	6.36171562116
2190.0	37.0	8.17867416005	6.46600995364
2200.0	37.0	7.5893718531	6.55359810013
2210.0	37.0	7.00006954615	6.64118624663
2220.0	37.0	6.42928816884	6.69822593876
2230.0	37.0	5.86334748906	6.7473898575
2240.0	37.0	5.29719634416	6.79679243604
2250.0	37.0	4.69526613064	6.86695841716
2260.0	37.0	4.08933708002	6.93927233647
2270.0	37.0	3.48361849452	7.01158625578
2280.0	37.0	2.93977665125	7.11444862946
2290.0	37.0	2.43739643457	7.23759708611
2300.0	37.0	1.9350162179	7.36074554276
2310.0	37.0	1.49745925499	7.48651925721
2320.0	37.0	1.12514647606	7.61515688926
2330.0	37.0	0.752833697131	7.7435558615
2340.0	37.0	0.6800127692	7.92756256708
2350.0	37.0	0.6406557937	8.11777442745
2360.0	37.0	0.601088353091	8.30798628782
2370.0	37.0	0.561731377591	8.4981981482
2380.0	37.0	0.522163936981	8.68841000857
2390.0	37.0	0.482806961481	8.87862186894
2400.0	37.0	0.443239520871	9.06859506951
3040.0	44.0	0.300754641655	4.86603465636
3050.0	44.0	0.781667417149	4.84049805779
3060.0	44.0	1.26279065775	4.81496145922
3070.0	44.0	1.75633133983	4.78178774706
3080.0	44.0	2.27933713724	4.73119186952
3090.0	44.0	2.80234293466	4.68059599198
3100.0	44.0	3.32534873208	4.63000011444
3110.0	44.0	3.86392894762	4.57391506151
3120.0	44.0	4.40250916315	4.51759134878
3130.0	44.0	4.94087891357	4.46150629584
3140.0	44.0	5.45672889726	4.42355938769
3150.0	44.0	5.95721492795	4.39778412932
3160.0	44.0	6.45791142375	4.37200887095
3170.0	44.0	6.95839745444	4.34623361258
3180.0	44.0	7.49487301887	4.31449185922
3190.0	44.0	8.03513695528	4.28227278626
3200.0	44.0	8.5756113568	4.2500537133
3210.0	44.0	9.10829854926	4.20423103175
3220.0	44.0	9.61088923105	4.10423257567
3230.0	44.0	10.1132694477	4.00399545979
3240.0	44.0	10.6194380364	3.90280370471
3250.0	44.0	11.1594915077	3.79158823805
3260.0	44.0	11.6997554441	3.68013411158
3270.0	44.0	12.2385461247	3.5815676143
3280.0	44.0	12.7647088988	3.59922843948
3290.0	44.0	13.2908716729	3.61712792446
3300.0	44.0	13.8170344469	3.63478874964
3310.0	44.0	14.343197221	3.65244957481
3320.0	44.0	14.869359995	3.67011039999
3570.0	54.0	15.1021344063	3.9149753545
3580.0	54.0	14.832739066	4.02953205836
3590.0	54.0	14.5633437256	4.14408876222
3600.0	54.0	14.3564565229	4.25649752789
3610.0	54.0	14.2954216411	4.36437175736
3620.0	54.0	14.2341762942	4.47224598683
3630.0	54.0	14.1152635073	4.56436866952
3640.0	54.0	13.7644181695	4.59420114448
3650.0	54.0	13.4135728318	4.62403361945
3660.0	54.0	12.9577054043	4.61400990786
3670.0	54.0	12.4753193731	4.59420114448
3680.0	54.0	11.9653624124	4.58895062889
3690.0	54.0	11.4137333601	4.60541815507
3700.0	54.0	10.8621043078	4.62188568125
3710.0	54.0	10.3565671145	4.61735114506
3720.0	54.0	9.89691131503	4.59229186609
3730.0	54.0	9.4370450505	4.56723258712
3740.0	54.0	8.97738925108	4.54217330815
3750.0	54.0	8.52320554451	4.55911815393
3760.0	54.0	8.07133695414	4.59420114448
3770.0	54.0	7.61946836377	4.62928413504
3780.0	54.0	7.17538698246	4.67820939398
3790.0	54.0	6.74919513547	4.75983104549
3800.0	54.0	6.32321375359	4.84121403719
3810.0	54.0	5.89723237171	4.92283568869
3820.0	54.0	5.4596754088	4.9937176492
3830.0	54.0	4.97686844731	5.02164084577
3840.0	54.0	4.49406148583	5.04980270214
3850.0	54.0	4.01125452435	5.0777258987
3860.0	54.0	3.54107546945	5.02378878397
3870.0	54.0	3.07405339119	4.94908826666
3880.0	54.0	2.60703131293	4.87462640915
3890.0	54.0	2.14800690884	4.77749187066
3900.0	54.0	1.69403366738	4.665083105
3910.0	54.0	1.24006042591	4.55267433933
3920.0	54.0	0.786087184451	4.44050423347
3930.0	54.0	0.332113942989	4.3280954678
3940.0	54.0	-0.121648833364	4.21592536194
5060.0	79.0	0.182683715155	3.93024958168
5070.0	79.0	0.671173234596	4.00685937739
5080.0	79.0	1.15987321915	4.0837078329
5090.0	79.0	1.64268018063	4.15029391702
5100.0	79.0	2.07413365536	4.12642793705
5110.0	79.0	2.50558713009	4.10256195707
5120.0	79.0	2.93704060482	4.0786959771
5130.0	79.0	3.37186152131	4.05005680114
5130.0	83.0	0.147325576738	6.73020635192
5140.0	79.0	3.83677894847	3.97774288182
5140.0	83.0	0.491015100756	6.45169036565
5150.0	79.0	4.30190684075	3.90566762231
5150.0	83.0	0.834915089884	6.17341303919
5160.0	79.0	4.76682426791	3.8335923628
5160.0	83.0	1.1786046139	5.89489705292
5170.0	79.0	5.23174169507	3.76127844348
5170.0	83.0	1.57469995022	5.78964808125
5180.0	79.0	5.69244982004	3.69158978197
5180.0	83.0	1.97100575164	5.68439910957
5190.0	79.0	6.15231608457	3.62261709985
5190.0	83.0	2.36710108796	5.5789114781
5200.0	79.0	6.611971884	3.55340575793
5200.0	83.0	2.80592084153	5.44263673247
5210.0	79.0	7.07162768342	3.48443307582
5210.0	83.0	3.27294291979	5.28535992445
5220.0	79.0	7.54517418008	3.47846658082
5220.0	83.0	3.74017546316	5.12832177624
5230.0	79.0	8.01872067673	3.47250008583
5230.0	83.0	4.20719754141	4.97104496823
5240.0	79.0	8.49226717339	3.46653359084
5240.0	83.0	4.64264985323	4.80875630443
5250.0	79.0	8.96581367005	3.46056709585
5250.0	83.0	5.0465323986	4.64097846523
5260.0	79.0	9.41915551618	3.47894390042
5260.0	83.0	5.45041494397	4.47320062603
5270.0	79.0	9.87249736231	3.497320705
5270.0	83.0	5.85429748934	4.30566144663
5280.0	79.0	10.3258392084	3.51569750958
5280.0	83.0	6.27670096436	4.13024649384
5290.0	79.0	10.7804438452	3.54600730414
5290.0	83.0	6.70352420668	3.95292226265
5300.0	79.0	11.2480973188	3.68395266838
5300.0	83.0	7.13055791411	3.77559803147
5310.0	79.0	11.7159612575	3.82165937281
5310.0	83.0	7.55738115643	3.61378668726
5320.0	79.0	12.1836147311	3.95960473705
5320.0	83.0	7.98420439875	3.48777431301
5320.0	88.0	0.516691844131	4.33525526179
5330.0	79.0	12.6512682047	4.09755010128
5330.0	83.0	8.41102764107	3.36176193876
5330.0	88.0	1.08705229122	4.36604237596
5340.0	79.0	13.0477844712	4.2438485585
5340.0	83.0	8.8378508834	3.23574956451
5340.0	88.0	1.65720227319	4.39682949012
5350.0	79.0	13.3971565532	4.39563619112
5350.0	83.0	9.30676714764	3.19804131616
5350.0	88.0	2.18420690769	4.39921608812
5360.0	79.0	13.7463181701	4.54766248354
5360.0	83.0	9.79378341131	3.19804131616
5360.0	88.0	2.64596735821	4.35959856137
5370.0	79.0	14.095479787	4.69945011616
5370.0	83.0	10.2810101401	3.19804131616
5370.0	88.0	3.10793827384	4.31974237481
5380.0	79.0	14.4442204736	4.8280877482
5380.0	83.0	10.7547671019	3.20567842975
5380.0	88.0	3.56969872436	4.27988618826
5390.0	79.0	14.7914879045	4.86388671816
5390.0	83.0	11.1756973211	3.2443413173
5390.0	88.0	3.98578824609	4.14719133962
5400.0	79.0	15.1387553354	4.89968568812
5400.0	83.0	11.5966275404	3.28276554506
5400.0	88.0	4.39072311701	3.99110783061
5410.0	83.0	12.0175577596	3.31641657682
5410.0	88.0	4.79860449946	3.87225525035
5420.0	83.0	12.4384879789	3.30734750443
5420.0	88.0	5.21953471871	3.90208772531
5430.0	83.0	12.8594181981	3.29803977224
5430.0	88.0	5.65098819345	3.94981968526
5440.0	83.0	13.2917135333	3.3319294638
5440.0	88.0	6.0893870168	4.00948463519
5450.0	83.0	13.7351635193	3.40853925951
5450.0	88.0	6.51621025912	4.06175113132
5460.0	83.0	14.1786135053	3.48538771502
5460.0	88.0	6.89652071221	4.0849011319
5470.0	83.0	14.623536747	3.54767792274
5470.0	88.0	7.27662070019	4.10805113247
5480.0	83.0	15.0693018492	3.60376297567
5480.0	88.0	7.65356371153	4.12260938025
5490.0	88.0	8.00125207263	4.06031917252
5500.0	88.0	8.34915089884	3.9980289648
5510.0	88.0	8.77302762963	3.92523772589
5520.0	88.0	9.21605668539	3.85005988898
5530.0	88.0	9.66371597357	3.93239751988
5540.0	88.0	10.111796192	4.03263463576
5550.0	88.0	10.5598764104	4.13263309184
5560.0	88.0	11.0536275575	4.21640268154
5570.0	88.0	11.5587438206	4.29587639484
5580.0	88.0	12.0638600837	4.37535010815
5590.0	88.0	12.55592751	4.4961119668
5600.0	88.0	13.0448379597	4.62689753704
5610.0	88.0	13.5335379443	4.75768310729
5620.0	88.0	14.051492579	4.84383929498
5630.0	88.0	14.5818646553	4.9106640389
5640.0	88.0	15.1122367316	4.97748878282
6510.0	112.0	14.8771472041	4.44074289327
6520.0	112.0	14.4490611711	4.62355629985
6520.0	113.0	15.0088983627	5.19204394277
6530.0	112.0	14.0211856033	4.80660836623
6530.0	113.0	14.6151181426	5.32282951301
6530.0	114.0	0.315697664438	6.22902077252
6540.0	112.0	13.5577414319	4.90493620371
6540.0	113.0	14.2213379225	5.45385374305
6540.0	114.0	0.751149976254	6.17961819398
6550.0	112.0	13.0412600528	4.87581970815
6550.0	113.0	13.8275577024	5.58463931329
6550.0	114.0	1.18660228807	6.13021561544
6560.0	112.0	12.5245682087	4.84694187238
6560.0	113.0	13.3855809722	5.56864910671
6560.0	114.0	1.62394878587	6.0824836555
6570.0	112.0	12.0131379923	4.81734805722
6570.0	113.0	12.943604242	5.55289755993
6570.0	114.0	2.07897435288	6.05026458254
6580.0	112.0	11.5490624256	4.78059444806
6580.0	113.0	12.5016275118	5.53690735335
6580.0	114.0	2.534210385	6.01804550957
6590.0	112.0	11.0849868589	4.7438408389
6590.0	113.0	11.9678879937	5.4941872492
6590.0	114.0	2.98923595201	5.98582643661
6600.0	112.0	10.6209112921	4.70708722975
6600.0	113.0	11.4343589408	5.45170580485
6600.0	114.0	3.44468244924	5.96649499284
6610.0	112.0	10.1698845622	4.68393722918
6610.0	113.0	10.9174566316	5.42139601029
6610.0	114.0	3.90054987669	5.96649499284
6620.0	112.0	9.77042178415	4.71448568354
6620.0	113.0	10.4681136226	5.44072745407
6620.0	114.0	4.35662776925	5.96649499284
6630.0	112.0	9.37116947119	4.7450341379
6630.0	113.0	10.0187706135	5.46005889784
6630.0	114.0	4.81270566181	5.96649499284
6640.0	112.0	8.97170669312	4.77558259227
6640.0	113.0	9.56942760445	5.47939034162
6640.0	114.0	5.26373239173	5.98511045721
6650.0	112.0	8.56929740351	4.79706197424
6650.0	113.0	9.14744505965	5.45934291845
6650.0	114.0	5.69497540136	6.0781877791
6660.0	112.0	8.15931136996	4.79706197424
6660.0	113.0	8.75282297911	5.39967796852
6660.0	114.0	6.12600794587	6.17150376079
6670.0	112.0	7.74953580152	4.79706197424
6670.0	113.0	8.35820089856	5.34001301859
6670.0	114.0	6.55725095549	6.26458108268
6680.0	112.0	7.33976023308	4.79706197424
6680.0	113.0	7.97178695729	5.30063415164
6680.0	114.0	6.99080908132	6.34095221859
6690.0	112.0	6.92009280449	4.80636970643
6690.0	113.0	7.60515673632	5.30827126523
6690.0	114.0	7.44457185767	6.26625170128
6700.0	112.0	6.49095444596	4.82522383061
6700.0	113.0	7.23873698046	5.31590837882
6700.0	114.0	7.89833463403	6.19178984377
6710.0	112.0	6.06181608743	4.84383929498
6710.0	113.0	6.86011024824	5.32211353361
6710.0	114.0	8.35209741038	6.11708932646
6720.0	112.0	5.63267772891	4.86269341916
6720.0	113.0	6.43412886636	5.32211353361
6720.0	114.0	8.84816367377	5.98367849842
6730.0	112.0	5.20353937038	4.88130888354
6730.0	113.0	6.00835794959	5.32211353361
6730.0	114.0	9.34907063468	5.84382385578
6740.0	112.0	4.77945217449	4.88393414134
6740.0	113.0	5.58237656771	5.32211353361
6740.0	114.0	9.84976713047	5.70396921315
6750.0	112.0	4.36336265276	4.86221609956
6750.0	113.0	5.15639518583	5.32211353361
6750.0	114.0	10.3449915334	5.70396921315
6760.0	112.0	3.94727313103	4.84049805779
6760.0	113.0	4.73546496657	5.35194600857
6760.0	114.0	10.8402159364	5.70396921315
6770.0	112.0	3.53097314419	4.81878001601
6770.0	113.0	4.31453474732	5.38177848354
6770.0	114.0	11.3354403393	5.70396921315
6780.0	112.0	3.11488362246	4.79706197424
6780.0	113.0	3.89360452807	5.4116109585
6780.0	114.0	11.8270868354	5.73404034792
6790.0	112.0	2.68595572904	4.82450785121
6790.0	113.0	3.47267430882	5.44144343347
6790.0	114.0	12.3166286804	5.78392024606
6800.0	112.0	2.25681737051	4.85219238797
6800.0	113.0	3.05847897308	5.46530941344
6800.0	114.0	12.8061705254	5.8338001442
6810.0	112.0	1.8278894771	4.87963826494
6810.0	113.0	2.67059177604	5.46530941344
6810.0	114.0	13.2955019053	5.88368004234
6820.0	112.0	1.39875111857	4.90732280171
6820.0	113.0	2.28291504411	5.46530941344
6820.0	114.0	13.7589460767	5.95456200285
6830.0	112.0	0.969823225154	4.93476867867
6830.0	113.0	1.89523831218	5.46530941344
6830.0	114.0	14.1611449012	6.07389190271
6840.0	112.0	0.631395328877	4.80135785064
6840.0	113.0	1.50840344069	5.42807848468
6840.0	114.0	14.5635541908	6.19322180256
6850.0	112.0	0.315697664438	4.62785217624
6850.0	113.0	1.12241042963	5.33547848239
6850.0	114.0	14.9659634804	6.31255170242
6860.0	113.0	0.736627883689	5.24263982031
6870.0	113.0	0.350845337746	5.14980115822
6980.0	122.0	0.231511620588	3.17417533619
6990.0	122.0	0.736627883689	3.34601039198
7000.0	122.0	1.24174414679	3.51784544778
7010.0	122.0	1.74328250303	3.67130369899
7020.0	122.0	2.24145341751	3.80662380543
7030.0	122.0	2.739624332	3.94194391187
7040.0	122.0	3.2405312929	4.04934082174
7050.0	122.0	3.74438476535	4.12881453504
7060.0	122.0	4.24823823779	4.20828824835
7070.0	122.0	4.7645091517	4.26699855908
7080.0	122.0	5.33129169192	4.24265525951
7090.0	122.0	5.89786376704	4.21807330014
7100.0	122.0	6.46443584215	4.19373000056
