230.0	4.0	15.2940785863	9.09723424548
240.0	4.0	14.6149076775	9.1623883708
250.0	4.0	13.9357367687	9.22754249612
260.0	4.0	13.2403600465	9.33828064319
270.0	4.0	12.5291984411	9.494602812
280.0	4.0	11.8180368357	9.65092498081
290.0	4.0	11.1394973223	9.85092189297
300.0	4.0	10.4828461802	10.0800353007
310.0	4.0	9.82956247995	10.3074780898
320.0	4.0	9.20595436013	10.5196466518
330.0	4.0	8.58234624031	10.7318152137
340.0	4.0	7.94716253946	10.9131966615
350.0	4.0	7.29472069962	11.0482781081
360.0	4.0	6.64227885978	11.1835982146
370.0	4.0	6.00393818229	11.3155770838
380.0	4.0	5.38643355065	11.4430214169
390.0	4.0	4.76913938411	11.5702270901
400.0	4.0	4.1413219621	11.6928982272
410.0	4.0	3.49793012198	11.8088868898
420.0	4.0	2.85453828185	11.9248755525
430.0	4.0	2.21114644173	12.0406255553
440.0	4.0	1.57301622934	12.1628193728
450.0	4.0	0.935727877395	12.2854905098
460.0	4.0	0.298229060339	12.4081616469
470.0	4.0	-0.339059291607	12.5310714438
2040.0	33.0	0.14585232097	10.3521074724
2050.0	33.0	0.762725557283	10.2943518008
2060.0	33.0	1.3795987936	10.2368347891
2070.0	33.0	1.99647202991	10.1544971582
2080.0	33.0	2.61334526622	9.97359303003
2090.0	33.0	3.23021850253	9.79245024204
2100.0	33.0	3.82541383255	9.61870590785
2110.0	33.0	4.36967660605	9.46238373904
2120.0	33.0	4.91393937954	9.30606157023
2130.0	33.0	5.44473238601	9.12539610184
2140.0	33.0	5.95489981174	8.9084543439
2150.0	33.0	6.46506723748	8.69151258596
2160.0	33.0	6.97586605854	8.48363990041
2170.0	33.0	7.49087418179	8.35810484576
2180.0	33.0	8.00588230505	8.23256979112
2190.0	33.0	8.52110089341	8.10679607667
2200.0	33.0	9.01653576147	7.996773909
2200.0	37.0	6.00267539163	12.4399034003
2210.0	33.0	9.46651016585	7.92278937109
2210.0	37.0	6.02435329792	12.1107915365
2220.0	33.0	9.91648457023	7.84856617338
2220.0	37.0	6.04624166932	11.7816796727
2230.0	33.0	10.3948717644	7.76360328468
2230.0	37.0	6.07233934292	11.4449306953
2240.0	33.0	10.9157729107	7.6621728698
2240.0	37.0	6.10853934177	11.0909982123
2250.0	33.0	11.4366740571	7.56074245492
2250.0	37.0	6.14494980574	10.7373043891
2260.0	33.0	11.9575752034	7.45931204004
2260.0	37.0	6.17504631641	10.3785987101
2270.0	33.0	12.4868949541	7.39845379112
2270.0	37.0	6.19609282738	10.0124945774
2280.0	33.0	13.0290530765	7.39845379112
2280.0	37.0	6.21713933834	9.64662910442
2290.0	33.0	13.5712111989	7.39845379112
2290.0	37.0	6.23271375645	9.28052497166
2300.0	33.0	14.1057925773	7.4108641007
2300.0	37.0	6.2402905004	8.9139435193
2310.0	33.0	14.5723937254	7.53544451615
2310.0	37.0	6.24786724434	8.54736206694
2320.0	33.0	15.0392053385	7.6600249316
2320.0	37.0	6.21293003615	8.21467030614
2330.0	37.0	6.14979050326	7.90441256651
2340.0	37.0	6.08665097037	7.59415482688
2350.0	37.0	5.9801556249	7.25525791129
2360.0	37.0	5.84482655941	6.89726821172
2370.0	37.0	5.70970795903	6.53927851215
2380.0	37.0	5.70570912195	6.25694396909
2390.0	37.0	5.73475330708	5.99370221
2400.0	37.0	5.7637974922	5.73022179112
2840.0	45.0	-0.0380941848422	13.2785539365
2850.0	45.0	0.57330695862	12.9945487748
2860.0	45.0	1.18470810208	12.7103049533
2870.0	45.0	1.82767901199	12.4246291731
2880.0	45.0	2.48433015402	12.1382374134
2890.0	45.0	3.1376138543	11.8556642106
2900.0	45.0	3.77742778756	11.5883652349
2910.0	45.0	4.41724172082	11.3210662592
2920.0	45.0	5.13366495399	11.0938621299
2930.0	45.0	5.88292074425	10.8838415061
2940.0	45.0	6.61386606998	10.6740595422
2950.0	45.0	7.27156953756	10.4652322174
2950.0	46.0	15.113078592	7.65549039541
2960.0	46.0	14.4654774497	7.71062080914
2970.0	46.0	13.8178763074	7.76551256308
2980.0	46.0	13.1658553977	7.84403163718
2990.0	46.0	12.5031007675	7.97648782602
3000.0	46.0	11.8405566024	8.10918267466
3010.0	46.0	11.2131601106	8.2492759771
3020.0	46.0	10.6093357111	8.39461979512
3030.0	46.0	9.99414619568	8.54187289154
3040.0	46.0	9.35327993687	8.69366052416
3050.0	46.0	8.71241367806	8.84759609498
3060.0	46.0	8.0725997448	9.01943115077
3070.0	46.0	7.43278581154	9.19126620656
3080.0	46.0	6.77466141374	9.36596517995
3090.0	46.0	6.10433003958	9.54281209154
3100.0	46.0	5.43399866542	9.71965900313
3110.0	46.0	4.78513473245	9.85235385177
3120.0	46.0	4.13858591568	9.98027550442
3130.0	46.0	3.48993244781	10.1055718993
3140.0	46.0	2.82107432942	10.2077182935
3150.0	46.0	2.15200574592	10.3101033476
3160.0	46.0	1.49430227834	10.4303878867
3170.0	46.0	0.862906949465	10.5921992309
3180.0	46.0	0.231511620588	10.7542492349
3190.0	46.0	-0.399883708289	10.9160605791
3460.0	54.0	-0.161637204192	11.0554379021
3470.0	54.0	0.727998814195	10.957826044
3480.0	54.0	1.61763483258	10.860214186
3490.0	54.0	2.49801038615	10.7824110913
3500.0	54.0	3.36891500978	10.7248940795
3510.0	54.0	4.23981963341	10.6673770678
3520.0	54.0	5.07747076972	10.6174971697
3530.0	54.0	5.89302306951	10.5726291273
3540.0	54.0	6.70857536931	10.5279997448
3550.0	54.0	7.51276255319	10.4480487119
3560.0	54.0	8.3001125283	10.3153538632
3570.0	54.0	9.08746250341	10.1828976744
3580.0	54.0	9.87607526918	10.035644578
3590.0	54.0	10.6653194303	9.88218632673
3600.0	54.0	11.4545635914	9.72872807552
3610.0	54.0	12.2334949621	9.67598425978
3620.0	54.0	13.0113740073	9.63469611443
3630.0	54.0	13.805669331	9.54328941114
3640.0	54.0	14.6109088404	9.41870899569
3650.0	54.0	15.4161483499	9.29412858024
4510.0	69.0	9.42820551589	13.0472925905
4520.0	69.0	9.37432644783	12.7902559862
4530.0	69.0	9.32044737977	12.533219382
4540.0	69.0	9.26635784659	12.2761827777
4550.0	69.0	9.23941831256	11.988597719
4560.0	69.0	9.23941831256	11.670464206
4570.0	69.0	9.23941831256	11.352330693
4580.0	69.0	9.24531133563	11.0368224377
4590.0	69.0	9.27435552076	10.7322925333
4600.0	69.0	9.30318924078	10.4277626289
4610.0	69.0	9.32360435641	10.1215621058
4620.0	69.0	9.32360435641	9.81130436622
4630.0	69.0	9.30339970589	9.47908992502
4640.0	69.0	9.23562994059	9.09556362688
4640.0	75.0	-0.100391857291	11.4814456446
4650.0	69.0	9.1680706404	8.71203732874
4650.0	75.0	0.466180217821	11.2976775988
4660.0	69.0	9.12324157205	8.3308976286
4660.0	75.0	1.03296275804	11.1141482129
4670.0	69.0	9.10156366576	7.95238318625
4670.0	75.0	1.59953483315	10.9306188269
4680.0	69.0	9.07967529435	7.57363008411
4680.0	75.0	2.1755778382	11.0060353236
4690.0	69.0	9.08009622457	7.19225172416
4690.0	75.0	2.76488014515	11.0470848091
4700.0	69.0	9.09503924736	6.80872542603
4700.0	75.0	3.45773128604	10.859020887
4710.0	69.0	9.11019273525	6.42496046809
4710.0	75.0	4.10912080033	10.859020887
4720.0	69.0	9.14681366433	5.9970434472
4720.0	75.0	4.77461147696	10.8544863508
4730.0	69.0	9.18890668625	5.55790941573
4730.0	75.0	5.49608587276	10.8318136698
4740.0	69.0	9.22594854554	5.13762950843
4740.0	75.0	6.21040445483	10.799355937
4750.0	69.0	9.25162528892	4.76174032388
4750.0	75.0	6.85947885292	10.6800260372
4760.0	69.0	9.27709156718	4.38561247953
4760.0	75.0	7.50834278589	10.5606961373
4770.0	69.0	9.30255784545	4.00948463519
4770.0	75.0	8.07807183765	10.2819414913
4780.0	69.0	9.17312180303	3.59636452188
4780.0	75.0	8.61370554164	9.93469148267
4790.0	69.0	9.0434752955	3.18324440858
4790.0	75.0	9.05694506252	9.4960347708
4800.0	69.0	8.92224739236	2.7517474907
4800.0	75.0	9.31097644983	8.8256393934
4810.0	69.0	8.81301600046	2.29208871645
4810.0	75.0	9.50565667624	8.14951618082
4820.0	69.0	8.70399507367	1.8324299422
4820.0	75.0	9.70370434439	7.53186461916
4830.0	69.0	8.58887065871	1.37993096194
4830.0	75.0	9.7234880647	6.86600377796
4840.0	69.0	8.47122066243	0.930773218882
4840.0	75.0	9.61446713791	6.22353159713
4850.0	69.0	8.35357066615	0.481615475822
4850.0	75.0	9.25099389359	5.64860013962
4860.0	69.0	8.23592066987	0.0322190729613
4860.0	75.0	8.88057530065	5.0834537339
4870.0	75.0	8.44912182592	4.60613413447
4880.0	75.0	8.01766835118	4.12881453504
5230.0	87.0	5.09788588535	11.2179652257
5240.0	87.0	5.61247307838	11.1559136778
5250.0	87.0	6.12684980631	11.0941007897
5260.0	87.0	6.64143699934	11.0322879016
5270.0	87.0	7.14865791354	10.9320507857
5280.0	87.0	7.6550369673	10.8277564532
5290.0	87.0	8.16141602106	10.7232234609
5300.0	87.0	8.68442181848	10.6363512938
5310.0	87.0	9.21437296452	10.5566389207
5320.0	87.0	9.74453457566	10.4771652074
5330.0	87.0	10.2618578151	10.3876677825
5340.0	87.0	10.7793915197	10.2981703576
5350.0	87.0	11.2971356894	10.1688167462
5360.0	87.0	11.8150903242	10.0127332372
5370.0	87.0	12.3332554241	9.85664972817
5380.0	87.0	12.8594181981	9.66381261
5390.0	87.0	13.3855809722	9.47121415163
5400.0	87.0	13.8976425839	9.29174198224
5410.0	87.0	14.3888681498	9.13279455563
5420.0	87.0	14.8798832505	8.97360846923
5430.0	87.0	15.3708983513	8.81442238282
5660.0	95.0	0.0311488362246	12.3298812326
5670.0	95.0	0.506589518869	12.1353734958
5680.0	95.0	0.982240666622	11.9408657591
5690.0	95.0	1.4585232097	11.7518471977
5700.0	95.0	1.94175110141	11.6103219365
5710.0	95.0	2.42497899311	11.469035335
5720.0	95.0	2.93746153504	11.326078115
5730.0	95.0	3.49372081978	11.1812116166
5740.0	95.0	4.04998010452	11.0363451181
5750.0	95.0	4.59508473845	10.9146286203
5760.0	95.0	5.13303355866	10.8086636692
5770.0	95.0	5.67077191375	10.7024600583
5780.0	95.0	6.17231026999	10.5552069619
5790.0	95.0	6.66984978914	10.4034193293
5800.0	95.0	7.13476721631	10.2027064377
5810.0	95.0	7.58579394623	9.98099148382
5820.0	95.0	8.03682067616	9.75951518968
5830.0	95.0	8.55898461314	9.59412394848
5840.0	95.0	9.08893575918	9.43493786207
5850.0	95.0	9.61909737033	9.26525074448
5860.0	95.0	10.1490485164	9.05308218253
5870.0	95.0	10.6792101275	8.84091362059
5880.0	95.0	11.2455717375	8.69151258596
5890.0	95.0	11.8481333464	8.60487907867
5900.0	95.0	12.4443810019	8.47528680742
5910.0	95.0	13.0252647045	8.2461733997
5920.0	95.0	13.6061484071	8.01705999197
5930.0	95.0	14.1432553668	7.80226617223
