330.0	12.0	15.0366797572	3.79898669184
340.0	12.0	14.5010460532	3.84242277539
350.0	12.0	13.9654123492	3.88585885893
360.0	12.0	13.4295681801	3.92929494248
370.0	12.0	12.8695205234	3.97082174763
380.0	12.0	12.3035798436	4.01187123318
390.0	12.0	11.7374286987	4.05315937853
400.0	12.0	11.2072670876	4.15745371101
410.0	12.0	10.6811043135	4.26890783747
420.0	12.0	10.1549415394	4.38012330414
430.0	12.0	9.66034853181	4.46890474963
440.0	12.0	9.16933343106	4.55506093733
450.0	12.0	8.67810786519	4.64121712503
460.0	12.0	8.18604043888	4.72832795192
470.0	12.0	7.69144743126	4.81782537682
480.0	12.0	7.19685442364	4.90732280171
490.0	12.0	6.70226141602	4.9968202266
490.0	16.0	0.261397666155	7.2440409007
500.0	12.0	6.22976724492	5.09538672388
500.0	16.0	0.350003477307	7.13091615564
510.0	12.0	5.80883702566	5.21471662374
510.0	16.0	0.43860928846	7.01779141057
520.0	12.0	5.38790680641	5.3340465236
520.0	16.0	0.527215099612	6.90490532531
530.0	12.0	4.96697658716	5.45337642345
530.0	16.0	0.611822073681	6.8256702718
540.0	12.0	4.53952194951	5.56315993132
540.0	16.0	0.686958117818	6.8256702718
550.0	12.0	4.05397894161	5.58774189069
550.0	16.0	0.762094161954	6.8256702718
560.0	12.0	3.56822546859	5.61208519026
560.0	16.0	0.84880578712	6.81445326122
570.0	12.0	3.08247199558	5.63666714963
570.0	16.0	0.946672063096	6.79225789984
580.0	12.0	2.61103015001	5.67175014019
580.0	16.0	1.04453833907	6.77006253847
590.0	12.0	2.19704527938	5.7485985957
590.0	16.0	1.14240461505	6.7478671771
600.0	12.0	1.78284994364	5.82568571101
600.0	16.0	1.25184647205	6.73474088811
610.0	12.0	1.37854646805	5.89083983633
610.0	16.0	1.40716972296	6.75741356909
620.0	12.0	1.06284880361	5.85122230957
620.0	16.0	1.56249297386	6.78032490986
630.0	12.0	0.747151139171	5.81136612302
630.0	16.0	1.71781622476	6.80299759083
640.0	12.0	0.347898826211	5.92186561029
640.0	16.0	1.87313947567	6.8256702718
650.0	12.0	-0.0869220902753	6.09704190328
650.0	16.0	2.1318010954	6.92113419169
660.0	16.0	2.39025225002	7.01659811158
670.0	16.0	2.64891386975	7.11206203146
680.0	16.0	2.92483362847	7.18151203318
690.0	16.0	3.21822199128	7.22494811673
700.0	16.0	3.5116103541	7.26838420027
710.0	16.0	3.8045777867	7.30155791243
720.0	16.0	4.09670335886	7.29368213904
730.0	16.0	4.38861846591	7.28604502545
740.0	16.0	4.6834800845	7.27578265406
750.0	16.0	5.005070772	7.2426089419
760.0	16.0	5.3264509944	7.20943522974
770.0	16.0	5.64804168191	7.17626151758
780.0	16.0	5.94921725378	7.14332646522
790.0	16.0	6.22976724492	7.11015275306
800.0	16.0	6.51031723605	7.0769790409
810.0	16.0	6.79107769229	7.04380532874
820.0	16.0	7.13097884433	6.89512027352
830.0	16.0	7.47761487989	6.73378624891
840.0	16.0	7.82425091544	6.57221356451
850.0	16.0	8.18098927625	6.39942386952
860.0	16.0	8.54782996233	6.21541716394
870.0	16.0	8.91467064841	6.03117179856
880.0	16.0	9.28151133449	5.84716509298
890.0	16.0	9.61930783543	5.73404034792
900.0	16.0	9.95731480149	5.62115426265
910.0	16.0	10.2951113024	5.50802951759
920.0	16.0	10.6427996635	5.39108621573
930.0	16.0	11.0306868606	5.25934600629
940.0	16.0	11.4183635925	5.12736713704
950.0	16.0	11.8060403244	4.9956269276
960.0	16.0	12.1705658943	4.88536610013
970.0	16.0	12.5005751862	4.80804032503
980.0	16.0	12.830374013	4.73071454992
990.0	16.0	13.1603833049	4.65315011501
1000.0	16.0	13.4874460852	4.60040629928
1010.0	16.0	13.8134565401	4.55840217453
1020.0	16.0	14.1394669949	4.51639804978
1030.0	16.0	14.4654774497	4.47415526523
1040.0	16.0	14.7914879045	4.43215114048
1090.0	24.0	15.3130204461	2.90854697911
1100.0	24.0	14.7563402312	2.9161840927
1110.0	24.0	14.1996600162	2.92405986609
1120.0	24.0	13.6429798013	2.93169697968
1130.0	24.0	13.0987170278	2.89780728812
1140.0	24.0	12.5670821608	2.82239079141
1150.0	24.0	12.0352368288	2.7472129545
1160.0	24.0	11.5036019619	2.67179645779
1170.0	24.0	10.9801752343	2.68349078798
1180.0	24.0	10.4601159484	2.73265470672
1190.0	24.0	9.9400566625	2.78181862546
1200.0	24.0	9.42294388815	2.82692532761
1210.0	24.0	8.91256599731	2.86248563776
1220.0	24.0	8.40197764136	2.89804594792
1230.0	24.0	7.89159975052	2.93336759828
1240.0	24.0	7.38101139457	2.96892790844
1250.0	24.0	6.89041722403	2.99016863061
1260.0	24.0	6.4130823554	3.0018629608
1270.0	24.0	5.93553702166	3.01355729098
1280.0	24.0	5.45820215303	3.02525162117
1290.0	24.0	4.97560565666	3.02835419856
1300.0	24.0	4.48774753255	3.02286502317
1310.0	24.0	3.99988940843	3.01737584778
1320.0	24.0	3.51182081921	3.01188667238
1330.0	24.0	3.01975339291	3.00305625979
1340.0	24.0	2.48980224687	2.96343873304
1350.0	24.0	1.95964063572	2.92358254649
1360.0	24.0	1.42968948969	2.88372635994
1370.0	24.0	0.89952787854	2.84410883319
1380.0	24.0	0.369576732502	2.80425264663
1550.0	29.0	0.119123252048	5.75575838969
1560.0	29.0	0.612243003901	5.71494756394
1570.0	29.0	1.10515229064	5.67389807839
1580.0	29.0	1.5982720425	5.63308725264
1590.0	29.0	2.09749528253	5.60611869527
1600.0	29.0	2.60555805716	5.60039086008
1610.0	29.0	3.11383129691	5.59442436508
1620.0	29.0	3.62210453666	5.58869652989
1630.0	29.0	4.13395568326	5.5789114781
1640.0	29.0	4.65464636448	5.56005735392
1650.0	29.0	5.17512658058	5.54120322975
1660.0	29.0	5.6958172618	5.52234910557
1670.0	29.0	6.2162974779	5.51972384777
1680.0	29.0	6.73656722889	5.53285013676
1690.0	29.0	7.257047445	5.54621508554
1700.0	29.0	7.77731719599	5.55934137453
1710.0	29.0	8.28495904041	5.52592900257
1720.0	29.0	8.79112762906	5.48726611501
1730.0	29.0	9.29750668282	5.44860322746
1740.0	29.0	9.81693457337	5.40039394792
1750.0	29.0	10.3889787413	5.31471507982
1760.0	29.0	10.9608124442	5.22903621172
1770.0	29.0	11.5328566122	5.14335734362
1780.0	29.0	12.1049007801	5.06054239312
1790.0	29.0	12.676734483	4.98393259742
1800.0	29.0	13.2485681858	4.90732280171
1810.0	29.0	13.8204018887	4.8309516658
1820.0	29.0	14.3922355915	4.75434187009
1830.0	29.0	14.9640692944	4.67773207438
3130.0	47.0	0.447027892845	3.27178719427
3140.0	47.0	0.880796483783	3.33694131959
3150.0	47.0	1.31435460961	3.40209544492
3160.0	47.0	1.7535952934	3.46056709585
3170.0	47.0	2.2412429524	3.46056709585
3180.0	47.0	2.7288906114	3.46056709585
3190.0	47.0	3.21653827041	3.46056709585
3190.0	48.0	0.294651153476	3.43670111587
3200.0	47.0	3.70418592941	3.46056709585
3200.0	48.0	0.79829416081	3.39398101172
3210.0	47.0	4.21919405266	3.44171297167
3210.0	48.0	1.30193716814	3.35149956738
3210.0	50.0	14.9125053425	4.46938206923
3220.0	47.0	4.73441264103	3.42285884749
3220.0	48.0	1.79716157109	3.31593925722
3220.0	50.0	14.3383565235	4.62140836165
3230.0	47.0	5.24942076428	3.40400472331
3230.0	48.0	2.25892202161	3.30949544263
3230.0	50.0	13.7644181695	4.77319599427
3240.0	47.0	5.76948005016	3.38276400114
3240.0	48.0	2.72089293724	3.30281296823
3240.0	50.0	13.2422542325	4.84383929498
3250.0	47.0	6.30911259124	3.35221554678
3250.0	48.0	3.18265338776	3.29613049384
3250.0	50.0	12.7198798304	4.9147212555
3260.0	47.0	6.84874513232	3.32166709241
3260.0	48.0	3.66104058194	3.28634544205
3260.0	50.0	12.2059240327	4.9989681648
3270.0	47.0	7.3883776734	3.29111863805
3270.0	48.0	4.15037196182	3.27441245207
3270.0	50.0	11.7109100949	5.11495682746
3280.0	47.0	7.92106486587	3.27130987467
3280.0	48.0	4.63970334169	3.26247946208
3280.0	50.0	11.2161066222	5.23118414992
3290.0	47.0	8.43712531467	3.27703770987
3290.0	48.0	5.12903472157	3.2505464721
3290.0	50.0	10.7213031494	5.34717281258
3300.0	47.0	8.95318576347	3.28276554506
3300.0	48.0	5.61078935751	3.2457732761
3300.0	50.0	10.2060845611	5.42545322689
3310.0	47.0	9.46945667738	3.28849338025
3310.0	48.0	6.08749283081	3.2457732761
3310.0	50.0	9.6776066708	5.47867436222
3320.0	47.0	9.9836229402	3.29493719484
3320.0	48.0	6.563985839	3.2457732761
3320.0	50.0	9.14912878053	5.53165683776
3330.0	47.0	10.4803205989	3.30925678283
3330.0	48.0	7.05016024224	3.2481598741
3330.0	50.0	8.62065089026	5.58463931329
3340.0	47.0	10.9770182576	3.32357637081
3340.0	48.0	7.57358696987	3.25985420429
3340.0	50.0	8.09659276729	5.63642848983
3350.0	47.0	11.4737159163	3.33789595879
3350.0	48.0	8.09722416262	3.27130987467
3350.0	50.0	7.61252301516	5.67819395478
3360.0	47.0	11.9704135751	3.35221554678
3360.0	48.0	8.62086135537	3.28300420486
3360.0	50.0	7.12845326302	5.71995941973
3370.0	47.0	12.4652170478	3.36247791816
3370.0	48.0	9.14597180389	3.29350523605
3370.0	50.0	6.64438351088	5.76172488468
3380.0	47.0	12.9425519164	3.33694131959
3380.0	48.0	9.68581481008	3.29350523605
3380.0	50.0	6.15905096808	5.80659292703
3390.0	47.0	13.4198867851	3.31140472102
3390.0	48.0	10.2254473512	3.29350523605
3390.0	50.0	5.66151144893	5.87890684634
3400.0	47.0	13.8970111886	3.28586812245
3400.0	48.0	10.7650798922	3.29350523605
3400.0	50.0	5.16397192977	5.95122076565
3410.0	47.0	14.3743460572	3.26033152389
3410.0	48.0	11.2998717358	3.28515214306
3410.0	50.0	4.66664287573	6.02353468497
3420.0	47.0	14.8516809258	3.23479492532
3420.0	48.0	11.8155112544	3.24338667811
3420.0	50.0	4.22108823865	6.06458417052
3430.0	47.0	15.3290157945	3.20901966695
3430.0	48.0	12.331150773	3.20162121316
3430.0	50.0	3.78837197326	6.09775788268
3440.0	48.0	12.8467902915	3.15985574821
3440.0	50.0	3.35565570787	6.13093159484
3450.0	48.0	13.3651658565	3.12071554105
3450.0	50.0	2.92293944248	6.19369912216
3460.0	48.0	13.8944856073	3.09183770529
3460.0	50.0	2.48917085154	6.37436459055
3470.0	48.0	14.423805358	3.06272120972
3470.0	50.0	2.05561272571	6.55526871873
3480.0	48.0	14.9531251087	3.03384337396
3480.0	50.0	1.62184413477	6.73593418711
3490.0	50.0	1.28257437806	6.9151676967
3500.0	50.0	0.953617411713	7.09416254648
3510.0	50.0	0.624870910478	7.27315739627
3580.0	56.0	0.153429064917	8.46406979684
3590.0	56.0	0.295913944133	8.12708215964
3600.0	56.0	0.43818835824	7.79009452245
3610.0	56.0	0.580673237457	7.45310688525
3620.0	56.0	0.780194161382	7.13950790843
3630.0	56.0	1.20891158969	6.91850893389
3640.0	56.0	1.637629018	6.69750995936
3650.0	56.0	2.0859197015	6.53832387295
3660.0	56.0	2.55357317509	6.44118933447
3670.0	56.0	3.02143711378	6.34381613618
3680.0	56.0	3.46741268108	6.29465221744
3690.0	56.0	3.90812662064	6.25742128869
3700.0	56.0	4.34863009508	6.21995170013
3710.0	56.0	4.82722775437	6.1660145854
3720.0	56.0	5.33108122681	6.10109911987
3730.0	56.0	5.83493469926	6.03594499455
3740.0	56.0	6.31984631184	5.93881045607
3750.0	56.0	6.76056025139	5.76745271988
3760.0	56.0	7.20127419095	5.59585632388
3760.0	60.0	0.385151150615	4.07583205951
3770.0	56.0	7.64998580467	5.43643157767
3770.0	60.0	0.83723020609	4.04934082174
3780.0	56.0	8.17299160209	5.38583570013
3780.0	60.0	1.28930926157	4.02284958397
3790.0	56.0	8.69599739951	5.33523982259
3790.0	60.0	1.73528482886	4.00948463519
3800.0	56.0	9.21900319693	5.28440528526
3800.0	60.0	2.17536737309	4.00948463519
3810.0	56.0	9.75169038939	5.21972847953
3810.0	60.0	2.61544991732	4.00948463519
3820.0	56.0	10.2869031632	5.15171043661
3820.0	60.0	3.05721618242	4.00638205779
3830.0	56.0	10.8221159369	5.0834537339
3830.0	60.0	3.50529640081	3.99110783061
3840.0	56.0	11.3529089434	5.01591301058
3840.0	60.0	3.95337661921	3.97559494363
3850.0	56.0	11.8731786944	4.94956558626
3850.0	60.0	4.40314055848	3.96580989184
3860.0	56.0	12.3934484454	4.88321816194
3860.0	60.0	4.86763705542	4.00709803719
3870.0	56.0	12.9137181964	4.81687073762
3870.0	60.0	5.33192308725	4.04814752274
3880.0	56.0	13.4586123652	4.72283877653
3880.0	60.0	5.7943149331	4.09158360629
3890.0	56.0	14.0140297895	4.61663516566
3890.0	60.0	6.24807770945	4.14361144262
3900.0	56.0	14.5694472138	4.51067021458
3900.0	60.0	6.70205095092	4.19587793876
3910.0	56.0	15.1248646381	4.40470526351
3910.0	60.0	7.15581372727	4.2481444349
3920.0	60.0	7.63925208408	4.30613876623
3930.0	60.0	8.122900906	4.36413309756
3940.0	60.0	8.60633926281	4.42236608869
3950.0	60.0	9.10093227043	4.46675681144
3960.0	60.0	9.62162295164	4.47916712102
3970.0	60.0	10.1421031677	4.49181609041
3980.0	60.0	10.662793849	4.50446505979
3990.0	60.0	11.1704356934	4.52260320457
4000.0	60.0	11.665028701	4.54646918454
4010.0	60.0	12.1596217086	4.57033516451
4020.0	60.0	12.6542147162	4.59420114448
4030.0	60.0	13.1488077239	4.61806712446
4040.0	60.0	13.6434007315	4.64193310443
4050.0	60.0	14.1379937391	4.6657990844
4060.0	60.0	14.6325867467	4.68966506437
4070.0	60.0	15.1271797543	4.71353104434
4750.0	73.0	14.7205611625	4.65171815621
4760.0	73.0	14.1074762982	4.59992897968
4770.0	73.0	13.5091239915	4.54098000915
4780.0	73.0	12.9688600551	4.45339186265
4790.0	73.0	12.4285961187	4.36580371616
4800.0	73.0	11.882018229	4.32117433361
4810.0	73.0	11.3089217355	4.44694804806
4820.0	73.0	10.7360357071	4.57296042231
4830.0	73.0	10.1631496787	4.69897279656
4840.0	73.0	9.59931365002	4.70995114734
4850.0	73.0	9.04158110951	4.64431970242
4860.0	73.0	8.48384856901	4.5786882575
4870.0	73.0	7.9261160285	4.51305681258
4880.0	73.0	7.38732534786	4.4111490781
4890.0	73.0	6.86116257379	4.28537536365
4900.0	73.0	6.33499979973	4.15936298941
4910.0	73.0	5.80883702566	4.03335061516
4920.0	73.0	5.25489285713	3.98299339742
4930.0	73.0	4.70115915371	3.93287483948
4940.0	73.0	4.14721498517	3.88251762174
4950.0	73.0	3.59811151416	3.8281031874
4960.0	73.0	3.06710804257	3.75698256709
4970.0	73.0	2.5363150361	3.68562328697
4980.0	73.0	2.00531156451	3.61450266666
4990.0	73.0	1.47451855804	3.54314338655
5000.0	73.0	0.943725551561	3.47202276623
5010.0	73.0	0.412722079976	3.40066348612
5020.0	73.0	-0.1180709265	3.3295428658
5340.0	90.0	12.0806972925	12.3864436051
5350.0	90.0	12.0703845021	12.1477838054
5360.0	90.0	12.0600717118	11.9091240057
5370.0	90.0	12.0499693865	11.670464206
5380.0	90.0	12.0396565961	11.4318044063
5390.0	90.0	12.0360786893	11.287892547
5400.0	90.0	12.0333426428	11.1547203788
5410.0	90.0	12.0306065964	11.0215482106
5420.0	90.0	12.02787055	10.8881373825
5430.0	90.0	12.0251345036	10.7549652143
5440.0	90.0	12.0223984571	10.6215543862
5450.0	90.0	12.0196624107	10.488382218
5460.0	90.0	12.0215565967	10.3206043788
5470.0	90.0	12.041340317	10.0148811754
5480.0	90.0	12.0609135722	9.70891931214
5490.0	90.0	12.0806972925	9.40319610871
5500.0	90.0	12.1080577568	9.08673321429
5510.0	90.0	12.1356286861	8.77027031987
5520.0	90.0	12.1629891504	8.45380742545
5530.0	90.0	12.1905600797	8.13734453103
5540.0	90.0	12.2109751954	7.81777905921
5550.0	90.0	12.2210775206	7.493917711
5560.0	90.0	12.2309693808	7.17005636279
5570.0	90.0	12.241071706	6.84619501458
5580.0	90.0	12.2187624044	6.55073418253
5590.0	90.0	12.0672275255	6.36935273475
5600.0	90.0	11.9156926466	6.18797128697
5610.0	90.0	11.5755810294	6.07556252131
5620.0	90.0	11.1546508102	5.99250891101
5630.0	90.0	10.753083381	5.98678107581
5640.0	90.0	10.3807706021	6.09680324348
5650.0	90.0	10.0084578231	6.20706407095
5660.0	90.0	9.64119620684	6.37842180714
5670.0	90.0	9.2751973812	6.56529243032
5680.0	90.0	8.92161599703	6.72853573332
5690.0	90.0	8.58045205432	6.86839037595
5700.0	90.0	8.23928811162	7.00848367839
5710.0	90.0	7.88002416949	7.05597697853
5720.0	90.0	7.508553251	7.04189605035
5730.0	90.0	7.13729279762	7.02781512216
5740.0	90.0	6.7651904838	7.01254089498
5750.0	90.0	6.391193984	6.9927321316
5760.0	90.0	6.01698701908	6.97292336823
5770.0	90.0	5.64278005417	6.95287594505
5780.0	90.0	5.28456843759	6.94834140886
5790.0	90.0	4.9370905416	6.95383058425
5800.0	90.0	4.5896126456	6.95931975964
5810.0	90.0	4.24213474961	6.96504759484
5820.0	90.0	3.90475917888	6.96624089384
5830.0	90.0	3.59095570043	6.95764914105
5840.0	90.0	3.27715222198	6.94881872846
5850.0	90.0	2.96334874353	6.94022697567
5860.0	90.0	2.64954526508	6.93163522288
5870.0	90.0	2.33574178662	6.92280481029
5880.0	90.0	2.07013481828	6.99058419341
5890.0	90.0	1.81673482629	7.0774563605
5900.0	90.0	1.56312436919	7.1640898678
5910.0	90.0	1.3097243772	7.25096203489
5920.0	90.0	1.10557322086	7.38628214133
5930.0	90.0	0.975505783114	7.59463214648
5940.0	90.0	0.845227880256	7.80298215163
5950.0	90.0	0.715160442508	8.01109349698
5960.0	90.0	0.585093004759	8.21944350213
5970.0	90.0	0.45502556701	8.42779350728
6480.0	111.0	14.9430227834	5.27438157367
6490.0	111.0	14.4858925653	5.4142362163
6500.0	111.0	14.0285518821	5.55409085893
6510.0	111.0	13.5768937568	5.68225117138
6520.0	111.0	13.1757472579	5.70468519255
6530.0	111.0	12.7746007589	5.72711921372
6530.0	116.0	0.273604642513	3.67536091559
6540.0	111.0	12.37345426	5.7495532349
6540.0	116.0	0.694534861764	3.72905937052
6550.0	111.0	12.1438368254	5.73117643032
6550.0	116.0	1.11546508102	3.78275782546
6560.0	111.0	11.9333717158	5.70850374935
6560.0	116.0	1.53639530027	3.83645628039
6570.0	111.0	11.5404333561	5.69609343976
6570.0	116.0	1.95732551952	3.89015473533
6580.0	111.0	11.1020345327	5.68606972817
6580.0	116.0	2.38435922695	3.96509391244
6590.0	111.0	10.6646880349	5.69322952216
6590.0	116.0	2.81118246927	4.04027174935
6600.0	111.0	10.2292357231	5.72616457452
6600.0	116.0	3.2382161767	4.11521092646
6610.0	111.0	9.79378341131	5.75909962689
6610.0	116.0	3.69892430167	4.15554443261
6620.0	111.0	9.38548109864	5.76435014248
6620.0	116.0	4.19351730929	4.1615109276
6630.0	111.0	9.00390785489	5.74191612131
6630.0	116.0	4.68811031691	4.1674774226
6640.0	111.0	8.62254507625	5.71972075993
6640.0	116.0	5.18270332453	4.17344391759
6650.0	111.0	8.24139276272	5.69943467696
6650.0	116.0	5.68550447142	4.13907690643
6660.0	111.0	7.86129277473	5.68392178998
6660.0	116.0	6.1967242227	4.06413772932
6670.0	111.0	7.48098232164	5.66864756279
6670.0	116.0	6.70773350888	3.98895989241
6680.0	111.0	7.08404512489	5.64812282002
6680.0	116.0	7.21895326016	3.9140207153
6690.0	111.0	6.61954862794	5.60683467467
6690.0	116.0	7.67966138513	4.01712174878
6700.0	111.0	6.155052131	5.56578518912
6700.0	116.0	8.1403695101	4.12046144205
6710.0	111.0	5.70570912195	5.55671611673
6710.0	116.0	8.60128810018	4.22356247553
6720.0	111.0	5.29214518153	5.62258622145
6720.0	116.0	9.07609738749	4.31329856022
6730.0	111.0	4.87837077601	5.68821766637
6730.0	116.0	9.58437062724	4.37153155135
6740.0	111.0	4.46417544027	5.72783519312
6740.0	116.0	10.092643867	4.42976454248
6750.0	111.0	4.04892777898	5.72783519312
6750.0	116.0	10.6007066416	4.48799753361
6760.0	111.0	3.63368011768	5.72783519312
6760.0	116.0	11.1051915094	4.55267433933
6770.0	111.0	3.21843245639	5.72783519312
6770.0	116.0	11.5941019591	4.64408104262
6780.0	111.0	2.8031847951	5.71876612073
6780.0	116.0	12.0832228738	4.73524908611
6790.0	111.0	2.38793713381	5.70587849155
6790.0	116.0	12.5721333235	4.8266557894
6800.0	111.0	1.97268947252	5.69299086236
6800.0	116.0	13.0397867971	4.94598568926
6810.0	111.0	1.55744181123	5.68010323318
6810.0	116.0	13.5019681778	5.07223672331
6820.0	111.0	1.21206856633	5.61280116966
6820.0	116.0	13.9641495585	5.19848775736
6830.0	111.0	0.866695321438	5.54549910614
6830.0	116.0	14.4263309393	5.32497745121
6840.0	111.0	0.521322076542	5.47819704262
6840.0	116.0	14.88851232	5.45122848525
6850.0	111.0	0.175948831647	5.4108949791
