750.0	29.0	0.203730226118	5.05863311473
760.0	29.0	0.812605788264	5.13548157023
770.0	29.0	1.42148135041	5.21209136594
780.0	29.0	2.02656854058	5.31185116222
790.0	29.0	2.62786735878	5.43452229927
800.0	29.0	3.22916617698	5.55743209613
810.0	29.0	3.83046499518	5.68010323318
820.0	29.0	4.42797544141	5.71852746093
830.0	29.0	5.02527542253	5.75719034849
840.0	29.0	5.62278586876	5.79561457624
850.0	29.0	6.18935794387	5.75122385349
860.0	29.0	6.75214164701	5.69752539856
870.0	29.0	7.31513581525	5.64382694362
880.0	29.0	7.8781299835	5.59012848869
890.0	29.0	8.46785322067	5.55074962174
900.0	29.0	9.06052296938	5.51304137338
910.0	29.0	9.65319271808	5.47533312503
920.0	29.0	10.2235531652	5.44860322746
930.0	29.0	10.5933403628	5.52091714677
940.0	29.0	10.9633380255	5.59323106608
950.0	29.0	11.3331252231	5.6655449854
960.0	29.0	11.6195682373	5.78797746265
970.0	29.0	11.8849647406	5.92282024949
980.0	29.0	12.0985868268	6.01780684977
990.0	29.0	12.2604344961	6.07293726351
1000.0	29.0	12.4222821654	6.12806767724
1010.0	29.0	12.4397507695	6.13403417224
1020.0	29.0	12.4412240253	6.13451149183
1030.0	29.0	12.4429077462	6.13522747123
1040.0	29.0	12.4443810019	6.13570479083
1050.0	29.0	12.4458542577	6.13642077023
1060.0	29.0	12.4473275135	6.13689808983
1070.0	29.0	12.4488007692	6.13737540943
1080.0	29.0	12.450274025	6.13809138883
1090.0	29.0	12.4517472808	6.13856870843
1100.0	29.0	12.4532205365	6.13904602803
1110.0	29.0	12.4546937923	6.13976200743
1120.0	29.0	12.4561670481	6.14023932703
1130.0	29.0	12.4576403038	6.14071664663
1140.0	29.0	12.4591135596	6.14143262603
1150.0	29.0	12.4605868154	6.14190994563
1160.0	29.0	12.4622705363	6.14238726523
1170.0	29.0	12.463743792	6.14310324462
1180.0	29.0	12.4652170478	6.14358056422
1190.0	29.0	12.4666903036	6.14429654362
1200.0	29.0	12.4681635593	6.14477386322
1210.0	29.0	12.4696368151	6.14525118282
1220.0	29.0	12.4711100709	6.14596716222
1230.0	29.0	12.4725833266	6.14644448182
1240.0	29.0	12.4740565824	6.14692180142
1250.0	29.0	12.4755298382	6.14763778082
1260.0	29.0	12.4770030939	6.14811510042
1270.0	29.0	12.4784763497	6.14859242002
1280.0	29.0	12.4799496055	6.14930839942
1280.0	32.0	-0.0841860438502	4.44599340886
1290.0	29.0	12.4814228612	6.14978571902
1290.0	32.0	0.547209285026	4.53119495736
1300.0	29.0	12.4831065821	6.15050169842
1300.0	32.0	1.1786046139	4.61639650586
1310.0	29.0	12.4845798379	6.15097901801
1310.0	32.0	1.80999994278	4.70159805435
1320.0	29.0	12.4860530936	6.15145633761
1320.0	32.0	2.46938713124	4.7493300143
1330.0	29.0	12.4875263494	6.15217231701
1330.0	32.0	3.1289847848	4.79706197424
1340.0	29.0	12.4889996052	6.15264963661
1340.0	32.0	3.78837197326	4.84479393418
1350.0	29.0	12.4904728609	6.15312695621
1350.0	32.0	4.43386846448	4.85266970757
1360.0	29.0	12.4919461167	6.15384293561
1360.0	32.0	5.07915449059	4.86078414076
1370.0	29.0	12.4934193725	6.15432025521
1370.0	32.0	5.72465098181	4.86865991415
1380.0	29.0	12.4948926282	6.15479757481
1380.0	32.0	6.39203584444	4.88918465693
1390.0	29.0	12.496365884	6.15551355421
1390.0	32.0	7.05963117217	4.90947073991
1400.0	29.0	12.4978391398	6.15599087381
1400.0	32.0	7.72701603479	4.92999548268
1410.0	29.0	12.4993123956	6.15646819341
1410.0	32.0	8.39692647873	4.95362280285
1420.0	29.0	12.5007856513	6.15718417281
1420.0	32.0	9.06936250398	4.98011404062
1430.0	29.0	12.5024693722	6.15766149241
1430.0	32.0	9.74158806413	5.00660527839
1440.0	29.0	12.503942628	6.15837747181
1440.0	32.0	10.4140240894	5.03309651616
1450.0	29.0	12.5054158837	6.15885479141
1450.0	32.0	11.0746740685	5.09300012589
1460.0	29.0	12.5068891395	6.159332111
1460.0	32.0	11.734061257	5.15672229241
1470.0	29.0	12.5083623953	6.1600480904
1470.0	32.0	12.3936589105	5.22020579913
1480.0	29.0	12.509835651	6.16052541
1480.0	32.0	13.0025344727	5.31734033762
1490.0	29.0	12.5113089068	6.1610027296
1490.0	32.0	13.605937942	5.41805477309
1500.0	29.0	12.5127821626	6.161718709
1500.0	32.0	14.2091309461	5.51876920857
1510.0	29.0	12.5142554183	6.1621960286
1510.0	32.0	14.8125344154	5.61972230385
1520.0	29.0	12.5157286741	6.1626733482
1520.0	32.0	15.4159378847	5.72043673933
1530.0	29.0	12.5172019299	6.1633893276
1540.0	29.0	12.5186751856	6.1638666472
1550.0	29.0	12.5201484414	6.1643439668
1560.0	29.0	12.5218321623	6.1650599462
1570.0	29.0	12.523305418	6.1655372658
1580.0	29.0	12.5247786738	6.1662532452
1590.0	29.0	12.5262519296	6.1667305648
1600.0	29.0	12.5277251853	6.1672078844
1610.0	29.0	12.5291984411	6.16792386379
1620.0	29.0	12.5306716969	6.16840118339
1630.0	29.0	12.5321449527	6.16887850299
1640.0	29.0	12.5336182084	6.16959448239
1650.0	29.0	12.5350914642	6.17007180199
1660.0	29.0	12.53656472	6.17054912159
1670.0	29.0	12.5380379757	6.17126510099
1680.0	29.0	12.5395112315	6.17174242059
1690.0	29.0	12.5411949524	6.17221974019
1700.0	29.0	12.5426682081	6.17293571959
1710.0	29.0	12.5441414639	6.17341303919
1720.0	29.0	12.5456147197	6.17412901859
1730.0	29.0	12.5470879754	6.17460633819
1740.0	29.0	12.5485612312	6.17508365779
1750.0	29.0	12.550034487	6.17579963718
1760.0	29.0	12.5515077427	6.17627695678
1770.0	29.0	12.5529809985	6.17675427638
1780.0	29.0	12.5544542543	6.17747025578
1790.0	29.0	12.55592751	6.17794757538
1800.0	29.0	12.5574007658	6.17842489498
1810.0	29.0	12.5588740216	6.17914087438
1820.0	29.0	12.5603472773	6.17961819398
1830.0	29.0	12.5620309982	6.18033417338
1840.0	29.0	12.563504254	6.18081149298
1850.0	29.0	12.5498240219	6.16052541
1860.0	29.0	12.400393794	5.95265272445
1870.0	29.0	12.2511740313	5.7447800389
1880.0	29.0	12.1017438035	5.53690735335
1890.0	29.0	12.0813286878	4.88250218254
1900.0	29.0	12.0609135722	4.22809701172
1910.0	29.0	12.0407089217	3.57369184091
1920.0	29.0	12.058598456	2.68301346838
1930.0	29.0	12.0806972925	1.76608251788
1940.0	29.0	12.102796129	0.84915156738
1950.0	29.0	12.1251054306	-0.0677793831186
2020.0	53.0	14.8142181363	6.96982079083
2030.0	53.0	14.2617472236	7.01970068897
2040.0	53.0	13.7054879388	7.05860223632
2050.0	53.0	13.1161856319	7.00132388439
2060.0	53.0	12.5268833249	6.94404553246
2070.0	53.0	11.9365286924	6.94309089326
2080.0	53.0	11.3457531297	6.97984450242
2090.0	53.0	10.7547671019	7.01659811158
2100.0	53.0	10.2601740942	7.23139193132
2110.0	53.0	9.76558108662	7.44618575106
2120.0	53.0	9.34465086737	7.65310379741
2130.0	53.0	8.90456832315	7.80536874963
2140.0	53.0	8.44533345394	7.90298060771
2150.0	53.0	7.98715091029	7.94140483547
2160.0	53.0	7.53107301773	7.84188369898
2170.0	53.0	7.07520559028	7.7426012223
2180.0	53.0	6.52694397971	7.65811565321
2190.0	53.0	5.96836957876	7.5755393625
2200.0	53.0	5.39001145751	7.52017028897
2210.0	53.0	4.76598240747	7.52852338196
2220.0	53.0	4.14174289232	7.53663781515
2230.0	53.0	3.51750337717	7.55119606293
2240.0	53.0	2.89326386202	7.5750620429
2250.0	53.0	2.26881388176	7.59892802288
2260.0	53.0	1.67530227262	7.61324761086
2270.0	53.0	1.12809298759	7.61324761086
2280.0	53.0	0.580883702566	7.61324761086
2290.0	53.0	0.0336744175401	7.61324761086
2980.0	60.0	15.1113948711	8.04283525034
2980.0	61.0	15.028682083	5.4159068349
2990.0	60.0	14.6809937219	7.8258934924
2990.0	61.0	14.4128611723	5.39824600972
3000.0	60.0	14.2503821076	7.60895173446
3000.0	61.0	13.7972507266	5.38034652474
3010.0	60.0	13.7757832854	7.46265327724
3010.0	61.0	13.1751158626	5.35648054477
3020.0	60.0	13.2900298124	7.33425430499
3020.0	61.0	12.5437205337	5.32354549241
3030.0	60.0	12.7956472699	7.21850430213
3030.0	61.0	11.9123252048	5.29037178025
3040.0	60.0	12.2667484494	7.15406615621
3040.0	61.0	11.2809298759	5.25719806809
3050.0	60.0	11.7376391638	7.08938935049
3050.0	61.0	10.6754217555	5.22116043833
3060.0	60.0	11.2087403433	7.02495120457
3060.0	61.0	10.0764380535	5.18440682918
3070.0	60.0	10.6771054764	6.97745790442
3070.0	61.0	9.47240318892	5.15815425121
3080.0	60.0	10.1427345631	6.94690945006
3080.0	61.0	8.84795320866	5.17414445779
3090.0	60.0	9.60857411484	6.9161223359
3090.0	61.0	8.2235032284	5.19013466437
3100.0	60.0	9.0742032015	6.88557388153
3100.0	61.0	7.61189161983	5.21758054134
3110.0	60.0	8.56698228731	6.82304501401
3110.0	61.0	7.05058117246	5.29084909985
3120.0	60.0	8.07786137254	6.73927542431
3120.0	61.0	6.48927072508	5.36435631816
3130.0	60.0	7.58874045777	6.65526717481
3130.0	61.0	5.92817074282	5.43786353647
3140.0	60.0	7.09940907789	6.57149758511
3140.0	61.0	5.37296378363	5.4953805482
3150.0	60.0	6.63154513919	6.43951871587
3150.0	61.0	4.83164752167	5.51566663118
3160.0	60.0	6.1659963167	6.30205067123
3160.0	61.0	4.29054172483	5.53619137395
3170.0	60.0	5.70044749421	6.1645826266
3170.0	61.0	3.74922546287	5.55671611673
3180.0	60.0	5.21574634674	6.04024087095
3180.0	61.0	3.19717548032	5.52020116737
3190.0	60.0	4.71820682759	5.92449086809
3190.0	61.0	2.64238945135	5.46960528983
3190.0	67.0	1.20870112458	0.514789187982
3200.0	60.0	4.22087777354	5.80874086523
3200.0	61.0	2.08739295727	5.41900941229
3200.0	67.0	1.09841740714	1.27635260887
3210.0	60.0	3.7083952316	5.69704807896
3210.0	61.0	1.5437615791	5.4147135359
3210.0	67.0	1.03401508359	2.02646035937
3220.0	60.0	3.16118594658	5.59490168468
3220.0	61.0	1.01149531686	5.45695632045
3220.0	67.0	1.15292787053	2.73217738712
3230.0	60.0	2.61397666155	5.49251663061
3230.0	61.0	0.479018589508	5.4989604452
3230.0	67.0	1.27184065747	3.43765575507
3240.0	60.0	2.06676737652	5.39037023633
3240.0	61.0	-0.0532476727353	5.54120322975
3240.0	67.0	1.52902902143	3.78633772245
3250.0	60.0	1.55744181123	5.3316599256
3250.0	67.0	1.84409529054	4.06270577052
3260.0	60.0	1.05758717587	5.28392796566
3260.0	67.0	2.32963829844	4.20948154735
3260.0	69.0	0.0	4.22427845493
3270.0	60.0	0.557732540508	5.23619600571
3270.0	67.0	2.92651734934	4.26938515707
3270.0	69.0	0.508694169965	4.28394340486
3280.0	60.0	0.057877905147	5.18846404577
3280.0	67.0	3.53581384171	4.31974237481
3280.0	69.0	1.01717787482	4.34360835478
3290.0	67.0	4.09712428908	4.29706969384
3290.0	69.0	1.5153487893	4.40088670672
3300.0	67.0	4.65822427134	4.27439701287
3300.0	69.0	2.00636389006	4.45649444005
3310.0	67.0	5.19238471957	4.15960164921
3310.0	69.0	2.49758945593	4.51234083318
3320.0	67.0	5.72359865627	4.03454391416
3320.0	69.0	3.00965106765	4.5791655771
3330.0	67.0	6.14263468953	3.94576246866
3330.0	69.0	3.53581384171	4.65386609441
3340.0	67.0	6.53346839811	3.86628875536
3340.0	69.0	4.06197661577	4.72832795192
3350.0	67.0	6.9531358267	3.88633617853
3350.0	69.0	4.580773111	4.81520011902
3360.0	67.0	7.38501023165	3.94910370586
3360.0	69.0	5.08820449031	4.92068775049
3370.0	67.0	7.75206138284	4.1617495874
3370.0	69.0	5.59584633472	5.02593672217
3380.0	67.0	8.10290672058	4.4118650575
3380.0	69.0	6.10348817914	5.13118569384
3390.0	67.0	8.3941904323	4.4956346472
3390.0	69.0	6.63554397627	5.19753311816
3400.0	67.0	8.66000786576	4.50804495679
3400.0	69.0	7.16759977341	5.26388054248
3410.0	67.0	8.71493925937	4.5016011422
3410.0	69.0	7.69944510543	5.329989307
3420.0	67.0	8.71725437558	4.49014547181
3420.0	69.0	8.23276369322	5.38893827753
3430.0	67.0	8.71956949179	4.47892846122
3430.0	69.0	8.767976467	5.43667023747
3440.0	67.0	8.72167414288	4.46747279084
3440.0	69.0	9.30318924078	5.48440219742
3450.0	67.0	8.72398925909	4.45601712045
3450.0	69.0	9.83840201455	5.53213415736
3460.0	67.0	8.72609391018	4.44480010986
3460.0	69.0	10.4154973451	5.49275529041
3470.0	67.0	8.72840902639	4.43334443948
3470.0	69.0	10.9974333733	5.44359137166
3480.0	67.0	8.7307241426	4.42212742889
3480.0	69.0	11.5793694014	5.39442745292
3490.0	67.0	8.73282879369	4.4106717585
3490.0	69.0	12.1497298485	5.35337796737
3500.0	67.0	8.7351439099	4.39921608812
3500.0	69.0	12.7085147145	5.32044291501
3510.0	67.0	8.73724856099	4.38799907753
3510.0	69.0	13.2672995806	5.28750786265
3520.0	67.0	8.7395636772	4.37654340715
3520.0	69.0	13.8696507243	5.29084909985
3530.0	67.0	8.7416683283	4.36508773676
3530.0	69.0	14.5010460532	5.31853363661
3540.0	67.0	8.7439834445	4.35387072617
3540.0	69.0	15.1324413821	5.34597951358
3550.0	67.0	8.74629856071	4.34241505579
3560.0	67.0	8.7484032118	4.3311980452
3570.0	67.0	8.75071832801	4.31974237481
3580.0	67.0	8.75282297911	4.30828670443
3590.0	67.0	8.75513809531	4.29706969384
3600.0	67.0	8.87847064955	4.167000103
3610.0	67.0	9.01527297081	4.02380422317
3620.0	67.0	9.52501946632	3.92762432388
3630.0	67.0	10.0762275884	3.83669494019
3640.0	67.0	10.6653194303	3.84838927038
3650.0	67.0	11.263882202	3.88562019913
3660.0	67.0	11.8624449738	3.92285112789
3670.0	67.0	12.419546119	3.99230112961
3680.0	67.0	12.949497265	4.0827531937
3690.0	67.0	13.479237946	4.17320525779
3700.0	67.0	14.0256053706	4.25602020829
3710.0	67.0	14.5789181438	4.33573258139
3720.0	67.0	15.1324413821	4.4152062947
4190.0	79.0	15.1806378922	4.93524599827
4200.0	79.0	14.6243786074	4.96078259684
4210.0	79.0	14.0681193227	4.98631919541
4220.0	79.0	13.511860038	5.01185579398
4230.0	79.0	12.9791728455	5.0789191977
4240.0	79.0	12.446485653	5.14598260142
4250.0	79.0	11.9135879955	5.21328466494
4260.0	79.0	11.3937391747	5.27294961487
4270.0	79.0	10.8772577957	5.3307052864
4280.0	79.0	10.3605659515	5.38869961773
4290.0	79.0	9.87270782742	5.46817333103
4290.0	81.0	14.9253437142	5.64000838683
4300.0	79.0	9.41347295822	5.56936508611
4300.0	81.0	14.4454832643	5.7450186987
4310.0	79.0	8.95423808902	5.67079550099
4310.0	81.0	13.9656228143	5.85002901058
4320.0	79.0	8.48911019675	5.77222591587
4320.0	81.0	13.4992321314	5.96005117824
4330.0	79.0	7.99998928198	5.87556560915
4330.0	81.0	13.0362088902	6.07150530471
4340.0	79.0	7.5106579021	5.97866664262
4340.0	81.0	12.573185649	6.18295943118
4350.0	79.0	7.02153698733	6.0820063359
4350.0	81.0	12.1183705471	6.31517696022
4360.0	79.0	6.55367304863	6.18773262717
4360.0	81.0	11.6654496312	6.45240634505
4370.0	79.0	6.10727655111	6.29632283604
4370.0	81.0	11.2127391804	6.58987438969
4380.0	79.0	5.6608800536	6.40467438511
4380.0	81.0	10.7728671013	6.71350016594
4390.0	79.0	5.21953471871	6.52185634677
4390.0	81.0	10.3462543241	6.82304501401
4400.0	79.0	4.79860449946	6.67292799999
4400.0	81.0	9.91964154687	6.93282852188
4410.0	79.0	4.37767428021	6.82399965321
4410.0	81.0	9.49302876966	7.04237336994
4420.0	79.0	3.96495220024	6.96218367724
4420.0	81.0	9.07104622486	7.12638161944
4430.0	79.0	3.58485221225	7.04833986494
4430.0	81.0	8.65011600561	7.20394605435
4440.0	79.0	3.20496268938	7.13449605263
4440.0	81.0	8.22918578636	7.28151048926
4450.0	79.0	2.82486270139	7.22089090013
4450.0	81.0	7.80825556711	7.35907492416
4460.0	79.0	2.43339759749	7.32446925321
4460.0	81.0	7.39174511516	7.43329812188
4470.0	79.0	2.03435574964	7.43950327667
4470.0	81.0	6.97607652365	7.50680534019
4480.0	79.0	1.63510343668	7.55477595993
4480.0	81.0	6.56061839725	7.5803125585
4490.0	79.0	1.25184647205	7.67553781858
4490.0	81.0	6.14494980574	7.65358111701
4500.0	79.0	0.875745321152	7.79844761544
4500.0	81.0	5.75874632957	7.7490450369
4510.0	79.0	0.499433705141	7.92135741229
4510.0	81.0	5.37548936495	7.84689555478
4520.0	79.0	0.154270925356	8.05071102373
4520.0	81.0	4.99244286543	7.94498473246
4530.0	79.0	-0.143747669874	8.19008834677
4530.0	81.0	4.6091859008	8.04283525034
4540.0	81.0	4.29117312015	8.05882545692
4550.0	81.0	3.97316033951	8.07457700371
4560.0	81.0	3.65514755887	8.09056721029
4570.0	81.0	3.33713477822	8.10655741687
4580.0	81.0	3.03995804343	8.12565020084
4590.0	81.0	2.76361735449	8.14808422202
4600.0	81.0	2.48748713066	8.17027958339
4610.0	81.0	2.20483248844	8.20297597595
4620.0	81.0	1.90786621876	8.25906102888
4630.0	81.0	1.61068948396	8.31514608182
4640.0	81.0	1.31351274917	8.37123113475
4650.0	81.0	1.04874764126	8.55476052073
4660.0	81.0	0.787349975109	8.75213217509
4670.0	81.0	0.526162774064	8.94974248925
4680.0	81.0	0.389570917917	9.17551465978
4690.0	81.0	0.25318952688	9.40128683031
4700.0	81.0	0.116597670733	9.62705900084
4710.0	81.0	-0.0199941854144	9.85283117137
4910.0	92.0	0.199941854144	4.68656248697
4920.0	92.0	0.726104628208	4.71639496194
4930.0	92.0	1.25226740227	4.7462274369
4930.0	93.0	15.0903483602	9.09293836908
4940.0	92.0	1.75254296785	4.73620372531
4940.0	93.0	14.8798832505	9.06644713131
4950.0	92.0	2.25008248701	4.72188413733
4950.0	93.0	14.6694181409	9.03995589355
4960.0	92.0	2.74762200616	4.70732588955
4960.0	93.0	14.4467460549	8.98363218081
4970.0	92.0	3.24684524619	4.71711094134
4970.0	93.0	14.1952402489	8.85761980656
4980.0	92.0	3.74733127688	4.74288619971
4980.0	93.0	13.943944908	8.73160743232
4990.0	92.0	4.24802777268	4.76866145807
4990.0	93.0	13.692439102	8.60559505807
5000.0	92.0	4.74851380337	4.79443671644
5000.0	93.0	13.4836577133	8.40607546551
5010.0	92.0	5.26057541509	4.79706197424
5010.0	93.0	13.2927658588	8.17481411958
5020.0	92.0	5.77389981747	4.79706197424
5020.0	93.0	13.1020844695	7.94355277366
5030.0	92.0	6.28722421984	4.79706197424
5030.0	93.0	12.8533147099	7.71372338654
5040.0	92.0	6.80054862222	4.79706197424
5040.0	93.0	12.5464565801	7.48508729841
5050.0	92.0	7.28440790925	4.73668104491
5050.0	93.0	12.237072869	7.26766822087
5060.0	92.0	7.76069045233	4.661503208
5060.0	93.0	11.9062217166	7.15406615621
5070.0	92.0	8.23697299541	4.58608671129
5070.0	93.0	11.5755810294	7.04046409155
5080.0	92.0	8.7132555385	4.51067021458
5080.0	93.0	11.2247356917	7.04046409155
5090.0	92.0	9.18048808187	4.55840217453
5090.0	93.0	10.874100819	7.04046409155
5100.0	92.0	9.64772062523	4.60613413447
5100.0	93.0	10.5232554813	7.04046409155
5110.0	92.0	10.1149531686	4.65386609441
5110.0	93.0	10.2351287462	7.03425893675
5120.0	92.0	10.582185712	4.70159805435
5120.0	93.0	9.97415201026	7.02542852416
5130.0	92.0	11.0494182553	4.7493300143
5130.0	93.0	9.71296480922	7.01659811158
5140.0	92.0	11.5486414954	4.86030682116
5140.0	93.0	9.45177760817	7.00776769899
5150.0	92.0	12.0478647354	4.97128362803
5150.0	93.0	9.19080087224	6.9989372864
5160.0	92.0	12.5470879754	5.0822604349
5160.0	93.0	8.91382878797	7.00943831758
5170.0	92.0	13.0463112155	5.19323724176
5170.0	93.0	8.60065670485	7.06480739112
5180.0	92.0	13.5436402695	5.27796147066
5180.0	93.0	8.28748462172	7.12041512445
5190.0	92.0	14.0401274631	5.35146868897
5190.0	93.0	7.97410207349	7.17578419798
5200.0	92.0	14.5366146567	5.42497590729
5200.0	93.0	7.66092999037	7.23139193132
5210.0	92.0	15.0331018503	5.4982444658
5210.0	93.0	7.38564162698	7.21301512674
5220.0	93.0	7.1105637287	7.19463832216
5230.0	93.0	6.83527536531	7.17626151758
5240.0	93.0	6.55998700192	7.15788471301
5250.0	93.0	6.28490910364	7.13950790843
5260.0	93.0	5.95784632328	7.10657285607
5270.0	93.0	5.61773470612	7.06981924691
5280.0	93.0	5.27783355408	7.03306563776
5290.0	93.0	4.93793240203	6.9963120286
5300.0	93.0	4.611501017	6.9130197585
5310.0	93.0	4.28696381796	6.82423831301
5320.0	93.0	3.96221615381	6.73569552731
5330.0	93.0	3.62652430396	6.65311923661
5340.0	93.0	3.27441617555	6.5796120183
5350.0	93.0	2.92230804715	6.50634345979
5360.0	93.0	2.57019991875	6.43283624148
5370.0	93.0	2.21788132523	6.35932902316
5380.0	93.0	1.87061389435	6.28271922746
5390.0	93.0	1.54249878845	6.19393778196
5400.0	93.0	1.21417321743	6.10491767667
5410.0	93.0	0.886058111523	6.01589757138
5420.0	93.0	0.557943005617	5.92687746608
5430.0	93.0	0.229827899711	5.83785736079
5440.0	93.0	-0.0984976713047	5.7488372555
