0.0	3.0	11.9123252048	4.43907227467
10.0	3.0	11.5046542875	4.51353413218
20.0	3.0	11.096772905	4.58823464949
30.0	3.0	10.6891019877	4.662696507
40.0	3.0	10.2799578145	4.70947382775
50.0	3.0	9.87081364144	4.7493300143
60.0	3.0	9.46166946833	4.78918620085
70.0	3.0	9.05084157434	4.8297583668
80.0	3.0	8.63433112239	4.87462640915
90.0	3.0	8.21782067044	4.91925579169
100.0	3.0	7.80131021849	4.96412383404
110.0	3.0	7.38458930143	5.00875321659
120.0	3.0	6.97207768656	5.03786971215
130.0	3.0	6.56503816455	5.04312022774
140.0	3.0	6.15820910764	5.04837074334
150.0	3.0	5.75138005074	5.05385991873
160.0	3.0	5.34434052872	5.05911043433
170.0	3.0	4.96276728497	5.07390734191
180.0	3.0	4.58393008764	5.08989754849
190.0	3.0	4.20509289032	5.10564909527
200.0	3.0	3.82625569299	5.12163930185
210.0	3.0	3.44405105391	5.1636434266
220.0	3.0	3.05658478709	5.2450264183
230.0	3.0	2.66911852027	5.32640941
240.0	3.0	2.28165225345	5.40779240171
250.0	3.0	1.89418598663	5.48917539341
260.0	3.0	1.55133832305	5.6664996246
270.0	3.0	1.20870112458	5.84382385578
280.0	3.0	0.865853460999	6.02114808697
290.0	3.0	0.552470912767	6.19918829756
300.0	3.0	0.268343014773	6.37818314734
310.0	3.0	-0.0157848832219	6.55717799713
460.0	14.0	14.6904646519	3.2479212143
470.0	14.0	14.059069323	3.31307533962
480.0	14.0	13.4276739941	3.37822946494
490.0	14.0	12.7988042465	3.44505420886
500.0	14.0	12.1920333355	3.52930111816
510.0	14.0	11.5854728896	3.61354802746
520.0	14.0	10.9789124436	3.69779493676
530.0	14.0	10.3877159507	3.84385473418
540.0	14.0	9.80304387614	4.01616710958
550.0	14.0	9.2183718016	4.18847948497
560.0	14.0	8.63664623859	4.34981350958
570.0	14.0	8.08080788407	4.4109104183
580.0	14.0	7.52496952955	4.47200732703
580.0	18.0	0.352108128404	6.93736305807
590.0	14.0	6.96913117503	4.53334289556
590.0	18.0	0.409354638222	6.77459707467
600.0	14.0	6.41245096007	4.60231557767
600.0	18.0	0.466811613149	6.61206975106
610.0	14.0	5.8532451638	4.70279135335
610.0	18.0	0.660860444224	6.41827799369
620.0	14.0	5.29382890241	4.80326712903
620.0	18.0	0.941831365574	6.22902077252
630.0	14.0	4.73441264103	4.90374290471
630.0	18.0	1.33645344612	6.10969087266
640.0	14.0	4.20530335543	4.97963672102
640.0	18.0	1.65909645918	6.03713829355
650.0	14.0	3.72186499862	5.01829960857
650.0	18.0	1.93354296213	5.9956114884
660.0	14.0	3.2382161767	5.05696249613
660.0	18.0	2.21682899969	5.96649499284
670.0	14.0	2.75477781989	5.09562538368
670.0	18.0	2.52095108309	5.96649499284
680.0	14.0	2.28838713696	5.09968260028
680.0	18.0	2.78866270254	5.91876303289
690.0	14.0	1.82915226776	5.08894290929
690.0	18.0	3.02017432313	5.82329911301
700.0	14.0	1.38212437491	5.12330992045
700.0	18.0	3.12688013371	5.76530478168
710.0	14.0	0.947092993315	5.20278363375
710.0	18.0	3.10856966917	5.7445413791
720.0	14.0	0.59014416739	5.48297023862
720.0	18.0	3.09025920463	5.72377797653
730.0	14.0	0.233405806575	5.76315684348
730.0	18.0	3.07194874009	5.70301457395
740.0	18.0	3.05363827556	5.68225117138
750.0	18.0	2.84590921236	5.28798518225
760.0	18.0	2.61713363819	4.85195372817
770.0	18.0	2.38583248271	4.42713928468
780.0	18.0	2.15284760636	4.00948463519
790.0	18.0	1.91965226489	3.59182998569
800.0	18.0	1.70476738797	3.1617650266
810.0	18.0	1.49430227834	2.72859749012
820.0	18.0	1.28973019179	2.30044180944
830.0	18.0	1.13777438264	1.9159608721
840.0	18.0	0.985608108376	1.53147993476
850.0	18.0	0.833652299227	1.14699899742
860.0	18.0	0.700638349943	0.879700021744
870.0	18.0	0.586355795417	0.729583007724
880.0	18.0	0.47207324089	0.579704653504
890.0	18.0	0.357790686363	0.429587639484
900.0	18.0	0.278866270254	0.322190729613
910.0	18.0	0.199941854144	0.214793819742
920.0	18.0	0.121017438035	0.107396909871
930.0	18.0	0.0420930219251	0.0
1090.0	24.0	15.3130204461	2.90854697911
1100.0	24.0	14.7563402312	2.9161840927
1100.0	25.0	15.0482553382	3.43670111587
1110.0	24.0	14.1996600162	2.92405986609
1110.0	25.0	14.4379065203	3.46056709585
1120.0	24.0	13.6429798013	2.93169697968
1120.0	25.0	13.8275577024	3.48443307582
1130.0	24.0	13.0987170278	2.89780728812
1130.0	25.0	13.2172088845	3.50829905579
1140.0	24.0	12.5670821608	2.82239079141
1140.0	25.0	12.6540042511	3.55984957253
1150.0	24.0	12.0352368288	2.7472129545
1150.0	25.0	12.0910100829	3.61140008926
1160.0	24.0	11.5036019619	2.67179645779
1160.0	25.0	11.5278054495	3.6631892658
1160.0	26.0	0.411248824208	3.28992533905
1170.0	24.0	10.9801752343	2.68349078798
1170.0	25.0	10.9799647692	3.70901194735
1170.0	26.0	1.0102325262	3.43670111587
1180.0	24.0	10.4601159484	2.73265470672
1180.0	25.0	10.4683240877	3.74146968011
1180.0	26.0	1.6092162282	3.5834768927
1190.0	24.0	9.9400566625	2.78181862546
1190.0	25.0	9.95647294105	3.77416607267
1190.0	26.0	2.17073714068	3.78705370185
1200.0	24.0	9.42294388815	2.82692532761
1200.0	25.0	9.44462179445	3.80662380543
1200.0	26.0	2.71605223972	4.01497381058
1210.0	24.0	8.91256599731	2.86248563776
1210.0	25.0	8.93277064784	3.83908153819
1210.0	26.0	3.29377896564	4.20637896995
1220.0	24.0	8.40197764136	2.89804594792
1220.0	25.0	8.43670438445	3.86247019856
1220.0	26.0	3.90412778355	4.36150783976
1230.0	24.0	7.89159975052	2.93336759828
1230.0	25.0	7.94232184194	3.88466555994
1230.0	26.0	4.48038125371	4.54002536995
1240.0	24.0	7.38101139457	2.96892790844
1240.0	25.0	7.44793929943	3.90686092131
1240.0	26.0	5.02274984121	4.74193156051
1250.0	24.0	6.89041722403	2.99016863061
1250.0	25.0	6.95376722203	3.92905628268
1250.0	26.0	5.56511842872	4.94383775106
1260.0	24.0	6.4130823554	3.0018629608
1260.0	25.0	6.47243351631	3.92189648869
1260.0	26.0	6.10643469068	5.02545940257
1270.0	24.0	5.93553702166	3.01355729098
1270.0	25.0	6.00014981031	3.89540525092
1270.0	26.0	6.64775095263	5.09371610528
1280.0	24.0	5.45820215303	3.02525162117
1280.0	25.0	5.5276556392	3.86891401315
1280.0	26.0	7.18001721487	5.10731971387
1290.0	24.0	4.97560565666	3.02835419856
1290.0	25.0	5.05537193321	3.84242277539
1290.0	26.0	7.70996836091	5.10731971387
1300.0	24.0	4.48774753255	3.02286502317
1300.0	25.0	4.58371962253	3.81760215622
1300.0	26.0	8.23823578607	5.09371610528
1300.0	27.0	15.2267297512	6.94738676966
1310.0	24.0	3.99988940843	3.01737584778
1310.0	25.0	4.11901266048	3.80757844463
1310.0	26.0	8.7505078629	4.95863465865
1310.0	27.0	14.6755216291	6.82232903461
1320.0	24.0	3.51182081921	3.01188667238
1320.0	25.0	3.65409523332	3.79755473304
1320.0	26.0	9.26256947462	4.82331455221
1320.0	27.0	14.124313507	6.69727129956
1330.0	24.0	3.01975339291	3.00305625979
1330.0	25.0	3.18938827127	3.78776968125
1330.0	26.0	9.77757759787	4.67940269298
1330.0	27.0	13.5602670132	6.56218985292
1340.0	24.0	2.48980224687	2.96343873304
1340.0	25.0	2.72468130921	3.77774596966
1340.0	26.0	10.3176310692	4.45649444005
1340.0	27.0	12.9838030779	6.4168460349
1350.0	24.0	1.95964063572	2.92358254649
1350.0	25.0	2.24797783591	3.7491067937
1350.0	26.0	10.8578950056	4.23382484692
1350.0	27.0	12.3919751896	6.27293417567
1360.0	24.0	1.42968948969	2.88372635994
1360.0	25.0	1.74391389836	3.67703153419
1360.0	26.0	11.4046833604	4.01616710958
1360.0	27.0	11.7384810243	6.13475015163
1370.0	24.0	0.89952787854	2.84410883319
1370.0	25.0	1.2398499608	3.60495627467
1370.0	26.0	12.0108228761	3.84433205378
1370.0	27.0	11.0915112773	6.02186406637
1380.0	24.0	0.369576732502	2.80425264663
1380.0	25.0	0.735575558141	3.53264235536
1380.0	26.0	12.6169623918	3.67249699799
1380.0	27.0	10.4601159484	5.96768829183
1390.0	25.0	0.231511620588	3.46056709585
1390.0	26.0	13.2420437674	3.56462276852
1390.0	27.0	9.83208806127	5.92425220829
1400.0	26.0	13.8797530496	3.499707303
1400.0	27.0	9.23457761504	5.97795066322
1410.0	26.0	14.5176727969	3.43455317768
1410.0	27.0	8.63727763392	6.03188777796
1420.0	26.0	15.155382079	3.36939905235
1420.0	27.0	8.0397671877	6.08582489269
1430.0	27.0	7.37553930172	6.12305582145
1440.0	27.0	6.71110095063	6.1602867502
1450.0	27.0	6.04687306465	6.19775633876
1460.0	27.0	5.42999982834	6.25288675249
1470.0	27.0	4.82491263817	6.31255170242
1480.0	27.0	4.21982544799	6.37221665235
1490.0	27.0	3.63052314104	6.48104552102
1500.0	27.0	3.05174408957	6.62280944205
1510.0	27.0	2.4729650381	6.76457336308
1520.0	27.0	1.94406621761	6.96504759484
1530.0	27.0	1.48988251104	7.25406461229
1540.0	27.0	1.12493601095	7.56312905292
1550.0	27.0	0.849016252229	7.89224091672
1550.0	28.0	0.117018600952	4.89348053332
1560.0	27.0	0.57330695862	8.22135278053
1560.0	28.0	0.630553468438	4.88393414134
1570.0	27.0	0.372733709147	8.53709969555
1570.0	28.0	1.14408833592	4.87438774935
1570.0	31.0	14.6123820962	3.77774596966
1580.0	27.0	0.222461620874	8.84401619798
1580.0	28.0	1.65046738968	4.85624960457
1580.0	31.0	13.9433135127	3.85435576537
1590.0	27.0	0.0721895326016	9.15093270041
1590.0	28.0	2.14611272285	4.82546249041
1590.0	31.0	13.2742449292	3.93096556108
1600.0	28.0	2.64175805602	4.79467537624
1600.0	31.0	12.6232763451	3.96175267524
1610.0	28.0	3.14476966802	4.77725321086
1610.0	31.0	11.9840938072	3.96175267524
1620.0	28.0	3.66503941902	4.79037949985
1620.0	31.0	11.3449112693	3.96175267524
1630.0	28.0	4.18530917001	4.80374444863
1630.0	31.0	10.7196194286	3.93788669527
1640.0	28.0	4.70557892101	4.81687073762
1640.0	31.0	10.0960113087	3.9113954575
1650.0	28.0	5.22248123025	4.80947228383
1650.0	31.0	9.48187411885	3.88800679713
1660.0	28.0	5.73769981861	4.79300475765
1660.0	31.0	8.90541018358	3.87774442574
1660.0	32.0	0.0391465103903	4.02595216137
1670.0	28.0	6.25291840697	4.77653723146
1670.0	31.0	8.32894624832	3.86724339456
1670.0	32.0	0.540053471299	4.05053412074
1680.0	28.0	6.74898467036	4.78584496365
1680.0	31.0	7.76321603365	3.78824700085
1680.0	32.0	1.0407499671	4.07535473991
1690.0	28.0	7.23999977112	4.80183517023
1690.0	31.0	7.19895907474	3.70137483376
1690.0	32.0	1.5414464629	4.09993669928
1700.0	28.0	7.73101487187	4.81782537682
1700.0	31.0	6.65069746417	3.5798969957
1700.0	32.0	2.02888365679	4.13048515364
1710.0	28.0	8.24812764622	4.80135785064
1710.0	31.0	6.10959166732	3.44362225007
1710.0	32.0	2.51295340893	4.162226907
1720.0	28.0	8.77155437386	4.77677589126
1720.0	31.0	5.56827540536	3.30710884463
1720.0	32.0	2.99702316107	4.19396866036
1730.0	28.0	9.2949811015	4.75243259169
1730.0	31.0	4.99896728383	3.2505464721
1730.0	32.0	3.37438710263	4.37320216995
1740.0	28.0	9.81840782914	4.72785063232
1740.0	31.0	4.42650218564	3.20281451215
1740.0	32.0	3.72523244037	4.58918928869
1750.0	28.0	10.3832961834	4.61186196966
1750.0	31.0	3.83677894847	3.18825626437
1750.0	32.0	4.09228359156	4.7467047565
1760.0	28.0	10.95281477	4.48537227581
1760.0	31.0	3.22095803771	3.22357791473
1760.0	32.0	4.46649055647	4.87916094534
1770.0	28.0	11.5223333567	4.35912124177
1770.0	31.0	2.60513712694	3.25913822489
1770.0	32.0	4.79165915084	4.89252589413
1780.0	28.0	12.0876426411	4.25602020829
1780.0	31.0	2.01120458758	3.26510471988
1780.0	32.0	5.11114518726	4.89252589413
1790.0	28.0	12.6489530885	4.17654649499
1790.0	31.0	1.42653251304	3.25842224549
1790.0	32.0	5.37359517896	4.89538981172
1800.0	28.0	13.2102635359	4.09707278168
1800.0	31.0	0.841860438502	3.2517397711
1800.0	32.0	5.4072695965	4.90970939971
1810.0	28.0	13.7679960764	4.01354185178
1810.0	31.0	0.257188363962	3.2450572967
1810.0	32.0	5.44094401404	4.92402898769
1820.0	28.0	14.3116274545	3.9140207153
1820.0	32.0	5.47461843158	4.93834857567
1830.0	28.0	14.8552588327	3.81449957882
1830.0	32.0	5.50829284912	4.95266816365
1840.0	32.0	5.54196726666	4.96698775164
1850.0	32.0	5.5756416842	4.98130733962
1860.0	32.0	5.60931610174	4.9956269276
1870.0	32.0	5.64299051928	5.00994651558
1880.0	32.0	5.67666493682	5.02426610357
1890.0	32.0	5.73159633043	5.04359754734
1900.0	32.0	5.87197655855	5.0834537339
1910.0	32.0	6.01235678667	5.12330992045
1920.0	32.0	6.07907422642	5.14359600342
1930.0	32.0	6.12727073653	5.15934755021
1940.0	32.0	6.17567771174	5.17509909699
1950.0	32.0	6.22387422185	5.19061198397
1960.0	32.0	6.27228119706	5.20636353075
1970.0	32.0	6.32047770716	5.22187641773
1980.0	32.0	6.48758700421	5.14908517882
1990.0	32.0	6.70562885778	5.03834703175
2000.0	32.0	6.92346024624	4.92737022488
2010.0	32.0	7.29156372298	4.84240733619
2020.0	32.0	7.67608347826	4.76006970528
2030.0	32.0	8.06081369866	4.67773207438
2040.0	32.0	8.51289275413	4.58942794849
2050.0	32.0	8.96497180961	4.5008851628
2060.0	32.0	9.41410435355	4.42475268669
2070.0	32.0	9.85608108376	4.37702072674
2080.0	32.0	10.298057814	4.3292887668
2090.0	32.0	10.7459275673	4.29301247725
2100.0	32.0	11.2072670876	4.28394340486
2110.0	32.0	11.6686066079	4.27487433247
2120.0	32.0	12.1779321732	4.21353876394
2130.0	32.0	12.707462389	4.13000783404
2140.0	32.0	13.2372030699	4.04647690414
2150.0	32.0	13.7669437508	3.96294597424
2160.0	32.0	14.2964739666	3.87941504434
2170.0	32.0	14.8262146476	3.79588411444
2880.0	41.0	15.0236309204	4.25530422889
2890.0	41.0	14.567763493	4.3269021688
2900.0	41.0	14.1116856004	4.39850010872
2910.0	41.0	13.6532925916	4.47272330643
2920.0	41.0	13.1732216766	4.56961918511
2930.0	41.0	12.6929402964	4.6665150638
2930.0	42.0	-0.0926046482352	5.76124756508
2940.0	41.0	12.2128693814	4.76341094248
2940.0	42.0	0.454604636791	5.73738158511
2950.0	41.0	11.7765752091	4.8321449648
2950.0	42.0	1.00181392182	5.71351560514
2960.0	41.0	11.3451217344	4.89777640972
2960.0	42.0	1.54902320684	5.68964962517
2970.0	41.0	10.9136682596	4.96340785464
2970.0	42.0	2.06866156251	5.69704807896
2980.0	41.0	10.4822147849	5.02903929956
2980.0	42.0	2.57019991875	5.72497127553
2990.0	41.0	10.0448682871	5.00660527839
2990.0	42.0	3.07152780987	5.75313313189
3000.0	41.0	9.60689039397	4.97438620543
3000.0	42.0	3.56822546859	5.77676045206
3010.0	41.0	9.16891250084	4.94216713247
3010.0	42.0	4.04598126744	5.78320426666
3020.0	41.0	8.73787995632	4.92999548268
3020.0	42.0	4.5239475314	5.78964808125
3030.0	41.0	8.3350497365	4.9982521854
3030.0	42.0	5.00170333025	5.79609189584
3040.0	41.0	7.93221951668	5.06650888812
3040.0	42.0	5.49313936123	5.80229705063
3050.0	41.0	7.52917883174	5.13452693104
3050.0	42.0	5.99825562433	5.80826354563
3060.0	41.0	7.10951140315	5.18369084978
3060.0	42.0	6.50337188743	5.81423004062
3070.0	41.0	6.68247769572	5.22450167553
3070.0	42.0	7.00848815053	5.82019653561
3080.0	41.0	6.2556544534	5.26555116108
3080.0	42.0	7.50960557655	5.81995787581
3090.0	41.0	5.82988353663	5.31304446122
3090.0	42.0	8.00651370037	5.81327540142
3100.0	41.0	5.40895331738	5.38631301973
3100.0	42.0	8.5034218242	5.80683158683
3110.0	41.0	4.98802309813	5.45982023804
3110.0	42.0	9.00032994803	5.80014911244
3120.0	41.0	4.56709287887	5.53332745636
3120.0	42.0	9.4808217933	5.7457346781
3130.0	41.0	4.15942196153	5.60922127267
3130.0	42.0	9.9596299177	5.68606972817
3130.0	46.0	0.535212773778	4.00256350099
3140.0	41.0	3.78289988041	5.69084292417
3140.0	42.0	10.4384380421	5.62640477824
3140.0	46.0	1.08389531457	4.04528360514
3150.0	41.0	3.40616733418	5.77246457567
3150.0	42.0	10.9172461665	5.56673982832
3150.0	46.0	1.63257785537	4.08800370929
3160.0	41.0	3.02964525306	5.85408622717
3160.0	42.0	11.4703484746	5.48201559942
3160.0	46.0	2.15768830388	4.14647536022
3170.0	41.0	2.66680340407	5.94525427066
3170.0	42.0	12.031658922	5.39442745292
3170.0	46.0	2.66680340407	4.21592536194
3180.0	41.0	2.31785225231	6.04573004634
3180.0	42.0	12.5927589042	5.30707796623
3180.0	46.0	3.17591850425	4.28513670385
3190.0	41.0	1.96890110055	6.14620582202
3190.0	42.0	13.0989274929	5.2445490987
3190.0	46.0	3.67072197698	4.31663979742
3200.0	41.0	1.61994994879	6.2466815977
3200.0	42.0	13.5987821282	5.18488414877
3200.0	46.0	4.15100335714	4.31067330242
3210.0	41.0	1.27962786652	6.39369603432
3210.0	42.0	14.1041088564	5.08679497109
3210.0	46.0	4.63128473731	4.30446814763
3210.0	49.0	14.7729669748	3.58634081029
3210.0	50.0	14.9125053425	4.46938206923
3220.0	41.0	0.942883691122	6.56075789412
3220.0	42.0	14.6153286077	4.95052022546
3220.0	46.0	5.11156611748	4.29826299284
3220.0	49.0	14.2063948997	3.68729390557
3220.0	50.0	14.3383565235	4.62140836165
3230.0	41.0	0.606139515722	6.72781975392
3230.0	42.0	15.1263378939	4.81400682002
3230.0	46.0	5.63204633358	4.25506556909
3230.0	49.0	13.6398228246	3.78824700085
3230.0	50.0	13.7644181695	4.77319599427
3240.0	41.0	0.269395340321	6.89488161372
3240.0	46.0	6.17925561861	4.18680886637
3240.0	49.0	13.0667263311	3.9118727771
3240.0	50.0	13.2422542325	4.84383929498
3250.0	46.0	6.72646490363	4.11855216365
3250.0	49.0	12.4911042563	4.04528360514
3250.0	50.0	12.7198798304	4.9147212555
3260.0	46.0	7.2679916307	4.05530731673
3260.0	49.0	11.9154821814	4.17869443318
3260.0	50.0	12.2059240327	4.9989681648
3270.0	46.0	7.75921719656	4.03693051215
3270.0	49.0	11.3634321989	4.31234392102
3270.0	50.0	11.7109100949	5.11495682746
3280.0	46.0	8.25023229732	4.01855370758
3280.0	49.0	10.8669450053	4.44694804806
3280.0	50.0	11.2161066222	5.23118414992
3290.0	46.0	8.74124739808	4.0004155628
3290.0	49.0	10.3704578117	4.5815521751
3290.0	50.0	10.7213031494	5.34717281258
3300.0	46.0	9.24110203344	3.98442535622
3300.0	49.0	9.87397061808	4.71639496194
3300.0	50.0	10.2060845611	5.42545322689
3310.0	46.0	9.775893877	3.97798154162
3310.0	49.0	9.38190319178	4.77749187066
3310.0	50.0	9.6776066708	5.47867436222
3320.0	46.0	10.3104752554	3.97153772703
3320.0	49.0	8.89614971876	4.72856661172
3320.0	50.0	9.14912878053	5.53165683776
3330.0	46.0	10.845267099	3.96509391244
3330.0	49.0	8.41060671086	4.67964135278
3330.0	50.0	8.62065089026	5.58463931329
3340.0	46.0	11.3813217332	3.96509391244
3340.0	49.0	7.92485323784	4.63071609384
3340.0	50.0	8.09659276729	5.63642848983
3340.0	51.0	0.429559288746	3.24219337911
3350.0	46.0	11.9188496232	3.97153772703
3350.0	49.0	7.4233148816	4.64360372302
3350.0	50.0	7.61252301516	5.67819395478
3350.0	51.0	1.0298057814	3.23336296652
3360.0	46.0	12.4563775132	3.97798154162
3360.0	49.0	6.90620210725	4.71854290013
3360.0	50.0	7.12845326302	5.71995941973
3360.0	51.0	1.62984180894	3.22453255393
3370.0	46.0	12.9939054032	3.98442535622
3370.0	49.0	6.3890893329	4.79372073704
3370.0	50.0	6.64438351088	5.76172488468
3370.0	51.0	2.17368365221	3.19589337796
3370.0	52.0	0.00820813927539	4.07392278111
3380.0	46.0	13.5314332932	3.99086917081
3380.0	49.0	5.87197655855	4.86865991415
3380.0	50.0	6.15905096808	5.80659292703
3380.0	51.0	2.69332200788	3.15842378941
3380.0	52.0	0.566361610002	4.03239597596
3390.0	46.0	14.0689611831	3.9973129854
3390.0	49.0	5.41211029402	4.98345527782
3390.0	50.0	5.66151144893	5.87890684634
3390.0	51.0	3.21296036354	3.12119286065
3390.0	52.0	1.12451508073	3.99086917081
3400.0	46.0	14.6064890731	4.00375679999
3400.0	49.0	4.95224402949	5.09848930128
3400.0	50.0	5.16397192977	5.95122076565
3400.0	51.0	3.74859406754	3.07680213791
3400.0	52.0	1.68182669102	3.94647844806
3410.0	46.0	15.1440169631	4.01020061459
3410.0	49.0	4.47533009108	5.22020579913
3410.0	50.0	4.66664287573	6.02353468497
3410.0	51.0	4.30022311987	3.02525162117
3410.0	52.0	2.23661271999	3.89588257052
3420.0	49.0	3.95863824695	5.35743518397
3420.0	50.0	4.22108823865	6.06458417052
3420.0	51.0	4.85206263731	2.97346244463
3420.0	52.0	2.79160921407	3.84528669298
3430.0	49.0	3.44215686793	5.4949032286
3430.0	50.0	3.78837197326	6.09775788268
3430.0	51.0	5.40390215475	2.92191192789
3430.0	52.0	3.34639524305	3.79469081544
3440.0	49.0	2.92546502379	5.63237127324
3440.0	50.0	3.35565570787	6.13093159484
3440.0	51.0	5.99215213615	2.89327275193
3440.0	52.0	3.94095917774	3.75889184549
3450.0	49.0	2.45718015488	5.78750014305
3450.0	50.0	2.92293944248	6.19369912216
3450.0	51.0	6.58966258238	2.87012275135
3450.0	52.0	4.53552311243	3.72309287553
3460.0	49.0	1.98889528596	5.94262901286
3460.0	50.0	2.48917085154	6.37436459055
3460.0	51.0	7.18696256349	2.84697275078
3460.0	52.0	5.13008704712	3.68729390557
3470.0	49.0	1.52061041704	6.09775788268
3470.0	50.0	2.05561272571	6.55526871873
3470.0	51.0	7.78173696329	2.8314598638
3470.0	52.0	5.72465098181	3.65149493562
3480.0	49.0	1.05232554813	6.25288675249
3480.0	50.0	1.62184413477	6.73593418711
3480.0	51.0	8.37545903755	2.81928821401
3480.0	52.0	6.34426026455	3.6648598844
3490.0	49.0	0.688852303804	6.51326459398
3490.0	50.0	1.28257437806	6.9151676967
3490.0	51.0	8.96897064669	2.80711656423
3490.0	52.0	6.9640800124	3.67798617338
3500.0	49.0	0.325168594371	6.77364243547
3500.0	50.0	0.953617411713	7.09416254648
3500.0	51.0	9.56269272095	2.79470625464
3500.0	52.0	7.58368929514	3.69135112217
3510.0	50.0	0.624870910478	7.27315739627
3510.0	51.0	10.1825124688	2.77227223347
3510.0	52.0	8.22224043774	3.68323668898
3520.0	51.0	10.8090671001	2.7474516143
3520.0	52.0	8.88857297481	3.64361916223
3530.0	51.0	11.4356217315	2.72239233533
3530.0	52.0	9.555115977	3.60376297567
3540.0	51.0	12.0621763629	2.69733305636
3540.0	52.0	10.2216589792	3.56390678912
3550.0	51.0	12.6885205291	2.67251243719
3550.0	52.0	10.8450566339	3.51665214878
3560.0	51.0	13.3150751605	2.64745315822
3560.0	52.0	11.4579310331	3.46748823004
3570.0	51.0	13.9416297918	2.62239387925
3570.0	52.0	12.0708054324	3.4185629711
3580.0	51.0	14.5681844232	2.59757326008
3580.0	52.0	12.6954658777	3.34004389699
3580.0	55.0	15.0432041756	4.67343619799
3590.0	51.0	15.1945285894	2.57251398111
3590.0	52.0	13.3375949272	3.21761141974
3590.0	55.0	14.9503890622	4.50494237939
3600.0	52.0	13.9797239767	3.09517894248
3600.0	55.0	14.8575739489	4.33668722059
3610.0	52.0	14.6218530261	2.97274646523
3610.0	55.0	14.7647588356	4.168193402
3620.0	52.0	15.2641925407	2.85055264778
3620.0	55.0	14.61006698	4.00304082059
3630.0	55.0	14.2082890857	3.85101452818
3640.0	55.0	13.8065111914	3.69922689556
3650.0	55.0	13.2677205108	3.73741246351
3660.0	55.0	12.7289298302	3.77559803147
3670.0	55.0	12.2151844976	3.80614648583
3680.0	55.0	11.7262740479	3.8292964864
3690.0	55.0	11.2375740633	3.85244648697
3700.0	55.0	10.7436124511	3.86628875536
3710.0	55.0	10.2422845599	3.86628875536
3720.0	55.0	9.74074620369	3.86628875536
3730.0	55.0	9.23941831256	3.86628875536
3740.0	55.0	8.77639507138	3.90614494191
3750.0	55.0	8.31337183021	3.94576246866
3760.0	55.0	7.85034858903	3.98561865521
3770.0	55.0	7.40563581239	3.9992222638
3780.0	55.0	6.96092303575	4.01258721258
3790.0	55.0	6.51599979401	4.02619082117
3800.0	55.0	6.07128701737	4.03955576995
3800.0	63.0	15.2928157956	2.79780883204
3810.0	55.0	5.62657424073	4.05315937853
3810.0	63.0	14.8394739495	2.72430161373
3820.0	55.0	5.17659983635	4.12523463805
3820.0	63.0	14.3852902429	2.67298975679
3830.0	55.0	4.72452078087	4.22260783633
3830.0	63.0	13.9292123503	2.67298975679
3840.0	55.0	4.2724417254	4.31974237481
3840.0	63.0	13.5259612003	2.59351604349
3850.0	55.0	3.8024731356	4.26413464148
3850.0	63.0	13.1751158626	2.43432995708
3860.0	55.0	3.3322940807	4.20828824835
3860.0	63.0	12.8474216869	2.2517552103
3860.0	64.0	15.0061623163	3.3355093608
3870.0	55.0	2.86232549091	4.15268051501
3870.0	63.0	12.5546647194	2.03385881316
3870.0	64.0	14.585232097	3.04076450815
3880.0	55.0	2.37131039015	4.03693051215
3880.0	63.0	12.2675903099	1.81858767382
3880.0	64.0	14.1767193193	2.81093512103
3890.0	55.0	1.88008482428	3.92118050929
3890.0	63.0	12.0318693871	1.62765983405
3890.0	64.0	13.7869379362	2.67824027238
3900.0	55.0	1.38906972353	3.80543050643
3900.0	63.0	11.7961484643	1.43673199427
3900.0	64.0	13.3973670183	2.54578408354
3910.0	55.0	0.869852298082	3.71521710214
3910.0	63.0	11.6406147483	1.18685518397
3910.0	64.0	13.0961914464	2.328365006
3920.0	55.0	0.338848826497	3.63550472903
3920.0	63.0	11.5385391701	0.897599506722
3920.0	64.0	12.8331100594	2.07490829871
3930.0	63.0	11.4364635919	0.60810516967
3930.0	64.0	12.5700286724	1.82121293161
3940.0	63.0	11.3316519673	0.348920627181
3940.0	64.0	12.3069472854	1.53792374935
3950.0	63.0	11.2203159244	0.159424746209
3950.0	64.0	12.0438658983	1.22456343233
3960.0	63.0	11.1087694163	-0.0300711347639
3960.0	64.0	11.7807845113	0.911441775106
3970.0	63.0	10.9974333733	-0.219805675536
3970.0	64.0	11.5385391701	0.620515479255
3980.0	64.0	11.3447008041	0.381855679542
3990.0	64.0	11.1508624382	0.143195879828
4000.0	64.0	10.9570240722	-0.0954639198854
4010.0	64.0	10.7629752411	-0.334123719599
4010.0	65.0	12.6228554149	12.3427688618
4020.0	65.0	12.7099879703	12.0110317402
4030.0	65.0	12.7973309908	11.6792946186
4040.0	65.0	12.8846740113	11.3473188372
4050.0	65.0	12.9718065667	11.0155817156
4060.0	65.0	13.0042181935	10.7339631519
4070.0	65.0	12.9997984262	10.4855183004
4080.0	65.0	12.995589124	10.2370734489
4090.0	65.0	12.9913798219	9.98862859741
4100.0	65.0	12.9869600546	9.74018374591
4110.0	65.0	12.987801915	9.48648837881
4120.0	65.0	12.9909588916	9.23016775392
4130.0	65.0	12.9941158683	8.97384712903
4140.0	65.0	12.9970623798	8.71776516393
4150.0	65.0	13.0002193565	8.46144453904
4160.0	65.0	13.0033763331	8.20536257395
4170.0	65.0	13.0065333097	7.94904194906
4180.0	65.0	12.9492867999	7.663127509
4190.0	65.0	12.8855158717	7.37387183175
4200.0	65.0	12.8217449435	7.08461615449
4210.0	65.0	12.6973600637	6.8256702718
4220.0	65.0	12.532776348	6.58701047209
4230.0	65.0	12.3300984474	6.37985376594
4240.0	65.0	12.0392356659	6.2466815977
4250.0	65.0	11.7483728844	6.11327076966
4260.0	65.0	11.4572996378	5.97985994162
4270.0	65.0	11.0955101143	5.97818932302
4280.0	65.0	10.7257229167	5.99107695221
4290.0	65.0	10.3559357191	6.00396458139
4300.0	65.0	9.98846363772	6.02973983976
4310.0	65.0	9.63025202114	6.10706561487
4320.0	65.0	9.27182993944	6.18463004977
4330.0	65.0	8.91340785775	6.26195582488
4340.0	65.0	8.54698810189	6.34357747638
4350.0	65.0	8.17236020676	6.42949500428
4360.0	65.0	7.79773231163	6.51541253218
4370.0	65.0	7.42310441649	6.60133006007
4380.0	65.0	7.04847652136	6.68724758797
4390.0	65.0	6.6645881614	6.75526563089
4400.0	65.0	6.27122887151	6.80562284863
4410.0	65.0	5.87808004673	6.85574140657
4420.0	65.0	5.48493122195	6.90609862431
4430.0	65.0	5.10904053616	6.94905738826
4440.0	65.0	4.74072659432	6.98867491501
4450.0	65.0	4.37241265247	7.02853110156
4460.0	65.0	4.00409871063	7.06838728811
4460.0	70.0	5.12671960537	4.55148104034
4470.0	65.0	3.63578476878	7.10800481487
4470.0	70.0	5.57227424245	4.53740011215
4480.0	65.0	3.25463245525	7.0827068761
4480.0	70.0	6.01803934463	4.52331918397
4490.0	65.0	2.87179642084	7.05024914334
4490.0	70.0	6.46022653996	4.51138619398
4500.0	65.0	2.48917085154	7.01779141057
4500.0	70.0	6.86979164329	4.51783000858
4510.0	65.0	2.10654528224	6.98509501801
4510.0	70.0	7.27914628151	4.52427382317
4520.0	65.0	1.75338482829	7.01254089498
4520.0	70.0	7.68871138484	4.53071763776
4530.0	65.0	1.42947902458	7.09965172188
4530.0	70.0	8.08459625605	4.54646918454
4540.0	65.0	1.10578368597	7.18676254877
4540.0	70.0	8.45943461629	4.57630165951
4550.0	65.0	0.781877882259	7.27411203547
4550.0	70.0	8.83427297653	4.60613413447
4560.0	65.0	0.458182543655	7.36122286236
4560.0	70.0	9.19037994202	4.64455836222
4570.0	65.0	0.134276739941	7.44857234906
4570.0	70.0	9.47092993315	4.71758826094
4580.0	70.0	9.75147992428	4.79037949985
4590.0	70.0	10.0322403805	4.86340939856
4600.0	70.0	10.2940589769	4.94025785407
4610.0	70.0	10.5434601318	5.01973156737
4620.0	70.0	10.7928612867	5.09944394048
4630.0	70.0	11.0471031391	5.18655476737
4640.0	70.0	11.3019763869	5.27438157367
4650.0	70.0	11.5749496341	5.42282796909
4660.0	70.0	11.8481333464	5.57103570471
4670.0	70.0	12.1211065936	5.71948210013
4680.0	70.0	12.3671403067	5.87413365035
4690.0	70.0	12.5498240219	6.04382076794
4700.0	70.0	12.732507737	6.21326922574
4710.0	70.0	12.9154019173	6.38295634334
4720.0	70.0	13.1403891195	6.50634345979
4730.0	70.0	13.4076798087	6.5836692349
4740.0	70.0	13.675180963	6.6612336698
4750.0	70.0	13.9424716523	6.73855944491
4750.0	74.0	15.0482553382	5.17891765378
4760.0	70.0	14.2409111777	6.88127800514
4760.0	74.0	14.5023088439	5.20875012875
4770.0	70.0	14.5469274471	7.04046409155
4770.0	74.0	13.9565728146	5.23858260371
4780.0	70.0	14.8531541816	7.19965017796
4780.0	74.0	13.4106263202	5.26841507867
4790.0	70.0	15.159170451	7.35859760456
4790.0	74.0	12.8316368036	5.29944085264
4800.0	74.0	12.2446496129	5.3309439462
4810.0	74.0	11.657451957	5.36220837996
4820.0	74.0	11.0704647663	5.39371147352
4830.0	74.0	10.5074705981	5.39967796852
4840.0	74.0	9.94447642981	5.40564446351
4850.0	74.0	9.38148226156	5.4116109585
4860.0	74.0	8.81848809331	5.4175774535
4870.0	74.0	8.26664857587	5.40707642231
4880.0	74.0	7.71480905843	5.39633673132
4890.0	74.0	7.16275907589	5.38583570013
4900.0	74.0	6.61091955845	5.37509600915
4910.0	74.0	6.04182190202	5.34717281258
4920.0	74.0	5.4554661066	5.30158879083
4930.0	74.0	4.8693207763	5.25624342889
4940.0	74.0	4.28296498088	5.21065940714
4950.0	74.0	3.72102313818	5.15433569441
4960.0	74.0	3.21590687508	5.07247538311
4970.0	74.0	2.71079061198	4.99061507181
4980.0	74.0	2.20567434888	4.90899342031
4990.0	74.0	1.69508599292	4.86675063576
5000.0	74.0	1.18323484631	4.8345315628
5010.0	74.0	0.671173234596	4.80231248983
5020.0	74.0	0.159322087987	4.76985475707
5030.0	77.0	14.9165041796	7.48460997881
5040.0	77.0	14.587126283	7.1628965688
5040.0	78.0	15.1440169631	7.37029193475
5050.0	77.0	14.2695344326	6.85454810757
5050.0	78.0	14.9047181335	7.02304192617
5060.0	77.0	14.059069323	6.6652908864
5060.0	78.0	14.6656297689	6.67603057738
5060.0	79.0	0.182683715155	3.93024958168
5070.0	77.0	13.8486042134	6.47579500542
5070.0	78.0	14.4324344275	6.34453211558
5070.0	79.0	0.671173234596	4.00685937739
5080.0	77.0	13.6452949175	6.29178829985
5080.0	78.0	14.2084995508	6.03666097395
5080.0	79.0	1.15987321915	4.0837078329
5090.0	77.0	13.4710298067	6.12806767724
5090.0	78.0	13.9843542091	5.72855117252
5090.0	79.0	1.64268018063	4.15029391702
5090.0	81.0	15.1680099856	6.98676563661
5100.0	77.0	13.2965542308	5.96434705464
5100.0	78.0	13.7418984028	5.46196817624
5100.0	79.0	2.07413365536	4.12642793705
5100.0	81.0	14.8390530193	6.92710068668
5110.0	77.0	13.12228912	5.80086509184
5110.0	78.0	13.456297249	5.29132641945
5110.0	79.0	2.50558713009	4.10256195707
5110.0	81.0	14.510306518	6.86743573675
5120.0	77.0	12.9025635456	5.73356302832
5120.0	78.0	13.1706960953	5.12092332245
5120.0	79.0	2.93704060482	4.0786959771
5120.0	81.0	14.1813495517	6.80777078683
5120.0	85.0	0.341163942703	2.90735368011
5130.0	77.0	12.6636856462	5.70778776995
5130.0	78.0	12.8728879651	5.02235682517
5130.0	79.0	3.37186152131	4.05005680114
5130.0	81.0	13.9056402581	6.7438099605
5130.0	85.0	0.686958117818	2.89876192732
5140.0	77.0	12.4248077467	5.68201251158
5140.0	78.0	12.5630833238	4.9958655874
5140.0	79.0	3.83677894847	3.97774288182
5140.0	81.0	13.6831786372	6.67555325778
5140.0	85.0	1.03275229293	2.89040883433
5150.0	77.0	12.1859298473	5.65623725321
5150.0	78.0	12.2530682173	4.96937434963
5150.0	79.0	4.30190684075	3.90566762231
5150.0	81.0	13.4607170163	6.60753521487
5150.0	85.0	1.16366159112	2.89303409213
5160.0	77.0	11.9022228795	5.63022333504
5160.0	78.0	11.9432635759	4.94288311187
5160.0	79.0	4.76682426791	3.8335923628
5160.0	81.0	13.2382553954	6.53927851215
5160.0	85.0	1.2025976364	2.90019388612
5170.0	77.0	11.6185159118	5.60444807667
5170.0	78.0	11.6071507958	4.94622434906
5170.0	79.0	5.23174169507	3.76127844348
5170.0	81.0	12.9410786607	6.39178675593
5170.0	85.0	1.24132321657	2.90759233991
5180.0	77.0	11.3350194091	5.5784341585
5180.0	78.0	11.2680915042	4.95290682345
5180.0	79.0	5.69244982004	3.69158978197
5180.0	81.0	12.6439019259	6.2445336595
5180.0	85.0	1.28025926185	2.9149907937
5190.0	77.0	11.0513124413	5.55242024033
5190.0	78.0	10.9290322126	4.95958929785
5190.0	79.0	6.15231608457	3.62261709985
5190.0	81.0	12.3469356562	6.09704190328
5190.0	85.0	1.31919530713	2.92238924749
5200.0	77.0	10.7831798917	5.55838673533
5200.0	78.0	10.620700827	4.96197589584
5200.0	79.0	6.611971884	3.55340575793
5200.0	81.0	12.0487065958	5.98725839541
5200.0	85.0	1.3579208873	2.92954904148
5210.0	77.0	10.5381985041	5.61184653046
5210.0	78.0	10.3839275787	4.95433878225
5210.0	79.0	7.07162768342	3.48443307582
5210.0	81.0	11.7500566053	5.90253416651
5210.0	85.0	1.39875111857	2.93909543347
5220.0	77.0	10.2934275816	5.6655449854
5220.0	78.0	10.1471543304	4.94694032846
5220.0	79.0	7.54517418008	3.47846658082
5220.0	81.0	11.4514066147	5.81780993761
5220.0	85.0	1.44736855889	2.95747223805
5230.0	77.0	10.0486566591	5.71900478053
5230.0	78.0	9.91038108205	4.94503105006
5230.0	79.0	8.01872067673	3.47250008583
5230.0	81.0	11.158228717	5.69991199656
5230.0	85.0	1.49598599922	2.97584904263
5240.0	77.0	9.80388573658	5.77270323547
5240.0	78.0	9.67402876394	4.9937176492
5240.0	79.0	8.49226717339	3.46653359084
5240.0	81.0	10.8705229122	5.54884034334
5240.0	85.0	1.54439297443	2.9942258472
5250.0	77.0	9.57405783687	5.81852591701
5250.0	78.0	9.43788691094	5.04264290815
5250.0	79.0	8.96581367005	3.46056709585
5250.0	81.0	10.5828171073	5.39776869012
5250.0	85.0	1.59301041476	3.01260265178
5260.0	77.0	9.35938342505	5.85671148497
5260.0	78.0	9.20153459283	5.09132950729
5260.0	79.0	9.41915551618	3.47894390042
5260.0	81.0	10.3014252557	5.21662590214
5260.0	85.0	1.64162785508	3.03097945636
5270.0	77.0	9.14470901323	5.89489705292
5270.0	78.0	8.96539273983	5.14001610643
5270.0	79.0	9.87249736231	3.497320705
5270.0	81.0	10.0261368923	5.00541197939
5270.0	85.0	1.6902452954	3.04935626094
5280.0	77.0	8.93003460141	5.93308262088
5280.0	78.0	8.73114507282	5.19824909756
5280.0	79.0	10.3258392084	3.51569750958
5280.0	81.0	9.75105899406	4.79419805664
5280.0	85.0	1.96363947281	3.0775181173
5290.0	77.0	8.71536018959	5.97126818883
5290.0	78.0	8.50447414975	5.29466765664
5290.0	79.0	10.7804438452	3.54600730414
5290.0	81.0	9.45430318949	4.79014084005
5290.0	85.0	2.33321620531	3.10973719027
5300.0	77.0	8.50279042887	6.07174396451
5300.0	78.0	8.27780322668	5.39084755593
5300.0	79.0	11.2480973188	3.68395266838
5300.0	81.0	9.15523226871	4.80899496423
5300.0	85.0	2.70300340292	3.14195626323
5310.0	77.0	8.29232531925	6.23450994791
5310.0	78.0	8.05113230361	5.48726611501
5310.0	79.0	11.7159612575	3.82165937281
5310.0	81.0	8.85616134793	4.8278490884
5310.0	85.0	3.07279060053	3.17417533619
5320.0	77.0	8.08186020962	6.39727593132
5320.0	78.0	7.82446138055	5.5836846741
5320.0	79.0	12.1836147311	3.95960473705
5320.0	81.0	8.55477531095	4.83715682059
5320.0	85.0	3.63031267593	3.11618100486
5320.0	89.0	14.9202925516	6.82376099341
5330.0	77.0	7.87139509999	6.55980325492
5330.0	78.0	7.59779045748	5.68010323318
5330.0	79.0	12.6512682047	4.09755010128
5330.0	81.0	8.23360555366	4.76197898368
5330.0	85.0	4.18762428622	3.05818667353
5330.0	89.0	14.3852902429	6.69440738196
5340.0	77.0	7.66050906015	6.71326150614
5340.0	78.0	7.35533465119	5.75957694648
5340.0	79.0	13.0477844712	4.2438485585
5340.0	81.0	7.91243579637	4.68656248697
5340.0	85.0	4.74514636162	2.9999536824
5340.0	89.0	13.8502879342	6.56505377052
5350.0	77.0	7.44478232278	6.78318882746
5350.0	78.0	7.11308931001	5.83928931959
5350.0	79.0	13.3971565532	4.39563619112
5350.0	81.0	7.59105557397	4.61114599026
5350.0	85.0	5.28498936781	2.97250780543
5350.0	89.0	13.2765600454	6.40037850872
5360.0	77.0	7.22926605053	6.85311614877
5360.0	78.0	6.87063350373	5.91876303289
5360.0	79.0	13.7463181701	4.54766248354
5360.0	81.0	7.26315093318	4.56532330872
5360.0	85.0	5.7833707474	3.01642120858
5360.0	89.0	12.6929402964	6.22687283432
5370.0	77.0	7.01353931316	6.92280481029
5370.0	78.0	6.63596490649	6.00515788039
5370.0	79.0	14.095479787	4.69945011616
5370.0	81.0	6.91925094405	4.58871196909
5370.0	85.0	6.28175212699	3.06057327153
5370.0	89.0	12.1156345007	6.09322334648
5380.0	77.0	6.7980230409	6.9927321316
5380.0	78.0	6.4044532859	6.09465530528
5380.0	79.0	14.4442204736	4.8280877482
5380.0	81.0	6.57514048981	4.61186196966
5380.0	85.0	6.7803439717	3.10448667467
5380.0	89.0	11.542117077	5.98630375621
5390.0	77.0	6.52736490993	7.02686048296
5390.0	78.0	6.17294166532	6.18415273017
5390.0	79.0	14.7914879045	4.86388671816
5390.0	81.0	6.23124050068	4.63525063003
5390.0	85.0	7.29009046721	3.12310213905
5390.0	89.0	10.9688101184	5.87914550614
5400.0	77.0	6.25691724406	7.06098883432
5400.0	78.0	5.94143004473	6.27365015507
5400.0	79.0	15.1387553354	4.89968568812
5400.0	81.0	5.88544632557	4.661503208
5400.0	85.0	7.81120207864	3.11618100486
5400.0	89.0	10.3929775784	5.93881045607
5410.0	77.0	5.98625911308	7.09511718568
5410.0	78.0	5.73433237686	6.34787335278
5410.0	81.0	5.5318649414	4.69968877596
5410.0	85.0	8.33231369007	3.10949853047
5410.0	89.0	9.81588224783	6.06959602631
5410.0	94.0	14.9196611562	3.3309748246
5420.0	77.0	5.75601028315	7.12948419684
5420.0	78.0	5.53754749936	6.4151754163
5420.0	81.0	5.17828355723	4.73787434391
5420.0	85.0	8.85363576662	3.10257739627
5420.0	89.0	9.23878691723	6.20062025636
5420.0	94.0	14.4762111703	3.46748823004
5430.0	77.0	5.56596028916	7.1645671874
5430.0	78.0	5.34076262186	6.48271613962
5430.0	81.0	4.82470217306	4.77605991187
5430.0	85.0	9.37474737805	3.09565626208
5430.0	89.0	8.67958112096	6.3292578884
5430.0	94.0	14.0327611843	3.60376297567
5440.0	77.0	5.37612076027	7.19941151816
5440.0	78.0	5.14397774436	6.55025686294
5440.0	81.0	4.47112078888	4.81424547982
5440.0	85.0	9.89585898948	3.08897378769
5440.0	89.0	8.13237183593	6.45646356165
5440.0	94.0	13.6042542211	3.73621916451
5450.0	77.0	5.18607076628	7.23425584891
5450.0	78.0	4.94403589021	6.61254707066
5450.0	81.0	4.09565103331	4.84121403719
5450.0	85.0	10.4169706009	3.0820526535
5450.0	89.0	7.5851625509	6.58390789469
5450.0	94.0	13.210474001	3.85936762117
5460.0	77.0	4.97118588935	7.27912389126
5460.0	78.0	4.71441845561	6.62877593704
5460.0	81.0	3.63262779214	4.82331455221
5460.0	85.0	10.9380822123	3.07537017911
5460.0	89.0	7.07688931116	6.73617284691
5460.0	94.0	12.8166937809	3.98251607782
5470.0	77.0	4.7186277578	7.33878884119
5470.0	78.0	4.48480102101	6.64500480342
5470.0	81.0	3.16960455096	4.80541506723
5470.0	85.0	11.4594042889	3.06844904492
5470.0	89.0	6.5945032799	6.90514398511
5470.0	94.0	12.4197565841	4.09874340028
5480.0	77.0	4.46606962625	7.39845379112
5480.0	78.0	4.25518358641	6.6612336698
5480.0	81.0	2.70658130978	4.78751558225
5480.0	85.0	11.9805159003	3.06176657052
5480.0	89.0	6.11043352776	7.07435378311
5480.0	94.0	12.0110333412	4.18752484577
5490.0	77.0	4.2135114947	7.45811874105
5490.0	78.0	4.02556615181	6.67770119598
5490.0	81.0	2.25197667299	4.7500459937
5490.0	85.0	12.5016275118	3.05484543633
5490.0	89.0	5.619418427	7.2433249213
5490.0	94.0	11.6020996332	4.27606763147
5500.0	77.0	3.93569755	7.50990791758
5500.0	78.0	3.76669406697	6.70013521716
5500.0	81.0	1.83104645374	4.63429599084
5500.0	85.0	13.0092693562	3.06892636452
5500.0	89.0	5.12840332625	7.4122960595
5500.0	94.0	11.1931659252	4.36484907696
5510.0	77.0	3.61999988556	7.54952544434
5510.0	78.0	3.49540454066	6.72519449613
5510.0	81.0	1.41011623449	4.51854598797
5510.0	85.0	13.5169112006	3.0830072927
5510.0	89.0	4.69989636305	7.46098265864
5510.0	94.0	10.7833903568	4.48131505922
5520.0	77.0	3.30430222112	7.58938163089
5520.0	78.0	3.22390454924	6.7502537751
5520.0	81.0	0.98918601524	4.40279598511
5520.0	85.0	14.0243425799	3.09684956108
5520.0	89.0	4.28696381796	7.47912080342
5520.0	94.0	10.3731938581	4.60971403147
5530.0	77.0	2.98860455668	7.62923781744
5530.0	78.0	2.95261502294	6.77531305407
5530.0	81.0	0.586355795417	4.25840680629
5530.0	85.0	14.5319844243	3.11093048926
5530.0	89.0	3.88960569099	7.4924857522
5530.0	94.0	9.96299735945	4.73835166351
5540.0	77.0	2.676274334	7.6609795708
5540.0	78.0	2.6413371258	6.78987130185
5540.0	81.0	0.18541976158	4.11067639026
5540.0	85.0	15.0396262687	3.12501141745
5540.0	89.0	3.55412430625	7.48508729841
5540.0	94.0	9.5530113259	4.86675063576
5550.0	77.0	2.376782483	7.6609795708
5550.0	78.0	2.32563946136	6.80323625063
5550.0	89.0	3.21885338661	7.47745018482
5550.0	94.0	9.13923692038	5.0777258987
5560.0	77.0	2.07750109711	7.6609795708
5560.0	78.0	2.00994179692	6.81636253962
5560.0	89.0	2.88337200187	7.47005173103
5560.0	94.0	8.72483111953	5.30898724463
5570.0	77.0	1.77821971123	7.6609795708
5570.0	78.0	1.71192320169	6.83784192159
5570.0	89.0	2.61271387089	7.50418008239
5570.0	94.0	8.31021485356	5.54048725035
5580.0	77.0	1.47893832534	7.6609795708
5580.0	78.0	1.45536623306	6.87865274734
5580.0	89.0	2.34226620502	7.53830843375
5580.0	94.0	7.85308463546	5.69728673876
5590.0	77.0	1.21501507787	7.63830688983
5590.0	78.0	1.19859879932	6.91946357309
5590.0	89.0	2.07202900426	7.56981152731
5590.0	94.0	7.35301953499	5.77938570986
5600.0	77.0	0.966245318291	7.60561049727
5600.0	78.0	0.942041830684	6.96003573904
5600.0	89.0	1.80431738482	7.59152956909
5600.0	94.0	6.85316489963	5.86124602116
5610.0	77.0	0.717475558713	7.57315276451
5610.0	78.0	0.676434862336	6.98127646122
5610.0	89.0	1.53639530027	7.61324761086
5610.0	94.0	6.35246840383	5.94859550786
5620.0	77.0	0.468705799136	7.54045637195
5620.0	78.0	0.375890685791	6.92447542889
5620.0	89.0	1.26847321571	7.63496565263
5620.0	94.0	5.84966725693	6.04811664434
5630.0	77.0	0.219936039559	7.50799863919
5630.0	78.0	0.0751360441363	6.86767439655
5630.0	89.0	1.00644415423	7.88436514333
5630.0	94.0	5.34707657515	6.14739912102
5640.0	89.0	0.744836022965	8.1593012326
5640.0	94.0	4.84427542825	6.2469202575
5650.0	89.0	0.48343835681	8.43399866207
5650.0	94.0	4.35368125771	6.27675273246
5660.0	89.0	0.270658130978	8.95308372645
5660.0	94.0	3.86855918003	6.27675273246
5670.0	89.0	0.0902895320294	9.63493477423
5670.0	94.0	3.38322663723	6.27675273246
5680.0	94.0	2.89747316421	6.28462850585
5690.0	94.0	2.40624759835	6.36434087896
5700.0	94.0	1.91523249759	6.44381459226
5710.0	94.0	1.44168600093	6.52853882116
5720.0	94.0	1.1259883365	6.6605176904
5730.0	94.0	0.810290672058	6.79249655964
5740.0	94.0	0.49459300762	6.92423676909
5750.0	94.0	0.178895343182	7.05621563833
6070.0	103.0	0.131540693516	7.06003419512
6070.0	104.0	0.363262779214	8.04378988954
6080.0	103.0	0.499854635361	6.86409449956
6080.0	104.0	0.729682535072	7.79629967724
6090.0	103.0	0.868168577205	6.66791614419
6090.0	104.0	1.09589182582	7.54880946494
6100.0	103.0	1.24953135585	6.46839655163
6100.0	104.0	1.47704413935	7.31707079941
6110.0	103.0	1.74875459588	6.23641922631
6110.0	104.0	1.91649528825	7.14857698082
6120.0	103.0	2.2477673708	6.00468056079
6120.0	104.0	2.35594643715	6.98008316222
6130.0	103.0	2.74678014572	5.77294189527
6130.0	104.0	2.79539758605	6.81158934362
6140.0	103.0	3.24558245554	5.65361199541
6140.0	104.0	3.27862547775	6.68653160857
6140.0	106.0	14.7845425559	3.21403152274
6150.0	103.0	3.74396383513	5.60969859226
6150.0	104.0	3.77279755515	6.57245222431
6150.0	106.0	14.1249449023	3.25364904949
6160.0	103.0	4.24255567983	5.56578518912
6160.0	104.0	4.26696963255	6.45837284005
6160.0	106.0	13.4655577138	3.29350523605
6170.0	103.0	4.74093705942	5.52187178597
6170.0	104.0	4.76114170995	6.34429345578
6170.0	106.0	12.8173251762	3.32405369041
6180.0	103.0	5.22227076514	5.41972539169
6180.0	104.0	5.26373239173	6.23498726751
6180.0	106.0	12.1859298473	3.34075987639
6190.0	103.0	5.69939516866	5.30302074963
6190.0	104.0	5.80041842128	6.14548984262
6190.0	106.0	11.5545345184	3.35722740257
6200.0	103.0	6.17651957218	5.18631610757
6200.0	104.0	6.33710445082	6.05599241773
6200.0	106.0	10.9231391896	3.37393358855
6210.0	103.0	6.65343351059	5.06961146551
6210.0	104.0	6.87379048037	5.96649499284
6210.0	106.0	10.2927961862	3.39016245493
6220.0	103.0	7.15139395997	4.97963672102
6220.0	104.0	7.40163697531	5.88797591873
6220.0	106.0	9.67129271751	3.40137946552
6230.0	103.0	7.69776138455	4.95219084405
6230.0	104.0	7.89454626205	5.85289292817
6230.0	106.0	9.0499997139	3.4128351359
6240.0	103.0	8.24412880914	4.92474496709
6240.0	104.0	8.38724508369	5.81804859741
6240.0	106.0	8.42870671028	3.42429080629
6250.0	103.0	8.79049623373	4.89706043032
6250.0	104.0	8.88015437043	5.78320426666
6250.0	106.0	7.80720324156	3.43550781688
6260.0	103.0	9.33686365832	4.86961455335
6260.0	104.0	9.37453691294	5.7457346781
6260.0	106.0	7.26757070048	3.48133049842
6270.0	103.0	9.87733805984	4.8314289854
6270.0	104.0	9.8830206178	5.68606972817
6270.0	106.0	6.73698815911	3.53121039656
6280.0	103.0	10.3628810677	4.69658619856
6280.0	104.0	10.3917147878	5.62640477824
6280.0	106.0	6.20661608286	3.5808516349
6290.0	103.0	10.8486345408	4.56198207152
6290.0	104.0	10.9004089577	5.56673982832
6290.0	106.0	5.67603354149	3.63049287324
6300.0	103.0	11.3343880138	4.42737794448
6300.0	104.0	11.3920554538	5.43595425807
6300.0	106.0	5.13598007019	3.68371400858
6310.0	103.0	11.8230879983	4.29850165264
6310.0	104.0	11.8670752062	5.23404806752
6310.0	106.0	4.50984636906	3.76724493848
6320.0	103.0	12.3242054243	4.19253670157
6320.0	104.0	12.3418844936	5.03214187696
6320.0	106.0	3.88371266792	3.85077586838
6330.0	103.0	12.8253228504	4.08633309069
6330.0	104.0	12.8166937809	4.8299970266
6330.0	106.0	3.25736850167	3.93430679828
6340.0	103.0	13.3264402764	3.98036813962
6340.0	104.0	13.2828739987	4.71591764234
6340.0	106.0	2.63502317251	4.00685937739
6350.0	103.0	13.8275577024	3.87416452875
6350.0	104.0	13.7429507283	4.6605485688
6350.0	106.0	2.04677319111	3.97965216022
6360.0	103.0	14.3286751284	3.76819957768
6360.0	104.0	14.203027458	4.60494083547
6360.0	106.0	1.4585232097	3.95244494305
6370.0	103.0	14.8297925544	3.6619959668
6370.0	104.0	14.6631041876	4.54957176194
6370.0	106.0	0.870062763192	3.92547638569
6380.0	104.0	15.1231809173	4.4939640286
6380.0	106.0	0.281812781789	3.89826916852
6400.0	109.0	0.448080218393	3.4128351359
6410.0	109.0	0.936990668053	3.4128351359
6420.0	109.0	1.4256906526	3.4128351359
6430.0	109.0	1.91965226489	3.4171310123
6440.0	109.0	2.42518945821	3.43097328068
6450.0	109.0	2.93072665154	3.44505420886
6460.0	109.0	3.43605337975	3.45913513705
6470.0	109.0	3.94159057307	3.47321606523
6480.0	109.0	4.44712776639	3.48729699341
6490.0	109.0	4.95266495971	3.5013779216
6500.0	109.0	5.45820215303	3.51522018998
6510.0	109.0	5.96373934635	3.52930111816
6520.0	109.0	6.46927653967	3.54338204635
6520.0	113.0	15.0088983627	5.19204394277
6530.0	109.0	6.97649745387	3.55841761373
6530.0	113.0	14.6151181426	5.32282951301
6530.0	116.0	0.273604642513	3.67536091559
6540.0	109.0	7.49824046063	3.5818062741
6540.0	113.0	14.2213379225	5.45385374305
6540.0	116.0	0.694534861764	3.72905937052
6550.0	109.0	8.01998346739	3.60543359427
6550.0	113.0	13.8275577024	5.58463931329
6550.0	116.0	1.11546508102	3.78275782546
6560.0	109.0	8.54172647415	3.62906091444
6560.0	113.0	13.3855809722	5.56864910671
6560.0	116.0	1.53639530027	3.83645628039
6570.0	109.0	9.0632590158	3.65244957481
6570.0	113.0	12.943604242	5.55289755993
6570.0	116.0	1.95732551952	3.89015473533
6580.0	109.0	9.58500202257	3.67607689499
6580.0	113.0	12.5016275118	5.53690735335
6580.0	116.0	2.38435922695	3.96509391244
6590.0	109.0	10.1067450293	3.69946555536
6590.0	113.0	11.9678879937	5.4941872492
6590.0	116.0	2.81118246927	4.04027174935
6600.0	109.0	10.6284880361	3.72309287553
6600.0	113.0	11.4343589408	5.45170580485
6600.0	116.0	3.2382161767	4.11521092646
6600.0	117.0	0.527215099612	4.67653877539
6610.0	109.0	11.1982170878	3.68180473018
6610.0	113.0	10.9174566316	5.42139601029
6610.0	116.0	3.69892430167	4.15554443261
6610.0	117.0	0.953196481494	4.67081094019
6620.0	109.0	11.7677356745	3.64027792503
6620.0	113.0	10.4681136226	5.44072745407
6620.0	116.0	4.19351730929	4.1615109276
6620.0	117.0	1.37938832849	4.6648444452
6630.0	109.0	12.3374647262	3.59898977968
6630.0	113.0	10.0187706135	5.46005889784
6630.0	116.0	4.68811031691	4.1674774226
6630.0	117.0	1.80536971037	4.65911661001
6640.0	109.0	12.907193778	3.55770163433
6640.0	113.0	9.56942760445	5.47939034162
6640.0	116.0	5.18270332453	4.17344391759
6640.0	117.0	2.23408713867	4.64885423862
6650.0	109.0	13.4767123647	3.51617482918
6650.0	113.0	9.14744505965	5.45934291845
6650.0	116.0	5.68550447142	4.13907690643
6650.0	117.0	2.68742898481	4.59992897968
6660.0	109.0	14.0464414164	3.47488668383
6660.0	113.0	8.75282297911	5.39967796852
6660.0	116.0	6.1967242227	4.06413772932
6660.0	117.0	3.14077083094	4.55100372074
6670.0	109.0	14.6161704682	3.43359853848
6670.0	113.0	8.35820089856	5.34001301859
6670.0	116.0	6.70773350888	3.98895989241
6670.0	117.0	3.59411267708	4.50207846179
6680.0	109.0	15.1856890548	3.39207173333
6680.0	113.0	7.97178695729	5.30063415164
6680.0	116.0	7.21895326016	3.9140207153
6680.0	117.0	4.04324522102	4.44312949127
6690.0	113.0	7.60515673632	5.30827126523
6690.0	116.0	7.67966138513	4.01712174878
6690.0	117.0	4.47596148641	4.34360835478
6700.0	113.0	7.23873698046	5.31590837882
6700.0	116.0	8.1403695101	4.12046144205
6700.0	117.0	4.90846728669	4.2440872183
6710.0	113.0	6.86011024824	5.32211353361
6710.0	116.0	8.60128810018	4.22356247553
6710.0	117.0	5.34118355208	4.14480474162
6720.0	113.0	6.43412886636	5.32211353361
6720.0	116.0	9.07609738749	4.31329856022
6720.0	117.0	5.8008393515	4.11091505006
6730.0	113.0	6.00835794959	5.32211353361
6730.0	116.0	9.58437062724	4.37153155135
6730.0	117.0	6.27880561546	4.12093876165
6740.0	113.0	5.58237656771	5.32211353361
6740.0	116.0	10.092643867	4.42976454248
6740.0	117.0	6.75677187942	4.13072381344
6750.0	113.0	5.15639518583	5.32211353361
6750.0	116.0	10.6007066416	4.48799753361
6750.0	117.0	7.23473814338	4.14074752503
6760.0	113.0	4.73546496657	5.35194600857
6760.0	116.0	11.1051915094	4.55267433933
6760.0	117.0	7.71270440734	4.15077123662
6770.0	113.0	4.31453474732	5.38177848354
6770.0	116.0	11.5941019591	4.64408104262
6770.0	117.0	8.17930555538	4.18394494878
6780.0	113.0	3.89360452807	5.4116109585
6780.0	116.0	12.0832228738	4.73524908611
6780.0	117.0	8.64317065699	4.22284649613
6790.0	113.0	3.47267430882	5.44144343347
6790.0	116.0	12.5721333235	4.8266557894
6790.0	117.0	9.10703575861	4.26174804348
6800.0	113.0	3.05847897308	5.46530941344
6800.0	116.0	13.0397867971	4.94598568926
6800.0	117.0	9.57111132533	4.30064959084
6810.0	113.0	2.67059177604	5.46530941344
6810.0	116.0	13.5019681778	5.07223672331
6810.0	117.0	10.0349764269	4.33978979799
6820.0	113.0	2.28291504411	5.46530941344
6820.0	116.0	13.9641495585	5.19848775736
6820.0	117.0	10.5358833879	4.35220010757
6830.0	113.0	1.89523831218	5.46530941344
6830.0	116.0	14.4263309393	5.32497745121
6830.0	117.0	11.040999651	4.36174649956
6840.0	113.0	1.50840344069	5.42807848468
6840.0	116.0	14.88851232	5.45122848525
6840.0	117.0	11.5461159141	4.37129289155
6850.0	113.0	1.12241042963	5.33547848239
6850.0	117.0	12.0512321772	4.38083928354
6860.0	113.0	0.736627883689	5.24263982031
6860.0	117.0	12.5563484403	4.39038567553
6870.0	113.0	0.350845337746	5.14980115822
6870.0	117.0	13.0303158671	4.37439546895
6880.0	117.0	13.5007053871	4.35578000457
6890.0	117.0	13.9710949072	4.33716454019
6900.0	117.0	14.4416948923	4.31831041602
6910.0	117.0	14.9120844123	4.29969495164
6980.0	123.0	-0.0498802309813	4.26675989928
6990.0	123.0	0.495855798278	4.39921608812
7000.0	123.0	1.04138136243	4.53191093676
7010.0	123.0	1.58711739169	4.6643671256
7020.0	123.0	2.10254644516	4.7493300143
7030.0	123.0	2.61460805688	4.8288037276
7040.0	123.0	3.12688013371	4.90851610071
7050.0	123.0	3.65977779128	4.98393259742
7060.0	123.0	4.19478009995	5.05887177453
7070.0	123.0	4.72999287372	5.13381095164
7080.0	123.0	5.27783355408	5.20087435536
7090.0	123.0	5.84440562919	5.25600476909
7100.0	123.0	6.41118816941	5.31113518282
