0.0	2.0	0.51	-6.94
0.0	5.0	-1.59	0.93
0.0	7.0	-2.45	2.26
0.0	9.0	1.16	-8.54
10.0	2.0	0.55	-7.59
10.0	5.0	-1.59	0.93
10.0	7.0	-2.43	2.46
10.0	9.0	1.18	-9.17
20.0	5.0	-1.59	0.93
20.0	7.0	-2.43	2.59
30.0	5.0	-1.59	0.93
30.0	7.0	-2.38	2.82
40.0	5.0	-1.59	0.93
40.0	7.0	-2.41	3.35
50.0	5.0	-1.59	0.93
50.0	7.0	-2.41	3.76
60.0	5.0	-1.59	0.93
70.0	5.0	-1.59	0.93
80.0	5.0	-1.59	0.93
90.0	5.0	-1.59	0.93
100.0	5.0	-1.59	0.93
110.0	5.0	-1.59	0.93
120.0	5.0	-1.59	0.93
130.0	5.0	-1.59	0.93
140.0	5.0	-1.59	0.93
150.0	5.0	-1.59	0.93
160.0	5.0	-1.59	0.93
170.0	5.0	-1.59	0.93
170.0	14.0	4.0	-2.41
170.0	15.0	3.13	-2.31
170.0	16.0	3.58	-5.93
180.0	5.0	-1.59	0.93
180.0	14.0	3.99	-1.8
180.0	15.0	3.14	-1.8
180.0	16.0	3.44	-5.17
190.0	5.0	-1.59	0.93
190.0	14.0	3.92	-1.35
190.0	15.0	3.13	-1.3
190.0	16.0	3.35	-4.43
200.0	5.0	-1.59	0.93
200.0	14.0	3.9	-0.88
200.0	15.0	3.09	-0.81
200.0	16.0	3.25	-3.64
210.0	5.0	-1.59	0.93
210.0	14.0	3.89	-0.4
210.0	15.0	3.09	-0.32
210.0	16.0	3.15	-2.85
220.0	5.0	-1.59	0.93
220.0	14.0	3.82	0.08
220.0	15.0	3.11	0.13
220.0	16.0	3.13	-2.04
230.0	5.0	-1.59	0.93
230.0	14.0	3.8	0.57
230.0	15.0	3.11	0.62
230.0	16.0	3.0	-1.24
240.0	5.0	-1.6	0.93
240.0	14.0	3.79	1.05
240.0	15.0	3.13	1.12
240.0	16.0	2.87	-0.36
250.0	5.0	-1.61	0.93
250.0	14.0	3.78	1.47
250.0	15.0	3.12	1.58
250.0	16.0	2.74	0.34
260.0	14.0	3.72	1.99
260.0	15.0	3.08	2.03
260.0	16.0	2.62	1.08
270.0	14.0	3.71	2.45
270.0	15.0	3.1	2.46
270.0	16.0	2.48	1.83
280.0	14.0	3.7	2.92
280.0	15.0	3.12	2.91
280.0	16.0	2.27	2.56
320.0	19.0	0.36	1.64
330.0	19.0	0.44	2.06
340.0	19.0	0.57	2.5
350.0	19.0	0.61	2.96
410.0	20.0	1.56	2.44
420.0	20.0	1.49	1.84
430.0	20.0	1.45	1.21
430.0	21.0	2.59	-6.3
440.0	20.0	1.36	0.57
440.0	21.0	2.56	-5.53
450.0	20.0	1.29	-0.06
450.0	21.0	2.53	-4.77
460.0	20.0	1.22	-0.71
460.0	21.0	2.45	-4.04
470.0	20.0	1.13	-1.34
470.0	21.0	2.44	-3.31
470.0	23.0	2.24	-7.48
480.0	20.0	1.1	-2.0
480.0	21.0	2.38	-2.57
480.0	23.0	2.19	-6.74
490.0	20.0	1.05	-2.65
490.0	21.0	2.29	-1.9
490.0	23.0	2.14	-5.98
500.0	20.0	1.08	-3.32
500.0	21.0	2.25	-1.17
500.0	23.0	2.17	-5.23
500.0	24.0	0.27	2.65
500.0	25.0	-0.67	2.78
500.0	26.0	3.53	-4.1
510.0	20.0	1.06	-4.14
510.0	21.0	2.18	-0.46
510.0	23.0	2.11	-4.41
510.0	24.0	0.44	2.34
510.0	25.0	-0.45	2.56
510.0	26.0	3.45	-3.58
520.0	20.0	1.04	-4.73
520.0	21.0	2.27	0.38
520.0	23.0	2.11	-3.65
520.0	24.0	0.58	2.1
520.0	25.0	-0.29	2.33
520.0	26.0	3.43	-3.05
530.0	20.0	1.07	-5.4
530.0	21.0	2.25	1.09
530.0	23.0	1.95	-2.86
530.0	24.0	0.7	1.88
530.0	25.0	-0.09	2.1
530.0	26.0	3.39	-2.57
530.0	27.0	2.38	-7.98
540.0	20.0	1.11	-6.11
540.0	21.0	2.19	1.77
540.0	23.0	1.86	-2.09
540.0	24.0	0.72	1.61
540.0	25.0	0.05	1.83
540.0	26.0	3.34	-2.06
540.0	27.0	2.42	-7.33
550.0	20.0	1.26	-6.86
550.0	21.0	2.2	2.44
550.0	23.0	1.87	-1.36
550.0	24.0	0.76	1.34
550.0	25.0	0.15	1.52
550.0	26.0	3.35	-1.55
550.0	27.0	2.49	-6.7
560.0	20.0	1.36	-7.58
560.0	23.0	1.86	-0.6
560.0	24.0	0.83	1.0
560.0	25.0	0.27	1.22
560.0	26.0	3.24	-1.06
560.0	27.0	2.44	-6.02
570.0	20.0	1.48	-8.26
570.0	23.0	1.94	0.1
570.0	24.0	0.82	0.68
570.0	25.0	0.26	0.9
570.0	26.0	3.19	-0.6
570.0	27.0	2.44	-5.35
580.0	20.0	1.6	-8.94
580.0	23.0	2.0	0.84
580.0	24.0	0.85	0.35
580.0	25.0	0.3	0.59
580.0	26.0	3.19	-0.1
580.0	27.0	2.44	-4.73
590.0	20.0	1.66	-9.65
590.0	23.0	2.03	1.61
590.0	24.0	0.99	0.01
590.0	25.0	0.27	0.28
590.0	26.0	3.15	0.4
590.0	27.0	2.35	-4.08
590.0	28.0	0.74	3.69
600.0	23.0	2.23	2.33
600.0	24.0	1.07	-0.32
600.0	25.0	0.26	-0.05
600.0	26.0	3.19	0.88
600.0	27.0	2.42	-3.44
600.0	28.0	0.78	3.36
610.0	24.0	1.13	-0.71
610.0	25.0	0.3	-0.39
610.0	26.0	3.22	1.36
610.0	27.0	2.46	-2.9
610.0	28.0	0.87	3.03
620.0	24.0	1.22	-1.08
620.0	25.0	0.26	-0.78
620.0	26.0	3.18	1.84
620.0	27.0	2.44	-2.36
620.0	28.0	0.92	2.66
630.0	24.0	1.29	-1.47
630.0	25.0	0.34	-1.18
630.0	27.0	2.62	-1.94
630.0	28.0	0.96	2.31
640.0	24.0	1.33	-1.82
640.0	25.0	0.37	-1.57
640.0	27.0	2.84	-1.61
640.0	28.0	1.07	1.96
650.0	24.0	1.42	-2.18
650.0	25.0	0.42	-1.96
650.0	27.0	3.04	-1.23
650.0	28.0	1.11	1.63
660.0	24.0	1.49	-2.54
660.0	25.0	0.5	-2.33
660.0	28.0	1.1	1.26
670.0	24.0	1.5	-2.91
670.0	25.0	0.54	-2.74
670.0	28.0	1.15	0.91
680.0	24.0	1.54	-3.31
680.0	25.0	0.66	-3.14
680.0	28.0	1.2	0.56
690.0	24.0	1.64	-3.8
690.0	25.0	0.71	-3.52
690.0	28.0	1.2	0.2
700.0	24.0	1.66	-4.26
700.0	25.0	0.8	-3.9
700.0	28.0	1.22	-0.14
710.0	24.0	1.67	-4.72
710.0	25.0	0.89	-4.27
710.0	28.0	1.32	-0.53
720.0	24.0	1.7	-5.18
720.0	25.0	0.88	-4.65
720.0	28.0	1.34	-0.97
720.0	30.0	-1.29	-7.53
730.0	24.0	1.65	-5.59
730.0	25.0	0.94	-5.06
730.0	28.0	1.31	-1.39
730.0	30.0	-1.29	-7.53
740.0	24.0	1.59	-5.98
740.0	25.0	0.93	-5.46
740.0	28.0	1.29	-1.88
740.0	30.0	-1.29	-7.53
750.0	24.0	1.65	-6.4
750.0	25.0	0.97	-5.87
750.0	28.0	1.2	-2.36
750.0	30.0	-1.29	-7.53
760.0	24.0	1.69	-6.77
760.0	25.0	0.99	-6.24
760.0	28.0	1.13	-2.86
760.0	30.0	-1.29	-7.53
770.0	24.0	1.71	-7.14
770.0	25.0	0.97	-6.62
770.0	28.0	1.13	-3.41
770.0	30.0	-1.29	-7.53
780.0	24.0	1.8	-7.43
780.0	25.0	1.07	-6.99
780.0	28.0	1.09	-3.95
780.0	30.0	-1.29	-7.53
790.0	24.0	1.88	-7.7
790.0	25.0	1.13	-7.34
790.0	28.0	1.08	-4.42
790.0	30.0	-1.29	-7.53
800.0	24.0	1.85	-7.96
800.0	25.0	1.22	-7.67
800.0	28.0	1.08	-4.94
800.0	30.0	-1.29	-7.53
810.0	28.0	1.04	-5.4
810.0	30.0	-1.29	-7.53
870.0	31.0	3.3	-2.46
870.0	32.0	2.22	3.7
880.0	31.0	3.29	-1.78
880.0	32.0	2.16	3.0
890.0	31.0	3.3	-1.13
890.0	32.0	2.16	2.36
900.0	31.0	3.31	-0.5
900.0	32.0	2.09	1.72
910.0	31.0	3.33	0.16
910.0	32.0	2.04	1.11
920.0	31.0	3.37	0.81
920.0	32.0	2.05	0.46
930.0	31.0	3.37	1.46
930.0	32.0	2.04	-0.22
940.0	31.0	3.43	2.06
940.0	32.0	2.1	-0.86
950.0	31.0	3.45	2.64
950.0	32.0	2.16	-1.55
950.0	34.0	-1.31	-7.49
960.0	32.0	2.15	-2.24
960.0	34.0	-1.31	-7.49
960.0	35.0	0.55	1.93
970.0	32.0	2.26	-2.95
970.0	34.0	-1.31	-7.49
970.0	35.0	0.48	1.3
980.0	32.0	2.27	-3.64
980.0	34.0	-1.31	-7.49
980.0	35.0	0.35	0.66
990.0	35.0	0.27	-0.01
1000.0	37.0	0.05	-4.68
1010.0	37.0	-0.22	-4.31
1020.0	37.0	-0.52	-3.93
1030.0	37.0	-0.78	-3.5
1040.0	37.0	-1.05	-3.16
1050.0	37.0	-1.24	-2.85
1050.0	41.0	-1.74	1.3
1060.0	37.0	-1.37	-2.62
1060.0	41.0	-1.74	1.3
1070.0	37.0	-1.57	-2.52
1070.0	41.0	-1.74	1.3
1080.0	37.0	-1.66	-2.54
1080.0	41.0	-1.74	1.3
1080.0	42.0	-2.17	-8.63
1090.0	41.0	-1.74	1.3
1090.0	42.0	-2.18	-8.09
1100.0	41.0	-1.74	1.3
1100.0	42.0	-2.08	-7.59
1110.0	42.0	-2.02	-7.04
1120.0	42.0	-1.9	-6.54
1130.0	42.0	-1.7	-6.02
1140.0	42.0	-1.59	-5.64
1140.0	43.0	-1.69	-2.56
1150.0	42.0	-1.49	-5.32
1150.0	43.0	-1.69	-2.56
1160.0	42.0	-1.36	-4.87
1160.0	43.0	-1.69	-2.56
1160.0	48.0	2.94	-5.77
1170.0	42.0	-1.63	-4.78
1170.0	43.0	-1.69	-2.56
1170.0	48.0	2.76	-5.1
1180.0	48.0	2.66	-4.42
1190.0	48.0	2.54	-3.77
1200.0	48.0	2.47	-3.13
1210.0	48.0	2.4	-2.45
1210.0	49.0	-1.09	-3.64
1220.0	48.0	2.3	-1.75
1220.0	49.0	-0.84	-4.05
1230.0	48.0	2.27	-1.1
1230.0	49.0	-0.49	-4.48
1240.0	48.0	2.2	-0.48
1240.0	49.0	-0.21	-4.78
1240.0	51.0	0.92	3.06
1250.0	48.0	2.21	0.13
1250.0	49.0	0.04	-5.27
1250.0	51.0	1.01	2.49
1260.0	48.0	2.14	0.74
1260.0	49.0	0.33	-5.73
1260.0	51.0	1.03	1.91
1270.0	48.0	2.09	1.29
1270.0	49.0	0.52	-6.3
1270.0	51.0	1.02	1.33
1280.0	48.0	2.03	1.85
1280.0	49.0	0.56	-6.89
1280.0	51.0	1.09	0.7
1290.0	48.0	1.92	2.38
1290.0	49.0	0.67	-7.48
1290.0	51.0	1.08	0.07
1300.0	49.0	0.67	-8.05
1300.0	51.0	1.12	-0.52
1310.0	49.0	0.77	-8.64
1310.0	51.0	1.16	-1.15
1320.0	51.0	1.18	-1.79
1330.0	51.0	1.3	-2.42
1340.0	51.0	1.52	-3.16
1350.0	51.0	1.52	-3.83
1360.0	51.0	1.61	-4.39
1370.0	51.0	1.6	-5.09
1380.0	51.0	1.63	-5.78
1480.0	53.0	3.02	-1.86
1490.0	53.0	2.91	-1.14
1500.0	53.0	2.74	-0.43
1510.0	53.0	2.66	0.29
1520.0	53.0	2.59	0.99
1530.0	53.0	2.6	1.68
1540.0	53.0	2.55	2.34
1550.0	53.0	2.55	2.99
1670.0	57.0	3.14	-3.22
1680.0	57.0	3.07	-2.62
1690.0	57.0	2.96	-2.04
1700.0	57.0	2.97	-1.5
1710.0	57.0	2.94	-0.93
1720.0	57.0	2.78	-0.38
1730.0	57.0	2.69	0.13
1740.0	57.0	2.65	0.72
1750.0	57.0	2.57	1.34
1790.0	58.0	2.43	-4.16
1800.0	58.0	2.44	-3.27
1810.0	58.0	2.44	-2.38
1820.0	58.0	2.47	-1.49
1830.0	58.0	2.54	-0.61
1840.0	58.0	2.56	0.27
1840.0	59.0	1.76	3.8
1840.0	60.0	1.04	4.06
1850.0	58.0	2.64	1.14
1850.0	59.0	1.73	3.27
1850.0	60.0	0.95	3.5
1850.0	61.0	2.86	-5.31
1860.0	58.0	2.67	1.99
1860.0	59.0	1.69	2.84
1860.0	60.0	1.0	3.04
1860.0	61.0	2.83	-4.61
1870.0	58.0	2.72	2.94
1870.0	59.0	1.68	2.38
1870.0	60.0	1.04	2.63
1870.0	61.0	2.73	-3.93
1880.0	59.0	1.65	2.11
1880.0	60.0	1.02	2.21
1880.0	61.0	2.63	-3.27
1890.0	59.0	1.82	1.81
1890.0	60.0	1.07	1.88
1890.0	61.0	2.67	-2.6
1900.0	59.0	2.05	1.46
1900.0	60.0	1.08	1.61
1900.0	61.0	2.63	-1.94
1900.0	63.0	1.18	3.75
1910.0	59.0	1.97	1.12
1910.0	60.0	1.06	1.33
1910.0	61.0	2.67	-1.33
1910.0	63.0	1.2	3.25
1920.0	59.0	1.81	0.82
1920.0	60.0	0.98	1.12
1920.0	61.0	2.77	-0.74
1920.0	63.0	1.33	2.71
1930.0	59.0	1.81	0.47
1930.0	60.0	0.98	0.9
1930.0	61.0	2.7	-0.05
1930.0	63.0	1.45	2.13
1940.0	59.0	1.73	0.14
1940.0	60.0	0.98	0.59
1940.0	61.0	2.67	0.59
1940.0	63.0	1.69	1.61
1950.0	59.0	1.53	-0.08
1950.0	60.0	1.03	0.28
1950.0	61.0	2.62	1.28
1950.0	63.0	1.97	1.07
1960.0	59.0	1.41	-0.32
1960.0	60.0	0.94	-0.04
1960.0	61.0	2.4	1.94
1960.0	63.0	2.2	0.54
1970.0	59.0	1.37	-0.62
1970.0	60.0	0.88	-0.34
1970.0	61.0	2.35	2.59
1970.0	63.0	2.44	-0.08
1980.0	59.0	1.25	-0.84
1980.0	60.0	0.93	-0.57
1980.0	63.0	2.56	-0.76
1990.0	59.0	1.11	-1.02
1990.0	60.0	0.83	-0.74
1990.0	63.0	2.61	-1.41
2100.0	67.0	3.13	-7.14
2110.0	67.0	3.21	-6.34
2120.0	67.0	3.21	-5.55
2130.0	67.0	3.17	-4.74
2130.0	68.0	3.05	-7.32
2130.0	69.0	3.07	-9.21
2140.0	67.0	3.1	-3.94
2140.0	68.0	2.99	-6.46
2140.0	69.0	3.04	-8.45
2150.0	67.0	2.99	-3.16
2150.0	68.0	2.97	-5.73
2150.0	69.0	2.94	-7.66
2160.0	67.0	2.91	-2.44
2160.0	68.0	2.95	-4.97
2160.0	69.0	2.73	-6.87
2170.0	67.0	2.78	-1.69
2170.0	68.0	2.92	-4.22
2170.0	69.0	2.55	-6.06
2180.0	67.0	2.76	-0.89
2180.0	68.0	3.04	-3.5
2180.0	69.0	2.29	-5.24
2190.0	67.0	2.61	-0.14
2190.0	68.0	3.08	-2.77
2190.0	69.0	2.12	-4.47
2200.0	67.0	2.53	0.6
2200.0	68.0	3.12	-2.05
2200.0	69.0	1.93	-3.66
2210.0	67.0	2.42	1.33
2210.0	68.0	3.25	-1.42
2210.0	69.0	1.83	-2.85
2220.0	67.0	2.36	2.12
2220.0	68.0	3.33	-0.76
2220.0	69.0	1.88	-2.04
2230.0	68.0	3.45	-0.05
2230.0	69.0	1.89	-1.23
2240.0	69.0	1.98	-0.45
2770.0	71.0	2.66	3.27
2780.0	71.0	2.67	2.68
2790.0	71.0	2.69	2.07
2800.0	71.0	2.64	1.45
2810.0	71.0	2.63	0.86
2820.0	71.0	2.63	0.25
2830.0	71.0	2.6	-0.34
2840.0	71.0	2.62	-0.93
2840.0	75.0	2.29	-6.96
2840.0	77.0	3.45	-7.48
2840.0	78.0	3.59	-6.43
2840.0	79.0	1.23	-8.16
2840.0	80.0	1.48	-9.33
2850.0	71.0	2.56	-1.51
2850.0	75.0	2.32	-6.52
2850.0	77.0	3.35	-7.08
2850.0	78.0	3.63	-6.0
2850.0	79.0	1.23	-8.16
2850.0	80.0	1.48	-9.33
2860.0	71.0	2.45	-2.13
2860.0	75.0	2.36	-6.09
2860.0	78.0	3.7	-5.54
2860.0	79.0	1.23	-8.16
2860.0	80.0	1.48	-9.33
2870.0	71.0	2.35	-2.71
2870.0	75.0	2.57	-5.62
2870.0	78.0	3.76	-5.04
2870.0	79.0	1.23	-8.16
2870.0	80.0	1.48	-9.33
2880.0	71.0	2.19	-3.29
2880.0	75.0	2.69	-5.17
2880.0	78.0	3.79	-4.57
2880.0	79.0	1.23	-8.16
2880.0	80.0	1.48	-9.33
2890.0	71.0	2.13	-3.91
2890.0	75.0	2.73	-4.7
2890.0	78.0	3.87	-3.99
2890.0	79.0	1.23	-8.16
2890.0	80.0	1.48	-9.33
2900.0	71.0	2.06	-4.54
2900.0	75.0	2.8	-4.22
2900.0	78.0	3.87	-3.45
2900.0	79.0	1.23	-8.16
2900.0	80.0	1.48	-9.33
2900.0	82.0	3.09	-9.65
2910.0	71.0	2.02	-5.18
2910.0	75.0	2.86	-3.8
2910.0	78.0	3.86	-2.98
2910.0	79.0	1.23	-8.16
2910.0	80.0	1.48	-9.33
2910.0	82.0	3.13	-9.0
2920.0	71.0	2.09	-5.8
2920.0	75.0	2.79	-3.36
2920.0	78.0	3.85	-2.46
2920.0	79.0	1.23	-8.16
2920.0	80.0	1.48	-9.33
2920.0	82.0	3.14	-8.4
2930.0	71.0	2.15	-6.46
2930.0	79.0	1.23	-8.16
2930.0	80.0	1.48	-9.33
2930.0	82.0	3.3	-7.82
2940.0	71.0	2.28	-7.13
2940.0	79.0	1.23	-8.16
2940.0	80.0	1.48	-9.33
2940.0	82.0	3.43	-7.29
2950.0	71.0	2.38	-7.77
2950.0	79.0	1.23	-8.16
2950.0	80.0	1.48	-9.33
2950.0	82.0	3.53	-6.75
2960.0	71.0	2.43	-8.43
2960.0	79.0	1.24	-8.15
2960.0	80.0	1.48	-9.33
2970.0	71.0	2.48	-9.09
2970.0	79.0	1.23	-8.14
2970.0	80.0	1.48	-9.33
2980.0	71.0	2.45	-9.73
2980.0	79.0	1.23	-8.14
2980.0	80.0	1.5	-9.33
3100.0	83.0	1.65	2.7
3110.0	83.0	1.73	2.09
3120.0	83.0	1.73	1.52
3130.0	83.0	1.71	0.91
3140.0	83.0	1.78	0.3
3150.0	83.0	1.76	-0.31
3160.0	83.0	1.72	-0.89
3170.0	83.0	1.74	-1.47
3180.0	83.0	1.68	-2.07
3190.0	83.0	1.66	-2.67
3200.0	83.0	1.68	-3.29
3210.0	83.0	1.58	-3.91
3220.0	83.0	1.49	-4.55
3230.0	83.0	1.35	-5.17
3240.0	83.0	1.09	-5.74
3250.0	83.0	0.93	-6.33
3260.0	83.0	0.75	-6.88
3270.0	83.0	0.51	-7.43
3280.0	83.0	0.46	-8.02
3290.0	83.0	0.41	-8.57
3300.0	83.0	0.33	-9.13
3410.0	90.0	1.28	-0.65
3410.0	91.0	1.97	-3.91
3410.0	92.0	1.28	-8.29
3420.0	90.0	1.33	-1.16
3420.0	91.0	2.09	-4.42
3420.0	92.0	1.26	-8.25
3430.0	90.0	1.34	-1.68
3430.0	91.0	2.2	-4.95
3430.0	92.0	1.24	-8.21
3440.0	90.0	1.47	-2.2
3440.0	91.0	2.27	-5.49
3440.0	92.0	1.24	-8.21
3450.0	90.0	1.57	-2.71
3450.0	91.0	2.34	-5.99
3450.0	92.0	1.24	-8.21
3460.0	90.0	1.64	-3.29
3460.0	91.0	2.4	-6.48
3460.0	92.0	1.24	-8.21
3470.0	90.0	1.75	-3.82
3470.0	91.0	2.47	-6.94
3470.0	92.0	1.24	-8.21
3480.0	90.0	1.85	-4.35
3480.0	91.0	2.52	-7.37
3480.0	92.0	1.24	-8.21
3490.0	90.0	1.9	-4.9
3490.0	91.0	2.5	-7.95
3490.0	92.0	1.24	-8.22
3490.0	95.0	3.7	-10.21
3500.0	90.0	1.96	-5.4
3500.0	91.0	2.38	-8.32
3500.0	92.0	1.24	-8.23
3500.0	95.0	3.79	-9.6
3510.0	90.0	2.06	-5.93
3510.0	91.0	2.37	-8.88
3510.0	92.0	1.24	-8.23
3510.0	95.0	3.78	-8.92
3520.0	90.0	2.08	-6.43
3520.0	91.0	2.21	-9.41
3520.0	92.0	1.24	-8.21
3520.0	95.0	3.79	-8.29
3530.0	90.0	2.07	-6.97
3530.0	91.0	2.25	-9.99
3530.0	92.0	1.24	-8.21
3530.0	95.0	3.74	-7.73
3540.0	90.0	2.14	-7.51
3540.0	92.0	1.24	-8.21
3540.0	95.0	3.8	-7.11
3550.0	90.0	2.12	-8.08
3550.0	92.0	1.24	-8.21
3560.0	90.0	2.09	-8.66
3560.0	92.0	1.24	-8.21
3570.0	90.0	2.28	-9.11
3570.0	92.0	1.24	-8.21
3580.0	90.0	2.16	-9.65
3580.0	92.0	1.24	-8.21
4000.0	97.0	1.22	3.29
4000.0	98.0	3.51	1.98
4000.0	101.0	1.26	-8.15
4010.0	97.0	1.26	2.92
4010.0	98.0	3.53	1.61
4010.0	101.0	1.26	-8.15
4020.0	97.0	1.33	2.57
4020.0	98.0	3.62	1.19
4020.0	101.0	1.25	-8.13
4030.0	97.0	1.34	2.2
4030.0	98.0	3.71	0.79
4030.0	101.0	1.25	-8.13
4040.0	97.0	1.32	1.84
4040.0	98.0	3.8	0.52
4040.0	101.0	1.31	-8.2
4050.0	97.0	1.31	1.45
4050.0	98.0	3.82	0.43
4050.0	101.0	1.36	-8.29
4060.0	97.0	1.24	1.04
4060.0	98.0	3.82	0.37
4060.0	101.0	1.37	-8.31
4070.0	97.0	1.16	0.67
4070.0	98.0	3.82	0.34
4070.0	101.0	1.37	-8.31
4080.0	97.0	1.06	0.21
4080.0	98.0	3.82	0.25
4080.0	101.0	1.37	-8.31
4090.0	97.0	1.03	-0.23
4090.0	98.0	3.82	0.25
4090.0	101.0	1.37	-8.31
4100.0	97.0	1.03	-0.59
4100.0	98.0	3.82	0.25
4100.0	101.0	1.37	-8.31
4110.0	97.0	1.04	-1.03
4110.0	98.0	3.82	0.25
4110.0	101.0	1.37	-8.31
4120.0	97.0	1.01	-1.61
4120.0	98.0	3.82	0.25
4120.0	101.0	1.38	-8.32
4130.0	97.0	1.05	-2.07
4130.0	98.0	3.82	0.28
4130.0	101.0	1.39	-8.32
4140.0	97.0	1.1	-2.52
4140.0	101.0	1.39	-8.32
4150.0	97.0	1.17	-2.99
4150.0	101.0	1.39	-8.32
4160.0	97.0	1.24	-3.42
4160.0	101.0	1.39	-8.32
4170.0	97.0	1.32	-4.01
4170.0	101.0	1.39	-8.32
4180.0	97.0	1.33	-4.47
4180.0	101.0	1.39	-8.32
4190.0	97.0	1.43	-4.96
4190.0	101.0	1.39	-8.32
4200.0	97.0	1.45	-5.4
4200.0	101.0	1.39	-8.32
4210.0	97.0	1.49	-5.88
4210.0	101.0	1.39	-8.32
4220.0	97.0	1.66	-6.36
4220.0	101.0	1.39	-8.32
4230.0	97.0	1.86	-6.8
4230.0	101.0	1.39	-8.32
4240.0	97.0	1.95	-7.26
4240.0	101.0	1.39	-8.32
4240.0	103.0	3.92	-8.42
4250.0	97.0	2.17	-7.81
4250.0	101.0	1.39	-8.32
4250.0	103.0	3.7	-7.77
4260.0	97.0	2.32	-8.25
4260.0	101.0	1.39	-8.32
4260.0	103.0	3.68	-7.09
4430.0	104.0	1.34	-9.22
4430.0	105.0	1.37	-8.27
4430.0	106.0	2.59	-9.52
4440.0	104.0	1.34	-9.22
4440.0	105.0	1.37	-8.27
4440.0	106.0	2.62	-9.36
4450.0	104.0	1.34	-9.22
4450.0	105.0	1.37	-8.27
4450.0	106.0	2.61	-9.17
4460.0	104.0	1.34	-9.22
4460.0	105.0	1.37	-8.27
4460.0	106.0	2.53	-8.93
4470.0	104.0	1.34	-9.22
4470.0	105.0	1.37	-8.27
4470.0	106.0	2.48	-8.74
4480.0	104.0	1.34	-9.2
4480.0	105.0	1.37	-8.27
4480.0	106.0	2.49	-8.47
4490.0	104.0	1.34	-9.2
4490.0	105.0	1.37	-8.27
4490.0	106.0	2.51	-8.26
4490.0	108.0	3.79	-3.58
4500.0	104.0	1.34	-9.2
4500.0	105.0	1.37	-8.27
4500.0	106.0	2.46	-8.03
4500.0	108.0	3.79	-4.26
4510.0	104.0	1.34	-9.22
4510.0	105.0	1.37	-8.27
4510.0	106.0	2.35	-7.78
4510.0	108.0	3.83	-4.98
4510.0	109.0	2.8	2.27
4520.0	104.0	1.34	-9.22
4520.0	105.0	1.37	-8.27
4520.0	106.0	2.3	-7.57
4520.0	108.0	3.8	-5.78
4520.0	109.0	2.9	1.78
4530.0	104.0	1.34	-9.22
4530.0	105.0	1.37	-8.27
4530.0	106.0	2.29	-7.32
4530.0	108.0	3.86	-6.44
4530.0	109.0	3.02	1.31
4540.0	104.0	1.34	-9.22
4540.0	105.0	1.37	-8.27
4540.0	106.0	2.29	-7.11
4540.0	108.0	3.87	-7.12
4540.0	109.0	3.12	0.88
4550.0	104.0	1.34	-9.22
4550.0	105.0	1.37	-8.27
4550.0	106.0	2.19	-6.82
4550.0	109.0	3.27	0.43
4560.0	104.0	1.34	-9.22
4560.0	105.0	1.37	-8.27
4560.0	106.0	2.05	-6.54
4560.0	109.0	3.42	0.08
4570.0	104.0	1.34	-9.22
4570.0	105.0	1.37	-8.27
4570.0	106.0	2.1	-6.27
4570.0	109.0	3.53	-0.26
4570.0	110.0	2.56	2.43
4580.0	104.0	1.34	-9.22
4580.0	105.0	1.37	-8.27
4580.0	106.0	2.15	-6.07
4580.0	110.0	2.45	1.83
4590.0	104.0	1.34	-9.2
4590.0	105.0	1.37	-8.27
4590.0	106.0	2.11	-5.76
4590.0	110.0	2.51	1.23
4600.0	104.0	1.32	-9.2
4600.0	105.0	1.37	-8.27
4600.0	106.0	2.03	-5.49
4600.0	110.0	2.54	0.62
4610.0	104.0	1.3	-9.18
4610.0	105.0	1.37	-8.27
4610.0	106.0	2.04	-5.28
4610.0	110.0	2.56	-0.01
4620.0	104.0	1.29	-9.16
4620.0	105.0	1.37	-8.27
4620.0	106.0	2.1	-5.03
4620.0	110.0	2.66	-0.62
4630.0	104.0	1.27	-9.16
4630.0	105.0	1.37	-8.27
4630.0	106.0	2.12	-4.83
4630.0	110.0	2.63	-1.22
4640.0	104.0	1.21	-9.24
4640.0	105.0	1.37	-8.27
4640.0	106.0	2.03	-4.55
4640.0	110.0	2.8	-1.86
4650.0	104.0	1.14	-9.23
4650.0	105.0	1.37	-8.27
4650.0	106.0	1.98	-4.34
4650.0	110.0	2.87	-2.51
4660.0	104.0	1.11	-9.23
4660.0	105.0	1.37	-8.27
4660.0	106.0	2.02	-4.14
4660.0	110.0	3.04	-3.16
4670.0	104.0	1.09	-9.23
4670.0	105.0	1.37	-8.27
4670.0	106.0	2.05	-3.98
4670.0	110.0	3.19	-3.83
4680.0	104.0	1.13	-9.19
4680.0	105.0	1.37	-8.27
4680.0	106.0	1.97	-3.74
4680.0	110.0	3.17	-4.51
4690.0	104.0	1.2	-9.12
4690.0	105.0	1.37	-8.27
4690.0	106.0	1.85	-3.51
4690.0	110.0	3.26	-5.19
4700.0	104.0	1.36	-9.23
4700.0	105.0	1.37	-8.27
4700.0	106.0	1.85	-3.31
4700.0	110.0	3.08	-5.83
4710.0	104.0	1.4	-9.28
4710.0	105.0	1.37	-8.27
4710.0	106.0	1.91	-3.08
4710.0	110.0	3.03	-6.51
4720.0	104.0	1.4	-9.36
4720.0	105.0	1.37	-8.27
4720.0	106.0	1.94	-2.92
4720.0	110.0	2.83	-7.18
4730.0	104.0	1.37	-9.31
4730.0	105.0	1.37	-8.27
4730.0	106.0	1.89	-2.66
4730.0	110.0	2.71	-7.87
4740.0	104.0	1.37	-9.32
4740.0	105.0	1.37	-8.27
4740.0	106.0	1.83	-2.43
4740.0	110.0	2.63	-8.54
4750.0	104.0	1.32	-9.34
4750.0	105.0	1.37	-8.27
4750.0	106.0	1.87	-2.2
4750.0	110.0	2.41	-9.17
4760.0	104.0	1.39	-9.34
4760.0	105.0	1.33	-8.34
4760.0	106.0	1.95	-1.97
4760.0	110.0	2.39	-9.84
4770.0	104.0	1.4	-9.34
4770.0	105.0	1.36	-8.37
4770.0	106.0	1.97	-1.79
4780.0	104.0	1.42	-9.29
4780.0	105.0	1.37	-8.32
4780.0	106.0	1.88	-1.55
4790.0	104.0	1.41	-9.28
4790.0	105.0	1.37	-8.28
4790.0	106.0	1.83	-1.36
4800.0	104.0	1.42	-9.28
4800.0	105.0	1.37	-8.27
4800.0	106.0	1.87	-1.16
4810.0	104.0	1.41	-9.27
4810.0	105.0	1.37	-8.27
4810.0	106.0	1.92	-0.95
4820.0	104.0	1.43	-9.26
4820.0	105.0	1.37	-8.27
4820.0	106.0	1.91	-0.68
4830.0	104.0	1.41	-9.23
4830.0	105.0	1.37	-8.27
4830.0	106.0	1.83	-0.41
4840.0	104.0	1.44	-9.26
4840.0	105.0	1.37	-8.27
4840.0	106.0	1.77	-0.23
4850.0	104.0	1.43	-9.25
4850.0	105.0	1.35	-8.27
4850.0	106.0	1.77	-0.06
4860.0	104.0	1.43	-9.28
4860.0	105.0	1.33	-8.27
4860.0	106.0	1.81	0.13
4870.0	104.0	1.41	-9.27
4870.0	105.0	1.33	-8.27
4870.0	106.0	1.8	0.35
4880.0	104.0	1.38	-9.24
4880.0	105.0	1.33	-8.34
4880.0	106.0	1.77	0.54
4890.0	104.0	1.36	-9.24
4890.0	105.0	1.35	-8.28
4890.0	106.0	1.76	0.69
4900.0	104.0	1.29	-9.24
4900.0	105.0	1.35	-8.27
4900.0	106.0	1.82	0.87
4910.0	104.0	1.38	-9.28
4910.0	105.0	1.38	-8.35
4910.0	106.0	1.9	1.05
4920.0	104.0	1.36	-9.24
4920.0	105.0	1.35	-8.28
4920.0	106.0	1.93	1.21
4930.0	104.0	1.35	-9.26
4930.0	105.0	1.35	-8.27
4930.0	106.0	1.88	1.47
4940.0	104.0	1.31	-9.19
4940.0	105.0	1.35	-8.27
4940.0	106.0	1.85	1.68
4950.0	104.0	1.3	-9.18
4950.0	105.0	1.35	-8.27
4950.0	106.0	1.88	1.89
4960.0	104.0	1.3	-9.18
4960.0	105.0	1.35	-8.27
4960.0	106.0	1.91	2.08
4970.0	104.0	1.3	-9.18
4970.0	105.0	1.33	-8.29
4970.0	106.0	1.9	2.26
4980.0	104.0	1.3	-9.18
4980.0	105.0	1.31	-8.29
4980.0	106.0	1.83	2.51
4990.0	104.0	1.3	-9.18
4990.0	105.0	1.23	-8.23
4990.0	106.0	1.8	2.68
5000.0	104.0	1.3	-9.18
5000.0	105.0	1.17	-8.26
5000.0	106.0	1.79	2.91
5010.0	104.0	1.33	-9.25
5010.0	105.0	1.13	-8.22
5010.0	106.0	1.76	3.1
5240.0	114.0	1.59	-4.09
5240.0	115.0	-0.41	0.66
5240.0	116.0	-1.97	0.45
5250.0	114.0	1.52	-3.76
5250.0	115.0	-0.63	0.15
5250.0	116.0	-1.97	0.45
5260.0	114.0	1.51	-3.39
5260.0	115.0	-0.89	-0.31
5260.0	116.0	-1.97	0.45
5270.0	114.0	1.48	-3.04
5270.0	115.0	-1.12	-0.85
5270.0	116.0	-1.97	0.45
5280.0	114.0	1.38	-2.62
5280.0	115.0	-1.32	-1.32
5280.0	116.0	-1.97	0.45
5290.0	114.0	1.35	-2.25
5290.0	115.0	-1.61	-1.85
5290.0	116.0	-1.97	0.45
5300.0	114.0	1.41	-1.84
5300.0	115.0	-1.79	-2.41
5300.0	116.0	-1.95	0.45
5310.0	114.0	1.4	-1.44
5310.0	115.0	-1.89	-2.97
5310.0	116.0	-1.95	0.45
5320.0	114.0	1.33	-1.03
5320.0	115.0	-1.88	-3.54
5320.0	116.0	-1.95	0.45
5330.0	114.0	1.38	-0.71
5330.0	115.0	-2.12	-4.07
5330.0	116.0	-1.95	0.45
5340.0	114.0	1.43	-0.34
5340.0	115.0	-2.29	-4.67
5340.0	116.0	-1.95	0.45
5350.0	114.0	1.41	0.04
5350.0	115.0	-2.08	-5.22
5350.0	116.0	-1.95	0.45
5360.0	114.0	1.32	0.39
5360.0	115.0	-2.09	-5.8
5360.0	116.0	-1.95	0.45
5370.0	114.0	1.33	0.75
5370.0	115.0	-2.05	-6.42
5370.0	116.0	-1.95	0.45
5680.0	122.0	2.7	-8.14
5690.0	122.0	2.78	-7.37
5700.0	122.0	2.79	-6.6
5710.0	122.0	2.77	-5.79
5720.0	122.0	2.82	-5.0
5730.0	122.0	2.83	-4.19
5740.0	122.0	2.89	-3.37
5750.0	122.0	2.88	-2.58
5760.0	122.0	2.79	-1.71
5770.0	122.0	2.81	-0.86
5780.0	122.0	2.75	-0.1
5790.0	122.0	2.73	0.67
5800.0	122.0	2.69	1.41
5810.0	122.0	2.68	2.15
5820.0	123.0	1.34	-8.38
5820.0	124.0	1.45	-9.23
5830.0	123.0	1.43	-8.32
5830.0	124.0	1.45	-9.23
5840.0	123.0	1.44	-8.32
5840.0	124.0	1.45	-9.23
5850.0	123.0	1.44	-8.32
5850.0	124.0	1.45	-9.23
5860.0	123.0	1.44	-8.32
5860.0	124.0	1.45	-9.23
5870.0	123.0	1.44	-8.32
5870.0	124.0	1.45	-9.23
5880.0	123.0	1.44	-8.32
5880.0	124.0	1.45	-9.23
5890.0	123.0	1.38	-8.31
5890.0	124.0	1.45	-9.23
5900.0	123.0	1.42	-8.3
5900.0	124.0	1.45	-9.23
6320.0	126.0	3.79	-4.9
6330.0	126.0	3.89	-4.25
6340.0	126.0	3.92	-3.49
6350.0	126.0	3.96	-2.8
6360.0	126.0	4.06	-2.13
6370.0	126.0	3.99	-1.39
6710.0	129.0	3.7	-2.88
6710.0	130.0	3.59	-4.85
6720.0	129.0	3.56	-2.61
6720.0	130.0	3.33	-4.13
6730.0	129.0	3.49	-2.28
6730.0	130.0	3.11	-3.4
6740.0	129.0	3.4	-2.04
6740.0	130.0	2.73	-2.76
6750.0	129.0	3.26	-1.82
6750.0	130.0	2.41	-2.11
6760.0	129.0	3.19	-1.63
6760.0	130.0	2.03	-1.48
6760.0	132.0	1.83	2.08
6770.0	129.0	3.12	-1.47
6770.0	130.0	1.62	-0.87
6770.0	132.0	1.78	1.45
6780.0	129.0	3.1	-1.43
6780.0	130.0	1.33	-0.23
6780.0	132.0	1.88	0.79
6790.0	130.0	1.06	0.39
6790.0	132.0	1.92	0.16
6800.0	130.0	0.98	0.98
6800.0	132.0	1.94	-0.49
6810.0	130.0	0.98	1.56
6810.0	132.0	2.05	-1.14
6820.0	132.0	2.06	-1.8
6830.0	132.0	2.21	-2.47
6840.0	132.0	2.28	-3.08
6850.0	132.0	2.35	-3.75
6860.0	132.0	2.57	-4.42
6870.0	132.0	2.72	-5.08
6870.0	141.0	2.61	3.32
6880.0	132.0	2.96	-5.92
6880.0	141.0	2.65	2.7
6890.0	132.0	3.16	-6.58
6890.0	141.0	2.59	2.11
6890.0	142.0	0.6	-9.34
6900.0	132.0	3.26	-7.33
6900.0	141.0	2.49	1.55
6900.0	142.0	0.6	-8.96
6910.0	132.0	3.42	-8.07
6910.0	141.0	2.43	0.95
6910.0	142.0	0.59	-8.5
6920.0	132.0	3.42	-8.84
6920.0	141.0	2.32	0.38
6920.0	142.0	0.82	-7.99
6930.0	132.0	3.48	-9.63
6930.0	141.0	2.29	-0.32
6930.0	142.0	0.99	-7.51
6940.0	141.0	2.25	-0.95
6940.0	142.0	1.21	-7.03
6950.0	141.0	2.24	-1.53
6950.0	142.0	1.31	-6.53
6960.0	141.0	2.31	-2.1
6960.0	142.0	1.28	-6.02
6970.0	141.0	2.39	-2.7
6970.0	142.0	1.33	-5.35
6970.0	146.0	2.21	-9.27
6980.0	141.0	2.42	-3.44
6980.0	142.0	1.37	-4.86
6980.0	146.0	2.21	-8.78
6990.0	141.0	2.52	-4.15
6990.0	142.0	1.32	-4.33
6990.0	146.0	2.11	-8.2
7000.0	141.0	2.58	-4.83
7000.0	142.0	1.36	-3.72
7000.0	146.0	2.0	-7.57
7010.0	141.0	2.62	-5.49
7010.0	142.0	1.33	-3.16
7010.0	146.0	1.82	-6.96
7020.0	141.0	2.72	-6.15
7020.0	142.0	1.25	-2.6
7020.0	146.0	1.68	-6.28
7020.0	148.0	2.08	-9.65
7020.0	149.0	3.73	-6.03
7030.0	141.0	2.77	-6.84
7030.0	142.0	1.34	-2.05
7030.0	146.0	1.55	-5.62
7030.0	148.0	2.21	-8.97
7030.0	149.0	3.82	-5.61
7030.0	150.0	2.97	-1.62
7040.0	141.0	2.93	-7.57
7040.0	142.0	1.45	-1.65
7040.0	146.0	1.54	-4.96
7040.0	148.0	2.2	-8.13
7040.0	149.0	3.73	-4.96
7040.0	150.0	2.9	-1.71
7050.0	141.0	3.03	-8.29
7050.0	142.0	1.44	-1.12
7050.0	146.0	1.52	-4.32
7050.0	148.0	2.16	-7.45
7050.0	149.0	3.79	-4.42
7050.0	150.0	2.83	-1.94
7060.0	142.0	1.41	-0.52
7060.0	146.0	1.47	-3.67
7060.0	148.0	2.11	-6.72
7060.0	149.0	3.88	-3.85
7060.0	150.0	2.73	-2.11
7070.0	142.0	1.45	-0.11
7070.0	146.0	1.42	-3.06
7070.0	148.0	1.96	-5.98
7070.0	149.0	3.8	-3.24
7070.0	150.0	2.53	-2.26
7080.0	142.0	1.38	0.42
7080.0	146.0	1.23	-2.44
7080.0	148.0	1.83	-5.29
7080.0	149.0	3.79	-2.72
7080.0	150.0	2.49	-2.4
7090.0	142.0	1.38	0.91
7090.0	146.0	1.21	-1.83
7090.0	148.0	1.64	-4.57
7090.0	149.0	3.73	-2.22
7090.0	150.0	2.43	-2.48
7100.0	142.0	1.41	1.44
7100.0	146.0	1.26	-1.24
7100.0	148.0	1.4	-3.87
7100.0	149.0	3.79	-1.75
7100.0	150.0	2.46	-2.56
7110.0	142.0	1.41	2.08
7110.0	146.0	1.31	-0.65
7110.0	148.0	1.28	-3.15
7110.0	149.0	3.74	-1.15
7110.0	150.0	2.37	-2.66
7120.0	142.0	1.43	2.45
7120.0	146.0	1.39	-0.04
7120.0	148.0	1.14	-2.35
7120.0	149.0	3.61	-0.54
7120.0	150.0	2.12	-2.79
7130.0	142.0	1.48	3.1
7130.0	146.0	1.49	0.63
7130.0	148.0	1.12	-1.72
7130.0	149.0	3.53	-0.03
7130.0	150.0	1.93	-2.92
7140.0	142.0	1.51	3.59
7140.0	146.0	1.59	1.17
7140.0	148.0	1.22	-1.03
7140.0	150.0	1.68	-3.13
7150.0	146.0	1.68	1.74
7150.0	148.0	1.27	-0.3
7150.0	150.0	1.43	-3.28
7160.0	150.0	1.18	-3.44
7170.0	150.0	0.97	-3.61
7180.0	150.0	0.78	-3.76
7190.0	150.0	0.55	-3.82
7200.0	150.0	0.32	-3.86
7210.0	150.0	0.1	-3.95
7220.0	150.0	-0.15	-4.08
7230.0	150.0	-0.44	-4.16
7240.0	150.0	-0.69	-4.28
7250.0	150.0	-0.81	-4.5
7260.0	150.0	-1.08	-4.74
7260.0	154.0	-1.83	-8.62
7270.0	150.0	-1.24	-4.9
7270.0	154.0	-1.83	-8.6
7270.0	155.0	-0.41	-6.85
7280.0	150.0	-1.28	-5.02
7280.0	154.0	-1.81	-8.6
7280.0	155.0	-0.41	-6.85
7290.0	150.0	-1.32	-5.1
7290.0	154.0	-1.8	-8.62
7290.0	155.0	-0.62	-6.8
7300.0	150.0	-1.27	-5.29
7300.0	154.0	-1.78	-8.64
7300.0	155.0	-0.64	-6.79
7480.0	156.0	1.42	-9.38
7480.0	157.0	2.25	-9.31
7480.0	159.0	2.08	-4.13
7490.0	156.0	1.45	-8.78
7490.0	157.0	2.17	-8.67
7490.0	159.0	2.08	-3.52
7500.0	156.0	1.46	-8.11
7500.0	157.0	2.12	-8.01
7500.0	159.0	2.03	-2.93
7510.0	156.0	1.34	-7.43
7510.0	157.0	2.04	-7.34
7510.0	159.0	1.93	-2.36
7520.0	156.0	1.36	-6.75
7520.0	157.0	2.05	-6.68
7520.0	159.0	1.92	-1.78
7530.0	156.0	1.47	-5.97
7530.0	157.0	2.11	-5.99
7530.0	159.0	1.85	-1.2
7540.0	156.0	1.45	-5.29
7540.0	157.0	2.06	-5.28
7540.0	159.0	1.78	-0.63
7550.0	156.0	1.45	-4.59
7550.0	157.0	2.08	-4.58
7550.0	159.0	1.76	-0.05
7560.0	156.0	1.38	-3.87
7560.0	157.0	2.13	-3.92
7560.0	159.0	1.67	0.55
7570.0	156.0	1.34	-3.2
7570.0	157.0	2.18	-3.24
7570.0	159.0	1.64	1.14
7570.0	161.0	-0.1	2.32
7570.0	162.0	3.44	2.52
7570.0	163.0	3.68	1.5
7580.0	156.0	1.24	-2.49
7580.0	157.0	2.16	-2.54
7580.0	159.0	1.55	1.71
7580.0	161.0	-0.08	2.32
7580.0	162.0	3.4	2.02
7580.0	163.0	3.77	1.02
7590.0	156.0	1.19	-1.82
7590.0	157.0	2.01	-1.81
7590.0	159.0	1.42	2.29
7590.0	161.0	-0.06	2.33
7590.0	162.0	3.56	1.54
7590.0	163.0	3.73	0.56
7600.0	156.0	1.27	-1.17
7600.0	157.0	1.97	-1.14
7600.0	159.0	1.35	2.87
7600.0	161.0	-0.06	2.33
7600.0	162.0	3.66	1.13
7600.0	163.0	3.74	-0.02
7610.0	156.0	1.32	-0.52
7610.0	157.0	1.89	-0.48
7610.0	159.0	1.2	3.49
7610.0	161.0	-0.06	2.33
7610.0	162.0	3.68	0.7
7610.0	163.0	3.81	-0.42
7620.0	156.0	1.32	0.11
7620.0	157.0	1.88	0.13
7620.0	161.0	-0.06	2.33
7620.0	162.0	3.93	0.23
7620.0	163.0	3.7	-0.86
7630.0	156.0	1.33	0.72
7630.0	157.0	1.89	0.75
7630.0	161.0	-0.06	2.33
7630.0	162.0	3.96	-0.36
7630.0	163.0	3.69	-1.32
7640.0	156.0	1.23	1.36
7640.0	157.0	1.79	1.39
7640.0	161.0	-0.01	2.32
7640.0	162.0	3.99	-0.79
7640.0	163.0	3.7	-1.83
7650.0	156.0	1.15	1.93
7650.0	157.0	1.83	2.03
7650.0	161.0	-0.0	2.32
7660.0	156.0	1.09	2.57
7660.0	157.0	1.77	2.66
7660.0	161.0	-0.0	2.32
7670.0	156.0	1.01	3.19
7670.0	157.0	1.69	3.27
7670.0	161.0	-0.0	2.32
9260.0	174.0	0.95	1.71
9270.0	174.0	0.96	1.25
9280.0	174.0	0.95	0.75
9290.0	174.0	1.0	0.25
9300.0	174.0	0.99	-0.25
9310.0	174.0	0.97	-0.75
9320.0	174.0	1.04	-1.28
9320.0	178.0	-0.63	-2.95
9330.0	174.0	1.02	-1.8
9330.0	178.0	-0.83	-2.92
9340.0	174.0	1.01	-2.3
9350.0	174.0	1.03	-2.84
9360.0	174.0	0.96	-3.38
9370.0	174.0	0.97	-3.92
9370.0	179.0	0.54	-7.41
9370.0	180.0	-1.09	-6.72
9380.0	174.0	0.99	-4.48
9380.0	179.0	0.47	-7.24
9380.0	180.0	-1.09	-6.72
9390.0	174.0	0.95	-5.03
9390.0	179.0	0.39	-7.05
9390.0	180.0	-1.09	-6.72
9400.0	174.0	0.99	-5.57
9400.0	179.0	0.36	-6.9
9400.0	180.0	-1.09	-6.72
9400.0	182.0	1.89	-9.65
9410.0	174.0	1.05	-6.07
9410.0	179.0	0.35	-6.69
9410.0	180.0	-1.09	-6.72
9410.0	182.0	1.92	-9.05
9410.0	183.0	-1.0	-4.77
9410.0	184.0	-1.06	-2.53
9410.0	185.0	-0.88	-1.08
9410.0	186.0	-0.11	-0.77
9420.0	174.0	1.0	-6.55
9420.0	179.0	0.3	-6.53
9420.0	180.0	-1.09	-6.72
9420.0	182.0	1.98	-8.51
9420.0	183.0	-0.55	-4.46
9420.0	184.0	-1.06	-2.53
9420.0	185.0	-0.86	-1.04
9420.0	186.0	0.13	-1.28
9430.0	174.0	0.98	-7.08
9430.0	179.0	0.17	-6.38
9430.0	180.0	-1.09	-6.72
9430.0	182.0	2.15	-7.98
9430.0	183.0	0.11	-4.04
9430.0	184.0	-1.06	-2.53
9430.0	185.0	-0.85	-1.0
9430.0	186.0	0.39	-1.75
9440.0	174.0	0.94	-7.57
9440.0	179.0	0.02	-6.23
9440.0	180.0	-1.09	-6.72
9440.0	182.0	2.17	-7.28
9440.0	183.0	0.64	-3.86
9440.0	184.0	-1.06	-2.53
9440.0	185.0	-0.85	-1.0
9440.0	186.0	0.54	-2.26
9450.0	174.0	0.83	-8.09
9450.0	179.0	0.05	-6.05
9450.0	180.0	-1.09	-6.72
9450.0	182.0	2.21	-6.76
9450.0	183.0	1.18	-3.73
9450.0	184.0	-1.06	-2.53
9450.0	185.0	-0.87	-1.03
9450.0	186.0	0.56	-2.82
9460.0	174.0	0.8	-8.61
9460.0	180.0	-1.09	-6.72
9460.0	182.0	2.28	-6.14
9460.0	183.0	1.73	-3.56
9460.0	184.0	-1.06	-2.53
9460.0	185.0	-0.91	-1.07
9460.0	186.0	0.64	-3.38
9460.0	190.0	-1.1	-0.45
9470.0	180.0	-1.09	-6.72
9470.0	182.0	2.39	-5.44
9470.0	183.0	2.28	-3.51
9470.0	184.0	-1.06	-2.53
9470.0	185.0	-0.93	-1.09
9470.0	186.0	0.63	-3.96
9470.0	190.0	-0.69	-0.58
9480.0	180.0	-1.09	-6.72
9480.0	182.0	2.46	-4.86
9480.0	183.0	2.81	-3.47
9480.0	184.0	-1.06	-2.53
9480.0	185.0	-0.93	-1.07
9480.0	186.0	0.77	-4.61
9480.0	190.0	-0.32	-0.9
9490.0	180.0	-1.09	-6.72
9490.0	182.0	2.51	-4.27
9490.0	183.0	3.37	-3.45
9490.0	184.0	-1.06	-2.53
9490.0	185.0	-0.92	-1.05
9490.0	186.0	0.82	-5.21
9490.0	190.0	-0.13	-1.34
9500.0	180.0	-1.09	-6.72
9500.0	182.0	2.55	-3.65
9500.0	183.0	3.85	-3.55
9500.0	184.0	-1.18	-2.51
9500.0	185.0	-0.88	-1.04
9500.0	186.0	0.81	-5.87
9500.0	190.0	-0.08	-1.86
9510.0	180.0	-1.09	-6.72
9510.0	182.0	2.66	-3.03
9510.0	185.0	-0.86	-1.04
9510.0	190.0	0.22	-2.46
9510.0	197.0	0.8	-6.49
9510.0	198.0	-1.31	-2.43
9510.0	199.0	-1.42	-3.51
9520.0	180.0	-1.09	-6.72
9520.0	182.0	2.7	-2.42
9520.0	185.0	-0.84	-1.04
9520.0	190.0	0.54	-2.92
9520.0	197.0	0.72	-7.17
9520.0	198.0	-1.48	-2.32
9520.0	199.0	-1.31	-3.57
9530.0	180.0	-1.09	-6.72
9530.0	182.0	2.71	-1.76
9530.0	185.0	-0.85	-0.99
9530.0	190.0	0.58	-3.49
9530.0	197.0	0.68	-7.88
9530.0	198.0	-1.54	-2.14
9530.0	199.0	-1.12	-3.53
9540.0	180.0	-1.11	-6.79
9540.0	182.0	2.8	-1.12
9540.0	185.0	-0.87	-1.0
9540.0	190.0	0.71	-3.96
9540.0	197.0	0.61	-8.45
9540.0	198.0	-1.7	-2.01
9540.0	199.0	-1.05	-3.55
9550.0	180.0	-1.09	-6.73
9550.0	182.0	2.81	-0.51
9550.0	185.0	-0.91	-1.03
9550.0	190.0	0.83	-4.49
9550.0	197.0	0.49	-9.09
9550.0	199.0	-0.98	-3.66
9550.0	200.0	2.01	-9.81
9560.0	180.0	-1.09	-6.72
9560.0	182.0	2.76	0.09
9560.0	185.0	-0.91	-0.98
9560.0	190.0	0.87	-5.06
9560.0	199.0	-0.74	-3.67
9560.0	200.0	1.99	-9.27
9570.0	180.0	-1.09	-6.72
9570.0	182.0	2.84	0.81
9570.0	185.0	-0.91	-0.99
9570.0	190.0	1.04	-5.49
9570.0	199.0	-0.61	-3.72
9570.0	200.0	2.06	-8.71
9580.0	180.0	-1.09	-6.72
9580.0	182.0	2.81	1.47
9580.0	185.0	-0.9	-1.03
9580.0	190.0	0.88	-6.01
9580.0	199.0	-0.49	-3.89
9580.0	200.0	2.13	-8.19
9590.0	180.0	-1.09	-6.72
9590.0	182.0	2.81	2.05
9590.0	185.0	-0.89	-1.05
9590.0	190.0	0.81	-6.64
9590.0	199.0	-0.4	-4.02
9590.0	200.0	2.13	-7.64
9590.0	202.0	-0.04	-5.7
9590.0	203.0	0.94	4.05
9600.0	180.0	-1.09	-6.72
9600.0	182.0	2.77	2.62
9600.0	185.0	-0.88	-1.08
9600.0	190.0	0.89	-7.25
9600.0	199.0	-0.31	-4.19
9600.0	200.0	2.14	-7.03
9600.0	202.0	-0.04	-5.7
9600.0	203.0	1.04	3.55
9610.0	180.0	-1.09	-6.72
9610.0	182.0	2.76	3.23
9610.0	185.0	-0.86	-1.08
9610.0	190.0	0.88	-7.88
9610.0	199.0	-0.3	-4.21
9610.0	200.0	2.12	-6.46
9610.0	203.0	0.95	3.07
9610.0	204.0	-0.12	-5.85
9620.0	180.0	-1.09	-6.72
9620.0	185.0	-0.91	-1.0
9620.0	190.0	0.89	-8.47
9620.0	199.0	-0.3	-4.21
9620.0	200.0	2.13	-5.9
9620.0	203.0	0.91	2.62
9620.0	204.0	-0.12	-5.85
9630.0	180.0	-1.09	-6.72
9630.0	185.0	-0.91	-1.06
9630.0	190.0	1.01	-9.06
9630.0	199.0	-0.06	-4.27
9630.0	200.0	2.2	-5.32
9630.0	203.0	0.93	2.13
9630.0	204.0	-0.43	-6.03
9630.0	205.0	3.5	0.27
9640.0	180.0	-1.09	-6.72
9640.0	185.0	-0.94	-1.11
9640.0	190.0	1.09	-9.65
9640.0	199.0	-0.03	-4.27
9640.0	200.0	2.15	-4.73
9640.0	203.0	0.85	1.67
9640.0	204.0	-0.62	-6.04
9640.0	205.0	3.44	-0.23
9650.0	180.0	-1.11	-6.7
9650.0	185.0	-0.94	-1.13
9650.0	199.0	-0.03	-4.27
9650.0	200.0	2.04	-4.16
9650.0	203.0	0.83	1.17
9650.0	204.0	-0.9	-5.92
9650.0	205.0	3.33	-0.65
9660.0	180.0	-1.11	-6.7
9660.0	185.0	-0.92	-1.12
9660.0	199.0	-0.03	-4.27
9660.0	200.0	1.96	-3.54
9660.0	203.0	0.75	0.7
9660.0	204.0	-1.1	-5.88
9660.0	205.0	3.34	-1.19
9660.0	206.0	1.26	3.88
9670.0	180.0	-1.11	-6.7
9670.0	185.0	-0.88	-1.08
9670.0	199.0	-0.03	-4.27
9670.0	200.0	1.85	-2.95
9670.0	203.0	0.58	0.17
9670.0	204.0	-1.24	-5.88
9670.0	205.0	3.39	-1.62
9670.0	206.0	1.24	3.45
9670.0	207.0	-0.48	2.56
9680.0	180.0	-1.11	-6.7
9680.0	185.0	-0.89	-0.98
9680.0	199.0	-0.22	-4.18
9680.0	200.0	1.79	-2.42
9680.0	203.0	0.6	-0.43
9680.0	204.0	-1.36	-5.8
9680.0	205.0	3.4	-2.14
9680.0	206.0	1.16	2.94
9680.0	207.0	-0.19	2.81
9690.0	180.0	-1.11	-6.7
9690.0	185.0	-0.94	-0.95
9690.0	199.0	-0.19	-4.29
9690.0	200.0	1.78	-1.86
9690.0	203.0	0.54	-0.97
9690.0	204.0	-1.45	-5.69
9690.0	205.0	3.42	-2.51
9690.0	206.0	1.14	2.42
9690.0	207.0	0.04	3.09
9700.0	180.0	-1.11	-6.7
9700.0	185.0	-0.95	-0.93
9700.0	199.0	-0.11	-4.16
9700.0	200.0	1.68	-1.2
9700.0	203.0	0.59	-1.54
9700.0	204.0	-1.46	-5.68
9700.0	205.0	3.44	-2.96
9700.0	206.0	1.08	1.84
9710.0	180.0	-1.11	-6.7
9710.0	185.0	-0.9	-1.02
9710.0	199.0	-0.19	-4.19
9710.0	200.0	1.73	-0.75
9710.0	203.0	0.72	-2.08
9710.0	204.0	-1.46	-5.68
9710.0	205.0	3.51	-3.43
9710.0	206.0	1.11	1.24
9720.0	180.0	-1.11	-6.7
9720.0	185.0	-0.89	-1.05
9720.0	199.0	-0.09	-4.35
9720.0	200.0	1.86	-0.26
9720.0	203.0	0.76	-2.7
9720.0	204.0	-1.44	-5.68
9720.0	205.0	3.65	-3.92
9720.0	206.0	1.1	0.66
9730.0	180.0	-1.11	-6.7
9730.0	185.0	-0.9	-1.09
9730.0	199.0	-0.13	-4.4
9730.0	200.0	1.79	0.32
9730.0	203.0	0.93	-3.24
9730.0	204.0	-1.44	-5.68
9730.0	206.0	1.13	-0.02
9730.0	212.0	3.94	0.86
9740.0	180.0	-1.11	-6.7
9740.0	185.0	-0.9	-1.11
9740.0	199.0	-0.09	-4.52
9740.0	200.0	1.8	0.86
9740.0	203.0	0.97	-3.69
9740.0	204.0	-1.44	-5.68
9740.0	206.0	1.26	-0.53
9740.0	212.0	3.97	1.11
9750.0	180.0	-1.11	-6.7
9750.0	185.0	-0.92	-1.11
9750.0	199.0	0.06	-4.69
9750.0	200.0	1.76	1.26
9750.0	203.0	0.98	-4.37
9750.0	204.0	-1.44	-5.68
9750.0	206.0	1.29	-1.2
9750.0	212.0	4.12	1.53
9760.0	180.0	-1.11	-6.7
9760.0	185.0	-0.95	-1.11
9760.0	199.0	0.17	-4.87
9760.0	200.0	1.69	1.89
9760.0	203.0	1.11	-4.98
9760.0	204.0	-1.44	-5.68
9760.0	206.0	1.45	-1.82
9770.0	180.0	-1.11	-6.7
9770.0	185.0	-0.96	-1.11
9770.0	200.0	1.7	2.39
9770.0	203.0	1.07	-5.54
9770.0	204.0	-1.44	-5.68
9770.0	206.0	1.55	-2.44
9770.0	213.0	0.36	-5.16
9780.0	180.0	-1.11	-6.7
9780.0	185.0	-0.94	-1.11
9780.0	200.0	1.75	2.94
9780.0	203.0	1.11	-6.12
9780.0	204.0	-1.44	-5.68
9780.0	206.0	1.7	-3.03
9780.0	213.0	0.5	-5.45
9790.0	180.0	-1.11	-6.7
9790.0	185.0	-0.94	-1.11
9790.0	203.0	1.1	-6.67
9790.0	204.0	-1.44	-5.68
9790.0	206.0	1.87	-3.61
9790.0	213.0	0.66	-5.5
9790.0	214.0	1.41	-10.01
9800.0	180.0	-1.11	-6.7
9800.0	185.0	-0.94	-1.11
9800.0	203.0	0.96	-7.35
9800.0	204.0	-1.44	-5.68
9800.0	206.0	2.0	-4.29
9800.0	213.0	0.55	-5.65
9800.0	214.0	1.74	-9.46
9810.0	180.0	-1.11	-6.7
9810.0	185.0	-0.94	-1.11
9810.0	203.0	0.98	-8.0
9810.0	204.0	-1.44	-5.68
9810.0	206.0	2.26	-4.91
9810.0	213.0	0.44	-5.93
9810.0	214.0	1.98	-8.94
9820.0	180.0	-1.11	-6.7
9820.0	185.0	-0.94	-1.11
9820.0	203.0	0.93	-8.56
9820.0	204.0	-1.44	-5.68
9820.0	206.0	2.6	-5.41
9820.0	213.0	0.51	-6.24
9820.0	214.0	2.25	-8.37
9830.0	180.0	-1.11	-6.7
9830.0	185.0	-0.94	-1.11
9830.0	203.0	0.94	-9.19
9830.0	204.0	-1.44	-5.68
9830.0	206.0	3.03	-5.99
9830.0	213.0	0.57	-6.64
9830.0	214.0	2.53	-7.91
9840.0	180.0	-1.11	-6.7
9840.0	185.0	-0.94	-1.11
9840.0	203.0	0.93	-9.81
9840.0	204.0	-1.44	-5.68
9840.0	206.0	3.4	-6.47
9840.0	213.0	0.59	-6.98
9840.0	214.0	2.67	-7.29
9850.0	180.0	-1.11	-6.7
9850.0	185.0	-0.94	-1.11
9850.0	204.0	-1.44	-5.68
9850.0	206.0	4.0	-7.19
9850.0	213.0	0.61	-7.32
9850.0	214.0	2.92	-6.76
9860.0	180.0	-1.11	-6.7
9860.0	185.0	-0.97	-1.03
9860.0	204.0	-1.44	-5.68
9860.0	213.0	0.75	-7.71
9860.0	214.0	3.15	-6.26
9870.0	180.0	-1.11	-6.7
9870.0	185.0	-0.92	-1.1
9870.0	204.0	-1.44	-5.68
9870.0	213.0	0.83	-8.05
9870.0	214.0	3.42	-5.81
9880.0	180.0	-1.11	-6.7
9880.0	185.0	-0.92	-1.11
9880.0	204.0	-1.44	-5.68
9880.0	213.0	0.83	-8.44
9880.0	214.0	3.81	-5.46
9890.0	180.0	-1.11	-6.7
9890.0	185.0	-0.92	-1.11
9890.0	204.0	-1.44	-5.68
9890.0	213.0	0.88	-8.83
9890.0	214.0	4.19	-5.09
9900.0	180.0	-1.11	-6.7
9900.0	185.0	-0.92	-1.11
9900.0	204.0	-1.44	-5.68
9900.0	213.0	0.95	-9.26
9900.0	216.0	2.95	0.43
9910.0	180.0	-1.11	-6.7
9910.0	185.0	-0.94	-1.11
9910.0	204.0	-1.44	-5.68
9910.0	216.0	2.77	0.53
9920.0	180.0	-1.11	-6.7
9920.0	185.0	-0.94	-1.11
9920.0	216.0	2.53	0.67
9920.0	217.0	-1.42	-5.68
9930.0	180.0	-1.11	-6.7
9930.0	185.0	-0.94	-1.11
9930.0	216.0	2.35	0.81
9930.0	217.0	-1.42	-5.68
9940.0	180.0	-1.11	-6.7
9940.0	185.0	-0.94	-1.11
9940.0	216.0	2.23	1.07
9940.0	217.0	-1.42	-5.68
9950.0	180.0	-1.11	-6.7
9950.0	185.0	-0.92	-1.13
9950.0	216.0	2.09	1.34
9950.0	217.0	-1.42	-5.68
9960.0	180.0	-1.11	-6.7
9960.0	185.0	-0.9	-1.15
9960.0	216.0	1.92	1.62
9960.0	217.0	-1.42	-5.68
9970.0	180.0	-1.11	-6.7
9970.0	185.0	-0.9	-1.08
9970.0	216.0	1.86	2.01
9970.0	217.0	-1.42	-5.68
9980.0	180.0	-1.11	-6.7
9980.0	185.0	-0.91	-1.07
9980.0	216.0	1.76	2.32
9980.0	217.0	-1.42	-5.68
9980.0	218.0	3.58	3.17
9990.0	180.0	-1.11	-6.7
9990.0	185.0	-0.95	-1.05
9990.0	216.0	1.7	2.59
9990.0	217.0	-1.42	-5.68
9990.0	218.0	3.51	2.52
10000.0	219.0	1.09	-3.46
10010.0	219.0	0.96	-3.1
10020.0	219.0	0.82	-2.71
10020.0	220.0	3.4	0.88
10030.0	219.0	0.84	-2.33
10030.0	220.0	3.4	0.25
10040.0	219.0	0.83	-1.91
10040.0	220.0	3.34	-0.34
10050.0	219.0	0.69	-1.54
10050.0	220.0	3.24	-0.92
10060.0	219.0	0.54	-1.18
10060.0	220.0	3.24	-1.51
10070.0	219.0	0.51	-0.78
10070.0	220.0	3.14	-2.12
10080.0	219.0	0.46	-0.44
10080.0	220.0	3.14	-2.74
10080.0	225.0	3.95	-6.52
10080.0	226.0	1.62	-9.94
10090.0	219.0	0.32	-0.12
10090.0	220.0	3.16	-3.32
10090.0	225.0	3.64	-6.03
10090.0	226.0	1.72	-9.5
10100.0	219.0	0.18	0.21
10100.0	220.0	3.23	-3.9
10100.0	225.0	3.21	-5.57
10100.0	226.0	1.71	-8.99
10110.0	219.0	0.19	0.56
10110.0	220.0	3.47	-4.41
10110.0	225.0	2.9	-5.06
10110.0	226.0	1.7	-8.5
10110.0	227.0	1.72	3.87
10120.0	219.0	0.19	1.0
10120.0	220.0	3.54	-5.06
10120.0	225.0	2.64	-4.48
10120.0	226.0	1.64	-8.02
10120.0	227.0	1.8	3.32
10130.0	219.0	0.09	1.37
10130.0	220.0	3.6	-5.66
10130.0	225.0	2.4	-3.87
10130.0	226.0	1.5	-7.49
10130.0	227.0	1.83	2.82
10140.0	219.0	0.07	1.75
10140.0	220.0	3.58	-6.32
10140.0	225.0	2.41	-3.2
10140.0	226.0	1.45	-6.96
10140.0	227.0	2.02	2.31
10150.0	219.0	0.19	2.11
10150.0	220.0	3.4	-6.92
10150.0	225.0	2.42	-2.66
10150.0	226.0	1.4	-6.46
10150.0	227.0	2.09	1.82
10160.0	219.0	0.27	2.43
10160.0	220.0	3.32	-7.52
10160.0	225.0	2.43	-2.05
10160.0	226.0	1.31	-5.96
10160.0	227.0	2.02	1.31
10170.0	219.0	0.26	2.75
10170.0	220.0	3.12	-8.05
10170.0	225.0	2.64	-1.47
10170.0	226.0	1.27	-5.46
10170.0	227.0	2.03	0.8
10180.0	219.0	0.24	3.06
10180.0	220.0	2.93	-8.68
10180.0	225.0	2.73	-0.87
10180.0	226.0	1.21	-4.99
10180.0	227.0	1.95	0.38
10190.0	220.0	2.82	-9.24
10190.0	225.0	2.77	-0.25
10190.0	226.0	1.12	-4.52
10190.0	227.0	1.85	-0.03
10200.0	225.0	2.75	0.42
10200.0	226.0	1.1	-4.04
10200.0	227.0	1.95	-0.51
10210.0	225.0	2.57	1.03
10210.0	226.0	0.97	-3.58
10210.0	227.0	2.01	-1.01
10220.0	225.0	2.56	1.62
10220.0	226.0	0.85	-3.14
10220.0	227.0	2.03	-1.53
10230.0	225.0	2.46	2.21
10230.0	226.0	0.76	-2.65
10230.0	227.0	2.18	-2.01
10240.0	225.0	2.3	2.81
10240.0	226.0	0.67	-2.19
10240.0	227.0	2.24	-2.44
10250.0	226.0	0.67	-1.75
10250.0	227.0	2.19	-2.89
10260.0	226.0	0.74	-1.28
10260.0	227.0	2.18	-3.29
10260.0	232.0	3.52	-10.01
10270.0	226.0	0.81	-0.75
10270.0	227.0	2.16	-3.75
10270.0	232.0	3.43	-9.55
10280.0	226.0	0.96	-0.34
10280.0	227.0	2.05	-4.24
10280.0	232.0	3.44	-9.17
10290.0	226.0	1.12	0.22
10290.0	227.0	1.97	-4.65
10290.0	232.0	3.54	-8.78
10300.0	226.0	1.25	0.73
10300.0	227.0	1.96	-5.16
10300.0	232.0	3.56	-8.35
10310.0	226.0	1.45	1.21
10310.0	227.0	1.89	-5.6
10310.0	232.0	3.56	-7.92
10320.0	226.0	1.58	1.69
10320.0	227.0	1.76	-6.07
10320.0	232.0	3.63	-7.49
10330.0	227.0	1.78	-6.48
10330.0	232.0	3.59	-7.11
10340.0	227.0	1.78	-6.95
10340.0	232.0	3.65	-6.6
10350.0	227.0	1.65	-7.47
10350.0	232.0	3.64	-6.25
10360.0	227.0	1.64	-7.98
10360.0	232.0	3.71	-5.78
10370.0	227.0	1.68	-8.56
10370.0	232.0	3.64	-5.35
10370.0	235.0	4.0	-9.3
10380.0	232.0	3.63	-5.03
10380.0	235.0	4.02	-8.91
10390.0	232.0	3.63	-4.68
10390.0	235.0	4.04	-8.55
10400.0	232.0	3.64	-4.33
10400.0	235.0	3.97	-8.19
10410.0	232.0	3.58	-3.97
10410.0	235.0	3.92	-7.87
10420.0	232.0	3.48	-3.68
10420.0	235.0	3.98	-7.55
10430.0	232.0	3.52	-3.34
10430.0	235.0	3.94	-7.21
10440.0	232.0	3.64	-2.96
10440.0	235.0	3.87	-6.89
10440.0	238.0	0.66	4.27
10450.0	232.0	3.65	-2.58
10450.0	235.0	3.95	-6.5
10450.0	238.0	0.67	4.29
10460.0	232.0	3.65	-2.2
10460.0	235.0	3.89	-6.17
10460.0	238.0	0.65	4.3
10470.0	232.0	3.66	-1.81
10470.0	235.0	3.81	-5.81
10470.0	238.0	0.65	4.3
10480.0	232.0	3.68	-1.37
10480.0	235.0	3.82	-5.41
10480.0	238.0	0.65	4.3
10490.0	232.0	3.65	-0.98
10490.0	235.0	3.83	-4.95
10490.0	238.0	0.68	4.29
10500.0	232.0	3.65	-0.62
10500.0	235.0	3.77	-4.52
10500.0	238.0	0.7	4.29
10510.0	232.0	3.64	-0.13
10510.0	235.0	3.81	-4.12
10510.0	238.0	0.7	4.27
10520.0	232.0	3.56	0.21
10520.0	235.0	3.83	-3.76
10520.0	238.0	0.69	4.29
10530.0	232.0	3.49	0.61
10530.0	235.0	3.81	-3.39
10530.0	238.0	0.68	4.29
10540.0	232.0	3.57	1.02
10540.0	235.0	3.82	-3.02
10540.0	238.0	0.68	4.29
10550.0	232.0	3.58	1.36
10550.0	235.0	3.82	-2.65
10550.0	238.0	0.63	4.28
10560.0	232.0	3.42	1.73
10560.0	235.0	3.8	-2.26
10570.0	232.0	3.42	2.12
10570.0	235.0	3.75	-1.88
10580.0	232.0	3.53	2.47
10580.0	235.0	3.75	-1.46
10590.0	232.0	3.05	2.94
10590.0	235.0	3.68	-1.09
10600.0	235.0	3.64	-0.75
10610.0	235.0	3.66	-0.29
10620.0	235.0	3.61	-0.0
10620.0	253.0	4.02	-9.15
10630.0	235.0	3.55	0.37
10630.0	253.0	3.99	-8.68
10640.0	235.0	3.57	0.73
10640.0	253.0	3.99	-8.24
10650.0	235.0	3.51	1.04
10650.0	253.0	4.0	-7.78
10660.0	235.0	3.39	1.34
10660.0	253.0	4.0	-7.36
10670.0	235.0	3.41	1.75
10670.0	253.0	3.91	-6.96
10680.0	235.0	3.44	2.12
10680.0	253.0	3.9	-6.53
10690.0	235.0	3.41	2.47
10690.0	253.0	3.88	-6.07
10700.0	235.0	3.47	2.83
10700.0	253.0	3.94	-5.66
10710.0	235.0	3.51	3.19
10710.0	253.0	3.96	-5.19
10720.0	235.0	3.47	3.55
10720.0	253.0	3.96	-4.73
10720.0	255.0	1.6	4.1
10730.0	235.0	3.52	3.72
10730.0	253.0	4.03	-4.25
10730.0	255.0	1.46	3.51
10730.0	256.0	0.72	3.75
10740.0	253.0	4.11	-3.86
10740.0	255.0	1.46	2.8
10740.0	256.0	0.67	3.92
10750.0	253.0	4.12	-3.38
10750.0	255.0	1.39	2.07
10750.0	256.0	0.72	3.8
10760.0	253.0	4.35	-2.84
10760.0	255.0	1.38	1.4
10770.0	255.0	1.41	0.68
10780.0	255.0	1.43	-0.07
10790.0	255.0	1.53	-0.82
10790.0	258.0	1.73	2.53
10800.0	255.0	1.57	-1.58
10800.0	258.0	1.71	1.92
10810.0	255.0	1.55	-2.25
10810.0	258.0	1.79	1.25
10820.0	255.0	1.59	-2.82
10820.0	258.0	1.84	0.65
10830.0	255.0	1.57	-3.56
10830.0	258.0	1.92	0.22
10840.0	255.0	1.6	-4.31
10840.0	258.0	2.03	-0.48
10850.0	255.0	1.68	-5.16
10850.0	258.0	2.09	-1.06
10860.0	255.0	1.65	-5.91
10870.0	255.0	1.74	-6.68
10880.0	255.0	1.88	-7.54
10890.0	255.0	1.83	-8.31
10900.0	255.0	1.81	-9.03
11000.0	262.0	3.39	-9.44
11010.0	262.0	3.45	-8.86
11010.0	263.0	1.15	-10.15
11020.0	262.0	3.43	-8.25
11020.0	263.0	1.19	-9.46
11030.0	262.0	3.48	-7.66
11030.0	263.0	1.26	-8.82
11040.0	262.0	3.43	-6.99
11040.0	263.0	1.23	-8.21
11050.0	262.0	3.37	-6.35
11050.0	263.0	1.24	-7.58
11060.0	262.0	3.31	-5.75
11060.0	263.0	1.33	-6.89
11070.0	262.0	3.22	-5.17
11070.0	263.0	1.39	-6.21
11080.0	262.0	3.22	-4.62
11080.0	263.0	1.54	-5.58
11090.0	262.0	3.23	-4.02
11090.0	263.0	1.74	-4.92
11100.0	262.0	3.17	-3.38
11100.0	263.0	1.88	-4.29
11110.0	262.0	3.19	-2.78
11110.0	263.0	2.07	-3.69
11120.0	262.0	3.28	-2.23
11120.0	263.0	2.22	-3.04
11130.0	262.0	3.28	-1.47
11130.0	263.0	2.27	-2.39
11140.0	262.0	3.36	-0.82
11140.0	263.0	2.4	-1.76
11150.0	262.0	3.38	-0.27
11150.0	263.0	2.46	-1.09
11160.0	262.0	3.36	0.33
11160.0	263.0	2.45	-0.44
11170.0	262.0	3.36	0.94
11170.0	263.0	2.5	0.22
11180.0	262.0	3.22	1.51
11180.0	263.0	2.47	0.88
11190.0	262.0	3.17	1.98
11190.0	263.0	2.4	1.5
11200.0	262.0	3.11	2.6
11200.0	263.0	2.4	2.08
11210.0	262.0	3.0	3.15
11210.0	263.0	2.35	2.61
11350.0	266.0	-0.83	2.36
11360.0	266.0	-0.83	2.36
11360.0	267.0	1.57	3.49
11360.0	269.0	2.55	3.96
11370.0	266.0	-0.83	2.36
11370.0	267.0	1.61	2.85
11370.0	269.0	2.61	3.34
11370.0	271.0	3.69	-7.91
11380.0	266.0	-0.83	2.36
11380.0	267.0	1.73	2.12
11380.0	269.0	2.63	2.67
11380.0	271.0	3.54	-7.24
11390.0	266.0	-0.83	2.36
11390.0	267.0	1.75	1.57
11390.0	269.0	2.7	2.01
11390.0	271.0	3.51	-6.6
11400.0	266.0	-0.83	2.36
11400.0	267.0	1.75	0.94
11400.0	269.0	2.77	1.42
11400.0	271.0	3.46	-5.91
11410.0	266.0	-0.83	2.36
11410.0	267.0	1.79	0.23
11410.0	269.0	2.83	0.81
11410.0	271.0	3.44	-5.24
11420.0	266.0	-0.83	2.36
11420.0	267.0	1.83	-0.42
11420.0	269.0	2.9	0.14
11420.0	271.0	3.52	-4.57
11430.0	266.0	-0.83	2.36
11430.0	267.0	1.84	-1.06
11430.0	269.0	2.91	-0.57
11430.0	271.0	3.53	-3.86
11440.0	266.0	-0.83	2.36
11440.0	267.0	1.91	-1.72
11440.0	269.0	2.89	-1.24
11440.0	271.0	3.56	-3.23
11450.0	266.0	-0.83	2.36
11450.0	267.0	1.95	-2.4
11450.0	269.0	2.99	-1.88
11450.0	271.0	3.6	-2.54
11460.0	266.0	-0.83	2.36
11460.0	267.0	2.02	-3.05
11460.0	269.0	2.98	-2.61
11460.0	271.0	3.6	-1.86
11470.0	266.0	-0.83	2.36
11470.0	267.0	2.09	-3.76
11470.0	269.0	3.11	-3.31
11470.0	271.0	3.63	-1.27
11480.0	266.0	-0.83	2.36
11480.0	267.0	2.13	-4.5
11480.0	269.0	3.19	-3.98
11480.0	271.0	3.59	-0.57
11490.0	266.0	-0.83	2.36
11490.0	267.0	2.2	-5.17
11490.0	269.0	3.29	-4.72
11500.0	266.0	-0.83	2.36
11500.0	267.0	2.22	-5.9
11500.0	269.0	3.43	-5.44
11510.0	266.0	-0.83	2.36
11510.0	267.0	2.19	-6.55
11510.0	269.0	3.52	-6.19
11520.0	266.0	-0.83	2.36
11520.0	267.0	2.14	-7.32
11520.0	269.0	3.65	-6.93
11530.0	266.0	-0.83	2.36
11530.0	267.0	2.06	-7.97
11530.0	269.0	3.76	-7.59
11540.0	266.0	-0.83	2.36
11540.0	267.0	2.13	-8.67
11540.0	269.0	3.74	-8.27
11770.0	277.0	0.28	1.49
11770.0	278.0	1.34	4.05
11780.0	277.0	0.23	0.93
11780.0	278.0	1.24	3.41
11790.0	277.0	0.21	0.37
11790.0	278.0	1.2	2.78
11800.0	277.0	0.2	-0.19
11800.0	278.0	1.15	2.14
11810.0	277.0	0.14	-0.71
11810.0	278.0	1.18	1.49
11820.0	277.0	0.1	-1.27
11820.0	278.0	1.19	0.89
11830.0	277.0	0.2	-1.85
11830.0	278.0	1.17	0.24
11840.0	277.0	0.24	-2.39
11840.0	278.0	1.22	-0.43
11850.0	277.0	0.25	-2.95
11850.0	278.0	1.22	-1.09
11860.0	277.0	0.34	-3.51
11860.0	278.0	1.26	-1.75
11870.0	277.0	0.42	-4.19
11870.0	278.0	1.31	-2.42
11880.0	277.0	0.28	-4.67
11880.0	278.0	1.33	-3.1
11890.0	277.0	0.32	-5.26
11890.0	278.0	1.42	-3.81
11900.0	277.0	0.28	-5.87
11900.0	278.0	1.43	-4.51
11910.0	277.0	0.19	-6.45
11910.0	278.0	1.41	-5.21
11920.0	277.0	0.21	-6.99
11920.0	278.0	1.42	-5.93
11930.0	277.0	0.09	-7.62
11930.0	278.0	1.37	-6.67
11940.0	277.0	0.06	-8.33
11940.0	278.0	1.38	-7.38
11950.0	277.0	0.1	-8.91
11950.0	278.0	1.32	-8.15
11960.0	277.0	0.17	-9.49
11960.0	278.0	1.28	-8.85
12440.0	284.0	0.94	1.73
12440.0	285.0	1.43	1.75
12450.0	284.0	1.02	1.02
12450.0	285.0	1.5	1.05
12460.0	284.0	1.02	0.29
12460.0	285.0	1.51	0.33
12470.0	284.0	1.05	-0.4
12470.0	285.0	1.56	-0.36
12480.0	284.0	1.02	-1.12
12480.0	285.0	1.53	-1.07
12480.0	289.0	2.98	-7.11
12490.0	284.0	1.02	-1.8
12490.0	285.0	1.51	-1.73
12490.0	289.0	2.98	-6.5
12500.0	284.0	0.94	-2.55
12500.0	285.0	1.48	-2.49
12500.0	289.0	2.88	-5.87
12510.0	284.0	0.88	-3.27
12510.0	285.0	1.41	-3.19
12510.0	289.0	2.81	-5.27
12520.0	284.0	0.91	-4.01
12520.0	285.0	1.43	-3.95
12520.0	289.0	2.79	-4.61
12520.0	292.0	-0.85	2.36
12530.0	284.0	0.89	-4.79
12530.0	285.0	1.4	-4.7
12530.0	289.0	2.65	-4.01
12530.0	292.0	-0.85	2.36
12540.0	284.0	0.9	-5.54
12540.0	285.0	1.41	-5.43
12540.0	289.0	2.54	-3.41
12540.0	292.0	-0.85	2.36
12550.0	284.0	0.84	-6.3
12550.0	285.0	1.36	-6.19
12550.0	289.0	2.39	-2.81
12550.0	292.0	-0.85	2.36
12560.0	284.0	0.77	-7.05
12560.0	285.0	1.29	-6.98
12560.0	289.0	2.15	-2.28
12560.0	292.0	-0.85	2.36
12570.0	284.0	0.73	-7.9
12570.0	285.0	1.31	-7.79
12570.0	289.0	2.01	-1.68
12570.0	292.0	-0.85	2.36
12580.0	284.0	0.71	-8.65
12580.0	285.0	1.3	-8.47
12580.0	289.0	1.86	-1.12
12580.0	292.0	-0.85	2.36
12590.0	284.0	0.82	-9.38
12590.0	285.0	1.39	-9.32
12590.0	289.0	1.7	-0.59
12590.0	292.0	-0.85	2.36
12590.0	295.0	3.72	-2.8
12600.0	284.0	0.77	-10.06
12600.0	289.0	1.64	0.07
12600.0	292.0	-0.85	2.36
12600.0	295.0	3.5	-2.13
12610.0	289.0	1.53	0.64
12610.0	292.0	-0.85	2.36
12610.0	295.0	3.37	-1.43
12620.0	289.0	1.53	1.2
12620.0	292.0	-0.85	2.36
12620.0	295.0	3.24	-0.75
12630.0	289.0	1.52	1.74
12630.0	292.0	-0.85	2.36
12630.0	295.0	3.13	-0.07
12640.0	289.0	1.41	2.27
12640.0	292.0	-0.85	2.36
12640.0	295.0	3.11	0.62
12650.0	289.0	1.36	2.83
12650.0	292.0	-0.85	2.36
12650.0	295.0	3.09	1.34
12660.0	289.0	1.22	3.36
12660.0	292.0	-0.85	2.36
12660.0	295.0	3.15	1.95
12670.0	289.0	0.92	3.9
12670.0	292.0	-0.85	2.36
12670.0	295.0	3.18	2.58
12680.0	292.0	-0.85	2.36
12690.0	292.0	-0.85	2.36
12700.0	292.0	-0.85	2.36
12700.0	296.0	1.28	3.22
12710.0	292.0	-0.85	2.36
12710.0	296.0	1.23	2.62
12720.0	292.0	-0.85	2.36
12720.0	296.0	1.16	2.01
12730.0	292.0	-0.85	2.36
12730.0	296.0	1.17	1.3
12740.0	292.0	-0.85	2.36
12740.0	296.0	1.12	0.64
12740.0	298.0	3.56	-4.17
12750.0	292.0	-0.85	2.36
12750.0	296.0	1.13	0.0
12750.0	298.0	3.61	-3.55
12760.0	296.0	1.07	-0.65
12760.0	298.0	3.61	-2.96
12770.0	296.0	1.01	-1.28
12770.0	298.0	3.61	-2.39
12780.0	296.0	1.04	-1.97
12780.0	298.0	3.82	-1.73
12790.0	296.0	0.97	-2.66
12790.0	298.0	3.85	-1.12
12790.0	300.0	2.36	-8.39
12790.0	301.0	3.01	-8.85
12800.0	296.0	1.02	-3.35
12800.0	298.0	3.82	-0.57
12800.0	300.0	2.4	-7.62
12800.0	301.0	3.05	-8.1
12810.0	296.0	1.0	-4.07
12810.0	298.0	3.84	-0.03
12810.0	300.0	2.46	-6.88
12810.0	301.0	3.07	-7.35
12820.0	296.0	0.93	-4.86
12820.0	298.0	3.83	0.66
12820.0	300.0	2.53	-6.24
12820.0	301.0	3.1	-6.49
12830.0	296.0	0.95	-5.59
12830.0	298.0	3.91	1.13
12830.0	300.0	2.59	-5.47
12830.0	301.0	3.14	-5.72
12840.0	296.0	0.85	-6.33
12840.0	300.0	2.55	-4.73
12840.0	301.0	3.1	-4.96
12850.0	296.0	0.85	-7.0
12850.0	300.0	2.55	-3.96
12850.0	301.0	3.08	-4.21
12860.0	296.0	0.82	-7.67
12860.0	300.0	2.56	-3.21
12860.0	301.0	3.07	-3.48
12870.0	296.0	0.73	-8.35
12870.0	300.0	2.46	-2.5
12870.0	301.0	3.06	-2.59
12870.0	302.0	2.74	-10.19
12880.0	296.0	0.75	-9.06
12880.0	300.0	2.54	-1.69
12880.0	301.0	3.13	-1.82
12880.0	302.0	2.91	-9.54
12890.0	296.0	0.65	-9.78
12890.0	300.0	2.52	-0.88
12890.0	301.0	3.14	-1.06
12890.0	302.0	2.96	-8.71
12900.0	300.0	2.55	-0.22
12900.0	301.0	3.24	-0.35
12900.0	302.0	3.0	-8.04
12900.0	303.0	-2.0	0.22
12910.0	300.0	2.61	0.6
12910.0	301.0	3.24	0.36
12910.0	302.0	3.07	-7.36
12910.0	303.0	-1.89	0.04
12920.0	300.0	2.64	1.35
12920.0	301.0	3.26	1.08
12920.0	302.0	3.08	-6.65
12920.0	303.0	-1.82	-0.26
12930.0	300.0	2.71	2.03
12930.0	301.0	3.32	1.75
12930.0	302.0	3.11	-5.96
12930.0	303.0	-1.67	-0.44
12940.0	300.0	2.76	2.71
12940.0	301.0	3.38	2.41
12940.0	302.0	3.12	-5.26
12940.0	303.0	-1.45	-0.51
12950.0	302.0	3.09	-4.53
12950.0	303.0	-1.27	-0.5
12960.0	302.0	3.15	-3.8
12960.0	303.0	-1.22	-0.46
12970.0	302.0	3.14	-3.08
12970.0	303.0	-1.05	-0.41
12980.0	302.0	3.23	-2.5
12980.0	303.0	-1.03	-0.38
12980.0	304.0	2.26	3.62
12990.0	302.0	3.31	-1.82
12990.0	303.0	-1.08	-0.38
12990.0	304.0	2.28	3.0
13000.0	302.0	3.4	-1.15
13000.0	303.0	-1.14	-0.37
13000.0	304.0	2.38	2.5
13010.0	302.0	3.42	-0.57
13010.0	303.0	-1.18	-0.32
13010.0	304.0	2.39	1.89
13020.0	302.0	3.53	0.01
13020.0	303.0	-1.22	-0.26
13020.0	304.0	2.44	1.28
13030.0	302.0	3.48	0.7
13030.0	303.0	-1.22	-0.24
13030.0	304.0	2.53	0.61
13040.0	302.0	3.69	1.2
13040.0	303.0	-1.22	-0.23
13040.0	304.0	2.56	0.09
13050.0	302.0	3.69	1.81
13050.0	303.0	-1.22	-0.23
13050.0	304.0	2.68	-0.54
13060.0	303.0	-1.22	-0.23
13060.0	304.0	2.69	-1.23
13060.0	307.0	2.6	-8.67
13070.0	303.0	-1.22	-0.23
13070.0	304.0	2.66	-1.84
13070.0	307.0	2.49	-8.26
13080.0	303.0	-1.22	-0.23
13080.0	304.0	2.61	-2.46
13080.0	307.0	2.47	-7.74
13090.0	303.0	-1.22	-0.23
13090.0	304.0	2.46	-3.1
13090.0	307.0	2.5	-7.26
13100.0	303.0	-1.22	-0.23
13100.0	304.0	2.33	-3.73
13100.0	307.0	2.47	-6.78
13100.0	308.0	3.11	-8.24
13110.0	303.0	-1.22	-0.23
13110.0	304.0	2.17	-4.32
13110.0	307.0	2.46	-6.28
13110.0	308.0	3.42	-7.47
13120.0	303.0	-1.22	-0.23
13120.0	304.0	2.01	-4.9
13120.0	307.0	2.53	-5.81
13120.0	308.0	3.57	-6.66
13130.0	303.0	-1.22	-0.23
13130.0	304.0	2.02	-5.5
13130.0	307.0	2.55	-5.37
13130.0	308.0	3.73	-5.84
13130.0	312.0	-1.05	3.09
13130.0	313.0	-0.52	3.4
13140.0	303.0	-1.22	-0.23
13140.0	304.0	1.99	-6.17
13140.0	307.0	2.55	-4.94
13140.0	308.0	3.82	-5.04
13140.0	312.0	-1.03	3.09
13140.0	313.0	-0.52	3.4
13150.0	303.0	-1.22	-0.23
13150.0	304.0	2.08	-6.83
13150.0	307.0	2.56	-4.48
13150.0	308.0	3.87	-4.19
13150.0	312.0	-1.23	3.14
13150.0	313.0	-0.52	3.4
13160.0	303.0	-1.22	-0.23
13160.0	304.0	2.11	-7.57
13160.0	307.0	2.48	-4.14
13160.0	308.0	3.88	-3.33
13160.0	313.0	-0.52	3.4
13170.0	303.0	-1.22	-0.23
13170.0	304.0	2.14	-8.24
13170.0	307.0	2.35	-3.8
13170.0	308.0	3.88	-2.56
13170.0	313.0	-0.52	3.4
13170.0	315.0	1.13	-10.03
13180.0	303.0	-1.22	-0.23
13180.0	304.0	2.2	-8.92
13180.0	307.0	2.29	-3.42
13180.0	308.0	3.88	-1.66
13180.0	313.0	-0.52	3.4
13180.0	315.0	1.12	-9.54
13180.0	317.0	0.66	-9.8
13190.0	303.0	-1.22	-0.23
13190.0	304.0	2.2	-9.67
13190.0	307.0	2.24	-3.07
13190.0	308.0	3.87	-0.89
13190.0	313.0	-0.52	3.4
13190.0	315.0	1.0	-9.05
13190.0	317.0	0.54	-9.33
13200.0	303.0	-1.22	-0.23
13200.0	304.0	2.19	-10.19
13200.0	307.0	2.12	-2.74
13200.0	313.0	-0.52	3.4
13200.0	315.0	0.79	-8.66
13200.0	317.0	0.55	-8.84
13210.0	303.0	-1.22	-0.23
13210.0	307.0	2.07	-2.36
13210.0	313.0	-0.52	3.4
13210.0	315.0	0.77	-8.24
13210.0	317.0	0.5	-8.41
13220.0	303.0	-1.22	-0.23
13220.0	307.0	2.1	-2.07
13220.0	313.0	-0.52	3.4
13220.0	315.0	0.83	-7.78
13220.0	317.0	0.38	-7.97
13230.0	303.0	-1.22	-0.23
13230.0	307.0	2.1	-1.73
13230.0	313.0	-0.52	3.4
13230.0	315.0	0.79	-7.3
13230.0	317.0	0.36	-7.52
13230.0	319.0	1.64	3.88
13240.0	303.0	-1.22	-0.23
13240.0	307.0	2.03	-1.54
13240.0	313.0	-0.52	3.4
13240.0	315.0	0.69	-6.89
13240.0	317.0	0.33	-7.11
13240.0	319.0	1.55	3.17
13250.0	303.0	-1.22	-0.23
13250.0	307.0	2.04	-1.24
13250.0	313.0	-0.52	3.4
13250.0	315.0	0.73	-6.46
13250.0	317.0	0.24	-6.68
13250.0	319.0	1.4	2.37
13260.0	303.0	-1.22	-0.23
13260.0	307.0	2.03	-1.12
13260.0	313.0	-0.52	3.4
13260.0	315.0	0.75	-5.98
13260.0	317.0	0.2	-6.25
13260.0	319.0	1.28	1.48
13270.0	303.0	-1.22	-0.23
13270.0	307.0	2.02	-1.21
13270.0	313.0	-0.52	3.4
13270.0	315.0	0.62	-5.55
13270.0	317.0	0.22	-5.79
13270.0	319.0	1.15	0.76
13280.0	303.0	-1.22	-0.23
13280.0	307.0	2.02	-1.21
13280.0	313.0	-0.52	3.4
13280.0	315.0	0.57	-5.14
13280.0	317.0	0.16	-5.43
13280.0	319.0	1.15	-0.03
13290.0	303.0	-1.22	-0.23
13290.0	307.0	2.02	-1.2
13290.0	313.0	-0.52	3.4
13290.0	315.0	0.59	-4.67
13290.0	317.0	0.03	-5.1
13290.0	319.0	1.06	-0.92
13300.0	303.0	-1.22	-0.23
13300.0	307.0	2.01	-1.13
13300.0	313.0	-0.52	3.4
13300.0	315.0	0.39	-4.29
13300.0	317.0	-0.09	-4.84
13300.0	319.0	1.14	-1.76
13310.0	303.0	-1.22	-0.23
13310.0	307.0	2.01	-1.14
13310.0	313.0	-0.52	3.4
13310.0	315.0	0.16	-3.96
13310.0	317.0	-0.18	-4.63
13310.0	319.0	1.22	-2.6
13320.0	303.0	-1.22	-0.23
13320.0	307.0	2.0	-1.16
13320.0	313.0	-0.52	3.4
13320.0	315.0	-0.05	-3.54
13320.0	317.0	-0.44	-4.45
13320.0	319.0	1.29	-3.46
13330.0	303.0	-1.22	-0.23
13330.0	307.0	2.0	-1.18
13330.0	313.0	-0.52	3.4
13330.0	315.0	-0.27	-3.46
13330.0	317.0	-0.65	-4.27
13330.0	319.0	1.37	-4.37
13340.0	303.0	-1.22	-0.23
13340.0	307.0	1.98	-1.21
13340.0	313.0	-0.52	3.4
13340.0	315.0	-0.45	-3.49
13340.0	317.0	-0.79	-4.2
13340.0	319.0	1.35	-5.25
13350.0	303.0	-1.22	-0.23
13350.0	307.0	1.93	-1.21
13350.0	313.0	-0.56	3.21
13350.0	315.0	-0.56	-3.5
13350.0	317.0	-0.98	-4.18
13350.0	319.0	1.39	-6.12
13360.0	303.0	-1.22	-0.23
13360.0	307.0	1.8	-1.09
13360.0	313.0	-0.57	3.19
13360.0	315.0	-0.57	-3.51
13360.0	317.0	-1.02	-4.18
13360.0	319.0	1.38	-6.98
13370.0	303.0	-1.22	-0.23
13370.0	313.0	-0.57	3.19
13370.0	315.0	-0.6	-3.43
13370.0	317.0	-0.86	-4.19
13370.0	319.0	1.32	-7.88
13380.0	303.0	-1.22	-0.23
13380.0	313.0	-0.57	3.19
13380.0	319.0	1.25	-8.71
13380.0	323.0	-0.73	-3.33
13390.0	303.0	-1.22	-0.23
13390.0	313.0	-0.57	3.19
13390.0	319.0	1.19	-9.57
13390.0	323.0	-0.8	-3.22
13400.0	303.0	-1.22	-0.23
13400.0	313.0	-0.57	3.19
13400.0	323.0	-0.88	-3.21
13730.0	325.0	3.07	-7.17
13740.0	325.0	3.01	-6.59
13740.0	326.0	1.92	-1.68
13750.0	325.0	3.06	-6.2
13750.0	326.0	1.87	-2.51
13750.0	327.0	0.62	0.23
13760.0	325.0	3.13	-5.76
13760.0	326.0	1.83	-3.36
13760.0	327.0	0.7	1.04
13770.0	325.0	3.18	-5.31
13770.0	326.0	1.73	-4.23
13770.0	327.0	0.75	1.8
13780.0	325.0	3.13	-4.8
13780.0	326.0	1.74	-5.09
13780.0	327.0	0.84	2.54
13790.0	325.0	3.34	-4.33
13790.0	326.0	1.73	-5.98
13800.0	325.0	3.33	-3.91
13800.0	326.0	1.81	-6.89
13810.0	325.0	3.27	-3.4
13810.0	326.0	1.87	-7.74
13820.0	325.0	3.24	-3.05
13820.0	326.0	1.87	-8.62
13830.0	325.0	3.22	-2.69
13830.0	326.0	1.91	-9.52
13840.0	325.0	3.07	-2.41
13850.0	325.0	3.05	-2.38
13860.0	325.0	2.99	-2.64
14160.0	330.0	0.8	0.05
14170.0	330.0	0.75	-0.57
14180.0	330.0	0.72	-1.15
14190.0	330.0	0.73	-1.77
14200.0	330.0	0.72	-2.41
14210.0	330.0	0.8	-3.17
14220.0	330.0	0.81	-3.74
14230.0	330.0	0.83	-4.32
14240.0	330.0	0.92	-5.01
14250.0	330.0	0.94	-5.71
14260.0	330.0	0.82	-6.26
14270.0	330.0	0.79	-6.84
14280.0	330.0	0.71	-7.41
14290.0	330.0	0.67	-8.04
14340.0	334.0	0.65	1.14
14350.0	334.0	0.69	0.6
14360.0	334.0	0.76	0.06
14370.0	334.0	0.78	-0.53
14380.0	334.0	0.92	-1.14
14390.0	334.0	0.96	-1.74
14390.0	335.0	1.09	2.95
