0.0	2.0	12.375348446	7.92350535049
0.0	5.0	5.76674400374	7.18365997137
0.0	6.0	6.58755793128	6.41994861229
0.0	7.0	7.32418581497	5.91876303289
0.0	9.0	7.02953466149	5.17891765378
10.0	2.0	12.2187624044	7.78890122345
10.0	5.0	5.30245797191	7.23282389012
10.0	6.0	5.99699283367	6.45073572645
10.0	7.0	7.93642881887	5.96935891043
10.0	9.0	7.45572650848	5.17891765378
20.0	2.0	12.062386828	7.65429709641
20.0	5.0	4.83817194007	7.28198780886
20.0	6.0	5.40621727095	6.48152284062
20.0	7.0	8.54867182277	6.01995478797
20.0	9.0	7.88191835548	5.17891765378
30.0	2.0	11.9058007864	7.51969296937
30.0	5.0	4.37388590824	7.3311517276
30.0	6.0	4.81565217334	6.51230995478
30.0	7.0	9.16091482667	6.07055066551
30.0	9.0	8.30811020247	5.17891765378
40.0	2.0	11.7277473037	7.38938471873
40.0	5.0	3.90412778355	7.28938626265
40.0	6.0	4.26402312101	6.47245376823
40.0	7.0	9.76705434239	6.15264963661
40.0	9.0	8.73430204946	5.17891765378
50.0	2.0	11.3554345247	7.29750069584
50.0	5.0	3.4305812869	7.18700120857
50.0	6.0	3.71681383599	6.42472180829
50.0	7.0	10.3702473466	6.2481135565
50.0	9.0	9.20658575546	5.17891765378
60.0	2.0	10.9831217458	7.20561667295
60.0	5.0	2.95703479024	7.08485481429
60.0	6.0	3.16960455096	6.37698984834
60.0	7.0	10.9736508159	6.34357747638
60.0	9.0	9.67886946146	5.17891765378
70.0	2.0	10.5443019922	7.1645671874
70.0	5.0	2.46496736393	6.98795893561
70.0	6.0	2.67101270626	6.30515324863
70.0	7.0	11.6195682373	6.42973366408
70.0	9.0	10.1511531675	5.17891765378
80.0	2.0	10.0391857291	7.17411357939
80.0	5.0	1.96826970522	6.89249501572
80.0	6.0	2.1776824893	6.23045273132
80.0	7.0	12.2840065884	6.51159397538
80.0	9.0	10.6234368735	5.17891765378
90.0	2.0	9.53406946604	7.18365997137
90.0	5.0	1.4780964649	6.81540790042
90.0	6.0	1.68435227233	6.15599087381
90.0	7.0	12.9482344744	6.59369294648
90.0	9.0	11.0576263946	5.17891765378
100.0	2.0	9.06767878311	7.20943522974
100.0	5.0	1.00307671248	6.78127954906
100.0	6.0	1.2156464732	6.09417798568
100.0	7.0	13.6065693373	6.62686665864
100.0	9.0	11.4878170787	5.17891765378
110.0	2.0	8.60128810018	7.23521048811
110.0	5.0	0.52805696005	6.7471511977
110.0	6.0	0.757674394652	6.03809293275
110.0	7.0	14.2590111771	6.61087645206
110.0	9.0	11.9177972977	5.17891765378
110.0	10.0	14.9884832471	6.01494293218
110.0	11.0	15.063198361	5.37485734935
120.0	2.0	8.13468695214	7.26098574648
120.0	5.0	0.052826742516	6.71326150614
120.0	6.0	0.299702316107	5.98200787982
120.0	7.0	14.911453017	6.59488624548
120.0	9.0	12.3479879817	5.17891765378
120.0	10.0	14.5082018669	6.09704190328
120.0	11.0	14.5801809344	5.42378260829
130.0	2.0	7.66534975767	7.28413574705
130.0	6.0	-0.158480227548	5.92568416709
130.0	7.0	15.5638948568	6.5791346987
130.0	9.0	12.763235643	5.19156662317
130.0	10.0	14.0281309519	6.17914087438
130.0	11.0	14.0973739729	5.47294652703
140.0	2.0	7.18948814481	7.30131925263
140.0	9.0	13.1437565612	5.23357074792
140.0	10.0	13.54448213	6.25789860829
140.0	11.0	13.6145670115	5.52211044577
150.0	2.0	6.71341606684	7.31826409841
150.0	9.0	13.5244879445	5.27581353247
150.0	10.0	13.0294740067	6.30825582603
150.0	11.0	13.0921926094	5.4951418884
160.0	2.0	6.23734398886	7.33544760399
160.0	9.0	13.9052193278	5.31781765722
160.0	10.0	12.5144658834	6.35837438397
160.0	11.0	12.5529809985	5.43547693847
170.0	2.0	5.76085098067	7.34952853218
170.0	9.0	14.2859507112	5.36006044176
170.0	10.0	11.9992472951	6.40873160171
170.0	11.0	12.0135589225	5.37581198855
180.0	2.0	5.2805696005	7.33735688239
180.0	9.0	14.6666820945	5.40206456651
180.0	10.0	11.488448474	6.46935119083
180.0	11.0	11.4949728924	5.38392642174
190.0	2.0	4.80028822034	7.32494657281
190.0	9.0	15.0474134778	5.44430735106
190.0	10.0	10.987331048	6.55455273933
190.0	11.0	10.997012443	5.45958157824
200.0	2.0	4.32000684017	7.31277492302
200.0	9.0	15.427934396	5.48631147581
200.0	10.0	10.486213622	6.63975428783
200.0	11.0	10.4990519937	5.53523673475
210.0	2.0	3.83909406468	7.29392079884
210.0	10.0	9.98509619596	6.72519449613
210.0	11.0	10.0013020094	5.61089189126
220.0	2.0	3.35544524276	7.2488140967
220.0	10.0	9.4894508628	6.81660119942
220.0	11.0	9.51407528062	5.72664189412
230.0	2.0	2.87200688595	7.20370739455
230.0	10.0	9.0434752955	6.96433161544
230.0	11.0	9.04305436528	5.90277282631
240.0	2.0	2.38856852914	7.1586006924
240.0	10.0	8.5974997282	7.11206203146
240.0	11.0	8.57203344994	6.0789037585
250.0	2.0	1.9089185443	7.10991409326
250.0	10.0	8.15152416091	7.25979244748
250.0	11.0	8.10080206949	6.25527335049
260.0	2.0	1.43305693144	7.05812491673
260.0	10.0	7.70554859361	7.40752286351
260.0	11.0	7.63988347941	6.4115955193
270.0	2.0	0.957195318577	7.00633574019
270.0	10.0	7.25368000324	7.497497608
270.0	11.0	7.21895326016	6.48939861401
280.0	2.0	0.481333705714	6.95430790385
280.0	10.0	6.80118001755	7.5810285379
280.0	11.0	6.7980230409	6.56696304892
290.0	2.0	0.00547209285026	6.90251872731
290.0	10.0	6.34868003185	7.6645594678
290.0	11.0	6.37709282165	6.64476614362
300.0	10.0	5.89618004616	7.7480903977
300.0	11.0	5.9561626024	6.72233057853
310.0	10.0	5.44620564178	7.76121668668
310.0	11.0	5.49734866342	6.75693624949
320.0	10.0	4.99665216762	7.76670586207
320.0	11.0	5.03432542224	6.78676872445
320.0	14.0	0.242455806289	4.79658465464
330.0	10.0	4.54709869346	7.77219503747
330.0	11.0	4.57130218107	6.81660119942
330.0	14.0	0.6012988182	4.7476593957
330.0	17.0	-0.141222088559	5.55552281773
340.0	10.0	4.09733475419	7.77768421286
340.0	11.0	4.10827893989	6.84643367438
340.0	14.0	0.959931365002	4.69897279656
340.0	17.0	0.259293015059	5.57294498311
340.0	18.0	0.0774511603422	4.77438929327
350.0	10.0	3.64462430339	7.81730173961
350.0	11.0	3.65472662865	6.9139743977
350.0	14.0	1.31877437691	4.65004753762
350.0	17.0	0.659597653566	5.59036714849
350.0	18.0	0.431453474732	4.78512898425
360.0	10.0	3.18854641083	7.89104761773
360.0	11.0	3.20222664295	6.98557233761
360.0	14.0	1.67740692372	4.60541815507
360.0	17.0	1.06011275718	5.60802797367
360.0	18.0	0.785455789122	4.79586867524
370.0	10.0	2.73246851827	7.96503215564
370.0	11.0	2.74972665726	7.05717027753
370.0	14.0	2.03624993563	4.59754238168
370.0	17.0	1.46041739569	5.62545013905
370.0	18.0	1.13945810351	4.80684702603
380.0	10.0	2.27660109082	8.03877803375
380.0	11.0	2.29722667156	7.12876821744
380.0	14.0	2.39509294754	4.58966660829
380.0	17.0	1.85672319712	5.62712075764
380.0	18.0	1.49324995279	4.81758671702
390.0	10.0	1.85314529025	8.14235638682
390.0	11.0	1.84241156966	7.25191667409
390.0	14.0	2.75393595945	4.5817908349
390.0	17.0	2.25050341723	5.61829034505
390.0	18.0	1.90071040503	4.82092795421
400.0	10.0	1.50587785937	8.31538474162
400.0	11.0	1.38738600265	7.38103162574
400.0	14.0	3.11277897136	4.57415372131
400.0	17.0	2.64407317223	5.60945993246
400.0	18.0	2.33111155421	4.82092795421
410.0	10.0	1.15861042849	8.48841309641
410.0	11.0	0.932360435641	7.51014657738
410.0	14.0	3.47162198327	4.56627794792
410.0	17.0	3.03764292723	5.60062951988
410.0	18.0	2.76130223829	4.82092795421
420.0	10.0	0.811342997606	8.6614414512
420.0	11.0	0.507852309526	7.6650367874
420.0	14.0	3.83046499518	4.55840217453
420.0	17.0	3.43142314733	5.59179910729
420.0	18.0	3.19149292236	4.82092795421
430.0	10.0	0.52847789027	8.85260795077
430.0	11.0	0.205834877214	7.92445998969
430.0	14.0	4.1282731253	4.55840217453
430.0	17.0	3.82793941387	5.58559395249
430.0	18.0	3.61558011826	4.82498517081
440.0	10.0	0.395674406096	9.08625589469
440.0	11.0	-0.0961825550989	8.18388319197
440.0	14.0	4.42587079032	4.55840217453
440.0	17.0	4.23687312187	5.59012848869
440.0	18.0	4.01399057078	4.84527125378
450.0	10.0	0.263081387032	9.31966517881
450.0	14.0	4.72367892044	4.55840217453
450.0	17.0	4.64559636476	5.59466302488
450.0	18.0	4.41261148841	4.86555733676
460.0	10.0	0.130488367968	9.55307446293
460.0	14.0	5.02148705056	4.55840217453
460.0	17.0	5.05431960766	5.59943622088
460.0	18.0	4.81123240604	4.88584341973
470.0	10.0	-0.00231511620588	9.78672240685
470.0	14.0	5.38790680641	4.54050268955
470.0	17.0	5.46325331566	5.60397075707
470.0	18.0	5.20964285856	4.90612950271
480.0	14.0	5.76211377133	4.52069392617
480.0	17.0	5.87197655855	5.60850529327
480.0	18.0	5.63478238	4.95362280285
490.0	14.0	6.13632073624	4.500646503
490.0	17.0	6.29732654511	5.68797900657
490.0	18.0	6.08644050526	5.02832332016
500.0	14.0	6.53010095635	4.50589701859
500.0	17.0	6.72267653166	5.76769137967
500.0	18.0	6.53809863052	5.10278517767
510.0	14.0	6.96976257036	4.56985784491
510.0	17.0	7.14802651821	5.84716509298
510.0	18.0	6.98954629066	5.17748569498
520.0	14.0	7.40942418437	4.63381867124
520.0	17.0	7.57316603966	5.92663880628
520.0	18.0	7.44120441592	5.25194755249
530.0	14.0	7.84929626348	4.69777949756
530.0	17.0	7.99599044489	5.9970434472
530.0	18.0	7.87497300686	5.29419033704
540.0	14.0	8.28895787749	4.76174032388
540.0	17.0	8.40850205976	6.03045581916
540.0	18.0	8.30074392363	5.32259085321
550.0	14.0	8.7286194915	4.82570115021
550.0	17.0	8.82101367463	6.06386819112
550.0	18.0	8.72672530551	5.35099136938
560.0	14.0	9.17122761704	4.83763414019
560.0	17.0	9.23352528949	6.09728056308
560.0	18.0	9.15270668739	5.37939188554
570.0	14.0	9.61509853324	4.827133109
570.0	17.0	9.64603690436	6.13069293504
570.0	18.0	9.59636713849	5.4113722987
580.0	14.0	10.0587589843	4.81687073762
580.0	17.0	10.0659147981	6.17126510099
580.0	18.0	10.0574961937	5.44693260886
590.0	14.0	10.5026299005	4.80636970643
590.0	17.0	10.5152578071	6.23999912331
590.0	18.0	10.518835714	5.48249291902
600.0	14.0	10.9416601192	4.80517640743
600.0	17.0	10.9643903511	6.30897180543
600.0	18.0	10.9799647692	5.51805322917
600.0	20.0	15.0895064997	4.80756300543
610.0	14.0	11.3373345253	4.88632073933
610.0	17.0	11.4137333601	6.37770582774
610.0	18.0	11.4413042895	5.55361353933
610.0	20.0	14.6601576761	4.67391351759
620.0	14.0	11.7330089314	4.96746507124
620.0	17.0	11.862865904	6.44667850986
620.0	18.0	11.8912786938	5.5805820967
620.0	20.0	14.2308088524	4.54026402975
620.0	22.0	14.9034553428	3.83955885779
630.0	14.0	12.1286833375	5.04860940314
630.0	17.0	12.3122089131	6.51541253218
630.0	18.0	12.3385170518	5.60540271587
630.0	20.0	13.774941425	4.3292887668
630.0	22.0	14.3610867553	3.73860576251
640.0	14.0	12.5243577436	5.12975373504
640.0	17.0	12.7529228526	6.53784655335
640.0	18.0	12.7857554098	5.63046199484
640.0	20.0	13.3013949283	4.06676298712
640.0	22.0	13.8187181678	3.63765266723
650.0	14.0	12.9154019173	5.20946610815
650.0	17.0	13.1936367922	6.56004191472
650.0	18.0	13.2329937677	5.65528261401
650.0	20.0	12.8019612232	4.01378051158
650.0	22.0	13.3032891143	3.52500524177
660.0	14.0	13.2647739993	5.27533621287
660.0	17.0	13.6341402667	6.5824759359
660.0	18.0	13.6802321257	5.68010323318
660.0	20.0	12.2854798442	4.10065267868
660.0	22.0	12.7908065724	3.4106871977
670.0	14.0	13.6139356161	5.34144497739
670.0	17.0	14.0748542062	6.60490995707
670.0	18.0	14.0695925785	5.72783519312
670.0	20.0	11.7637368374	4.21258412474
670.0	22.0	12.2490693802	3.40806193991
680.0	14.0	13.9633076981	5.40731508211
680.0	17.0	14.5155681458	6.62734397824
680.0	18.0	14.4589530313	5.77556715307
680.0	20.0	11.2346275518	4.36270113876
680.0	22.0	11.6877589328	3.47965987982
680.0	23.0	15.2692437033	3.75387998969
680.0	24.0	15.2751367264	4.22690371272
690.0	14.0	14.312469315	5.47342384663
690.0	17.0	14.9562820853	6.64953933962
690.0	18.0	14.8483134841	5.82329911301
690.0	20.0	10.7055182662	4.51281815278
690.0	22.0	11.1266589506	3.55125781974
690.0	23.0	14.7430809293	3.81044236222
690.0	24.0	14.729190232	4.29778567324
700.0	14.0	14.6212216308	5.56077333332
700.0	18.0	15.2376739369	5.87103107295
700.0	20.0	10.1761985155	4.662696507
700.0	22.0	10.5920775721	3.64075524463
700.0	23.0	14.2169181552	3.86700473476
700.0	24.0	14.1830332726	4.36866763375
710.0	14.0	14.869359995	5.68010323318
710.0	20.0	9.64119620684	4.79491403604
710.0	22.0	10.0755961931	3.74194699971
710.0	23.0	13.6907553811	3.92332844749
710.0	24.0	13.6370867782	4.43978825407
720.0	14.0	15.1174983593	5.79943313304
720.0	20.0	9.10556250284	4.92498362689
720.0	22.0	9.55890434897	3.84313875479
720.0	23.0	13.1645926071	3.97989082002
720.0	24.0	13.0909298187	4.51067021458
730.0	20.0	8.56971833373	5.05529187753
730.0	22.0	9.03274157491	3.93478411788
730.0	23.0	12.6289589031	4.02857741916
730.0	24.0	12.5887600671	4.57033516451
740.0	20.0	8.04608114098	5.09300012589
740.0	22.0	8.48447996433	4.00375679999
740.0	23.0	12.0922728735	4.07630937911
740.0	24.0	12.0863798505	4.63000011444
740.0	28.0	14.9851158053	3.70543205035
750.0	20.0	7.5304416224	5.06913414591
750.0	22.0	7.93621835376	4.07296814191
750.0	23.0	11.555586844	4.12404133905
750.0	24.0	11.5842100989	4.68966506437
750.0	28.0	14.3537204765	3.73621916451
750.0	29.0	0.203730226118	5.05863311473
750.0	30.0	0.0420930219251	5.53690735335
760.0	20.0	7.01480210382	5.04526816594
760.0	22.0	7.38795674318	4.14194082403
760.0	23.0	11.0189008144	4.17177329899
760.0	24.0	11.0820403473	4.7493300143
760.0	28.0	13.7223251476	3.76700627868
760.0	29.0	0.812605788264	5.13548157023
760.0	30.0	0.618977887409	5.63404189184
770.0	20.0	6.49916258524	5.02140218597
770.0	22.0	6.85063931831	4.17654649499
770.0	23.0	10.4822147849	4.20327639255
770.0	24.0	10.5786078051	4.79992589184
770.0	28.0	13.0934554	3.82356865121
770.0	29.0	1.42148135041	5.21209136594
770.0	30.0	1.19565228778	5.73141509012
780.0	20.0	5.97552539249	4.996342907
780.0	22.0	6.32447654425	4.17654649499
780.0	23.0	9.94552875535	4.23310886752
780.0	24.0	10.0743334024	4.84431661458
780.0	28.0	12.4875263494	4.11282432846
780.0	29.0	2.02656854058	5.31185116222
780.0	30.0	1.77632552524	5.828072309
790.0	20.0	5.44641610689	4.97056764863
790.0	22.0	5.79831377018	4.17654649499
790.0	23.0	9.40884272581	4.26294134248
790.0	24.0	9.57026946489	4.88870733733
790.0	28.0	11.8818077639	4.40208000571
790.0	29.0	2.62786735878	5.43452229927
790.0	30.0	2.36562783219	5.92353622889
800.0	20.0	4.9175172864	4.94479239026
800.0	22.0	5.27215099612	4.17654649499
800.0	23.0	8.87215669626	4.29277381745
800.0	24.0	9.06620552734	4.93309806008
800.0	28.0	11.2758787133	4.69157434277
800.0	29.0	3.22916617698	5.55743209613
800.0	30.0	2.95493013914	6.01900014877
810.0	20.0	4.3884080008	4.91901713189
810.0	22.0	4.74598822206	4.17654649499
810.0	23.0	8.36956601448	4.30995732303
810.0	24.0	8.56487763621	4.96078259684
810.0	28.0	10.7364566373	5.03882435135
810.0	29.0	3.83046499518	5.68010323318
810.0	30.0	3.54423244609	6.11446406866
820.0	20.0	3.85445801768	4.93954187467
820.0	22.0	4.25307893531	4.16007896881
820.0	23.0	7.87097416978	4.32547021001
820.0	24.0	8.07070555881	4.94980424606
820.0	28.0	10.213661305	5.40063260772
820.0	29.0	4.42797544141	5.71852746093
820.0	30.0	4.11901266048	6.16768520399
830.0	20.0	3.31966617412	4.96531713304
830.0	22.0	3.77427081091	4.13669030843
830.0	23.0	7.37217185996	4.34098309699
830.0	24.0	7.5763230163	4.93858723547
830.0	28.0	9.69086597271	5.76244086408
830.0	29.0	5.02527542253	5.75719034849
830.0	30.0	4.69042543311	6.21016664834
840.0	20.0	2.78487433056	4.99133105121
840.0	22.0	3.29567315163	4.11330164806
840.0	23.0	6.87358001526	4.35649598397
840.0	24.0	7.08194047379	4.92760888468
840.0	28.0	9.16133575689	6.01351097338
840.0	29.0	5.62278586876	5.79561457624
840.0	30.0	5.26162774064	6.25288675249
850.0	20.0	2.25850109139	5.01376507238
850.0	22.0	2.81686502723	4.08991298769
850.0	23.0	6.37961840297	4.37200887095
850.0	24.0	6.58755793128	4.9163918741
850.0	28.0	8.62906949465	6.21708778254
850.0	29.0	6.18935794387	5.75122385349
850.0	30.0	5.87555446542	6.21303056594
860.0	20.0	1.7645394791	5.02355012417
860.0	22.0	2.33826736794	4.06652432732
860.0	23.0	5.89744283682	4.38680577853
860.0	24.0	6.11022306265	4.92211970929
860.0	28.0	8.0968032324	6.42066459169
860.0	29.0	6.75214164701	5.69752539856
860.0	30.0	6.48927072508	6.17341303919
870.0	20.0	1.27057786681	5.03333517596
870.0	22.0	1.82325924469	4.05029546094
870.0	23.0	5.41505680556	4.40184134591
870.0	24.0	5.63267772891	4.92808620428
870.0	28.0	7.54517418008	6.58891975049
870.0	29.0	7.31513581525	5.64382694362
870.0	30.0	7.07920442736	6.14429654362
880.0	20.0	0.776616254518	5.04312022774
880.0	22.0	1.28425809893	4.03860113075
880.0	23.0	4.93267077429	4.4166382535
880.0	24.0	5.15534286028	4.93381403948
880.0	28.0	6.94892652451	6.67507593819
880.0	29.0	7.8781299835	5.59012848869
880.0	30.0	7.65335324642	6.12281716165
890.0	20.0	0.282654642227	5.05266661973
890.0	22.0	0.745256953184	4.02690680057
890.0	23.0	4.45049520814	4.43167382088
890.0	24.0	4.67800799165	4.93978053447
890.0	28.0	6.35246840383	6.76147078568
890.0	29.0	8.46785322067	5.55074962174
890.0	30.0	8.22729160037	6.10109911987
900.0	20.0	-0.211306970064	5.06245167152
900.0	22.0	0.206255807433	4.01521247038
900.0	23.0	3.97421266506	4.43907227467
900.0	24.0	4.20046265791	4.93190476108
900.0	28.0	5.75622074826	6.84762697338
900.0	29.0	9.06052296938	5.51304137338
900.0	30.0	8.80796483783	6.06911870671
910.0	22.0	-0.332534873208	4.00375679999
910.0	23.0	3.50403361016	4.43907227467
910.0	24.0	3.72270685906	4.92283568869
910.0	28.0	5.20669634703	6.96504759484
910.0	29.0	9.65319271808	5.47533312503
910.0	30.0	9.4042124934	6.01351097338
920.0	23.0	3.03385455525	4.43907227467
920.0	24.0	3.24516152532	4.9135279565
920.0	28.0	4.67716613121	7.09583316508
920.0	29.0	10.2235531652	5.44860322746
920.0	30.0	10.0006706141	5.95766458025
930.0	23.0	2.56367550035	4.43907227467
930.0	24.0	2.76761619158	4.90445888411
930.0	28.0	4.14742545028	7.22685739512
930.0	29.0	10.5933403628	5.52091714677
930.0	30.0	10.5626124568	5.92067231129
940.0	23.0	2.09349644545	4.43907227467
940.0	24.0	2.29007085784	4.89538981172
940.0	28.0	3.58485221225	7.25525791129
940.0	29.0	10.9633380255	5.59323106608
940.0	30.0	11.0443670927	5.92687746608
950.0	23.0	1.61174180951	4.4123423771
950.0	24.0	1.8169452914	4.89610579112
950.0	28.0	3.00039060282	7.21540172474
950.0	29.0	11.3331252231	5.6655449854
950.0	30.0	11.5263321938	5.93332128068
960.0	23.0	1.12725112715	4.37916866494
960.0	24.0	1.34550344584	4.90135630672
960.0	28.0	2.41571852828	7.17578419798
960.0	29.0	11.6195682373	5.78797746265
960.0	30.0	12.0080868297	5.93952643547
970.0	23.0	0.642549979687	4.34575629298
970.0	24.0	0.874272065384	4.90660682231
970.0	28.0	1.83104645374	7.13592801143
970.0	29.0	11.8849647406	5.92282024949
970.0	30.0	12.3675612369	5.95265272445
980.0	23.0	0.158059297329	4.31258258082
980.0	24.0	0.403040684933	4.9116186781
980.0	28.0	1.28004879674	7.01659811158
980.0	29.0	12.0985868268	6.01780684977
980.0	30.0	12.6043344853	5.97246148783
990.0	23.0	-0.326431385029	4.27917020886
990.0	24.0	-0.0681906955187	4.9168691937
990.0	28.0	0.729261604852	6.89726821172
990.0	29.0	12.2604344961	6.07293726351
990.0	30.0	12.8175356413	5.99036097281
1000.0	28.0	0.178263947853	6.77793831186
1000.0	29.0	12.4222821654	6.12806767724
1000.0	30.0	12.818798432	5.99059963261
1010.0	29.0	12.4397507695	6.13403417224
1010.0	30.0	12.8202716877	5.99083829241
1020.0	29.0	12.4412240253	6.13451149183
1020.0	30.0	12.8215344784	5.99107695221
1030.0	29.0	12.4429077462	6.13522747123
1030.0	30.0	12.8230077342	5.99131561201
1040.0	29.0	12.4443810019	6.13570479083
1040.0	30.0	12.8244809899	5.99179293161
1050.0	29.0	12.4458542577	6.13642077023
1050.0	30.0	12.8257437806	5.99203159141
1060.0	29.0	12.4473275135	6.13689808983
1060.0	30.0	12.8272170363	5.99227025121
1070.0	29.0	12.4488007692	6.13737540943
1070.0	30.0	12.828479827	5.99250891101
1080.0	29.0	12.450274025	6.13809138883
1080.0	30.0	12.8299530828	5.9927475708
1090.0	29.0	12.4517472808	6.13856870843
1090.0	30.0	12.8312158734	5.9929862306
1100.0	29.0	12.4532205365	6.13904602803
1100.0	30.0	12.8326891292	5.9932248904
1110.0	29.0	12.4546937923	6.13976200743
1110.0	30.0	12.834162385	5.9934635502
1120.0	29.0	12.4561670481	6.14023932703
1120.0	30.0	12.8354251756	5.99370221
1130.0	29.0	12.4576403038	6.14071664663
1130.0	30.0	12.8368984314	5.9939408698
1140.0	29.0	12.4591135596	6.14143262603
1140.0	30.0	12.838161222	5.9944181894
1150.0	29.0	12.4605868154	6.14190994563
1150.0	30.0	12.8396344778	5.9946568492
1160.0	29.0	12.4622705363	6.14238726523
1160.0	30.0	12.8408972685	5.994895509
1170.0	29.0	12.463743792	6.14310324462
1170.0	30.0	12.8423705242	5.9951341688
1180.0	29.0	12.4652170478	6.14358056422
1180.0	30.0	12.84384378	5.9953728286
1190.0	29.0	12.4666903036	6.14429654362
1190.0	30.0	12.8451065707	5.9956114884
1200.0	29.0	12.4681635593	6.14477386322
1200.0	30.0	12.8465798264	5.9958501482
1210.0	29.0	12.4696368151	6.14525118282
1210.0	30.0	12.8478426171	5.996088808
1220.0	29.0	12.4711100709	6.14596716222
1220.0	30.0	12.8493158729	5.9963274678
1230.0	29.0	12.4725833266	6.14644448182
1230.0	30.0	12.8505786635	5.9965661276
1240.0	29.0	12.4740565824	6.14692180142
1240.0	30.0	12.8520519193	5.9968047874
1250.0	29.0	12.4755298382	6.14763778082
1250.0	30.0	12.8535251751	5.997282107
1260.0	29.0	12.4770030939	6.14811510042
1260.0	30.0	12.8547879657	5.9975207668
1270.0	29.0	12.4784763497	6.14859242002
1270.0	30.0	12.8562612215	5.9977594266
1280.0	29.0	12.4799496055	6.14930839942
1280.0	30.0	12.8575240121	5.9979980864
1280.0	32.0	-0.0841860438502	4.44599340886
1290.0	29.0	12.4814228612	6.14978571902
1290.0	30.0	12.8589972679	5.9982367462
1290.0	32.0	0.547209285026	4.53119495736
1300.0	29.0	12.4831065821	6.15050169842
1300.0	30.0	12.8602600586	5.998475406
1300.0	32.0	1.1786046139	4.61639650586
1310.0	29.0	12.4845798379	6.15097901801
1310.0	30.0	12.8617333143	5.9987140658
1310.0	32.0	1.80999994278	4.70159805435
1320.0	29.0	12.4860530936	6.15145633761
1320.0	30.0	12.8632065701	5.9989527256
1320.0	32.0	2.46938713124	4.7493300143
1330.0	29.0	12.4875263494	6.15217231701
1330.0	30.0	12.8644693608	5.9991913854
1330.0	32.0	3.1289847848	4.79706197424
1340.0	29.0	12.4889996052	6.15264963661
1340.0	30.0	12.8659426165	5.9994300452
1340.0	32.0	3.78837197326	4.84479393418
1350.0	29.0	12.4904728609	6.15312695621
1350.0	30.0	12.8672054072	5.9999073648
1350.0	32.0	4.43386846448	4.85266970757
1360.0	29.0	12.4919461167	6.15384293561
1360.0	30.0	12.8686786629	6.0001460246
1360.0	32.0	5.07915449059	4.86078414076
1370.0	29.0	12.4934193725	6.15432025521
1370.0	30.0	12.8699414536	6.0003846844
1370.0	32.0	5.72465098181	4.86865991415
1380.0	29.0	12.4948926282	6.15479757481
1380.0	30.0	12.8714147094	6.0006233442
1380.0	32.0	6.39203584444	4.88918465693
1390.0	29.0	12.496365884	6.15551355421
1390.0	30.0	12.8728879651	6.00086200399
1390.0	32.0	7.05963117217	4.90947073991
1400.0	29.0	12.4978391398	6.15599087381
1400.0	30.0	12.8741507558	6.00110066379
1400.0	32.0	7.72701603479	4.92999548268
1410.0	29.0	12.4993123956	6.15646819341
1410.0	30.0	12.8756240116	6.00133932359
1410.0	32.0	8.39692647873	4.95362280285
1420.0	29.0	12.5007856513	6.15718417281
1420.0	30.0	12.8768868022	6.00157798339
1420.0	32.0	9.06936250398	4.98011404062
1430.0	29.0	12.5024693722	6.15766149241
1430.0	30.0	12.878360058	6.00181664319
1430.0	32.0	9.74158806413	5.00660527839
1440.0	29.0	12.503942628	6.15837747181
1440.0	30.0	12.8796228486	6.00205530299
1440.0	32.0	10.4140240894	5.03309651616
1450.0	29.0	12.5054158837	6.15885479141
1450.0	30.0	12.8810961044	6.00229396279
1450.0	32.0	11.0746740685	5.09300012589
1460.0	29.0	12.5068891395	6.159332111
1460.0	30.0	12.8825693602	6.00277128239
1460.0	32.0	11.734061257	5.15672229241
1470.0	29.0	12.5083623953	6.1600480904
1470.0	30.0	12.8838321508	6.00300994219
1470.0	32.0	12.3936589105	5.22020579913
1480.0	29.0	12.509835651	6.16052541
1480.0	30.0	12.8853054066	6.00324860199
1480.0	32.0	13.0025344727	5.31734033762
1490.0	29.0	12.5113089068	6.1610027296
1490.0	30.0	12.8865681973	6.00348726179
1490.0	32.0	13.605937942	5.41805477309
1500.0	29.0	12.5127821626	6.161718709
1500.0	30.0	12.888041453	6.00372592159
1500.0	32.0	14.2091309461	5.51876920857
1510.0	29.0	12.5142554183	6.1621960286
1510.0	30.0	12.8893042437	6.00396458139
1510.0	32.0	14.8125344154	5.61972230385
1520.0	29.0	12.5157286741	6.1626733482
1520.0	30.0	12.8907774995	6.00420324119
1520.0	32.0	15.4159378847	5.72043673933
1530.0	29.0	12.5172019299	6.1633893276
1530.0	30.0	12.8922507552	6.00444190099
1540.0	29.0	12.5186751856	6.1638666472
1540.0	30.0	12.8935135459	6.00468056079
1550.0	29.0	12.5201484414	6.1643439668
1550.0	30.0	12.8949868016	6.00491922059
1560.0	29.0	12.5218321623	6.1650599462
1560.0	30.0	12.8962495923	6.00539654019
1570.0	29.0	12.523305418	6.1655372658
1570.0	30.0	12.8977228481	6.00563519999
1580.0	29.0	12.5247786738	6.1662532452
1580.0	30.0	12.8989856387	6.00587385979
1590.0	29.0	12.5262519296	6.1667305648
1590.0	30.0	12.9004588945	6.00611251959
1590.0	34.0	14.7887518581	4.80111919084
1600.0	29.0	12.5277251853	6.1672078844
1600.0	30.0	12.9019321503	6.00635117939
1600.0	34.0	14.2274414107	4.80899496423
1610.0	29.0	12.5291984411	6.16792386379
1610.0	30.0	12.9031949409	6.00658983919
1610.0	34.0	13.6661309633	4.81687073762
1620.0	29.0	12.5306716969	6.16840118339
1620.0	30.0	12.9046681967	6.00682849899
1620.0	34.0	13.1142914459	4.82092795421
1630.0	29.0	12.5321449527	6.16887850299
1630.0	30.0	12.9059309873	6.00706715879
1630.0	34.0	12.5715019282	4.82092795421
1640.0	29.0	12.5336182084	6.16959448239
1640.0	30.0	12.9074042431	6.00730581859
1640.0	34.0	12.0287124104	4.82092795421
1640.0	37.0	0.139538367682	5.51566663118
1650.0	29.0	12.5350914642	6.17007180199
1650.0	30.0	12.9086670338	6.00754447839
1650.0	34.0	11.4859228927	4.82092795421
1650.0	37.0	0.41608952173	5.76816869927
1660.0	29.0	12.53656472	6.17054912159
1660.0	30.0	12.9101402895	6.00778313819
1660.0	34.0	10.9685996532	4.79992589184
1660.0	37.0	0.692640675778	6.02043210757
1670.0	29.0	12.5380379757	6.17126510099
1670.0	30.0	12.9116135453	6.00826045779
1670.0	34.0	10.4620101344	4.77009341687
1670.0	37.0	0.969402294935	6.27269551587
1680.0	29.0	12.5395112315	6.17174242059
1680.0	30.0	12.912876336	6.00849911759
1680.0	34.0	9.95563108062	4.74026094191
1680.0	37.0	1.13524880132	6.48939861401
1680.0	39.0	0.136381391037	4.95600940085
1690.0	29.0	12.5411949524	6.17221974019
1690.0	30.0	12.9143495917	6.00873777739
1690.0	34.0	9.45914388701	4.73548774591
1690.0	37.0	1.25353019293	6.69058882517
1690.0	39.0	0.608244166818	4.9147212555
1700.0	29.0	12.5426682081	6.17293571959
1700.0	30.0	12.9156123824	6.00897643719
1700.0	34.0	8.97233808845	4.75529650929
1700.0	37.0	1.37202204965	6.89201769612
1700.0	39.0	1.07989647749	4.87367176995
1710.0	29.0	12.5441414639	6.17341303919
1710.0	30.0	12.9170856382	6.00921509698
1710.0	34.0	8.48574275499	4.77510527267
1710.0	37.0	1.51177088244	7.02065532817
1710.0	39.0	1.55260111371	4.83667950099
1720.0	29.0	12.5456147197	6.17412901859
1720.0	30.0	12.9183484288	6.00945375678
1720.0	34.0	7.99893695643	4.79515269584
1720.0	37.0	1.67319762152	7.0762630615
1720.0	39.0	2.02762086613	4.80923362403
1730.0	29.0	12.5470879754	6.17460633819
1730.0	30.0	12.9198216846	6.00969241658
1730.0	34.0	7.51234162297	4.81496145922
1730.0	37.0	1.83462436061	7.13187079484
1730.0	39.0	2.50264061856	4.78202640686
1740.0	29.0	12.5485612312	6.17508365779
1740.0	30.0	12.9212949403	6.00993107638
1740.0	34.0	7.06341954414	4.82092795421
1740.0	37.0	1.96911156566	7.23330120972
1740.0	39.0	2.97787083609	4.75481918969
1750.0	29.0	12.550034487	6.17579963718
1750.0	30.0	12.922557731	6.01016973618
1750.0	34.0	6.63091374386	4.82092795421
1750.0	37.0	2.07708016689	7.38007698654
1750.0	39.0	3.44110454238	4.8268944492
1760.0	29.0	12.5515077427	6.17627695678
1760.0	30.0	12.9240309868	6.01040839598
1760.0	34.0	6.19819747847	4.82092795421
1760.0	37.0	2.18504876813	7.52685276336
1760.0	39.0	3.90139173713	4.92379032789
1770.0	29.0	12.5529809985	6.17675427638
1770.0	30.0	12.9252937774	6.01088571558
1770.0	34.0	5.76548121308	4.82092795421
1770.0	37.0	2.29301736937	7.67386719999
1770.0	39.0	4.36188939699	5.02068620657
1780.0	29.0	12.5544542543	6.17747025578
1780.0	30.0	12.9267670332	6.01112437538
1780.0	34.0	5.3329754128	4.82092795421
1780.0	37.0	2.37993945965	7.80417545063
1780.0	39.0	4.81607310356	5.10397847667
1790.0	29.0	12.55592751	6.17794757538
1790.0	30.0	12.9280298239	6.01136303518
1790.0	34.0	4.89457658945	4.81782537682
1790.0	37.0	2.45276038758	7.92350535049
1790.0	39.0	5.26604750794	5.17820167438
1800.0	29.0	12.5574007658	6.17842489498
1800.0	30.0	12.9295030796	6.01160169498
1800.0	34.0	4.44291846419	4.80804032503
1800.0	37.0	2.52558131551	8.04283525034
1800.0	39.0	5.71602191232	5.25218621229
1810.0	29.0	12.5588740216	6.17914087438
1810.0	30.0	12.9309763354	6.01184035478
1810.0	34.0	3.99147080405	4.79801661344
1810.0	37.0	2.59840224344	8.1621651502
1810.0	39.0	6.15484166589	5.2431171399
1820.0	29.0	12.5603472773	6.17961819398
1820.0	30.0	12.9322391261	6.01207901458
1820.0	34.0	3.53981267879	4.78799290185
1820.0	37.0	2.67122317137	8.28149505006
1820.0	39.0	6.58882072194	5.19824909756
1830.0	29.0	12.5620309982	6.18033417338
1830.0	30.0	12.9337123818	6.01231767438
1830.0	34.0	3.08815455354	4.77820785006
1830.0	37.0	2.73057433228	8.35476360857
1830.0	39.0	7.02301024309	5.15361971501
1840.0	29.0	12.563504254	6.18081149298
1840.0	30.0	12.9349751725	6.01255633418
1840.0	34.0	2.63523363762	4.76364960228
1840.0	37.0	2.76951037756	8.35929814476
1840.0	39.0	7.47824627521	5.12068466265
1850.0	29.0	12.5498240219	6.16052541
1850.0	30.0	12.9364484282	6.01279499398
1850.0	34.0	2.18083946594	4.7447954781
1850.0	37.0	2.80844642284	8.36359402116
1850.0	39.0	7.95494974852	5.09968260028
1860.0	29.0	12.400393794	5.95265272445
1860.0	30.0	12.9377112189	6.01303365378
1860.0	34.0	1.72644529426	4.72594135393
1860.0	37.0	2.84759293323	8.36812855735
1860.0	39.0	8.43165322182	5.0784418781
1870.0	29.0	12.2511740313	5.7447800389
1870.0	30.0	12.9391844747	6.01327231358
1870.0	34.0	1.27205112258	4.70684856995
1870.0	37.0	2.88652897851	8.37242443375
1870.0	39.0	8.90435785804	5.05362125893
1870.0	40.0	0.0991290666336	7.23019863232
1880.0	29.0	12.1017438035	5.53690735335
1880.0	30.0	12.9406577304	6.01374963318
1880.0	34.0	0.817867416005	4.68799444577
1880.0	37.0	2.92546502379	8.37695896994
1880.0	39.0	9.3429671465	4.993956309
1880.0	40.0	0.459234869203	7.21754966293
1890.0	29.0	12.0813286878	4.88250218254
1890.0	30.0	12.9419205211	6.01398829298
1890.0	34.0	0.363473244323	4.66890166179
1890.0	37.0	3.01217664896	8.34879711358
1890.0	39.0	9.78136596985	4.93429135908
1890.0	40.0	0.819130206663	7.20490069355
1890.0	41.0	0.0170476738797	7.6597862718
1890.0	42.0	-0.1683720877	5.45337642345
1900.0	29.0	12.0609135722	4.22809701172
1900.0	30.0	12.9433937769	6.01422695278
1900.0	34.0	-0.0909209273582	4.65004753762
1900.0	37.0	3.09888827413	8.32087391701
1900.0	39.0	10.2197647932	4.87462640915
1900.0	40.0	1.17923600923	7.19249038396
1900.0	41.0	0.352739523732	7.6662300864
1900.0	42.0	0.41040696377	5.42354394849
1910.0	29.0	12.0407089217	3.57369184091
1910.0	30.0	12.8326891292	6.10730427467
1910.0	37.0	3.18538943418	8.29271206064
1910.0	39.0	10.6495345471	4.82092795421
1910.0	40.0	1.55133832305	7.18723986837
1910.0	41.0	0.688220908475	7.67267390099
1910.0	42.0	0.98918601524	5.39371147352
1920.0	29.0	12.058598456	2.68301346838
1920.0	30.0	12.6942030871	6.22377025693
1920.0	37.0	3.27210105935	8.26455020428
1920.0	39.0	11.0704647663	4.77319599427
1920.0	40.0	1.95164296156	7.19869553876
1920.0	41.0	1.02391275833	7.67911771558
1920.0	42.0	1.57448948511	5.34216095679
1920.0	49.0	2.29091271827	0.123864436051
1930.0	29.0	12.0806972925	1.76608251788
1930.0	30.0	12.5555065798	6.34023623919
1930.0	37.0	3.35881268451	8.23662700771
1930.0	39.0	11.4913949856	4.72546403433
1930.0	40.0	2.35215806517	7.21038986894
1930.0	41.0	1.35960460818	7.68269761258
1930.0	42.0	2.18546969835	5.20349961315
1930.0	49.0	2.25850109139	0.647245376823
1940.0	29.0	12.102796129	0.84915156738
1940.0	30.0	12.4170205377	6.45670222145
1940.0	37.0	3.57327663122	8.19175896536
1940.0	39.0	11.9123252048	4.67773207438
1940.0	40.0	2.75246270368	7.22208419913
1940.0	41.0	1.69634878358	7.6624115296
1940.0	42.0	2.79644991159	5.06507692932
1940.0	49.0	2.22608946451	1.17038765779
1950.0	29.0	12.1251054306	-0.0677793831186
1950.0	30.0	12.1996100794	6.53020943976
1950.0	37.0	3.80205220539	8.14498164462
1950.0	39.0	12.2806391466	4.76388826208
1950.0	40.0	3.14624292379	7.19965017796
1950.0	41.0	2.03309295898	7.64188678682
1950.0	42.0	3.40427314819	4.93118878168
1950.0	47.0	0.0616662771203	5.66769292359
1950.0	49.0	2.16084528053	1.69042736137
1960.0	30.0	11.9487356688	6.58510119369
1960.0	37.0	4.03082777955	8.09844298368
1960.0	39.0	12.6489530885	4.85004444978
1960.0	40.0	3.51308360987	7.04046409155
1960.0	41.0	2.36983713438	7.62136204405
1960.0	42.0	3.98305219966	4.84169135679
1960.0	47.0	0.498170914484	5.79155735965
1960.0	49.0	2.06255807433	2.20760314735
1970.0	30.0	11.6989135836	6.63999294763
1970.0	37.0	4.25960335371	8.05166566293
1970.0	39.0	13.0172670303	4.93620063747
1970.0	40.0	3.88013476106	6.88127800514
1970.0	41.0	2.69900456584	7.61324761086
1970.0	42.0	4.56183125113	4.75219393189
1970.0	47.0	0.934675551847	5.9151831359
1970.0	49.0	1.96427086814	2.72477893333
1980.0	30.0	11.4600356842	6.69154346437
1980.0	37.0	4.48964171853	8.00226308439
1980.0	39.0	13.3750577167	5.05553053733
1980.0	40.0	4.24697544713	6.72233057853
1980.0	41.0	3.02333129977	7.61324761086
1980.0	42.0	5.1406103026	4.662696507
1980.0	47.0	1.36297204993	6.01231767438
1980.0	49.0	1.79042668758	3.18205110958
1980.0	52.0	15.1250751032	4.98703517481
1990.0	30.0	11.2211577848	6.7430939811
1990.0	37.0	4.72241612978	7.94641669126
1990.0	39.0	13.7170635198	5.22474033533
1990.0	40.0	4.61023822635	6.55240480113
1990.0	41.0	3.34744756859	7.61324761086
1990.0	42.0	5.72086260984	4.56914186551
1990.0	47.0	1.75864645603	6.00277128239
1990.0	49.0	1.54102553268	3.5798969957
1990.0	52.0	14.5669216325	4.9972975462
2000.0	30.0	10.9822798854	6.79464449784
2000.0	37.0	4.95540100613	7.89057029813
2000.0	39.0	14.059069323	5.39371147352
2000.0	40.0	4.96466147096	6.35765840457
2000.0	41.0	3.67177430253	7.61324761086
2000.0	42.0	6.30111491708	4.47534856423
2000.0	47.0	2.15432086213	5.9932248904
2000.0	49.0	1.29162437777	3.97774288182
2000.0	52.0	14.0087681618	5.00779857739
2010.0	30.0	10.7486636137	6.87220893275
2010.0	37.0	5.18817541738	7.83472390499
2010.0	39.0	14.425699544	5.27820013046
2010.0	40.0	5.31929518068	6.1631506678
2010.0	41.0	4.00409871063	7.50585070099
2010.0	42.0	6.88157768943	4.38131660314
2010.0	47.0	2.53357898967	5.9968047874
2010.0	49.0	1.11925345299	4.34647227238
2010.0	52.0	13.4520879468	5.07486198111
2020.0	30.0	10.5228345511	6.98867491501
2020.0	37.0	5.42094982862	7.77887751186
2020.0	39.0	14.7923297649	5.1626887874
2020.0	40.0	5.67371842528	5.96840427123
2020.0	41.0	4.33726497916	7.38652080113
2020.0	42.0	7.48897999581	4.26580526008
2020.0	47.0	2.90610223371	6.00587385979
2020.0	49.0	0.966245318291	4.70804186895
2020.0	52.0	12.8964600574	5.17987229298
2020.0	53.0	14.8142181363	6.96982079083
2030.0	30.0	10.2967950233	7.10514089727
2030.0	37.0	5.68339982033	7.75357957309
2030.0	39.0	15.1589599859	5.04717744434
2030.0	40.0	6.06139515722	5.80802488583
2030.0	41.0	4.67064171281	7.26719090127
2030.0	42.0	8.1142718365	4.13621298883
2030.0	47.0	3.27231152446	6.03045581916
2030.0	49.0	0.813237183593	5.06961146551
2030.0	52.0	12.3456728655	5.28058672846
2030.0	53.0	14.2617472236	7.01970068897
2040.0	30.0	10.0709659607	7.22160687953
2040.0	37.0	5.96542306723	7.7488063771
2040.0	40.0	6.48232537647	5.68201251158
2040.0	41.0	5.02127658545	7.14189450642
2040.0	42.0	8.73977414231	4.00685937739
2040.0	47.0	3.5837998867	6.19274448296
2040.0	49.0	0.671594164815	5.4154295153
2040.0	52.0	11.8390833467	5.34239961659
2040.0	53.0	13.7054879388	7.05860223632
2050.0	30.0	9.8306148055	7.36599605836
2050.0	37.0	6.24744631412	7.7440331811
2050.0	40.0	6.90325559572	5.55623879713
2050.0	41.0	5.41295215446	7.00275584319
2050.0	42.0	9.37222179673	3.88514287954
2050.0	47.0	3.89528824895	6.35503314677
2050.0	49.0	0.541737192176	5.7454960183
2050.0	52.0	11.3322833627	5.40421250471
2050.0	53.0	13.1161856319	7.00132388439
2060.0	30.0	9.55637876766	7.5755393625
2060.0	37.0	6.52946956102	7.73925998511
2060.0	40.0	7.32418581497	5.43022642288
2060.0	41.0	5.80483818858	6.86337852016
2060.0	42.0	10.0688613096	3.83574030099
2060.0	47.0	4.24950102845	6.53713057395
2060.0	49.0	0.411669754428	6.07532386151
2060.0	52.0	10.8475822152	5.45910425865
2060.0	53.0	12.5268833249	6.94404553246
2070.0	30.0	9.28214272981	7.78532132645
2070.0	37.0	6.81149280792	7.73448678911
2070.0	40.0	7.73880208093	5.33881971959
2070.0	41.0	6.19651375759	6.72423985693
2070.0	42.0	10.7657112876	3.78657638225
2070.0	47.0	4.63212659775	6.73235429012
2070.0	49.0	0.282654642227	6.39870789012
2070.0	52.0	10.3955031597	5.50325632159
2070.0	53.0	11.9365286924	6.94309089326
2080.0	30.0	9.00790669197	7.9951032904
2080.0	37.0	7.13266256521	7.71109812874
2080.0	40.0	8.15278695156	5.2512315731
2080.0	41.0	6.56714281565	6.60944449326
2080.0	42.0	11.463403126	3.7517320515
2080.0	47.0	5.03011612005	6.9144517173
2080.0	49.0	0.162268599521	6.6648135668
2080.0	52.0	9.94321363915	5.54740838454
2080.0	53.0	11.3457531297	6.97984450242
2090.0	30.0	8.71072995718	8.10751205607
2090.0	37.0	7.47992999609	7.67529915878
2090.0	40.0	8.56656135709	5.1638820864
2090.0	41.0	6.92893233909	6.50491150099
2090.0	42.0	12.1648833364	3.77559803147
2090.0	47.0	5.4510463393	7.0767403811
2090.0	49.0	0.0420930219251	6.93068058368
2090.0	52.0	9.5376473729	5.65814653161
2090.0	53.0	10.7547671019	7.01659811158
2100.0	30.0	8.41355322239	8.21968216193
2100.0	37.0	7.82719742697	7.63950018883
2100.0	40.0	9.00264506423	5.06555424892
2100.0	41.0	7.29072186254	6.40061716852
2100.0	42.0	12.8663635467	3.79946401144
2100.0	47.0	5.87197655855	7.23902904491
2100.0	49.0	-0.0780825556711	7.19654760056
2100.0	52.0	9.15165436185	5.79752385464
2100.0	53.0	10.2601740942	7.23139193132
2110.0	30.0	8.11658695271	8.3320909276
2110.0	37.0	8.17446485786	7.60370121887
2110.0	40.0	9.44104388758	4.96603311244
2110.0	41.0	7.56622069104	6.20515479255
2110.0	42.0	13.5554263157	3.827387208
2110.0	47.0	6.33605212528	7.28461306665
2110.0	52.0	8.77786832715	5.97150684863
2110.0	53.0	9.76558108662	7.44618575106
2120.0	30.0	7.82677649675	8.35595690757
2120.0	37.0	8.54782996233	7.53830843375
2120.0	40.0	9.87965317604	4.86675063576
2120.0	41.0	7.7556392897	5.91876303289
2120.0	42.0	14.1946088536	3.87153927095
2120.0	47.0	6.80475792441	7.31707079941
2120.0	52.0	8.43207415204	6.22735015392
2120.0	53.0	9.34465086737	7.65310379741
2130.0	30.0	7.54201720343	8.32087391701
2130.0	37.0	8.93866367091	7.45310688525
2130.0	40.0	10.2997415349	4.81185888182
2130.0	41.0	7.96147416691	5.70921972875
2130.0	42.0	14.8337913915	3.9156913339
2130.0	47.0	7.23263349228	7.29344347924
2130.0	52.0	8.0944881162	6.35312386837
2130.0	53.0	8.90456832315	7.80536874963
2140.0	30.0	7.25725791011	8.28579092645
2140.0	37.0	9.32970784459	7.36766667695
2140.0	40.0	10.6773159415	4.86102280056
2140.0	41.0	8.18351485757	5.5767635399
2140.0	42.0	15.4731843946	3.96008205665
2140.0	47.0	7.64304045605	7.2457115193
2140.0	52.0	7.67439975739	6.43307490128
2140.0	53.0	8.44533345394	7.90298060771
2150.0	30.0	6.96471140773	8.26311824548
2150.0	37.0	9.72054155316	7.28246512846
2150.0	40.0	11.0548903482	4.9101867193
2150.0	41.0	8.46764275556	5.60850529327
2150.0	47.0	8.09280439532	7.1588393522
2150.0	52.0	7.12908465835	6.46553263404
2150.0	53.0	7.98715091029	7.94140483547
2160.0	30.0	6.64101606912	8.29056412245
2160.0	37.0	10.13684154	7.17936409498
2160.0	40.0	11.43267522	4.95911197825
2160.0	41.0	8.77849972248	5.71089034734
2160.0	47.0	8.55961600847	7.05502233933
2160.0	52.0	6.5749300247	6.46481665464
2160.0	53.0	7.53107301773	7.84188369898
2170.0	30.0	6.31711026541	8.31824865921
2170.0	37.0	10.5912357117	7.04905584434
2170.0	40.0	11.7454263729	4.98464857682
2170.0	41.0	9.19016947691	5.79609189584
2170.0	47.0	9.03358343535	6.98032182202
2170.0	52.0	5.98562771775	6.3311671668
2170.0	53.0	7.07520559028	7.7426012223
2180.0	30.0	5.99825562433	8.34712649498
2180.0	37.0	11.0456298834	6.91898625349
2180.0	40.0	12.0512321772	5.00732125779
2180.0	41.0	9.66897760131	5.87031509355
2180.0	47.0	9.51849504792	6.94905738826
2180.0	52.0	5.3963254108	6.19751767896
2180.0	53.0	6.52694397971	7.65811565321
2190.0	30.0	5.68255795989	8.37695896994
2190.0	37.0	11.500024055	6.78867800285
2190.0	40.0	12.3568275163	5.02999393876
2190.0	41.0	10.1479961908	5.94429963146
2190.0	47.0	10.0071950325	6.92877130528
2190.0	52.0	4.80491845275	6.12639705864
2190.0	53.0	5.96836957876	7.5755393625
2200.0	30.0	5.36686029545	8.40679144491
2200.0	37.0	11.9544182267	6.65860841201
2200.0	40.0	12.6624228555	5.05266661973
2200.0	41.0	10.611019432	5.93857179627
2200.0	47.0	10.5291485043	7.00514244119
2200.0	52.0	4.21245916915	6.0822449957
2200.0	53.0	5.39001145751	7.52017028897
2210.0	30.0	5.11493355923	8.46168319884
2210.0	37.0	12.4227030956	6.5810439771
2210.0	40.0	13.0235809836	4.9984908452
2210.0	41.0	11.0668868594	5.89895426952
2210.0	47.0	11.0511019762	7.0815135771
2210.0	52.0	3.61999988556	6.03809293275
2210.0	53.0	4.76598240747	7.52852338196
2220.0	30.0	4.95876844789	8.55404454133
2220.0	37.0	12.8909879646	6.50347954219
2220.0	40.0	13.4087321342	4.9111413585
2220.0	41.0	11.522964752	5.85909808297
2220.0	47.0	11.5583228904	7.2421316223
2220.0	52.0	2.98860455668	5.88248674334
2220.0	53.0	4.14174289232	7.53663781515
2230.0	30.0	4.80260333654	8.64640588382
2230.0	37.0	13.3592728335	6.42591510728
2230.0	40.0	13.7936728197	4.82379187181
2230.0	41.0	11.9409484597	5.86243932016
2230.0	47.0	12.0558624096	7.45931204004
2230.0	52.0	2.35720922781	5.72688055392
2230.0	53.0	3.51750337717	7.55119606293
2240.0	30.0	4.69779171195	8.71418526694
2240.0	37.0	13.8275577024	6.34835067238
2240.0	40.0	14.1786135053	4.73644238511
2240.0	41.0	12.342726354	5.88415736194
2240.0	47.0	12.5296193713	7.6609795708
2240.0	52.0	1.74496622391	5.56387591072
2240.0	53.0	2.89326386202	7.5750620429
2250.0	30.0	4.71231380452	8.72468629812
2250.0	37.0	14.2002914115	6.35527180657
2250.0	40.0	14.5993332594	4.70947382775
2250.0	41.0	12.7447147134	5.90563674391
2250.0	47.0	12.9682286598	7.83997442059
2250.0	52.0	1.14114182439	5.39776869012
2250.0	53.0	2.26881388176	7.59892802288
2260.0	30.0	4.72704636219	8.73494866951
2260.0	37.0	14.5732355858	6.36195428096
2260.0	40.0	15.0436251058	4.72283877653
2260.0	41.0	13.1563844678	5.90826200171
2260.0	47.0	13.4066274831	8.01896927037
2260.0	52.0	0.537317424874	5.2474130163
2260.0	53.0	1.67530227262	7.61324761086
2270.0	30.0	4.74177891986	8.7452110409
2270.0	37.0	14.9459692949	6.36887541515
2270.0	41.0	13.5832077101	5.88153210414
2270.0	47.0	13.9142693276	8.04713112674
2270.0	52.0	-0.0658755793128	5.11996868325
2270.0	53.0	1.12809298759	7.61324761086
2280.0	30.0	4.75630101243	8.75571207209
2280.0	37.0	15.3189134692	6.37555788955
2280.0	41.0	14.0100309524	5.85504086637
2280.0	47.0	14.421911172	8.0750543233
2280.0	53.0	0.580883702566	7.61324761086
2290.0	30.0	4.7710335701	8.76597444348
2290.0	41.0	14.4366437297	5.8285496286
2290.0	47.0	14.9293425513	8.10321617967
2290.0	53.0	0.0336744175401	7.61324761086
2300.0	30.0	4.78555566267	8.77647547466
2300.0	41.0	14.8948262733	5.80969550442
2310.0	30.0	4.80028822034	8.78673784605
2310.0	41.0	15.3610064911	5.79251199885
2320.0	30.0	4.8148103129	8.79723887724
2330.0	30.0	4.82954287058	8.80750124863
2340.0	30.0	4.84427542825	8.81800227981
2350.0	30.0	4.85879752081	8.8282646512
2360.0	30.0	4.84680100957	8.828503311
2370.0	30.0	4.82828007992	8.826116713
2380.0	30.0	4.80975915027	8.82396877481
2390.0	30.0	4.79123822063	8.82158217681
2400.0	30.0	4.77250682587	8.81919557881
2410.0	30.0	4.75398589622	8.81680898081
2420.0	30.0	4.73546496657	8.81442238282
2430.0	30.0	4.71694403693	8.81227444462
2440.0	30.0	4.69842310728	8.80988784662
2450.0	30.0	4.67969171252	8.80750124863
2460.0	30.0	4.58350915742	8.77933939226
2470.0	30.0	4.43576265047	8.73423269011
2480.0	30.0	4.2878056784	8.68912598797
2490.0	30.0	4.13984870633	8.64401928582
2500.0	30.0	4.03566847707	8.5798197997
2510.0	30.0	3.93632894533	8.51347237538
2520.0	30.0	3.83698941358	8.44712495106
2530.0	30.0	3.76753592741	8.40273422831
2540.0	30.0	3.76837778785	8.4094167027
2550.0	30.0	3.76900918317	8.4160991771
2560.0	30.0	3.7696405785	8.42278165149
2570.0	30.0	3.77048243894	8.42922546608
2580.0	30.0	3.77111383427	8.43590794047
2590.0	30.0	3.77195569471	8.44259041486
2600.0	30.0	3.77258709004	8.44927288926
2610.0	30.0	3.77342895048	8.45595536365
2620.0	30.0	3.7740603458	8.46239917824
2630.0	30.0	3.77490220624	8.46908165263
2640.0	30.0	3.77553360157	8.47576412702
2650.0	30.0	3.77637546201	8.48244660142
2660.0	30.0	3.77700685734	8.48889041601
2670.0	30.0	3.77784871778	8.4955728904
2680.0	30.0	3.77848011311	8.50225536479
2690.0	30.0	3.77932197355	8.50893783918
2700.0	30.0	3.77995336887	8.51562031358
2710.0	30.0	3.78079522931	8.52206412817
2720.0	30.0	3.78142662464	8.52874660256
2720.0	56.0	0.147956972067	8.35667288697
2730.0	30.0	3.78205801997	8.53542907695
2730.0	56.0	0.401567429166	8.17314350099
2740.0	30.0	3.78289988041	8.54211155134
2740.0	56.0	0.655177886264	7.98961411501
2750.0	30.0	3.78353127574	8.54855536594
2750.0	56.0	0.908788343363	7.80608472903
2760.0	30.0	3.78437313618	8.55523784033
2760.0	56.0	1.11904298788	7.60919039426
2770.0	30.0	3.78500453151	8.56192031472
2770.0	56.0	1.30025344727	7.40370430671
2780.0	30.0	3.78584639194	8.56860278911
2780.0	56.0	1.48146390665	7.19821821916
2790.0	30.0	3.78647778727	8.5752852635
2790.0	56.0	1.66267436604	6.9927321316
2800.0	30.0	3.78731964771	8.5817290781
2800.0	56.0	1.94133017119	6.81206666322
2810.0	30.0	3.78795104304	8.58841155249
2810.0	56.0	2.22019644144	6.63140119484
2820.0	30.0	3.80857662378	8.59175278968
2820.0	56.0	2.49885224658	6.45097438625
2830.0	30.0	3.84898592483	8.59175278968
2830.0	56.0	2.74004526221	6.31350634162
2840.0	30.0	3.88918476077	8.59175278968
2840.0	56.0	2.89389525735	6.27675273246
2850.0	30.0	3.92959406182	8.59175278968
2850.0	56.0	3.04774525249	6.23999912331
2860.0	30.0	3.97000336287	8.59175278968
2860.0	56.0	3.00628362589	6.2497841751
2870.0	30.0	4.01041266391	8.59175278968
2870.0	56.0	2.88147781588	6.27961665006
2880.0	30.0	4.05082196496	8.59175278968
2880.0	56.0	2.75646154077	6.30944912502
2890.0	30.0	4.09207312645	8.58674093389
2890.0	56.0	2.63144526565	6.33928159999
2890.0	59.0	15.2300971929	4.80636970643
2900.0	30.0	4.13711265991	8.56096567552
2900.0	56.0	2.50642899053	6.36911407495
2900.0	59.0	14.6367960489	4.87868362574
2910.0	30.0	4.18215219337	8.53542907695
2910.0	56.0	2.38162318052	6.39894654992
2910.0	59.0	14.04370537	4.95099754506
2920.0	30.0	4.22740219194	8.50989247838
2920.0	56.0	2.18294411704	6.50300222259
2920.0	59.0	13.4506146911	5.02331146437
2930.0	30.0	4.2724417254	8.48435587981
2930.0	56.0	1.8125255241	6.77984759026
2930.0	59.0	12.8568926168	5.11233156966
2940.0	30.0	4.31748125886	8.45881928124
2940.0	56.0	1.44210693115	7.05669295793
2940.0	59.0	12.2627496123	5.21758054134
2950.0	30.0	4.36273125743	8.43328268267
2950.0	56.0	1.11546508102	7.32208265521
2950.0	59.0	11.6683961427	5.32282951301
2960.0	30.0	4.40777079089	8.40774608411
2960.0	56.0	0.799767416577	7.58460843489
2960.0	59.0	11.075726394	5.42139601029
2970.0	30.0	4.45281032435	8.38197082574
2970.0	56.0	0.484069752139	7.84713421458
2970.0	59.0	10.4969473426	5.45862693905
2980.0	30.0	4.76387775637	8.2478440183
2980.0	56.0	0.291915107051	8.11610380886
2980.0	59.0	9.9181682911	5.4958578678
2980.0	60.0	15.1113948711	8.04283525034
2980.0	62.0	14.7565506963	4.51067021458
2990.0	30.0	5.14145216304	8.08627133389
2990.0	56.0	0.130488367968	8.38650536193
2990.0	59.0	9.33938923963	5.53308879656
2990.0	60.0	14.6809937219	7.8258934924
2990.0	62.0	14.1312588556	4.51067021458
3000.0	30.0	5.51923703482	7.92493730928
3000.0	56.0	-0.030938371115	8.65690691501
3000.0	59.0	8.7593473975	5.4963351874
3000.0	60.0	14.2503821076	7.60895173446
3000.0	62.0	13.5057565498	4.51067021458
3010.0	30.0	5.92017306866	7.70871153074
3010.0	59.0	8.17909509027	5.45122848525
3010.0	60.0	13.7757832854	7.46265327724
3010.0	62.0	12.8804647091	4.51067021458
3020.0	30.0	6.35604631069	7.4103867811
3020.0	59.0	7.59884278303	5.40588312331
3020.0	60.0	13.2900298124	7.33425430499
3020.0	62.0	12.3256786801	4.50518103919
3020.0	63.0	-0.138906972353	7.32446925321
3030.0	30.0	6.79191955273	7.11206203146
3030.0	59.0	7.02827187083	5.35791250357
3030.0	60.0	12.7956472699	7.21850430213
3030.0	62.0	11.770682186	4.4999305236
3030.0	63.0	0.324116268823	7.3323450266
3040.0	30.0	7.10719628694	6.7450032595
3040.0	59.0	6.49642653881	5.29824755364
3040.0	60.0	12.2667484494	7.15406615621
3040.0	62.0	11.2158961571	4.4944413482
3040.0	63.0	0.787139509999	7.34045945979
3050.0	30.0	7.34207534929	6.3318831462
3050.0	59.0	5.96437074168	5.23858260371
3050.0	60.0	11.7376391638	7.08938935049
3050.0	62.0	10.6611101281	4.48895217281
3050.0	63.0	1.25016275118	7.34833523318
3060.0	30.0	7.57674394652	5.91876303289
3060.0	59.0	5.43231494454	5.17891765378
3060.0	60.0	11.2087403433	7.02495120457
3060.0	62.0	10.134947354	4.47367794563
3060.0	63.0	1.44168600093	7.43425276107
3070.0	30.0	7.54012301744	5.38965425693
3070.0	59.0	4.91478123998	5.14526662202
3070.0	60.0	10.6771054764	6.97745790442
3070.0	62.0	9.62772643982	4.45219856365
3070.0	63.0	1.41853483888	7.63234039484
3080.0	30.0	7.50350208837	4.86030682116
3080.0	59.0	4.40671846534	5.12879909584
3080.0	60.0	10.1427345631	6.94690945006
3080.0	62.0	9.08598924764	4.43907227467
3080.0	63.0	1.20617554326	7.96527081544
3090.0	30.0	7.39427069647	4.42308206809
3090.0	59.0	3.8986556907	5.11233156966
3090.0	60.0	9.60857411484	6.9161223359
3090.0	62.0	8.49163577806	4.43907227467
3090.0	63.0	1.08789415165	8.18412185177
3100.0	30.0	7.25410093346	4.02547484177
3100.0	59.0	3.38933012541	5.19085064377
3100.0	60.0	9.0742032015	6.88557388153
3100.0	62.0	7.91559277302	4.44456145006
3100.0	63.0	0.969402294935	8.40273422831
3110.0	30.0	7.11372070534	3.62762895564
3110.0	59.0	2.87937316479	5.31018054362
3110.0	60.0	8.56698228731	6.82304501401
3110.0	62.0	7.34733697703	4.45267588325
3110.0	63.0	0.851120903326	8.62158526465
3120.0	30.0	7.12571721659	3.57297586151
3120.0	59.0	2.36773248329	5.4132815771
3120.0	60.0	8.07786137254	6.73927542431
3120.0	62.0	6.77908118104	4.46055165664
3120.0	63.0	0.732629046606	8.84043630099
3130.0	30.0	7.13771372784	3.51856142718
3130.0	59.0	1.84156970922	5.37080013275
3130.0	60.0	7.58874045777	6.65526717481
3130.0	62.0	6.23145096579	4.56317537052
3130.0	63.0	0.650758118962	9.05523012073
3140.0	30.0	7.14971023909	3.46390833304
3140.0	59.0	1.31540693516	5.3280800286
3140.0	60.0	7.09940907789	6.57149758511
3140.0	62.0	5.69266028515	4.70637125035
3140.0	63.0	0.605087190173	9.26596672387
3140.0	66.0	-0.122490693802	7.32399193361
3150.0	30.0	7.15960209924	3.44839544606
3150.0	59.0	0.790927881973	5.30946456423
3150.0	60.0	6.63154513919	6.43951871587
3150.0	62.0	5.15218588363	4.84002073819
3150.0	63.0	0.559416261385	9.47670332702
3150.0	66.0	0.384940685505	7.5767326615
3160.0	30.0	7.1673893083	3.47154544663
3160.0	59.0	0.270237200759	5.34717281258
3160.0	60.0	6.1659963167	6.30205067123
3160.0	62.0	4.60497659861	4.93548465807
3160.0	63.0	0.513955797706	9.68767858997
3160.0	66.0	0.879112762906	7.81157390442
3170.0	30.0	7.17496605224	3.494934107
3170.0	59.0	-0.250243015345	5.38488106093
3170.0	60.0	5.70044749421	6.1645826266
3170.0	62.0	4.04492894189	4.9982521854
3170.0	63.0	0.468284868917	9.89841519312
3170.0	66.0	1.25142554183	7.88484246293
3180.0	30.0	7.1827532613	3.51808410758
3180.0	60.0	5.21574634674	6.04024087095
3180.0	62.0	3.43352779843	4.92999548268
3180.0	63.0	0.422613940128	10.1091517963
3180.0	66.0	1.62373832076	7.95834968124
3190.0	30.0	7.19054047036	3.54147276795
3190.0	60.0	4.71820682759	5.92449086809
3190.0	62.0	2.82444177117	4.86293207896
3190.0	63.0	0.377153476449	10.3201270592
3190.0	66.0	1.98784296041	8.00751359999
3190.0	67.0	1.20870112458	0.514789187982
3200.0	30.0	7.1981172143	3.56486142832
3200.0	60.0	4.22087777354	5.80874086523
3200.0	62.0	2.23513946422	4.80565372703
3200.0	66.0	2.34331853057	8.03209555936
3200.0	67.0	1.09841740714	1.27635260887
3210.0	30.0	7.20590442336	3.58801142889
3210.0	60.0	3.7083952316	5.69704807896
3210.0	62.0	1.64583715727	4.7483753751
3210.0	66.0	2.69900456584	8.05691617853
3210.0	67.0	1.03401508359	2.02646035937
3210.0	68.0	3.02417316021	3.18324440858
3220.0	30.0	7.21348116731	3.61140008926
3220.0	60.0	3.16118594658	5.59490168468
3220.0	62.0	1.07989647749	4.74193156051
3220.0	66.0	3.10457083209	8.04211927094
3220.0	67.0	1.15292787053	2.73217738712
3220.0	68.0	2.8863185134	3.58657947009
3230.0	30.0	7.19264512145	3.65555215221
3230.0	60.0	2.61397666155	5.49251663061
3230.0	62.0	0.529319750708	4.76961609727
3230.0	66.0	3.54360105077	8.00130844519
3230.0	67.0	1.27184065747	3.43765575507
3230.0	68.0	2.7484638666	3.98967587181
3240.0	30.0	7.10488117074	3.7483908143
3240.0	60.0	2.06676737652	5.39037023633
3240.0	62.0	-0.0210465109626	4.79706197424
3240.0	66.0	3.98263126944	7.96025895964
3240.0	67.0	1.52902902143	3.78633772245
3240.0	68.0	2.60029642942	4.41854753189
3250.0	30.0	7.01732768513	3.84099081659
3250.0	60.0	1.55744181123	5.3316599256
3250.0	66.0	4.42439753455	7.91825483489
3250.0	67.0	1.84409529054	4.06270577052
3250.0	68.0	2.42792550464	4.90660682231
3260.0	30.0	6.92956373442	3.93382947868
3260.0	60.0	1.05758717587	5.28392796566
3260.0	66.0	4.89141961281	7.86598833876
3260.0	67.0	2.32963829844	4.20948154735
3260.0	68.0	2.23871737109	5.38774497853
3260.0	69.0	0.0	4.22427845493
3260.0	70.0	-0.158269762438	3.89755318912
3270.0	30.0	6.92219745558	3.97511762403
3270.0	60.0	0.557732540508	5.23619600571
3270.0	66.0	5.35823122596	7.81396050242
3270.0	67.0	2.92651734934	4.26938515707
3270.0	68.0	1.89671156795	5.80539962803
3270.0	69.0	0.508694169965	4.28394340486
3270.0	70.0	0.34263719847	3.93860267467
3280.0	30.0	6.94934745473	3.9944490678
3280.0	60.0	0.057877905147	5.18846404577
3280.0	66.0	5.82525330422	7.76169400628
3280.0	67.0	3.53581384171	4.31974237481
3280.0	68.0	1.5547057648	6.22305427753
3280.0	69.0	1.01717787482	4.34360835478
3280.0	70.0	0.843333694269	3.97989082002
3290.0	30.0	6.97649745387	4.01378051158
3290.0	66.0	6.34257654367	7.73042957252
3290.0	67.0	4.09712428908	4.29706969384
3290.0	68.0	1.165345312	6.53736923375
3290.0	69.0	1.5153487893	4.40088670672
3290.0	70.0	1.34403019007	4.02094030557
3300.0	30.0	7.00364745301	4.03287329556
3300.0	66.0	6.86558234109	7.70155173675
3300.0	67.0	4.65822427134	4.27439701287
3300.0	68.0	0.755359278446	6.80753212703
3300.0	69.0	2.00636389006	4.45649444005
3300.0	70.0	1.84788366251	4.0834691731
3310.0	30.0	7.03079745215	4.05220473933
3310.0	66.0	7.38858813851	7.67243524119
3310.0	67.0	5.19238471957	4.15960164921
3310.0	68.0	0.345583710005	7.0774563605
3310.0	69.0	2.49758945593	4.51234083318
3310.0	70.0	2.35299992561	4.15506711301
3320.0	30.0	7.05794745129	4.07153618311
3320.0	66.0	7.91138347082	7.60656513647
3320.0	67.0	5.72359865627	4.03454391416
3320.0	68.0	-0.0641918584358	7.34761925378
3320.0	69.0	3.00965106765	4.5791655771
3320.0	70.0	2.85811618871	4.22666505293
3330.0	30.0	7.23389628294	4.12093876165
3330.0	66.0	8.43375787291	7.51611307238
3330.0	67.0	6.14263468953	3.94576246866
3330.0	69.0	3.53581384171	4.65386609441
3330.0	70.0	3.37985919548	4.26174804348
3340.0	30.0	7.55822301687	4.20041247496
3340.0	66.0	8.95634274011	7.42566100828
3340.0	67.0	6.53346839811	3.86628875536
3340.0	69.0	4.06197661577	4.72832795192
3340.0	70.0	3.90896848107	4.28107948726
3350.0	30.0	7.8825497508	4.27344237367
3350.0	66.0	9.4961857463	7.35382440857
3350.0	67.0	6.9531358267	3.88633617853
3350.0	69.0	4.580773111	4.81520011902
3350.0	70.0	4.43786730156	4.30041093104
3360.0	30.0	8.20477183364	4.28847794105
3360.0	66.0	10.0433950313	7.29034090185
3360.0	67.0	7.38501023165	3.94910370586
3360.0	69.0	5.08820449031	4.92068775049
3360.0	70.0	4.96697658716	4.31974237481
3370.0	30.0	8.52720438159	4.30327484863
3370.0	66.0	10.5906043164	7.22661873532
3370.0	67.0	7.75206138284	4.1617495874
3370.0	69.0	5.59584633472	5.02593672217
3370.0	70.0	5.49608587276	4.40828516051
3380.0	30.0	8.84942646442	4.31831041602
3380.0	66.0	11.1125577882	7.26719090127
3380.0	67.0	8.10290672058	4.4118650575
3380.0	69.0	6.10348817914	5.13118569384
3380.0	70.0	6.02540562347	4.497066606
3390.0	30.0	9.01085320351	4.27081711587
3390.0	66.0	11.6237775395	7.35239244977
3390.0	67.0	8.3941904323	4.4956346472
3390.0	69.0	6.63554397627	5.19753311816
3390.0	70.0	6.55451490907	4.58560939169
3400.0	30.0	9.15417994316	4.21664134134
3400.0	66.0	12.1347868257	7.43759399827
3400.0	67.0	8.66000786576	4.50804495679
3400.0	69.0	7.16759977341	5.26388054248
3400.0	70.0	7.0800462878	4.69205166237
3400.0	72.0	0.189418598663	4.70708722975
3410.0	30.0	9.1987985464	4.20136711416
3410.0	66.0	12.6163309965	7.72923627352
3410.0	67.0	8.71493925937	4.5016011422
3410.0	69.0	7.69944510543	5.329989307
3410.0	70.0	7.60199975967	4.81615475822
3410.0	72.0	0.82081392754	4.85386300657
3420.0	30.0	9.20111366261	4.20256041315
3420.0	66.0	13.0947181907	8.04402854934
3420.0	67.0	8.71725437558	4.49014547181
3420.0	69.0	8.23276369322	5.38893827753
3420.0	70.0	8.12395323155	4.94025785407
3420.0	72.0	1.45220925642	5.0008774432
3430.0	30.0	9.20321831371	4.20375371215
3430.0	66.0	13.5446925951	8.21180638854
3430.0	67.0	8.71956949179	4.47892846122
3430.0	69.0	8.767976467	5.43667023747
3430.0	70.0	8.68526367892	4.93142744148
3430.0	72.0	2.09328598034	5.12020734305
3440.0	30.0	9.2053229648	4.20494701115
3440.0	66.0	13.9824600231	8.31681670041
3440.0	67.0	8.72167414288	4.46747279084
3440.0	69.0	9.30318924078	5.48440219742
3440.0	70.0	9.24636366118	4.92259702889
3440.0	72.0	2.74088712265	5.22116043833
3450.0	30.0	9.20763808101	4.20614031015
3450.0	66.0	14.4214902418	8.40345020771
3450.0	67.0	8.72398925909	4.45601712045
3450.0	69.0	9.83840201455	5.53213415736
3450.0	70.0	9.80641131789	4.9142439359
3450.0	72.0	3.38848826497	5.32211353361
3460.0	30.0	9.2097427321	4.20757226895
3460.0	66.0	14.8657820882	8.41681515649
3460.0	67.0	8.72609391018	4.44480010986
3460.0	69.0	10.4154973451	5.49275529041
3460.0	70.0	10.3635124631	4.90732280171
3460.0	72.0	4.04619173255	5.4116109585
3470.0	30.0	9.2118473832	4.20876556795
3470.0	66.0	15.3100739346	8.42994144548
3470.0	67.0	8.72840902639	4.43334443948
3470.0	69.0	10.9974333733	5.44359137166
3470.0	70.0	10.9206136082	4.90016300772
3470.0	72.0	4.70389520013	5.5011083834
3480.0	30.0	9.21416249941	4.20995886695
3480.0	67.0	8.7307241426	4.42212742889
3480.0	69.0	11.5793694014	5.39442745292
3480.0	70.0	11.4777147534	4.89324187352
3480.0	72.0	5.36159866771	5.59060580829
3490.0	30.0	9.2162671505	4.21115216594
3490.0	67.0	8.73282879369	4.4106717585
3490.0	69.0	12.1497298485	5.35337796737
3490.0	70.0	12.0672275255	4.86006816136
3490.0	72.0	6.02077539106	5.65933983061
3500.0	30.0	9.21858226671	4.21234546494
3500.0	67.0	8.7351439099	4.39921608812
3500.0	69.0	12.7085147145	5.32044291501
3500.0	70.0	12.6605286695	4.82379187181
3500.0	72.0	6.68016257951	5.72306199713
3510.0	30.0	9.2206869178	4.21353876394
3510.0	67.0	8.73724856099	4.38799907753
3510.0	69.0	13.2672995806	5.28750786265
3510.0	70.0	13.2536193484	4.78775424205
3510.0	72.0	7.33954976797	5.78678416365
3520.0	30.0	9.2227915689	4.21497072274
3520.0	67.0	8.7395636772	4.37654340715
3520.0	69.0	13.8696507243	5.29084909985
3520.0	70.0	13.8380809579	4.78847022145
3520.0	72.0	7.94379509771	5.92138829069
3530.0	30.0	9.22510668511	4.21616402174
3530.0	67.0	8.7416683283	4.36508773676
3530.0	69.0	14.5010460532	5.31853363661
3530.0	70.0	14.4168600093	4.81400682002
3530.0	72.0	8.53436019532	6.07389190271
3540.0	30.0	9.2272113362	4.21735732074
3540.0	67.0	8.7439834445	4.35387072617
3540.0	69.0	15.1324413821	5.34597951358
3540.0	70.0	14.9956390608	4.83978207839
3540.0	72.0	9.12492529292	6.22639551472
3550.0	30.0	9.2293159873	4.21855061973
3550.0	67.0	8.74629856071	4.34241505579
3550.0	72.0	9.70307294907	6.39751459112
3560.0	30.0	9.2316311035	4.21974391873
3560.0	67.0	8.7484032118	4.3311980452
3560.0	72.0	10.2321822347	6.64285686522
3570.0	30.0	9.2337357546	4.22117587753
3570.0	67.0	8.75071832801	4.31974237481
3570.0	72.0	10.7612915203	6.88843779913
3580.0	30.0	9.2358404057	4.22236917653
3580.0	67.0	8.75282297911	4.30828670443
3580.0	72.0	11.290611271	7.13378007323
3590.0	30.0	9.2381555219	4.22356247553
3590.0	67.0	8.75513809531	4.29706969384
3590.0	72.0	11.6987031185	7.50298678339
3600.0	30.0	9.33370668167	4.23573412531
3600.0	67.0	8.87847064955	4.167000103
3600.0	72.0	12.054810084	7.92541462888
3610.0	30.0	9.56942760445	4.26437330128
3610.0	67.0	9.01527297081	4.02380422317
3610.0	72.0	12.3938693756	8.35022907237
3620.0	30.0	9.80514852723	4.29301247725
3620.0	67.0	9.52501946632	3.92762432388
3620.0	72.0	12.5780263466	8.79771619684
3630.0	30.0	10.2414426995	4.35721196337
3630.0	67.0	10.0762275884	3.83669494019
3630.0	72.0	12.7621833175	9.2452033213
3640.0	30.0	10.6998357083	4.42546866609
3640.0	67.0	10.6653194303	3.84838927038
3640.0	72.0	12.9463402884	9.69269044576
3650.0	30.0	11.1647531354	4.4961119668
3650.0	67.0	11.263882202	3.88562019913
3650.0	72.0	13.0976647022	10.1377909722
3660.0	30.0	11.6875484677	4.58847330929
3660.0	67.0	11.8624449738	3.92285112789
3660.0	72.0	13.2456216743	10.5828914987
3670.0	30.0	12.2103438	4.68083465178
3670.0	67.0	12.419546119	3.99230112961
3670.0	72.0	13.3935786463	11.0279920252
3680.0	30.0	12.7331391323	4.77319599427
3680.0	67.0	12.949497265	4.0827531937
3680.0	72.0	13.5350112	11.4671260566
3690.0	30.0	13.2593019064	4.80994960342
3690.0	67.0	13.479237946	4.17320525779
3690.0	72.0	13.6503460801	11.8828714277
3700.0	30.0	13.7854646805	4.84670321258
3700.0	67.0	14.0256053706	4.25602020829
3700.0	72.0	13.7656809602	12.2986167988
3710.0	30.0	14.3055239664	4.89133259513
3710.0	67.0	14.5789181438	4.33573258139
3710.0	72.0	13.8812263054	12.7143621699
3720.0	30.0	14.8167437176	4.94813362746
3720.0	67.0	15.1324413821	4.4152062947
3730.0	30.0	15.3279634689	5.00493465979
4190.0	78.0	14.942180923	5.78702282345
4200.0	78.0	14.4480088456	5.7454960183
4210.0	78.0	13.9538367682	5.70396921315
4220.0	78.0	13.4211495757	5.73380168812
4230.0	78.0	12.8884623832	5.76363416308
4240.0	78.0	12.3555647257	5.79346663804
4250.0	78.0	11.8664438109	5.89776097052
4250.0	80.0	14.8704123206	4.84312331559
4260.0	78.0	11.3880566167	6.02067076737
4260.0	80.0	14.3478274534	4.9171078535
4270.0	78.0	10.9096694225	6.14358056422
4270.0	80.0	13.8254530513	4.99133105121
4280.0	78.0	10.4397008328	6.27150221687
4280.0	80.0	13.2809798127	5.10970631186
4290.0	78.0	9.97772991713	6.40395840571
4290.0	80.0	12.7038844821	5.29442899684
4300.0	78.0	9.51596946661	6.53665325435
4300.0	80.0	12.1267891515	5.47915168182
4310.0	78.0	9.05399855098	6.66910944319
4310.0	80.0	11.5509566116	5.67031818139
4310.0	83.0	15.0211053391	5.52234910557
4320.0	78.0	8.61328461142	6.77793831186
4320.0	80.0	10.977649653	5.87604292874
4320.0	83.0	14.5401925636	5.61614240686
4330.0	78.0	8.17488578807	6.88390326293
4330.0	80.0	10.4041322292	6.0817676761
4330.0	83.0	14.059069323	5.70993570814
4340.0	78.0	7.73627649962	6.99010687381
4340.0	80.0	9.86471015326	6.31422232102
4340.0	83.0	13.5768937568	5.78869344205
4350.0	78.0	7.28735442078	7.09559450528
4350.0	80.0	9.37622063382	6.58701047209
4350.0	83.0	13.0921926094	5.8318908658
4360.0	78.0	6.81380792413	7.20012749756
4360.0	80.0	8.88773111438	6.85979862316
4360.0	83.0	12.6074914619	5.87532694935
4370.0	78.0	6.34026142747	7.30442183003
4370.0	80.0	8.41944624546	7.14070120743
4370.0	83.0	12.1227903144	5.91876303289
4380.0	78.0	5.87387074454	7.40585224491
4380.0	80.0	7.96484160867	7.42709296708
4380.0	83.0	11.7142775366	6.10133777967
4390.0	78.0	5.47083005961	7.48103008182
4390.0	80.0	7.50665906501	7.70346101515
4390.0	83.0	11.3057647589	6.28367386666
4400.0	78.0	5.06799983978	7.55596925893
4400.0	80.0	7.01543349915	7.88913833933
4400.0	83.0	10.897041516	6.46624861344
4410.0	78.0	4.66516961996	7.63090843604
4410.0	80.0	6.53978235139	8.04164195134
4410.0	83.0	10.4811624594	6.64548212302
4420.0	78.0	4.23645219165	7.70298369555
4420.0	80.0	6.09969980717	8.11777442745
4420.0	83.0	10.0602322401	6.82256769441
4430.0	78.0	3.79089755458	7.77338833647
4430.0	80.0	5.65183005388	8.18603113017
4430.0	83.0	9.63930202085	6.9996532658
4440.0	78.0	3.34513245239	7.84355431758
4440.0	80.0	5.13366495399	8.18603113017
4440.0	83.0	9.22447528978	7.12566564004
4450.0	78.0	2.91220572189	7.9115723605
4450.0	80.0	4.6157103192	8.18603113017
4450.0	83.0	8.81554158177	7.20060481715
4460.0	78.0	2.53084294325	7.97123731043
4460.0	80.0	4.16363126372	8.19008834677
4460.0	83.0	8.40660787377	7.27578265406
4470.0	78.0	2.1492696995	8.03090226036
4470.0	80.0	3.77784871778	8.19796412016
4470.0	83.0	7.99767416577	7.35072183117
4480.0	78.0	1.76790692085	8.09056721029
4480.0	80.0	3.39206617183	8.20583989355
4480.0	83.0	7.56495790038	7.43687801887
4490.0	78.0	1.43621390808	8.19915741916
4490.0	80.0	3.0567952522	8.20345329555
4490.0	83.0	7.1324521001	7.52303420657
4500.0	78.0	1.10452089531	8.30750896823
4500.0	80.0	2.7724568891	8.19056566637
4500.0	83.0	6.69973583471	7.60919039426
4510.0	78.0	0.773038347655	8.4160991771
4510.0	80.0	2.48811852599	8.17767803718
4510.0	83.0	6.30784980059	7.69105070557
4520.0	78.0	0.51690230924	8.55308990213
4520.0	80.0	2.20356969778	8.164790408
4520.0	83.0	5.97720911336	7.76598988268
4530.0	78.0	0.293388362818	8.70225227695
4530.0	80.0	1.86808831304	8.10297751987
4530.0	83.0	5.64656842614	7.84092905979
4540.0	78.0	0.069663951286	8.85141465177
4540.0	80.0	1.51976855661	8.02875432216
4540.0	83.0	5.31571727381	7.9161068967
4550.0	78.0	-0.153849995136	9.00057702659
4550.0	80.0	1.17144880018	7.95476978425
4550.0	83.0	4.97707891242	7.98197700142
4560.0	80.0	0.826496485499	7.84975947238
4560.0	83.0	4.63738822549	8.04713112674
4570.0	80.0	0.482175566152	7.74116926351
4570.0	83.0	4.29769753855	8.11228525206
4580.0	80.0	0.137854646805	7.63281771444
4580.0	83.0	3.95821731673	8.17743937738
4590.0	83.0	3.65514755887	8.23376309011
4600.0	83.0	3.38848826497	8.28149505006
4610.0	83.0	3.12182897108	8.32922701
4620.0	83.0	2.84822432856	8.36956051615
4630.0	83.0	2.56767433743	8.40273422831
4640.0	83.0	2.2871243463	8.43590794047
4650.0	83.0	2.00636389006	8.46908165263
4660.0	83.0	1.71781622476	8.51275639598
4670.0	83.0	1.42842669903	8.55738577853
4680.0	83.0	1.13903717329	8.60225382087
4690.0	83.0	0.90499997139	8.71585588554
4700.0	83.0	0.711582535644	8.86931413675
4710.0	83.0	0.586566260526	9.06310589412
4720.0	83.0	0.461760450518	9.25713631129
4730.0	83.0	0.336744175401	9.45092806865
4740.0	83.0	0.208991853858	9.62133116565
4750.0	83.0	0.0812395323155	9.79197292244
4760.0	83.0	-0.0465127892272	9.96237601944
4870.0	89.0	0.248348829358	5.45337642345
4870.0	90.0	0.294651153476	4.73143052932
4870.0	91.0	-0.183315110484	6.57340686351
4880.0	89.0	0.725473232879	5.49323261
4880.0	90.0	0.715581372727	4.7512392927
4880.0	91.0	0.380310453093	6.60753521487
4890.0	89.0	1.20238717129	5.53285013676
4890.0	90.0	1.13651159198	4.77128671587
4890.0	91.0	0.94414648178	6.64166356623
4900.0	89.0	1.66477901714	5.55838673533
4900.0	90.0	1.55744181123	4.79109547925
4900.0	91.0	1.50777204536	6.67555325778
4910.0	89.0	2.0924441199	5.55074962174
4910.0	90.0	1.98679063486	4.78274238626
4910.0	91.0	2.07897435288	6.71970532073
4920.0	89.0	2.52010922266	5.54311250814
4920.0	90.0	2.41971736536	4.76221764348
4920.0	91.0	2.65186038128	6.76600532188
4930.0	89.0	2.94482781388	5.51304137338
4930.0	90.0	2.85264409586	4.74193156051
4930.0	91.0	3.22474640968	6.81230532302
4930.0	93.0	15.0903483602	9.09293836908
4940.0	89.0	3.35691849853	5.39371147352
4940.0	90.0	3.29104291921	4.71639496194
4940.0	91.0	3.79784290319	6.84810429298
4940.0	93.0	14.8798832505	9.06644713131
4950.0	89.0	3.76900918317	5.27438157367
4950.0	90.0	3.75154057908	4.67176557939
4950.0	91.0	4.37199172225	6.84094449899
4950.0	93.0	14.6694181409	9.03995589355
4960.0	89.0	4.1434266132	5.1614954884
4960.0	90.0	4.21182777383	4.62689753704
4960.0	91.0	4.9459300762	6.8335460452
4960.0	93.0	14.4467460549	8.98363218081
4970.0	89.0	4.53447078688	5.10493311587
4970.0	90.0	4.67232543369	4.5822681545
4970.0	91.0	5.51986843015	6.8263862512
4970.0	93.0	14.1952402489	8.85761980656
4980.0	89.0	4.98697077258	5.17653105578
4980.0	90.0	5.15176495341	4.58895062889
4980.0	91.0	6.1245346901	6.7481058369
4980.0	93.0	13.943944908	8.73160743232
4990.0	89.0	5.47609168735	5.24049188211
4990.0	90.0	5.63120447314	4.59563310328
4990.0	91.0	6.73256839181	6.6619496492
4990.0	93.0	13.692439102	8.60559505807
5000.0	89.0	6.05087190173	5.28631456365
5000.0	90.0	6.11043352776	4.60207691787
5000.0	91.0	7.34060209352	6.5757934615
5000.0	93.0	13.4836577133	8.40607546551
5010.0	89.0	6.62565211612	5.3321372452
5010.0	90.0	6.59303002413	4.61615784606
5010.0	91.0	7.93032533069	6.47030583003
5010.0	93.0	13.2927658588	8.17481411958
5020.0	89.0	7.1587602388	5.328796008
5020.0	90.0	7.08046721802	4.64121712503
5020.0	91.0	8.47753461572	6.32042747581
5020.0	93.0	13.1020844695	7.94355277366
5030.0	89.0	7.67397882717	5.30397538883
5030.0	90.0	7.56790441191	4.6665150638
5030.0	91.0	9.02474390074	6.17031046179
5030.0	93.0	12.8533147099	7.71372338654
5040.0	89.0	8.18919741553	5.27939342946
5040.0	90.0	8.05534160581	4.69157434277
5040.0	91.0	9.57195318577	6.02043210757
5040.0	93.0	12.5464565801	7.48508729841
5050.0	89.0	8.66569042372	5.2495609545
5050.0	90.0	8.54614624145	4.69348362116
5050.0	91.0	10.1326322378	5.79943313304
5050.0	93.0	12.237072869	7.26766822087
5060.0	89.0	9.13229157176	5.21829652073
5060.0	90.0	9.03926599331	4.67988001258
5060.0	91.0	10.6966787316	5.56077333332
5060.0	93.0	11.9062217166	7.15406615621
5070.0	89.0	9.60015551046	5.19204394277
5070.0	90.0	9.53217528005	4.6660377442
5070.0	91.0	11.2609356905	5.33714910099
5070.0	93.0	11.5755810294	7.04046409155
5080.0	89.0	10.0688613096	5.17032590099
5080.0	90.0	10.0234008459	4.65124083662
5080.0	91.0	11.8258240447	5.14884651902
5080.0	93.0	11.2247356917	7.04046409155
5090.0	89.0	10.5417764109	5.15505167381
5090.0	90.0	10.4969473426	4.62474959885
5090.0	91.0	12.4264914676	5.00493465979
5090.0	93.0	10.874100819	7.04046409155
5100.0	89.0	11.0245833724	5.15505167381
5100.0	90.0	10.9704938392	4.59825836108
5100.0	91.0	13.0804065632	4.92832486408
5100.0	93.0	10.5232554813	7.04046409155
5110.0	89.0	11.5073903339	5.15505167381
5110.0	90.0	11.4440403359	4.57176712331
5110.0	91.0	13.7343216588	4.85171506837
5110.0	93.0	10.2351287462	7.03425893675
5120.0	89.0	11.9904077605	5.15505167381
5120.0	90.0	11.9209542743	4.57057382431
5120.0	91.0	14.3615076855	4.88870733733
5120.0	93.0	9.97415201026	7.02542852416
5130.0	89.0	12.5058368139	5.19085064377
5130.0	90.0	12.4012356545	4.59515578368
5130.0	91.0	14.9708041779	5.00183208239
5130.0	93.0	9.71296480922	7.01659811158
5140.0	89.0	13.0250542394	5.23070683032
5140.0	90.0	12.8815170346	4.61949908325
5140.0	93.0	9.45177760817	7.00776769899
5140.0	95.0	0.116597670733	7.93138112388
5150.0	89.0	13.5440611997	5.27032435707
5150.0	90.0	13.3617984148	4.64408104262
5150.0	93.0	9.19080087224	6.9989372864
5150.0	95.0	0.384098825067	7.97123731043
5160.0	89.0	14.0138193244	5.29967951244
5160.0	90.0	13.8353449115	4.68250527038
5160.0	93.0	8.91382878797	7.00943831758
5160.0	95.0	0.651599979401	8.01109349698
5170.0	89.0	14.4781053562	5.3278413688
5170.0	90.0	14.3044716408	4.73023723032
5170.0	93.0	8.60065670485	7.06480739112
5170.0	95.0	0.919101133735	8.05071102373
5180.0	89.0	14.9423913881	5.35576456537
5180.0	90.0	14.7733879051	4.77796919026
5180.0	93.0	8.28748462172	7.12041512445
5180.0	95.0	1.18639182296	8.09056721029
5190.0	89.0	15.4066774199	5.38392642174
5190.0	90.0	15.2425146344	4.82570115021
5190.0	93.0	7.97410207349	7.17578419798
5190.0	95.0	1.43116274545	8.14140174762
5200.0	93.0	7.66092999037	7.23139193132
5200.0	95.0	1.64162785508	8.20894247094
5200.0	97.0	0.344952314676	5.36053776136
5200.0	98.0	0.347898826211	4.59014392789
5210.0	93.0	7.38564162698	7.21301512674
5210.0	95.0	1.8520929647	8.27624453446
5210.0	97.0	0.839124392077	5.27748415106
5210.0	98.0	0.797031370152	4.55052640114
5220.0	93.0	7.1105637287	7.19463832216
5220.0	95.0	2.06255807433	8.34378525778
5220.0	97.0	1.33287553926	5.19633981916
5220.0	98.0	1.24595344898	4.51067021458
5230.0	93.0	6.83527536531	7.17626151758
5230.0	95.0	2.27302318396	8.4110873213
5230.0	97.0	1.82410110512	5.13285631244
5230.0	98.0	1.72244645718	4.46365423404
5240.0	93.0	6.55998700192	7.15788471301
5240.0	95.0	2.43529178348	8.45595536365
5240.0	97.0	2.31511620588	5.06913414591
5240.0	98.0	2.23998016174	4.40542124291
5250.0	93.0	6.28490910364	7.13950790843
5250.0	95.0	2.58577433686	8.494856911
5250.0	97.0	2.81223479482	5.01400373218
5250.0	98.0	2.75772433142	4.34742691158
5260.0	93.0	5.95784632328	7.10657285607
5260.0	95.0	2.73604642513	8.53375845835
5260.0	97.0	3.36470570758	5.03643775335
5260.0	98.0	3.27525803599	4.28943258025
5270.0	93.0	5.61773470612	7.06981924691
5270.0	95.0	2.8863185134	8.57266000571
5270.0	97.0	3.91717662035	5.05887177453
5270.0	98.0	3.81004987955	4.2469511359
5280.0	93.0	5.27783355408	7.03306563776
5280.0	95.0	3.03680106679	8.61180021286
5280.0	97.0	4.46964753312	5.0813057957
5280.0	98.0	4.35199753684	4.21115216594
5290.0	93.0	4.93793240203	6.9963120286
5290.0	95.0	3.19949059653	8.63662083203
5290.0	97.0	5.01285798106	5.05743981573
5290.0	98.0	4.89394519412	4.17535319599
5300.0	93.0	4.611501017	6.9130197585
5300.0	95.0	3.36386384714	8.6597708326
5300.0	97.0	5.55501610346	5.02856197996
5300.0	98.0	5.43589285141	4.13955422603
5310.0	93.0	4.28696381796	6.82423831301
5310.0	95.0	3.52802663265	8.68315949297
5310.0	97.0	6.09717422585	4.9994454844
5310.0	98.0	5.97257888095	4.12427999885
5320.0	93.0	3.96221615381	6.73569552731
5320.0	95.0	3.69239988327	8.70630949355
5320.0	97.0	6.65427537103	4.96818105063
5320.0	98.0	6.50737072451	4.11783618426
5330.0	93.0	3.62652430396	6.65311923661
5330.0	95.0	3.88518592369	8.69676310156
5330.0	97.0	7.22126837636	4.93500733847
5330.0	98.0	7.04195210296	4.11139236966
5340.0	93.0	3.27441617555	6.5796120183
5340.0	95.0	4.08512777783	8.67886361658
5340.0	97.0	7.7884718468	4.90183362631
5340.0	98.0	7.57674394652	4.10494855507
5350.0	93.0	2.92230804715	6.50634345979
5350.0	95.0	4.28506963198	8.6609641316
5350.0	97.0	8.35546485213	4.86865991415
5350.0	98.0	8.1361602079	4.14886195822
5360.0	93.0	2.57019991875	6.43283624148
5360.0	95.0	4.48501148612	8.64306464662
5360.0	97.0	8.940768322	4.90589084291
5360.0	98.0	8.69557646929	4.19277536137
5370.0	93.0	2.21788132523	6.35932902316
5370.0	95.0	4.65401496915	8.63542753303
5370.0	97.0	9.52628225698	4.94312177166
5370.0	98.0	9.25499273067	4.23692742431
5380.0	93.0	1.87061389435	6.28271922746
5380.0	95.0	4.81523124312	8.63041567724
5380.0	97.0	10.1115857268	4.98059136022
5380.0	98.0	9.81251480607	4.27081711587
5390.0	93.0	1.54249878845	6.19393778196
5390.0	95.0	4.9764475171	8.62516516164
5390.0	97.0	10.6958368712	4.95457744205
5390.0	98.0	10.3628810677	4.26461196108
5400.0	93.0	1.21417321743	6.10491767667
5400.0	95.0	5.13766379107	8.62015330585
5400.0	97.0	11.2798775504	4.9128119771
5400.0	98.0	10.9134577945	4.25864546609
5410.0	93.0	0.886058111523	6.01589757138
5410.0	95.0	5.29698587906	8.61418681086
5410.0	97.0	11.8639182296	4.87104651215
5410.0	98.0	11.4638240562	4.25244031129
5410.0	100.0	0.122911624021	9.00415692359
5420.0	93.0	0.557943005617	5.92687746608
5420.0	95.0	5.43989168849	8.60082186207
5420.0	97.0	12.4479589088	4.8292810472
5420.0	98.0	12.0194519456	4.23955268211
5420.0	100.0	0.392306964342	8.70821877194
5430.0	93.0	0.229827899711	5.83785736079
5430.0	95.0	5.58279749793	8.58721825349
5430.0	97.0	13.0063228446	4.79968723204
5430.0	98.0	12.5870763463	4.21043618654
5430.0	100.0	0.661702304663	8.4122806203
5440.0	93.0	-0.0984976713047	5.7488372555
5440.0	95.0	5.72591377247	8.57385330471
5440.0	97.0	13.5581623621	4.77319599427
5440.0	98.0	13.1547007469	4.18155835078
5440.0	100.0	1.0298057814	8.15572133561
5450.0	95.0	5.86881958191	8.56024969612
5450.0	97.0	14.1100018795	4.7467047565
5450.0	98.0	13.7223251476	4.15268051501
5450.0	100.0	1.42274414107	7.9091857625
5460.0	95.0	6.01172539134	8.54664608754
5460.0	97.0	14.661841397	4.72021351873
5460.0	98.0	14.2947902458	4.12404133905
5460.0	100.0	1.81568250074	7.6626501894
5470.0	95.0	5.98562771775	8.56621619111
5470.0	97.0	15.2138913795	4.69372228096
5470.0	98.0	14.8672553439	4.09540216308
5470.0	100.0	2.20546388377	7.497497608
5480.0	95.0	5.91701609201	8.59390072788
5480.0	98.0	15.4397204421	4.06676298712
5480.0	100.0	2.59440340635	7.35286976937
5490.0	95.0	5.84840446627	8.62182392445
5490.0	100.0	2.98355339405	7.20824193075
5500.0	95.0	5.78000330565	8.64950846121
5500.0	100.0	3.38554175344	7.0779336801
5510.0	95.0	5.66782540222	8.64783784262
5510.0	100.0	3.80036848451	6.96194501744
5520.0	95.0	5.5122916862	8.61657340885
5520.0	100.0	4.21540568069	6.84619501458
5530.0	95.0	5.35675797019	8.58554763489
5530.0	100.0	4.63023241176	6.73020635192
5540.0	95.0	5.20122425418	8.55428320113
5540.0	100.0	4.93582775094	6.65311923661
5550.0	95.0	5.04569053816	8.52325742717
5550.0	100.0	5.241212625	6.5762707811
5560.0	95.0	4.90488937982	8.55476052073
5560.0	100.0	5.54680796418	6.4991836658
5570.0	95.0	4.76598240747	8.59294608868
5570.0	100.0	5.85029865226	6.46004345864
5580.0	95.0	4.62686497001	8.63137031644
5580.0	100.0	6.15357887523	6.42496046809
5590.0	95.0	4.48774753255	8.66979454419
5590.0	100.0	6.4568590982	6.38987747753
5600.0	95.0	4.34863009508	8.70821877194
5600.0	100.0	6.79191955273	6.35861304377
5610.0	95.0	4.20383009966	8.72564093732
5610.0	100.0	7.1587602388	6.3314058266
5620.0	95.0	4.045139407	8.69437650356
5620.0	100.0	7.52560092488	6.30395994963
5630.0	95.0	3.88644871435	8.66287341
5630.0	100.0	7.89244161096	6.27675273246
5630.0	103.0	14.3333053608	12.013656998
5630.0	104.0	13.6859146836	12.1160420521
5640.0	95.0	3.72754755658	8.63160897624
5640.0	100.0	8.30726834203	6.23594190671
5640.0	103.0	14.2825832694	11.6186750294
5640.0	104.0	13.594572826	11.7976698792
5650.0	95.0	3.56885686392	8.60034454247
5650.0	100.0	8.72230553821	6.19489242116
5650.0	103.0	14.231861178	11.2236930609
5650.0	104.0	13.5034414336	11.4795363662
5660.0	95.0	3.41016617126	8.56908010871
5660.0	100.0	9.13713226928	6.15408159541
5660.0	103.0	14.1678797847	10.8430306804
5660.0	104.0	13.4270425988	11.1439806878
5670.0	95.0	3.25273826926	8.53351979855
5670.0	100.0	9.56563923248	6.11374808926
5670.0	103.0	14.0906390894	10.4771652074
5670.0	104.0	13.3729530656	10.7826497511
5680.0	95.0	3.09951966946	8.48149196222
5680.0	100.0	10.0076159627	6.07389190271
5680.0	103.0	14.0133983942	10.1112997345
5680.0	104.0	13.3188635324	10.4213188143
5690.0	95.0	2.94651153476	8.42946412588
5690.0	100.0	10.4495926929	6.03403571616
5690.0	103.0	13.895958863	9.76619766407
5690.0	104.0	13.2647739993	10.0597492177
5700.0	95.0	2.79350340006	8.37743628954
5700.0	100.0	10.9267170964	5.9944181894
5700.0	103.0	13.7381100308	9.44233631586
5700.0	104.0	13.1780623741	9.73994508611
5710.0	95.0	2.64028480025	8.3254084532
5710.0	100.0	11.4387787081	5.95456200285
5710.0	103.0	13.5802611986	9.11847496765
5710.0	104.0	13.0879833072	9.42443683088
5720.0	95.0	2.48727666555	8.27314195707
5720.0	100.0	11.9508403199	5.9147058163
5720.0	103.0	13.4203077153	8.78554454705
5720.0	104.0	12.9913798219	9.11322445206
5730.0	95.0	2.33321620531	8.25237855449
5730.0	100.0	12.4862635588	5.85814344377
5730.0	103.0	13.2593019064	8.44855690986
5730.0	104.0	12.8375298267	8.83781104319
5740.0	95.0	2.17873481484	8.2449801007
5740.0	100.0	13.0448379597	5.78463622545
5740.0	103.0	13.0982960975	8.11156927266
5740.0	104.0	12.6836798316	8.56239763432
5750.0	95.0	2.02404295927	8.23758164691
5750.0	100.0	13.6034123606	5.71136766694
5750.0	103.0	12.8756240116	7.80178885263
5750.0	104.0	12.5226740227	8.32922701
5760.0	95.0	1.8695615688	8.22994453332
5760.0	100.0	14.1097914144	5.71136766694
5760.0	103.0	12.5089937906	7.55549193933
5760.0	104.0	12.354301935	8.13829917023
5770.0	95.0	1.71486971323	8.22254607953
5770.0	100.0	14.6106983753	5.71972075993
5770.0	103.0	12.1425740347	7.30919502602
5770.0	104.0	12.2656961239	7.97815844462
5780.0	95.0	1.56038832276	8.21514762574
5780.0	100.0	15.1113948711	5.72783519312
5780.0	103.0	11.8161426497	7.0810362575
5780.0	104.0	12.2570670544	7.84904349298
5790.0	95.0	1.41285228092	8.20989711014
5790.0	103.0	11.651558934	6.92519140829
5790.0	104.0	12.2572775195	7.72326977853
5800.0	95.0	1.28173251762	8.20989711014
5800.0	103.0	11.4867647531	6.76958521887
5800.0	104.0	12.3399903076	7.62947647724
5810.0	95.0	1.15061275432	8.20989711014
5810.0	103.0	11.7018600952	6.64667542202
5810.0	104.0	12.4227030956	7.53568317595
5820.0	95.0	1.01949299103	8.20989711014
5820.0	103.0	11.9754647377	6.52519758397
5820.0	104.0	12.5527705334	7.4113414203
5830.0	95.0	0.888373227729	8.20989711014
5830.0	103.0	12.3963949569	6.38367232274
5830.0	104.0	12.7933321537	7.21516306494
5840.0	95.0	0.757253464433	8.20989711014
5840.0	103.0	12.8173251762	6.2423857213
5840.0	104.0	13.033893774	7.01922336937
5850.0	95.0	0.665701141746	8.20225999655
5850.0	103.0	13.2513042322	6.12973829584
5850.0	104.0	13.3540112057	6.88939243833
5860.0	95.0	0.732208116387	8.164790408
5860.0	103.0	13.7050670086	6.06100427352
5860.0	104.0	13.753894914	6.8256702718
5870.0	95.0	0.798715091029	8.12708215964
5870.0	103.0	14.1586193198	5.99203159141
5870.0	104.0	14.1537786223	6.76194810528
5880.0	95.0	0.865222065671	8.08937391129
5880.0	103.0	14.6123820962	5.92305890929
5880.0	104.0	14.5536623306	6.71230686694
5890.0	95.0	0.931518575203	8.05166566293
5890.0	103.0	15.0659344074	5.85408622717
5890.0	104.0	14.9535460389	6.67650789698
5900.0	95.0	0.998025549844	8.01395741458
5900.0	104.0	15.3534297472	6.64070892703
5910.0	95.0	1.11588601123	7.99987648639
5920.0	95.0	1.28509995937	8.00918421858
5930.0	95.0	1.45431390751	8.01849195077
5940.0	95.0	1.62352785565	8.02779968296
5950.0	95.0	1.79274180379	8.03710741515
5960.0	95.0	1.97837203048	8.06049607552
5970.0	95.0	2.18883714011	8.10488679827
5980.0	95.0	2.39930224973	8.14951618082
5990.0	95.0	2.60976735936	8.19390690356
6000.0	95.0	2.81454991102	8.23614968811
6010.0	95.0	2.9692417666	8.26049298768
6020.0	95.0	3.12393362217	8.28483628725
6020.0	106.0	14.9777495265	4.44217485207
