0.0	2.0	12.375348446	7.92350535049
0.0	5.0	5.76674400374	7.18365997137
0.0	6.0	6.58755793128	6.41994861229
0.0	8.0	7.02953466149	4.5822681545
0.0	9.0	7.02953466149	5.17891765378
10.0	2.0	12.2187624044	7.78890122345
10.0	5.0	5.30245797191	7.23282389012
10.0	6.0	5.99699283367	6.45073572645
10.0	8.0	7.53465092459	4.52761506036
10.0	9.0	7.45572650848	5.17891765378
20.0	2.0	12.062386828	7.65429709641
20.0	5.0	4.83817194007	7.28198780886
20.0	6.0	5.40621727095	6.48152284062
20.0	8.0	8.0397671877	4.47320062603
20.0	9.0	7.88191835548	5.17891765378
30.0	2.0	11.9058007864	7.51969296937
30.0	5.0	4.37388590824	7.3311517276
30.0	6.0	4.81565217334	6.51230995478
30.0	8.0	8.5448834508	4.41854753189
30.0	9.0	8.30811020247	5.17891765378
40.0	2.0	11.7277473037	7.38938471873
40.0	5.0	3.90412778355	7.28938626265
40.0	6.0	4.26402312101	6.47245376823
40.0	8.0	9.01842994745	4.39730680972
40.0	9.0	8.73430204946	5.17891765378
50.0	2.0	11.3554345247	7.29750069584
50.0	5.0	3.4305812869	7.18700120857
50.0	6.0	3.71681383599	6.42472180829
50.0	8.0	9.46040667767	4.40923979971
50.0	9.0	9.20658575546	5.17891765378
60.0	2.0	10.9831217458	7.20561667295
60.0	5.0	2.95703479024	7.08485481429
60.0	6.0	3.16960455096	6.37698984834
60.0	8.0	9.90238340788	4.42117278969
60.0	9.0	9.67886946146	5.17891765378
70.0	2.0	10.5443019922	7.1645671874
70.0	5.0	2.46496736393	6.98795893561
70.0	6.0	2.67101270626	6.30515324863
70.0	8.0	10.3443601381	4.43310577968
70.0	9.0	10.1511531675	5.17891765378
80.0	2.0	10.0391857291	7.17411357939
80.0	5.0	1.96826970522	6.89249501572
80.0	6.0	2.1776824893	6.23045273132
80.0	8.0	10.762764776	4.43907227467
80.0	9.0	10.6234368735	5.17891765378
90.0	2.0	9.53406946604	7.18365997137
90.0	5.0	1.4780964649	6.81540790042
90.0	6.0	1.68435227233	6.15599087381
90.0	8.0	11.1573868566	4.43907227467
90.0	9.0	11.0576263946	5.17891765378
100.0	2.0	9.06767878311	7.20943522974
100.0	5.0	1.00307671248	6.78127954906
100.0	6.0	1.2156464732	6.09417798568
100.0	8.0	11.5520089371	4.43907227467
100.0	9.0	11.4878170787	5.17891765378
110.0	2.0	8.60128810018	7.23521048811
110.0	5.0	0.52805696005	6.7471511977
110.0	6.0	0.757674394652	6.03809293275
110.0	8.0	11.9466310177	4.43907227467
110.0	9.0	11.9177972977	5.17891765378
110.0	10.0	14.9884832471	6.01494293218
120.0	2.0	8.13468695214	7.26098574648
120.0	5.0	0.052826742516	6.71326150614
120.0	6.0	0.299702316107	5.98200787982
120.0	8.0	12.3496717026	4.43907227467
120.0	9.0	12.3479879817	5.17891765378
120.0	10.0	14.5082018669	6.09704190328
130.0	2.0	7.66534975767	7.28413574705
130.0	6.0	-0.158480227548	5.92568416709
130.0	8.0	12.7611309919	4.43907227467
130.0	9.0	12.763235643	5.19156662317
130.0	10.0	14.0281309519	6.17914087438
140.0	2.0	7.18948814481	7.30131925263
140.0	8.0	13.1728007464	4.43907227467
140.0	9.0	13.1437565612	5.23357074792
140.0	10.0	13.54448213	6.25789860829
150.0	2.0	6.71341606684	7.31826409841
150.0	8.0	13.5842600357	4.43907227467
150.0	9.0	13.5244879445	5.27581353247
150.0	10.0	13.0294740067	6.30825582603
160.0	2.0	6.23734398886	7.33544760399
160.0	8.0	13.9959297901	4.43907227467
160.0	9.0	13.9052193278	5.31781765722
160.0	10.0	12.5144658834	6.35837438397
170.0	2.0	5.76085098067	7.34952853218
170.0	8.0	14.4673716357	4.45816505865
170.0	9.0	14.2859507112	5.36006044176
170.0	10.0	11.9992472951	6.40873160171
180.0	2.0	5.2805696005	7.33735688239
180.0	8.0	14.9388134812	4.47725784262
180.0	9.0	14.6666820945	5.40206456651
180.0	10.0	11.488448474	6.46935119083
180.0	12.0	0.332324408099	4.94670166866
190.0	2.0	4.80028822034	7.32494657281
190.0	8.0	15.4102553268	4.4963506266
190.0	9.0	15.0474134778	5.44430735106
190.0	10.0	10.987331048	6.55455273933
190.0	12.0	0.912576715336	5.05529187753
200.0	2.0	4.32000684017	7.31277492302
200.0	9.0	15.427934396	5.48631147581
200.0	10.0	10.486213622	6.63975428783
200.0	12.0	1.49303948768	5.1636434266
210.0	2.0	3.83909406468	7.29392079884
210.0	10.0	9.98509619596	6.72519449613
210.0	12.0	2.0749755158	5.2505155937
220.0	2.0	3.35544524276	7.2488140967
220.0	10.0	9.4894508628	6.81660119942
220.0	12.0	2.6632254972	5.2505155937
230.0	2.0	2.87200688595	7.20370739455
230.0	10.0	9.0434752955	6.96433161544
230.0	12.0	3.2514754786	5.2505155937
240.0	2.0	2.38856852914	7.1586006924
240.0	10.0	8.5974997282	7.11206203146
240.0	12.0	3.83972546001	5.2505155937
250.0	2.0	1.9089185443	7.10991409326
250.0	10.0	8.15152416091	7.25979244748
250.0	12.0	4.4342893947	5.25409549069
260.0	2.0	1.43305693144	7.05812491673
260.0	10.0	7.70554859361	7.40752286351
260.0	12.0	5.0442172824	5.26650580028
270.0	2.0	0.957195318577	7.00633574019
270.0	10.0	7.25368000324	7.497497608
270.0	12.0	5.65393470498	5.27867745006
280.0	2.0	0.481333705714	6.95430790385
280.0	10.0	6.80118001755	7.5810285379
280.0	12.0	6.26386259267	5.29084909985
290.0	2.0	0.00547209285026	6.90251872731
290.0	10.0	6.34868003185	7.6645594678
290.0	12.0	6.86495094577	5.32068157481
300.0	10.0	5.89618004616	7.7480903977
300.0	12.0	7.45299046206	5.37676662774
310.0	10.0	5.44620564178	7.76121668668
310.0	12.0	8.04102997835	5.43309034048
320.0	10.0	4.99665216762	7.76670586207
320.0	12.0	8.62906949465	5.48917539341
330.0	10.0	4.54709869346	7.77219503747
330.0	12.0	9.20784854612	5.58607127209
340.0	10.0	4.09733475419	7.77768421286
340.0	12.0	9.78662759759	5.68296715078
340.0	18.0	0.0774511603422	4.77438929327
350.0	10.0	3.64462430339	7.81730173961
350.0	12.0	10.3654066491	5.78010168926
350.0	18.0	0.431453474732	4.78512898425
360.0	10.0	3.18854641083	7.89104761773
360.0	12.0	10.9568136071	5.80420632903
360.0	18.0	0.785455789122	4.79586867524
370.0	10.0	2.73246851827	7.96503215564
370.0	12.0	11.5513775418	5.81017282402
370.0	18.0	1.13945810351	4.80684702603
380.0	10.0	2.27660109082	8.03877803375
380.0	12.0	12.1459414765	5.81613931902
380.0	18.0	1.49324995279	4.81758671702
390.0	10.0	1.85314529025	8.14235638682
390.0	12.0	12.7405054112	5.82210581401
390.0	18.0	1.90071040503	4.82092795421
400.0	10.0	1.50587785937	8.31538474162
400.0	12.0	13.3043414399	5.80969550442
400.0	18.0	2.33111155421	4.82092795421
410.0	10.0	1.15861042849	8.48841309641
410.0	12.0	13.8606007246	5.79251199885
410.0	18.0	2.76130223829	4.82092795421
420.0	10.0	0.811342997606	8.6614414512
420.0	12.0	14.4168600093	5.77556715307
420.0	18.0	3.19149292236	4.82092795421
430.0	10.0	0.52847789027	8.85260795077
430.0	12.0	14.9731192941	5.75862230729
430.0	18.0	3.61558011826	4.82498517081
440.0	10.0	0.395674406096	9.08625589469
440.0	18.0	4.01399057078	4.84527125378
450.0	10.0	0.263081387032	9.31966517881
450.0	18.0	4.41261148841	4.86555733676
450.0	19.0	15.4100448617	4.22618773333
460.0	10.0	0.130488367968	9.55307446293
460.0	18.0	4.81123240604	4.88584341973
460.0	19.0	14.7161413952	4.1617495874
470.0	10.0	-0.00231511620588	9.78672240685
470.0	18.0	5.20964285856	4.90612950271
470.0	19.0	14.0220274637	4.09731144148
480.0	18.0	5.63478238	4.95362280285
480.0	19.0	13.3281239973	4.03263463576
490.0	18.0	6.08644050526	5.02832332016
490.0	19.0	12.6342205308	3.96819648984
500.0	18.0	6.53809863052	5.10278517767
500.0	19.0	11.9775693888	3.90447432331
510.0	18.0	6.98954629066	5.17748569498
510.0	19.0	11.3251275489	3.84075215679
520.0	18.0	7.44120441592	5.25194755249
520.0	19.0	10.6726857091	3.77726865006
530.0	18.0	7.87497300686	5.29419033704
530.0	19.0	10.0556020077	3.69612431816
540.0	18.0	8.30074392363	5.32259085321
540.0	19.0	9.44251714335	3.61307070786
550.0	18.0	8.72672530551	5.35099136938
550.0	19.0	8.80796483783	3.62762895564
560.0	18.0	9.15270668739	5.37939188554
560.0	19.0	8.15910090485	3.70710266895
570.0	18.0	9.59636713849	5.4113722987
570.0	19.0	7.51234162297	3.79755473304
580.0	18.0	10.0574961937	5.44693260886
580.0	19.0	6.87421141059	3.93192020028
590.0	18.0	10.518835714	5.48249291902
590.0	19.0	6.23629166331	4.06604700772
600.0	18.0	10.9799647692	5.51805322917
600.0	19.0	5.59837191604	4.20041247496
610.0	18.0	11.4413042895	5.55361353933
610.0	19.0	4.94782426219	4.22929031072
610.0	21.0	15.2561948665	2.82310677081
620.0	18.0	11.8912786938	5.5805820967
620.0	19.0	4.29727660833	4.25816814649
620.0	21.0	14.7424495339	2.78802378025
630.0	18.0	12.3385170518	5.60540271587
630.0	19.0	3.64672895448	4.28728464205
630.0	21.0	14.2287042013	2.75294078969
640.0	18.0	12.7857554098	5.63046199484
640.0	19.0	2.9976545564	4.27773825006
640.0	21.0	13.7149588687	2.71785779914
650.0	18.0	13.2329937677	5.65528261401
650.0	19.0	2.34921155364	4.25196299169
650.0	21.0	13.1862705134	2.69112790157
660.0	18.0	13.6802321257	5.68010323318
660.0	19.0	1.70076855088	4.22618773333
660.0	21.0	12.6352728564	2.67728563319
670.0	18.0	14.0695925785	5.72783519312
670.0	19.0	1.05232554813	4.20041247496
670.0	21.0	12.0844856645	2.663204705
680.0	18.0	14.4589530313	5.77556715307
680.0	19.0	0.452499985695	4.15268051501
680.0	21.0	11.5334880075	2.64912377682
680.0	24.0	15.2751367264	4.22690371272
690.0	18.0	14.8483134841	5.82329911301
690.0	19.0	-0.147325576738	4.10494855507
690.0	21.0	10.9898566293	2.71547120114
690.0	24.0	14.729190232	4.29778567324
700.0	18.0	15.2376739369	5.87103107295
700.0	21.0	10.446014786	2.78181862546
700.0	24.0	14.1830332726	4.36866763375
710.0	21.0	9.90238340788	2.84792738998
710.0	24.0	13.6370867782	4.43978825407
710.0	25.0	14.8697809253	4.68465320858
720.0	21.0	9.36759156432	2.90735368011
720.0	24.0	13.0909298187	4.51067021458
720.0	25.0	14.3185728032	4.82092795421
730.0	21.0	8.84626948778	2.95604027925
730.0	24.0	12.5887600671	4.57033516451
730.0	25.0	13.721272822	4.98440991702
740.0	21.0	8.32494741124	3.00496553819
740.0	24.0	12.0863798505	4.63000011444
740.0	25.0	13.0162147048	5.21113672674
740.0	27.0	14.8649402277	4.77773053046
740.0	28.0	14.9851158053	3.70543205035
750.0	21.0	7.80341486959	3.05365213733
750.0	24.0	11.5842100989	4.68966506437
750.0	25.0	12.3355705403	5.44406869126
750.0	27.0	14.3015251293	4.90875476051
750.0	28.0	14.3537204765	3.73621916451
750.0	30.0	0.0420930219251	5.53690735335
760.0	21.0	7.28209279304	3.10257739627
760.0	24.0	11.0820403473	4.7493300143
760.0	25.0	11.7119624204	5.69155890357
760.0	27.0	13.7378995657	5.03954033075
760.0	28.0	13.7223251476	3.76700627868
760.0	30.0	0.618977887409	5.63404189184
770.0	21.0	6.76624280935	3.0791887359
770.0	24.0	10.5786078051	4.79992589184
770.0	25.0	11.0883543006	5.93904911587
770.0	27.0	13.179746095	5.21853518053
770.0	28.0	13.0934554	3.82356865121
770.0	30.0	1.19565228778	5.73141509012
780.0	21.0	6.25039282566	3.05580007553
780.0	24.0	10.0743334024	4.84431661458
780.0	25.0	10.4742171107	6.20778005035
780.0	27.0	12.6337996006	5.50922281659
780.0	28.0	12.4875263494	4.11282432846
780.0	30.0	1.77632552524	5.828072309
790.0	21.0	5.73454284197	3.03241141516
790.0	24.0	9.57026946489	4.88870733733
790.0	25.0	9.86618340903	6.49059191301
790.0	27.0	12.0878531062	5.80014911244
790.0	28.0	11.8818077639	4.40208000571
790.0	30.0	2.36562783219	5.92353622889
800.0	21.0	5.21869285827	3.00902275479
800.0	24.0	9.06620552734	4.93309806008
800.0	25.0	9.25814970732	6.77340377567
800.0	27.0	11.5423275421	6.08510891329
800.0	28.0	11.2758787133	4.69157434277
800.0	30.0	2.95493013914	6.01900014877
810.0	21.0	4.70284287458	2.98563409442
810.0	24.0	8.56487763621	4.96078259684
810.0	25.0	8.63601484326	6.97674192502
810.0	27.0	10.9991170941	6.31613159942
810.0	28.0	10.7364566373	5.03882435135
810.0	30.0	3.54423244609	6.11446406866
820.0	21.0	4.19667428593	2.99183924921
820.0	24.0	8.07070555881	4.94980424606
820.0	25.0	8.01240672344	7.17124966179
820.0	27.0	10.4561171113	6.54691562574
820.0	28.0	10.213661305	5.40063260772
820.0	30.0	4.11901266048	6.16768520399
830.0	21.0	3.69155802283	3.0013856412
830.0	24.0	7.5763230163	4.93858723547
830.0	25.0	7.38585209209	7.35072183117
830.0	27.0	9.91290666336	6.77793831186
830.0	28.0	9.69086597271	5.76244086408
830.0	30.0	4.69042543311	6.21016664834
840.0	21.0	3.18644175973	3.01093203318
840.0	24.0	7.08194047379	4.92760888468
840.0	25.0	6.74751141459	7.47005173103
840.0	27.0	9.36127761103	7.00848367839
840.0	28.0	9.16133575689	6.01351097338
840.0	30.0	5.26162774064	6.25288675249
850.0	21.0	2.68132549663	3.02047842517
850.0	24.0	6.58755793128	4.9163918741
850.0	25.0	6.1091707371	7.58938163089
850.0	27.0	8.80985902381	7.23879038511
850.0	28.0	8.62906949465	6.21708778254
850.0	30.0	5.87555446542	6.21303056594
860.0	21.0	2.17620923353	3.03002481716
860.0	24.0	6.11022306265	4.92211970929
860.0	25.0	5.47083005961	7.70632493275
860.0	27.0	8.25654625061	7.45549348325
860.0	28.0	8.0968032324	6.42066459169
860.0	30.0	6.48927072508	6.17341303919
870.0	21.0	1.66309529626	3.01594388898
870.0	24.0	5.63267772891	4.92808620428
870.0	25.0	4.83248938211	7.81419916222
870.0	27.0	7.68892184995	7.54952544434
870.0	28.0	7.54517418008	6.58891975049
870.0	30.0	7.07920442736	6.14429654362
880.0	21.0	1.14913949856	2.999237703
880.0	24.0	5.15534286028	4.93381403948
880.0	25.0	4.19435916973	7.92207339169
880.0	27.0	7.12129744929	7.64355740542
880.0	28.0	6.94892652451	6.67507593819
880.0	30.0	7.65335324642	6.12281716165
890.0	21.0	0.635394165959	2.98277017682
890.0	24.0	4.67800799165	4.93978053447
890.0	25.0	3.56275337574	8.02875432216
890.0	27.0	6.55367304863	7.73758936651
890.0	28.0	6.35246840383	6.76147078568
890.0	30.0	8.22729160037	6.10109911987
900.0	21.0	0.121438368254	2.96606399084
900.0	24.0	4.20046265791	4.93190476108
900.0	25.0	2.99049874267	8.12565020084
900.0	27.0	5.97847190402	7.81181256422
900.0	28.0	5.75622074826	6.84762697338
900.0	30.0	8.80796483783	6.06911870671
910.0	24.0	3.72270685906	4.92283568869
910.0	25.0	2.41845457471	8.22254607953
910.0	27.0	5.40158703854	7.88126256594
910.0	28.0	5.20669634703	6.96504759484
910.0	30.0	9.4042124934	6.01351097338
920.0	24.0	3.24516152532	4.9135279565
920.0	25.0	1.84619994164	8.31944195821
920.0	27.0	4.82449170795	7.95047390785
920.0	28.0	4.67716613121	7.09583316508
920.0	30.0	10.0006706141	5.95766458025
930.0	24.0	2.76761619158	4.90445888411
930.0	25.0	1.38738600265	8.54402082974
930.0	27.0	4.25202660976	7.98746617681
930.0	28.0	4.14742545028	7.22685739512
930.0	30.0	10.5626124568	5.92067231129
940.0	24.0	2.29007085784	4.89538981172
940.0	25.0	0.941199970245	8.78268062945
940.0	27.0	3.68187662779	8.01061617738
940.0	28.0	3.58485221225	7.25525791129
940.0	30.0	11.0443670927	5.92687746608
950.0	24.0	1.8169452914	4.89610579112
950.0	25.0	0.625923236026	9.05308218253
950.0	27.0	3.1115161807	8.03352751815
950.0	28.0	3.00039060282	7.21540172474
950.0	30.0	11.5263321938	5.93332128068
960.0	24.0	1.34550344584	4.90135630672
960.0	25.0	0.507220914198	9.37145435535
960.0	27.0	2.54157666384	8.00083112559
960.0	28.0	2.41571852828	7.17578419798
960.0	30.0	12.0080868297	5.93952643547
970.0	24.0	0.874272065384	4.90660682231
970.0	25.0	0.388518592369	9.68958786837
970.0	27.0	1.9722685423	7.93042648468
970.0	28.0	1.83104645374	7.13592801143
970.0	30.0	12.3675612369	5.95265272445
980.0	24.0	0.403040684933	4.9116186781
980.0	25.0	0.26981627054	10.0077213814
980.0	27.0	1.40274995565	7.86026050356
980.0	28.0	1.28004879674	7.01659811158
980.0	30.0	12.6043344853	5.97246148783
990.0	24.0	-0.0681906955187	4.9168691937
990.0	25.0	0.151113948711	10.3260935542
990.0	27.0	0.830705787692	7.77887751186
990.0	28.0	0.729261604852	6.89726821172
990.0	30.0	12.8175356413	5.99036097281
1000.0	27.0	0.248769759577	7.65262647781
1000.0	28.0	0.178263947853	6.77793831186
1000.0	30.0	12.818798432	5.99059963261
1010.0	27.0	-0.332955803428	7.52613678396
1010.0	30.0	12.8202716877	5.99083829241
1020.0	30.0	12.8215344784	5.99107695221
1030.0	30.0	12.8230077342	5.99131561201
1040.0	30.0	12.8244809899	5.99179293161
1050.0	30.0	12.8257437806	5.99203159141
1060.0	30.0	12.8272170363	5.99227025121
1070.0	30.0	12.828479827	5.99250891101
1080.0	30.0	12.8299530828	5.9927475708
1090.0	30.0	12.8312158734	5.9929862306
1100.0	30.0	12.8326891292	5.9932248904
1110.0	30.0	12.834162385	5.9934635502
1120.0	30.0	12.8354251756	5.99370221
1130.0	30.0	12.8368984314	5.9939408698
1140.0	30.0	12.838161222	5.9944181894
1150.0	30.0	12.8396344778	5.9946568492
1160.0	30.0	12.8408972685	5.994895509
1170.0	30.0	12.8423705242	5.9951341688
1180.0	30.0	12.84384378	5.9953728286
1190.0	30.0	12.8451065707	5.9956114884
1190.0	31.0	-0.0858697647272	9.72944405492
1200.0	30.0	12.8465798264	5.9958501482
1200.0	31.0	0.343689524018	9.29174198224
1210.0	30.0	12.8478426171	5.996088808
1210.0	31.0	0.773459277874	8.85427856937
1220.0	30.0	12.8493158729	5.9963274678
1220.0	31.0	1.23269414708	8.50321000399
1230.0	30.0	12.8505786635	5.9965661276
1230.0	31.0	1.73633715441	8.28149505006
1240.0	30.0	12.8520519193	5.9968047874
1240.0	31.0	2.23998016174	8.05978009612
1250.0	30.0	12.8535251751	5.997282107
1250.0	31.0	2.81581270168	7.85763524577
1260.0	30.0	12.8547879657	5.9975207668
1260.0	31.0	3.44005221683	7.66837802459
1270.0	30.0	12.8562612215	5.9977594266
1270.0	31.0	4.06408126687	7.47912080342
1280.0	30.0	12.8575240121	5.9979980864
1280.0	31.0	4.66117078288	7.27100945807
1290.0	30.0	12.8589972679	5.9982367462
1290.0	31.0	5.24647425275	7.05454501973
1300.0	30.0	12.8602600586	5.998475406
1300.0	31.0	5.83177772261	6.83831924119
1310.0	30.0	12.8617333143	5.9987140658
1310.0	31.0	6.43118235483	6.63474243203
1320.0	30.0	12.8632065701	5.9989527256
1320.0	31.0	7.04447768428	6.44381459226
1330.0	30.0	12.8644693608	5.9991913854
1330.0	31.0	7.65798347883	6.25288675249
1340.0	30.0	12.8659426165	5.9994300452
1340.0	31.0	8.27127880828	6.06195891272
1350.0	30.0	12.8672054072	5.9999073648
1350.0	31.0	8.92477297367	5.88606664033
1360.0	30.0	12.8686786629	6.0001460246
1360.0	31.0	9.57847760417	5.71017436794
1370.0	30.0	12.8699414536	6.0003846844
1370.0	31.0	10.2319717696	5.53428209556
1380.0	30.0	12.8714147094	6.0006233442
1380.0	31.0	10.8871496558	5.38177848354
1390.0	30.0	12.8728879651	6.00086200399
1390.0	31.0	11.5484310303	5.32211353361
1400.0	30.0	12.8741507558	6.00110066379
1400.0	31.0	12.2099228698	5.26244858368
1410.0	30.0	12.8756240116	6.00133932359
1410.0	31.0	12.8659426165	5.27796147066
1420.0	30.0	12.8768868022	6.00157798339
1420.0	31.0	13.5135437588	5.40659910271
1430.0	30.0	12.878360058	6.00181664319
1430.0	31.0	14.1611449012	5.53499807495
1440.0	30.0	12.8796228486	6.00205530299
1440.0	31.0	14.8087460435	5.663635707
1450.0	30.0	12.8810961044	6.00229396279
1450.0	31.0	15.4561367207	5.79203467925
1460.0	30.0	12.8825693602	6.00277128239
1470.0	30.0	12.8838321508	6.00300994219
1480.0	30.0	12.8853054066	6.00324860199
1490.0	30.0	12.8865681973	6.00348726179
1500.0	30.0	12.888041453	6.00372592159
1510.0	30.0	12.8893042437	6.00396458139
1520.0	30.0	12.8907774995	6.00420324119
1530.0	30.0	12.8922507552	6.00444190099
1530.0	33.0	0.0833441834117	8.76143990728
1540.0	30.0	12.8935135459	6.00468056079
1540.0	33.0	0.496487193607	8.54927134534
1550.0	30.0	12.8949868016	6.00491922059
1550.0	33.0	0.909630203802	8.33710278339
1560.0	30.0	12.8962495923	6.00539654019
1560.0	33.0	1.33119181838	8.18006463518
1570.0	30.0	12.8977228481	6.00563519999
1570.0	33.0	1.76517087443	8.10560277767
1580.0	30.0	12.8989856387	6.00587385979
1580.0	33.0	2.19936039559	8.03090226036
1590.0	30.0	12.9004588945	6.00611251959
1590.0	33.0	2.62660456813	7.96813473303
1590.0	34.0	14.7887518581	4.80111919084
1600.0	30.0	12.9019321503	6.00635117939
1600.0	33.0	3.02648827642	7.95214452645
1600.0	34.0	14.2274414107	4.80899496423
1610.0	30.0	12.9031949409	6.00658983919
1610.0	33.0	3.4263719847	7.93615431987
1610.0	34.0	13.6661309633	4.81687073762
1620.0	30.0	12.9046681967	6.00682849899
1620.0	33.0	3.82899173942	7.90703782431
1620.0	34.0	13.1142914459	4.82092795421
1630.0	30.0	12.9059309873	6.00706715879
1630.0	33.0	4.24276614494	7.82470019341
1630.0	34.0	12.5715019282	4.82092795421
1640.0	30.0	12.9074042431	6.00730581859
1640.0	33.0	4.65633008536	7.7423625625
1640.0	34.0	12.0287124104	4.82092795421
1650.0	30.0	12.9086670338	6.00754447839
1650.0	33.0	5.09704402491	7.67171926179
1650.0	34.0	11.4859228927	4.82092795421
1650.0	36.0	0.190681389321	6.60037542088
1660.0	30.0	12.9101402895	6.00778313819
1660.0	33.0	5.60089749735	7.62852183804
1660.0	34.0	10.9685996532	4.79992589184
1660.0	36.0	0.487858124112	6.81803315821
1670.0	30.0	12.9116135453	6.00826045779
1670.0	33.0	6.1047509698	7.58508575449
1670.0	34.0	10.4620101344	4.77009341687
1670.0	36.0	0.784824393794	7.03545223575
1680.0	30.0	12.912876336	6.00849911759
1680.0	33.0	6.60860444224	7.54164967095
1680.0	34.0	9.95563108062	4.74026094191
1680.0	36.0	1.08389531457	7.25048471529
1680.0	39.0	0.136381391037	4.95600940085
1690.0	30.0	12.9143495917	6.00873777739
1690.0	33.0	7.11372070534	7.39845379112
1690.0	34.0	9.45914388701	4.73548774591
1690.0	36.0	1.39959297901	7.44141255507
1690.0	39.0	0.608244166818	4.9147212555
1700.0	30.0	12.9156123824	6.00897643719
1700.0	33.0	7.61883696844	7.25525791129
1700.0	34.0	8.97233808845	4.75529650929
1700.0	36.0	1.71529064345	7.63234039484
1700.0	39.0	1.07989647749	4.87367176995
1710.0	30.0	12.9170856382	6.00921509698
1710.0	33.0	8.12395323155	7.11206203146
1710.0	34.0	8.48574275499	4.77510527267
1710.0	36.0	2.03098830789	7.82326823461
1710.0	39.0	1.55260111371	4.83667950099
1720.0	30.0	12.9183484288	6.00945375678
1720.0	33.0	8.59560554222	6.94738676966
1720.0	34.0	7.99893695643	4.79515269584
1720.0	36.0	2.33553132151	8.01109349698
1720.0	39.0	2.02762086613	4.80923362403
1730.0	30.0	12.9198216846	6.00969241658
1730.0	33.0	9.067468318	6.78295016766
1730.0	34.0	7.51234162297	4.81496145922
1730.0	36.0	2.5407348034	8.17004092359
1730.0	39.0	2.50264061856	4.78202640686
1740.0	30.0	12.9212949403	6.00993107638
1740.0	33.0	9.53575318691	6.60634191587
1740.0	34.0	7.06341954414	4.82092795421
1740.0	36.0	2.74572782017	8.32922701
1740.0	39.0	2.97787083609	4.75481918969
1750.0	30.0	12.922557731	6.01016973618
1750.0	33.0	9.97373108004	6.32257541401
1750.0	34.0	6.63091374386	4.82092795421
1750.0	36.0	2.95093130206	8.48841309641
1750.0	39.0	3.44110454238	4.8268944492
1760.0	30.0	12.9240309868	6.01040839598
1760.0	33.0	10.4117089732	6.03880891215
1760.0	34.0	6.19819747847	4.82092795421
1760.0	36.0	3.13782431941	8.62373320285
1760.0	39.0	3.90139173713	4.92379032789
1770.0	30.0	12.9252937774	6.01088571558
1770.0	33.0	10.8496868663	5.75504241029
1770.0	34.0	5.76548121308	4.82092795421
1770.0	36.0	3.25189640882	8.6647826884
1770.0	39.0	4.36188939699	5.02068620657
1780.0	30.0	12.9267670332	6.01112437538
1780.0	33.0	11.2950310383	5.47962900142
1780.0	34.0	5.3329754128	4.82092795421
1780.0	36.0	3.36617896335	8.70559351415
1780.0	39.0	4.81607310356	5.10397847667
1790.0	30.0	12.9280298239	6.01136303518
1790.0	33.0	11.7508984657	5.21710322174
1790.0	34.0	4.89457658945	4.81782537682
1790.0	36.0	3.48046151788	8.7466429997
1790.0	39.0	5.26604750794	5.17820167438
1800.0	30.0	12.9295030796	6.01160169498
1800.0	33.0	12.2069763583	4.95457744205
1800.0	34.0	4.44291846419	4.80804032503
1800.0	36.0	3.51981849338	8.7416311439
1800.0	39.0	5.71602191232	5.25218621229
1810.0	30.0	12.9309763354	6.01184035478
1810.0	33.0	12.6272751822	4.661503208
1810.0	34.0	3.99147080405	4.79801661344
1810.0	36.0	3.52718477221	8.71681052473
1810.0	39.0	6.15484166589	5.2431171399
1820.0	30.0	12.9322391261	6.01207901458
1820.0	33.0	12.9939054032	4.32284495221
1820.0	34.0	3.53981267879	4.78799290185
1820.0	36.0	3.53434058594	8.69222856536
1820.0	39.0	6.58882072194	5.19824909756
1830.0	30.0	12.9337123818	6.01231767438
1830.0	33.0	13.3605356241	3.98418669642
1830.0	34.0	3.08815455354	4.77820785006
1830.0	36.0	3.54170686478	8.66740794619
1830.0	39.0	7.02301024309	5.15361971501
1840.0	30.0	12.9349751725	6.01255633418
1840.0	33.0	13.694333288	3.69516967896
1840.0	34.0	2.63523363762	4.76364960228
1840.0	36.0	3.54886267851	8.64282598682
1840.0	39.0	7.47824627521	5.12068466265
1850.0	30.0	12.9364484282	6.01279499398
1850.0	33.0	13.951521652	3.52285730357
1850.0	34.0	2.18083946594	4.7447954781
1850.0	36.0	3.55622895734	8.61800536765
1850.0	39.0	7.95494974852	5.09968260028
1860.0	30.0	12.9377112189	6.01303365378
1860.0	33.0	14.172299552	3.28753874105
1860.0	34.0	1.72644529426	4.72594135393
1860.0	36.0	3.56338477107	8.59342340828
1860.0	39.0	8.43165322182	5.0784418781
1870.0	30.0	12.9391844747	6.01327231358
1870.0	33.0	14.3564565229	2.98921399141
1870.0	34.0	1.27205112258	4.70684856995
1870.0	36.0	3.57075104991	8.56860278911
1870.0	39.0	8.90435785804	5.05362125893
1880.0	30.0	12.9406577304	6.01374963318
1880.0	33.0	14.6008065152	2.59900521888
1880.0	34.0	0.817867416005	4.68799444577
1880.0	36.0	3.57790686363	8.54402082974
1880.0	39.0	9.3429671465	4.993956309
1890.0	30.0	12.9419205211	6.01398829298
1890.0	33.0	14.8521018561	2.19877273476
1890.0	34.0	0.363473244323	4.66890166179
1890.0	36.0	3.69703011568	8.53041722116
1890.0	39.0	9.78136596985	4.93429135908
1890.0	41.0	0.0170476738797	7.6597862718
1890.0	42.0	-0.1683720877	5.45337642345
1900.0	30.0	12.9433937769	6.01422695278
1900.0	33.0	15.1031867318	1.79830159084
1900.0	34.0	-0.0909209273582	4.65004753762
1900.0	36.0	3.81615336773	8.51705227237
1900.0	39.0	10.2197647932	4.87462640915
1900.0	41.0	0.352739523732	7.6662300864
1900.0	42.0	0.41040696377	5.42354394849
1900.0	43.0	0.248559294468	5.81208210242
1910.0	30.0	12.8326891292	6.10730427467
1910.0	36.0	3.93527661978	8.50344866379
1910.0	39.0	10.6495345471	4.82092795421
1910.0	41.0	0.688220908475	7.67267390099
1910.0	42.0	0.98918601524	5.39371147352
1910.0	43.0	0.866905786548	5.77485117367
1910.0	45.0	-0.034305812869	7.14953162002
1920.0	30.0	12.6942030871	6.22377025693
1920.0	36.0	4.05439987183	8.49008371501
1920.0	39.0	11.0704647663	4.77319599427
1920.0	41.0	1.02391275833	7.67911771558
1920.0	42.0	1.57448948511	5.34216095679
1920.0	43.0	1.48504181352	5.73762024491
1920.0	45.0	0.314434873781	7.11540326866
1930.0	30.0	12.5555065798	6.34023623919
1930.0	36.0	4.17352312387	8.47648010642
1930.0	39.0	11.4913949856	4.72546403433
1930.0	41.0	1.35960460818	7.68269761258
1930.0	42.0	2.18546969835	5.20349961315
1930.0	43.0	2.10233598005	5.69108158397
1930.0	45.0	0.66317556043	7.0812749173
1940.0	30.0	12.4170205377	6.45670222145
1940.0	36.0	4.36925567583	8.40559814591
1940.0	39.0	11.9123252048	4.67773207438
1940.0	41.0	1.69634878358	7.6624115296
1940.0	42.0	2.79644991159	5.06507692932
1940.0	43.0	2.7112115422	5.56339859112
1940.0	45.0	1.01212671219	7.04738522574
1950.0	30.0	12.1996100794	6.53020943976
1950.0	36.0	4.59782078488	8.31013422602
1950.0	39.0	12.2806391466	4.76388826208
1950.0	41.0	2.03309295898	7.64188678682
1950.0	42.0	3.40427314819	4.93118878168
1950.0	43.0	3.32008710434	5.43547693847
1950.0	45.0	1.36360344526	7.01874604977
1950.0	47.0	0.0616662771203	5.66769292359
1960.0	30.0	11.9487356688	6.58510119369
1960.0	36.0	4.82617542882	8.21467030614
1960.0	39.0	12.6489530885	4.85004444978
1960.0	41.0	2.36983713438	7.62136204405
1960.0	42.0	3.98305219966	4.84169135679
1960.0	43.0	3.92306964342	5.31018054362
1960.0	45.0	1.74138831704	7.03974811215
1960.0	47.0	0.498170914484	5.79155735965
1970.0	30.0	11.6989135836	6.63999294763
1970.0	36.0	5.06652658402	8.11443319026
1970.0	39.0	13.0172670303	4.93620063747
1970.0	41.0	2.69900456584	7.61324761086
1970.0	42.0	4.56183125113	4.75219393189
1970.0	43.0	4.51237195037	5.19085064377
1970.0	45.0	2.11896272371	7.06075017452
1970.0	47.0	0.934675551847	5.9151831359
1970.0	50.0	-0.186893017347	5.18655476737
1980.0	30.0	11.4600356842	6.69154346437
1980.0	36.0	5.35339052843	7.9951032904
1980.0	39.0	13.3750577167	5.05553053733
1980.0	41.0	3.02333129977	7.61324761086
1980.0	42.0	5.1406103026	4.662696507
1980.0	43.0	5.10167425732	5.07152074391
1980.0	45.0	2.49653713038	7.0819908967
1980.0	47.0	1.36297204993	6.01231767438
1980.0	50.0	0.385572080834	5.1674619834
1980.0	51.0	15.0693018492	5.54549910614
1990.0	30.0	11.2211577848	6.7430939811
1990.0	36.0	5.64046493796	7.87577339054
1990.0	39.0	13.7170635198	5.22474033533
1990.0	41.0	3.34744756859	7.61324761086
1990.0	42.0	5.72086260984	4.56914186551
1990.0	43.0	5.69413354092	4.96627177224
1990.0	45.0	2.88105688566	7.04428264834
1990.0	47.0	1.75864645603	6.00277128239
1990.0	50.0	0.958037179015	5.14836919942
1990.0	51.0	14.6483716299	5.45958157824
2000.0	30.0	10.9822798854	6.79464449784
2000.0	36.0	5.92753934749	7.75644349069
2000.0	39.0	14.059069323	5.39371147352
2000.0	41.0	3.67177430253	7.61324761086
2000.0	42.0	6.30111491708	4.47534856423
2000.0	43.0	6.29353817313	4.89395785292
2000.0	45.0	3.2689440827	6.98151512102
2000.0	47.0	2.15432086213	5.9932248904
2000.0	50.0	1.53134413764	5.11877538425
2000.0	51.0	14.2274414107	5.37366405035
2010.0	30.0	10.7486636137	6.87220893275
2010.0	36.0	6.21440329191	7.63711359083
2010.0	39.0	14.425699544	5.27820013046
2010.0	41.0	4.00409871063	7.50585070099
2010.0	42.0	6.88157768943	4.38131660314
2010.0	43.0	6.89315327046	4.82164393361
2010.0	45.0	3.65662081463	6.91850893389
2010.0	47.0	2.53357898967	5.9968047874
2010.0	50.0	2.1122278402	4.9946722884
2010.0	51.0	13.7515797978	5.3345238432
2020.0	30.0	10.5228345511	6.98867491501
2020.0	36.0	6.52799630526	7.57339142431
2020.0	39.0	14.7923297649	5.1626887874
2020.0	41.0	4.33726497916	7.38652080113
2020.0	42.0	7.48897999581	4.26580526008
2020.0	43.0	7.49255790267	4.7493300143
2020.0	45.0	4.04429754656	6.85574140657
2020.0	47.0	2.90610223371	6.00587385979
2020.0	50.0	2.69311154277	4.87056919255
2020.0	51.0	13.1934263271	5.36578827696
2020.0	53.0	14.8142181363	6.96982079083
2030.0	30.0	10.2967950233	7.10514089727
2030.0	36.0	6.84790327189	7.52375018597
2030.0	39.0	15.1589599859	5.04717744434
2030.0	41.0	4.67064171281	7.26719090127
2030.0	42.0	8.1142718365	4.13621298883
2030.0	43.0	8.08564858159	4.64073980543
2030.0	45.0	4.39472195409	6.75264037309
2030.0	47.0	3.27231152446	6.03045581916
2030.0	50.0	3.26536617584	4.76579754048
2030.0	51.0	12.6392716935	5.4106563193
2030.0	53.0	14.2617472236	7.01970068897
2040.0	30.0	10.0709659607	7.22160687953
2040.0	36.0	7.16802070363	7.47410894763
2040.0	41.0	5.02127658545	7.14189450642
2040.0	42.0	8.73977414231	4.00685937739
2040.0	43.0	8.67873926052	4.53238825636
2040.0	45.0	4.74093705942	6.64476614362
2040.0	47.0	3.5837998867	6.19274448296
2040.0	50.0	3.83214871606	4.67415217739
2040.0	51.0	12.1204751982	5.5812980761
2040.0	53.0	13.7054879388	7.05860223632
2050.0	30.0	9.8306148055	7.36599605836
2050.0	36.0	7.48813813537	7.42422904949
2050.0	41.0	5.41295215446	7.00275584319
2050.0	42.0	9.37222179673	3.88514287954
2050.0	43.0	9.27204040455	4.42379804749
2050.0	45.0	5.08715216476	6.53689191415
2050.0	47.0	3.89528824895	6.35503314677
2050.0	50.0	4.39872079117	4.5822681545
2050.0	51.0	11.6018891681	5.75170117309
2050.0	53.0	13.1161856319	7.00132388439
2060.0	30.0	9.55637876766	7.5755393625
2060.0	36.0	7.80825556711	7.37458781115
2060.0	41.0	5.80483818858	6.86337852016
2060.0	42.0	10.0688613096	3.83574030099
2060.0	43.0	9.92869154658	4.36747433476
2060.0	45.0	5.47272424559	6.39966252932
2060.0	47.0	4.24950102845	6.53713057395
2060.0	50.0	5.00759635332	4.53954805035
2060.0	51.0	11.0915112773	5.90277282631
2060.0	53.0	12.5268833249	6.94404553246
2070.0	30.0	9.28214272981	7.78532132645
2070.0	36.0	8.16604625347	7.26313368468
2070.0	41.0	6.19651375759	6.72423985693
2070.0	42.0	10.7657112876	3.78657638225
2070.0	43.0	10.6127031529	4.3333459834
2070.0	45.0	5.86818818658	6.25503469069
2070.0	47.0	4.63212659775	6.73235429012
2070.0	50.0	5.61647191547	4.497066606
2070.0	51.0	10.6004961765	6.00897643719
2070.0	53.0	11.9365286924	6.94309089326
2080.0	30.0	9.00790669197	7.9951032904
2080.0	36.0	8.52383693983	7.15191821801
2080.0	41.0	6.56714281565	6.60944449326
2080.0	42.0	11.463403126	3.7517320515
2080.0	43.0	11.2967147592	4.29921763204
2080.0	45.0	6.26365212757	6.11040685206
2080.0	47.0	5.03011612005	6.9144517173
2080.0	50.0	6.22008584987	4.45744907925
2080.0	51.0	10.1092706106	6.11494138826
2080.0	53.0	11.3457531297	6.97984450242
2090.0	30.0	8.71072995718	8.10751205607
2090.0	36.0	8.8816276262	7.04046409155
2090.0	41.0	6.92893233909	6.50491150099
2090.0	42.0	12.1648833364	3.77559803147
2090.0	43.0	11.952944971	4.31807175622
2090.0	45.0	6.64627769686	5.94406097166
2090.0	47.0	5.4510463393	7.0767403811
2090.0	50.0	6.80286373843	4.43000320228
2090.0	51.0	9.64098574173	6.21255324634
2090.0	53.0	10.7547671019	7.01659811158
2100.0	30.0	8.41355322239	8.21968216193
2100.0	36.0	9.2775124974	6.97220738883
2100.0	41.0	7.29072186254	6.40061716852
2100.0	42.0	12.8663635467	3.79946401144
2100.0	43.0	12.6062286712	4.34289237539
2100.0	45.0	7.01606489448	5.75599704949
2100.0	47.0	5.87197655855	7.23902904491
2100.0	50.0	7.38564162698	4.40231866551
2100.0	51.0	9.18764389559	6.30419860943
2100.0	53.0	10.2601740942	7.23139193132
2110.0	30.0	8.11658695271	8.3320909276
2110.0	36.0	9.67339736861	6.90418934591
2110.0	41.0	7.56622069104	6.20515479255
2110.0	42.0	13.5554263157	3.827387208
2110.0	43.0	13.2593019064	4.36747433476
2110.0	45.0	7.3860625572	5.56793312731
2110.0	47.0	6.33605212528	7.28461306665
2110.0	50.0	7.99346486358	4.33883515879
2110.0	51.0	8.73430204946	6.39608263232
2110.0	53.0	9.76558108662	7.44618575106
2120.0	30.0	7.82677649675	8.35595690757
2120.0	36.0	10.0692822398	6.83593264319
2120.0	41.0	7.7556392897	5.91876303289
2120.0	42.0	14.1946088536	3.87153927095
2120.0	43.0	13.8976425839	4.43119650128
2120.0	45.0	7.74216952268	5.40397384491
2120.0	47.0	6.80475792441	7.31707079941
2120.0	50.0	8.61791484384	4.2512470123
2120.0	51.0	8.25023229732	6.53140273876
2120.0	53.0	9.34465086737	7.65310379741
2130.0	30.0	7.54201720343	8.32087391701
2130.0	36.0	10.465167111	6.76767594047
2130.0	41.0	7.96147416691	5.70921972875
2130.0	42.0	14.8337913915	3.9156913339
2130.0	43.0	14.5361937265	4.494680008
2130.0	45.0	8.04271369923	5.33571714219
2130.0	47.0	7.23263349228	7.29344347924
2130.0	50.0	9.24215435899	4.1638975256
2130.0	51.0	7.76616254518	6.6664841854
2130.0	53.0	8.90456832315	7.80536874963
2140.0	30.0	7.25725791011	8.28579092645
2140.0	36.0	10.8764159352	6.65598315421
2140.0	41.0	8.18351485757	5.5767635399
2140.0	42.0	15.4731843946	3.96008205665
2140.0	43.0	15.174534404	4.55840217453
2140.0	45.0	8.35988461944	5.27342693447
2140.0	47.0	7.64304045605	7.2457115193
2140.0	50.0	9.86239503705	4.11926814305
2140.0	51.0	7.28209279304	6.80180429183
2140.0	53.0	8.44533345394	7.90298060771
2150.0	30.0	6.96471140773	8.26311824548
2150.0	36.0	11.2916635965	6.53355067696
2150.0	41.0	8.46764275556	5.60850529327
2150.0	45.0	8.82459158149	5.26340322288
2150.0	47.0	8.09280439532	7.1588393522
2150.0	50.0	10.4796892036	4.10327793647
2150.0	51.0	6.78139629724	6.80991872502
2150.0	53.0	7.98715091029	7.94140483547
2160.0	30.0	6.64101606912	8.29056412245
2160.0	36.0	11.7069112578	6.4108795399
2160.0	41.0	8.77849972248	5.71089034734
2160.0	45.0	9.28950900865	5.25337951129
2160.0	47.0	8.55961600847	7.05502233933
2160.0	50.0	11.0971938352	4.08752638969
2160.0	51.0	6.28048933634	6.81827181801
2160.0	53.0	7.53107301773	7.84188369898
2170.0	30.0	6.31711026541	8.31824865921
2170.0	36.0	12.1227903144	6.29107232045
2170.0	41.0	9.19016947691	5.79609189584
2170.0	45.0	9.73337992485	5.26722177968
2170.0	47.0	9.03358343535	6.98032182202
2170.0	50.0	11.7155403273	4.07678669871
2170.0	51.0	5.77579400345	6.81779449841
2170.0	53.0	7.07520559028	7.7426012223
2180.0	30.0	5.99825562433	8.34712649498
2180.0	36.0	12.5437205337	6.19560840056
2180.0	41.0	9.66897760131	5.87031509355
2180.0	45.0	10.1682008413	5.29108775965
2180.0	47.0	9.51849504792	6.94905738826
2180.0	50.0	12.3345182147	4.06986556451
2180.0	51.0	5.23574053215	6.73808212531
2180.0	53.0	6.52694397971	7.65811565321
2190.0	30.0	5.68255795989	8.37695896994
2190.0	36.0	12.9646507529	6.10014448068
2190.0	41.0	10.1479961908	5.94429963146
2190.0	45.0	10.6032322229	5.31495373962
2190.0	47.0	10.0071950325	6.92877130528
2190.0	50.0	12.9534961021	4.06294443032
2190.0	51.0	4.69547659575	6.65860841201
2190.0	53.0	5.96836957876	7.5755393625
2200.0	30.0	5.36686029545	8.40679144491
2200.0	36.0	13.3855809722	6.00468056079
2200.0	41.0	10.611019432	5.93857179627
2200.0	45.0	11.0559426737	5.32211353361
2200.0	47.0	10.5291485043	7.00514244119
2200.0	50.0	13.5815239892	4.07201350271
2200.0	51.0	4.1499510316	6.57340686351
2200.0	53.0	5.39001145751	7.52017028897
2210.0	30.0	5.11493355923	8.46168319884
2210.0	36.0	13.8065111914	5.90921664091
2210.0	41.0	11.0668868594	5.89895426952
2210.0	45.0	11.5164403336	5.32211353361
2210.0	47.0	11.0511019762	7.0815135771
2210.0	50.0	14.245330945	4.14528206122
2210.0	51.0	3.55601849223	6.43689345807
2210.0	53.0	4.76598240747	7.52852338196
2220.0	30.0	4.95876844789	8.55404454133
2220.0	36.0	14.2230216434	5.87103107295
2220.0	41.0	11.522964752	5.85909808297
2220.0	45.0	11.9767275284	5.32211353361
2220.0	47.0	11.5583228904	7.2421316223
2220.0	50.0	14.9089274357	4.21878927953
2220.0	51.0	2.96229641798	6.30061871244
2220.0	53.0	4.14174289232	7.53663781515
2230.0	30.0	4.80260333654	8.64640588382
2230.0	36.0	14.6363751187	5.87103107295
2230.0	41.0	11.9409484597	5.86243932016
2230.0	45.0	12.4311217	5.32211353361
2230.0	47.0	12.0558624096	7.45931204004
2230.0	51.0	2.37825573877	6.15742283261
2230.0	53.0	3.51750337717	7.55119606293
2240.0	30.0	4.69779171195	8.71418526694
2240.0	36.0	15.049728594	5.87103107295
2240.0	41.0	12.342726354	5.88415736194
2240.0	45.0	12.8792019184	5.32211353361
2240.0	47.0	12.5296193713	7.6609795708
2240.0	51.0	1.8169452914	5.9982367462
2240.0	53.0	2.89326386202	7.5750620429
2250.0	30.0	4.71231380452	8.72468629812
2250.0	41.0	12.7447147134	5.90563674391
2250.0	45.0	13.3272821368	5.32211353361
2250.0	47.0	12.9682286598	7.83997442059
2250.0	51.0	1.25584530914	5.83928931959
2250.0	53.0	2.26881388176	7.59892802288
2260.0	30.0	4.72704636219	8.73494866951
2260.0	41.0	13.1563844678	5.90826200171
2260.0	45.0	13.757683286	5.30707796623
2260.0	47.0	13.4066274831	8.01896927037
2260.0	51.0	0.703584861478	5.71089034734
2260.0	53.0	1.67530227262	7.61324761086
2270.0	30.0	4.74177891986	8.7452110409
2270.0	41.0	13.5832077101	5.88153210414
2270.0	45.0	14.1619867616	5.26936971787
2270.0	47.0	13.9142693276	8.04713112674
2270.0	51.0	0.152376739369	5.58583261229
2270.0	53.0	1.12809298759	7.61324761086
2280.0	30.0	4.75630101243	8.75571207209
2280.0	41.0	14.0100309524	5.85504086637
2280.0	45.0	14.5665007023	5.23166146952
2280.0	47.0	14.421911172	8.0750543233
2280.0	53.0	0.580883702566	7.61324761086
2290.0	30.0	4.7710335701	8.76597444348
2290.0	41.0	14.4366437297	5.8285496286
2290.0	45.0	14.9708041779	5.19395322116
2290.0	47.0	14.9293425513	8.10321617967
2290.0	53.0	0.0336744175401	7.61324761086
2300.0	30.0	4.78555566267	8.77647547466
2300.0	41.0	14.8948262733	5.80969550442
2310.0	30.0	4.80028822034	8.78673784605
2310.0	41.0	15.3610064911	5.79251199885
2320.0	30.0	4.8148103129	8.79723887724
2330.0	30.0	4.82954287058	8.80750124863
2340.0	30.0	4.84427542825	8.81800227981
2350.0	30.0	4.85879752081	8.8282646512
2360.0	30.0	4.84680100957	8.828503311
2370.0	30.0	4.82828007992	8.826116713
2380.0	30.0	4.80975915027	8.82396877481
2390.0	30.0	4.79123822063	8.82158217681
2400.0	30.0	4.77250682587	8.81919557881
2410.0	30.0	4.75398589622	8.81680898081
2420.0	30.0	4.73546496657	8.81442238282
2430.0	30.0	4.71694403693	8.81227444462
2440.0	30.0	4.69842310728	8.80988784662
2450.0	30.0	4.67969171252	8.80750124863
2460.0	30.0	4.58350915742	8.77933939226
2470.0	30.0	4.43576265047	8.73423269011
2480.0	30.0	4.2878056784	8.68912598797
2490.0	30.0	4.13984870633	8.64401928582
2500.0	30.0	4.03566847707	8.5798197997
2510.0	30.0	3.93632894533	8.51347237538
2520.0	30.0	3.83698941358	8.44712495106
2530.0	30.0	3.76753592741	8.40273422831
2540.0	30.0	3.76837778785	8.4094167027
2550.0	30.0	3.76900918317	8.4160991771
2560.0	30.0	3.7696405785	8.42278165149
2570.0	30.0	3.77048243894	8.42922546608
2580.0	30.0	3.77111383427	8.43590794047
2590.0	30.0	3.77195569471	8.44259041486
2600.0	30.0	3.77258709004	8.44927288926
2610.0	30.0	3.77342895048	8.45595536365
2620.0	30.0	3.7740603458	8.46239917824
2630.0	30.0	3.77490220624	8.46908165263
2640.0	30.0	3.77553360157	8.47576412702
2650.0	30.0	3.77637546201	8.48244660142
2660.0	30.0	3.77700685734	8.48889041601
2670.0	30.0	3.77784871778	8.4955728904
2680.0	30.0	3.77848011311	8.50225536479
2680.0	55.0	14.9916402237	5.75719034849
2690.0	30.0	3.77932197355	8.50893783918
2690.0	55.0	14.4265414044	5.81160478282
2700.0	30.0	3.77995336887	8.51562031358
2700.0	55.0	13.8612321199	5.86625787696
2710.0	30.0	3.78079522931	8.52206412817
2710.0	55.0	13.2959228355	5.92091097109
2720.0	30.0	3.78142662464	8.52874660256
2720.0	55.0	12.6946240173	5.95909653905
2730.0	30.0	3.78205801997	8.53542907695
2730.0	55.0	12.0693321766	5.98630375621
2740.0	30.0	3.78289988041	8.54211155134
2740.0	55.0	11.4438298708	6.01351097338
2750.0	30.0	3.78353127574	8.54855536594
2750.0	55.0	10.8244310532	6.03546767495
2760.0	30.0	3.78437313618	8.55523784033
2760.0	55.0	10.2593322338	6.00802179799
2770.0	30.0	3.78500453151	8.56192031472
2770.0	55.0	9.69402294935	5.98081458082
2780.0	30.0	3.78584639194	8.56860278911
2780.0	55.0	9.1287136649	5.95360736365
2790.0	30.0	3.78647778727	8.5752852635
2790.0	55.0	8.56487763621	5.91924035249
2800.0	30.0	3.78731964771	8.5817290781
2800.0	55.0	8.00209393307	5.88057746494
2810.0	30.0	3.78795104304	8.58841155249
2810.0	55.0	7.43931022993	5.84167591759
2820.0	30.0	3.80857662378	8.59175278968
2820.0	55.0	6.87631606169	5.80277437023
2830.0	30.0	3.84898592483	8.59175278968
2830.0	55.0	6.33100096265	5.72902849212
2840.0	30.0	3.88918476077	8.59175278968
2840.0	55.0	5.82693702509	5.57342230271
2850.0	30.0	3.92959406182	8.59175278968
2850.0	55.0	5.32287308754	5.41805477309
2860.0	30.0	3.97000336287	8.59175278968
2860.0	55.0	4.81859868488	5.26268724348
2870.0	30.0	4.01041266391	8.59175278968
2870.0	55.0	4.31453474732	5.10731971387
2880.0	30.0	4.05082196496	8.59175278968
2880.0	55.0	3.75974871835	4.98798981401
2890.0	30.0	4.09207312645	8.58674093389
2890.0	55.0	3.20475222427	4.86865991415
2890.0	58.0	15.0293134784	5.64048570643
2900.0	30.0	4.13711265991	8.56096567552
2900.0	55.0	2.63228712609	4.80947228383
2900.0	58.0	14.4198065209	5.72282333733
2910.0	30.0	4.18215219337	8.53542907695
2910.0	55.0	2.05561272571	4.76532022088
2910.0	58.0	13.8100890983	5.80516096823
2920.0	30.0	4.22740219194	8.50989247838
2920.0	55.0	1.47872786023	4.72379341573
2920.0	58.0	13.2020553966	5.88916921773
2930.0	30.0	4.2724417254	8.48435587981
2930.0	55.0	0.901842994745	4.70613259055
2930.0	58.0	12.5997042528	5.97962128182
2940.0	30.0	4.31748125886	8.45881928124
2940.0	55.0	0.324958129262	4.68823310557
2940.0	58.0	11.997142644	6.07007334591
2950.0	30.0	4.36273125743	8.43328268267
2950.0	55.0	-0.251716271112	4.67057228039
2950.0	58.0	11.4109973137	6.14000066723
2960.0	30.0	4.40777079089	8.40774608411
2960.0	58.0	10.862525238	6.161718709
2970.0	30.0	4.45281032435	8.38197082574
2970.0	58.0	10.3140531623	6.18343675078
2980.0	30.0	4.76387775637	8.2478440183
2980.0	58.0	9.76558108662	6.20515479255
2990.0	30.0	5.14145216304	8.08627133389
2990.0	58.0	9.21942412715	6.1600480904
3000.0	30.0	5.51923703482	7.92493730928
3000.0	58.0	8.67347763278	6.11494138826
3010.0	30.0	5.92017306866	7.70871153074
3010.0	58.0	8.1273206733	6.06959602631
3020.0	30.0	6.35604631069	7.4103867811
3020.0	58.0	7.57106138856	6.01637489098
3030.0	30.0	6.79191955273	7.11206203146
3030.0	58.0	6.99059861621	5.94406097166
3040.0	30.0	7.10719628694	6.7450032595
3040.0	58.0	6.41034630897	5.87174705235
3050.0	30.0	7.34207534929	6.3318831462
3050.0	58.0	5.82988353663	5.79943313304
3050.0	64.0	-0.14038022812	5.28631456365
3060.0	30.0	7.57674394652	5.91876303289
3060.0	58.0	5.29467076285	5.79251199885
3060.0	64.0	0.315697664438	5.19681713876
3070.0	30.0	7.54012301744	5.38965425693
3070.0	58.0	4.75945798907	5.78582952445
3070.0	64.0	0.771775556997	5.10731971387
3080.0	30.0	7.50350208837	4.86030682116
3080.0	58.0	4.22424521529	5.77890839026
3080.0	64.0	1.22953717043	5.01376507238
3090.0	30.0	7.39427069647	4.42308206809
3090.0	58.0	3.70460685963	5.80325168983
3090.0	64.0	1.69424413249	4.90445888411
3100.0	30.0	7.25410093346	4.02547484177
3100.0	58.0	3.20054292208	5.85885942317
3100.0	64.0	2.15895109454	4.79515269584
3110.0	30.0	7.11372070534	3.62762895564
3110.0	58.0	2.69647898452	5.9142284967
3110.0	64.0	2.56367550035	4.72379341573
3120.0	30.0	7.12571721659	3.57297586151
3120.0	58.0	2.19220458186	5.96983623003
3120.0	64.0	2.95345688338	4.6617418678
3130.0	30.0	7.13771372784	3.51856142718
3130.0	58.0	1.68603599321	6.01160169498
3130.0	64.0	3.33902896421	4.60303155707
3140.0	30.0	7.14971023909	3.46390833304
3140.0	58.0	1.17165926529	5.9982367462
3140.0	64.0	3.68671732531	4.57200578311
3140.0	66.0	-0.122490693802	7.32399193361
3150.0	30.0	7.15960209924	3.44839544606
3150.0	58.0	0.657072072251	5.98511045721
3150.0	64.0	4.03461615152	4.54074134935
3150.0	66.0	0.384940685505	7.5767326615
3160.0	30.0	7.1673893083	3.47154544663
3160.0	58.0	0.142695344326	5.97174550843
3160.0	64.0	4.47617195152	4.53453619456
3160.0	66.0	0.879112762906	7.81157390442
3170.0	30.0	7.17496605224	3.494934107
3170.0	64.0	4.9415103089	4.53453619456
3170.0	66.0	1.25142554183	7.88484246293
3180.0	30.0	7.1827532613	3.51808410758
3180.0	64.0	5.51208122109	4.63477331044
3180.0	66.0	1.62373832076	7.95834968124
3190.0	30.0	7.19054047036	3.54147276795
3190.0	64.0	6.09443817943	4.7462274369
3190.0	66.0	1.98784296041	8.00751359999
3190.0	67.0	1.20870112458	0.514789187982
3200.0	30.0	7.1981172143	3.56486142832
3200.0	64.0	6.67658467265	4.85744290357
3200.0	66.0	2.34331853057	8.03209555936
3200.0	67.0	1.09841740714	1.27635260887
3210.0	30.0	7.20590442336	3.58801142889
3210.0	64.0	7.21705907417	4.9142439359
3210.0	66.0	2.69900456584	8.05691617853
3210.0	67.0	1.03401508359	2.02646035937
3210.0	68.0	3.02417316021	3.18324440858
3220.0	30.0	7.21348116731	3.61140008926
3220.0	64.0	7.75269277817	4.96483981344
3220.0	66.0	3.10457083209	8.04211927094
3220.0	67.0	1.15292787053	2.73217738712
3220.0	68.0	2.8863185134	3.58657947009
3230.0	30.0	7.19264512145	3.65555215221
3230.0	64.0	8.28853694727	5.01543569098
3230.0	66.0	3.54360105077	8.00130844519
3230.0	67.0	1.27184065747	3.43765575507
3230.0	68.0	2.7484638666	3.98967587181
3240.0	30.0	7.10488117074	3.7483908143
3240.0	64.0	8.84184972048	5.03572177395
3240.0	66.0	3.98263126944	7.96025895964
3240.0	67.0	1.52902902143	3.78633772245
3240.0	68.0	2.60029642942	4.41854753189
3250.0	30.0	7.01732768513	3.84099081659
3250.0	64.0	9.40715900493	5.03572177395
3250.0	66.0	4.42439753455	7.91825483489
3250.0	67.0	1.84409529054	4.06270577052
3250.0	68.0	2.42792550464	4.90660682231
3260.0	30.0	6.92956373442	3.93382947868
3260.0	64.0	9.97246828939	5.03572177395
3260.0	66.0	4.89141961281	7.86598833876
3260.0	67.0	2.32963829844	4.20948154735
3260.0	68.0	2.23871737109	5.38774497853
3260.0	69.0	0.0	4.22427845493
3260.0	70.0	-0.158269762438	3.89755318912
3270.0	30.0	6.92219745558	3.97511762403
3270.0	64.0	10.5386194343	5.03238053676
3270.0	66.0	5.35823122596	7.81396050242
3270.0	67.0	2.92651734934	4.26938515707
3270.0	68.0	1.89671156795	5.80539962803
3270.0	69.0	0.508694169965	4.28394340486
3270.0	70.0	0.34263719847	3.93860267467
3280.0	30.0	6.94934745473	3.9944490678
3280.0	64.0	11.1131891836	5.0001614638
3280.0	66.0	5.82525330422	7.76169400628
3280.0	67.0	3.53581384171	4.31974237481
3280.0	68.0	1.5547057648	6.22305427753
3280.0	69.0	1.01717787482	4.34360835478
3280.0	70.0	0.843333694269	3.97989082002
3290.0	30.0	6.97649745387	4.01378051158
3290.0	64.0	11.6875484677	4.96794239084
3290.0	66.0	6.34257654367	7.73042957252
3290.0	67.0	4.09712428908	4.29706969384
3290.0	68.0	1.165345312	6.53736923375
3290.0	69.0	1.5153487893	4.40088670672
3290.0	70.0	1.34403019007	4.02094030557
3300.0	30.0	7.00364745301	4.03287329556
3300.0	64.0	12.262118217	4.93572331787
3300.0	66.0	6.86558234109	7.70155173675
3300.0	67.0	4.65822427134	4.27439701287
3300.0	68.0	0.755359278446	6.80753212703
3300.0	69.0	2.00636389006	4.45649444005
3300.0	70.0	1.84788366251	4.0834691731
3310.0	30.0	7.03079745215	4.05220473933
3310.0	64.0	12.8295321526	4.93333671988
3310.0	66.0	7.38858813851	7.67243524119
3310.0	67.0	5.19238471957	4.15960164921
3310.0	68.0	0.345583710005	7.0774563605
3310.0	69.0	2.49758945593	4.51234083318
3310.0	70.0	2.35299992561	4.15506711301
3320.0	30.0	7.05794745129	4.07153618311
3320.0	64.0	13.3860019024	4.97581816423
3320.0	66.0	7.91138347082	7.60656513647
3320.0	67.0	5.72359865627	4.03454391416
3320.0	68.0	-0.0641918584358	7.34761925378
3320.0	69.0	3.00965106765	4.5791655771
3320.0	70.0	2.85811618871	4.22666505293
3330.0	30.0	7.23389628294	4.12093876165
3330.0	64.0	13.9426821174	5.01829960857
3330.0	66.0	8.43375787291	7.51611307238
3330.0	67.0	6.14263468953	3.94576246866
3330.0	69.0	3.53581384171	4.65386609441
3330.0	70.0	3.37985919548	4.26174804348
3340.0	30.0	7.55822301687	4.20041247496
3340.0	64.0	14.4991518672	5.06054239312
3340.0	66.0	8.95634274011	7.42566100828
3340.0	67.0	6.53346839811	3.86628875536
3340.0	69.0	4.06197661577	4.72832795192
3340.0	70.0	3.90896848107	4.28107948726
3350.0	30.0	7.8825497508	4.27344237367
3350.0	64.0	15.0558320822	5.10302383747
3350.0	66.0	9.4961857463	7.35382440857
3350.0	67.0	6.9531358267	3.88633617853
3350.0	69.0	4.580773111	4.81520011902
3350.0	70.0	4.43786730156	4.30041093104
3360.0	30.0	8.20477183364	4.28847794105
3360.0	66.0	10.0433950313	7.29034090185
3360.0	67.0	7.38501023165	3.94910370586
3360.0	69.0	5.08820449031	4.92068775049
3360.0	70.0	4.96697658716	4.31974237481
3370.0	30.0	8.52720438159	4.30327484863
3370.0	66.0	10.5906043164	7.22661873532
3370.0	67.0	7.75206138284	4.1617495874
3370.0	69.0	5.59584633472	5.02593672217
3370.0	70.0	5.49608587276	4.40828516051
3370.0	71.0	0.164373250618	9.20940435134
3380.0	30.0	8.84942646442	4.31831041602
3380.0	66.0	11.1125577882	7.26719090127
3380.0	67.0	8.10290672058	4.4118650575
3380.0	69.0	6.10348817914	5.13118569384
3380.0	70.0	6.02540562347	4.497066606
3380.0	71.0	0.431453474732	8.96167547924
3390.0	30.0	9.01085320351	4.27081711587
3390.0	66.0	11.6237775395	7.35239244977
3390.0	67.0	8.3941904323	4.4956346472
3390.0	69.0	6.63554397627	5.19753311816
3390.0	70.0	6.55451490907	4.58560939169
3390.0	71.0	0.698533698847	8.71394660714
3400.0	30.0	9.15417994316	4.21664134134
3400.0	66.0	12.1347868257	7.43759399827
3400.0	67.0	8.66000786576	4.50804495679
3400.0	69.0	7.16759977341	5.26388054248
3400.0	70.0	7.0800462878	4.69205166237
3400.0	71.0	0.996973224296	8.41681515649
3410.0	30.0	9.1987985464	4.20136711416
3410.0	66.0	12.6163309965	7.72923627352
3410.0	67.0	8.71493925937	4.5016011422
3410.0	69.0	7.69944510543	5.329989307
3410.0	70.0	7.60199975967	4.81615475822
3410.0	71.0	1.30888251676	8.09844298368
3420.0	30.0	9.20111366261	4.20256041315
3420.0	66.0	13.0947181907	8.04402854934
3420.0	67.0	8.71725437558	4.49014547181
3420.0	69.0	8.23276369322	5.38893827753
3420.0	70.0	8.12395323155	4.94025785407
3420.0	71.0	1.62058134412	7.78030947066
3430.0	30.0	9.20321831371	4.20375371215
3430.0	66.0	13.5446925951	8.21180638854
3430.0	67.0	8.71956949179	4.47892846122
3430.0	69.0	8.767976467	5.43667023747
3430.0	70.0	8.68526367892	4.93142744148
3430.0	71.0	2.0006813321	7.59558678568
3440.0	30.0	9.2053229648	4.20494701115
3440.0	66.0	13.9824600231	8.31681670041
3440.0	67.0	8.72167414288	4.46747279084
3440.0	69.0	9.30318924078	5.48440219742
3440.0	70.0	9.24636366118	4.92259702889
3440.0	71.0	2.38099178519	7.4108641007
3450.0	30.0	9.20763808101	4.20614031015
3450.0	66.0	14.4214902418	8.40345020771
3450.0	67.0	8.72398925909	4.45601712045
3450.0	69.0	9.83840201455	5.53213415736
3450.0	70.0	9.80641131789	4.9142439359
3450.0	71.0	2.76109177318	7.22590275592
3460.0	30.0	9.2097427321	4.20757226895
3460.0	66.0	14.8657820882	8.41681515649
3460.0	67.0	8.72609391018	4.44480010986
3460.0	69.0	10.4154973451	5.49275529041
3460.0	70.0	10.3635124631	4.90732280171
3460.0	71.0	3.20075338719	7.00991563718
3470.0	30.0	9.2118473832	4.20876556795
3470.0	66.0	15.3100739346	8.42994144548
3470.0	67.0	8.72840902639	4.43334443948
3470.0	69.0	10.9974333733	5.44359137166
3470.0	70.0	10.9206136082	4.90016300772
3470.0	71.0	3.64693941959	6.79034862145
3480.0	30.0	9.21416249941	4.20995886695
3480.0	67.0	8.7307241426	4.42212742889
3480.0	69.0	11.5793694014	5.39442745292
3480.0	70.0	11.4777147534	4.89324187352
3480.0	71.0	4.09922894018	6.62471872045
3490.0	30.0	9.2162671505	4.21115216594
3490.0	67.0	8.73282879369	4.4106717585
3490.0	69.0	12.1497298485	5.35337796737
3490.0	70.0	12.0672275255	4.86006816136
3490.0	71.0	4.56098939069	6.53999449155
3500.0	30.0	9.21858226671	4.21234546494
3500.0	67.0	8.7351439099	4.39921608812
3500.0	69.0	12.7085147145	5.32044291501
3500.0	70.0	12.6605286695	4.82379187181
3500.0	71.0	5.02274984121	6.45527026265
3510.0	30.0	9.2206869178	4.21353876394
3510.0	67.0	8.73724856099	4.38799907753
3510.0	69.0	13.2672995806	5.28750786265
3510.0	70.0	13.2536193484	4.78775424205
3510.0	71.0	5.50176843072	6.36243160056
3520.0	30.0	9.2227915689	4.21497072274
3520.0	67.0	8.7395636772	4.37654340715
3520.0	69.0	13.8696507243	5.29084909985
3520.0	70.0	13.8380809579	4.78847022145
3520.0	71.0	6.02182771661	6.2500228349
3530.0	30.0	9.22510668511	4.21616402174
3530.0	67.0	8.7416683283	4.36508773676
3530.0	69.0	14.5010460532	5.31853363661
3530.0	70.0	14.4168600093	4.81400682002
3530.0	71.0	6.54167653738	6.13785272903
3540.0	30.0	9.2272113362	4.21735732074
3540.0	67.0	8.7439834445	4.35387072617
3540.0	69.0	15.1324413821	5.34597951358
3540.0	70.0	14.9956390608	4.83978207839
3540.0	71.0	7.06173582327	6.02544396337
3550.0	30.0	9.2293159873	4.21855061973
3550.0	67.0	8.74629856071	4.34241505579
3550.0	71.0	7.60073696902	5.92210427009
3560.0	30.0	9.2316311035	4.21974391873
3560.0	67.0	8.7484032118	4.3311980452
3560.0	71.0	8.14205323097	5.81995787581
3570.0	30.0	9.2337357546	4.22117587753
3570.0	67.0	8.75071832801	4.31974237481
3570.0	71.0	8.68315902782	5.71757282174
3580.0	30.0	9.2358404057	4.22236917653
3580.0	67.0	8.75282297911	4.30828670443
3580.0	71.0	9.22405435956	5.62115426265
3590.0	30.0	9.2381555219	4.22356247553
3590.0	67.0	8.75513809531	4.29706969384
3590.0	71.0	9.76410783086	5.53380477596
3600.0	30.0	9.33370668167	4.23573412531
3600.0	67.0	8.87847064955	4.167000103
3600.0	71.0	10.3043717673	5.44621662946
3610.0	30.0	9.56942760445	4.26437330128
3610.0	67.0	9.01527297081	4.02380422317
3610.0	71.0	10.845267099	5.35600322517
3620.0	30.0	9.80514852723	4.29301247725
3620.0	67.0	9.52501946632	3.92762432388
3620.0	71.0	11.3874252214	5.26197126408
3620.0	73.0	15.2191530072	9.88624354333
3630.0	30.0	10.2414426995	4.35721196337
3630.0	67.0	10.0762275884	3.83669494019
3630.0	71.0	11.9295833438	5.16817796279
3630.0	73.0	15.0023739443	9.87192395535
3640.0	30.0	10.6998357083	4.42546866609
3640.0	67.0	10.6653194303	3.84838927038
3640.0	71.0	12.4727937917	5.0770099193
3640.0	73.0	14.7855948814	9.85736570756
3650.0	30.0	11.1647531354	4.4961119668
3650.0	67.0	11.263882202	3.88562019913
3650.0	71.0	13.0271588905	5.01352641258
3650.0	73.0	14.5686053534	9.84280745978
3660.0	30.0	11.6875484677	4.58847330929
3660.0	67.0	11.8624449738	3.92285112789
3660.0	71.0	13.5813135241	4.94980424606
3660.0	73.0	14.3684530341	9.77073220027
3670.0	30.0	12.2103438	4.68083465178
3670.0	67.0	12.419546119	3.99230112961
3670.0	71.0	14.1337844369	4.89133259513
3670.0	73.0	14.2070262951	9.56381415392
3680.0	30.0	12.7331391323	4.77319599427
3680.0	67.0	12.949497265	4.0827531937
3680.0	71.0	14.6704704664	4.87939960514
3680.0	73.0	14.0458100211	9.35713476737
3690.0	30.0	13.2593019064	4.80994960342
3690.0	67.0	13.479237946	4.17320525779
3690.0	71.0	15.207156496	4.86746661516
3690.0	73.0	13.8765960729	9.14067032903
3700.0	30.0	13.7854646805	4.84670321258
3700.0	67.0	14.0256053706	4.25602020829
3700.0	73.0	13.6894925905	8.90201052931
3710.0	30.0	14.3055239664	4.89133259513
3710.0	67.0	14.5789181438	4.33573258139
3710.0	73.0	13.5025995731	8.6633507296
3720.0	30.0	14.8167437176	4.94813362746
3720.0	67.0	15.1324413821	4.4152062947
3720.0	73.0	13.3154960907	8.42469092988
3730.0	30.0	15.3279634689	5.00493465979
3730.0	73.0	13.0124263328	8.13638989183
3740.0	73.0	12.6596868091	7.8268481316
3750.0	73.0	12.3071577505	7.51706771157
3760.0	73.0	11.9544182267	7.20752595135
3770.0	73.0	11.4998135899	7.02614450356
3780.0	73.0	11.0452089531	6.84476305578
3790.0	73.0	10.5586136197	6.76695996108
3800.0	73.0	10.0400275896	6.79249655964
3810.0	73.0	9.52123109435	6.81803315821
3820.0	73.0	9.02032413344	6.831398107
3830.0	73.0	8.52678345137	6.83975119999
3840.0	73.0	8.0332427693	6.84786563318
3850.0	73.0	7.49571487931	6.89010841773
3860.0	73.0	6.94724280363	6.94070429527
3870.0	73.0	6.39877072794	6.99130017281
3880.0	73.0	5.86776725636	7.04571460714
3890.0	73.0	5.35444285398	7.10394759827
3900.0	73.0	4.84111845161	7.1621805894
3910.0	73.0	4.32779404923	7.22041358053
3920.0	73.0	3.82814987898	7.27912389126
3930.0	73.0	3.34871035925	7.33878884119
3940.0	73.0	2.86927083952	7.39845379112
3950.0	73.0	2.39004178491	7.45811874105
3960.0	73.0	1.88324180093	7.50823729899
3970.0	73.0	1.36970693344	7.55596925893
3980.0	73.0	0.867537181876	7.5800738987
3990.0	73.0	0.391675569013	7.54880946494
4000.0	73.0	-0.0841860438502	7.51778369097
4030.0	75.0	15.0903483602	8.09056721029
4040.0	75.0	14.7239286043	8.03758473475
4050.0	75.0	14.3577193135	7.98460225921
4060.0	75.0	14.003506534	7.93209710328
4070.0	75.0	13.6783379397	7.88150122574
4080.0	75.0	13.3529588802	7.8309053482
4090.0	75.0	13.0277902858	7.78030947066
4100.0	75.0	12.6910461104	7.62923781744
4110.0	75.0	12.354301935	7.47792750442
4120.0	75.0	12.0175577596	7.3268558512
4120.0	76.0	14.8430518563	4.80589238683
4130.0	75.0	11.6923891652	7.21826564233
4130.0	76.0	14.2249158294	4.76866145807
4140.0	75.0	11.3670101058	7.10991409326
4140.0	76.0	13.6065693373	4.73143052932
4150.0	75.0	11.0418415114	7.00132388439
4150.0	76.0	12.991590287	4.70159805435
4160.0	75.0	10.7156205915	7.00347182259
4160.0	76.0	12.3892391432	4.70159805435
4170.0	75.0	10.3889787413	7.05287440113
4170.0	76.0	11.7866775344	4.70159805435
4180.0	75.0	10.0623368912	7.10227697967
4180.0	76.0	11.181169414	4.70565527095
4190.0	75.0	9.73401132018	7.1597939914
4190.0	76.0	10.5676636194	4.71925887953
4190.0	79.0	15.1806378922	4.93524599827
4200.0	75.0	9.40526481895	7.21945894133
4200.0	76.0	9.95436828996	4.73286248812
4200.0	79.0	14.6243786074	4.96078259684
4210.0	75.0	9.0763078526	7.27912389126
4210.0	76.0	9.34107296051	4.7467047565
4210.0	79.0	14.0681193227	4.98631919541
4220.0	75.0	8.74124739808	7.31086564462
4220.0	76.0	8.7002067017	4.80064187124
4220.0	79.0	13.511860038	5.01185579398
4230.0	75.0	8.40218810647	7.32423059341
4230.0	76.0	8.05281602449	4.86508001716
4230.0	79.0	12.9791728455	5.0789191977
4240.0	75.0	8.06312881486	7.33735688239
4240.0	76.0	7.41826371897	4.9178238329
4240.0	79.0	12.446485653	5.14598260142
4250.0	75.0	7.72406952326	7.35072183117
4250.0	76.0	6.83632769086	4.92474496709
4250.0	79.0	11.9135879955	5.21328466494
4260.0	75.0	7.42815557912	7.29105688125
4260.0	76.0	6.25460212785	4.93190476108
4260.0	79.0	11.3937391747	5.27294961487
4270.0	75.0	7.13203116988	7.23139193132
4270.0	76.0	5.67266609974	4.93882589527
4270.0	79.0	10.8772577957	5.3307052864
4280.0	75.0	6.83611722575	7.17172698139
4280.0	76.0	5.07852309526	4.9144825957
4280.0	79.0	10.3605659515	5.38869961773
4290.0	75.0	6.50631839896	7.11898316565
4290.0	76.0	4.48122311415	4.88226352274
4290.0	79.0	9.87270782742	5.46817333103
4290.0	81.0	14.9253437142	5.64000838683
4300.0	75.0	6.1681009678	7.06767130871
4300.0	76.0	3.88392313303	4.85004444978
4300.0	79.0	9.41347295822	5.56936508611
4300.0	81.0	14.4454832643	5.7450186987
4310.0	75.0	5.82988353663	7.01659811158
4310.0	76.0	3.29020105878	4.82021197481
4310.0	79.0	8.95423808902	5.67079550099
4310.0	81.0	13.9656228143	5.85002901058
4320.0	75.0	5.49987424473	7.04881718454
4320.0	76.0	2.72910107651	4.81305218082
4320.0	79.0	8.48911019675	5.77222591587
4320.0	81.0	13.4992321314	5.96005117824
4330.0	75.0	5.17007541795	7.0810362575
4330.0	76.0	2.16779062914	4.80565372703
4330.0	79.0	7.99998928198	5.87556560915
4330.0	81.0	13.0362088902	6.07150530471
4340.0	75.0	4.84006612606	7.11325533046
4340.0	76.0	1.60648018177	4.79849393304
4340.0	79.0	7.5106579021	5.97866664262
4340.0	81.0	12.573185649	6.18295943118
4350.0	75.0	4.49827078803	7.13592801143
4350.0	76.0	1.06137554784	4.75625114849
4350.0	79.0	7.02153698733	6.0820063359
4350.0	81.0	12.1183705471	6.31517696022
4360.0	75.0	4.12869405552	7.13592801143
4360.0	76.0	0.520059285885	4.70493929155
4360.0	79.0	6.55367304863	6.18773262717
4360.0	81.0	11.6654496312	6.45240634505
4370.0	75.0	3.75911732302	7.13592801143
4370.0	76.0	-0.0210465109626	4.65386609441
4370.0	79.0	6.10727655111	6.29632283604
4370.0	81.0	11.2127391804	6.58987438969
4380.0	75.0	3.38954059052	7.13592801143
4380.0	79.0	5.6608800536	6.40467438511
4380.0	81.0	10.7728671013	6.71350016594
4390.0	75.0	3.02564641598	7.13497337223
4390.0	79.0	5.21953471871	6.52185634677
4390.0	81.0	10.3462543241	6.82304501401
4400.0	75.0	2.68406154305	7.12948419684
4400.0	79.0	4.79860449946	6.67292799999
4400.0	81.0	9.91964154687	6.93282852188
4410.0	75.0	2.34268713524	7.12423368125
4410.0	79.0	4.37767428021	6.82399965321
4410.0	81.0	9.49302876966	7.04237336994
4420.0	75.0	2.00131272743	7.11898316565
4420.0	79.0	3.96495220024	6.96218367724
4420.0	81.0	9.07104622486	7.12638161944
4430.0	75.0	1.65993831962	7.11373265006
4430.0	79.0	3.58485221225	7.04833986494
4430.0	81.0	8.65011600561	7.20394605435
4440.0	75.0	1.33645344612	7.09273058768
4440.0	79.0	3.20496268938	7.13449605263
4440.0	81.0	8.22918578636	7.28151048926
4450.0	75.0	1.02075578168	7.06528471072
4450.0	79.0	2.82486270139	7.22089090013
4450.0	81.0	7.80825556711	7.35907492416
4460.0	75.0	0.705058117246	7.03760017395
4460.0	79.0	2.43339759749	7.32446925321
4460.0	81.0	7.39174511516	7.43329812188
4470.0	75.0	0.389360452807	7.01015429698
4470.0	79.0	2.03435574964	7.43950327667
4470.0	81.0	6.97607652365	7.50680534019
4480.0	75.0	0.0736627883689	6.98270842002
4480.0	79.0	1.63510343668	7.55477595993
4480.0	81.0	6.56061839725	7.5803125585
4490.0	75.0	-0.242034876069	6.95502388325
4490.0	79.0	1.25184647205	7.67553781858
4490.0	81.0	6.14494980574	7.65358111701
4500.0	79.0	0.875745321152	7.79844761544
4500.0	81.0	5.75874632957	7.7490450369
4500.0	85.0	0.0601930213529	9.825862614
4510.0	79.0	0.499433705141	7.92135741229
4510.0	81.0	5.37548936495	7.84689555478
4510.0	85.0	0.120175577596	9.72371621973
4520.0	79.0	0.154270925356	8.05071102373
4520.0	81.0	4.99244286543	7.94498473246
4520.0	85.0	0.180368598949	9.62133116565
4530.0	79.0	-0.143747669874	8.19008834677
4530.0	81.0	4.6091859008	8.04283525034
4530.0	85.0	0.240561620302	9.51918477137
4540.0	81.0	4.29117312015	8.05882545692
4540.0	85.0	0.302438362532	9.4101172429
4550.0	81.0	3.97316033951	8.07457700371
4550.0	85.0	0.379889522874	9.24043012531
4560.0	81.0	3.65514755887	8.09056721029
4560.0	85.0	0.457551148326	9.07098166751
4570.0	81.0	3.33713477822	8.10655741687
4570.0	85.0	0.535002308668	8.90129454991
4580.0	81.0	3.03995804343	8.12565020084
4580.0	85.0	0.603403469296	8.71370794734
4590.0	81.0	2.76361735449	8.14808422202
4590.0	85.0	0.650126723633	8.48387856021
4600.0	81.0	2.48748713066	8.17027958339
4600.0	85.0	0.69684997797	8.25404917309
4610.0	81.0	2.20483248844	8.20297597595
4610.0	85.0	0.684011606283	8.05930277652
4620.0	81.0	1.90786621876	8.25906102888
4620.0	85.0	0.631395328877	7.88770638053
4630.0	81.0	1.61068948396	8.31514608182
4630.0	85.0	0.57877905147	7.71610998454
4640.0	81.0	1.31351274917	8.37123113475
4640.0	85.0	0.463023241176	7.56121977452
4650.0	81.0	1.04874764126	8.55476052073
4650.0	85.0	0.252558131551	7.43091152388
4660.0	81.0	0.787349975109	8.75213217509
4660.0	85.0	0.0420930219251	7.30084193303
4670.0	81.0	0.526162774064	8.94974248925
4680.0	81.0	0.389570917917	9.17551465978
4690.0	81.0	0.25318952688	9.40128683031
4690.0	86.0	15.3117576555	8.19390690356
4700.0	81.0	0.116597670733	9.62705900084
4700.0	86.0	14.8106402295	8.11443319026
4710.0	81.0	-0.0199941854144	9.85283117137
4710.0	86.0	14.3095228034	8.03495947695
4720.0	86.0	13.8189286329	7.92064143289
4730.0	86.0	13.3388577178	7.77147905807
4740.0	86.0	12.8587868028	7.62231668325
4750.0	86.0	12.3700868182	7.48198472102
4760.0	86.0	11.8613926483	7.36265482116
4770.0	86.0	11.3529089434	7.2433249213
4780.0	86.0	10.8078043095	7.24069966351
4790.0	86.0	10.2587008385	7.25120069469
4800.0	86.0	9.75611015669	7.31611616022
4810.0	86.0	9.2840369158	7.41730791529
4820.0	86.0	8.81217414002	7.51849967037
4830.0	86.0	8.34031136424	7.62398730185
4840.0	86.0	7.86844858846	7.73925998511
4850.0	86.0	7.39679627779	7.85429400857
4860.0	86.0	6.92156606025	7.95333782545
4870.0	86.0	6.4414951452	8.02803834276
4870.0	89.0	0.248348829358	5.45337642345
4870.0	90.0	0.294651153476	4.73143052932
4870.0	91.0	-0.183315110484	6.57340686351
4880.0	86.0	5.96142423014	8.10250020027
4880.0	89.0	0.725473232879	5.49323261
4880.0	90.0	0.715581372727	4.7512392927
4880.0	91.0	0.380310453093	6.60753521487
4890.0	86.0	5.48914052414	8.163597109
4890.0	89.0	1.20238717129	5.53285013676
4890.0	90.0	1.13651159198	4.77128671587
4890.0	91.0	0.94414648178	6.64166356623
4900.0	86.0	5.04842658459	8.17123422259
4900.0	89.0	1.66477901714	5.55838673533
4900.0	90.0	1.55744181123	4.79109547925
4900.0	91.0	1.50777204536	6.67555325778
4910.0	86.0	4.60792311014	8.17863267638
4910.0	89.0	2.0924441199	5.55074962174
4910.0	90.0	1.98679063486	4.78274238626
4910.0	91.0	2.07897435288	6.71970532073
4910.0	92.0	0.199941854144	4.68656248697
4920.0	86.0	4.16720917059	8.18603113017
4920.0	89.0	2.52010922266	5.54311250814
4920.0	90.0	2.41971736536	4.76221764348
4920.0	91.0	2.65186038128	6.76600532188
4920.0	92.0	0.726104628208	4.71639496194
4930.0	86.0	3.67808825582	8.17910999598
4930.0	89.0	2.94482781388	5.51304137338
4930.0	90.0	2.85264409586	4.74193156051
4930.0	91.0	3.22474640968	6.81230532302
4930.0	92.0	1.25226740227	4.7462274369
4940.0	86.0	3.18917780616	8.17195020199
4940.0	89.0	3.35691849853	5.39371147352
4940.0	90.0	3.29104291921	4.71639496194
4940.0	91.0	3.79784290319	6.84810429298
4940.0	92.0	1.75254296785	4.73620372531
4950.0	86.0	2.70005689139	8.1650290678
4950.0	89.0	3.76900918317	5.27438157367
4950.0	90.0	3.75154057908	4.67176557939
4950.0	91.0	4.37199172225	6.84094449899
4950.0	92.0	2.25008248701	4.72188413733
4960.0	86.0	2.24797783591	8.20249865635
4960.0	89.0	4.1434266132	5.1614954884
4960.0	90.0	4.21182777383	4.62689753704
4960.0	91.0	4.9459300762	6.8335460452
4960.0	92.0	2.74762200616	4.70732588955
4970.0	86.0	1.82052319826	8.26956206007
4970.0	89.0	4.53447078688	5.10493311587
4970.0	90.0	4.67232543369	4.5822681545
4970.0	91.0	5.51986843015	6.8263862512
4970.0	92.0	3.24684524619	4.71711094134
4980.0	86.0	1.39306856061	8.33662546379
4980.0	89.0	4.98697077258	5.17653105578
4980.0	90.0	5.15176495341	4.58895062889
4980.0	91.0	6.1245346901	6.7481058369
4980.0	92.0	3.74733127688	4.74288619971
4990.0	86.0	1.02833252563	8.47504814762
4990.0	89.0	5.47609168735	5.24049188211
4990.0	90.0	5.63120447314	4.59563310328
4990.0	91.0	6.73256839181	6.6619496492
4990.0	92.0	4.24802777268	4.76866145807
5000.0	86.0	0.757674394652	8.72062908153
5000.0	89.0	6.05087190173	5.28631456365
5000.0	90.0	6.11043352776	4.60207691787
5000.0	91.0	7.34060209352	6.5757934615
5000.0	92.0	4.74851380337	4.79443671644
5010.0	86.0	0.487016263673	8.96621001543
5010.0	89.0	6.62565211612	5.3321372452
5010.0	90.0	6.59303002413	4.61615784606
5010.0	91.0	7.93032533069	6.47030583003
5010.0	92.0	5.26057541509	4.79706197424
5020.0	86.0	0.216568597805	9.21155228954
5020.0	89.0	7.1587602388	5.328796008
5020.0	90.0	7.08046721802	4.64121712503
5020.0	91.0	8.47753461572	6.32042747581
5020.0	92.0	5.77389981747	4.79706197424
5020.0	94.0	14.7887518581	5.38965425693
5030.0	86.0	0.150482553382	9.46357703804
5030.0	89.0	7.67397882717	5.30397538883
5030.0	90.0	7.56790441191	4.6665150638
5030.0	91.0	9.02474390074	6.17031046179
5030.0	92.0	6.28722421984	4.79706197424
5030.0	94.0	14.1853483888	5.38177848354
5040.0	86.0	0.107126740799	9.71631776593
5040.0	89.0	8.18919741553	5.27939342946
5040.0	90.0	8.05534160581	4.69157434277
5040.0	91.0	9.57195318577	6.02043210757
5040.0	92.0	6.80054862222	4.79706197424
5040.0	94.0	13.5819449195	5.37390271015
5050.0	86.0	0.0637709282165	9.96905849383
5050.0	89.0	8.66569042372	5.2495609545
5050.0	90.0	8.54614624145	4.69348362116
5050.0	91.0	10.1326322378	5.79943313304
5050.0	92.0	7.28440790925	4.73668104491
5050.0	94.0	13.0124263328	5.40230322631
5060.0	86.0	0.0204151156337	10.2215605619
5060.0	89.0	9.13229157176	5.21829652073
5060.0	90.0	9.03926599331	4.67988001258
5060.0	91.0	10.6966787316	5.56077333332
5060.0	92.0	7.76069045233	4.661503208
5060.0	94.0	12.4767926288	5.46745735164
5070.0	89.0	9.60015551046	5.19204394277
5070.0	90.0	9.53217528005	4.6660377442
5070.0	91.0	11.2609356905	5.33714910099
5070.0	92.0	8.23697299541	4.58608671129
5070.0	94.0	11.9323193902	5.54693106494
5080.0	89.0	10.0688613096	5.17032590099
5080.0	90.0	10.0234008459	4.65124083662
5080.0	91.0	11.8258240447	5.14884651902
5080.0	92.0	8.7132555385	4.51067021458
5080.0	94.0	11.367431036	5.66005581
5090.0	89.0	10.5417764109	5.15505167381
5090.0	90.0	10.4969473426	4.62474959885
5090.0	91.0	12.4264914676	5.00493465979
5090.0	92.0	9.18048808187	4.55840217453
5090.0	94.0	10.7758136128	5.71781148153
5100.0	89.0	11.0245833724	5.15505167381
5100.0	90.0	10.9704938392	4.59825836108
5100.0	91.0	13.0804065632	4.92832486408
5100.0	92.0	9.64772062523	4.60613413447
5100.0	94.0	10.144418284	5.69275220256
5110.0	89.0	11.5073903339	5.15505167381
5110.0	90.0	11.4440403359	4.57176712331
5110.0	91.0	13.7343216588	4.85171506837
5110.0	92.0	10.1149531686	4.65386609441
5110.0	94.0	9.51723225727	5.63237127324
5120.0	89.0	11.9904077605	5.15505167381
5120.0	90.0	11.9209542743	4.57057382431
5120.0	91.0	14.3615076855	4.88870733733
5120.0	92.0	10.582185712	4.70159805435
5120.0	94.0	8.89425553277	5.53690735335
5130.0	89.0	12.5058368139	5.19085064377
5130.0	90.0	12.4012356545	4.59515578368
5130.0	91.0	14.9708041779	5.00183208239
5130.0	92.0	11.0494182553	4.7493300143
5130.0	94.0	8.27127880828	5.44144343347
5140.0	89.0	13.0250542394	5.23070683032
5140.0	90.0	12.8815170346	4.61949908325
5140.0	92.0	11.5486414954	4.86030682116
5140.0	94.0	7.66261371125	5.40278054591
5150.0	89.0	13.5440611997	5.27032435707
5150.0	90.0	13.3617984148	4.64408104262
5150.0	92.0	12.0478647354	4.97128362803
5150.0	94.0	7.05394861421	5.36411765836
5160.0	89.0	14.0138193244	5.29967951244
5160.0	90.0	13.8353449115	4.68250527038
5160.0	92.0	12.5470879754	5.0822604349
5160.0	94.0	6.44528351717	5.32545477081
5170.0	89.0	14.4781053562	5.3278413688
5170.0	90.0	14.3044716408	4.73023723032
5170.0	92.0	13.0463112155	5.19323724176
5170.0	94.0	5.83430330393	5.30087281144
5180.0	89.0	14.9423913881	5.35576456537
5180.0	90.0	14.7733879051	4.77796919026
5180.0	92.0	13.5436402695	5.27796147066
5180.0	94.0	5.21806146295	5.30922590443
5190.0	89.0	15.4066774199	5.38392642174
5190.0	90.0	15.2425146344	4.82570115021
5190.0	92.0	14.0401274631	5.35146868897
5190.0	94.0	4.60160915685	5.31781765722
5200.0	92.0	14.5366146567	5.42497590729
5200.0	94.0	4.02240917516	5.39084755593
5210.0	92.0	15.0331018503	5.4982444658
5210.0	94.0	3.48025105277	5.52831560056
5220.0	94.0	2.93830339548	5.6655449854
5230.0	94.0	2.39235690111	5.76769137967
5240.0	94.0	1.83104645374	5.72783519312
5250.0	94.0	1.26973600637	5.68797900657
5260.0	94.0	0.677697652994	5.56554652932
5270.0	94.0	0.0778720905614	5.42235064949
5440.0	101.0	0.336744175401	7.62183936365
5450.0	101.0	0.757674394652	7.40012440971
5460.0	101.0	1.1786046139	7.17864811558
5470.0	101.0	1.58396041504	6.97578728582
5480.0	101.0	1.98279179778	6.78104088926
5490.0	101.0	2.38162318052	6.58629449269
5500.0	101.0	2.78045456326	6.39178675593
5510.0	101.0	3.21674873552	6.19775633876
5520.0	101.0	3.65746267507	6.00372592159
5530.0	101.0	4.09817661463	5.80993416422
5540.0	101.0	4.532787066	5.70778776995
5550.0	101.0	4.96466147096	5.64502024262
5560.0	101.0	5.39674634102	5.5820140555
5570.0	101.0	5.82883121108	5.51924652817
5580.0	101.0	6.22029631498	5.52688364176
5590.0	101.0	6.60734165158	5.54239652875
5600.0	101.0	6.99417652308	5.55767075593
5610.0	101.0	7.34396953527	5.60564137567
5620.0	101.0	7.68450208265	5.6619650884
5630.0	101.0	8.02482416491	5.71805014133
5630.0	103.0	14.3333053608	12.013656998
5630.0	104.0	13.6859146836	12.1160420521
5640.0	101.0	8.38703461858	5.7457346781
5640.0	103.0	14.2825832694	11.6186750294
5640.0	104.0	13.594572826	11.7976698792
5650.0	101.0	8.78165669913	5.73069911072
5650.0	103.0	14.231861178	11.2236930609
5650.0	104.0	13.5034414336	11.4795363662
5660.0	101.0	9.17627877967	5.71590220314
5660.0	103.0	14.1678797847	10.8430306804
5660.0	104.0	13.4270425988	11.1439806878
5670.0	101.0	9.58310783658	5.68678570757
5670.0	103.0	14.0906390894	10.4771652074
5670.0	104.0	13.3729530656	10.7826497511
5680.0	101.0	10.0391857291	5.60062951988
5680.0	103.0	14.0133983942	10.1112997345
5680.0	104.0	13.3188635324	10.4213188143
5690.0	101.0	10.4952636217	5.51447333218
5690.0	103.0	13.895958863	9.76619766407
5690.0	104.0	13.2647739993	10.0597492177
5700.0	101.0	10.9511310491	5.42807848468
5700.0	103.0	13.7381100308	9.44233631586
5700.0	104.0	13.1780623741	9.73994508611
5710.0	101.0	11.426992662	5.35170734877
5710.0	103.0	13.5802611986	9.11847496765
5710.0	104.0	13.0879833072	9.42443683088
5720.0	101.0	11.9161135768	5.28130270786
5720.0	103.0	13.4203077153	8.78554454705
5720.0	104.0	12.9913798219	9.11322445206
5730.0	101.0	12.4050240264	5.21113672674
5730.0	103.0	13.2593019064	8.44855690986
5730.0	104.0	12.8375298267	8.83781104319
5730.0	105.0	14.5096751227	12.3716466975
5740.0	101.0	12.8973019179	5.14240270443
5740.0	103.0	13.0982960975	8.11156927266
5740.0	104.0	12.6836798316	8.56239763432
5740.0	105.0	14.5532414004	12.0590023599
5750.0	101.0	13.402418181	5.0786805379
5750.0	103.0	12.8756240116	7.80178885263
5750.0	104.0	12.5226740227	8.32922701
5750.0	105.0	14.5968076781	11.7461193625
5760.0	101.0	13.9075344441	5.01495837138
5760.0	103.0	12.5089937906	7.55549193933
5760.0	104.0	12.354301935	8.13829917023
5760.0	105.0	14.6355332582	11.4394415199
5770.0	101.0	14.4126507072	4.95147486465
5770.0	103.0	12.1425740347	7.30919502602
5770.0	104.0	12.2656961239	7.97815844462
5770.0	105.0	14.6626832574	11.1468446054
5780.0	101.0	14.9177669703	4.88775269813
5780.0	103.0	11.8161426497	7.0810362575
5780.0	104.0	12.2570670544	7.84904349298
5780.0	105.0	14.6898332565	10.8544863508
5790.0	103.0	11.651558934	6.92519140829
5790.0	104.0	12.2572775195	7.72326977853
5790.0	105.0	14.7045658142	10.5552069619
5800.0	103.0	11.4867647531	6.76958521887
5800.0	104.0	12.3399903076	7.62947647724
5800.0	105.0	14.6694181409	10.2289590157
5810.0	103.0	11.7018600952	6.64667542202
5810.0	104.0	12.4227030956	7.53568317595
5810.0	105.0	14.6342704676	9.90271106951
5820.0	103.0	11.9754647377	6.52519758397
5820.0	104.0	12.5527705334	7.4113414203
5820.0	105.0	14.6027007011	9.58887343289
5830.0	103.0	12.3963949569	6.38367232274
5830.0	104.0	12.7933321537	7.21516306494
5830.0	105.0	14.585232097	9.32372239541
5840.0	103.0	12.8173251762	6.2423857213
5840.0	104.0	13.033893774	7.01922336937
5840.0	105.0	14.567763493	9.05857135792
5850.0	103.0	13.2513042322	6.12973829584
5850.0	104.0	13.3540112057	6.88939243833
5850.0	105.0	14.5500844237	8.79318166064
5860.0	103.0	13.7050670086	6.06100427352
5860.0	104.0	13.753894914	6.8256702718
5860.0	105.0	14.5536623306	8.52803062316
5870.0	103.0	14.1586193198	5.99203159141
5870.0	104.0	14.1537786223	6.76194810528
5870.0	105.0	14.5711309347	8.26287958568
5880.0	103.0	14.6123820962	5.92305890929
5880.0	104.0	14.5536623306	6.71230686694
5880.0	105.0	14.5888100039	7.9977285482
5890.0	103.0	15.0659344074	5.85408622717
5890.0	104.0	14.9535460389	6.67650789698
5890.0	105.0	14.606278608	7.73257751072
5900.0	104.0	15.3534297472	6.64070892703
5900.0	105.0	14.7140367441	7.46480121544
5910.0	105.0	14.8217948803	7.19702492016
5920.0	105.0	14.9297634815	6.92924862488
5930.0	105.0	15.0375216176	6.6614723296
5940.0	105.0	15.168851846	6.43951871587
