10.0	1.0	1.03127903717	7.85190741057
10.0	2.0	0.279287200473	9.98910591701
20.0	1.0	1.76790692085	7.61324761086
20.0	2.0	1.06390112916	9.85879766636
30.0	1.0	2.51547899024	7.36408677996
30.0	2.0	1.84830459273	9.72872807552
40.0	1.0	3.27925687308	7.09869708268
40.0	2.0	2.6106092198	9.56739405091
50.0	1.0	4.04324522102	6.8335460452
50.0	2.0	3.36344291693	9.39317239712
60.0	1.0	4.85079984665	6.61803624605
60.0	2.0	4.11185684675	9.20176723775
70.0	1.0	5.67708586704	6.42352850929
70.0	2.0	4.82112426619	8.85690382717
80.0	1.0	6.50337188743	6.22902077252
80.0	2.0	5.53060215074	8.51227907638
90.0	1.0	7.32355441964	6.04787798454
90.0	2.0	6.24365794215	8.15070947981
100.0	1.0	8.14352648674	5.86697385636
100.0	2.0	6.9619753613	7.76384194448
110.0	1.0	8.96728692581	5.69251354277
110.0	2.0	7.68050324556	7.37697440914
120.0	1.0	9.82366945688	5.5772408595
120.0	2.0	8.41944624546	7.01254089498
130.0	1.0	10.6800519879	5.46196817624
130.0	2.0	9.1790148261	6.67006408239
140.0	1.0	11.5265426589	5.33953569899
140.0	2.0	9.9465810809	6.35216922917
150.0	1.0	12.3332554241	5.18846404577
150.0	2.0	10.7463484975	6.13260221344
160.0	1.0	13.1399681893	5.03739239255
160.0	2.0	11.5461159141	5.9130351977
170.0	1.0	13.951521652	4.89371919312
170.0	2.0	12.3340972845	5.84048261859
180.0	1.0	14.7824379048	4.78083310786
180.0	2.0	13.1170274923	5.8309362266
190.0	1.0	15.6131436925	4.6677083628
190.0	2.0	13.8970111886	5.832845505
200.0	2.0	14.6652088387	5.88057746494
210.0	2.0	15.4334064888	5.92830942488
230.0	4.0	15.2940785863	9.09723424548
240.0	4.0	14.6149076775	9.1623883708
240.0	5.0	15.04215185	8.56908010871
250.0	4.0	13.9357367687	9.22754249612
250.0	5.0	14.3507739649	8.5802971193
260.0	4.0	13.2403600465	9.33828064319
260.0	5.0	13.6591856147	8.59175278968
270.0	4.0	12.5291984411	9.494602812
270.0	5.0	12.9480240093	8.77289557767
280.0	4.0	11.8180368357	9.65092498081
280.0	5.0	12.2366519387	8.95379970585
290.0	4.0	11.1394973223	9.85092189297
290.0	5.0	11.5246484729	9.13422651443
300.0	4.0	10.4828461802	10.0800353007
300.0	5.0	10.8042264026	9.30868682802
310.0	4.0	9.82956247995	10.3074780898
310.0	5.0	10.0838043324	9.48314714161
320.0	4.0	9.20595436013	10.5196466518
320.0	5.0	9.38758574974	9.65283425921
330.0	4.0	8.58234624031	10.7318152137
330.0	5.0	8.71578111981	9.81798684061
340.0	4.0	7.94716253946	10.9131966615
340.0	5.0	8.04376602478	9.98337808181
350.0	4.0	7.29472069962	11.0482781081
350.0	5.0	7.38311604566	10.1358816938
360.0	4.0	6.64227885978	11.1835982146
360.0	5.0	6.72372885721	10.286953347
370.0	4.0	6.00393818229	11.3155770838
370.0	5.0	6.06413120364	10.4382636601
380.0	4.0	5.38643355065	11.4430214169
380.0	5.0	5.40979517781	10.6067574787
390.0	4.0	4.76913938411	11.5702270901
390.0	5.0	4.7556696171	10.7771605757
400.0	4.0	4.1413219621	11.6928982272
400.0	5.0	4.10238591682	10.9468476933
410.0	4.0	3.49793012198	11.8088868898
410.0	5.0	3.45415337917	11.1091363571
420.0	4.0	2.85453828185	11.9248755525
420.0	5.0	2.80592084153	11.2714250209
430.0	4.0	2.21114644173	12.0406255553
430.0	5.0	2.15853016432	11.4201100761
440.0	4.0	1.57301622934	12.1628193728
440.0	5.0	1.51177088244	11.5599647187
450.0	4.0	0.935727877395	12.2854905098
450.0	5.0	0.865011600561	11.6995807016
460.0	4.0	0.298229060339	12.4081616469
460.0	5.0	0.218252318682	11.8391966844
470.0	4.0	-0.339059291607	12.5310714438
470.0	5.0	-0.428717428307	11.979051327
500.0	6.0	15.0046890605	9.01441929498
510.0	6.0	14.5761820973	8.98052960342
520.0	6.0	14.1476751341	8.94640125206
530.0	6.0	13.7118018921	8.92181929269
540.0	6.0	13.2645635341	8.9120342409
550.0	6.0	12.8173251762	8.90201052931
560.0	6.0	12.3288356568	9.00439558339
570.0	6.0	11.8401356722	9.10654197767
580.0	6.0	11.3564868503	9.19651672216
590.0	6.0	10.8919903533	9.23780486751
600.0	6.0	10.4274938564	9.27885435306
610.0	6.0	9.9661543361	9.3256316738
620.0	6.0	9.51239155974	9.38529662373
630.0	6.0	9.05862878339	9.44496157366
640.0	6.0	8.60507647215	9.51011569898
650.0	6.0	8.15510206777	9.62538838224
660.0	6.0	7.70512766339	9.7406610655
670.0	6.0	7.25346953813	9.85163787237
680.0	6.0	6.79507652937	9.94519251386
680.0	9.0	15.1147623129	9.12730538024
680.0	12.0	10.4302299028	6.34477077538
690.0	6.0	6.3364730555	10.0389858151
690.0	9.0	14.4496925665	9.26095486808
690.0	12.0	10.2643833964	6.00491922059
700.0	6.0	5.88986609287	10.123710044
700.0	9.0	13.78462282	9.39460435592
700.0	12.0	10.0985368901	5.664829006
710.0	6.0	5.46114866456	10.1943533448
710.0	9.0	13.1264984222	9.53350435935
710.0	12.0	9.93269038367	5.32497745121
720.0	6.0	5.03243123626	10.2649966455
720.0	9.0	12.4788972799	9.68051879598
720.0	12.0	9.7409566688	4.92044909069
730.0	6.0	4.57972078545	10.3642791222
730.0	9.0	11.8312961376	9.8272945728
730.0	12.0	9.52354621056	4.45100526466
740.0	6.0	4.11669754428	10.4754945888
740.0	9.0	11.1643322052	9.89340333732
740.0	12.0	9.30613575231	3.98156143862
750.0	6.0	3.6536743031	10.5869487153
750.0	9.0	10.4925275753	9.93922601887
750.0	11.0	0.0883953460427	7.70393833475
750.0	12.0	9.1221892465	3.55603101573
760.0	6.0	3.17591850425	10.6816966558
760.0	9.0	9.81924968958	9.9934017934
760.0	11.0	0.635604631069	7.44141255507
760.0	12.0	8.97191715823	3.17417533619
770.0	6.0	2.69184875211	10.7690461425
770.0	9.0	9.13986831571	10.0800353007
770.0	11.0	1.1828139161	7.17888677538
770.0	12.0	8.82143460484	2.79231965665
780.0	6.0	2.20777899997	10.856634289
780.0	9.0	8.46069740695	10.1669074678
780.0	11.0	1.73318017777	6.9103945007
780.0	12.0	8.67116251657	2.41046397711
790.0	6.0	1.76790692085	10.9890904778
790.0	9.0	7.82930207807	10.2996023164
790.0	11.0	2.29680574134	6.61779758625
790.0	12.0	8.5208904283	2.10354747467
800.0	6.0	1.3469767016	11.1411167702
800.0	9.0	7.19790674919	10.4320585053
800.0	11.0	2.86022083981	6.32520067181
800.0	12.0	8.37040787492	1.79686963204
810.0	6.0	0.926046482352	11.2929044028
810.0	9.0	6.55640909505	10.5850394369
810.0	11.0	3.42700338003	6.03880891215
810.0	12.0	8.22013578664	1.48995312961
820.0	6.0	0.50048603069	11.4158141997
820.0	9.0	5.89091841842	10.7850363491
820.0	11.0	4.02346150071	5.80683158683
820.0	12.0	8.02524509513	1.29114951645
830.0	6.0	0.0677697652994	11.4955265728
830.0	9.0	5.22563820689	10.985271921
830.0	11.0	4.61970915628	5.57461560171
830.0	12.0	7.78573580038	1.20069745236
840.0	9.0	4.56583008822	11.1857461528
840.0	11.0	5.21595681185	5.34263827639
840.0	12.0	7.54622650562	1.11024538827
850.0	9.0	3.92769987583	11.3871750237
850.0	11.0	5.84840446627	5.14240270443
850.0	12.0	7.33912883775	1.13291806924
860.0	9.0	3.28978012856	11.5883652349
860.0	11.0	6.51705211955	4.97390888583
860.0	12.0	7.15328814595	1.23124590672
870.0	9.0	2.65186038128	11.7897941058
870.0	11.0	7.18548930773	4.80541506723
870.0	12.0	6.96765791926	1.3295737442
880.0	9.0	2.03519761008	11.956378646
880.0	11.0	7.85413696101	4.64670630042
880.0	12.0	6.80559978485	1.47539488183
890.0	9.0	1.41853483888	12.1227245264
890.0	11.0	8.52215321896	4.57510836051
890.0	12.0	6.73867187999	1.81166653962
890.0	13.0	15.1113948711	8.75881464948
900.0	9.0	0.801661602564	12.2893090666
900.0	11.0	9.19037994202	4.50351042059
900.0	12.0	6.67174397513	2.14793819742
900.0	13.0	14.494942565	8.77575949526
910.0	9.0	0.184998831361	12.4558936068
910.0	11.0	9.85860666508	4.43191248068
910.0	12.0	6.7870788552	2.40974799771
910.0	13.0	13.878700724	8.79294300084
920.0	11.0	10.5268333881	4.36484907696
920.0	12.0	6.90262420039	2.67155779799
920.0	13.0	13.2548821391	8.83279918739
930.0	11.0	11.1931659252	4.33835783919
930.0	12.0	7.01795908046	2.93312893848
930.0	13.0	12.6018089039	8.96453939684
940.0	11.0	11.8597089274	4.31186660142
940.0	12.0	7.16549512231	3.17966451158
940.0	13.0	11.9485252037	9.09627960628
950.0	11.0	12.5262519296	4.28537536365
950.0	12.0	7.31660907102	3.42452946609
950.0	13.0	11.2979775498	9.2461579605
960.0	11.0	13.1359693522	4.37200887095
960.0	12.0	7.46772301973	3.66915576079
960.0	13.0	10.6529019888	9.43851775907
970.0	11.0	13.6890716603	4.57176712331
970.0	12.0	7.61883696844	3.9140207153
970.0	13.0	10.0080368929	9.63111621744
980.0	11.0	14.2421739684	4.77152537567
980.0	12.0	7.63125440991	4.14575938082
980.0	13.0	9.36190900636	9.81727086121
990.0	11.0	14.7952762765	4.97128362803
990.0	12.0	7.64367185138	4.37725938654
990.0	13.0	8.71199274784	9.97884354562
1000.0	11.0	15.3483785846	5.17104188039
1000.0	12.0	7.65587882774	4.60899805207
1000.0	13.0	8.06207648932	10.1401775702
1010.0	12.0	7.55990673775	4.8304743462
1010.0	13.0	7.41216023079	10.3017502546
1010.0	17.0	0.0153639530027	9.54543734934
1020.0	12.0	7.39153465005	5.04526816594
1020.0	13.0	6.75761373986	10.3852811845
1020.0	17.0	0.492909286743	9.31608528181
1030.0	12.0	7.22316256235	5.26006198568
1030.0	13.0	6.10180445826	10.4497193305
1030.0	17.0	0.970665085593	9.08649455449
1040.0	12.0	7.04468814939	5.34025167839
1040.0	13.0	5.44473238601	10.5346822192
1040.0	17.0	1.44336972181	8.84043630099
1050.0	12.0	6.85947885292	5.3307052864
1050.0	13.0	4.78218822091	10.7024600583
1050.0	17.0	1.90513017233	8.55547650013
1060.0	12.0	6.67426955644	5.32115889441
1060.0	13.0	4.11964405581	10.8704765573
1060.0	17.0	2.36668015774	8.27075535907
1070.0	13.0	3.46488709977	11.0074672824
1070.0	17.0	2.8446464217	7.9977285482
1080.0	13.0	2.81791735278	11.1136708933
1080.0	17.0	3.38743593942	7.77147905807
1090.0	13.0	2.17094760579	11.2196358443
1090.0	17.0	3.93338243379	7.60942905406
1100.0	13.0	1.49956390608	11.3423069814
1100.0	17.0	4.48732660233	7.59701874448
1110.0	13.0	0.822076718197	11.469035335
1110.0	17.0	5.04127077086	7.58436977509
1120.0	13.0	0.144589530313	11.5960023485
1140.0	21.0	1.13588019665	7.65238781801
1150.0	21.0	1.55154878816	7.80536874963
1160.0	21.0	1.96700691456	7.95834968124
1170.0	21.0	2.38267550607	8.11133061286
1180.0	21.0	2.81328712036	8.26717546207
1190.0	21.0	3.30430222112	8.43423732187
1200.0	21.0	3.79531732188	8.60129918167
1210.0	21.0	4.28128126	8.75380279369
1220.0	21.0	4.7470405476	8.84783475478
1230.0	21.0	5.2125893701	8.94186671586
1230.0	25.0	3.84940685505	4.59014392789
1240.0	21.0	5.67813819259	9.03589867695
1240.0	25.0	4.03924638393	4.66842434219
1250.0	21.0	6.233766082	9.17957187638
1250.0	25.0	4.22887544771	4.7467047565
1260.0	21.0	6.74014513576	9.30892548782
1260.0	25.0	4.41871497659	4.82474651101
1270.0	21.0	7.1084590776	9.39245641772
1270.0	25.0	4.60855450547	4.90302692531
1280.0	21.0	7.50350208837	9.48505642001
1280.0	25.0	4.79818356924	4.98130733962
1290.0	21.0	7.9610532367	9.59937446407
1290.0	25.0	4.98802309813	5.05958775393
1300.0	21.0	8.41860438502	9.71345384834
1300.0	25.0	5.22542774178	5.10015991988
1310.0	21.0	8.798704373	9.71345384834
1310.0	22.0	14.7805437188	5.88272540314
1310.0	23.0	14.9392344114	5.15505167381
1310.0	24.0	14.9358669697	4.4125810369
1310.0	25.0	5.46262192033	5.14073208583
1320.0	21.0	9.1790148261	9.71345384834
1320.0	22.0	14.3219402449	5.85217694877
1320.0	23.0	14.4997832625	5.15505167381
1320.0	24.0	14.4787367516	4.39873876852
1320.0	25.0	5.70002656399	5.18154291158
1330.0	21.0	9.55911481408	9.71345384834
1330.0	22.0	13.8631263059	5.82138983461
1330.0	23.0	14.0603321136	5.15505167381
1330.0	24.0	14.0218169986	4.38513515993
1330.0	25.0	5.93743120765	5.22211507753
1340.0	21.0	9.80620085278	9.61727394905
1340.0	22.0	13.404522832	5.79084138025
1340.0	23.0	13.6208809647	5.15505167381
1340.0	24.0	13.5646867805	4.37153155135
1340.0	25.0	6.17525678152	5.29108775965
1350.0	21.0	10.0385543338	9.51011569898
1350.0	22.0	12.9646507529	5.78940942145
1350.0	23.0	13.1763786532	5.1662686844
1350.0	24.0	13.1258670269	4.34718825178
1350.0	25.0	6.41434514606	5.42688518568
1360.0	21.0	10.2706973497	9.40319610871
1360.0	22.0	12.5437205337	5.81709395822
1360.0	23.0	12.730613551	5.18034961258
1360.0	24.0	12.6946240173	4.31807175622
1360.0	25.0	6.6536439757	5.56244395192
1370.0	22.0	12.1227903144	5.84501715478
1370.0	23.0	12.285058914	5.19443054076
1370.0	24.0	12.2633810077	4.28895526065
1370.0	25.0	6.89273234024	5.69800271816
1380.0	22.0	11.7018600952	5.87270169155
1380.0	23.0	11.8491856719	5.18941868497
1380.0	24.0	11.8323484631	4.25983876509
1380.0	25.0	7.13182070477	5.8335614844
1390.0	22.0	11.2765101086	5.88511200113
1390.0	23.0	11.4282554527	5.15648363261
1390.0	24.0	11.4594042889	4.11974546265
1390.0	25.0	7.36101720915	5.94262901286
1400.0	22.0	10.8341124482	5.83618674219
1400.0	23.0	11.0073252334	5.12330992045
1400.0	24.0	11.125606625	3.90590628211
1400.0	25.0	7.58895092288	6.04859396394
1410.0	22.0	10.3915043227	5.78726148325
1410.0	23.0	10.5863950142	5.09013620829
1410.0	24.0	10.7918089612	3.69182844177
1410.0	25.0	7.81709510171	6.15479757481
1420.0	22.0	9.94910666222	5.73833622431
1420.0	23.0	10.1823020037	5.03094857796
1420.0	24.0	10.4230740891	3.52452792217
1420.0	25.0	8.02145672316	6.25169345349
1430.0	22.0	9.5201787688	5.67127282059
1430.0	23.0	9.78241829539	4.96531713304
1430.0	24.0	10.0391857291	3.37703616595
1430.0	25.0	8.1710974161	6.3271099502
1440.0	22.0	9.12345203716	5.56220529212
1440.0	23.0	9.38253458711	4.89968568812
1440.0	24.0	9.65529736918	3.22954440972
1440.0	25.0	8.32052764394	6.40228778711
1450.0	22.0	8.7265148404	5.45313776365
1450.0	23.0	8.98265087882	4.8340542432
1450.0	24.0	9.23205203372	3.13527378884
1450.0	25.0	8.47016833688	6.47770428382
1460.0	22.0	8.32957764365	5.34383157538
1460.0	23.0	8.57897879856	4.76699083948
1460.0	24.0	8.71641251514	3.1651062638
1460.0	25.0	8.61096949522	6.54596098654
1470.0	22.0	7.93811253975	5.30349806923
1470.0	23.0	8.17404392764	4.69968877596
1470.0	24.0	8.20077299656	3.19493873876
1470.0	25.0	8.74314158406	6.60705789527
1480.0	22.0	7.5479102265	5.28010940886
1480.0	23.0	7.76931952183	4.63238671244
1480.0	24.0	7.68513347798	3.22477121373
1480.0	25.0	8.87531367291	6.66815480399
1490.0	22.0	7.15791837836	5.25695940829
1490.0	23.0	7.36459511602	4.56508464892
1490.0	24.0	7.17201954071	3.26963925607
1490.0	25.0	9.00748576175	6.72901305292
1500.0	22.0	6.76771606512	5.23357074792
1500.0	23.0	6.91041140944	4.53024031816
1500.0	24.0	6.66479862651	3.34911296938
1500.0	25.0	9.10051134021	6.78080222946
1510.0	22.0	6.33036956732	5.20159033475
1510.0	23.0	6.45075561002	4.4987372246
1510.0	24.0	6.1573672472	3.42882534248
1510.0	25.0	9.03800320265	6.79488315764
1520.0	22.0	5.87260795388	5.1657913648
1520.0	23.0	5.9910998106	4.46723413104
1520.0	24.0	5.65014633301	3.50829905579
1520.0	25.0	8.97528459998	6.80920274562
1530.0	22.0	5.41484634045	5.12999239484
1530.0	23.0	5.53460098782	4.43716299627
1530.0	24.0	5.18901727782	3.55603101573
1530.0	25.0	8.91277646242	6.82328367381
1540.0	22.0	4.95708472701	5.09419342488
1540.0	23.0	5.10798821061	4.4178315525
1540.0	24.0	4.79671031348	3.55603101573
1540.0	25.0	8.85005785975	6.83760326179
1550.0	22.0	4.52163241519	5.07175940371
1550.0	23.0	4.6813754334	4.39850010872
1550.0	24.0	4.40440334913	3.55603101573
1550.0	25.0	8.78733925709	6.85192284977
1560.0	22.0	4.09565103331	5.05505321773
1560.0	23.0	4.25476265619	4.37916866494
1560.0	24.0	4.0123068499	3.55603101573
1560.0	25.0	8.72483111953	6.86600377796
1560.0	27.0	9.76642294706	9.21680280513
1570.0	22.0	3.66988011654	5.03858569155
1570.0	23.0	3.82814987898	4.35721196337
1570.0	24.0	3.61999988556	3.55603101573
1570.0	25.0	8.66211251686	6.88032336594
1570.0	27.0	9.76894852838	9.16859352559
1580.0	22.0	3.24410919977	5.02187950557
1580.0	23.0	3.40153710177	4.331436705
1580.0	24.0	3.09636269281	3.52834647896
1580.0	25.0	8.5996043793	6.89440429412
1580.0	27.0	9.77126364458	9.12038424605
1590.0	22.0	2.81202432971	5.00493465979
1590.0	23.0	2.97492432456	4.30566144663
1590.0	24.0	2.57251503495	3.5004232824
1590.0	25.0	8.45669856986	6.85765068497
1590.0	27.0	9.77357876079	9.07193630671
1600.0	22.0	2.37046852971	4.98751249441
1600.0	23.0	2.54831154735	4.27964752846
1600.0	24.0	2.0488778422	3.47273874563
1600.0	25.0	8.29400904012	6.80800944663
1600.0	27.0	9.775893877	9.02372702717
1610.0	22.0	1.92912319483	4.96985166923
1610.0	23.0	2.13558946737	4.30255886923
1610.0	24.0	1.52524064946	3.44505420886
1610.0	25.0	8.13110904527	6.75860686809
1610.0	27.0	9.77841945831	8.97551774762
1620.0	22.0	1.48756739483	4.95242950385
1620.0	23.0	1.72854994535	4.34647227238
1620.0	24.0	1.04011857177	3.5013779216
1620.0	25.0	7.96820905042	6.70896562974
1620.0	27.0	9.78073457452	8.92730846808
1630.0	22.0	1.06221740828	4.96483981344
1630.0	23.0	1.32172088845	4.39014701573
1630.0	24.0	0.571623237743	3.59373926409
1630.0	25.0	7.80551952068	6.6595630512
1630.0	27.0	9.78304969072	8.87886052874
1640.0	22.0	0.674119746131	5.04693878454
1640.0	23.0	0.914891831542	4.43382175908
1640.0	24.0	0.103127903717	3.68610060657
1640.0	25.0	7.69544626835	6.55526871873
1640.0	27.0	9.78536480693	8.8306512492
1650.0	22.0	0.286022083981	5.12903775564
1650.0	23.0	0.507852309526	4.47773516222
1650.0	25.0	7.63798929342	6.39608263232
1650.0	27.0	9.67487062438	8.60511773847
1660.0	22.0	-0.101865113059	5.21089806694
1660.0	23.0	0.10102325262	4.52140990557
1660.0	25.0	7.58053231849	6.23689654591
1660.0	27.0	9.45114621284	8.20249865635
1670.0	25.0	7.54664743584	6.06028829412
1670.0	27.0	9.18532877939	7.65596771501
1680.0	25.0	7.6068404572	5.81303674162
1680.0	27.0	8.97339041399	7.06552337052
1690.0	25.0	7.66703347855	5.56578518912
1690.0	27.0	8.8203822793	6.44715582946
1700.0	25.0	7.70765324471	5.31423776022
1700.0	27.0	8.68968344622	5.85599550557
1710.0	25.0	7.71943929085	5.05553053733
1710.0	27.0	8.61075903011	5.3290346678
1720.0	25.0	7.73101487187	4.79706197424
1720.0	27.0	8.531834614	4.80207383003
1730.0	25.0	7.74280091801	4.53859341115
1730.0	27.0	8.47437763907	4.39444289212
1740.0	25.0	7.64830208379	4.40088670672
1740.0	27.0	8.41944624546	4.000176903
1750.0	25.0	7.52728464576	4.29348979684
1750.0	27.0	8.40597647844	3.69922689556
1760.0	25.0	7.40626720772	4.18609288697
1760.0	27.0	8.42007764079	3.46056709585
1770.0	25.0	7.28524976969	4.0786959771
1770.0	27.0	8.43396833802	3.22190729613
1780.0	30.0	12.813115874	9.162149711
1790.0	30.0	12.2379147294	9.39293373732
1790.0	32.0	6.63470211584	6.01518159198
1800.0	30.0	11.6625031197	9.62347910385
1800.0	32.0	6.51684165444	6.54977954334
1810.0	30.0	11.0908798819	9.86118426436
1810.0	32.0	6.39898119305	7.08437749469
1820.0	30.0	10.5272543184	10.1153569511
1820.0	32.0	6.28596142919	7.62231668325
1830.0	30.0	9.96383921989	10.3692909779
1830.0	32.0	6.21566608257	8.19056566637
1840.0	30.0	9.39789854011	10.6220317058
1840.0	32.0	6.14558120107	8.75881464948
1850.0	30.0	8.8226973955	10.868567279
1850.0	32.0	5.90270446456	9.1626270306
1860.0	30.0	8.2474962509	11.1151028521
1860.0	32.0	5.43694517696	9.59006673189
1870.0	30.0	7.67545208293	11.334431208
1870.0	32.0	4.89099868259	10.0113012784
1880.0	30.0	7.11687768199	11.4446920355
1880.0	32.0	4.36020567611	10.4158296389
1890.0	30.0	6.55851374615	11.5547142031
1890.0	32.0	3.82625569299	10.787422947
1900.0	30.0	6.01193585645	11.5862172967
1900.0	32.0	3.27904640797	11.0260827468
1910.0	30.0	5.47335564092	11.5652152343
1910.0	32.0	2.73604642513	11.2279889373
1920.0	30.0	4.93477542539	11.5442131719
1920.0	32.0	2.20988365107	11.2831193511
1930.0	30.0	4.4037719538	11.513187398
1930.0	32.0	1.683720877	11.3382497648
1940.0	30.0	3.90223359757	11.4430214169
1940.0	32.0	1.27815461076	11.3277487336
1950.0	30.0	3.40090570644	11.3728554357
1950.0	32.0	0.952775551275	11.2733342993
1960.0	30.0	2.8993673502	11.3026894546
1960.0	32.0	0.627606956903	11.2191585247
1970.0	30.0	2.38646387804	11.3933801785
1980.0	30.0	1.87040342924	11.5241657488
1990.0	30.0	1.35434298044	11.654951319
2000.0	30.0	0.851962763764	11.7477899811
2010.0	30.0	0.355265105048	11.824161117
2020.0	30.0	-0.141432553668	11.9005322529
2110.0	35.0	0.182473250045	8.36096876336
2120.0	35.0	0.638340677494	8.32135123661
2130.0	35.0	1.09441857005	8.28149505006
2140.0	35.0	1.55996739254	8.22779659512
2150.0	35.0	2.04024877271	8.15333473761
2150.0	36.0	14.8588367396	6.12496509985
2160.0	35.0	2.52031968777	8.0786342203
2160.0	36.0	14.2274414107	6.20181355535
2170.0	35.0	2.99302432398	8.02398112617
2170.0	36.0	13.5960460818	6.27842335106
2180.0	35.0	3.43668477508	8.04975638453
2180.0	36.0	12.9747530782	6.34357747638
2190.0	35.0	3.88013476106	8.0752929831
2190.0	36.0	12.3686135625	6.39130943633
2200.0	35.0	4.33242428164	8.11085329326
2200.0	36.0	11.7624740468	6.43904139627
2200.0	37.0	6.00267539163	12.4399034003
2210.0	35.0	4.79797310413	8.1614491708
2210.0	36.0	11.1032973234	6.48677335621
2210.0	37.0	6.02435329792	12.1107915365
2220.0	35.0	5.26352192662	8.21204504834
2220.0	36.0	10.438227577	6.53450531615
2220.0	37.0	6.04624166932	11.7816796727
2230.0	35.0	5.72949167934	8.25046927609
2230.0	36.0	9.75863573801	6.59106768869
2230.0	37.0	6.07233934292	11.4449306953
2240.0	35.0	6.19967073424	8.17887133618
2240.0	36.0	9.05694506252	6.6605176904
2240.0	37.0	6.10853934177	11.0909982123
2250.0	35.0	6.66963932403	8.10727339627
2250.0	36.0	8.35546485213	6.73020635192
2250.0	37.0	6.14494980574	10.7373043891
2260.0	35.0	7.14297535558	8.03495947695
2260.0	36.0	7.72406952326	6.85955996336
2260.0	37.0	6.17504631641	10.3785987101
2270.0	35.0	7.64682882802	7.95524710385
2270.0	36.0	7.09267419438	6.98867491501
2270.0	37.0	6.19609282738	10.0124945774
2280.0	35.0	8.15068230047	7.87577339054
2280.0	36.0	6.44675677294	7.12304038225
2280.0	37.0	6.21713933834	9.64662910442
2290.0	35.0	8.65453577291	7.79629967724
2290.0	36.0	5.79094749135	7.26074708668
2290.0	37.0	6.23271375645	9.28052497166
2300.0	35.0	9.1375531995	7.62040740485
2300.0	36.0	5.13534867486	7.39845379112
2300.0	37.0	6.2402905004	8.9139435193
2310.0	35.0	9.61530899835	7.42041049269
2310.0	36.0	4.50395334599	7.50871461858
2310.0	37.0	6.24786724434	8.54736206694
2320.0	35.0	10.0932752623	7.22041358053
2320.0	36.0	3.87255801711	7.61873678625
2320.0	37.0	6.21293003615	8.21467030614
2330.0	35.0	10.5714519914	7.01922336937
2330.0	36.0	3.22495687479	7.72517905692
2330.0	37.0	6.14979050326	7.90441256651
2340.0	35.0	11.0523647669	6.80800944663
2340.0	36.0	2.55315224487	7.8261321522
2340.0	37.0	6.08665097037	7.59415482688
2350.0	35.0	11.5334880075	6.59655686408
2350.0	36.0	1.88113714983	7.92708524748
2350.0	37.0	5.9801556249	7.25525791129
2360.0	35.0	12.0146112481	6.38510428153
2360.0	36.0	1.2354301935	8.04641514734
2360.0	37.0	5.84482655941	6.89726821172
2370.0	35.0	12.4969972793	6.15217231701
2370.0	36.0	0.596247655569	8.17004092359
2370.0	37.0	5.70970795903	6.53927851215
2380.0	35.0	12.980225171	5.90468210471
2380.0	36.0	-0.0429348823636	8.29390535964
2380.0	37.0	5.70570912195	6.25694396909
2390.0	35.0	13.4634530627	5.65719189241
2390.0	37.0	5.73475330708	5.99370221
2400.0	35.0	13.9517321171	5.44526199026
2400.0	37.0	5.7637974922	5.73022179112
2410.0	35.0	14.4406425667	5.23738930471
2420.0	35.0	14.9293425513	5.02951661916
2440.0	39.0	8.66190205175	6.27412747467
2450.0	39.0	9.24636366118	6.38009242574
2460.0	39.0	9.83103573572	6.48629603661
2470.0	39.0	10.4026589735	6.56672438912
2480.0	39.0	10.9612333744	6.62185480285
2490.0	39.0	11.5198077754	6.67698521658
2500.0	39.0	11.8144589288	6.75717490929
2510.0	39.0	12.0798554321	6.84022851959
2570.0	42.0	14.6942530238	8.64926980142
2580.0	42.0	13.9864588602	8.57337598511
2590.0	42.0	13.2668786504	8.55595381973
2600.0	42.0	12.5207798367	8.67528371958
2610.0	42.0	11.7734182325	8.79389764004
2620.0	42.0	11.0157438378	8.90511310671
2630.0	42.0	10.2580694431	9.01656723317
2640.0	42.0	9.50376249025	9.12539610184
2650.0	42.0	8.77976251314	9.21131362974
2660.0	42.0	8.05576253603	9.29723115764
2670.0	42.0	7.31724046635	9.39532033532
2680.0	42.0	6.56882653652	9.50128528639
2690.0	42.0	5.8206230718	9.60748889726
2730.0	44.0	10.0490775893	6.89249501572
2740.0	44.0	9.99982875364	7.15502079541
2750.0	44.0	9.95079038309	7.41754657509
2760.0	44.0	9.90175201255	7.68007235478
2770.0	44.0	9.84071713076	7.9982058678
2780.0	44.0	9.77652527233	8.3301816492
2790.0	44.0	9.7060194606	8.58769557309
2800.0	44.0	9.62877876537	8.77074763947
2810.0	44.0	9.55153807014	8.95379970585
2820.0	44.0	9.36211947147	9.08673321429
2830.0	44.0	9.06010203916	9.16978682459
2840.0	44.0	8.78165669913	9.23016775392
2850.0	44.0	8.5974997282	9.20033527895
2860.0	44.0	8.41334275728	9.17050280399
2870.0	44.0	8.22918578636	9.14067032903
2880.0	44.0	8.06691718684	9.01799919197
2890.0	44.0	7.90443812221	8.89508939512
2900.0	44.0	7.74216952268	8.77241825807
2910.0	44.0	7.67334743184	8.65141773961
2920.0	44.0	7.69797184966	8.53208783976
2930.0	44.0	7.7228067326	8.4127579399
2940.0	44.0	7.74764161553	8.29342804004
2960.0	48.0	14.7073018606	9.00702084119
2970.0	48.0	14.1095809493	8.97838166522
2980.0	48.0	13.511860038	8.94974248925
2990.0	48.0	12.989696101	9.06453785292
3000.0	48.0	12.4673216989	9.17957187638
3010.0	48.0	11.920322879	9.33756466379
3020.0	48.0	11.3152356888	9.59603322688
3030.0	48.0	10.7101484986	9.85474044977
3040.0	48.0	10.1128485175	10.0595105579
3040.0	50.0	0.111546508102	10.1883868498
3050.0	48.0	9.51660086194	10.2583141711
3050.0	50.0	0.469337194465	9.97359303003
3060.0	48.0	8.91530204374	10.4342064435
3060.0	50.0	0.827127880828	9.75879921028
3070.0	48.0	8.30916252802	10.5869487153
3070.0	50.0	1.18491856719	9.54400539054
3080.0	48.0	7.70302301229	10.7396909871
3080.0	50.0	1.54733948597	9.35952136536
3090.0	48.0	7.01732768513	10.8859894443
3090.0	50.0	1.91018133496	9.17861723718
3100.0	48.0	6.33163235797	11.0322879016
3100.0	50.0	2.27302318396	8.9974744492
3110.0	48.0	5.64593703081	11.1785863588
3110.0	50.0	2.59229875526	8.89055485893
3120.0	48.0	4.99328472587	11.3454095588
3120.0	50.0	2.91157432656	8.78339660885
3130.0	48.0	4.34442079289	11.514380697
3130.0	50.0	3.21885338661	8.68101155478
3140.0	48.0	3.70418592941	11.6499394632
3140.0	50.0	3.41563826411	8.61943732645
3150.0	48.0	3.07279060053	11.7523245173
3150.0	50.0	3.61263360672	8.55786309812
3160.0	48.0	2.43718596946	11.8518456538
3160.0	50.0	3.80941848422	8.4962888698
3170.0	48.0	1.79526738511	11.9473095737
3170.0	50.0	3.85887778498	8.48793577681
3180.0	48.0	1.15755810294	12.0566157619
3180.0	50.0	3.90854755086	8.47934402402
3190.0	48.0	0.526162774064	12.1869240126
3190.0	50.0	3.95800685162	8.47099093103
3200.0	48.0	-0.105232554813	12.3169936034
3200.0	50.0	4.00746615238	8.46263783804
3210.0	50.0	4.05692545314	8.45428474505
3220.0	50.0	4.10659521901	8.44569299226
3230.0	50.0	4.15605451978	8.43733989927
3240.0	50.0	4.20551382054	8.42898680628
3250.0	50.0	4.39872079117	8.38030020714
3260.0	50.0	4.73546496657	8.29175742144
3270.0	50.0	5.07220914198	8.20297597595
3280.0	50.0	5.40895331738	8.11443319026
3290.0	50.0	5.84166958277	7.9951032904
3300.0	50.0	6.27417538305	7.87577339054
3310.0	50.0	6.70689164844	7.75644349069
3320.0	50.0	7.18864628437	7.63711359083
3330.0	50.0	7.74385324356	7.51778369097
3340.0	50.0	8.29927066786	7.39845379112
3350.0	50.0	8.85468809217	7.27912389126
3360.0	50.0	9.39179505193	7.09798110328
3370.0	50.0	9.92406131417	6.90156408811
3380.0	50.0	10.4563275764	6.70490841315
3390.0	50.0	11.0109031403	6.54739294534
3400.0	50.0	11.5987321915	6.44882644806
3410.0	50.0	12.1865612426	6.35002129098
3420.0	50.0	12.7436623878	6.28391252646
3430.0	50.0	13.2698251619	6.2505001545
3440.0	50.0	13.795987936	6.21708778254
3450.0	50.0	14.32215071	6.18367541058
3460.0	50.0	14.8483134841	6.15026303862
3460.0	54.0	-0.161637204192	11.0554379021
3470.0	50.0	15.3744762581	6.11685066666
3470.0	54.0	0.727998814195	10.957826044
3480.0	54.0	1.61763483258	10.860214186
3490.0	54.0	2.49801038615	10.7824110913
3500.0	54.0	3.36891500978	10.7248940795
3510.0	54.0	4.23981963341	10.6673770678
3520.0	54.0	5.07747076972	10.6174971697
3530.0	54.0	5.89302306951	10.5726291273
3540.0	54.0	6.70857536931	10.5279997448
3550.0	54.0	7.51276255319	10.4480487119
3560.0	54.0	8.3001125283	10.3153538632
3570.0	54.0	9.08746250341	10.1828976744
3580.0	54.0	9.87607526918	10.035644578
3590.0	54.0	10.6653194303	9.88218632673
3600.0	54.0	11.4545635914	9.72872807552
3610.0	54.0	12.2334949621	9.67598425978
3610.0	56.0	11.0454194183	8.44259041486
3620.0	54.0	13.0113740073	9.63469611443
3620.0	56.0	11.0060624428	8.62158526465
3630.0	54.0	13.805669331	9.54328941114
3630.0	56.0	10.9664950021	8.80058011443
3640.0	54.0	14.6109088404	9.41870899569
3640.0	56.0	10.9271380266	8.97957496422
3650.0	54.0	15.4161483499	9.29412858024
3650.0	56.0	10.9231391896	9.1626270306
3660.0	56.0	10.9231391896	9.34639507638
3670.0	56.0	10.906722911	9.44997342945
3680.0	56.0	10.8517915174	9.36691981915
3690.0	56.0	10.7968601238	9.28386620885
3690.0	57.0	15.2557739363	9.70032755935
3700.0	56.0	10.6956264061	9.14234094762
3700.0	57.0	14.7043553491	9.82371467581
3710.0	56.0	10.5941822232	9.00105434619
3710.0	57.0	14.1527262968	9.94710179226
3720.0	56.0	10.4929485055	8.85952908496
3720.0	57.0	13.6010972444	10.0707275685
3730.0	57.0	13.043575169	10.1848069528
3740.0	57.0	12.4845798379	10.2967383988
3750.0	57.0	11.9255845067	10.4086698449
3760.0	57.0	11.3590124316	10.5392167553
3770.0	57.0	10.7878101241	10.6824126352
3780.0	57.0	10.2166078166	10.825608515
3790.0	57.0	9.64161713706	10.9666564566
3800.0	57.0	9.03295204002	11.0893275937
3810.0	57.0	8.42428694298	11.2117600709
3820.0	57.0	7.81562184594	11.334431208
3830.0	57.0	7.20695674891	11.4568636852
4220.0	64.0	2.29406969492	11.3401590432
4230.0	64.0	2.92546502379	11.1396848114
4240.0	64.0	3.55686035267	10.9392105797
4250.0	64.0	4.18025800738	10.7069945945
4260.0	64.0	4.79860449946	10.4532992274
4270.0	64.0	5.41674052643	10.1998425202
4280.0	64.0	6.03129864654	9.9077229253
4290.0	64.0	6.64017420869	9.55832497852
4300.0	64.0	7.24904977083	9.20892703174
4310.0	64.0	7.88591719256	8.92038733389
4320.0	64.0	8.54172647415	8.67241980199
4330.0	64.0	9.19732529064	8.42469092988
4340.0	64.0	9.80893689921	8.42469092988
4350.0	64.0	10.4207589729	8.42469092988
4360.0	64.0	11.0323705815	8.42469092988
4370.0	64.0	11.6949147466	8.4962888698
4380.0	64.0	12.3700868182	8.58578629469
4390.0	64.0	13.0526251688	8.60010588267
4400.0	64.0	13.7458972399	8.50201670499
4410.0	64.0	14.439169311	8.40368886751
4420.0	64.0	15.1324413821	8.30536103003
4510.0	69.0	9.42820551589	13.0472925905
4510.0	70.0	10.1980868869	13.3830869287
4520.0	69.0	9.37432644783	12.7902559862
4520.0	70.0	10.227131072	13.0704425911
4530.0	69.0	9.32044737977	12.533219382
4530.0	70.0	10.2561752572	12.7575595937
4530.0	72.0	7.18191140086	7.59367750728
4540.0	69.0	9.26635784659	12.2761827777
4540.0	70.0	10.2679613033	12.460428143
4540.0	72.0	6.9880730349	7.92660792788
4550.0	69.0	9.23941831256	11.988597719
4550.0	70.0	10.2626996756	12.1790482392
4550.0	72.0	6.79423466893	8.25953834848
4560.0	69.0	9.23941831256	11.670464206
4560.0	70.0	10.2572275827	11.8974296755
4560.0	71.0	14.9701727826	8.59628732588
4560.0	72.0	6.60039630297	8.59246876908
4570.0	69.0	9.23941831256	11.352330693
4570.0	70.0	10.2517554899	11.6160497717
4570.0	71.0	13.9778297907	8.64187134762
4570.0	72.0	6.31584747475	8.93780949927
4580.0	69.0	9.24531133563	11.0368224377
4580.0	70.0	10.2725915357	11.3038827536
4580.0	71.0	12.9856972639	8.68721670957
4580.0	72.0	5.94100911451	9.29579919884
4590.0	69.0	9.27435552076	10.7322925333
4590.0	70.0	10.3108961857	10.9711909928
4590.0	71.0	12.0291333406	8.78482856765
4590.0	72.0	5.56617075427	9.65378889841
4600.0	69.0	9.30318924078	10.4277626289
4600.0	70.0	10.3492008356	10.638499232
4600.0	71.0	11.0723589523	8.88244042574
4600.0	72.0	5.1580789067	9.98695797881
4600.0	73.0	0.170055808577	9.85306983117
4610.0	69.0	9.32360435641	10.1215621058
4610.0	70.0	10.3946612993	10.2967383988
4610.0	71.0	10.1402089818	8.98792805721
4610.0	72.0	4.67232543369	10.2623713877
4610.0	73.0	0.817656950895	9.81631622201
4610.0	74.0	0.448711613722	10.20008118
4620.0	69.0	9.32360435641	9.81130436622
4620.0	70.0	10.4569589717	9.93445282287
4620.0	71.0	9.21416249941	9.09532496708
4620.0	72.0	4.18657196067	10.5377847965
4620.0	73.0	1.46525809321	9.77956261286
4620.0	74.0	1.17776275346	10.1234713842
4630.0	69.0	9.30339970589	9.47908992502
4630.0	70.0	10.5192566442	9.57192858711
4630.0	71.0	8.29421950523	9.30773218882
4630.0	72.0	3.67261616297	10.7680915033
4630.0	73.0	2.09938946851	9.72538683832
4630.0	74.0	1.90702435832	10.0466229287
4640.0	69.0	9.23562994059	9.09556362688
4640.0	70.0	10.5182043186	9.25427239369
4640.0	71.0	7.37574976683	9.54639198854
4640.0	72.0	3.1464533889	10.979305426
4640.0	73.0	2.72026154191	9.65378889841
4640.0	74.0	2.59335108081	10.0019935462
4640.0	75.0	-0.100391857291	11.4814456446
4650.0	69.0	9.1680706404	8.71203732874
4650.0	70.0	10.474638041	8.96621001543
4650.0	71.0	6.52736490993	9.85999096536
4650.0	72.0	2.62071154506	11.1816889362
4650.0	73.0	3.34155454552	9.55832497852
4650.0	74.0	3.26136733876	9.97072911243
4650.0	75.0	0.466180217821	11.2976775988
4660.0	69.0	9.12324157205	8.3308976286
4660.0	70.0	10.4310717633	8.67814763718
4660.0	71.0	5.72570330736	10.2237085001
4660.0	72.0	2.09875807319	11.305792032
4660.0	73.0	3.96347894447	9.43899507867
4660.0	74.0	3.91864987612	9.92037189469
4660.0	75.0	1.03296275804	11.1141482129
4670.0	69.0	9.10156366576	7.95238318625
4670.0	70.0	10.457379902	8.33567082459
4670.0	71.0	4.92130565837	10.5580708795
4670.0	72.0	1.57680460131	11.4298951279
4670.0	73.0	4.58308822721	9.31823322001
4670.0	74.0	4.56014753026	9.84065952158
4670.0	75.0	1.59953483315	10.9306188269
4680.0	69.0	9.07967529435	7.57363008411
4680.0	70.0	10.5133636211	7.96956669183
4680.0	71.0	4.11459289318	10.8630781036
4680.0	72.0	1.1259883365	11.5272683262
4680.0	73.0	5.19764634731	9.19413012416
4680.0	74.0	5.21427309097	9.76214044748
4680.0	75.0	2.1755778382	11.0060353236
4690.0	69.0	9.08009622457	7.19225172416
4690.0	70.0	10.5695578054	7.60370121887
4690.0	71.0	3.36133826583	11.2296595559
4690.0	72.0	0.722526721344	11.6067420395
4690.0	73.0	5.81220446742	9.07002702831
4690.0	74.0	5.89828469726	9.68529199197
4690.0	75.0	2.76488014515	11.0470848091
4700.0	69.0	9.09503924736	6.80872542603
4700.0	70.0	10.6575322212	7.18867182717
4700.0	71.0	2.63081387032	11.622732246
4700.0	72.0	0.319275571302	11.6864544126
4700.0	73.0	6.41329282051	8.95356104605
4700.0	74.0	6.58229630354	9.60868219626
4700.0	75.0	3.45773128604	10.859020887
4710.0	69.0	9.11019273525	6.42496046809
4710.0	70.0	10.7591868692	6.75240171329
4710.0	71.0	1.93627900855	11.9449229757
4710.0	72.0	-0.0841860438502	11.7659281259
4710.0	73.0	7.01101373185	8.83900434219
4710.0	74.0	7.25178581726	9.4950801316
4710.0	75.0	4.10912080033	10.859020887
4720.0	69.0	9.14681366433	5.9970434472
4720.0	70.0	10.860631052	6.31637025922
4720.0	71.0	1.24174414679	12.2671137053
4720.0	73.0	7.63904161897	8.72158372073
4720.0	74.0	7.9065427733	9.34496311758
4720.0	75.0	4.77461147696	10.8544863508
4730.0	69.0	9.18890668625	5.55790941573
4730.0	70.0	10.9185089572	5.86840581515
4730.0	71.0	0.465548822492	12.5356059799
4730.0	73.0	8.33778578292	8.59748062488
4730.0	74.0	8.56129972935	9.19460744376
4730.0	75.0	5.49608587276	10.8318136698
4740.0	69.0	9.22594854554	5.13762950843
4740.0	70.0	10.9652322115	5.4175774535
4740.0	71.0	-0.310436036698	12.8040982546
4740.0	73.0	9.03652994688	8.47337752903
4740.0	74.0	9.22237063868	9.05141156393
4740.0	75.0	6.21040445483	10.799355937
4750.0	69.0	9.25162528892	4.76174032388
4750.0	70.0	10.8286403553	5.03691507295
4750.0	73.0	9.68139504277	8.37576567094
4750.0	74.0	9.88491480378	8.9098863027
4750.0	75.0	6.85947885292	10.6800260372
4760.0	69.0	9.27709156718	4.38561247953
4760.0	70.0	10.6922589643	4.65649135221
4760.0	73.0	10.3127903717	8.28483628725
4760.0	74.0	10.5464066433	8.77599815506
4760.0	75.0	7.50834278589	10.5606961373
4770.0	69.0	9.30255784545	4.00948463519
4770.0	70.0	10.5556671082	4.27582897167
4770.0	73.0	10.9696519788	8.20583989355
4770.0	74.0	11.1996903436	8.71036671014
4770.0	75.0	8.07807183765	10.2819414913
4780.0	69.0	9.17312180303	3.59636452188
4780.0	70.0	10.4384380421	3.87607380715
4780.0	73.0	11.6372473065	8.13161669584
4780.0	74.0	11.8527635788	8.64449660542
4780.0	75.0	8.61370554164	9.93469148267
4790.0	69.0	9.0434752955	3.18324440858
4790.0	70.0	10.3658275793	3.43168926008
4790.0	73.0	12.3050530994	8.05763215793
4790.0	74.0	12.4953135585	8.58459299569
4790.0	75.0	9.05694506252	9.4960347708
4800.0	69.0	8.92224739236	2.7517474907
4800.0	70.0	10.2932171165	2.98730471301
4800.0	73.0	12.9501286604	7.97672648582
4800.0	74.0	13.0955600511	8.54927134534
4800.0	75.0	9.31097644983	8.8256393934
4810.0	69.0	8.81301600046	2.29208871645
4810.0	70.0	10.2340764207	2.54745470214
4810.0	73.0	13.5895216634	7.89415019512
4810.0	74.0	13.6958065438	8.51394969498
4810.0	75.0	9.50565667624	8.14951618082
4820.0	69.0	8.70399507367	1.8324299422
4820.0	70.0	10.1951403754	2.11428716566
4820.0	73.0	14.2169181552	7.81133524462
4820.0	74.0	14.3177309427	8.47528680742
4820.0	75.0	9.70370434439	7.53186461916
4830.0	69.0	8.58887065871	1.37993096194
4830.0	70.0	10.1562043301	1.68111962918
4830.0	73.0	14.7956972067	7.72780431472
4830.0	74.0	14.9615437131	8.43304402287
4830.0	75.0	9.7234880647	6.86600377796
4840.0	69.0	8.47122066243	0.930773218882
4840.0	70.0	10.1149531686	1.23387116452
4840.0	73.0	15.3744762581	7.64427338482
4840.0	75.0	9.61446713791	6.22353159713
4850.0	69.0	8.35357066615	0.481615475822
4850.0	70.0	10.0728601467	0.780417545063
4850.0	75.0	9.25099389359	5.64860013962
4860.0	69.0	8.23592066987	0.0322190729613
4860.0	70.0	10.0307671248	0.326963925607
4860.0	75.0	8.88057530065	5.0834537339
4870.0	75.0	8.44912182592	4.60613413447
4880.0	75.0	8.01766835118	4.12881453504
4910.0	80.0	-0.0391465103903	8.82134351701
4920.0	80.0	0.47207324089	8.86668887895
4930.0	80.0	0.983082527061	8.9122729007
4940.0	80.0	1.49598599922	8.94592393246
4950.0	80.0	2.0095208667	8.97456310842
4960.0	80.0	2.52263480397	8.97360846923
4960.0	82.0	14.9430227834	9.93039560628
4970.0	80.0	3.03364409014	8.85427856937
4970.0	82.0	14.3116274545	10.0597492177
4980.0	80.0	3.54486384142	8.73494866951
4980.0	82.0	13.6802321257	10.189341489
4990.0	80.0	4.01988359385	8.59962856307
4990.0	82.0	13.0488367968	10.3189337602
5000.0	80.0	4.45723009165	8.43805587867
5000.0	82.0	12.4490112343	10.4353997425
5010.0	80.0	4.96003123854	8.26550484348
5010.0	82.0	11.8626554389	10.5461378895
5010.0	84.0	0.17973720362	11.6019688435
5020.0	80.0	5.5188161046	8.12493422144
5020.0	82.0	11.2765101086	10.6571146964
5020.0	84.0	0.925204621914	11.3931415187
5030.0	80.0	6.16199747962	8.03233421916
5030.0	82.0	10.6564798957	10.7635569671
5030.0	84.0	1.6704615751	11.184314194
5040.0	80.0	6.71909862479	7.98913679541
5040.0	82.0	10.0328717758	10.8695219181
5040.0	84.0	2.40456387747	10.9485183119
5050.0	80.0	7.21895326016	7.97911308382
5050.0	82.0	9.40589621427	10.9869425396
5050.0	84.0	3.13361501721	10.7012667594
5060.0	80.0	7.7316462672	7.94737133046
5060.0	82.0	8.76481949036	11.149708523
5060.0	84.0	3.86287662207	10.4542538666
5070.0	80.0	8.29527183078	7.8280414306
5070.0	82.0	8.12395323155	11.3124745064
5070.0	84.0	4.60855450547	10.1998425202
5080.0	80.0	8.85910785947	7.70871153074
5080.0	82.0	7.44583464833	11.4451693551
5080.0	84.0	5.35591610975	9.94471519426
5080.0	85.0	-0.155323250904	10.5248971674
5090.0	80.0	9.41452528377	7.61873678625
5090.0	82.0	6.76771606512	11.5776255439
5090.0	84.0	6.10348817914	9.68958786837
5090.0	85.0	0.432295335171	10.365711081
5100.0	80.0	9.95773573171	7.57243678511
5100.0	82.0	6.09864748162	11.7062631759
5100.0	84.0	6.90325559572	9.61321673246
5100.0	85.0	1.01991392125	10.2067636543
5110.0	80.0	10.5009461797	7.52613678396
5110.0	82.0	5.4510463393	11.8255930758
5110.0	84.0	7.70302301229	9.53684559655
5110.0	85.0	1.59637785651	10.0401791141
5120.0	80.0	11.0460508136	7.48246204062
5120.0	82.0	4.80344519698	11.9449229757
5120.0	84.0	8.49647647558	9.46333837824
5120.0	85.0	2.14674411818	9.85664972817
5130.0	80.0	11.595996145	7.44379915306
5130.0	82.0	4.14174289232	12.026783287
5130.0	84.0	9.28382645069	9.39269507752
5130.0	85.0	2.69711037985	9.67312034219
5140.0	80.0	12.1459414765	7.40537492531
5140.0	82.0	3.47414756459	12.0926533917
5140.0	84.0	10.0711764258	9.32181311701
5140.0	85.0	3.23884757203	9.44472291386
5150.0	80.0	12.7040949472	7.35621100657
5150.0	82.0	2.80634177175	12.1585234964
5150.0	84.0	10.8631566333	9.25642033189
5150.0	85.0	3.77658592712	9.19723270156
5160.0	80.0	13.2948705099	7.26432698368
5160.0	82.0	2.20525341866	12.2494528801
5160.0	84.0	11.6566100966	9.19198218596
5160.0	85.0	4.31453474732	8.94974248925
5170.0	80.0	13.8858565378	7.17268162059
5170.0	82.0	1.62058134412	12.3465874186
5170.0	84.0	12.4429077462	9.13947703003
5170.0	85.0	4.78113589536	8.68005691558
5180.0	80.0	14.431592567	7.0786496595
5180.0	82.0	1.03254182782	12.4554162872
5180.0	84.0	13.2016344664	9.13303321543
5180.0	85.0	5.24794750851	8.4101326821
5190.0	80.0	14.9472320856	6.98318573962
5190.0	82.0	0.412722079976	12.6675848492
5190.0	84.0	13.9605716517	9.12682806064
5190.0	85.0	5.619418427	8.02684504376
5200.0	82.0	-0.206887202762	12.8797534111
5200.0	84.0	14.7192983719	9.12062290585
5200.0	85.0	5.95005911422	7.59510946608
5210.0	84.0	15.4780250921	9.11417909126
5210.0	85.0	6.03424515807	7.19726357996
5220.0	85.0	5.95405795131	6.82232903461
5230.0	85.0	5.87408120965	6.44715582946
5240.0	89.0	14.8104297643	8.87599661114
5250.0	89.0	14.3766611734	8.91943269469
5260.0	89.0	13.9428925825	8.96286877824
5270.0	89.0	13.4901821317	9.02635228496
5270.0	90.0	15.2418832391	7.44332183346
5280.0	89.0	12.960862381	9.17098012359
5280.0	90.0	14.4842088444	7.5769713213
5290.0	89.0	12.4315426303	9.31560796222
5290.0	90.0	13.7265344498	7.71062080914
5300.0	89.0	11.9022228795	9.46023580084
5300.0	90.0	12.9814879617	7.84999813217
5300.0	91.0	2.64912433486	8.87528063174
5310.0	89.0	11.442356615	9.62586570184
5310.0	90.0	12.265906589	8.00274040399
5310.0	91.0	3.18854641083	9.00940743918
5320.0	89.0	10.9902775595	9.79388220084
5320.0	90.0	11.5503252162	8.15548267581
5320.0	91.0	3.72775802169	9.14377290642
5330.0	89.0	10.5329368763	9.94662447266
5330.0	90.0	10.8631566333	8.332806907
5330.0	91.0	4.26718009766	9.27789971386
5340.0	89.0	10.0553915426	10.0385084955
5340.0	90.0	10.1833543292	8.51657495277
5340.0	91.0	4.8213347313	9.39460435592
5350.0	89.0	9.57784620884	10.1301538586
5350.0	90.0	9.50102644383	8.67934093618
5350.0	91.0	5.3853812251	9.49961466779
5360.0	89.0	9.10998227014	10.2385054077
5360.0	90.0	8.8094380936	8.75881464948
5360.0	91.0	5.95910911394	9.59913580427
5370.0	89.0	8.64843228473	10.3578353076
5370.0	90.0	8.11216718541	8.84091362059
5370.0	91.0	6.62060095349	9.65044766121
5380.0	89.0	8.18709276443	10.4771652074
5380.0	90.0	7.36733116244	8.94592393246
5380.0	91.0	7.11372070534	9.63230951643
5390.0	89.0	7.70302301229	10.6043708807
5390.0	90.0	6.63638583671	9.04639970814
5390.0	91.0	7.57674394652	9.59173735048
5400.0	89.0	7.21895326016	10.7318152137
5400.0	90.0	5.91659516179	9.164536309
5400.0	91.0	8.2081392754	9.5798043605
5410.0	89.0	6.73488350802	10.859020887
5410.0	90.0	5.22395448602	9.32372239541
5410.0	91.0	8.83764041829	9.55498374133
5410.0	93.0	0.51121975128	13.6188828108
5420.0	89.0	6.2360811982	10.8855121247
5420.0	90.0	4.53110334513	9.48266982201
5420.0	91.0	9.45935435212	9.47908992502
5420.0	93.0	1.02222903745	13.4315348681
5430.0	89.0	5.73706842328	10.9120033625
5430.0	90.0	3.84309290176	9.64901570241
5430.0	91.0	10.0812787511	9.40319610871
5430.0	93.0	1.53344878873	13.2439482655
5440.0	89.0	5.24268588077	10.9210724349
5440.0	90.0	3.15550338862	9.81607756221
5440.0	91.0	10.6394322218	9.25785229068
5440.0	93.0	2.01436156423	13.1074348601
5450.0	89.0	4.75861612863	10.8893306815
5450.0	90.0	2.46812434058	9.98313942201
5450.0	91.0	11.1975856925	9.11274713246
5450.0	93.0	2.46538829415	13.0222333116
5460.0	89.0	4.27454637649	10.8573502684
5460.0	90.0	1.80999994278	10.1747832412
5460.0	91.0	11.7199600946	8.87933784834
5460.0	93.0	2.91641502408	12.9370317631
5470.0	89.0	3.78837197326	10.864987382
5470.0	90.0	1.15524298673	10.3692909779
5470.0	91.0	12.2269705437	8.60798165606
5470.0	93.0	3.44952314676	12.8279642346
5480.0	89.0	3.2973568725	10.9645085184
5480.0	90.0	0.505116263101	10.5683332509
5480.0	91.0	12.5858135556	8.31729402001
5480.0	93.0	4.01777894275	12.7086343347
5480.0	94.0	0.357790686363	11.8852580257
5490.0	89.0	2.80613130664	11.0637909951
5490.0	90.0	-0.126279065775	10.7852750089
5490.0	91.0	12.7962786652	8.00703628039
5490.0	93.0	4.58603473874	12.5893044349
5490.0	94.0	0.98918601524	11.8375260658
5500.0	89.0	2.26165806804	11.1067497591
5500.0	91.0	12.8105902927	7.66742338539
5500.0	93.0	5.10819867572	12.3971832961
5500.0	94.0	1.62058134412	11.7897941058
5510.0	89.0	1.71129180637	11.1435033682
5510.0	91.0	12.6289589031	7.29869399484
5510.0	93.0	5.6105788924	12.1740363834
5510.0	94.0	2.16337086184	11.7394368881
5520.0	89.0	1.17481624193	11.2077028543
5520.0	91.0	12.356196121	6.97817388382
5520.0	93.0	6.11295910907	11.9506508109
5520.0	94.0	2.70489758891	11.6790559588
5530.0	89.0	0.671173234596	11.3353858472
5530.0	91.0	11.8710740433	6.77077851787
5530.0	93.0	6.6296509532	11.7563817339
5530.0	94.0	3.23526966516	11.526313687
5540.0	89.0	0.167530227262	11.4633074998
5540.0	91.0	11.3861624307	6.56314449212
5540.0	93.0	7.15581372727	11.5814441007
5540.0	94.0	3.76564174142	11.3735714151
5550.0	89.0	-0.335902314962	11.5912291525
5550.0	91.0	10.7930717518	6.46553263404
5550.0	93.0	7.68197650133	11.4062678077
5550.0	94.0	4.3511556764	11.2315688343
5560.0	91.0	10.1999810729	6.36792077595
5560.0	93.0	8.17993695071	11.178347699
5560.0	94.0	4.97329054045	11.0967260475
5570.0	91.0	9.55595783744	6.34071355879
5570.0	93.0	8.6587450751	10.9148672801
5570.0	94.0	5.59205796275	10.9831239828
5580.0	91.0	8.89930669541	6.3311671668
5580.0	93.0	9.13776366461	10.651625521
5580.0	94.0	6.20240678066	10.9194018163
5590.0	91.0	8.25465206462	6.26577438168
5590.0	93.0	9.64224853238	10.3766894317
5590.0	94.0	6.81275559858	10.8559183096
5600.0	91.0	7.63841022364	6.06959602631
5600.0	93.0	10.1574671207	10.0969801465
5600.0	94.0	7.42036837007	10.793389442
5610.0	91.0	7.02195791755	5.87365633075
5610.0	93.0	10.6726857091	9.81703220141
5610.0	94.0	8.02166718827	10.7337244921
5620.0	91.0	6.50821258495	5.6669769442
5620.0	93.0	11.1967438321	9.52252600857
5620.0	94.0	8.62296600647	10.6740595422
5630.0	91.0	6.09675329563	5.45003518626
5630.0	93.0	11.7229066061	9.22420125892
5630.0	94.0	9.2206869178	10.5461378895
5640.0	91.0	5.68550447142	5.23309342832
5640.0	93.0	12.2490693802	8.92587650928
5640.0	94.0	9.81440899206	10.350198194
5650.0	93.0	12.78617634	8.68793268897
5650.0	94.0	10.4083415314	10.1540198386
5660.0	93.0	13.3304391135	8.49056103461
5660.0	94.0	10.9694415137	9.87478787294
5660.0	95.0	0.0311488362246	12.3298812326
5670.0	93.0	13.874701887	8.29295072044
5670.0	94.0	11.5166507987	9.55975693732
5670.0	95.0	0.506589518869	12.1353734958
5670.0	96.0	0.228986039273	11.4671260566
5680.0	93.0	14.3996018704	8.19581618196
5680.0	94.0	12.0527054329	9.26525074448
5680.0	95.0	0.982240666622	11.9408657591
5680.0	96.0	0.742520906759	11.2857446088
5690.0	93.0	14.9162937145	8.14164040742
5690.0	94.0	12.5437205337	9.05308218253
5690.0	95.0	1.4585232097	11.7518471977
5690.0	96.0	1.25605577425	11.1043631611
5700.0	93.0	15.4327750935	8.08722597309
5700.0	94.0	13.0347356344	8.84091362059
5700.0	95.0	1.94175110141	11.6103219365
5700.0	96.0	1.73675808463	10.9265616103
5710.0	94.0	13.5697379431	8.71251464834
5710.0	95.0	2.42497899311	11.469035335
5710.0	96.0	2.20356969778	10.7499533585
5720.0	94.0	14.1485169946	8.66788526579
5720.0	95.0	2.93746153504	11.326078115
5720.0	96.0	2.69395340321	10.5933925299
5730.0	94.0	14.727296046	8.62301722345
5730.0	95.0	3.49372081978	11.1812116166
5730.0	96.0	3.22011617727	10.4659481968
5740.0	94.0	15.3060750975	8.5783878409
5740.0	95.0	4.04998010452	11.0363451181
5740.0	96.0	3.74627895133	10.3387425236
5750.0	95.0	4.59508473845	10.9146286203
5750.0	96.0	4.29580335257	10.2093889121
5760.0	95.0	5.13303355866	10.8086636692
5760.0	96.0	4.88047542711	10.0766940635
5770.0	95.0	5.67077191375	10.7024600583
5770.0	96.0	5.46514750165	9.94423787466
5780.0	95.0	6.17231026999	10.5552069619
5780.0	96.0	6.00877887981	9.80509921143
5790.0	95.0	6.66984978914	10.4034193293
5790.0	96.0	6.53494165387	9.6635739502
5800.0	95.0	7.13476721631	10.2027064377
5800.0	96.0	7.06110442794	9.52181002917
5810.0	95.0	7.58579394623	9.98099148382
5810.0	96.0	7.55022534271	9.35379353017
5820.0	95.0	8.03682067616	9.75951518968
5820.0	96.0	8.00230439818	9.1592857934
5830.0	95.0	8.55898461314	9.59412394848
5830.0	96.0	8.45438345366	8.96477805664
5840.0	95.0	9.08893575918	9.43493786207
5840.0	96.0	8.9691811118	8.7425857831
5850.0	95.0	9.61909737033	9.26525074448
5850.0	96.0	9.49955318806	8.51347237538
5860.0	95.0	10.1490485164	9.05308218253
5860.0	96.0	10.0385543338	8.29128010184
5870.0	95.0	10.6792101275	8.84091362059
5870.0	96.0	10.5973391999	8.08555535449
5880.0	95.0	11.2455717375	8.69151258596
5880.0	96.0	11.1561240659	7.87983060714
5890.0	95.0	11.8481333464	8.60487907867
5890.0	96.0	11.7370077685	7.67696977738
5900.0	95.0	12.4443810019	8.47528680742
5900.0	96.0	12.3507240282	7.47792750442
5910.0	95.0	13.0252647045	8.2461733997
5910.0	96.0	12.9646507529	7.27912389126
5920.0	95.0	13.6061484071	8.01705999197
5920.0	96.0	13.540693758	7.10943677366
5930.0	95.0	14.1432553668	7.80226617223
5930.0	96.0	14.116736763	6.93998831587
