0.0	2.0	13.3434879503	4.43907227467
0.0	4.0	11.828139161	5.15505167381
0.0	5.0	8.7132555385	4.4152062947
0.0	8.0	4.33558125829	7.35072183117
10.0	2.0	12.8253228504	4.43000320228
10.0	4.0	11.3823740588	5.21113672674
10.0	5.0	8.36051601476	4.36365577796
10.0	8.0	4.5544649723	7.27435069527
20.0	2.0	12.3073682156	4.42069547009
20.0	4.0	10.9368194217	5.26746043948
20.0	5.0	8.00798695614	4.31210526122
20.0	8.0	4.77334868631	7.19797955936
20.0	9.0	15.2423041693	3.6682011216
30.0	2.0	11.8144589288	4.43358309928
30.0	4.0	10.4910543195	5.32354549241
30.0	5.0	7.65524743241	4.26031608468
30.0	8.0	4.95540100613	7.17124966179
30.0	9.0	14.665840234	3.53311967496
40.0	2.0	11.3596438269	4.47988310042
40.0	4.0	10.0709659607	5.34597951358
40.0	5.0	7.30061372269	4.18633154677
40.0	8.0	5.10083239688	7.19392234276
40.0	9.0	14.0891658337	3.39827688812
50.0	2.0	10.904828725	4.52618310157
50.0	4.0	9.66792527576	5.34597951358
50.0	5.0	6.94156024567	4.06008051273
50.0	8.0	5.24605332253	7.21659502374
50.0	9.0	13.5446925951	3.30973410243
60.0	2.0	10.4384380421	4.52642176137
60.0	4.0	9.26488459083	5.34597951358
60.0	5.0	6.58250676865	3.93359081888
60.0	8.0	5.39148471328	7.23926770471
60.0	9.0	13.0479949363	3.29064131845
70.0	2.0	9.94489736003	4.41926351129
70.0	4.0	8.86184390589	5.34597951358
70.0	5.0	6.22366375674	3.80733978483
70.0	8.0	5.54217773177	7.25931512788
70.0	9.0	12.5512972776	3.27154853447
80.0	2.0	9.45135667795	4.31234392102
80.0	4.0	8.45880322096	5.34597951358
80.0	5.0	5.83914400145	3.73025266952
80.0	8.0	5.70591958706	7.27244141687
80.0	9.0	12.0992182222	3.31426863862
90.0	2.0	8.94624041485	4.18800216537
90.0	4.0	8.03176951353	5.39633673132
90.0	5.0	5.45188819974	3.65865472961
90.0	8.0	5.86966144235	7.28580636565
90.0	9.0	11.6519798642	3.36414853676
100.0	2.0	8.42407647787	4.03788515135
100.0	4.0	7.60178929456	5.45218312445
100.0	5.0	5.06463239803	3.58705678969
100.0	8.0	6.03340329764	7.29893265464
100.0	9.0	11.2217891801	3.3314521442
110.0	2.0	7.90170207578	3.88752947753
110.0	4.0	7.17201954071	5.50802951759
110.0	5.0	4.67737659632	3.51545884978
110.0	8.0	6.13505794558	7.3328223462
110.0	9.0	10.8086461699	3.21665678054
120.0	2.0	7.38353697588	3.80710112503
120.0	4.0	6.74203932174	5.56387591072
120.0	5.0	4.29012079461	3.44386090987
120.0	8.0	6.21019398972	7.37554245034
120.0	9.0	10.3955031597	3.10162275708
120.0	10.0	0.344741849567	6.98294707982
130.0	2.0	6.86684513175	3.75626658769
130.0	4.0	6.32089863738	5.61638106666
130.0	5.0	3.91886034123	3.38849183633
130.0	8.0	6.28533003386	7.41802389469
130.0	9.0	9.87502294363	3.01761450758
130.0	10.0	0.63497323574	6.88414192273
140.0	2.0	6.35036375273	3.70567071015
140.0	4.0	5.93511609144	5.65623725321
140.0	5.0	3.54949407383	3.3347933814
140.0	8.0	6.27943701079	7.46838111243
140.0	9.0	9.3278136586	2.94124337167
140.0	10.0	0.925415087023	6.78533676565
150.0	2.0	5.84209051299	3.67536091559
150.0	4.0	5.5493335455	5.69609343976
150.0	5.0	3.18012780644	3.28133358626
150.0	8.0	6.26428352289	7.51945430957
150.0	9.0	8.81070088425	2.90114852532
150.0	10.0	1.25542437892	6.68939552617
160.0	2.0	5.34644517982	3.67536091559
160.0	4.0	5.16334053444	5.73571096651
160.0	5.0	2.81076153905	3.22763513132
160.0	8.0	6.22703119849	7.56360637252
160.0	9.0	8.3634625263	2.94601656766
160.0	10.0	1.74433482858	6.60514861687
170.0	2.0	4.85079984665	3.67536091559
170.0	4.0	4.7775579885	5.77556715307
170.0	5.0	2.44139527166	3.17417533619
170.0	8.0	5.98962655483	7.54522956794
170.0	9.0	7.91622416834	2.99064595021
170.0	10.0	2.23345574335	6.52114036737
180.0	2.0	4.34610451377	3.65483617281
180.0	4.0	4.40293009337	5.82091251501
180.0	5.0	2.10086272428	3.17417533619
180.0	8.0	5.75222191118	7.52685276336
180.0	9.0	7.46603929886	3.02835419856
180.0	10.0	2.72236619301	6.43689345807
190.0	2.0	3.8199417397	3.58681812989
190.0	4.0	4.045139407	5.87461096995
190.0	5.0	1.76054064202	3.17417533619
190.0	8.0	5.51481726752	7.50871461858
190.0	9.0	6.99101954643	3.0009083216
190.0	10.0	3.20706734047	6.37340995135
200.0	2.0	3.29377896564	3.51856142718
200.0	4.0	3.68734872064	5.92830942488
200.0	5.0	1.42000809464	3.17417533619
200.0	8.0	5.28625215846	7.50060018539
200.0	9.0	6.51599979401	2.97370110443
200.0	10.0	3.69050569728	6.31541562002
210.0	2.0	2.79308246984	3.46128307524
210.0	4.0	3.32955803428	5.98200787982
210.0	5.0	1.07947554727	3.17417533619
210.0	8.0	5.09325565294	7.53377389755
210.0	9.0	6.04098004158	2.94649388726
210.0	10.0	4.17394405409	6.25742128869
220.0	2.0	2.31785225231	3.4152217339
220.0	4.0	2.99618130063	6.03809293275
220.0	5.0	0.739153465005	3.17417533619
220.0	8.0	4.90025914741	7.56694760971
220.0	9.0	5.57101145179	2.95866553705
220.0	10.0	4.65654055046	6.19727901916
230.0	2.0	1.84262203477	3.36892173276
230.0	4.0	2.69963596117	6.09775788268
230.0	5.0	0.398620917631	3.17417533619
230.0	8.0	4.70747310699	7.59988266208
230.0	9.0	5.10462076886	2.9973284246
230.0	10.0	5.13008704712	6.11756664605
240.0	2.0	1.37160111943	3.30830214363
240.0	4.0	2.4030906217	6.15742283261
240.0	5.0	0.0580883702566	3.17417533619
240.0	8.0	4.50942543884	7.59773472388
240.0	9.0	4.63823008593	3.03622997195
240.0	10.0	5.60363354378	6.03809293275
250.0	2.0	0.907104622486	3.22596451273
250.0	4.0	2.10654528224	6.21708778254
250.0	8.0	4.30822079403	7.57172080571
250.0	9.0	4.171839403	3.07489285951
250.0	10.0	6.07718004044	5.95861921945
260.0	2.0	0.442608125542	3.14362688183
260.0	4.0	1.80999994278	6.27675273246
260.0	8.0	4.10680568412	7.54570688754
260.0	9.0	3.71976034752	3.09875883948
260.0	10.0	6.54188700249	5.9120805585
270.0	2.0	-0.0216779062914	3.06152791072
270.0	4.0	1.57385808978	6.4163687153
270.0	8.0	3.90560103932	7.51993162917
270.0	9.0	3.26957547803	3.12095420085
270.0	10.0	6.99796489505	5.89895426952
280.0	4.0	1.33771623678	6.55622335793
280.0	8.0	3.70418592941	7.493917711
280.0	9.0	2.81918014343	3.14314956223
280.0	10.0	7.45404278761	5.88558932073
290.0	4.0	1.10157438378	6.69583934076
290.0	8.0	3.52529058623	7.48795121601
290.0	9.0	2.36899527394	3.1653449236
290.0	10.0	7.90991021506	5.87246303175
300.0	4.0	0.86543253078	6.83545532359
300.0	8.0	3.34639524305	7.48198472102
300.0	9.0	2.03098830789	3.18754028497
300.0	10.0	8.40324043202	5.83690272159
310.0	4.0	0.580252307238	7.01325687438
310.0	8.0	3.16749989986	7.47601822602
310.0	9.0	1.76790692085	3.20997430615
310.0	10.0	8.90077995117	5.79895581344
320.0	4.0	0.289599990845	7.19511564176
320.0	8.0	2.98860455668	7.47005173103
320.0	9.0	1.50482553382	3.23240832732
320.0	10.0	9.39831947033	5.76100890528
330.0	8.0	2.95282548805	7.41921719369
330.0	9.0	1.34087321342	3.2483985339
330.0	10.0	9.89564852437	5.72306199713
340.0	8.0	2.91704641941	7.36838265635
340.0	9.0	1.32571972553	3.25484234849
340.0	10.0	10.3818229276	5.72067539913
350.0	8.0	2.88105688566	7.31778677881
350.0	9.0	1.31056623764	3.26128616308
350.0	10.0	10.8566322149	5.75384911129
360.0	8.0	2.84527781703	7.26695224147
360.0	9.0	1.29541274975	3.26772997768
360.0	10.0	11.3314415022	5.78726148325
370.0	8.0	2.79308246984	7.22733471472
370.0	9.0	1.28025926185	3.27417379227
370.0	10.0	11.8060403244	5.82043519541
380.0	8.0	2.70300340292	7.21373110614
380.0	9.0	1.26510577396	3.28061760686
380.0	10.0	12.2915833324	5.84477849498
390.0	8.0	2.61271387089	7.20012749756
390.0	9.0	1.24995228607	3.28706142145
390.0	10.0	12.8204821528	5.8330841648
400.0	8.0	2.52263480397	7.18628522917
400.0	9.0	1.23479879817	3.29350523605
400.0	10.0	13.3491705082	5.82162849441
410.0	8.0	2.40582666813	7.13759863003
410.0	9.0	1.21964531028	3.29994905064
410.0	10.0	13.8778588636	5.80993416422
420.0	8.0	2.28249411389	7.0800816183
420.0	9.0	1.20449182239	3.30639286523
420.0	10.0	14.3922355915	5.82186715421
430.0	8.0	2.15916155965	7.02232594677
430.0	9.0	1.18912786938	3.31283667982
430.0	10.0	14.7782286026	6.04740066494
440.0	8.0	2.08360458529	7.02304192617
440.0	9.0	1.17397438149	3.31928049441
440.0	10.0	15.1640111485	6.27269551587
450.0	8.0	2.01351970379	7.03044037996
450.0	9.0	1.1588208936	3.32572430901
460.0	8.0	1.94322435717	7.03760017395
460.0	9.0	1.14366740571	3.3321681236
460.0	15.0	15.0693018492	4.00948463519
470.0	8.0	1.85040924383	7.02566718396
470.0	9.0	1.12851391781	3.33861193819
470.0	15.0	14.4547437291	4.04767020314
480.0	8.0	1.74244064259	7.00132388439
480.0	9.0	1.11336042992	3.34505575278
480.0	15.0	13.840185609	4.08585577109
490.0	8.0	1.63468250646	6.97674192502
490.0	9.0	1.09820694203	3.35149956738
490.0	15.0	13.2172088845	4.1627042266
490.0	16.0	0.261397666155	7.2440409007
500.0	8.0	1.52671390522	6.95239862545
500.0	9.0	1.08305345413	3.35794338197
500.0	15.0	12.5858135556	4.27821556966
500.0	16.0	0.350003477307	7.13091615564
510.0	8.0	1.48419995308	7.03712285435
510.0	9.0	1.06789996624	3.36438719656
510.0	15.0	11.9544182267	4.39372691272
510.0	16.0	0.43860928846	7.01779141057
520.0	8.0	1.46967786052	7.16886306379
520.0	9.0	1.05274647835	3.37083101115
520.0	15.0	11.3562763852	4.500646503
520.0	16.0	0.527215099612	6.90490532531
530.0	8.0	1.45515576795	7.30060327323
530.0	9.0	1.03759299045	3.37727482575
530.0	15.0	10.8078043095	4.59467846408
530.0	16.0	0.611822073681	6.8256702718
540.0	8.0	1.45263018664	7.33353832559
540.0	9.0	1.02243950256	3.38371864034
540.0	15.0	10.2591217687	4.68847176537
540.0	16.0	0.686958117818	6.8256702718
550.0	8.0	1.45305111685	7.34189141858
550.0	9.0	0.996131363858	3.39421967152
550.0	15.0	9.70896597214	4.77987846866
550.0	16.0	0.762094161954	6.8256702718
560.0	8.0	1.45368251218	7.35000585178
560.0	9.0	0.926046482352	3.42071090929
560.0	15.0	9.14344622257	4.84694187238
560.0	16.0	0.84880578712	6.81445326122
570.0	8.0	1.4541034424	7.35835894477
570.0	9.0	0.855961600847	3.44720214706
570.0	15.0	8.5777160079	4.9142439359
570.0	16.0	0.946672063096	6.79225789984
580.0	8.0	1.45473483773	7.36671203776
580.0	9.0	0.785666254232	3.47393204463
580.0	15.0	8.01219625833	4.98130733962
580.0	16.0	1.04453833907	6.77006253847
580.0	18.0	0.352108128404	6.93736305807
590.0	8.0	1.45515576795	7.37482647095
590.0	9.0	0.694534861764	3.48729699341
590.0	15.0	7.48498115872	5.08560167209
590.0	16.0	1.14240461505	6.7478671771
590.0	18.0	0.409354638222	6.77459707467
600.0	8.0	1.45578716328	7.38317956394
600.0	9.0	0.589302306951	3.49207018941
600.0	15.0	6.9619753613	5.19419188096
600.0	16.0	1.25184647205	6.73474088811
600.0	18.0	0.466811613149	6.61206975106
610.0	8.0	1.4562080935	7.39153265693
610.0	9.0	0.484069752139	3.4968433854
610.0	15.0	6.43896956388	5.30254343003
610.0	16.0	1.40716972296	6.75741356909
610.0	18.0	0.660860444224	6.41827799369
610.0	19.0	0.270868596088	8.29939453504
620.0	8.0	1.45683948883	7.39988574992
620.0	9.0	0.378837197326	3.5016165814
620.0	15.0	5.91406958048	5.36244703976
620.0	16.0	1.56249297386	6.78032490986
620.0	18.0	0.941831365574	6.22902077252
620.0	19.0	0.349793012198	8.09653370528
630.0	8.0	1.45726041905	7.40800018311
630.0	9.0	0.273604642513	3.50638977739
630.0	15.0	5.38790680641	5.39013157653
630.0	16.0	1.71781622476	6.80299759083
630.0	18.0	1.33645344612	6.10969087266
630.0	19.0	0.428717428307	7.89367287552
640.0	8.0	1.45789181438	7.4163532761
640.0	15.0	4.86174403235	5.4175774535
640.0	16.0	1.87313947567	6.8256702718
640.0	18.0	1.65909645918	6.03713829355
640.0	19.0	0.507641844417	7.69081204577
650.0	8.0	1.4583127446	7.42470636909
650.0	15.0	4.45323125457	5.43165838168
650.0	16.0	2.1318010954	6.92113419169
650.0	18.0	1.93354296213	5.9956114884
650.0	19.0	0.681065094748	7.48818987581
660.0	8.0	1.45894413992	7.43305946208
660.0	15.0	4.02514522159	5.46387745464
660.0	16.0	2.39025225002	7.01659811158
660.0	18.0	2.21682899969	5.96649499284
660.0	19.0	0.948987179302	7.28556770585
670.0	8.0	1.45936507014	7.44117389527
670.0	15.0	3.55159872493	5.53833931215
670.0	16.0	2.64891386975	7.11206203146
670.0	18.0	2.52095108309	5.96649499284
670.0	19.0	1.21690926385	7.0831841957
680.0	8.0	1.45999646547	7.44952698826
680.0	15.0	3.163921993	5.54693106494
680.0	16.0	2.92483362847	7.18151203318
680.0	18.0	2.78866270254	5.91876303289
680.0	19.0	1.51345460332	6.9087238821
690.0	8.0	1.46041739569	7.45788008125
690.0	15.0	2.82191618986	5.53690735335
690.0	16.0	3.21822199128	7.22494811673
690.0	18.0	3.02017432313	5.82329911301
690.0	19.0	1.92533482285	6.84643367438
700.0	8.0	1.46104879102	7.46623317424
700.0	15.0	2.49401154906	5.50898415679
700.0	16.0	3.5116103541	7.26838420027
700.0	18.0	3.12688013371	5.76530478168
700.0	19.0	2.33700457728	6.78414346665
710.0	8.0	1.46146972124	7.47434760743
710.0	15.0	2.17831388462	5.4161454947
710.0	16.0	3.8045777867	7.30155791243
710.0	18.0	3.10856966917	5.7445413791
710.0	19.0	2.6697499156	6.79440583804
720.0	8.0	1.46210111657	7.48270070042
720.0	15.0	1.85903831332	5.30612332703
720.0	16.0	4.09670335886	7.29368213904
720.0	18.0	3.09025920463	5.72377797653
720.0	19.0	2.9934452542	6.81278264262
730.0	8.0	1.46252204679	7.49105379341
730.0	15.0	1.53639530027	5.17891765378
730.0	16.0	4.38861846591	7.28604502545
730.0	18.0	3.07194874009	5.70301457395
730.0	19.0	3.30430222112	6.81182800342
740.0	8.0	1.46315344212	7.4994068864
740.0	15.0	1.09925926757	5.10541043547
740.0	16.0	4.6834800845	7.27578265406
740.0	18.0	3.05363827556	5.68225117138
740.0	19.0	3.58485221225	6.76528934248
750.0	8.0	1.46357437234	7.50752131959
750.0	15.0	0.673488350802	5.27271095507
750.0	16.0	5.005070772	7.2426089419
750.0	18.0	2.84590921236	5.28798518225
750.0	19.0	3.86561266849	6.71898934133
760.0	8.0	1.46420576766	7.51587441258
760.0	15.0	0.291494176831	5.56268261172
760.0	16.0	5.3264509944	7.20943522974
760.0	18.0	2.61713363819	4.85195372817
760.0	19.0	4.14616265962	6.67245068039
770.0	8.0	1.46462669788	7.52422750557
770.0	15.0	0.0648232537647	5.92974138368
770.0	16.0	5.64804168191	7.17626151758
770.0	18.0	2.38583248271	4.42713928468
770.0	19.0	4.46606962625	6.663381608
780.0	8.0	1.46525809321	7.53258059856
780.0	16.0	5.94921725378	7.14332646522
780.0	18.0	2.15284760636	4.00948463519
780.0	19.0	4.80281380165	6.67030274219
790.0	8.0	1.46567902343	7.54069503175
790.0	16.0	6.22976724492	7.11015275306
790.0	18.0	1.91965226489	3.59182998569
790.0	19.0	5.13955797706	6.67698521658
800.0	8.0	1.46631041876	7.54904812474
800.0	16.0	6.51031723605	7.0769790409
800.0	18.0	1.70476738797	3.1617650266
800.0	19.0	5.46262192033	6.68915686637
810.0	8.0	1.46673134898	7.55740121773
810.0	16.0	6.79107769229	7.04380532874
810.0	18.0	1.49430227834	2.72859749012
810.0	19.0	5.73117540021	6.72209191873
820.0	8.0	1.4671522792	7.56551565092
820.0	16.0	7.13097884433	6.89512027352
820.0	18.0	1.28973019179	2.30044180944
820.0	19.0	5.99972888009	6.75478831129
830.0	8.0	1.46778367453	7.57386874391
830.0	16.0	7.47761487989	6.73378624891
830.0	18.0	1.13777438264	1.9159608721
830.0	19.0	6.2600742207	6.76457336308
840.0	8.0	1.46820460475	7.5822218369
840.0	16.0	7.82425091544	6.57221356451
840.0	18.0	0.985608108376	1.53147993476
840.0	19.0	6.50189863166	6.72042130013
850.0	8.0	1.46883600008	7.59057492989
850.0	16.0	8.18098927625	6.39942386952
850.0	18.0	0.833652299227	1.14699899742
850.0	19.0	6.74351257751	6.67626923718
860.0	8.0	1.4692569303	7.59868936308
860.0	16.0	8.54782996233	6.21541716394
860.0	18.0	0.700638349943	0.879700021744
860.0	19.0	7.01206605739	6.61875222545
860.0	21.0	13.9965611854	10.9373013013
870.0	8.0	1.46988832562	7.60704245607
870.0	16.0	8.91467064841	6.03117179856
870.0	18.0	0.586355795417	0.729583007724
870.0	19.0	7.29850907159	6.55264346093
870.0	21.0	13.945839094	10.476449228
880.0	8.0	1.47030925584	7.61539554906
880.0	16.0	9.28151133449	5.84716509298
880.0	18.0	0.47207324089	0.579704653504
880.0	19.0	7.58495208579	6.48629603661
880.0	21.0	13.8951170026	10.0155971548
890.0	8.0	1.47094065117	7.62374864205
890.0	16.0	9.61930783543	5.73404034792
890.0	18.0	0.357790686363	0.429587639484
890.0	19.0	7.87139509999	6.41994861229
890.0	21.0	13.7949356104	9.60032910327
900.0	8.0	1.47136158139	7.63186307524
900.0	16.0	9.95731480149	5.62115426265
900.0	18.0	0.278866270254	0.322190729613
900.0	19.0	8.2300276468	6.40228778711
900.0	21.0	13.6455053826	9.23064507352
910.0	8.0	1.47199297672	7.64021616823
910.0	16.0	10.2951113024	5.50802951759
910.0	18.0	0.199941854144	0.214793819742
910.0	19.0	8.58844972849	6.38462696193
910.0	21.0	13.4962856198	8.86119970356
920.0	8.0	1.47241390694	7.64856926122
920.0	16.0	10.6427996635	5.39108621573
920.0	18.0	0.121017438035	0.107396909871
920.0	19.0	8.92708808988	6.34906665178
920.0	21.0	13.3224414393	8.50655124119
930.0	8.0	1.47304530227	7.65692235421
930.0	16.0	11.0306868606	5.25934600629
930.0	18.0	0.0420930219251	0.0
930.0	19.0	9.21900319693	6.27221819627
930.0	21.0	13.1119763297	8.17409814019
940.0	8.0	1.45999646547	7.63114709584
940.0	16.0	11.4183635925	5.12736713704
940.0	19.0	9.51091830398	6.19513108096
940.0	21.0	12.90151122	7.84164503918
950.0	8.0	1.43368832677	7.57148214591
950.0	16.0	11.8060403244	4.9956269276
950.0	19.0	9.81651364315	6.10730427467
950.0	21.0	12.6834693665	7.48747389641
960.0	8.0	1.40738018807	7.51181719598
960.0	16.0	12.1705658943	4.88536610013
960.0	19.0	10.1764089806	5.97651870442
960.0	21.0	12.4601658852	7.11850584605
970.0	8.0	1.37644181695	7.45573214305
970.0	16.0	12.5005751862	4.80804032503
970.0	19.0	10.536093853	5.84573313418
970.0	21.0	12.2368624038	6.7497764555
980.0	8.0	1.33434879503	7.40800018311
980.0	16.0	12.830374013	4.73071454992
980.0	19.0	10.8991461671	5.70635581115
980.0	21.0	11.9514717152	6.4166073751
990.0	8.0	1.2922557731	7.36026822316
990.0	16.0	13.1603833049	4.65315011501
990.0	19.0	11.2910322012	5.49251663061
990.0	21.0	11.5204391707	6.166491905
1000.0	8.0	1.25121507672	7.30800172703
1000.0	16.0	13.4874460852	4.60040629928
1000.0	19.0	11.6829182353	5.27843879026
1000.0	21.0	11.0567845342	5.93952643547
1010.0	8.0	1.21248949655	7.2452341997
1010.0	16.0	13.8134565401	4.55840217453
1010.0	19.0	12.0834333389	5.0820217751
1010.0	21.0	10.4620101344	5.80468364863
1020.0	8.0	1.17355345127	7.18246667238
1020.0	16.0	14.1394669949	4.51639804978
1020.0	19.0	12.517412395	4.95505476165
1020.0	21.0	9.86723573457	5.66984086179
1030.0	8.0	1.1348278711	7.11969914505
1030.0	16.0	14.4654774497	4.47415526523
1030.0	19.0	12.9516019161	4.828326408
1030.0	21.0	9.27730203229	5.58463931329
1040.0	8.0	1.1259883365	7.0796042987
1040.0	16.0	14.7914879045	4.43215114048
1040.0	19.0	13.3855809722	4.70159805435
1040.0	21.0	8.68799972534	5.50516559999
1050.0	8.0	1.14724531257	7.06265945292
1050.0	19.0	13.8576542131	4.68226661058
1050.0	21.0	8.09869741839	5.42545322689
1060.0	8.0	1.16829182353	7.04571460714
1060.0	19.0	14.329727454	4.6629351668
1060.0	21.0	7.5129730183	5.3302279668
1070.0	8.0	1.1895487996	7.02876976136
1070.0	19.0	14.80201116	4.64360372302
1070.0	21.0	6.92766954843	5.23333208812
1080.0	8.0	1.21080577568	7.01182491558
1080.0	19.0	15.2740844009	4.62427227925
1080.0	21.0	6.34215561346	5.13643620943
1080.0	23.0	14.8630460418	6.60514861687
1090.0	8.0	1.23185228664	6.9948800698
1090.0	21.0	5.74106726037	5.07486198111
1090.0	23.0	14.4000228006	6.47149912903
1100.0	8.0	1.25310926271	6.97793522402
1100.0	21.0	5.13303355866	5.02832332016
1100.0	23.0	13.9369995594	6.33784964119
1100.0	25.0	15.0482553382	3.43670111587
1110.0	8.0	1.27415577367	6.96099037824
1110.0	21.0	4.52499985695	4.98202331902
1110.0	23.0	13.4104158551	6.30921046522
1110.0	25.0	14.4379065203	3.46056709585
1120.0	8.0	1.29541274975	6.94404553246
1120.0	21.0	3.91738708546	4.94097383347
1120.0	23.0	12.8766763371	6.29202695965
1120.0	25.0	13.8275577024	3.48443307582
1130.0	8.0	1.31666972582	6.92710068668
1130.0	21.0	3.31314175573	4.94861094706
1130.0	23.0	12.3517763537	6.26338778368
1130.0	25.0	13.2172088845	3.50829905579
1140.0	8.0	1.33771623678	6.9101558409
1140.0	21.0	2.70889642599	4.95648672045
1140.0	23.0	11.9045379957	6.12902231644
1140.0	25.0	12.6540042511	3.55984957253
1150.0	8.0	1.35897321285	6.89321099512
1150.0	21.0	2.10465109626	4.96412383404
1150.0	23.0	11.4572996378	5.994895509
1150.0	25.0	12.0910100829	3.61140008926
1160.0	8.0	1.38001972381	6.87626614934
1160.0	21.0	1.57238483401	5.04144960915
1160.0	23.0	11.0100612798	5.86053004176
1160.0	25.0	11.5278054495	3.6631892658
1170.0	8.0	1.40127669989	6.85932130356
1170.0	21.0	1.03990810666	5.11853672445
1170.0	23.0	10.54956362	5.78153364806
1170.0	25.0	10.9799647692	3.70901194735
1180.0	8.0	1.42253367596	6.84237645778
1180.0	21.0	0.507641844417	5.19586249956
1180.0	23.0	10.0878031695	5.70850374935
1180.0	25.0	10.4683240877	3.74146968011
1190.0	8.0	1.44358018692	6.825431612
1190.0	23.0	9.62583225383	5.63571251043
1190.0	25.0	9.95647294105	3.77416607267
1200.0	8.0	1.46483716299	6.80848676623
1200.0	23.0	9.15523226871	5.54120322975
1200.0	25.0	9.44462179445	3.80662380543
1210.0	8.0	1.59953483315	6.83903522059
1210.0	23.0	8.66421716795	5.39657539112
1210.0	25.0	8.93277064784	3.83908153819
1220.0	8.0	1.80999994278	6.90084810871
1220.0	23.0	8.17299160209	5.25194755249
1220.0	25.0	8.43670438445	3.86247019856
1230.0	8.0	2.02046505241	6.96266099684
1230.0	23.0	7.68197650133	5.10731971387
1230.0	25.0	7.94232184194	3.88466555994
1240.0	8.0	2.26881388176	6.98103780142
1240.0	23.0	7.22989744586	4.92164238969
1240.0	25.0	7.44793929943	3.90686092131
1250.0	8.0	2.52137201331	6.9948800698
1250.0	23.0	6.77781839038	4.73596506551
1250.0	25.0	6.95376722203	3.92905628268
1260.0	8.0	2.77393014486	7.00848367839
1260.0	23.0	6.32805445111	4.59611042288
1260.0	25.0	6.47243351631	3.92189648869
1270.0	8.0	3.01933246269	7.02757646236
1270.0	23.0	5.88376260469	4.56293671072
1270.0	25.0	6.00014981031	3.89540525092
1280.0	8.0	3.25379059481	7.05478367953
1280.0	23.0	5.43926029316	4.53000165836
1280.0	25.0	5.5276556392	3.86891401315
1290.0	8.0	3.48824872693	7.0819908967
1290.0	23.0	4.99496844674	4.4968279462
1290.0	25.0	5.05537193321	3.84242277539
1300.0	8.0	3.72291732417	7.10943677366
1300.0	23.0	4.5218428803	4.46962072903
1300.0	25.0	4.58371962253	3.81760215622
1310.0	8.0	3.88034522617	7.12113110385
1310.0	23.0	4.03608940729	4.44527742946
1310.0	25.0	4.11901266048	3.80757844463
1320.0	8.0	4.02956498889	7.13091615564
1320.0	23.0	3.55033593427	4.42069547009
1320.0	25.0	3.65409523332	3.79755473304
1330.0	8.0	4.17857428651	7.14093986723
1330.0	23.0	3.06479292637	4.39635217052
1330.0	25.0	3.18938827127	3.78776968125
1340.0	8.0	4.32758358412	7.15096357881
1340.0	23.0	2.61629177775	4.34766557138
1340.0	25.0	2.72468130921	3.77774596966
1350.0	8.0	4.47091032378	7.163851208
1350.0	23.0	2.17747202419	4.29325113705
1350.0	25.0	2.24797783591	3.7491067937
1360.0	8.0	4.56035799537	7.20442337395
1360.0	23.0	1.73844180551	4.23859804291
1360.0	25.0	1.74391389836	3.67703153419
1370.0	8.0	4.65001613207	7.2449955399
1370.0	23.0	1.27057786681	4.17941041258
1370.0	25.0	1.2398499608	3.60495627467
1380.0	8.0	4.73946380366	7.28580636565
1380.0	23.0	0.735786023251	4.10996041087
1380.0	25.0	0.735575558141	3.53264235536
1390.0	8.0	4.82912194036	7.3263785316
1390.0	23.0	0.200783714583	4.04027174935
1390.0	25.0	0.231511620588	3.46056709585
1400.0	8.0	4.86048124169	7.34236873818
1410.0	8.0	4.80470798764	7.32112801601
1420.0	8.0	4.7491451987	7.30012595363
1430.0	8.0	4.69337194465	7.27912389126
1440.0	8.0	4.53552311243	7.2466661585
1450.0	8.0	4.37767428021	7.21396976594
1460.0	8.0	4.21982544799	7.18151203318
1470.0	8.0	4.06197661577	7.14905430042
1480.0	8.0	3.90496964399	7.12113110385
1490.0	8.0	3.74838360243	7.09678780428
1500.0	8.0	3.59200802598	7.07220584491
1510.0	8.0	3.43542198442	7.04786254534
1520.0	8.0	3.27631036154	7.04762388554
1530.0	8.0	3.11635687823	7.05812491673
1540.0	8.0	2.9561929298	7.06838728811
1550.0	8.0	2.79602898138	7.0788883193
1550.0	28.0	0.117018600952	4.89348053332
1550.0	29.0	0.119123252048	5.75575838969
1560.0	8.0	2.64175805602	7.08915069069
1560.0	28.0	0.630553468438	4.88393414134
1560.0	29.0	0.612243003901	5.71494756394
1560.0	30.0	15.0097402232	4.55935681373
1570.0	8.0	2.54115573362	7.09965172188
1570.0	28.0	1.14408833592	4.87438774935
1570.0	29.0	1.10515229064	5.67389807839
1570.0	30.0	14.343197221	4.54933310214
1580.0	8.0	2.44055341122	7.10991409326
1580.0	28.0	1.65046738968	4.85624960457
1580.0	29.0	1.5982720425	5.63308725264
1580.0	30.0	13.6766542188	4.53954805035
1590.0	8.0	2.34647550722	7.11206203146
1590.0	28.0	2.14611272285	4.82546249041
1590.0	29.0	2.09749528253	5.60611869527
1590.0	30.0	13.0362088902	4.56794856652
1600.0	8.0	2.25408132409	7.11206203146
1600.0	28.0	2.64175805602	4.79467537624
1600.0	29.0	2.60555805716	5.60039086008
1600.0	30.0	12.4216507701	4.63477331044
1610.0	8.0	2.16168714096	7.11206203146
1610.0	28.0	3.14476966802	4.77725321086
1610.0	29.0	3.11383129691	5.59442436508
1610.0	30.0	11.80709265	4.70159805435
1620.0	8.0	2.06929295784	7.11206203146
1620.0	28.0	3.66503941902	4.79037949985
1620.0	29.0	3.62210453666	5.58869652989
1620.0	30.0	11.1931659252	4.71162176594
1630.0	8.0	1.97605691427	7.0824682163
1630.0	28.0	4.18530917001	4.80374444863
1630.0	29.0	4.13395568326	5.5789114781
1630.0	30.0	10.5794496655	4.72140681773
1640.0	8.0	1.88239994049	7.03998677195
1640.0	28.0	4.70557892101	4.81687073762
1640.0	29.0	4.65464636448	5.56005735392
1640.0	30.0	9.96510201055	4.67964135278
1650.0	8.0	1.78895343182	6.9975053276
1650.0	28.0	5.22248123025	4.80947228383
1650.0	29.0	5.17512658058	5.54120322975
1650.0	30.0	9.35054389044	4.60327021687
1660.0	8.0	1.69550692314	6.95502388325
1660.0	28.0	5.73769981861	4.79300475765
1660.0	29.0	5.6958172618	5.52234910557
1660.0	30.0	8.73766949121	4.52689908096
1660.0	32.0	0.0391465103903	4.02595216137
1660.0	33.0	-0.0164162785508	4.84216867639
1670.0	8.0	1.62500111142	6.91994089269
1670.0	28.0	6.25291840697	4.77653723146
1670.0	29.0	6.2162974779	5.51972384777
1670.0	30.0	8.13952764966	4.45172124405
1670.0	32.0	0.540053471299	4.05053412074
1670.0	33.0	0.459024404093	4.85099908898
1680.0	8.0	1.64709994793	6.9134970781
1680.0	28.0	6.74898467036	4.78584496365
1680.0	29.0	6.73656722889	5.53285013676
1680.0	30.0	7.55296138913	4.39134031473
1680.0	32.0	1.0407499671	4.07535473991
1680.0	33.0	0.934675551847	4.85982950156
1690.0	8.0	1.66940924955	6.90729192331
1690.0	28.0	7.23999977112	4.80183517023
1690.0	29.0	7.257047445	5.54621508554
1690.0	30.0	7.01374977827	4.39134031473
1690.0	32.0	1.5414464629	4.09993669928
1690.0	33.0	1.41011623449	4.86865991415
1700.0	8.0	1.69150808606	6.90108676851
1700.0	28.0	7.73101487187	4.81782537682
1700.0	29.0	7.77731719599	5.55934137453
1700.0	30.0	6.44212654053	4.40446660371
1700.0	32.0	2.02888365679	4.13048515364
1700.0	33.0	1.89860575393	4.90278826551
1710.0	8.0	1.71360692257	6.89464295392
1710.0	28.0	8.24812764622	4.80135785064
1710.0	29.0	8.28495904041	5.52592900257
1710.0	30.0	5.8490358616	4.42594598569
1710.0	32.0	2.51295340893	4.162226907
1710.0	33.0	2.38730573848	4.93691661687
1720.0	8.0	1.73570575908	6.88843779913
1720.0	28.0	8.77155437386	4.77677589126
1720.0	29.0	8.79112762906	5.48726611501
1720.0	30.0	5.29109285599	4.38943103633
1720.0	32.0	2.99702316107	4.19396866036
1720.0	33.0	2.86590339777	4.9972975462
1730.0	8.0	1.7580150607	6.88223264434
1730.0	28.0	9.2949811015	4.75243259169
1730.0	29.0	9.29750668282	5.44860322746
1730.0	30.0	4.78597659288	4.26532794048
1730.0	32.0	3.37438710263	4.37320216995
1730.0	33.0	3.30514408156	5.1634047668
1740.0	8.0	1.78011389721	6.87602748954
1740.0	28.0	9.81840782914	4.72785063232
1740.0	29.0	9.81693457337	5.40039394792
1740.0	30.0	4.28086032978	4.14122484463
1740.0	32.0	3.72523244037	4.58918928869
1740.0	33.0	3.74438476535	5.3292733276
1750.0	8.0	1.84830459273	6.87053831415
1750.0	28.0	10.3832961834	4.61186196966
1750.0	29.0	10.3889787413	5.31471507982
1750.0	30.0	3.74691034666	4.09182226609
1750.0	32.0	4.09228359156	4.7467047565
1750.0	33.0	4.19877893703	5.4175774535
1760.0	8.0	1.94743365937	6.86600377796
1760.0	28.0	10.95281477	4.48537227581
1760.0	29.0	10.9608124442	5.22903621172
1760.0	30.0	3.21001385201	4.05053412074
1760.0	32.0	4.46649055647	4.87916094534
1760.0	33.0	4.65485682959	5.4970511668
1770.0	8.0	2.046562726	6.86123058196
1770.0	28.0	11.5223333567	4.35912124177
1770.0	29.0	11.5328566122	5.14335734362
1770.0	30.0	2.67290689224	4.00948463519
1770.0	32.0	4.79165915084	4.89252589413
1770.0	33.0	4.97055449403	5.57175168411
1780.0	8.0	2.14548132752	6.85645738597
1780.0	28.0	12.0876426411	4.25602020829
1780.0	29.0	12.1049007801	5.06054239312
1780.0	30.0	2.0989685383	4.04194236795
1780.0	32.0	5.11114518726	4.89252589413
1780.0	33.0	5.14587193034	5.64120168583
1790.0	8.0	2.24461039416	6.85192284977
1790.0	28.0	12.6489530885	4.17654649499
1790.0	29.0	12.676734483	4.98393259742
1790.0	30.0	1.52481971924	4.07463876051
1790.0	32.0	5.37359517896	4.89538981172
1790.0	33.0	5.30477308811	5.70444653275
1800.0	8.0	2.26797202132	6.85812800457
1800.0	28.0	13.2102635359	4.09707278168
1800.0	29.0	13.2485681858	4.90732280171
1800.0	30.0	0.950881365288	4.10709649327
1800.0	32.0	5.4072695965	4.90970939971
1800.0	33.0	5.31592773892	5.71017436794
1810.0	8.0	2.21598713925	6.87531151015
1810.0	28.0	13.7679960764	4.01354185178
1810.0	29.0	13.8204018887	4.8309516658
1810.0	30.0	0.376943011339	4.13955422603
1810.0	32.0	5.44094401404	4.92402898769
1810.0	33.0	5.32687192462	5.71566354334
1820.0	8.0	2.16379179206	6.89249501572
1820.0	28.0	14.3116274545	3.9140207153
1820.0	29.0	14.3922355915	4.75434187009
1820.0	32.0	5.47461843158	4.93834857567
1820.0	33.0	5.33781611032	5.72115271873
1830.0	8.0	2.11180690998	6.9099171811
1830.0	28.0	14.8552588327	3.81449957882
1830.0	29.0	14.9640692944	4.67773207438
1830.0	32.0	5.50829284912	4.95266816365
1830.0	33.0	5.34897076113	5.72664189412
1840.0	8.0	2.05982202791	6.92710068668
1840.0	32.0	5.54196726666	4.96698775164
1840.0	33.0	5.35991494683	5.73236972932
1850.0	8.0	2.00762668072	6.94428419226
1850.0	32.0	5.5756416842	4.98130733962
1850.0	33.0	5.37085913253	5.73785890471
1860.0	8.0	1.95564179864	6.96146769784
1860.0	32.0	5.60931610174	4.9956269276
1860.0	33.0	5.38201378334	5.7433480801
1870.0	8.0	1.90344645145	6.97865120342
1870.0	32.0	5.64299051928	5.00994651558
1870.0	33.0	5.39295796904	5.7488372555
1880.0	8.0	1.85146156938	6.995834709
1880.0	32.0	5.67666493682	5.02426610357
1880.0	33.0	5.40390215475	5.75456509069
1890.0	8.0	1.79926622219	7.01325687438
1890.0	32.0	5.73159633043	5.04359754734
1890.0	33.0	5.41484634045	5.76005426608
1900.0	8.0	1.63026273916	6.96743419283
1900.0	32.0	5.87197655855	5.0834537339
1900.0	33.0	5.42600099126	5.76554344148
1910.0	8.0	1.43179414078	6.90609862431
1910.0	32.0	6.01235678667	5.12330992045
1910.0	33.0	5.43694517696	5.77103261687
1920.0	8.0	1.23332554241	6.84476305578
1920.0	32.0	6.07907422642	5.14359600342
1920.0	33.0	5.44788936266	5.77676045206
1930.0	8.0	1.01254764241	6.81158934362
1930.0	32.0	6.12727073653	5.15934755021
1930.0	33.0	5.45904401347	5.78224962746
1940.0	8.0	0.739574395224	6.84380841658
1940.0	32.0	6.17567771174	5.17509909699
1940.0	33.0	5.46998819917	5.78773880285
1950.0	8.0	0.46639068293	6.87602748954
1950.0	32.0	6.22387422185	5.19061198397
1950.0	33.0	5.48093238487	5.79322797824
1960.0	8.0	0.193417435746	6.90824656251
1960.0	32.0	6.27228119706	5.20636353075
1960.0	33.0	5.49208703568	5.79895581344
1970.0	32.0	6.32047770716	5.22187641773
1970.0	33.0	5.72191493539	5.79036406065
1980.0	32.0	6.48758700421	5.14908517882
1980.0	33.0	5.97636725293	5.78057900886
1990.0	32.0	6.70562885778	5.03834703175
1990.0	33.0	6.30974398657	5.71828880113
2000.0	32.0	6.92346024624	4.92737022488
2000.0	33.0	6.72225560144	5.60373209727
2010.0	32.0	7.29156372298	4.84240733619
2010.0	33.0	7.13476721631	5.48917539341
2020.0	32.0	7.67608347826	4.76006970528
2020.0	33.0	7.58053231849	5.45409240285
2030.0	32.0	8.06081369866	4.67773207438
2030.0	33.0	8.02608695557	5.41900941229
2040.0	32.0	8.51289275413	4.58942794849
2040.0	33.0	8.47185205776	5.38392642174
2050.0	32.0	8.96497180961	4.5008851628
2050.0	33.0	8.91467064841	5.34263827639
2060.0	32.0	9.41410435355	4.42475268669
2060.0	33.0	9.35559505307	5.29705425464
2070.0	32.0	9.85608108376	4.37702072674
2070.0	33.0	9.79672992285	5.25170889269
2080.0	32.0	10.298057814	4.3292887668
2080.0	33.0	10.2376543275	5.20612487095
2080.0	37.0	14.7140367441	4.72546403433
2090.0	32.0	10.7459275673	4.29301247725
2090.0	33.0	10.670581058	5.14383466322
2090.0	37.0	14.0453890909	4.96412383404
2100.0	32.0	11.2072670876	4.28394340486
2100.0	33.0	11.0915112773	5.05648517653
2100.0	37.0	13.4449321331	5.15075579742
2110.0	32.0	11.6686066079	4.27487433247
2110.0	33.0	11.5124414965	4.96889703003
2110.0	37.0	12.8613123841	5.32426147181
2120.0	32.0	12.1779321732	4.21353876394
2120.0	33.0	11.9617845056	4.89873104892
2120.0	37.0	12.2720100772	5.4977671462
2130.0	32.0	12.707462389	4.13000783404
2130.0	33.0	12.454062397	4.85481764577
2130.0	37.0	11.6789193982	5.67151148039
2140.0	32.0	13.2372030699	4.04647690414
2140.0	33.0	12.9461298233	4.81066558282
2140.0	37.0	11.0864601146	5.81184344262
2150.0	32.0	13.7669437508	3.96294597424
2150.0	33.0	13.4384077147	4.76651351988
2150.0	37.0	10.4952636217	5.90277282631
2160.0	32.0	14.2964739666	3.87941504434
2160.0	33.0	13.930475141	4.72260011673
2160.0	37.0	9.90953922161	6.01804550957
2170.0	32.0	14.8262146476	3.79588411444
2170.0	33.0	14.4227530324	4.67844805378
2170.0	37.0	9.33707412343	6.18988056537
2180.0	33.0	14.9148204587	4.63429599084
2180.0	37.0	8.76460902525	6.36171562116
2190.0	37.0	8.17867416005	6.46600995364
2200.0	37.0	7.5893718531	6.55359810013
2210.0	37.0	7.00006954615	6.64118624663
2220.0	37.0	6.42928816884	6.69822593876
2230.0	37.0	5.86334748906	6.7473898575
2240.0	37.0	5.29719634416	6.79679243604
2250.0	37.0	4.69526613064	6.86695841716
2260.0	37.0	4.08933708002	6.93927233647
2270.0	37.0	3.48361849452	7.01158625578
2280.0	37.0	2.93977665125	7.11444862946
2290.0	37.0	2.43739643457	7.23759708611
2300.0	37.0	1.9350162179	7.36074554276
2310.0	37.0	1.49745925499	7.48651925721
2320.0	37.0	1.12514647606	7.61515688926
2330.0	37.0	0.752833697131	7.7435558615
2340.0	37.0	0.6800127692	7.92756256708
2350.0	37.0	0.6406557937	8.11777442745
2360.0	37.0	0.601088353091	8.30798628782
2370.0	37.0	0.561731377591	8.4981981482
2380.0	37.0	0.522163936981	8.68841000857
2390.0	37.0	0.482806961481	8.87862186894
2400.0	37.0	0.443239520871	9.06859506951
2520.0	38.0	14.9712251081	4.48107639942
2530.0	38.0	14.4778948911	4.53859341115
2530.0	39.0	14.7205611625	5.03906301115
2540.0	38.0	13.9843542091	4.59634908268
2540.0	39.0	14.2169181552	5.10731971387
2550.0	38.0	13.490813527	4.65386609441
2550.0	39.0	13.7132751479	5.17557641659
2560.0	38.0	12.9278193587	4.67773207438
2560.0	39.0	13.1403891195	5.25337951129
2570.0	38.0	12.3648251905	4.70159805435
2570.0	39.0	12.5214112321	5.33762642059
2580.0	38.0	11.8018310223	4.72546403433
2580.0	39.0	11.9024333447	5.42187332989
2590.0	38.0	11.238836854	4.7493300143
2590.0	39.0	11.3030287124	5.4970511668
2600.0	38.0	10.7227764052	4.76627486008
2600.0	39.0	10.781917101	5.53690735335
2610.0	38.0	10.2065054913	4.78345836566
2610.0	39.0	10.2605950245	5.5767635399
2620.0	38.0	9.69044504249	4.80040321144
2620.0	39.0	9.73948341303	5.61638106666
2630.0	38.0	9.17417412858	4.81758671702
2630.0	39.0	9.2183718016	5.65623725321
2640.0	38.0	8.64422298254	4.8297583668
2640.0	39.0	8.71914856157	5.65074807782
2650.0	38.0	8.11069392964	4.84097537739
2650.0	39.0	8.21992532153	5.64502024262
2660.0	38.0	7.57716487674	4.85195372817
2660.0	39.0	7.7207020815	5.63953106723
2670.0	38.0	7.04363582384	4.86317073876
2670.0	39.0	7.22147884147	5.63404189184
2680.0	38.0	6.51389514291	4.81520011902
2680.0	39.0	6.73362071736	5.65194137681
2690.0	38.0	5.98773236885	4.70851918855
2690.0	39.0	6.25081375588	5.68010323318
2700.0	38.0	5.46156959478	4.60183825807
2700.0	39.0	5.7680067944	5.70826508955
2710.0	38.0	4.93540682072	4.4949186678
2710.0	39.0	5.26709983349	5.67890993418
2720.0	38.0	4.41808358126	4.35601866437
2720.0	39.0	4.72431031576	5.51566663118
2730.0	38.0	3.90454871377	4.20327639255
2730.0	39.0	4.18152079804	5.35218466837
2740.0	38.0	3.38785686964	4.06413772932
2740.0	39.0	3.63873128032	5.18894136537
2750.0	38.0	2.85832665382	3.97941350042
2750.0	39.0	3.10246618099	5.03667641315
2760.0	38.0	2.32879643801	3.89468927152
2760.0	39.0	2.57230456984	4.89515115192
2770.0	38.0	1.79610924554	3.81187432102
2770.0	39.0	2.04235342381	4.75386455049
2780.0	38.0	1.23732437949	3.7462428761
2780.0	39.0	1.50251041762	4.65601403261
2790.0	38.0	0.678539513433	3.68037277138
2790.0	39.0	0.960562760331	4.56914186551
2800.0	38.0	0.119754647377	3.61450266666
2800.0	39.0	0.418404637936	4.48250835822
2810.0	39.0	-0.12375348446	4.39563619112
2870.0	40.0	15.0358378968	3.83574030099
2880.0	40.0	14.5279855872	3.90161040572
2890.0	40.0	14.0199228126	3.96748051044
2900.0	40.0	13.511860038	4.03335061516
2910.0	40.0	13.0526251688	4.09850474048
2920.0	40.0	12.5933902996	4.163420206
2930.0	40.0	12.1343658955	4.22857433132
2940.0	40.0	11.6340903299	4.27964752846
2950.0	40.0	11.1165566253	4.32499289041
2960.0	40.0	10.5988124556	4.37009959255
2970.0	40.0	10.0812787511	4.4152062947
2980.0	40.0	9.6294101607	4.499453204
2990.0	40.0	9.17754157033	4.5837001133
3000.0	40.0	8.72567297996	4.6679470226
3010.0	40.0	8.26706950609	4.7481367153
3020.0	40.0	7.80404626491	4.82570115021
3030.0	40.0	7.34102302374	4.90326558511
3030.0	43.0	14.7361355807	4.60207691787
3040.0	40.0	6.87799978256	4.98083002002
3040.0	43.0	14.0611739741	4.65147949642
3040.0	45.0	0.112809298759	4.1629428864
3050.0	40.0	6.44023235454	5.02736868096
3050.0	43.0	13.3862123675	4.70088207496
3050.0	45.0	0.6690685835	4.06055783232
3060.0	40.0	6.01930213529	5.05314393933
3060.0	43.0	12.7331391323	4.68560784777
3060.0	45.0	1.22511740313	3.95841143805
3070.0	40.0	5.59837191604	5.0789191977
3070.0	43.0	12.1017438035	4.60613413447
3070.0	45.0	1.77443133925	3.86414081716
3080.0	40.0	5.17744169679	5.10469445607
3080.0	43.0	11.4703484746	4.52666042116
3080.0	45.0	2.26165806804	3.84385473418
3090.0	40.0	4.77334868631	5.17414445779
3090.0	43.0	10.812645007	4.50374908039
3090.0	45.0	2.74867433171	3.82332999141
3100.0	40.0	4.37114986181	5.2483676555
3100.0	43.0	10.1286334007	4.53787743175
3100.0	45.0	3.23569059538	3.80280524863
3110.0	40.0	3.96895103732	5.32259085321
3110.0	43.0	9.44462179445	4.57200578311
3110.0	45.0	3.75111964886	3.76175576308
3120.0	40.0	3.56675221282	5.39681405092
3120.0	43.0	8.78355088511	4.67630011559
3120.0	45.0	4.2854905622	3.70662534935
3130.0	40.0	3.18012780644	5.4963351874
3130.0	43.0	8.13258230104	4.81042692302
3130.0	45.0	4.81965101042	3.65149493562
3130.0	47.0	0.447027892845	3.27178719427
3140.0	40.0	2.81707549234	5.63356457224
3140.0	43.0	7.48140325186	4.94479239026
3140.0	45.0	5.35381145865	3.59636452188
3140.0	47.0	0.880796483783	3.33694131959
3150.0	40.0	2.45402317823	5.77079395707
3150.0	43.0	6.82306838895	5.04264290815
3150.0	45.0	5.88249981403	3.57583977911
3150.0	47.0	1.31435460961	3.40209544492
3160.0	40.0	2.09097086413	5.90802334191
3160.0	43.0	6.15778817742	5.10421713647
3160.0	45.0	6.4086625881	3.57035060371
3160.0	47.0	1.7535952934	3.46056709585
3170.0	40.0	1.71444878301	6.07222128411
3170.0	43.0	5.4925079659	5.1657913648
3170.0	45.0	6.93482536216	3.56462276852
3170.0	47.0	2.2412429524	3.46056709585
3180.0	40.0	1.31751158626	6.27675273246
3180.0	43.0	4.82701728926	5.21829652073
3180.0	45.0	7.46098813622	3.55889493333
3180.0	47.0	2.7288906114	3.46056709585
3190.0	40.0	0.920574389502	6.48128418082
3190.0	43.0	4.16173707774	5.25672074849
3190.0	45.0	7.96568346911	3.49374080801
3190.0	47.0	3.21653827041	3.46056709585
3200.0	40.0	0.523847657858	6.68581562917
3200.0	43.0	3.49645686621	5.29514497624
3200.0	45.0	8.4487008957	3.36892173276
3200.0	47.0	3.70418592941	3.46056709585
3210.0	40.0	0.2864430142	6.92113419169
3210.0	43.0	2.82844060826	5.32044291501
3210.0	45.0	8.9319287874	3.2441026575
3210.0	47.0	4.21919405266	3.44171297167
3210.0	49.0	14.7729669748	3.58634081029
3220.0	40.0	0.0667174397513	7.1597939914
3220.0	43.0	2.15389993191	5.31495373962
3220.0	45.0	9.41494621399	3.11928358225
3220.0	47.0	4.73441264103	3.42285884749
3220.0	49.0	14.2063948997	3.68729390557
3230.0	43.0	1.47956972067	5.30970322402
3230.0	45.0	9.90364619854	3.0013856412
3230.0	47.0	5.24942076428	3.40400472331
3230.0	49.0	13.6398228246	3.78824700085
3240.0	43.0	0.805029044318	5.30421404863
3240.0	45.0	10.4422264141	2.94530058826
3240.0	47.0	5.76948005016	3.38276400114
3240.0	49.0	13.0667263311	3.9118727771
3250.0	43.0	0.130488367968	5.29872487324
3250.0	45.0	10.9808066296	2.88921553533
3250.0	47.0	6.30911259124	3.35221554678
3250.0	49.0	12.4911042563	4.04528360514
3260.0	45.0	11.51917638	2.8331304824
3260.0	47.0	6.84874513232	3.32166709241
3260.0	49.0	11.9154821814	4.17869443318
3270.0	45.0	12.0737519439	2.80616192503
3270.0	47.0	7.3883776734	3.29111863805
3270.0	49.0	11.3634321989	4.31234392102
3280.0	45.0	12.6348519261	2.79160367725
3280.0	47.0	7.92106486587	3.27130987467
3280.0	49.0	10.8669450053	4.44694804806
3290.0	45.0	13.1961623735	2.77704542947
3290.0	47.0	8.43712531467	3.27703770987
3290.0	49.0	10.3704578117	4.5815521751
3300.0	45.0	13.7448449143	2.79160367725
3300.0	47.0	8.95318576347	3.28276554506
3300.0	49.0	9.87397061808	4.71639496194
3310.0	45.0	14.2745855952	2.84912068898
3310.0	47.0	9.46945667738	3.28849338025
3310.0	49.0	9.38190319178	4.77749187066
3320.0	45.0	14.8043262762	2.90663770071
3320.0	47.0	9.9836229402	3.29493719484
3320.0	49.0	8.89614971876	4.72856661172
3330.0	45.0	15.3342774222	2.96439337224
3330.0	47.0	10.4803205989	3.30925678283
3330.0	49.0	8.41060671086	4.67964135278
3340.0	47.0	10.9770182576	3.32357637081
3340.0	49.0	7.92485323784	4.63071609384
3350.0	47.0	11.4737159163	3.33789595879
3350.0	49.0	7.4233148816	4.64360372302
3360.0	47.0	11.9704135751	3.35221554678
3360.0	49.0	6.90620210725	4.71854290013
3370.0	47.0	12.4652170478	3.36247791816
3370.0	49.0	6.3890893329	4.79372073704
3370.0	52.0	0.00820813927539	4.07392278111
3380.0	47.0	12.9425519164	3.33694131959
3380.0	49.0	5.87197655855	4.86865991415
3380.0	52.0	0.566361610002	4.03239597596
3390.0	47.0	13.4198867851	3.31140472102
3390.0	49.0	5.41211029402	4.98345527782
3390.0	52.0	1.12451508073	3.99086917081
3400.0	47.0	13.8970111886	3.28586812245
3400.0	49.0	4.95224402949	5.09848930128
3400.0	52.0	1.68182669102	3.94647844806
3410.0	47.0	14.3743460572	3.26033152389
3410.0	49.0	4.47533009108	5.22020579913
3410.0	52.0	2.23661271999	3.89588257052
3420.0	47.0	14.8516809258	3.23479492532
3420.0	49.0	3.95863824695	5.35743518397
3420.0	52.0	2.79160921407	3.84528669298
3430.0	47.0	15.3290157945	3.20901966695
3430.0	49.0	3.44215686793	5.4949032286
3430.0	52.0	3.34639524305	3.79469081544
3440.0	49.0	2.92546502379	5.63237127324
3440.0	52.0	3.94095917774	3.75889184549
3450.0	49.0	2.45718015488	5.78750014305
3450.0	52.0	4.53552311243	3.72309287553
3460.0	49.0	1.98889528596	5.94262901286
3460.0	52.0	5.13008704712	3.68729390557
3470.0	49.0	1.52061041704	6.09775788268
3470.0	52.0	5.72465098181	3.65149493562
3480.0	49.0	1.05232554813	6.25288675249
3480.0	52.0	6.34426026455	3.6648598844
3490.0	49.0	0.688852303804	6.51326459398
3490.0	52.0	6.9640800124	3.67798617338
3500.0	49.0	0.325168594371	6.77364243547
3500.0	52.0	7.58368929514	3.69135112217
3510.0	52.0	8.22224043774	3.68323668898
3520.0	52.0	8.88857297481	3.64361916223
3530.0	52.0	9.555115977	3.60376297567
3540.0	52.0	10.2216589792	3.56390678912
3550.0	52.0	10.8450566339	3.51665214878
3560.0	52.0	11.4579310331	3.46748823004
3570.0	52.0	12.0708054324	3.4185629711
3570.0	54.0	15.1021344063	3.9149753545
3580.0	52.0	12.6954658777	3.34004389699
3580.0	54.0	14.832739066	4.02953205836
3580.0	55.0	15.0432041756	4.67343619799
3590.0	52.0	13.3375949272	3.21761141974
3590.0	54.0	14.5633437256	4.14408876222
3590.0	55.0	14.9503890622	4.50494237939
3600.0	52.0	13.9797239767	3.09517894248
3600.0	54.0	14.3564565229	4.25649752789
3600.0	55.0	14.8575739489	4.33668722059
3610.0	52.0	14.6218530261	2.97274646523
3610.0	54.0	14.2954216411	4.36437175736
3610.0	55.0	14.7647588356	4.168193402
3620.0	52.0	15.2641925407	2.85055264778
3620.0	54.0	14.2341762942	4.47224598683
3620.0	55.0	14.61006698	4.00304082059
3630.0	54.0	14.1152635073	4.56436866952
3630.0	55.0	14.2082890857	3.85101452818
3630.0	58.0	14.8569425536	4.7459887771
3640.0	54.0	13.7644181695	4.59420114448
3640.0	55.0	13.8065111914	3.69922689556
3640.0	58.0	14.4743169843	4.93047280228
3650.0	54.0	13.4135728318	4.62403361945
3650.0	55.0	13.2677205108	3.73741246351
3650.0	58.0	14.0422321142	5.11113827066
3660.0	54.0	12.9577054043	4.61400990786
3660.0	55.0	12.7289298302	3.77559803147
3660.0	58.0	13.4950228292	5.28297332646
3670.0	54.0	12.4753193731	4.59420114448
3670.0	55.0	12.2151844976	3.80614648583
3670.0	58.0	12.9478135442	5.45480838225
3680.0	54.0	11.9653624124	4.58895062889
3680.0	55.0	11.7262740479	3.8292964864
3680.0	58.0	12.4414344904	5.55051096194
3690.0	54.0	11.4137333601	4.60541815507
3690.0	55.0	11.2375740633	3.85244648697
3690.0	58.0	11.945368227	5.62735941744
3700.0	54.0	10.8621043078	4.62188568125
3700.0	55.0	10.7436124511	3.86628875536
3700.0	58.0	11.4493019636	5.70396921315
3710.0	54.0	10.3565671145	4.61735114506
3710.0	55.0	10.2422845599	3.86628875536
3710.0	58.0	11.0428938369	5.78630684405
3720.0	54.0	9.89691131503	4.59229186609
3720.0	55.0	9.74074620369	3.86628875536
3720.0	58.0	10.6364857103	5.86864447495
3730.0	54.0	9.4370450505	4.56723258712
3730.0	55.0	9.23941831256	3.86628875536
3730.0	58.0	10.2351287462	5.95575530185
3740.0	54.0	8.97738925108	4.54217330815
3740.0	55.0	8.77639507138	3.90614494191
3740.0	58.0	9.87944271093	6.08749551129
3750.0	54.0	8.52320554451	4.55911815393
3750.0	55.0	8.31337183021	3.94576246866
3750.0	58.0	9.52396714077	6.21923572073
3760.0	54.0	8.07133695414	4.59420114448
3760.0	55.0	7.85034858903	3.98561865521
3760.0	58.0	9.15249622229	6.35216922917
3760.0	61.0	0.153218599807	3.56581606752
3770.0	54.0	7.61946836377	4.62928413504
3770.0	55.0	7.40563581239	3.9992222638
3770.0	58.0	8.71809623602	6.49083057281
3770.0	61.0	0.624870910478	3.53288101516
3780.0	54.0	7.17538698246	4.67820939398
3780.0	55.0	6.96092303575	4.01258721258
3780.0	58.0	8.28348578464	6.62925325664
3780.0	61.0	1.09652322115	3.5001846226
3790.0	54.0	6.74919513547	4.75983104549
3790.0	55.0	6.51599979401	4.02619082117
3790.0	58.0	7.84045672888	6.75574295049
3790.0	61.0	1.56838599693	3.46724957024
3800.0	54.0	6.32321375359	4.84121403719
3800.0	55.0	6.07128701737	4.03955576995
3800.0	58.0	7.32144976854	6.77149449727
3800.0	61.0	2.00825807605	3.43550781688
3810.0	54.0	5.89723237171	4.92283568869
3810.0	55.0	5.62657424073	4.05315937853
3810.0	58.0	6.8022323431	6.78748470385
3810.0	61.0	2.44034294611	3.40400472331
3820.0	54.0	5.4596754088	4.9937176492
3820.0	55.0	5.17659983635	4.12523463805
3820.0	58.0	6.28301491765	6.80108831243
3820.0	61.0	2.87221735106	3.37274028955
3830.0	54.0	4.97686844731	5.02164084577
3830.0	55.0	4.72452078087	4.22260783633
3830.0	58.0	5.76400795731	6.79297387924
3830.0	61.0	3.30430222112	3.34123719599
3840.0	54.0	4.49406148583	5.04980270214
3840.0	55.0	4.2724417254	4.31974237481
3840.0	58.0	5.24479053187	6.78509810585
3840.0	61.0	3.76206383456	3.335270701
3850.0	54.0	4.01125452435	5.0777258987
3850.0	55.0	3.8024731356	4.26413464148
3850.0	58.0	4.72873008307	6.78032490986
3850.0	61.0	4.21982544799	3.329304206
3860.0	54.0	3.54107546945	5.02378878397
3860.0	55.0	3.3322940807	4.20828824835
3860.0	58.0	4.24108242406	6.80347491043
3860.0	61.0	4.67758706143	3.32333771101
3870.0	54.0	3.07405339119	4.94908826666
3870.0	55.0	2.86232549091	4.15268051501
3870.0	58.0	3.75343476506	6.8268635708
3870.0	61.0	5.13534867486	3.31737121602
3880.0	54.0	2.60703131293	4.87462640915
3880.0	55.0	2.37131039015	4.03693051215
3880.0	58.0	3.26578710606	6.85001357138
3880.0	61.0	5.58511261413	3.38300266094
3890.0	54.0	2.14800690884	4.77749187066
3890.0	55.0	1.88008482428	3.92118050929
3890.0	58.0	2.77813944706	6.87340223175
3890.0	61.0	6.03508701851	3.44839544606
3900.0	54.0	1.69403366738	4.665083105
3900.0	55.0	1.38906972353	3.80543050643
3900.0	58.0	2.2761801606	6.75860686809
3900.0	61.0	6.48485095778	3.51402689098
3910.0	54.0	1.24006042591	4.55267433933
3910.0	55.0	0.869852298082	3.71521710214
3910.0	58.0	1.77443133925	6.64381150442
3910.0	61.0	6.93461489705	3.5794196761
3920.0	54.0	0.786087184451	4.44050423347
3920.0	55.0	0.338848826497	3.63550472903
3920.0	58.0	1.2724720528	6.52925480056
3920.0	61.0	7.38437883632	3.64505112102
3930.0	54.0	0.332113942989	4.3280954678
3930.0	58.0	0.770723231449	6.4144594369
3930.0	61.0	7.88549626234	3.66891710099
3940.0	54.0	-0.121648833364	4.21592536194
3940.0	58.0	0.268763944992	6.29966407324
3940.0	61.0	8.39250671143	3.68848720457
3950.0	61.0	8.89930669541	3.70805730815
3960.0	61.0	9.40610667938	3.72738875192
3970.0	61.0	9.91290666336	3.7469588555
3980.0	61.0	10.4342287399	3.75769854649
3990.0	61.0	10.9557612816	3.76867689728
4000.0	61.0	11.4770833581	3.77941658826
4010.0	61.0	11.9984054346	3.79039493905
4010.0	65.0	12.6228554149	12.3427688618
4010.0	66.0	13.3811612049	12.2842972109
4020.0	61.0	12.5134135579	3.81068102202
4020.0	65.0	12.7099879703	12.0110317402
4020.0	66.0	13.3958937626	12.0678327725
4030.0	61.0	13.0237914487	3.83717225979
4030.0	65.0	12.7973309908	11.6792946186
4030.0	66.0	13.4106263202	11.8513683342
4040.0	61.0	13.5343798047	3.86366349756
4040.0	65.0	12.8846740113	11.3473188372
4040.0	66.0	13.4251484128	11.6349038958
4050.0	61.0	14.0449681606	3.89015473533
4050.0	65.0	12.9718065667	11.0155817156
4050.0	66.0	13.4398809705	11.4184394575
4060.0	61.0	14.5555565166	3.9166459731
4060.0	65.0	13.0042181935	10.7339631519
4060.0	66.0	13.4706088765	11.1661760492
4070.0	61.0	15.0661448725	3.94313721087
4070.0	65.0	12.9997984262	10.4855183004
4070.0	66.0	13.5255402701	10.8599755262
4080.0	65.0	12.995589124	10.2370734489
4080.0	66.0	13.5804716637	10.5540136629
4090.0	65.0	12.9913798219	9.98862859741
4090.0	66.0	13.6354030573	10.2478131399
4100.0	65.0	12.9869600546	9.74018374591
4100.0	66.0	13.6903344509	9.94185127666
4110.0	65.0	12.987801915	9.48648837881
4110.0	66.0	13.7090658457	9.6628579708
4120.0	65.0	12.9909588916	9.23016775392
4120.0	66.0	13.7189577058	9.39102445892
4130.0	65.0	12.9941158683	8.97384712903
4130.0	66.0	13.7286391009	9.11895228725
4140.0	65.0	12.9970623798	8.71776516393
4140.0	66.0	13.738530961	8.84711877538
4150.0	65.0	13.0002193565	8.46144453904
4150.0	66.0	13.7412670075	8.56788680971
4160.0	65.0	13.0033763331	8.20536257395
4160.0	66.0	13.7370577053	8.28149505006
4170.0	65.0	13.0065333097	7.94904194906
4170.0	66.0	13.7328484031	7.9951032904
4180.0	65.0	12.9492867999	7.663127509
4180.0	66.0	13.7286391009	7.70871153074
4190.0	65.0	12.8855158717	7.37387183175
4190.0	66.0	13.7244297987	7.42231977109
4200.0	65.0	12.8217449435	7.08461615449
4200.0	66.0	13.6583437543	7.12566564004
4210.0	65.0	12.6973600637	6.8256702718
4210.0	66.0	13.5305914327	6.81874913761
4220.0	65.0	12.532776348	6.58701047209
4220.0	66.0	13.4028391112	6.51207129498
4230.0	65.0	12.3300984474	6.37985376594
4230.0	66.0	13.1435460961	6.22711149412
4240.0	65.0	12.0392356659	6.2466815977
4240.0	66.0	12.8278484317	5.95169808525
4250.0	65.0	11.7483728844	6.11327076966
4250.0	66.0	12.5009961164	5.69394550156
4260.0	65.0	11.4572996378	5.97985994162
4260.0	66.0	12.0733310137	5.59394704548
4270.0	65.0	11.0955101143	5.97818932302
4270.0	66.0	11.6454554458	5.4937099296
4280.0	65.0	10.7257229167	5.99107695221
4280.0	66.0	11.217790343	5.39371147352
4290.0	65.0	10.3559357191	6.00396458139
4290.0	66.0	10.7785496593	5.40922436051
4300.0	65.0	9.98846363772	6.02973983976
4300.0	66.0	10.3393089755	5.42473724749
4310.0	65.0	9.63025202114	6.10706561487
4310.0	66.0	9.90006829168	5.44048879427
4310.0	67.0	15.159170451	6.89941614992
4320.0	65.0	9.27182993944	6.18463004977
4320.0	66.0	9.46082760789	5.45600168125
4320.0	67.0	14.7190879068	6.81254398282
4330.0	65.0	8.91340785775	6.26195582488
4330.0	66.0	9.02705901695	5.4987217854
4330.0	67.0	14.2790053625	6.72591047552
4340.0	65.0	8.54698810189	6.34357747638
4340.0	66.0	8.60107763507	5.5817753957
4340.0	67.0	13.8391332834	6.63903830843
4350.0	65.0	8.17236020676	6.42949500428
4350.0	66.0	8.17530671829	5.6650676658
4350.0	67.0	13.4032600414	6.51445789298
4350.0	68.0	0.0822918578636	3.93263617968
4360.0	65.0	7.79773231163	6.51541253218
4360.0	66.0	7.74953580152	5.7483599359
4360.0	67.0	12.9739112178	6.3330764452
4360.0	68.0	0.521532541652	3.98466401602
4370.0	65.0	7.42310441649	6.60133006007
4370.0	66.0	7.32776372183	5.8309362266
4370.0	67.0	12.5445623941	6.15169499741
4370.0	68.0	0.960773225441	4.03645319255
4380.0	65.0	7.04847652136	6.68724758797
4380.0	66.0	6.94282303633	5.90659138311
4380.0	67.0	12.070174037	6.05002592274
4380.0	68.0	1.40253949054	4.04695422374
4390.0	65.0	6.6645881614	6.75526563089
4390.0	66.0	6.55788235082	5.98224653962
4390.0	67.0	11.5907345173	5.95718726065
4390.0	68.0	1.84598947653	4.03000937796
4400.0	65.0	6.27122887151	6.80562284863
4400.0	66.0	6.17273120021	6.05790169613
4400.0	67.0	11.1112949976	5.86434859856
4400.0	68.0	2.28964992762	4.01282587238
4410.0	65.0	5.87808004673	6.85574140657
4410.0	66.0	5.7877905147	6.13355685264
4410.0	67.0	10.6356438498	5.81518467982
4410.0	68.0	2.7265754952	3.98967587181
4420.0	65.0	5.48493122195	6.90609862431
4420.0	66.0	5.39885099211	6.16983314219
4420.0	67.0	10.1688322367	5.86721251616
4420.0	68.0	3.16202780701	3.96509391244
4430.0	65.0	5.10904053616	6.94905738826
4430.0	66.0	5.00991146953	6.20610943175
4430.0	67.0	9.70181015841	5.91947901229
4430.0	68.0	3.59748011883	3.94027329327
4440.0	65.0	4.74072659432	6.98867491501
4440.0	66.0	4.62118241205	6.2426243811
4440.0	67.0	9.23436714993	5.97890530242
4440.0	68.0	4.01988359385	3.91950989069
4450.0	65.0	4.37241265247	7.02853110156
4450.0	66.0	4.23224288946	6.27890067066
4450.0	67.0	8.76250437415	6.10229241887
4450.0	68.0	4.4408138131	3.89898514792
4460.0	65.0	4.00409871063	7.06838728811
4460.0	66.0	3.85572080834	6.29894809384
4460.0	67.0	8.29085206348	6.22567953533
4460.0	68.0	4.86174403235	3.87846040514
4460.0	70.0	5.12671960537	4.55148104034
4470.0	65.0	3.63578476878	7.10800481487
4470.0	66.0	3.49793012198	6.29512953704
4470.0	67.0	7.82109393879	6.32734861
4470.0	68.0	5.3131916925	3.85769700257
4470.0	70.0	5.57227424245	4.53740011215
4480.0	65.0	3.25463245525	7.0827068761
4480.0	66.0	3.14013943561	6.29107232045
4480.0	67.0	7.35891255806	6.34142953819
4480.0	68.0	5.81073121165	3.83597896079
4480.0	70.0	6.01803934463	4.52331918397
4490.0	65.0	2.87179642084	7.05024914334
4490.0	66.0	2.78234874925	6.28701510385
4490.0	67.0	6.89673117732	6.35527180657
4490.0	68.0	6.30827073081	3.81426091902
4490.0	70.0	6.46022653996	4.51138619398
4500.0	65.0	2.48917085154	7.01779141057
4500.0	66.0	2.42455806289	6.28319654706
4500.0	67.0	6.43454979658	6.36935273475
4500.0	68.0	6.79612885492	3.79970267124
4500.0	70.0	6.86979164329	4.51783000858
4510.0	65.0	2.10654528224	6.98509501801
4510.0	66.0	2.06676737652	6.27913933046
4510.0	67.0	5.97215795073	6.38343366294
4510.0	68.0	7.19790674919	3.85029854878
4510.0	70.0	7.27914628151	4.52427382317
4520.0	65.0	1.75338482829	7.01254089498
4520.0	66.0	1.72328831761	6.30109603203
4520.0	67.0	5.51102889554	6.40013984892
4520.0	68.0	7.59968464347	3.90089442632
4520.0	70.0	7.68871138484	4.53071763776
4530.0	65.0	1.42947902458	7.09965172188
4530.0	66.0	1.401487165	6.36195428096
4530.0	67.0	5.05937077029	6.44095067467
4530.0	68.0	8.00146253774	3.95172896366
4530.0	70.0	8.08459625605	4.54646918454
4530.0	71.0	0.170055808577	5.57366096251
4540.0	65.0	1.10578368597	7.18676254877
4540.0	66.0	1.07947554727	6.42281252989
4540.0	67.0	4.60771264503	6.48176150042
4540.0	68.0	8.39945206005	3.94528514906
4540.0	70.0	8.45943461629	4.57630165951
4540.0	71.0	0.608665097037	5.22569497453
4550.0	65.0	0.781877882259	7.27411203547
4550.0	66.0	0.757674394652	6.48367077882
4550.0	67.0	4.15584405467	6.52233366637
4550.0	68.0	8.79617879169	3.92499906609
4550.0	70.0	8.83427297653	4.60613413447
4550.0	71.0	1.04706392039	4.87749032674
4560.0	65.0	0.458182543655	7.36122286236
4560.0	66.0	0.435873242034	6.54452902774
4560.0	67.0	3.70418592941	6.56314449212
4560.0	68.0	9.19311598844	3.90447432331
4560.0	70.0	9.19037994202	4.64455836222
4560.0	71.0	1.47872786023	4.55052640114
4570.0	65.0	0.134276739941	7.44857234906
4570.0	66.0	0.113861624307	6.60514861687
4570.0	67.0	3.29020105878	6.55932593532
4570.0	68.0	9.56753341847	3.90280370471
4570.0	70.0	9.47092993315	4.71758826094
4570.0	71.0	1.90744528854	4.23215422832
4580.0	67.0	2.87621618814	6.55526871873
4580.0	68.0	9.88933457108	3.94480782946
4580.0	70.0	9.75147992428	4.79037949985
4580.0	71.0	2.33616271684	3.9140207153
4590.0	67.0	2.4620208524	6.55145016193
4590.0	68.0	10.2113461888	3.98705061401
4590.0	70.0	10.0322403805	4.86340939856
4590.0	71.0	2.70300340292	3.63455008984
4600.0	67.0	2.04803598177	6.54739294534
4600.0	68.0	10.5331473414	4.02905473876
4600.0	70.0	10.2940589769	4.94025785407
4600.0	71.0	3.069844089	3.35484080457
4610.0	67.0	1.63405111113	6.54357438854
4610.0	68.0	10.8345333784	4.15769237081
4610.0	70.0	10.5434601318	5.01973156737
4610.0	71.0	3.43668477508	3.07537017911
4620.0	67.0	1.2200662405	6.53975583175
4620.0	68.0	11.1336042992	4.29587639484
4620.0	70.0	10.7928612867	5.09944394048
4620.0	71.0	3.80331499604	2.79566089384
4630.0	67.0	0.799767416577	6.60180737967
4630.0	68.0	11.3680624313	4.44599340886
4630.0	70.0	11.0471031391	5.18655476737
4640.0	67.0	0.378837197326	6.67149604119
4640.0	68.0	11.6027310285	4.59587176308
4640.0	70.0	11.3019763869	5.27438157367
4650.0	67.0	-0.0420930219251	6.74118470271
4650.0	68.0	11.8371891607	4.7459887771
4650.0	70.0	11.5749496341	5.42282796909
4660.0	68.0	12.0886949667	4.90326558511
4660.0	70.0	11.8481333464	5.57103570471
4670.0	68.0	12.3572484466	5.06770218712
4670.0	70.0	12.1211065936	5.71948210013
4680.0	68.0	12.6258019264	5.23237744892
4680.0	70.0	12.3671403067	5.87413365035
4690.0	68.0	12.9337123818	5.42044137109
4690.0	70.0	12.5498240219	6.04382076794
4700.0	68.0	13.2679309759	5.62401818025
4700.0	70.0	12.732507737	6.21326922574
4710.0	68.0	13.60214957	5.8275949894
4710.0	70.0	12.9154019173	6.38295634334
4720.0	68.0	13.9359472339	6.01637489098
4720.0	70.0	13.1403891195	6.50634345979
4730.0	68.0	14.2676402466	6.14668314162
4730.0	70.0	13.4076798087	6.5836692349
4740.0	68.0	14.5993332594	6.27675273246
4740.0	70.0	13.675180963	6.6612336698
4750.0	68.0	14.9308158071	6.40682232331
4750.0	70.0	13.9424716523	6.73855944491
4750.0	73.0	14.7205611625	4.65171815621
4760.0	70.0	14.2409111777	6.88127800514
4760.0	73.0	14.1074762982	4.59992897968
4770.0	70.0	14.5469274471	7.04046409155
4770.0	73.0	13.5091239915	4.54098000915
4780.0	70.0	14.8531541816	7.19965017796
4780.0	73.0	12.9688600551	4.45339186265
4790.0	70.0	15.159170451	7.35859760456
4790.0	73.0	12.4285961187	4.36580371616
4800.0	73.0	11.882018229	4.32117433361
4810.0	73.0	11.3089217355	4.44694804806
4820.0	73.0	10.7360357071	4.57296042231
4820.0	75.0	15.2713483544	4.35315474677
4830.0	73.0	10.1631496787	4.69897279656
4830.0	75.0	14.5557669817	4.44861866666
4840.0	73.0	9.59931365002	4.70995114734
4840.0	75.0	13.840185609	4.54408258654
4850.0	73.0	9.04158110951	4.64431970242
4850.0	75.0	13.1302867942	4.64360372302
4860.0	73.0	8.48384856901	4.5786882575
4860.0	75.0	12.4706891406	4.77868516966
4870.0	73.0	7.9261160285	4.51305681258
4870.0	75.0	11.8113019522	4.9140052761
4880.0	73.0	7.38732534786	4.4111490781
4880.0	75.0	11.1552822055	5.04693878454
4890.0	73.0	6.86116257379	4.28537536365
4890.0	75.0	10.530411295	5.15887023061
4900.0	73.0	6.33499979973	4.15936298941
4900.0	75.0	9.90575084964	5.27056301687
4910.0	73.0	5.80883702566	4.03335061516
4910.0	75.0	9.28087993916	5.38249446294
4920.0	73.0	5.25489285713	3.98299339742
4920.0	75.0	8.68252763249	5.498005806
4930.0	73.0	4.70115915371	3.93287483948
4930.0	75.0	8.08733230247	5.61399446866
4940.0	73.0	4.14721498517	3.88251762174
4940.0	75.0	7.49192650734	5.72998313132
4950.0	73.0	3.59811151416	3.8281031874
4950.0	75.0	6.89483699133	5.83738004119
4960.0	73.0	3.06710804257	3.75698256709
4960.0	75.0	6.29522189401	5.93212798168
4970.0	73.0	2.5363150361	3.68562328697
4970.0	75.0	5.69560679669	6.02687592216
4980.0	73.0	2.00531156451	3.61450266666
4980.0	75.0	5.09578123425	6.12186252245
4990.0	73.0	1.47451855804	3.54314338655
4990.0	75.0	4.49616613693	6.21661046294
5000.0	73.0	0.943725551561	3.47202276623
5000.0	75.0	3.89655103961	6.31135840342
5000.0	76.0	15.0240518506	3.88943875593
5010.0	73.0	0.412722079976	3.40066348612
5010.0	75.0	3.29672547717	6.40610634391
5010.0	76.0	14.6340600025	3.89635989012
5020.0	73.0	-0.1180709265	3.3295428658
5020.0	75.0	2.70300340292	6.51278727438
5020.0	76.0	14.2440681543	3.90351968411
5030.0	75.0	2.16168714096	6.72400119713
5030.0	76.0	13.8540763062	3.9104408183
5030.0	77.0	14.9165041796	7.48460997881
5040.0	75.0	1.62058134412	6.93545377967
5040.0	76.0	13.6000449189	3.90280370471
5040.0	77.0	14.587126283	7.1628965688
5050.0	75.0	1.07947554727	7.14690636222
5050.0	76.0	13.4815530622	3.88036968354
5050.0	77.0	14.2695344326	6.85454810757
5060.0	75.0	0.694534861764	7.4163532761
5060.0	76.0	13.3632716706	3.85817432217
5060.0	77.0	14.059069323	6.6652908864
5070.0	75.0	0.413984870633	7.72470173733
5070.0	76.0	13.2361507443	3.84242277539
5070.0	77.0	13.8486042134	6.47579500542
5080.0	75.0	0.133224414393	8.03281153876
5080.0	76.0	13.0888251676	3.84242277539
5080.0	77.0	13.6452949175	6.29178829985
5090.0	76.0	12.9414995909	3.84242277539
5090.0	77.0	13.4710298067	6.12806767724
5090.0	80.0	0.00294651153476	3.85602638397
5100.0	76.0	12.7941740141	3.84242277539
5100.0	77.0	13.2965542308	5.96434705464
5100.0	80.0	0.521743006762	3.94122793247
5100.0	82.0	15.0693018492	6.10969087266
5110.0	76.0	12.6291693682	3.84385473418
5110.0	77.0	13.12228912	5.80086509184
5110.0	80.0	1.04032903688	4.02642948097
5110.0	82.0	14.8167437176	6.12568107925
5120.0	76.0	12.4231240259	3.84886658998
5120.0	77.0	12.9025635456	5.73356302832
5120.0	80.0	1.558915067	4.11186968926
5120.0	82.0	14.5641855861	6.14143262603
5130.0	76.0	12.2168682184	3.85363978597
5130.0	77.0	12.6636856462	5.70778776995
5130.0	80.0	2.05035109797	4.163420206
5130.0	82.0	14.3116274545	6.15742283261
5130.0	83.0	0.147325576738	6.73020635192
5140.0	76.0	12.010612411	3.85841298197
5140.0	77.0	12.4248077467	5.68201251158
5140.0	80.0	2.53505224544	4.20685628955
5140.0	82.0	14.0771693224	6.02783056136
5140.0	83.0	0.491015100756	6.45169036565
5150.0	76.0	11.8045670687	3.86342483776
5150.0	77.0	12.1859298473	5.65623725321
5150.0	80.0	3.01975339291	4.2502923731
5150.0	82.0	13.8425007252	5.89823829012
5150.0	83.0	0.834915089884	6.17341303919
5150.0	84.0	0.189418598663	5.79943313304
5160.0	76.0	11.5524298673	3.88776813733
5160.0	77.0	11.9022228795	5.63022333504
5160.0	80.0	3.50024523818	4.27773825006
5160.0	82.0	13.6080425931	5.76864601887
5160.0	83.0	1.1786046139	5.89489705292
5160.0	84.0	0.649284863195	5.58726457109
5170.0	76.0	11.2314705752	3.94146659227
5170.0	77.0	11.6185159118	5.60444807667
5170.0	80.0	3.97631731616	4.28895526065
5170.0	82.0	13.2889774869	5.62974601544
5170.0	83.0	1.57469995022	5.78964808125
5170.0	84.0	1.10915112773	5.37509600915
5180.0	76.0	10.910511283	3.9951650472
5180.0	77.0	11.3350194091	5.5784341585
5180.0	80.0	4.45238939413	4.30041093104
5180.0	82.0	12.8850949415	5.48153827982
5180.0	83.0	1.97100575164	5.68439910957
5180.0	84.0	1.55744181123	5.21185270614
5190.0	76.0	10.5895519908	4.04886350214
5190.0	77.0	11.0513124413	5.55242024033
5190.0	80.0	4.9284614721	4.31186660142
5190.0	82.0	12.4812123961	5.3330918844
5190.0	83.0	2.36710108796	5.5789114781
5190.0	84.0	1.97837203048	5.1624501276
5200.0	76.0	10.2734333962	4.10136865808
5200.0	77.0	10.7831798917	5.55838673533
5200.0	80.0	5.39674634102	4.26795319828
5200.0	82.0	12.0773298508	5.18464548897
5200.0	83.0	2.80592084153	5.44263673247
5200.0	84.0	2.39930224973	5.11304754906
5210.0	76.0	9.96447061522	4.15220319541
5210.0	77.0	10.5381985041	5.61184653046
5210.0	80.0	5.84693121051	4.09564082288
5210.0	82.0	11.7704717209	4.9941949688
5210.0	83.0	3.27294291979	5.28535992445
5210.0	84.0	2.83117665468	5.0004001236
5220.0	76.0	9.65550783429	4.20303773275
5220.0	77.0	10.2934275816	5.6655449854
5220.0	80.0	6.29690561489	3.92332844749
5220.0	82.0	11.4880275438	4.79324341744
5220.0	83.0	3.74017546316	5.12832177624
5220.0	84.0	3.27925687308	4.79252743805
5230.0	76.0	9.34654505336	4.25363361029
5230.0	77.0	10.0486566591	5.71900478053
5230.0	80.0	6.74709048438	3.7510160721
5230.0	82.0	11.2055833667	4.59229186609
5230.0	83.0	4.20719754141	4.97104496823
5230.0	84.0	3.72733709147	4.5846547525
5240.0	76.0	9.03737180732	4.30446814763
5240.0	77.0	9.80388573658	5.77270323547
5240.0	80.0	7.08130907846	3.61354802746
5240.0	82.0	10.9231391896	4.39134031473
5240.0	83.0	4.64264985323	4.80875630443
5240.0	84.0	4.16931382168	4.38370320114
5250.0	76.0	8.7768160016	4.37797536594
5250.0	77.0	9.57405783687	5.81852591701
5250.0	80.0	7.36564744156	3.49087689041
5250.0	82.0	10.6600578025	4.28895526065
5250.0	83.0	5.0465323986	4.64097846523
5250.0	84.0	4.59697892444	4.19898051616
5260.0	76.0	8.53709624174	4.46126763604
5260.0	77.0	9.35938342505	5.85671148497
5260.0	80.0	7.65019626978	3.36844441316
5260.0	82.0	10.3969764155	4.18680886637
5260.0	83.0	5.45041494397	4.47320062603
5260.0	84.0	5.0246440272	4.01401917138
5270.0	76.0	8.29716601677	4.54455990614
5270.0	77.0	9.14470901323	5.89489705292
5270.0	80.0	7.93453463288	3.2457732761
5270.0	82.0	10.123371773	4.09062896709
5270.0	83.0	5.85429748934	4.30566144663
5270.0	84.0	5.44978354864	3.827387208
5280.0	76.0	8.0574462569	4.62785217624
5280.0	77.0	8.93003460141	5.93308262088
5280.0	80.0	8.24728578579	3.168447501
5280.0	82.0	9.80767410855	4.01903102717
5280.0	83.0	6.27670096436	4.13024649384
5280.0	84.0	5.86397888439	3.63359545064
5290.0	76.0	7.83477417092	4.69849547696
5290.0	77.0	8.71536018959	5.97126818883
5290.0	80.0	8.5602474038	3.09088306609
5290.0	82.0	9.49197644411	3.94743308726
5290.0	83.0	6.70352420668	3.95292226265
5290.0	84.0	6.27838468524	3.43956503347
5290.0	86.0	0.414195335743	3.61235472846
5300.0	76.0	7.63798929342	4.7502846535
5300.0	77.0	8.50279042887	6.07174396451
5300.0	80.0	8.8729985567	3.01355729098
5300.0	82.0	9.1680706404	3.89277999313
5300.0	83.0	7.13055791411	3.77559803147
5300.0	84.0	6.69279048609	3.2457732761
5300.0	86.0	0.947934853753	3.62929957424
5310.0	76.0	7.44141488103	4.80231248983
5310.0	77.0	8.29232531925	6.23450994791
5310.0	80.0	9.23142063839	2.94697120686
5310.0	82.0	8.81154274469	3.90614494191
5310.0	83.0	7.55738115643	3.61378668726
5310.0	84.0	7.14297535558	3.13312585064
5310.0	86.0	1.48146390665	3.64648307982
5320.0	76.0	7.24463000353	4.85410166637
5320.0	77.0	8.08186020962	6.39727593132
5320.0	80.0	9.69591713534	2.90592172131
5320.0	82.0	8.45480438388	3.91927123089
5320.0	83.0	7.98420439875	3.48777431301
5320.0	84.0	7.59316022507	3.02047842517
5320.0	86.0	1.95732551952	3.61569596566
5320.0	88.0	0.516691844131	4.33525526179
5320.0	89.0	14.9202925516	6.82376099341
5330.0	76.0	7.04784512603	4.90612950271
5330.0	77.0	7.87139509999	6.55980325492
5330.0	80.0	10.1604136323	2.86463357596
5330.0	82.0	8.09827648817	3.93263617968
5330.0	83.0	8.41102764107	3.36176193876
5330.0	84.0	8.04334509456	2.90759233991
5330.0	86.0	2.40835224944	3.56462276852
5330.0	88.0	1.08705229122	4.36604237596
5330.0	89.0	14.3852902429	6.69440738196
5340.0	76.0	6.81864862165	4.98536455621
5340.0	77.0	7.66050906015	6.71326150614
5340.0	80.0	10.6463775704	2.8283572864
5340.0	82.0	7.7337509183	3.92380576709
5340.0	83.0	8.8378508834	3.23574956451
5340.0	84.0	8.53793810218	2.80830986323
5340.0	86.0	2.85937897937	3.51331091158
5340.0	88.0	1.65720227319	4.39682949012
5340.0	89.0	13.8502879342	6.56505377052
5340.0	90.0	12.0806972925	12.3864436051
5350.0	76.0	6.58124397799	5.07175940371
5350.0	77.0	7.44478232278	6.78318882746
5350.0	80.0	11.1649636005	2.79924079084
5350.0	82.0	7.3641741858	3.90065576652
5350.0	83.0	9.30676714764	3.19804131616
5350.0	84.0	9.09903808444	2.72859749012
5350.0	86.0	3.32913710406	3.46915884863
5350.0	88.0	2.18420690769	4.39921608812
5350.0	89.0	13.2765600454	6.40037850872
5350.0	90.0	12.0703845021	12.1477838054
5360.0	76.0	6.34404979944	5.15815425121
5360.0	77.0	7.22926605053	6.85311614877
5360.0	80.0	11.6833391655	2.77012429527
5360.0	82.0	6.99459745329	3.87726710614
5360.0	83.0	9.79378341131	3.19804131616
5360.0	84.0	9.66034853181	2.64912377682
5360.0	86.0	3.80121034495	3.42596142489
5360.0	88.0	2.64596735821	4.35959856137
5360.0	89.0	12.6929402964	6.22687283432
5360.0	90.0	12.0600717118	11.9091240057
5370.0	76.0	6.10664515578	5.2443104389
5370.0	77.0	7.01353931316	6.92280481029
5370.0	80.0	12.2019251956	2.74100779971
5370.0	82.0	6.62502072079	3.85411710557
5370.0	83.0	10.2810101401	3.19804131616
5370.0	84.0	10.2201857234	2.5822990329
5370.0	86.0	4.27307312073	3.38252534134
5370.0	88.0	3.10793827384	4.31974237481
5370.0	89.0	12.1156345007	6.09322334648
5370.0	90.0	12.0499693865	11.670464206
5370.0	91.0	15.0499390591	4.22976763032
5370.0	92.0	15.1478053351	3.09398564349
5380.0	76.0	5.86587307037	5.3302279668
5380.0	77.0	6.7980230409	6.9927321316
5380.0	80.0	12.7268251791	2.71260728354
5380.0	82.0	6.28511956875	3.88013102374
5380.0	83.0	10.7547671019	3.20567842975
5380.0	84.0	10.7673950084	2.63003099284
5380.0	86.0	4.69189868888	3.30376760743
5380.0	88.0	3.56969872436	4.27988618826
5380.0	89.0	11.542117077	5.98630375621
5380.0	90.0	12.0396565961	11.4318044063
5380.0	91.0	14.623536747	4.29086453905
5380.0	92.0	14.6757320942	3.20233719256
5380.0	93.0	15.0061623163	3.84242277539
5390.0	76.0	5.59479400918	5.4111336389
5390.0	77.0	6.52736490993	7.02686048296
5390.0	80.0	13.2675100457	2.68540006638
5390.0	82.0	5.97489399716	3.95554752045
5390.0	83.0	11.1756973211	3.2443413173
5390.0	84.0	11.3146042935	2.67776295278
5390.0	86.0	5.07515565351	3.20138255336
5390.0	88.0	3.98578824609	4.14719133962
5390.0	89.0	10.9688101184	5.87914550614
5390.0	90.0	12.0360786893	11.287892547
5390.0	91.0	14.1971344349	4.35220010757
5390.0	92.0	14.2038693184	3.31092740142
5390.0	93.0	14.5635541908	3.8343083422
5400.0	76.0	5.32371494798	5.49203931101
5400.0	77.0	6.25691724406	7.06098883432
5400.0	80.0	13.8079844472	2.65843150901
5400.0	82.0	5.66487889068	4.03072535736
5400.0	83.0	11.5966275404	3.28276554506
5400.0	84.0	11.843503114	2.71666450014
5400.0	86.0	5.45862308325	3.09923615908
5400.0	88.0	4.39072311701	3.99110783061
5400.0	89.0	10.3929775784	5.93881045607
5400.0	90.0	12.0333426428	11.1547203788
5400.0	91.0	13.7709425879	4.4132970163
5400.0	92.0	13.7317960775	3.41927895049
5400.0	93.0	14.1207356001	3.82595524921
5410.0	76.0	5.05263588678	5.57294498311
5410.0	77.0	5.98625911308	7.09511718568
5410.0	80.0	14.3484588487	2.63122429184
5410.0	82.0	5.35465331909	4.10614185407
5410.0	83.0	12.0175577596	3.31641657682
5410.0	84.0	12.208449614	2.67704697339
5410.0	86.0	5.86755679125	3.12906863404
5410.0	88.0	4.79860449946	3.87225525035
5410.0	89.0	9.81588224783	6.06959602631
5410.0	90.0	12.0306065964	11.0215482106
5410.0	91.0	13.3445402758	4.47463258483
5410.0	92.0	13.2683519061	3.50495781859
5410.0	93.0	13.6796007303	3.8307284452
5420.0	76.0	4.78155682558	5.65385065521
5420.0	77.0	5.75601028315	7.12948419684
5420.0	80.0	14.8889332502	2.60401707467
5420.0	82.0	4.96697658716	4.13931556623
5420.0	83.0	12.4384879789	3.30734750443
5420.0	84.0	12.573185649	2.63719078683
5420.0	86.0	6.28301491765	3.19183616137
5420.0	88.0	5.21953471871	3.90208772531
5420.0	89.0	9.23878691723	6.20062025636
5420.0	90.0	12.02787055	10.8881373825
5420.0	91.0	12.864890291	4.56222073132
5420.0	92.0	12.8173251762	3.55603101573
5420.0	93.0	13.2529879531	3.95339958225
5420.0	95.0	14.7681262773	4.15721505121
5430.0	76.0	4.51047776438	5.73475632731
5430.0	77.0	5.56596028916	7.1645671874
5430.0	82.0	4.54604636791	4.15411247381
5430.0	83.0	12.8594181981	3.29803977224
5430.0	84.0	12.9372902887	2.59208408469
5430.0	86.0	6.69826257894	3.25460368869
5430.0	88.0	5.65098819345	3.94981968526
5430.0	89.0	8.67958112096	6.3292578884
5430.0	90.0	12.0251345036	10.7549652143
5430.0	91.0	12.3719810042	4.65649135221
5430.0	92.0	12.3662984463	3.60710421287
5430.0	93.0	12.8263751759	4.07583205951
5430.0	95.0	14.3339367562	4.26150938368
5440.0	76.0	4.26254986525	5.79633055564
5440.0	77.0	5.37612076027	7.19941151816
5440.0	82.0	4.12511614866	4.16914804119
5440.0	83.0	13.2917135333	3.3319294638
5440.0	84.0	13.2940286495	2.498768103
5440.0	86.0	7.11372070534	3.31737121602
5440.0	88.0	6.0893870168	4.00948463519
5440.0	89.0	8.13237183593	6.45646356165
5440.0	90.0	12.0223984571	10.6215543862
5440.0	91.0	11.8790717175	4.7505233133
5440.0	92.0	11.9152717163	3.65841606981
5440.0	93.0	12.3997623987	4.19850319656
5440.0	95.0	13.8999577001	4.36604237596
5450.0	76.0	4.10827893989	5.78034034906
5450.0	77.0	5.18607076628	7.23425584891
5450.0	82.0	3.69555685991	4.13788360743
5450.0	83.0	13.7351635193	3.40853925951
5450.0	84.0	13.6509774754	2.40521346151
5450.0	86.0	7.52265441335	3.27656039027
5450.0	88.0	6.51621025912	4.06175113132
5450.0	89.0	7.5851625509	6.58390789469
5450.0	90.0	12.0196624107	10.488382218
5450.0	91.0	11.3861624307	4.84479393418
5450.0	92.0	11.4682438235	3.72309287553
5450.0	93.0	11.9754647377	4.29110319885
5450.0	95.0	13.4767123647	4.46484753304
5460.0	76.0	3.95400801453	5.76435014248
5460.0	77.0	4.97118588935	7.27912389126
5460.0	82.0	3.25757896678	4.06055783232
5460.0	83.0	14.1786135053	3.48538771502
5460.0	84.0	14.1026356007	2.44316036967
5460.0	86.0	7.93158812135	3.23551090472
5460.0	88.0	6.89652071221	4.0849011319
5460.0	89.0	7.07688931116	6.73617284691
5460.0	90.0	12.0215565967	10.3206043788
5460.0	91.0	10.970072909	4.90040166752
5460.0	92.0	11.0374217441	3.84242277539
5460.0	93.0	11.5545345184	4.33883515879
5460.0	95.0	13.0791437726	4.55100372074
5470.0	76.0	3.79952662407	5.7485985957
5470.0	77.0	4.7186277578	7.33878884119
5470.0	82.0	2.81960107365	3.98299339742
5470.0	83.0	14.623536747	3.54767792274
5470.0	84.0	14.5782867484	2.51380367038
5470.0	86.0	8.34052182935	3.19470007896
5470.0	88.0	7.27662070019	4.10805113247
5470.0	89.0	6.5945032799	6.90514398511
5470.0	90.0	12.041340317	10.0148811754
5470.0	91.0	10.5541938524	4.95577074105
5470.0	92.0	10.6063891996	3.96175267524
5470.0	93.0	11.1336042992	4.38656711873
5470.0	95.0	12.6817856456	4.63739856823
5480.0	76.0	3.64525569871	5.73260838912
5480.0	77.0	4.46606962625	7.39845379112
5480.0	82.0	2.38162318052	3.90566762231
5480.0	83.0	15.0693018492	3.60376297567
5480.0	84.0	15.0537274311	2.5846856309
5480.0	86.0	8.78376135022	3.161287707
5480.0	88.0	7.65356371153	4.12260938025
5480.0	89.0	6.11043352776	7.07435378311
5480.0	90.0	12.0609135722	9.70891931214
5480.0	91.0	10.1381043307	5.01137847438
5480.0	92.0	10.1755671202	4.0810825751
5480.0	93.0	10.7126740799	4.43429907868
5480.0	95.0	12.2842170535	4.72355475593
5490.0	76.0	3.49098477336	5.71661818254
5490.0	77.0	4.2135114947	7.45811874105
5490.0	82.0	1.96384993792	3.8302511256
5490.0	86.0	9.26151714907	3.13551244864
5490.0	88.0	8.00125207263	4.06031917252
5490.0	89.0	5.619418427	7.2433249213
5490.0	90.0	12.0806972925	9.40319610871
5490.0	91.0	9.72201480893	5.06674754792
5490.0	92.0	9.74453457566	4.20041247496
5490.0	93.0	10.2967950233	4.53787743175
5490.0	95.0	11.8818077639	4.81973465521
5500.0	76.0	3.33650338289	5.70086663576
5500.0	77.0	3.93569755	7.50990791758
5500.0	82.0	1.55133832305	3.75531194849
5500.0	86.0	9.73948341303	3.10973719027
5500.0	88.0	8.34915089884	3.9980289648
5500.0	89.0	5.12840332625	7.4122960595
5500.0	90.0	12.1080577568	9.08673321429
5500.0	91.0	9.33076017014	5.10111455908
5500.0	92.0	9.39642528434	4.24170062031
5500.0	93.0	9.88154736203	4.64742227982
5500.0	95.0	11.4775042883	4.92021043089
5510.0	76.0	3.18223245754	5.68487642917
5510.0	77.0	3.61999988556	7.54952544434
5510.0	82.0	1.13861624307	3.68061143118
5510.0	86.0	10.2172392119	3.0839619319
5510.0	88.0	8.77302762963	3.92523772589
5510.0	89.0	4.69989636305	7.46098265864
5510.0	90.0	12.1356286861	8.77027031987
5510.0	91.0	8.95023925194	5.12665115764
5510.0	92.0	9.04831599302	4.28298876566
5510.0	93.0	9.46629970074	4.75696712789
5510.0	95.0	11.0732008127	5.02068620657
5520.0	76.0	2.96019176688	5.65862385121
5520.0	77.0	3.30430222112	7.58938163089
5520.0	82.0	0.725894163098	3.60567225407
5520.0	86.0	10.7042554756	3.08825780829
5520.0	88.0	9.21605668539	3.85005988898
5520.0	89.0	4.28696381796	7.47912080342
5520.0	90.0	12.1629891504	8.45380742545
5520.0	91.0	8.56950786862	5.15194909641
5520.0	92.0	8.7002067017	4.32427691101
5520.0	93.0	9.06620552734	4.84980578998
5520.0	95.0	10.6688973371	5.12116198225
5530.0	76.0	2.70889642599	5.62783673704
5530.0	77.0	2.98860455668	7.62923781744
5530.0	82.0	0.313172083123	3.53073307696
5530.0	86.0	11.1935868554	3.10019079828
5530.0	88.0	9.66371597357	3.93239751988
5530.0	89.0	3.88960569099	7.4924857522
5530.0	90.0	12.1905600797	8.13734453103
5530.0	91.0	8.18898695042	5.17748569498
5530.0	92.0	8.35230787549	4.36556505636
5530.0	93.0	8.72630437529	4.87414908955
5530.0	95.0	10.3146845576	5.30302074963
5540.0	76.0	2.4576010851	5.59704962288
5540.0	77.0	2.676274334	7.6609795708
5540.0	86.0	11.6829182353	3.11212378826
5540.0	88.0	10.111796192	4.03263463576
5540.0	89.0	3.55412430625	7.48508729841
5540.0	90.0	12.2109751954	7.81777905921
5540.0	91.0	7.80825556711	5.20278363375
5540.0	92.0	8.00419858417	4.40685320171
5540.0	93.0	8.38619275814	4.89873104892
5540.0	95.0	9.96573340588	5.4939485894
5550.0	76.0	2.20651620931	5.56626250872
5550.0	77.0	2.376782483	7.6609795708
5550.0	86.0	12.1722496152	3.12405677825
5550.0	88.0	10.5598764104	4.13263309184
5550.0	89.0	3.21885338661	7.47745018482
5550.0	90.0	12.2210775206	7.493917711
5550.0	91.0	7.4691962755	5.15648363261
5550.0	92.0	7.66913812964	4.39205629413
5550.0	93.0	8.04629160609	4.92307434849
5550.0	95.0	9.61699271923	5.68487642917
5560.0	76.0	1.95522086842	5.53547539455
5560.0	77.0	2.07750109711	7.6609795708
5560.0	86.0	12.6630542508	3.13694440743
5560.0	88.0	11.0536275575	4.21640268154
5560.0	89.0	2.88337200187	7.47005173103
5560.0	90.0	12.2309693808	7.17005636279
5560.0	91.0	7.13013698389	5.10994497166
5560.0	92.0	7.33765558198	4.36317845836
5560.0	93.0	7.70849510514	4.94025785407
5560.0	95.0	9.20805901123	5.88129344434
5570.0	76.0	1.70413599264	5.50468828039
5570.0	77.0	1.77821971123	7.6609795708
5570.0	86.0	13.1540693516	3.15030935622
5570.0	88.0	11.5587438206	4.29587639484
5570.0	89.0	2.61271387089	7.50418008239
5570.0	90.0	12.241071706	6.84619501458
5570.0	91.0	6.79107769229	5.06364497052
5570.0	92.0	7.00596256921	4.3343006226
5570.0	93.0	7.37617069705	4.94025785407
5570.0	95.0	8.7090462363	6.08582489269
5580.0	76.0	1.43894995451	5.46149085664
5580.0	77.0	1.47893832534	7.6609795708
5580.0	86.0	13.6450844524	3.163674305
5580.0	88.0	12.0638600837	4.37535010815
5580.0	89.0	2.34226620502	7.53830843375
5580.0	90.0	12.2187624044	6.55073418253
5580.0	91.0	6.44780909849	5.02044754677
5580.0	92.0	6.6666928125	4.25530422889
5580.0	93.0	7.04384628895	4.94025785407
5580.0	95.0	8.21003346138	6.29035634105
5590.0	76.0	1.16008368426	5.40588312331
5590.0	77.0	1.21501507787	7.63830688983
5590.0	86.0	14.1363100182	3.17680059399
5590.0	88.0	12.55592751	4.4961119668
5590.0	89.0	2.07202900426	7.56981152731
5590.0	90.0	12.0672275255	6.36935273475
5590.0	91.0	6.09864748162	4.98250063862
5590.0	92.0	6.31963584673	4.12618927725
5590.0	93.0	6.71152188085	4.94025785407
5590.0	95.0	7.71081022135	6.4948877894
5600.0	76.0	0.881006948892	5.35051404978
5600.0	77.0	0.966245318291	7.60561049727
5600.0	86.0	14.627325119	3.19016554277
5600.0	88.0	13.0448379597	4.62689753704
5600.0	89.0	1.80431738482	7.59152956909
5600.0	90.0	11.9156926466	6.18797128697
5600.0	91.0	5.74948586475	4.94455373046
5600.0	92.0	5.97257888095	3.9973129854
5600.0	93.0	6.40508468123	4.89443517252
5600.0	95.0	7.24063116645	6.5824759359
5610.0	76.0	0.601930213529	5.29490631644
5610.0	77.0	0.717475558713	7.57315276451
5610.0	86.0	15.1183402197	3.20329183175
5610.0	88.0	13.5335379443	4.75768310729
5610.0	89.0	1.53639530027	7.61324761086
5610.0	90.0	11.5755810294	6.07556252131
5610.0	91.0	5.40032424788	4.90660682231
5610.0	92.0	5.62573238029	3.86819803376
5610.0	93.0	6.1245346901	4.80255114963
5610.0	95.0	6.77360908819	6.65717645321
5620.0	76.0	0.323063943275	5.23929858311
5620.0	77.0	0.468705799136	7.54045637195
5620.0	88.0	14.051492579	4.84383929498
5620.0	89.0	1.26847321571	7.63496565263
5620.0	90.0	11.1546508102	5.99250891101
5620.0	91.0	5.05116263101	4.86865991415
5620.0	92.0	5.2628905313	3.75507328869
5620.0	93.0	5.84398469897	4.71066712674
5620.0	95.0	6.30679747504	6.73163831072
5630.0	77.0	0.219936039559	7.50799863919
5630.0	88.0	14.5818646553	4.9106640389
5630.0	89.0	1.00644415423	7.88436514333
5630.0	90.0	10.753083381	5.98678107581
5630.0	91.0	4.71526031605	4.90087898712
5630.0	92.0	4.89604984522	3.64600576022
5630.0	93.0	5.56322424273	4.61902176365
5630.0	95.0	5.83788121079	6.78414346665
5640.0	88.0	15.1122367316	4.97748878282
5640.0	89.0	0.744836022965	8.1593012326
5640.0	90.0	10.3807706021	6.09680324348
5640.0	91.0	4.37935800109	4.93285940028
5640.0	92.0	4.52920915914	3.53693823175
5640.0	93.0	5.19322658001	4.51067021458
5640.0	95.0	5.36854401633	6.8268635708
5650.0	89.0	0.48343835681	8.43399866207
5650.0	90.0	10.0084578231	6.20706407095
5650.0	91.0	4.04345568613	4.96507847324
5650.0	92.0	4.17583824008	3.46724957024
5650.0	93.0	4.76345682615	4.39134031473
5650.0	95.0	4.89899635675	6.86982233475
5660.0	89.0	0.270658130978	8.95308372645
5660.0	90.0	9.64119620684	6.37842180714
5660.0	91.0	3.70734290605	4.9970588864
5660.0	92.0	3.85340569213	3.48968359141
5660.0	93.0	4.34694637421	4.28823928125
5660.0	95.0	4.42944869718	6.9125424389
5670.0	89.0	0.0902895320294	9.63493477423
5670.0	90.0	9.2751973812	6.56529243032
5670.0	91.0	3.37144059109	5.02927795936
5670.0	92.0	3.5311836093	3.51211761258
5670.0	93.0	3.98284173455	4.2493377339
5670.0	95.0	3.99883708289	6.92996460428
5680.0	90.0	8.92161599703	6.72853573332
5680.0	91.0	3.03406502036	4.98679651501
5680.0	92.0	3.2053836196	3.52834647896
5680.0	93.0	3.61894756001	4.21067484634
5680.0	95.0	3.57790686363	6.94118161487
5690.0	90.0	8.58045205432	6.86839037595
5690.0	91.0	2.69647898452	4.92593826609
5690.0	92.0	2.84822432856	3.48944493161
5690.0	93.0	3.25484292036	4.17201195879
5690.0	95.0	3.15697664438	6.95215996565
5700.0	90.0	8.23928811162	7.00848367839
5700.0	91.0	2.35868248357	4.86484135736
5700.0	92.0	2.49085457242	3.45054338426
5700.0	93.0	2.85958944448	4.13478103004
5700.0	95.0	2.73604642513	6.96337697624
5710.0	90.0	7.88002416949	7.05597697853
5710.0	91.0	2.02088598262	4.80374444863
5710.0	92.0	2.13348481627	3.4116418369
5710.0	93.0	2.43339759749	4.09898206008
5710.0	95.0	2.36015573934	7.00299450299
5710.0	98.0	14.9640692944	2.52979387696
5720.0	90.0	7.508553251	7.04189605035
5720.0	91.0	1.68708831876	4.72164547753
5720.0	92.0	1.77632552524	3.37297894935
5720.0	93.0	2.0072057505	4.06318309012
5720.0	95.0	2.02951505212	7.07125120571
5720.0	98.0	14.4856821002	2.63098563204
5730.0	90.0	7.13729279762	7.02781512216
5730.0	91.0	1.35686856176	4.61878310385
5730.0	92.0	1.42042902486	3.34386245379
5730.0	93.0	1.58101390351	4.02738412016
5730.0	95.0	1.69866389979	7.13926924863
5730.0	98.0	14.0075053711	2.73217738712
5740.0	90.0	6.7651904838	7.01254089498
5740.0	91.0	1.02664880475	4.51592073018
5740.0	92.0	1.06495345471	3.31737121602
5740.0	93.0	1.24300693745	3.98466401602
5740.0	95.0	1.36802321257	7.20752595135
5740.0	98.0	13.5291181769	2.833607802
5750.0	90.0	6.391193984	6.9927321316
5750.0	91.0	0.69663951286	4.4128196967
5750.0	92.0	0.709477884548	3.29087997825
5750.0	93.0	0.993184852323	3.93478411788
5750.0	95.0	1.16829182353	7.38508884233
5750.0	98.0	13.0620960987	2.86033769957
5760.0	90.0	6.01698701908	6.97292336823
5760.0	91.0	0.366419755858	4.30995732303
5760.0	92.0	0.35400231439	3.26438874048
5760.0	93.0	0.743152302088	3.88514287954
5760.0	95.0	0.968770899606	7.56241307352
5760.0	98.0	12.599914718	2.85508718397
5770.0	90.0	5.64278005417	6.95287594505
5770.0	91.0	0.0364104639652	4.20685628955
5770.0	92.0	-0.00147325576738	3.23789750271
5770.0	93.0	0.493330216962	3.83550164119
5770.0	95.0	0.769039510572	7.73997596451
5770.0	98.0	12.1379438023	2.84983666838
5780.0	90.0	5.28456843759	6.94834140886
5780.0	93.0	0.243297666727	3.78562174305
5780.0	95.0	0.586355795417	7.91897081429
5780.0	98.0	11.6757624216	2.84482481258
5790.0	90.0	4.9370905416	6.95383058425
5790.0	95.0	0.557943005617	8.11252391186
5790.0	98.0	11.2133705757	2.83718769899
5800.0	90.0	4.5896126456	6.95931975964
5800.0	95.0	0.529530215818	8.30607700943
5800.0	98.0	10.7478217532	2.80830986323
5810.0	90.0	4.24213474961	6.96504759484
5810.0	95.0	0.501117426018	8.49963010699
5810.0	98.0	10.2822729308	2.77919336766
5820.0	90.0	3.90475917888	6.96624089384
5820.0	95.0	0.472704636219	8.69294454476
5820.0	98.0	9.81651364315	2.7503155319
5830.0	90.0	3.59095570043	6.95764914105
5830.0	98.0	9.38379737776	2.77036295507
5840.0	90.0	3.27715222198	6.94881872846
5840.0	98.0	8.95928925165	2.80282068783
5850.0	90.0	2.96334874353	6.94022697567
5850.0	98.0	8.53499159064	2.8352784206
5860.0	90.0	2.64954526508	6.93163522288
5860.0	98.0	8.11048346453	2.86749749356
5860.0	99.0	0.479229054617	5.79680787524
5870.0	90.0	2.33574178662	6.92280481029
5870.0	98.0	7.68597533841	2.89995522632
5870.0	99.0	0.88816276262	5.78988674105
5880.0	90.0	2.07013481828	6.99058419341
5880.0	98.0	7.2614672123	2.93217429928
5880.0	99.0	1.29709647062	5.78296560686
5890.0	90.0	1.81673482629	7.0774563605
5890.0	98.0	6.79107769229	2.88372635994
5890.0	99.0	1.70603017862	5.77628313246
5900.0	90.0	1.56312436919	7.1640898678
5900.0	98.0	6.31542654453	2.82644800801
5900.0	99.0	2.10507202647	5.7443027193
5910.0	90.0	1.3097243772	7.25096203489
5910.0	98.0	5.83998586189	2.76893099628
5910.0	99.0	2.50306154878	5.70969704834
5920.0	90.0	1.10557322086	7.38628214133
5920.0	98.0	5.36454517925	2.71141398454
5920.0	99.0	2.90105107108	5.67485271759
5920.0	101.0	14.562080935	3.95411556165
5930.0	90.0	0.975505783114	7.59463214648
5930.0	98.0	4.8891044966	2.65389697281
5930.0	99.0	3.29904059338	5.64024704663
5930.0	101.0	13.8425007252	3.93860267467
5940.0	90.0	0.845227880256	7.80298215163
5940.0	98.0	4.39766846563	2.64435058083
5940.0	99.0	3.69681965057	5.60540271587
5940.0	101.0	13.1229205154	3.92332844749
5950.0	90.0	0.715160442508	8.01109349698
5950.0	98.0	3.89065801654	2.68229748898
5950.0	99.0	4.10912080033	5.57294498311
5950.0	101.0	12.4163891424	3.86628875536
5960.0	90.0	0.585093004759	8.21944350213
5960.0	98.0	3.38364756745	2.72024439713
5960.0	99.0	4.54309985638	5.54382848754
5960.0	101.0	11.7296414896	3.7469588555
5970.0	90.0	0.45502556701	8.42779350728
5970.0	98.0	2.87663711836	2.75819130529
5970.0	99.0	4.97686844731	5.51447333218
5970.0	101.0	11.0426833718	3.62762895564
5980.0	98.0	2.37257318081	2.78969439885
5980.0	99.0	5.41063703825	5.48535683661
5980.0	101.0	10.3559357191	3.50829905579
5980.0	102.0	14.6854134892	3.53144905636
5990.0	98.0	1.8956592424	2.76320316108
5990.0	99.0	5.84440562919	5.45600168125
5990.0	101.0	9.6447741137	3.43264389928
5990.0	102.0	13.8753332823	3.62548101745
6000.0	98.0	1.41853483888	2.73671192331
6000.0	99.0	6.29753701022	5.43667023747
6000.0	101.0	8.91740669483	3.38586657853
6000.0	102.0	13.0654635404	3.71951297853
6010.0	98.0	0.941410435355	2.71022068555
6010.0	99.0	6.77003118132	5.42688518568
6010.0	101.0	8.18982881086	3.33908925779
6010.0	102.0	12.2806391466	3.78538308326
6020.0	98.0	0.464496496944	2.68349078798
6020.0	99.0	7.24252535243	5.4171001339
6020.0	101.0	7.46246139199	3.29255059685
6020.0	102.0	11.5966275404	3.73908308211
6030.0	99.0	7.71501952354	5.40731508211
6030.0	101.0	6.73488350802	3.2457732761
6030.0	102.0	10.9126159341	3.69254442117
6040.0	99.0	8.18751369465	5.39753003032
6040.0	101.0	6.06223701765	3.27679905007
6040.0	102.0	10.2286043278	3.64624442002
6050.0	99.0	8.66337530752	5.4116109585
6050.0	101.0	5.3898009924	3.30806348383
6050.0	102.0	9.53722644268	3.64242586323
6060.0	99.0	9.14113110637	5.44144343347
6060.0	101.0	4.71715450204	3.33908925779
6060.0	102.0	8.84121832515	3.6667691628
6070.0	99.0	9.61909737033	5.47127590843
6070.0	101.0	4.04450801167	3.37035369155
6070.0	102.0	8.14499974251	3.69135112217
6070.0	103.0	0.131540693516	7.06003419512
6080.0	99.0	10.0970636343	5.5011083834
6080.0	101.0	3.36091733561	3.38705987753
6080.0	102.0	7.44878115987	3.71569442174
6080.0	103.0	0.499854635361	6.86409449956
6090.0	99.0	10.5750298982	5.53094085836
6090.0	101.0	2.660910381	3.38204802174
6090.0	102.0	6.75066839124	3.69326040057
6090.0	103.0	0.868168577205	6.66791614419
6100.0	99.0	10.9382926775	5.56626250872
6100.0	101.0	1.96069296127	3.37727482575
6100.0	102.0	6.05171376217	3.65054029642
6100.0	103.0	1.24953135585	6.46839655163
6110.0	99.0	11.2729322018	5.60301611787
6110.0	101.0	1.26068600666	3.37250162975
6110.0	102.0	5.352548668	3.60805885207
6110.0	103.0	1.74875459588	6.23641922631
6120.0	99.0	11.607361261	5.63976972703
6120.0	101.0	0.560468586933	3.36748977396
6120.0	102.0	4.65359403893	3.56533874792
6120.0	103.0	2.2477673708	6.00468056079
6130.0	99.0	11.9420007853	5.67652333618
6130.0	101.0	-0.139538367682	3.36271657796
6130.0	102.0	3.95442894475	3.52285730357
6130.0	103.0	2.74678014572	5.77294189527
6140.0	99.0	12.3439891446	5.84263055678
6140.0	102.0	3.25021268795	3.48156915822
6140.0	103.0	3.24558245554	5.65361199541
6150.0	99.0	12.753554248	6.02329602517
6150.0	102.0	2.49843131636	3.45316864205
6150.0	103.0	3.74396383513	5.60969859226
6160.0	99.0	13.1631193513	6.20396149355
6160.0	102.0	1.74686040989	3.42476812589
6160.0	103.0	4.24255567983	5.56578518912
6170.0	99.0	13.5737367802	6.40013984892
6170.0	102.0	0.995289503419	3.39636760972
6170.0	103.0	4.74093705942	5.52187178597
6180.0	99.0	13.9887739764	6.6593243914
6180.0	102.0	0.243508131837	3.36796709356
6180.0	103.0	5.22227076514	5.41972539169
6190.0	99.0	14.4036007074	6.91850893389
6190.0	103.0	5.69939516866	5.30302074963
6200.0	99.0	14.8186379036	7.17745481658
6200.0	103.0	6.17651957218	5.18631610757
6210.0	103.0	6.65343351059	5.06961146551
6220.0	103.0	7.15139395997	4.97963672102
6230.0	103.0	7.69776138455	4.95219084405
6240.0	103.0	8.24412880914	4.92474496709
6250.0	103.0	8.79049623373	4.89706043032
6260.0	103.0	9.33686365832	4.86961455335
6270.0	103.0	9.87733805984	4.8314289854
6280.0	103.0	10.3628810677	4.69658619856
6290.0	103.0	10.8486345408	4.56198207152
6300.0	103.0	11.3343880138	4.42737794448
6310.0	103.0	11.8230879983	4.29850165264
6320.0	103.0	12.3242054243	4.19253670157
6330.0	103.0	12.8253228504	4.08633309069
6340.0	103.0	13.3264402764	3.98036813962
6350.0	103.0	13.8275577024	3.87416452875
6360.0	103.0	14.3286751284	3.76819957768
6370.0	103.0	14.8297925544	3.6619959668
6400.0	109.0	0.448080218393	3.4128351359
6410.0	109.0	0.936990668053	3.4128351359
6420.0	109.0	1.4256906526	3.4128351359
6430.0	109.0	1.91965226489	3.4171310123
6440.0	109.0	2.42518945821	3.43097328068
6450.0	109.0	2.93072665154	3.44505420886
6460.0	109.0	3.43605337975	3.45913513705
6470.0	109.0	3.94159057307	3.47321606523
6480.0	109.0	4.44712776639	3.48729699341
6490.0	109.0	4.95266495971	3.5013779216
6500.0	109.0	5.45820215303	3.51522018998
6510.0	109.0	5.96373934635	3.52930111816
6520.0	109.0	6.46927653967	3.54338204635
6530.0	109.0	6.97649745387	3.55841761373
6530.0	114.0	0.315697664438	6.22902077252
6540.0	109.0	7.49824046063	3.5818062741
6540.0	114.0	0.751149976254	6.17961819398
6550.0	109.0	8.01998346739	3.60543359427
6550.0	114.0	1.18660228807	6.13021561544
6560.0	109.0	8.54172647415	3.62906091444
6560.0	114.0	1.62394878587	6.0824836555
6570.0	109.0	9.0632590158	3.65244957481
6570.0	114.0	2.07897435288	6.05026458254
6580.0	109.0	9.58500202257	3.67607689499
6580.0	114.0	2.534210385	6.01804550957
6590.0	109.0	10.1067450293	3.69946555536
6590.0	114.0	2.98923595201	5.98582643661
6600.0	109.0	10.6284880361	3.72309287553
6600.0	114.0	3.44468244924	5.96649499284
6600.0	117.0	0.527215099612	4.67653877539
6610.0	109.0	11.1982170878	3.68180473018
6610.0	114.0	3.90054987669	5.96649499284
6610.0	117.0	0.953196481494	4.67081094019
6620.0	109.0	11.7677356745	3.64027792503
6620.0	114.0	4.35662776925	5.96649499284
6620.0	117.0	1.37938832849	4.6648444452
6630.0	109.0	12.3374647262	3.59898977968
6630.0	114.0	4.81270566181	5.96649499284
6630.0	117.0	1.80536971037	4.65911661001
6640.0	109.0	12.907193778	3.55770163433
6640.0	114.0	5.26373239173	5.98511045721
6640.0	117.0	2.23408713867	4.64885423862
6650.0	109.0	13.4767123647	3.51617482918
6650.0	114.0	5.69497540136	6.0781877791
6650.0	117.0	2.68742898481	4.59992897968
6660.0	109.0	14.0464414164	3.47488668383
6660.0	114.0	6.12600794587	6.17150376079
6660.0	117.0	3.14077083094	4.55100372074
6670.0	109.0	14.6161704682	3.43359853848
6670.0	114.0	6.55725095549	6.26458108268
6670.0	117.0	3.59411267708	4.50207846179
6680.0	109.0	15.1856890548	3.39207173333
6680.0	114.0	6.99080908132	6.34095221859
6680.0	117.0	4.04324522102	4.44312949127
6690.0	114.0	7.44457185767	6.26625170128
6690.0	117.0	4.47596148641	4.34360835478
6700.0	114.0	7.89833463403	6.19178984377
6700.0	117.0	4.90846728669	4.2440872183
6710.0	114.0	8.35209741038	6.11708932646
6710.0	117.0	5.34118355208	4.14480474162
6720.0	114.0	8.84816367377	5.98367849842
6720.0	117.0	5.8008393515	4.11091505006
6730.0	114.0	9.34907063468	5.84382385578
6730.0	117.0	6.27880561546	4.12093876165
6740.0	114.0	9.84976713047	5.70396921315
6740.0	117.0	6.75677187942	4.13072381344
6750.0	114.0	10.3449915334	5.70396921315
6750.0	117.0	7.23473814338	4.14074752503
6760.0	114.0	10.8402159364	5.70396921315
6760.0	117.0	7.71270440734	4.15077123662
6770.0	114.0	11.3354403393	5.70396921315
6770.0	117.0	8.17930555538	4.18394494878
6770.0	119.0	14.9867995262	3.72213823633
6780.0	114.0	11.8270868354	5.73404034792
6780.0	117.0	8.64317065699	4.22284649613
6780.0	119.0	14.3722414061	3.71259184434
6790.0	114.0	12.3166286804	5.78392024606
6790.0	117.0	9.10703575861	4.26174804348
6790.0	119.0	13.757683286	3.70304545235
6800.0	114.0	12.8061705254	5.8338001442
6800.0	117.0	9.57111132533	4.30064959084
6800.0	119.0	13.1616460955	3.53646091215
6810.0	114.0	13.2955019053	5.88368004234
6810.0	117.0	10.0349764269	4.33978979799
6810.0	119.0	12.5782368117	3.26534337968
6820.0	114.0	13.7589460767	5.95456200285
6820.0	117.0	10.5358833879	4.35220010757
6820.0	119.0	12.0213461316	3.05054955994
6830.0	114.0	14.1611449012	6.07389190271
6830.0	117.0	11.040999651	4.36174649956
6830.0	119.0	11.5048647526	2.92024130929
6840.0	114.0	14.5635541908	6.19322180256
6840.0	117.0	11.5461159141	4.37129289155
6840.0	119.0	10.9711252346	2.80807120343
6850.0	114.0	14.9659634804	6.31255170242
6850.0	117.0	12.0512321772	4.38083928354
6850.0	119.0	10.3687740908	2.76678305808
6860.0	117.0	12.5563484403	4.39038567553
6860.0	119.0	9.76621248195	2.72573357253
6870.0	117.0	13.0303158671	4.37439546895
6870.0	119.0	9.17754157033	2.69232120057
6880.0	117.0	13.5007053871	4.35578000457
6880.0	119.0	8.62086135537	2.67680831359
6890.0	117.0	13.9710949072	4.33716454019
6890.0	119.0	8.06418114041	2.6615340864
6900.0	117.0	14.4416948923	4.31831041602
6900.0	119.0	7.50813232078	2.64697583862
6910.0	117.0	14.9120844123	4.29969495164
6910.0	119.0	6.95439861736	2.63671346723
6920.0	119.0	6.40087537904	2.62621243605
6930.0	119.0	5.84735214073	2.61595006466
6940.0	119.0	5.2936184373	2.60544903347
6950.0	119.0	4.76345682615	2.62692841545
6960.0	119.0	4.24908009823	2.6691712
6970.0	119.0	3.7344929052	2.71165264434
6980.0	119.0	3.22011617727	2.75413408869
6980.0	123.0	-0.0498802309813	4.26675989928
6990.0	119.0	2.70594991446	2.78205728526
6990.0	123.0	0.495855798278	4.39921608812
7000.0	119.0	2.19494062828	2.67991089098
7000.0	123.0	1.04138136243	4.53191093676
7010.0	119.0	1.683720877	2.57752583691
7010.0	123.0	1.58711739169	4.6643671256
7020.0	119.0	1.21669879875	2.64458924062
7020.0	123.0	2.10254644516	4.7493300143
7030.0	119.0	0.749676720486	2.71165264434
7030.0	123.0	2.61460805688	4.8288037276
7040.0	119.0	0.282865107337	2.77895470786
7040.0	123.0	3.12688013371	4.90851610071
7050.0	123.0	3.65977779128	4.98393259742
7060.0	123.0	4.19478009995	5.05887177453
7070.0	123.0	4.72999287372	5.13381095164
7080.0	123.0	5.27783355408	5.20087435536
7090.0	123.0	5.84440562919	5.25600476909
7100.0	123.0	6.41118816941	5.31113518282
