0.0	4.0	2.74	-2.5
0.0	5.0	-1.59	0.93
0.0	6.0	-1.72	1.32
0.0	8.0	-1.45	-0.76
0.0	10.0	-0.11	-9.9
10.0	4.0	2.76	-1.77
10.0	5.0	-1.59	0.93
10.0	6.0	-1.72	1.32
10.0	8.0	-1.45	-0.76
10.0	10.0	-0.1	-9.88
20.0	4.0	2.73	-1.07
20.0	5.0	-1.59	0.93
20.0	6.0	-1.72	1.32
20.0	8.0	-1.45	-0.76
30.0	4.0	2.73	-0.42
30.0	5.0	-1.59	0.93
30.0	6.0	-1.72	1.32
30.0	8.0	-1.45	-0.76
40.0	4.0	2.71	0.34
40.0	5.0	-1.59	0.93
40.0	6.0	-1.72	1.32
40.0	8.0	-1.45	-0.76
50.0	4.0	2.63	0.94
50.0	5.0	-1.59	0.93
50.0	6.0	-1.72	1.32
50.0	8.0	-1.45	-0.76
60.0	4.0	2.59	1.68
60.0	5.0	-1.59	0.93
60.0	6.0	-1.72	1.32
60.0	8.0	-1.45	-0.76
70.0	4.0	2.53	2.24
70.0	5.0	-1.59	0.93
70.0	6.0	-1.72	1.32
70.0	8.0	-1.45	-0.76
80.0	5.0	-1.59	0.93
80.0	6.0	-1.72	1.32
80.0	8.0	-1.45	-0.76
90.0	5.0	-1.59	0.93
90.0	6.0	-1.72	1.32
90.0	8.0	-1.45	-0.76
100.0	5.0	-1.59	0.93
100.0	6.0	-1.72	1.32
100.0	8.0	-1.45	-0.76
110.0	5.0	-1.59	0.93
110.0	6.0	-1.7	1.32
110.0	8.0	-1.45	-0.76
120.0	5.0	-1.59	0.93
120.0	6.0	-1.7	1.32
120.0	8.0	-1.45	-0.76
130.0	5.0	-1.59	0.93
130.0	6.0	-1.7	1.32
130.0	8.0	-1.45	-0.76
140.0	5.0	-1.59	0.93
140.0	6.0	-1.7	1.32
140.0	8.0	-1.45	-0.76
140.0	11.0	0.4	2.98
150.0	5.0	-1.59	0.93
150.0	6.0	-1.7	1.32
150.0	8.0	-1.45	-0.76
150.0	11.0	0.34	2.2
160.0	5.0	-1.59	0.93
160.0	6.0	-1.7	1.32
160.0	8.0	-1.45	-0.76
160.0	11.0	0.34	1.36
170.0	5.0	-1.59	0.93
170.0	6.0	-1.7	1.32
170.0	8.0	-1.45	-0.76
170.0	11.0	0.4	0.55
170.0	14.0	4.0	-2.41
170.0	15.0	3.13	-2.31
180.0	5.0	-1.59	0.93
180.0	6.0	-1.7	1.32
180.0	8.0	-1.51	-0.65
180.0	11.0	0.42	-0.3
180.0	14.0	3.99	-1.8
180.0	15.0	3.14	-1.8
190.0	5.0	-1.59	0.93
190.0	6.0	-1.7	1.32
190.0	8.0	-1.45	-0.74
190.0	11.0	0.49	-1.14
190.0	14.0	3.92	-1.35
190.0	15.0	3.13	-1.3
200.0	5.0	-1.59	0.93
200.0	6.0	-1.7	1.32
200.0	8.0	-1.45	-0.76
200.0	11.0	0.53	-1.97
200.0	14.0	3.9	-0.88
200.0	15.0	3.09	-0.81
210.0	5.0	-1.59	0.93
210.0	6.0	-1.7	1.32
210.0	8.0	-1.55	-0.65
210.0	11.0	0.58	-2.8
210.0	14.0	3.89	-0.4
210.0	15.0	3.09	-0.32
220.0	5.0	-1.59	0.93
220.0	6.0	-1.7	1.32
220.0	8.0	-1.52	-0.61
220.0	11.0	0.6	-3.7
220.0	14.0	3.82	0.08
220.0	15.0	3.11	0.13
230.0	5.0	-1.59	0.93
230.0	6.0	-1.7	1.32
230.0	8.0	-1.45	-0.74
230.0	11.0	0.74	-4.63
230.0	14.0	3.8	0.57
230.0	15.0	3.11	0.62
230.0	17.0	1.42	-8.27
240.0	5.0	-1.6	0.93
240.0	6.0	-1.72	1.32
240.0	8.0	-1.45	-0.76
240.0	11.0	0.71	-5.59
240.0	14.0	3.79	1.05
240.0	15.0	3.13	1.12
240.0	17.0	1.55	-7.52
250.0	5.0	-1.61	0.93
250.0	6.0	-1.72	1.32
250.0	8.0	-1.45	-0.76
250.0	11.0	0.7	-6.39
250.0	14.0	3.78	1.47
250.0	15.0	3.12	1.58
250.0	17.0	1.66	-6.71
260.0	11.0	0.74	-7.26
260.0	14.0	3.72	1.99
260.0	15.0	3.08	2.03
260.0	17.0	1.86	-5.89
270.0	11.0	0.8	-8.15
270.0	14.0	3.71	2.45
270.0	15.0	3.1	2.46
270.0	17.0	1.93	-5.09
280.0	11.0	0.83	-9.02
280.0	14.0	3.7	2.92
280.0	15.0	3.12	2.91
280.0	17.0	2.0	-4.23
290.0	17.0	2.03	-3.38
300.0	17.0	1.98	-2.53
310.0	17.0	1.95	-1.66
320.0	17.0	1.92	-0.85
320.0	19.0	0.36	1.64
330.0	17.0	1.91	-0.02
330.0	19.0	0.44	2.06
340.0	17.0	2.03	0.84
340.0	19.0	0.57	2.5
350.0	17.0	1.98	1.56
350.0	19.0	0.61	2.96
410.0	20.0	1.56	2.44
420.0	20.0	1.49	1.84
430.0	20.0	1.45	1.21
440.0	20.0	1.36	0.57
450.0	20.0	1.29	-0.06
460.0	20.0	1.22	-0.71
470.0	20.0	1.13	-1.34
470.0	23.0	2.24	-7.48
480.0	20.0	1.1	-2.0
480.0	23.0	2.19	-6.74
490.0	20.0	1.05	-2.65
490.0	23.0	2.14	-5.98
500.0	20.0	1.08	-3.32
500.0	23.0	2.17	-5.23
500.0	25.0	-0.67	2.78
510.0	20.0	1.06	-4.14
510.0	23.0	2.11	-4.41
510.0	25.0	-0.45	2.56
520.0	20.0	1.04	-4.73
520.0	23.0	2.11	-3.65
520.0	25.0	-0.29	2.33
530.0	20.0	1.07	-5.4
530.0	23.0	1.95	-2.86
530.0	25.0	-0.09	2.1
530.0	27.0	2.38	-7.98
540.0	20.0	1.11	-6.11
540.0	23.0	1.86	-2.09
540.0	25.0	0.05	1.83
540.0	27.0	2.42	-7.33
550.0	20.0	1.26	-6.86
550.0	23.0	1.87	-1.36
550.0	25.0	0.15	1.52
550.0	27.0	2.49	-6.7
560.0	20.0	1.36	-7.58
560.0	23.0	1.86	-0.6
560.0	25.0	0.27	1.22
560.0	27.0	2.44	-6.02
570.0	20.0	1.48	-8.26
570.0	23.0	1.94	0.1
570.0	25.0	0.26	0.9
570.0	27.0	2.44	-5.35
580.0	20.0	1.6	-8.94
580.0	23.0	2.0	0.84
580.0	25.0	0.3	0.59
580.0	27.0	2.44	-4.73
590.0	20.0	1.66	-9.65
590.0	23.0	2.03	1.61
590.0	25.0	0.27	0.28
590.0	27.0	2.35	-4.08
590.0	28.0	0.74	3.69
600.0	23.0	2.23	2.33
600.0	25.0	0.26	-0.05
600.0	27.0	2.42	-3.44
600.0	28.0	0.78	3.36
610.0	25.0	0.3	-0.39
610.0	27.0	2.46	-2.9
610.0	28.0	0.87	3.03
620.0	25.0	0.26	-0.78
620.0	27.0	2.44	-2.36
620.0	28.0	0.92	2.66
630.0	25.0	0.34	-1.18
630.0	27.0	2.62	-1.94
630.0	28.0	0.96	2.31
640.0	25.0	0.37	-1.57
640.0	27.0	2.84	-1.61
640.0	28.0	1.07	1.96
650.0	25.0	0.42	-1.96
650.0	27.0	3.04	-1.23
650.0	28.0	1.11	1.63
660.0	25.0	0.5	-2.33
660.0	28.0	1.1	1.26
670.0	25.0	0.54	-2.74
670.0	28.0	1.15	0.91
680.0	25.0	0.66	-3.14
680.0	28.0	1.2	0.56
690.0	25.0	0.71	-3.52
690.0	28.0	1.2	0.2
700.0	25.0	0.8	-3.9
700.0	28.0	1.22	-0.14
710.0	25.0	0.89	-4.27
710.0	28.0	1.32	-0.53
720.0	25.0	0.88	-4.65
720.0	28.0	1.34	-0.97
720.0	29.0	-1.07	-5.69
720.0	30.0	-1.29	-7.53
730.0	25.0	0.94	-5.06
730.0	28.0	1.31	-1.39
730.0	29.0	-0.89	-5.95
730.0	30.0	-1.29	-7.53
740.0	25.0	0.93	-5.46
740.0	28.0	1.29	-1.88
740.0	29.0	-0.71	-6.25
740.0	30.0	-1.29	-7.53
750.0	25.0	0.97	-5.87
750.0	28.0	1.2	-2.36
750.0	29.0	-0.47	-6.46
750.0	30.0	-1.29	-7.53
760.0	25.0	0.99	-6.24
760.0	28.0	1.13	-2.86
760.0	29.0	-0.33	-6.79
760.0	30.0	-1.29	-7.53
770.0	25.0	0.97	-6.62
770.0	28.0	1.13	-3.41
770.0	29.0	-0.14	-7.09
770.0	30.0	-1.29	-7.53
780.0	25.0	1.07	-6.99
780.0	28.0	1.09	-3.95
780.0	29.0	0.08	-7.34
780.0	30.0	-1.29	-7.53
790.0	25.0	1.13	-7.34
790.0	28.0	1.08	-4.42
790.0	29.0	0.14	-7.78
790.0	30.0	-1.29	-7.53
800.0	25.0	1.22	-7.67
800.0	28.0	1.08	-4.94
800.0	29.0	0.28	-8.13
800.0	30.0	-1.29	-7.53
810.0	28.0	1.04	-5.4
810.0	30.0	-1.29	-7.53
870.0	31.0	3.3	-2.46
880.0	31.0	3.29	-1.78
890.0	31.0	3.3	-1.13
900.0	31.0	3.31	-0.5
910.0	31.0	3.33	0.16
920.0	31.0	3.37	0.81
930.0	31.0	3.37	1.46
940.0	31.0	3.43	2.06
950.0	31.0	3.45	2.64
1050.0	41.0	-1.74	1.3
1060.0	41.0	-1.74	1.3
1070.0	41.0	-1.74	1.3
1080.0	41.0	-1.74	1.3
1080.0	42.0	-2.17	-8.63
1090.0	41.0	-1.74	1.3
1090.0	42.0	-2.18	-8.09
1100.0	41.0	-1.74	1.3
1100.0	42.0	-2.08	-7.59
1110.0	42.0	-2.02	-7.04
1120.0	42.0	-1.9	-6.54
1130.0	42.0	-1.7	-6.02
1140.0	42.0	-1.59	-5.64
1140.0	43.0	-1.69	-2.56
1140.0	45.0	1.27	1.88
1150.0	42.0	-1.49	-5.32
1150.0	43.0	-1.69	-2.56
1150.0	45.0	1.31	1.19
1150.0	46.0	-1.65	0.9
1150.0	47.0	-1.72	1.28
1160.0	42.0	-1.36	-4.87
1160.0	43.0	-1.69	-2.56
1160.0	45.0	1.35	0.53
1160.0	46.0	-1.65	0.9
1160.0	47.0	-1.72	1.28
1160.0	48.0	2.94	-5.77
1170.0	42.0	-1.63	-4.78
1170.0	43.0	-1.69	-2.56
1170.0	45.0	1.37	-0.17
1170.0	46.0	-1.65	0.9
1170.0	47.0	-1.72	1.28
1170.0	48.0	2.76	-5.1
1180.0	45.0	1.42	-0.91
1180.0	46.0	-1.65	0.9
1180.0	47.0	-1.72	1.28
1180.0	48.0	2.66	-4.42
1190.0	45.0	1.43	-1.67
1190.0	46.0	-1.65	0.9
1190.0	47.0	-1.72	1.28
1190.0	48.0	2.54	-3.77
1200.0	45.0	1.47	-2.58
1200.0	46.0	-1.65	0.9
1200.0	47.0	-1.72	1.28
1200.0	48.0	2.47	-3.13
1210.0	45.0	1.58	-3.22
1210.0	46.0	-1.65	0.9
1210.0	47.0	-1.72	1.28
1210.0	48.0	2.4	-2.45
1210.0	49.0	-1.09	-3.64
1220.0	45.0	1.69	-3.99
1220.0	46.0	-1.65	0.9
1220.0	47.0	-1.72	1.28
1220.0	48.0	2.3	-1.75
1220.0	49.0	-0.84	-4.05
1230.0	45.0	1.66	-4.93
1230.0	46.0	-1.65	0.9
1230.0	47.0	-1.72	1.28
1230.0	48.0	2.27	-1.1
1230.0	49.0	-0.49	-4.48
1240.0	45.0	1.82	-5.74
1240.0	46.0	-1.65	0.9
1240.0	47.0	-1.72	1.28
1240.0	48.0	2.2	-0.48
1240.0	49.0	-0.21	-4.78
1250.0	45.0	1.97	-6.53
1250.0	46.0	-1.65	0.9
1250.0	47.0	-1.72	1.28
1250.0	48.0	2.21	0.13
1250.0	49.0	0.04	-5.27
1260.0	45.0	2.08	-7.32
1260.0	46.0	-1.65	0.9
1260.0	47.0	-1.72	1.28
1260.0	48.0	2.14	0.74
1260.0	49.0	0.33	-5.73
1270.0	45.0	2.26	-8.06
1270.0	46.0	-1.65	0.9
1270.0	47.0	-1.72	1.28
1270.0	48.0	2.09	1.29
1270.0	49.0	0.52	-6.3
1280.0	46.0	-1.65	0.9
1280.0	47.0	-1.72	1.28
1280.0	48.0	2.03	1.85
1280.0	49.0	0.56	-6.89
1290.0	46.0	-1.65	0.9
1290.0	47.0	-1.72	1.28
1290.0	48.0	1.92	2.38
1290.0	49.0	0.67	-7.48
1300.0	46.0	-1.65	0.9
1300.0	47.0	-1.72	1.28
1300.0	49.0	0.67	-8.05
1310.0	46.0	-1.65	0.9
1310.0	47.0	-1.72	1.28
1310.0	49.0	0.77	-8.64
1320.0	46.0	-1.65	0.9
1320.0	47.0	-1.72	1.28
1330.0	46.0	-1.65	0.9
1330.0	47.0	-1.72	1.28
1340.0	46.0	-1.65	0.9
1340.0	47.0	-1.72	1.28
1350.0	46.0	-1.65	0.9
1350.0	47.0	-1.72	1.28
1360.0	46.0	-1.65	0.9
1360.0	47.0	-1.72	1.28
1370.0	46.0	-1.65	0.9
1370.0	47.0	-1.72	1.28
1380.0	46.0	-1.65	0.9
1380.0	47.0	-1.72	1.28
1480.0	53.0	3.02	-1.86
1480.0	54.0	3.82	-1.39
1490.0	53.0	2.91	-1.14
1490.0	54.0	3.65	-0.6
1490.0	55.0	-0.6	2.73
1500.0	53.0	2.74	-0.43
1500.0	54.0	3.61	0.16
1500.0	55.0	-0.35	2.65
1510.0	53.0	2.66	0.29
1510.0	54.0	3.6	0.82
1510.0	55.0	-0.2	2.51
1520.0	53.0	2.59	0.99
1520.0	54.0	3.49	1.44
1520.0	55.0	-0.06	2.27
1530.0	53.0	2.6	1.68
1530.0	54.0	3.39	2.11
1530.0	55.0	0.03	2.07
1540.0	53.0	2.55	2.34
1540.0	54.0	3.24	2.77
1540.0	55.0	0.19	1.9
1550.0	53.0	2.55	2.99
1550.0	54.0	3.21	3.45
1550.0	55.0	0.35	1.75
1560.0	55.0	0.43	1.57
1570.0	55.0	0.47	1.29
1580.0	55.0	0.52	1.09
1590.0	55.0	0.58	0.92
1600.0	55.0	0.65	0.8
1610.0	55.0	0.65	0.7
1620.0	55.0	0.62	0.55
1790.0	58.0	2.43	-4.16
1800.0	58.0	2.44	-3.27
1810.0	58.0	2.44	-2.38
1820.0	58.0	2.47	-1.49
1830.0	58.0	2.54	-0.61
1840.0	58.0	2.56	0.27
1850.0	58.0	2.64	1.14
1860.0	58.0	2.67	1.99
1870.0	58.0	2.72	2.94
2000.0	64.0	1.02	-1.18
2000.0	65.0	0.7	-0.86
2000.0	66.0	2.63	-2.22
2010.0	64.0	0.98	-1.44
2010.0	65.0	0.66	-1.11
2010.0	66.0	2.57	-2.94
2020.0	64.0	0.87	-1.61
2020.0	65.0	0.55	-1.31
2020.0	66.0	2.59	-3.64
2030.0	64.0	0.67	-1.73
2030.0	65.0	0.58	-1.37
2030.0	66.0	2.56	-4.38
2040.0	64.0	0.57	-1.88
2040.0	65.0	0.5	-1.52
2040.0	66.0	2.47	-5.07
2050.0	64.0	0.44	-2.11
2050.0	65.0	0.49	-1.5
2050.0	66.0	2.45	-5.77
2060.0	64.0	0.17	-2.29
2060.0	65.0	0.49	-1.5
2060.0	66.0	2.33	-6.47
2100.0	67.0	3.13	-7.14
2110.0	67.0	3.21	-6.34
2120.0	67.0	3.21	-5.55
2130.0	67.0	3.17	-4.74
2140.0	67.0	3.1	-3.94
2150.0	67.0	2.99	-3.16
2160.0	67.0	2.91	-2.44
2170.0	67.0	2.78	-1.69
2180.0	67.0	2.76	-0.89
2190.0	67.0	2.61	-0.14
2200.0	67.0	2.53	0.6
2210.0	67.0	2.42	1.33
2220.0	67.0	2.36	2.12
2770.0	71.0	2.66	3.27
2780.0	71.0	2.67	2.68
2790.0	71.0	2.69	2.07
2800.0	71.0	2.64	1.45
2810.0	71.0	2.63	0.86
2820.0	71.0	2.63	0.25
2830.0	71.0	2.6	-0.34
2840.0	71.0	2.62	-0.93
2840.0	77.0	3.45	-7.48
2840.0	78.0	3.59	-6.43
2840.0	79.0	1.23	-8.16
2850.0	71.0	2.56	-1.51
2850.0	77.0	3.35	-7.08
2850.0	78.0	3.63	-6.0
2850.0	79.0	1.23	-8.16
2860.0	71.0	2.45	-2.13
2860.0	78.0	3.7	-5.54
2860.0	79.0	1.23	-8.16
2870.0	71.0	2.35	-2.71
2870.0	78.0	3.76	-5.04
2870.0	79.0	1.23	-8.16
2880.0	71.0	2.19	-3.29
2880.0	78.0	3.79	-4.57
2880.0	79.0	1.23	-8.16
2890.0	71.0	2.13	-3.91
2890.0	78.0	3.87	-3.99
2890.0	79.0	1.23	-8.16
2900.0	71.0	2.06	-4.54
2900.0	78.0	3.87	-3.45
2900.0	79.0	1.23	-8.16
2900.0	82.0	3.09	-9.65
2910.0	71.0	2.02	-5.18
2910.0	78.0	3.86	-2.98
2910.0	79.0	1.23	-8.16
2910.0	82.0	3.13	-9.0
2920.0	71.0	2.09	-5.8
2920.0	78.0	3.85	-2.46
2920.0	79.0	1.23	-8.16
2920.0	82.0	3.14	-8.4
2930.0	71.0	2.15	-6.46
2930.0	79.0	1.23	-8.16
2930.0	82.0	3.3	-7.82
2940.0	71.0	2.28	-7.13
2940.0	79.0	1.23	-8.16
2940.0	82.0	3.43	-7.29
2950.0	71.0	2.38	-7.77
2950.0	79.0	1.23	-8.16
2950.0	82.0	3.53	-6.75
2960.0	71.0	2.43	-8.43
2960.0	79.0	1.24	-8.15
2970.0	71.0	2.48	-9.09
2970.0	79.0	1.23	-8.14
2980.0	71.0	2.45	-9.73
2980.0	79.0	1.23	-8.14
3110.0	84.0	3.39	-0.92
3120.0	84.0	3.46	-0.36
3130.0	84.0	3.54	0.19
3140.0	84.0	3.55	0.77
3410.0	90.0	1.28	-0.65
3410.0	91.0	1.97	-3.91
3410.0	92.0	1.28	-8.29
3410.0	93.0	1.41	-9.2
3420.0	90.0	1.33	-1.16
3420.0	91.0	2.09	-4.42
3420.0	92.0	1.26	-8.25
3420.0	93.0	1.41	-9.2
3430.0	90.0	1.34	-1.68
3430.0	91.0	2.2	-4.95
3430.0	92.0	1.24	-8.21
3430.0	93.0	1.41	-9.2
3440.0	90.0	1.47	-2.2
3440.0	91.0	2.27	-5.49
3440.0	92.0	1.24	-8.21
3440.0	93.0	1.41	-9.2
3450.0	90.0	1.57	-2.71
3450.0	91.0	2.34	-5.99
3450.0	92.0	1.24	-8.21
3450.0	93.0	1.41	-9.2
3460.0	90.0	1.64	-3.29
3460.0	91.0	2.4	-6.48
3460.0	92.0	1.24	-8.21
3460.0	93.0	1.41	-9.2
3470.0	90.0	1.75	-3.82
3470.0	91.0	2.47	-6.94
3470.0	92.0	1.24	-8.21
3470.0	93.0	1.41	-9.2
3480.0	90.0	1.85	-4.35
3480.0	91.0	2.52	-7.37
3480.0	92.0	1.24	-8.21
3480.0	93.0	1.41	-9.2
3480.0	94.0	2.45	-10.15
3490.0	90.0	1.9	-4.9
3490.0	91.0	2.5	-7.95
3490.0	92.0	1.24	-8.22
3490.0	93.0	1.41	-9.2
3490.0	94.0	2.67	-10.02
3500.0	90.0	1.96	-5.4
3500.0	91.0	2.38	-8.32
3500.0	92.0	1.24	-8.23
3500.0	93.0	1.41	-9.2
3500.0	94.0	2.92	-9.82
3510.0	90.0	2.06	-5.93
3510.0	91.0	2.37	-8.88
3510.0	92.0	1.24	-8.23
3510.0	93.0	1.41	-9.2
3510.0	94.0	3.25	-9.56
3520.0	90.0	2.08	-6.43
3520.0	91.0	2.21	-9.41
3520.0	92.0	1.24	-8.21
3520.0	93.0	1.41	-9.2
3520.0	94.0	3.43	-9.35
3530.0	90.0	2.07	-6.97
3530.0	91.0	2.25	-9.99
3530.0	92.0	1.24	-8.21
3530.0	93.0	1.41	-9.2
3530.0	94.0	3.66	-9.02
3540.0	90.0	2.14	-7.51
3540.0	92.0	1.24	-8.21
3540.0	93.0	1.43	-9.19
3550.0	90.0	2.12	-8.08
3550.0	92.0	1.24	-8.21
3550.0	93.0	1.47	-9.15
3560.0	90.0	2.09	-8.66
3560.0	92.0	1.24	-8.21
3560.0	93.0	1.45	-9.14
3570.0	90.0	2.28	-9.11
3570.0	92.0	1.24	-8.21
3570.0	93.0	1.4	-9.14
3580.0	90.0	2.16	-9.65
3580.0	92.0	1.24	-8.21
3580.0	93.0	1.38	-9.14
4000.0	96.0	1.98	3.74
4000.0	101.0	1.26	-8.15
4000.0	102.0	1.37	-9.2
4010.0	96.0	1.96	3.44
4010.0	101.0	1.26	-8.15
4010.0	102.0	1.37	-9.2
4020.0	96.0	1.98	3.11
4020.0	101.0	1.25	-8.13
4020.0	102.0	1.37	-9.2
4030.0	96.0	1.86	2.78
4030.0	101.0	1.25	-8.13
4030.0	102.0	1.38	-9.18
4040.0	96.0	1.83	2.43
4040.0	101.0	1.31	-8.2
4040.0	102.0	1.38	-9.18
4050.0	96.0	1.86	2.07
4050.0	101.0	1.36	-8.29
4050.0	102.0	1.38	-9.18
4060.0	96.0	1.8	1.7
4060.0	101.0	1.37	-8.31
4060.0	102.0	1.38	-9.18
4070.0	96.0	1.81	1.32
4070.0	101.0	1.37	-8.31
4070.0	102.0	1.38	-9.18
4080.0	96.0	1.85	0.94
4080.0	101.0	1.37	-8.31
4080.0	102.0	1.38	-9.18
4090.0	96.0	1.84	0.48
4090.0	101.0	1.37	-8.31
4090.0	102.0	1.38	-9.18
4100.0	96.0	1.86	0.01
4100.0	101.0	1.37	-8.31
4100.0	102.0	1.38	-9.18
4110.0	96.0	1.9	-0.5
4110.0	101.0	1.37	-8.31
4110.0	102.0	1.38	-9.18
4120.0	96.0	1.86	-0.92
4120.0	101.0	1.38	-8.32
4120.0	102.0	1.38	-9.18
4130.0	96.0	1.9	-1.47
4130.0	101.0	1.39	-8.32
4130.0	102.0	1.38	-9.18
4140.0	96.0	1.92	-1.94
4140.0	101.0	1.39	-8.32
4140.0	102.0	1.38	-9.18
4150.0	96.0	1.87	-2.41
4150.0	101.0	1.39	-8.32
4150.0	102.0	1.38	-9.18
4160.0	96.0	1.95	-2.91
4160.0	101.0	1.39	-8.32
4160.0	102.0	1.38	-9.18
4170.0	96.0	1.99	-3.4
4170.0	101.0	1.39	-8.32
4170.0	102.0	1.38	-9.18
4180.0	96.0	1.96	-3.89
4180.0	101.0	1.39	-8.32
4180.0	102.0	1.38	-9.18
4190.0	96.0	2.07	-4.38
4190.0	101.0	1.39	-8.32
4190.0	102.0	1.38	-9.18
4200.0	96.0	2.12	-4.88
4200.0	101.0	1.39	-8.32
4200.0	102.0	1.38	-9.18
4210.0	96.0	2.16	-5.35
4210.0	101.0	1.39	-8.32
4210.0	102.0	1.38	-9.18
4220.0	96.0	2.35	-5.82
4220.0	101.0	1.39	-8.32
4220.0	102.0	1.38	-9.18
4230.0	96.0	2.45	-6.3
4230.0	101.0	1.39	-8.32
4230.0	102.0	1.38	-9.18
4240.0	96.0	2.51	-6.75
4240.0	101.0	1.39	-8.32
4240.0	102.0	1.38	-9.18
4240.0	103.0	3.92	-8.42
4250.0	96.0	2.68	-7.2
4250.0	101.0	1.39	-8.32
4250.0	102.0	1.38	-9.18
4250.0	103.0	3.7	-7.77
4260.0	96.0	2.69	-7.62
4260.0	101.0	1.39	-8.32
4260.0	102.0	1.41	-9.18
4260.0	103.0	3.68	-7.09
4430.0	105.0	1.37	-8.27
4440.0	105.0	1.37	-8.27
4450.0	105.0	1.37	-8.27
4460.0	105.0	1.37	-8.27
4470.0	105.0	1.37	-8.27
4480.0	105.0	1.37	-8.27
4490.0	105.0	1.37	-8.27
4500.0	105.0	1.37	-8.27
4510.0	105.0	1.37	-8.27
4520.0	105.0	1.37	-8.27
4530.0	105.0	1.37	-8.27
4540.0	105.0	1.37	-8.27
4550.0	105.0	1.37	-8.27
4560.0	105.0	1.37	-8.27
4570.0	105.0	1.37	-8.27
4570.0	110.0	2.56	2.43
4580.0	105.0	1.37	-8.27
4580.0	110.0	2.45	1.83
4590.0	105.0	1.37	-8.27
4590.0	110.0	2.51	1.23
4600.0	105.0	1.37	-8.27
4600.0	110.0	2.54	0.62
4610.0	105.0	1.37	-8.27
4610.0	110.0	2.56	-0.01
4620.0	105.0	1.37	-8.27
4620.0	110.0	2.66	-0.62
4630.0	105.0	1.37	-8.27
4630.0	110.0	2.63	-1.22
4640.0	105.0	1.37	-8.27
4640.0	110.0	2.8	-1.86
4650.0	105.0	1.37	-8.27
4650.0	110.0	2.87	-2.51
4660.0	105.0	1.37	-8.27
4660.0	110.0	3.04	-3.16
4670.0	105.0	1.37	-8.27
4670.0	110.0	3.19	-3.83
4680.0	105.0	1.37	-8.27
4680.0	110.0	3.17	-4.51
4690.0	105.0	1.37	-8.27
4690.0	110.0	3.26	-5.19
4690.0	112.0	3.72	-8.77
4700.0	105.0	1.37	-8.27
4700.0	110.0	3.08	-5.83
4700.0	112.0	3.71	-8.18
4710.0	105.0	1.37	-8.27
4710.0	110.0	3.03	-6.51
4710.0	112.0	3.72	-7.63
4720.0	105.0	1.37	-8.27
4720.0	110.0	2.83	-7.18
4720.0	112.0	3.73	-7.06
4730.0	105.0	1.37	-8.27
4730.0	110.0	2.71	-7.87
4730.0	112.0	3.57	-6.41
4740.0	105.0	1.37	-8.27
4740.0	110.0	2.63	-8.54
4740.0	112.0	3.44	-5.73
4750.0	105.0	1.37	-8.27
4750.0	110.0	2.41	-9.17
4750.0	112.0	3.41	-5.19
4760.0	105.0	1.33	-8.34
4760.0	110.0	2.39	-9.84
4760.0	112.0	3.29	-4.5
4770.0	105.0	1.36	-8.37
4770.0	112.0	3.43	-3.81
4780.0	105.0	1.37	-8.32
4780.0	112.0	3.39	-3.17
4790.0	105.0	1.37	-8.28
4790.0	112.0	3.39	-2.53
4800.0	105.0	1.37	-8.27
4800.0	112.0	3.47	-1.84
4810.0	105.0	1.37	-8.27
4810.0	112.0	3.44	-1.24
4820.0	105.0	1.37	-8.27
4820.0	112.0	3.5	-0.68
4830.0	105.0	1.37	-8.27
4830.0	112.0	3.53	-0.12
4840.0	105.0	1.37	-8.27
4840.0	112.0	3.49	0.42
4850.0	105.0	1.35	-8.27
4850.0	112.0	3.53	0.9
4860.0	105.0	1.33	-8.27
4860.0	112.0	3.55	1.3
4870.0	105.0	1.33	-8.27
4870.0	112.0	3.42	1.75
4880.0	105.0	1.33	-8.34
4880.0	112.0	3.41	2.24
4890.0	105.0	1.35	-8.28
4890.0	112.0	3.45	2.71
4900.0	105.0	1.35	-8.27
4900.0	112.0	3.42	3.27
4910.0	105.0	1.38	-8.35
4920.0	105.0	1.35	-8.28
4930.0	105.0	1.35	-8.27
4940.0	105.0	1.35	-8.27
4950.0	105.0	1.35	-8.27
4960.0	105.0	1.35	-8.27
4970.0	105.0	1.33	-8.29
4980.0	105.0	1.31	-8.29
4990.0	105.0	1.23	-8.23
5000.0	105.0	1.17	-8.26
5010.0	105.0	1.13	-8.22
5240.0	113.0	2.6	-4.18
5240.0	116.0	-1.97	0.45
5240.0	117.0	-1.47	-3.14
5250.0	113.0	2.56	-3.84
5250.0	116.0	-1.97	0.45
5250.0	117.0	-1.47	-3.14
5260.0	113.0	2.44	-3.44
5260.0	116.0	-1.97	0.45
5260.0	117.0	-1.47	-3.14
5270.0	113.0	2.42	-3.09
5270.0	116.0	-1.97	0.45
5270.0	117.0	-1.47	-3.14
5280.0	113.0	2.42	-2.68
5280.0	116.0	-1.97	0.45
5280.0	117.0	-1.36	-3.1
5290.0	113.0	2.4	-2.37
5290.0	116.0	-1.97	0.45
5290.0	117.0	-1.24	-3.14
5300.0	113.0	2.32	-1.99
5300.0	116.0	-1.95	0.45
5300.0	117.0	-1.27	-3.14
5310.0	113.0	2.33	-1.62
5310.0	116.0	-1.95	0.45
5310.0	117.0	-1.25	-3.11
5320.0	113.0	2.37	-1.21
5320.0	116.0	-1.95	0.45
5320.0	117.0	-1.22	-3.14
5330.0	113.0	2.34	-0.83
5330.0	116.0	-1.95	0.45
5330.0	117.0	-1.28	-3.14
5340.0	113.0	2.19	-0.38
5340.0	116.0	-1.95	0.45
5340.0	117.0	-1.22	-3.09
5350.0	113.0	2.25	0.06
5350.0	116.0	-1.95	0.45
5350.0	117.0	-1.21	-3.09
5360.0	113.0	2.23	0.43
5360.0	116.0	-1.95	0.45
5360.0	117.0	-1.16	-3.11
5370.0	113.0	2.1	0.88
5370.0	116.0	-1.95	0.45
5370.0	117.0	-1.35	-3.11
5680.0	120.0	0.59	3.3
5690.0	120.0	0.58	2.8
5700.0	120.0	0.52	2.25
5710.0	120.0	0.57	1.7
5720.0	120.0	0.58	1.19
5730.0	120.0	0.57	0.64
5740.0	120.0	0.64	0.06
5750.0	120.0	0.64	-0.43
5760.0	120.0	0.62	-0.92
5770.0	120.0	0.69	-1.44
5780.0	120.0	0.79	-2.02
5790.0	120.0	0.8	-2.61
5800.0	120.0	1.02	-3.24
5810.0	120.0	1.07	-3.84
5820.0	120.0	1.23	-4.44
5820.0	123.0	1.34	-8.38
5820.0	124.0	1.45	-9.23
5830.0	120.0	1.4	-5.04
5830.0	123.0	1.43	-8.32
5830.0	124.0	1.45	-9.23
5840.0	120.0	1.55	-5.73
5840.0	123.0	1.44	-8.32
5840.0	124.0	1.45	-9.23
5850.0	120.0	1.71	-6.24
5850.0	123.0	1.44	-8.32
5850.0	124.0	1.45	-9.23
5860.0	120.0	1.86	-6.84
5860.0	123.0	1.44	-8.32
5860.0	124.0	1.45	-9.23
5870.0	120.0	1.93	-7.38
5870.0	123.0	1.44	-8.32
5870.0	124.0	1.45	-9.23
5880.0	120.0	2.14	-8.04
5880.0	123.0	1.44	-8.32
5880.0	124.0	1.45	-9.23
5890.0	120.0	2.26	-8.63
5890.0	123.0	1.38	-8.31
5890.0	124.0	1.45	-9.23
5900.0	120.0	2.24	-9.24
5900.0	123.0	1.42	-8.3
5900.0	124.0	1.45	-9.23
6320.0	126.0	3.79	-4.9
6330.0	126.0	3.89	-4.25
6340.0	126.0	3.92	-3.49
6350.0	126.0	3.96	-2.8
6360.0	126.0	4.06	-2.13
6370.0	126.0	3.99	-1.39
6710.0	131.0	0.3	1.67
6720.0	131.0	0.2	1.28
6730.0	131.0	0.05	0.92
6740.0	131.0	-0.09	0.56
6750.0	131.0	-0.19	0.24
6760.0	131.0	-0.25	-0.11
6760.0	132.0	1.83	2.08
6770.0	131.0	-0.29	-0.45
6770.0	132.0	1.78	1.45
6780.0	131.0	-0.3	-0.78
6780.0	132.0	1.88	0.79
6780.0	134.0	-1.94	0.5
6790.0	131.0	-0.25	-1.15
6790.0	132.0	1.92	0.16
6790.0	134.0	-1.83	0.96
6800.0	131.0	-0.22	-1.5
6800.0	132.0	1.94	-0.49
6800.0	134.0	-1.71	1.38
6810.0	131.0	-0.26	-1.84
6810.0	132.0	2.05	-1.14
6810.0	134.0	-1.67	1.82
6820.0	131.0	-0.37	-2.19
6820.0	132.0	2.06	-1.8
6820.0	134.0	-1.54	2.21
6830.0	131.0	-0.57	-2.55
6830.0	132.0	2.21	-2.47
6840.0	131.0	-0.81	-2.72
6840.0	132.0	2.28	-3.08
6840.0	138.0	1.4	-8.32
6840.0	139.0	1.23	-9.32
6850.0	131.0	-1.01	-2.9
6850.0	132.0	2.35	-3.75
6850.0	138.0	1.42	-8.32
6850.0	139.0	1.27	-9.3
6860.0	131.0	-1.21	-3.14
6860.0	132.0	2.57	-4.42
6860.0	138.0	1.44	-8.32
6860.0	139.0	1.29	-9.28
6870.0	131.0	-1.39	-3.32
6870.0	132.0	2.72	-5.08
6870.0	138.0	1.44	-8.32
6870.0	139.0	1.28	-9.28
6870.0	140.0	2.0	2.07
6880.0	132.0	2.96	-5.92
6880.0	138.0	1.44	-8.32
6880.0	139.0	1.28	-9.29
6880.0	140.0	1.95	1.41
6890.0	132.0	3.16	-6.58
6890.0	138.0	1.48	-8.25
6890.0	139.0	1.26	-9.28
6890.0	140.0	1.97	0.63
6890.0	143.0	0.09	-9.2
6890.0	144.0	0.01	-6.93
6900.0	132.0	3.26	-7.33
6900.0	138.0	1.48	-8.26
6900.0	139.0	1.19	-9.27
6900.0	140.0	2.05	-0.02
6900.0	143.0	0.09	-8.79
6900.0	144.0	0.01	-6.93
6910.0	132.0	3.42	-8.07
6910.0	138.0	1.48	-8.26
6910.0	139.0	1.22	-9.27
6910.0	140.0	2.0	-0.66
6910.0	143.0	0.1	-8.32
6910.0	144.0	0.01	-6.93
6920.0	132.0	3.42	-8.84
6920.0	138.0	1.41	-8.27
6920.0	139.0	1.25	-9.29
6920.0	140.0	2.09	-1.34
6920.0	143.0	0.3	-7.81
6920.0	144.0	-0.14	-6.84
6930.0	132.0	3.48	-9.63
6930.0	138.0	1.39	-8.31
6930.0	139.0	1.29	-9.3
6930.0	140.0	2.05	-1.98
6930.0	143.0	0.45	-7.33
6930.0	144.0	-0.23	-6.9
6940.0	138.0	1.37	-8.33
6940.0	139.0	1.31	-9.3
6940.0	140.0	2.11	-2.69
6940.0	143.0	0.49	-6.76
6940.0	144.0	-0.29	-6.79
6950.0	138.0	1.38	-8.32
6950.0	139.0	1.31	-9.3
6950.0	140.0	2.23	-3.37
6950.0	143.0	0.57	-6.28
6950.0	144.0	-0.26	-6.82
6960.0	138.0	1.42	-8.34
6960.0	139.0	1.31	-9.3
6960.0	140.0	2.31	-4.12
6960.0	143.0	0.62	-5.82
6960.0	144.0	-0.26	-6.81
6970.0	138.0	1.41	-8.32
6970.0	139.0	1.31	-9.3
6970.0	140.0	2.45	-4.8
6970.0	143.0	0.65	-5.27
6970.0	144.0	-0.24	-6.9
6970.0	146.0	2.21	-9.27
6980.0	138.0	1.39	-8.33
6980.0	139.0	1.31	-9.3
6980.0	140.0	2.51	-5.49
6980.0	143.0	0.66	-4.78
6980.0	144.0	-0.33	-6.83
6980.0	146.0	2.21	-8.78
6990.0	138.0	1.35	-8.35
6990.0	139.0	1.31	-9.3
6990.0	140.0	2.62	-6.13
6990.0	143.0	0.73	-4.23
6990.0	144.0	-0.25	-6.9
6990.0	146.0	2.11	-8.2
7000.0	138.0	1.36	-8.37
7000.0	139.0	1.31	-9.3
7000.0	140.0	2.79	-6.81
7000.0	143.0	0.76	-3.68
7000.0	144.0	-0.24	-6.91
7000.0	146.0	2.0	-7.57
7010.0	138.0	1.4	-8.32
7010.0	139.0	1.31	-9.3
7010.0	140.0	2.89	-7.49
7010.0	143.0	0.79	-3.22
7010.0	144.0	-0.24	-6.91
7010.0	146.0	1.82	-6.96
7020.0	138.0	1.4	-8.39
7020.0	139.0	1.31	-9.3
7020.0	140.0	3.01	-8.19
7020.0	143.0	0.85	-2.71
7020.0	144.0	-0.24	-6.91
7020.0	146.0	1.68	-6.28
7020.0	149.0	3.73	-6.03
7030.0	138.0	1.47	-8.29
7030.0	139.0	1.31	-9.3
7030.0	140.0	3.09	-8.85
7030.0	143.0	0.87	-2.17
7030.0	144.0	-0.24	-6.91
7030.0	146.0	1.55	-5.62
7030.0	149.0	3.82	-5.61
7030.0	150.0	2.97	-1.62
7040.0	138.0	1.41	-8.33
7040.0	139.0	1.31	-9.3
7040.0	140.0	2.98	-9.59
7040.0	143.0	0.81	-1.69
7040.0	144.0	-0.24	-6.91
7040.0	146.0	1.54	-4.96
7040.0	149.0	3.73	-4.96
7040.0	150.0	2.9	-1.71
7050.0	138.0	1.35	-8.33
7050.0	139.0	1.31	-9.3
7050.0	143.0	0.8	-1.13
7050.0	144.0	-0.24	-6.91
7050.0	146.0	1.52	-4.32
7050.0	149.0	3.79	-4.42
7050.0	150.0	2.83	-1.94
7060.0	138.0	1.47	-8.29
7060.0	139.0	1.31	-9.3
7060.0	143.0	0.7	-0.65
7060.0	144.0	-0.24	-6.91
7060.0	146.0	1.47	-3.67
7060.0	149.0	3.88	-3.85
7060.0	150.0	2.73	-2.11
7070.0	138.0	1.48	-8.28
7070.0	139.0	1.31	-9.3
7070.0	143.0	0.73	-0.14
7070.0	144.0	-0.24	-6.91
7070.0	146.0	1.42	-3.06
7070.0	149.0	3.8	-3.24
7070.0	150.0	2.53	-2.26
7080.0	138.0	1.48	-8.28
7080.0	139.0	1.31	-9.3
7080.0	143.0	0.8	0.36
7080.0	144.0	-0.24	-6.91
7080.0	146.0	1.23	-2.44
7080.0	149.0	3.79	-2.72
7080.0	150.0	2.49	-2.4
7090.0	138.0	1.48	-8.28
7090.0	139.0	1.31	-9.3
7090.0	143.0	0.81	0.82
7090.0	144.0	-0.24	-6.91
7090.0	146.0	1.21	-1.83
7090.0	149.0	3.73	-2.22
7090.0	150.0	2.43	-2.48
7100.0	138.0	1.4	-8.31
7100.0	139.0	1.31	-9.3
7100.0	143.0	0.79	1.36
7100.0	144.0	-0.26	-6.87
7100.0	146.0	1.26	-1.24
7100.0	149.0	3.79	-1.75
7100.0	150.0	2.46	-2.56
7110.0	138.0	1.47	-8.28
7110.0	139.0	1.31	-9.3
7110.0	143.0	0.87	1.96
7110.0	144.0	-0.24	-6.9
7110.0	146.0	1.31	-0.65
7110.0	149.0	3.74	-1.15
7110.0	150.0	2.37	-2.66
7120.0	138.0	1.34	-8.33
7120.0	139.0	1.31	-9.3
7120.0	143.0	0.83	2.35
7120.0	144.0	-0.24	-6.83
7120.0	146.0	1.39	-0.04
7120.0	149.0	3.61	-0.54
7120.0	150.0	2.12	-2.79
7130.0	138.0	1.47	-8.29
7130.0	139.0	1.31	-9.3
7130.0	143.0	0.81	2.85
7130.0	144.0	-0.24	-6.9
7130.0	146.0	1.49	0.63
7130.0	149.0	3.53	-0.03
7130.0	150.0	1.93	-2.92
7140.0	138.0	1.48	-8.28
7140.0	139.0	1.31	-9.3
7140.0	143.0	0.89	3.31
7140.0	144.0	-0.24	-6.91
7140.0	146.0	1.59	1.17
7140.0	150.0	1.68	-3.13
7150.0	138.0	1.48	-8.28
7150.0	139.0	1.31	-9.3
7150.0	144.0	-0.24	-6.91
7150.0	146.0	1.68	1.74
7150.0	150.0	1.43	-3.28
7160.0	138.0	1.48	-8.28
7160.0	139.0	1.31	-9.3
7160.0	144.0	-0.24	-6.91
7160.0	150.0	1.18	-3.44
7170.0	138.0	1.48	-8.28
7170.0	139.0	1.31	-9.3
7170.0	144.0	-0.24	-6.91
7170.0	150.0	0.97	-3.61
7180.0	138.0	1.48	-8.28
7180.0	139.0	1.31	-9.3
7180.0	144.0	-0.24	-6.91
7180.0	150.0	0.78	-3.76
7180.0	152.0	-1.81	-4.14
7180.0	153.0	-1.94	-9.65
7190.0	138.0	1.48	-8.28
7190.0	139.0	1.31	-9.3
7190.0	144.0	-0.24	-6.91
7190.0	150.0	0.55	-3.82
7190.0	152.0	-1.81	-4.14
7190.0	153.0	-1.84	-9.32
7200.0	138.0	1.48	-8.28
7200.0	139.0	1.31	-9.3
7200.0	144.0	-0.24	-6.91
7200.0	150.0	0.32	-3.86
7200.0	152.0	-1.81	-4.14
7200.0	153.0	-1.82	-9.02
7210.0	138.0	1.48	-8.28
7210.0	139.0	1.31	-9.3
7210.0	144.0	-0.24	-6.91
7210.0	150.0	0.1	-3.95
7210.0	152.0	-1.81	-4.14
7210.0	153.0	-1.82	-8.82
7220.0	138.0	1.48	-8.28
7220.0	139.0	1.31	-9.3
7220.0	144.0	-0.24	-6.91
7220.0	150.0	-0.15	-4.08
7220.0	152.0	-1.81	-4.14
7220.0	153.0	-1.84	-8.69
7230.0	138.0	1.48	-8.28
7230.0	139.0	1.31	-9.3
7230.0	144.0	-0.24	-6.91
7230.0	150.0	-0.44	-4.16
7230.0	152.0	-1.81	-4.14
7230.0	153.0	-1.83	-8.62
7240.0	138.0	1.46	-8.28
7240.0	139.0	1.31	-9.3
7240.0	144.0	-0.24	-6.91
7240.0	150.0	-0.69	-4.28
7240.0	152.0	-1.81	-4.14
7240.0	153.0	-1.83	-8.62
7250.0	138.0	1.38	-8.22
7250.0	139.0	1.31	-9.3
7250.0	144.0	-0.24	-6.91
7250.0	150.0	-0.81	-4.5
7250.0	152.0	-1.81	-4.14
7250.0	153.0	-1.83	-8.62
7260.0	138.0	1.31	-8.16
7260.0	139.0	1.31	-9.3
7260.0	144.0	-0.24	-6.91
7260.0	150.0	-1.08	-4.74
7260.0	152.0	-1.81	-4.14
7260.0	154.0	-1.83	-8.62
7270.0	138.0	1.32	-8.17
7270.0	139.0	1.31	-9.3
7270.0	150.0	-1.24	-4.9
7270.0	152.0	-1.81	-4.14
7270.0	154.0	-1.83	-8.6
7270.0	155.0	-0.41	-6.85
7280.0	138.0	1.35	-8.19
7280.0	139.0	1.31	-9.3
7280.0	150.0	-1.28	-5.02
7280.0	152.0	-1.81	-4.14
7280.0	154.0	-1.81	-8.6
7280.0	155.0	-0.41	-6.85
7290.0	138.0	1.34	-8.19
7290.0	139.0	1.31	-9.3
7290.0	150.0	-1.32	-5.1
7290.0	152.0	-1.81	-4.14
7290.0	154.0	-1.8	-8.62
7290.0	155.0	-0.62	-6.8
7300.0	138.0	1.32	-8.19
7300.0	139.0	1.31	-9.3
7300.0	150.0	-1.27	-5.29
7300.0	152.0	-1.81	-4.14
7300.0	154.0	-1.78	-8.64
7300.0	155.0	-0.64	-6.79
7310.0	138.0	1.3	-8.19
7310.0	139.0	1.31	-9.3
7320.0	138.0	1.3	-8.19
7320.0	139.0	1.31	-9.3
7330.0	138.0	1.3	-8.19
7330.0	139.0	1.31	-9.3
7340.0	138.0	1.3	-8.19
7340.0	139.0	1.31	-9.3
7350.0	138.0	1.3	-8.19
7350.0	139.0	1.31	-9.3
7360.0	138.0	1.3	-8.19
7360.0	139.0	1.31	-9.3
7370.0	138.0	1.28	-8.19
7370.0	139.0	1.31	-9.28
7480.0	156.0	1.42	-9.38
7490.0	156.0	1.45	-8.78
7500.0	156.0	1.46	-8.11
7510.0	156.0	1.34	-7.43
7520.0	156.0	1.36	-6.75
7520.0	160.0	2.27	-9.71
7530.0	156.0	1.47	-5.97
7530.0	160.0	2.29	-9.06
7540.0	156.0	1.45	-5.29
7540.0	160.0	2.31	-8.45
7550.0	156.0	1.45	-4.59
7550.0	160.0	2.28	-7.71
7560.0	156.0	1.38	-3.87
7560.0	160.0	2.38	-6.92
7570.0	156.0	1.34	-3.2
7570.0	160.0	2.39	-6.24
7570.0	162.0	3.44	2.52
7580.0	156.0	1.24	-2.49
7580.0	160.0	2.41	-5.51
7580.0	162.0	3.4	2.02
7590.0	156.0	1.19	-1.82
7590.0	160.0	2.36	-4.82
7590.0	162.0	3.56	1.54
7600.0	156.0	1.27	-1.17
7600.0	160.0	2.35	-4.09
7600.0	162.0	3.66	1.13
7610.0	156.0	1.32	-0.52
7610.0	160.0	2.4	-3.37
7610.0	162.0	3.68	0.7
7620.0	156.0	1.32	0.11
7620.0	160.0	2.34	-2.63
7620.0	162.0	3.93	0.23
7630.0	156.0	1.33	0.72
7630.0	160.0	2.35	-1.9
7630.0	162.0	3.96	-0.36
7640.0	156.0	1.23	1.36
7640.0	160.0	2.35	-1.25
7640.0	162.0	3.99	-0.79
7650.0	156.0	1.15	1.93
7650.0	160.0	2.33	-0.64
7660.0	156.0	1.09	2.57
7660.0	160.0	2.36	0.01
7670.0	156.0	1.01	3.19
7670.0	160.0	2.35	0.66
8050.0	164.0	2.18	-7.98
8050.0	165.0	2.78	-8.31
8050.0	167.0	1.12	1.03
8060.0	164.0	2.21	-7.44
8060.0	165.0	2.84	-7.67
8060.0	167.0	1.12	0.33
8070.0	164.0	2.23	-6.87
8070.0	165.0	2.82	-7.06
8070.0	167.0	1.06	-0.36
8080.0	164.0	2.23	-6.24
8080.0	165.0	2.8	-6.44
8080.0	167.0	1.08	-1.01
8090.0	164.0	2.31	-5.63
8090.0	165.0	2.78	-5.84
8090.0	167.0	1.13	-1.7
8090.0	169.0	-0.03	1.18
8100.0	164.0	2.23	-5.04
8100.0	165.0	2.77	-5.25
8100.0	167.0	1.11	-2.41
8100.0	169.0	-0.03	1.18
8110.0	164.0	2.2	-4.41
8110.0	165.0	2.8	-4.64
8110.0	167.0	1.16	-3.09
8110.0	169.0	-0.03	1.18
8120.0	164.0	2.2	-3.72
8120.0	165.0	2.8	-4.03
8120.0	167.0	1.17	-3.77
8120.0	169.0	-0.03	1.18
8130.0	164.0	2.13	-3.07
8130.0	165.0	2.82	-3.37
8130.0	167.0	1.15	-4.48
8130.0	169.0	-0.03	1.18
8140.0	164.0	2.12	-2.48
8140.0	165.0	2.9	-2.71
8140.0	167.0	1.21	-5.21
8140.0	169.0	-0.03	1.18
8150.0	164.0	2.18	-1.88
8150.0	165.0	2.89	-2.06
8150.0	169.0	-0.03	1.18
9260.0	174.0	0.95	1.71
9260.0	175.0	1.64	2.0
9270.0	174.0	0.96	1.25
9270.0	175.0	1.63	1.5
9280.0	174.0	0.95	0.75
9280.0	175.0	1.62	1.01
9280.0	176.0	-0.41	-4.11
9290.0	174.0	1.0	0.25
9290.0	175.0	1.61	0.49
9290.0	176.0	-0.42	-3.72
9300.0	174.0	0.99	-0.25
9300.0	175.0	1.64	-0.01
9300.0	176.0	-0.42	-3.34
9310.0	174.0	0.97	-0.75
9310.0	175.0	1.6	-0.5
9310.0	176.0	-0.48	-3.05
9320.0	174.0	1.04	-1.28
9320.0	175.0	1.58	-1.01
9330.0	174.0	1.02	-1.8
9330.0	175.0	1.64	-1.52
9340.0	174.0	1.01	-2.3
9340.0	175.0	1.66	-2.04
9350.0	174.0	1.03	-2.84
9350.0	175.0	1.76	-2.55
9360.0	174.0	0.96	-3.38
9360.0	175.0	1.83	-3.11
9370.0	174.0	0.97	-3.92
9370.0	175.0	1.83	-3.65
9380.0	174.0	0.99	-4.48
9380.0	175.0	1.9	-4.22
9390.0	174.0	0.95	-5.03
9390.0	175.0	1.8	-4.76
9400.0	174.0	0.99	-5.57
9400.0	175.0	1.76	-5.28
9400.0	181.0	1.17	-9.88
9410.0	174.0	1.05	-6.07
9410.0	175.0	1.61	-5.79
9410.0	181.0	1.21	-9.22
9420.0	174.0	1.0	-6.55
9420.0	175.0	1.58	-6.22
9420.0	181.0	1.39	-8.65
9430.0	174.0	0.98	-7.08
9430.0	175.0	1.45	-6.7
9430.0	181.0	1.58	-8.14
9440.0	174.0	0.94	-7.57
9440.0	175.0	1.33	-7.16
9440.0	181.0	1.54	-7.67
9450.0	174.0	0.83	-8.09
9450.0	175.0	1.31	-7.57
9450.0	181.0	1.58	-7.1
9460.0	174.0	0.8	-8.61
9460.0	175.0	1.29	-8.06
9460.0	181.0	1.73	-6.55
9460.0	190.0	-1.1	-0.45
9460.0	192.0	2.07	3.85
9470.0	181.0	1.8	-5.92
9470.0	190.0	-0.69	-0.58
9470.0	192.0	2.1	3.27
9480.0	181.0	1.88	-5.25
9480.0	190.0	-0.32	-0.9
9480.0	192.0	2.18	2.63
9480.0	193.0	0.45	3.7
9490.0	181.0	1.99	-4.66
9490.0	190.0	-0.13	-1.34
9490.0	192.0	2.14	1.99
9490.0	193.0	0.56	3.02
9500.0	181.0	2.06	-4.12
9500.0	190.0	-0.08	-1.86
9500.0	192.0	2.1	1.29
9500.0	193.0	0.57	2.26
9500.0	194.0	1.72	-8.94
9500.0	195.0	2.24	-9.13
9510.0	181.0	2.12	-3.45
9510.0	190.0	0.22	-2.46
9510.0	192.0	2.03	0.57
9510.0	193.0	0.63	1.51
9510.0	194.0	1.78	-8.3
9510.0	195.0	2.31	-8.51
9520.0	181.0	2.14	-2.76
9520.0	190.0	0.54	-2.92
9520.0	192.0	1.9	0.0
9520.0	193.0	0.63	0.75
9520.0	194.0	1.8	-7.81
9520.0	195.0	2.35	-7.95
9530.0	181.0	2.12	-2.17
9530.0	190.0	0.58	-3.49
9530.0	192.0	1.77	-0.57
9530.0	193.0	0.63	0.0
9530.0	194.0	1.88	-7.26
9530.0	195.0	2.43	-7.42
9540.0	181.0	2.22	-1.52
9540.0	190.0	0.71	-3.96
9540.0	192.0	1.64	-1.21
9540.0	193.0	0.59	-0.73
9540.0	194.0	1.96	-6.65
9540.0	195.0	2.48	-6.87
9550.0	181.0	2.21	-0.82
9550.0	190.0	0.83	-4.49
9550.0	192.0	1.61	-1.93
9550.0	193.0	0.51	-1.51
9550.0	194.0	1.98	-6.05
9550.0	195.0	2.47	-6.2
9550.0	201.0	2.78	-9.95
9560.0	181.0	2.16	-0.18
9560.0	190.0	0.87	-5.06
9560.0	192.0	1.53	-2.53
9560.0	193.0	0.48	-2.29
9560.0	194.0	2.04	-5.44
9560.0	195.0	2.53	-5.6
9560.0	201.0	2.74	-9.37
9570.0	181.0	2.27	0.47
9570.0	190.0	1.04	-5.49
9570.0	192.0	1.47	-3.16
9570.0	193.0	0.49	-3.09
9570.0	194.0	2.06	-4.85
9570.0	195.0	2.56	-5.01
9570.0	201.0	2.77	-8.83
9580.0	181.0	2.15	1.13
9580.0	190.0	0.88	-6.01
9580.0	192.0	1.45	-3.85
9580.0	193.0	0.55	-3.93
9580.0	194.0	2.09	-4.22
9580.0	195.0	2.58	-4.42
9580.0	201.0	2.84	-8.3
9590.0	181.0	2.13	1.71
9590.0	190.0	0.81	-6.64
9590.0	192.0	1.43	-4.52
9590.0	193.0	0.62	-4.64
9590.0	194.0	2.16	-3.62
9590.0	195.0	2.61	-3.85
9590.0	201.0	2.84	-7.75
9590.0	202.0	-0.04	-5.7
9590.0	203.0	0.94	4.05
9600.0	181.0	2.13	2.37
9600.0	190.0	0.89	-7.25
9600.0	192.0	1.44	-5.16
9600.0	193.0	0.62	-5.51
9600.0	194.0	2.15	-3.04
9600.0	195.0	2.59	-3.29
9600.0	201.0	2.82	-7.15
9600.0	202.0	-0.04	-5.7
9600.0	203.0	1.04	3.55
9610.0	181.0	2.01	3.01
9610.0	190.0	0.88	-7.88
9610.0	192.0	1.5	-5.79
9610.0	193.0	0.63	-6.29
9610.0	194.0	2.14	-2.5
9610.0	195.0	2.55	-2.75
9610.0	201.0	2.86	-6.58
9610.0	203.0	0.95	3.07
9610.0	204.0	-0.12	-5.85
9620.0	190.0	0.89	-8.47
9620.0	192.0	1.59	-6.47
9620.0	193.0	0.49	-6.99
9620.0	194.0	2.1	-1.94
9620.0	195.0	2.51	-2.18
9620.0	201.0	2.86	-6.04
9620.0	203.0	0.91	2.62
9620.0	204.0	-0.12	-5.85
9630.0	190.0	1.01	-9.06
9630.0	192.0	1.63	-7.19
9630.0	193.0	0.52	-7.8
9630.0	194.0	1.99	-1.37
9630.0	195.0	2.43	-1.59
9630.0	201.0	2.79	-5.45
9630.0	203.0	0.93	2.13
9630.0	204.0	-0.43	-6.03
9630.0	205.0	3.5	0.27
9640.0	190.0	1.09	-9.65
9640.0	192.0	1.71	-7.9
9640.0	193.0	0.47	-8.55
9640.0	194.0	1.92	-0.83
9640.0	195.0	2.42	-1.02
9640.0	201.0	2.76	-4.87
9640.0	203.0	0.85	1.67
9640.0	204.0	-0.62	-6.04
9640.0	205.0	3.44	-0.23
9650.0	192.0	1.84	-8.56
9650.0	193.0	0.42	-9.37
9650.0	194.0	1.84	-0.3
9650.0	195.0	2.38	-0.44
9650.0	201.0	2.65	-4.31
9650.0	203.0	0.83	1.17
9650.0	204.0	-0.9	-5.92
9650.0	205.0	3.33	-0.65
9660.0	194.0	1.79	0.24
9660.0	195.0	2.36	0.12
9660.0	201.0	2.67	-3.65
9660.0	203.0	0.75	0.7
9660.0	204.0	-1.1	-5.88
9660.0	205.0	3.34	-1.19
9670.0	194.0	1.75	0.86
9670.0	195.0	2.33	0.62
9670.0	201.0	2.65	-3.15
9670.0	203.0	0.58	0.17
9670.0	204.0	-1.24	-5.88
9670.0	205.0	3.39	-1.62
9670.0	207.0	-0.48	2.56
9680.0	194.0	1.69	1.29
9680.0	195.0	2.24	1.29
9680.0	201.0	2.51	-2.62
9680.0	203.0	0.6	-0.43
9680.0	204.0	-1.36	-5.8
9680.0	205.0	3.4	-2.14
9680.0	207.0	-0.19	2.81
9690.0	194.0	1.73	1.84
9690.0	195.0	2.23	1.8
9690.0	201.0	2.54	-2.01
9690.0	203.0	0.54	-0.97
9690.0	204.0	-1.45	-5.69
9690.0	205.0	3.42	-2.51
9690.0	207.0	0.04	3.09
9700.0	194.0	1.77	2.35
9700.0	195.0	2.23	2.27
9700.0	201.0	2.59	-1.45
9700.0	203.0	0.59	-1.54
9700.0	204.0	-1.46	-5.68
9700.0	205.0	3.44	-2.96
9710.0	194.0	1.82	2.96
9710.0	195.0	2.24	2.82
9710.0	201.0	2.57	-0.92
9710.0	203.0	0.72	-2.08
9710.0	204.0	-1.46	-5.68
9710.0	205.0	3.51	-3.43
9720.0	201.0	2.63	-0.36
9720.0	203.0	0.76	-2.7
9720.0	204.0	-1.44	-5.68
9720.0	205.0	3.65	-3.92
9730.0	201.0	2.63	0.19
9730.0	203.0	0.93	-3.24
9730.0	204.0	-1.44	-5.68
9730.0	212.0	3.94	0.86
9740.0	201.0	2.54	0.72
9740.0	203.0	0.97	-3.69
9740.0	204.0	-1.44	-5.68
9740.0	212.0	3.97	1.11
9750.0	201.0	2.55	1.32
9750.0	203.0	0.98	-4.37
9750.0	204.0	-1.44	-5.68
9750.0	212.0	4.12	1.53
9760.0	201.0	2.58	1.71
9760.0	203.0	1.11	-4.98
9760.0	204.0	-1.44	-5.68
9770.0	201.0	2.4	2.31
9770.0	203.0	1.07	-5.54
9770.0	204.0	-1.44	-5.68
9780.0	201.0	2.49	2.87
9780.0	203.0	1.11	-6.12
9780.0	204.0	-1.44	-5.68
9790.0	203.0	1.1	-6.67
9790.0	204.0	-1.44	-5.68
9790.0	214.0	1.41	-10.01
9800.0	203.0	0.96	-7.35
9800.0	204.0	-1.44	-5.68
9800.0	214.0	1.74	-9.46
9810.0	203.0	0.98	-8.0
9810.0	204.0	-1.44	-5.68
9810.0	214.0	1.98	-8.94
9820.0	203.0	0.93	-8.56
9820.0	204.0	-1.44	-5.68
9820.0	214.0	2.25	-8.37
9830.0	203.0	0.94	-9.19
9830.0	204.0	-1.44	-5.68
9830.0	214.0	2.53	-7.91
9840.0	203.0	0.93	-9.81
9840.0	204.0	-1.44	-5.68
9840.0	214.0	2.67	-7.29
9850.0	204.0	-1.44	-5.68
9850.0	214.0	2.92	-6.76
9860.0	204.0	-1.44	-5.68
9860.0	214.0	3.15	-6.26
9870.0	204.0	-1.44	-5.68
9870.0	214.0	3.42	-5.81
9880.0	204.0	-1.44	-5.68
9880.0	214.0	3.81	-5.46
9890.0	204.0	-1.44	-5.68
9890.0	214.0	4.19	-5.09
9900.0	204.0	-1.44	-5.68
9900.0	216.0	2.95	0.43
9910.0	204.0	-1.44	-5.68
9910.0	216.0	2.77	0.53
9920.0	216.0	2.53	0.67
9920.0	217.0	-1.42	-5.68
9930.0	216.0	2.35	0.81
9930.0	217.0	-1.42	-5.68
9940.0	216.0	2.23	1.07
9940.0	217.0	-1.42	-5.68
9950.0	216.0	2.09	1.34
9950.0	217.0	-1.42	-5.68
9960.0	216.0	1.92	1.62
9960.0	217.0	-1.42	-5.68
9970.0	216.0	1.86	2.01
9970.0	217.0	-1.42	-5.68
9980.0	216.0	1.76	2.32
9980.0	217.0	-1.42	-5.68
9980.0	218.0	3.58	3.17
9990.0	216.0	1.7	2.59
9990.0	217.0	-1.42	-5.68
9990.0	218.0	3.51	2.52
10000.0	219.0	1.09	-3.46
10010.0	219.0	0.96	-3.1
10020.0	219.0	0.82	-2.71
10030.0	219.0	0.84	-2.33
10040.0	219.0	0.83	-1.91
10040.0	221.0	3.85	-6.02
10050.0	219.0	0.69	-1.54
10050.0	221.0	3.81	-5.36
10050.0	222.0	-0.94	-0.96
10060.0	219.0	0.54	-1.18
10060.0	221.0	3.91	-4.79
10060.0	222.0	-0.99	-1.05
10070.0	219.0	0.51	-0.78
10070.0	221.0	3.93	-4.3
10070.0	222.0	-1.02	-1.15
10080.0	219.0	0.46	-0.44
10080.0	221.0	3.91	-3.72
10080.0	222.0	-1.02	-1.2
10090.0	219.0	0.32	-0.12
10090.0	221.0	3.92	-3.19
10090.0	222.0	-1.06	-1.2
10100.0	219.0	0.18	0.21
10100.0	221.0	3.99	-2.72
10100.0	222.0	-1.09	-1.17
10110.0	219.0	0.19	0.56
10110.0	221.0	4.0	-2.12
10110.0	222.0	-1.11	-1.15
10120.0	219.0	0.19	1.0
10120.0	221.0	4.02	-1.64
10120.0	222.0	-1.11	-1.13
10130.0	219.0	0.09	1.37
10130.0	221.0	4.05	-1.07
10130.0	222.0	-1.13	-1.11
10140.0	219.0	0.07	1.75
10140.0	221.0	4.06	-0.54
10140.0	222.0	-1.15	-1.08
10150.0	219.0	0.19	2.11
10150.0	221.0	4.07	-0.02
10150.0	222.0	-1.15	-1.08
10160.0	219.0	0.27	2.43
10160.0	221.0	4.06	0.49
10160.0	222.0	-1.15	-1.08
10170.0	219.0	0.26	2.75
10170.0	221.0	4.02	1.01
10170.0	222.0	-1.15	-1.08
10180.0	219.0	0.24	3.06
10180.0	221.0	3.89	1.56
10180.0	222.0	-1.15	-1.08
10190.0	221.0	3.88	2.14
10190.0	222.0	-1.15	-1.08
10200.0	221.0	3.78	2.56
10200.0	222.0	-1.15	-1.08
10210.0	222.0	-1.15	-1.1
10220.0	222.0	-1.21	-1.19
10230.0	222.0	-1.33	-1.31
10240.0	222.0	-1.34	-1.32
10250.0	222.0	-1.69	-1.46
10260.0	222.0	-1.76	-1.4
10260.0	231.0	2.75	-9.51
10270.0	231.0	2.86	-9.17
10280.0	231.0	2.92	-8.79
10290.0	231.0	2.95	-8.32
10300.0	231.0	3.05	-7.92
10310.0	231.0	3.11	-7.53
10320.0	231.0	3.1	-7.14
10330.0	231.0	3.14	-6.78
10340.0	231.0	3.16	-6.41
10350.0	231.0	3.1	-5.96
10360.0	231.0	3.06	-5.59
10370.0	231.0	3.09	-5.22
10370.0	234.0	2.63	2.4
10370.0	235.0	4.0	-9.3
10380.0	231.0	3.05	-4.82
10380.0	234.0	2.53	1.59
10380.0	235.0	4.02	-8.91
10390.0	231.0	2.98	-4.46
10390.0	234.0	2.38	0.82
10390.0	235.0	4.04	-8.55
10400.0	231.0	3.08	-4.1
10400.0	234.0	2.26	-0.02
10400.0	235.0	3.97	-8.19
10410.0	231.0	3.05	-3.75
10410.0	234.0	2.04	-0.91
10410.0	235.0	3.92	-7.87
10420.0	231.0	3.0	-3.38
10420.0	234.0	1.94	-1.82
10420.0	235.0	3.98	-7.55
10430.0	231.0	3.06	-3.06
10430.0	234.0	1.75	-2.64
10430.0	235.0	3.94	-7.21
10440.0	231.0	3.15	-2.74
10440.0	234.0	1.67	-3.54
10440.0	235.0	3.87	-6.89
10450.0	231.0	3.15	-2.36
10450.0	234.0	1.6	-4.5
10450.0	235.0	3.95	-6.5
10460.0	231.0	3.13	-2.0
10460.0	234.0	1.5	-5.38
10460.0	235.0	3.89	-6.17
10470.0	231.0	3.18	-1.6
10470.0	234.0	1.44	-6.28
10470.0	235.0	3.81	-5.81
10480.0	231.0	3.14	-1.25
10480.0	234.0	1.36	-7.16
10480.0	235.0	3.82	-5.41
10490.0	231.0	3.04	-0.89
10490.0	234.0	1.42	-8.07
10490.0	235.0	3.83	-4.95
10500.0	231.0	3.04	-0.53
10500.0	235.0	3.77	-4.52
10510.0	231.0	3.06	-0.15
10510.0	235.0	3.81	-4.12
10520.0	231.0	3.0	0.29
10520.0	235.0	3.83	-3.76
10530.0	231.0	2.97	0.74
10530.0	235.0	3.81	-3.39
10540.0	231.0	3.0	1.13
10540.0	235.0	3.82	-3.02
10550.0	231.0	3.01	1.52
10550.0	235.0	3.82	-2.65
10560.0	231.0	3.0	1.9
10560.0	235.0	3.8	-2.26
10570.0	231.0	3.08	2.27
10570.0	235.0	3.75	-1.88
10570.0	243.0	2.73	-9.7
10580.0	231.0	3.09	2.61
10580.0	235.0	3.75	-1.46
10580.0	243.0	2.74	-8.97
10590.0	231.0	3.47	2.91
10590.0	235.0	3.68	-1.09
10590.0	243.0	2.8	-8.27
10600.0	235.0	3.64	-0.75
10600.0	243.0	2.83	-7.58
10600.0	247.0	0.82	4.04
10610.0	235.0	3.66	-0.29
10610.0	243.0	2.78	-6.92
10610.0	247.0	0.8	3.88
10610.0	251.0	0.59	4.25
10620.0	235.0	3.61	-0.0
10620.0	243.0	2.82	-6.25
10620.0	247.0	0.79	3.78
10620.0	251.0	0.59	4.25
10620.0	252.0	3.51	-9.0
10620.0	253.0	4.02	-9.15
10630.0	235.0	3.55	0.37
10630.0	243.0	2.8	-5.56
10630.0	247.0	0.82	4.02
10630.0	252.0	3.45	-8.56
10630.0	253.0	3.99	-8.68
10640.0	235.0	3.57	0.73
10640.0	243.0	2.92	-4.67
10640.0	247.0	0.84	4.13
10640.0	252.0	3.45	-8.13
10640.0	253.0	3.99	-8.24
10650.0	235.0	3.51	1.04
10650.0	243.0	2.79	-4.13
10650.0	247.0	0.79	3.82
10650.0	252.0	3.36	-7.66
10650.0	253.0	4.0	-7.78
10660.0	235.0	3.39	1.34
10660.0	243.0	2.87	-3.23
10660.0	247.0	0.82	4.02
10660.0	252.0	3.32	-7.21
10660.0	253.0	4.0	-7.36
10670.0	235.0	3.41	1.75
10670.0	243.0	2.74	-2.49
10670.0	247.0	0.87	4.07
10670.0	252.0	3.38	-6.77
10670.0	253.0	3.91	-6.96
10680.0	235.0	3.44	2.12
10680.0	243.0	2.62	-1.82
10680.0	247.0	0.83	4.13
10680.0	252.0	3.37	-6.33
10680.0	253.0	3.9	-6.53
10690.0	235.0	3.41	2.47
10690.0	243.0	2.58	-1.15
10690.0	247.0	0.76	3.81
10690.0	252.0	3.34	-5.77
10690.0	253.0	3.88	-6.07
10700.0	235.0	3.47	2.83
10700.0	243.0	2.49	-0.54
10700.0	247.0	0.8	3.84
10700.0	252.0	3.44	-5.3
10700.0	253.0	3.94	-5.66
10710.0	235.0	3.51	3.19
10710.0	243.0	2.4	0.05
10710.0	247.0	0.76	3.85
10710.0	252.0	3.43	-4.86
10710.0	253.0	3.96	-5.19
10720.0	235.0	3.47	3.55
10720.0	243.0	2.43	0.6
10720.0	252.0	3.35	-4.44
10720.0	253.0	3.96	-4.73
10730.0	235.0	3.52	3.72
10730.0	243.0	2.44	1.1
10730.0	252.0	3.55	-4.02
10730.0	253.0	4.03	-4.25
10740.0	243.0	2.48	1.55
10740.0	252.0	3.59	-3.62
10740.0	253.0	4.11	-3.86
10750.0	243.0	2.62	2.03
10750.0	252.0	3.65	-3.15
10750.0	253.0	4.12	-3.38
10760.0	252.0	3.81	-2.65
10760.0	253.0	4.35	-2.84
10780.0	257.0	-0.26	-2.83
10790.0	257.0	0.3	-2.89
10800.0	257.0	0.85	-3.06
10810.0	257.0	1.49	-3.31
10820.0	257.0	2.12	-3.51
10830.0	257.0	2.7	-3.74
10840.0	257.0	3.27	-3.89
10850.0	257.0	3.94	-3.9
10860.0	260.0	2.37	-1.43
10870.0	260.0	2.73	-1.85
10880.0	260.0	3.17	-2.21
10890.0	260.0	3.66	-2.46
10900.0	260.0	4.16	-2.73
10900.0	261.0	1.27	3.92
10910.0	261.0	1.35	3.26
10920.0	261.0	1.41	2.68
10930.0	261.0	1.47	2.08
10940.0	261.0	1.68	1.46
10950.0	261.0	1.79	0.85
10960.0	261.0	1.89	0.26
10970.0	261.0	2.05	-0.34
10980.0	261.0	2.07	-0.95
10990.0	261.0	2.14	-1.59
11000.0	261.0	2.11	-2.24
11010.0	261.0	2.04	-2.91
11020.0	261.0	2.08	-3.59
11030.0	261.0	2.04	-4.29
11040.0	261.0	2.1	-4.96
11050.0	261.0	2.15	-5.64
11060.0	261.0	2.06	-6.31
11070.0	261.0	2.06	-7.01
11080.0	261.0	1.93	-7.66
11090.0	261.0	1.77	-8.3
11150.0	264.0	1.86	3.35
11160.0	264.0	1.87	2.8
11170.0	264.0	1.74	2.23
11180.0	264.0	1.78	1.63
11190.0	264.0	1.67	1.05
11200.0	264.0	1.62	0.46
11210.0	264.0	1.65	-0.14
11220.0	264.0	1.55	-0.76
11230.0	264.0	1.64	-1.39
11240.0	264.0	1.64	-2.01
11250.0	264.0	1.61	-2.64
11260.0	264.0	1.69	-3.29
11270.0	264.0	1.58	-3.95
11280.0	264.0	1.62	-4.62
11290.0	264.0	1.64	-5.33
11300.0	264.0	1.54	-6.03
11310.0	264.0	1.63	-6.72
11320.0	264.0	1.54	-7.36
11330.0	264.0	1.6	-8.0
11340.0	264.0	1.66	-8.67
11350.0	265.0	0.78	3.0
11350.0	266.0	-0.83	2.36
11360.0	265.0	0.8	2.48
11360.0	266.0	-0.83	2.36
11360.0	267.0	1.57	3.49
11360.0	268.0	1.98	3.77
11360.0	269.0	2.55	3.96
11370.0	265.0	0.8	1.96
11370.0	266.0	-0.83	2.36
11370.0	267.0	1.61	2.85
11370.0	268.0	2.13	3.11
11370.0	269.0	2.61	3.34
11370.0	270.0	3.47	-5.26
11380.0	265.0	0.85	1.4
11380.0	266.0	-0.83	2.36
11380.0	267.0	1.73	2.12
11380.0	268.0	2.26	2.49
11380.0	269.0	2.63	2.67
11380.0	270.0	3.5	-4.62
11390.0	265.0	0.85	0.87
11390.0	266.0	-0.83	2.36
11390.0	267.0	1.75	1.57
11390.0	268.0	2.3	1.9
11390.0	269.0	2.7	2.01
11390.0	270.0	3.51	-3.97
11400.0	265.0	0.8	0.34
11400.0	266.0	-0.83	2.36
11400.0	267.0	1.75	0.94
11400.0	268.0	2.43	1.23
11400.0	269.0	2.77	1.42
11400.0	270.0	3.57	-3.33
11410.0	265.0	0.82	-0.22
11410.0	266.0	-0.83	2.36
11410.0	267.0	1.79	0.23
11410.0	268.0	2.39	0.52
11410.0	269.0	2.83	0.81
11410.0	270.0	3.58	-2.69
11420.0	265.0	0.8	-0.73
11420.0	266.0	-0.83	2.36
11420.0	267.0	1.83	-0.42
11420.0	268.0	2.45	-0.24
11420.0	269.0	2.9	0.14
11420.0	270.0	3.67	-2.06
11430.0	265.0	0.75	-1.26
11430.0	266.0	-0.83	2.36
11430.0	267.0	1.84	-1.06
11430.0	268.0	2.47	-0.87
11430.0	269.0	2.91	-0.57
11430.0	270.0	3.71	-1.44
11440.0	265.0	0.85	-1.92
11440.0	266.0	-0.83	2.36
11440.0	267.0	1.91	-1.72
11440.0	268.0	2.46	-1.51
11440.0	269.0	2.89	-1.24
11440.0	270.0	3.71	-0.81
11450.0	265.0	0.83	-2.48
11450.0	266.0	-0.83	2.36
11450.0	267.0	1.95	-2.4
11450.0	268.0	2.49	-2.21
11450.0	269.0	2.99	-1.88
11450.0	270.0	3.82	-0.21
11460.0	265.0	0.81	-3.05
11460.0	266.0	-0.83	2.36
11460.0	267.0	2.02	-3.05
11460.0	268.0	2.48	-2.86
11460.0	269.0	2.98	-2.61
11460.0	270.0	3.8	0.45
11470.0	265.0	0.77	-3.63
11470.0	266.0	-0.83	2.36
11470.0	267.0	2.09	-3.76
11470.0	268.0	2.54	-3.63
11470.0	269.0	3.11	-3.31
11470.0	270.0	3.81	1.11
11480.0	265.0	0.7	-4.23
11480.0	266.0	-0.83	2.36
11480.0	267.0	2.13	-4.5
11480.0	268.0	2.64	-4.34
11480.0	269.0	3.19	-3.98
11480.0	270.0	3.78	1.74
11490.0	265.0	0.63	-4.77
11490.0	266.0	-0.83	2.36
11490.0	267.0	2.2	-5.17
11490.0	268.0	2.71	-5.06
11490.0	269.0	3.29	-4.72
11500.0	265.0	0.67	-5.45
11500.0	266.0	-0.83	2.36
11500.0	267.0	2.22	-5.9
11500.0	268.0	2.9	-5.77
11500.0	269.0	3.43	-5.44
11510.0	265.0	0.61	-6.1
11510.0	266.0	-0.83	2.36
11510.0	267.0	2.19	-6.55
11510.0	268.0	2.9	-6.49
11510.0	269.0	3.52	-6.19
11520.0	265.0	0.49	-6.7
11520.0	266.0	-0.83	2.36
11520.0	267.0	2.14	-7.32
11520.0	268.0	2.89	-7.23
11520.0	269.0	3.65	-6.93
11530.0	265.0	0.5	-7.29
11530.0	266.0	-0.83	2.36
11530.0	267.0	2.06	-7.97
11530.0	268.0	2.94	-7.96
11530.0	269.0	3.76	-7.59
11540.0	265.0	0.47	-7.82
11540.0	266.0	-0.83	2.36
11540.0	267.0	2.13	-8.67
11540.0	268.0	2.95	-8.57
11540.0	269.0	3.74	-8.27
11610.0	272.0	1.57	2.8
11610.0	273.0	1.24	-9.96
11610.0	274.0	3.75	-8.15
11620.0	272.0	1.6	2.28
11620.0	273.0	1.25	-9.19
11620.0	274.0	3.75	-7.49
11630.0	272.0	1.59	1.79
11630.0	273.0	1.23	-8.6
11630.0	274.0	3.62	-6.76
11640.0	272.0	1.65	1.26
11640.0	273.0	1.32	-7.97
11640.0	274.0	3.61	-6.08
11650.0	272.0	1.65	0.78
11650.0	273.0	1.38	-7.32
11650.0	274.0	3.53	-5.39
11660.0	272.0	1.61	0.3
11660.0	273.0	1.52	-6.73
11660.0	274.0	3.46	-4.63
11670.0	272.0	1.59	-0.22
11670.0	273.0	1.7	-6.01
11670.0	274.0	3.45	-3.97
11680.0	272.0	1.53	-0.71
11680.0	273.0	1.78	-5.42
11680.0	274.0	3.34	-3.25
11690.0	272.0	1.47	-1.2
11690.0	273.0	1.91	-4.78
11690.0	274.0	3.35	-2.6
11700.0	272.0	1.47	-1.73
11700.0	273.0	1.97	-4.11
11700.0	274.0	3.38	-1.91
11710.0	272.0	1.46	-2.27
11710.0	273.0	2.04	-3.46
11710.0	274.0	3.24	-1.2
11720.0	272.0	1.46	-2.81
11720.0	273.0	2.1	-2.74
11720.0	274.0	3.27	-0.59
11730.0	272.0	1.54	-3.41
11730.0	273.0	2.06	-2.07
11730.0	274.0	3.24	0.09
11740.0	274.0	3.22	0.69
11770.0	279.0	1.4	-5.65
11770.0	280.0	2.89	-5.16
11780.0	279.0	1.56	-6.2
11780.0	280.0	2.88	-4.59
11790.0	279.0	1.63	-6.72
11790.0	280.0	2.89	-3.96
11800.0	279.0	1.65	-7.24
11800.0	280.0	2.86	-3.33
11810.0	279.0	1.74	-7.73
11810.0	280.0	2.81	-2.73
11820.0	279.0	1.84	-8.23
11820.0	280.0	2.78	-2.12
11830.0	279.0	1.89	-8.79
11830.0	280.0	2.73	-1.52
11840.0	279.0	2.02	-9.34
11840.0	280.0	2.71	-0.96
11850.0	280.0	2.69	-0.39
11860.0	280.0	2.64	0.21
11870.0	280.0	2.63	0.78
11880.0	280.0	2.61	1.36
11890.0	280.0	2.53	1.96
11900.0	280.0	2.54	2.51
12440.0	284.0	0.94	1.73
12450.0	284.0	1.02	1.02
12450.0	286.0	-0.26	-3.22
12450.0	288.0	3.1	-7.4
12460.0	284.0	1.02	0.29
12460.0	286.0	-0.27	-2.71
12460.0	288.0	3.03	-6.72
12470.0	284.0	1.05	-0.4
12470.0	286.0	-0.26	-2.15
12470.0	288.0	2.95	-6.06
12480.0	284.0	1.02	-1.12
12480.0	286.0	-0.29	-1.56
12480.0	288.0	2.91	-5.43
12490.0	284.0	1.02	-1.8
12490.0	286.0	-0.25	-1.01
12490.0	288.0	2.91	-4.79
12500.0	284.0	0.94	-2.55
12500.0	286.0	-0.18	-0.46
12500.0	288.0	2.86	-4.12
12510.0	284.0	0.88	-3.27
12510.0	286.0	-0.17	0.09
12510.0	288.0	2.77	-3.44
12520.0	284.0	0.91	-4.01
12520.0	286.0	-0.09	0.61
12520.0	288.0	2.59	-2.84
12520.0	292.0	-0.85	2.36
12530.0	284.0	0.89	-4.79
12530.0	286.0	-0.03	1.14
12530.0	288.0	2.36	-2.18
12530.0	292.0	-0.85	2.36
12540.0	284.0	0.9	-5.54
12540.0	286.0	-0.08	1.79
12540.0	288.0	2.15	-1.58
12540.0	292.0	-0.85	2.36
12550.0	284.0	0.84	-6.3
12550.0	286.0	-0.02	2.31
12550.0	288.0	1.89	-1.02
12550.0	292.0	-0.85	2.36
12560.0	284.0	0.77	-7.05
12560.0	286.0	0.03	2.81
12560.0	288.0	1.68	-0.46
12560.0	292.0	-0.85	2.36
12570.0	284.0	0.73	-7.9
12570.0	286.0	0.02	3.32
12570.0	288.0	1.48	0.07
12570.0	292.0	-0.85	2.36
12580.0	284.0	0.71	-8.65
12580.0	286.0	0.1	3.79
12580.0	288.0	1.26	0.62
12580.0	292.0	-0.85	2.36
12590.0	284.0	0.82	-9.38
12590.0	286.0	0.11	4.27
12590.0	288.0	1.07	1.14
12590.0	292.0	-0.85	2.36
12590.0	295.0	3.72	-2.8
12600.0	284.0	0.77	-10.06
12600.0	288.0	0.84	1.6
12600.0	292.0	-0.85	2.36
12600.0	295.0	3.5	-2.13
12610.0	288.0	0.67	2.03
12610.0	292.0	-0.85	2.36
12610.0	295.0	3.37	-1.43
12620.0	288.0	0.47	2.48
12620.0	292.0	-0.85	2.36
12620.0	295.0	3.24	-0.75
12630.0	288.0	0.25	2.83
12630.0	292.0	-0.85	2.36
12630.0	295.0	3.13	-0.07
12640.0	288.0	0.18	3.06
12640.0	292.0	-0.85	2.36
12640.0	295.0	3.11	0.62
12650.0	288.0	0.09	3.33
12650.0	292.0	-0.85	2.36
12650.0	295.0	3.09	1.34
12660.0	288.0	0.02	3.33
12660.0	292.0	-0.85	2.36
12660.0	295.0	3.15	1.95
12670.0	288.0	0.0	3.37
12670.0	292.0	-0.85	2.36
12670.0	295.0	3.18	2.58
12680.0	288.0	0.0	3.39
12680.0	292.0	-0.85	2.36
12690.0	288.0	0.0	3.39
12690.0	292.0	-0.85	2.36
12700.0	288.0	0.0	3.39
12700.0	292.0	-0.85	2.36
12700.0	296.0	1.28	3.22
12710.0	288.0	0.0	3.39
12710.0	292.0	-0.85	2.36
12710.0	296.0	1.23	2.62
12720.0	288.0	0.0	3.39
12720.0	292.0	-0.85	2.36
12720.0	296.0	1.16	2.01
12730.0	288.0	0.0	3.39
12730.0	292.0	-0.85	2.36
12730.0	296.0	1.17	1.3
12740.0	288.0	0.0	3.39
12740.0	292.0	-0.85	2.36
12740.0	296.0	1.12	0.64
12750.0	288.0	0.13	3.49
12750.0	292.0	-0.85	2.36
12750.0	296.0	1.13	0.0
12760.0	296.0	1.07	-0.65
12770.0	296.0	1.01	-1.28
12780.0	296.0	1.04	-1.97
12790.0	296.0	0.97	-2.66
12800.0	296.0	1.02	-3.35
12810.0	296.0	1.0	-4.07
12820.0	296.0	0.93	-4.86
12830.0	296.0	0.95	-5.59
12840.0	296.0	0.85	-6.33
12850.0	296.0	0.85	-7.0
12860.0	296.0	0.82	-7.67
12870.0	296.0	0.73	-8.35
12870.0	302.0	2.74	-10.19
12880.0	296.0	0.75	-9.06
12880.0	302.0	2.91	-9.54
12890.0	296.0	0.65	-9.78
12890.0	302.0	2.96	-8.71
12900.0	302.0	3.0	-8.04
12910.0	302.0	3.07	-7.36
12920.0	302.0	3.08	-6.65
12930.0	302.0	3.11	-5.96
12940.0	302.0	3.12	-5.26
12950.0	302.0	3.09	-4.53
12960.0	302.0	3.15	-3.8
12970.0	302.0	3.14	-3.08
12980.0	302.0	3.23	-2.5
12990.0	302.0	3.31	-1.82
13000.0	302.0	3.4	-1.15
13010.0	302.0	3.42	-0.57
13010.0	305.0	1.06	-6.54
13010.0	306.0	1.14	3.16
13020.0	302.0	3.53	0.01
13020.0	305.0	0.82	-5.88
13020.0	306.0	1.15	2.66
13030.0	302.0	3.48	0.7
13030.0	305.0	0.52	-5.28
13030.0	306.0	1.14	2.12
13040.0	302.0	3.69	1.2
13040.0	305.0	-0.1	-4.87
13040.0	306.0	1.17	1.6
13050.0	302.0	3.69	1.81
13050.0	306.0	1.18	1.1
13060.0	306.0	1.12	0.54
13060.0	307.0	2.6	-8.67
13070.0	306.0	1.04	-0.09
13070.0	307.0	2.49	-8.26
13080.0	306.0	0.98	-0.63
13080.0	307.0	2.47	-7.74
13090.0	306.0	0.82	-1.22
13090.0	307.0	2.5	-7.26
13100.0	306.0	0.8	-1.86
13100.0	307.0	2.47	-6.78
13100.0	308.0	3.11	-8.24
13110.0	306.0	0.79	-2.5
13110.0	307.0	2.46	-6.28
13110.0	308.0	3.42	-7.47
13120.0	306.0	0.74	-3.05
13120.0	307.0	2.53	-5.81
13120.0	308.0	3.57	-6.66
13130.0	306.0	0.88	-3.64
13130.0	307.0	2.55	-5.37
13130.0	308.0	3.73	-5.84
13130.0	309.0	-1.54	-6.73
13130.0	310.0	-1.49	-8.22
13130.0	311.0	-1.36	-2.68
13130.0	312.0	-1.05	3.09
13140.0	306.0	1.0	-4.26
13140.0	307.0	2.55	-4.94
13140.0	308.0	3.82	-5.04
13140.0	309.0	-1.54	-6.73
13140.0	310.0	-1.49	-8.22
13140.0	311.0	-1.36	-2.68
13140.0	312.0	-1.03	3.09
13150.0	306.0	1.1	-4.87
13150.0	307.0	2.56	-4.48
13150.0	308.0	3.87	-4.19
13150.0	309.0	-1.54	-6.73
13150.0	310.0	-1.49	-8.22
13150.0	311.0	-1.36	-2.68
13150.0	312.0	-1.23	3.14
13160.0	306.0	1.34	-5.52
13160.0	307.0	2.48	-4.14
13160.0	308.0	3.88	-3.33
13160.0	309.0	-1.56	-6.71
13160.0	310.0	-1.47	-8.22
13160.0	311.0	-1.36	-2.68
13170.0	306.0	1.45	-6.04
13170.0	307.0	2.35	-3.8
13170.0	308.0	3.88	-2.56
13170.0	309.0	-1.56	-6.71
13170.0	310.0	-1.45	-8.22
13170.0	311.0	-1.36	-2.68
13170.0	315.0	1.13	-10.03
13170.0	316.0	1.73	3.4
13180.0	306.0	1.54	-6.69
13180.0	307.0	2.29	-3.42
13180.0	308.0	3.88	-1.66
13180.0	309.0	-1.56	-6.71
13180.0	310.0	-1.45	-8.19
13180.0	311.0	-1.36	-2.68
13180.0	315.0	1.12	-9.54
13180.0	316.0	1.75	2.75
13180.0	317.0	0.66	-9.8
13190.0	306.0	1.7	-7.33
13190.0	307.0	2.24	-3.07
13190.0	308.0	3.87	-0.89
13190.0	309.0	-1.58	-6.69
13190.0	310.0	-1.45	-8.13
13190.0	311.0	-1.36	-2.68
13190.0	315.0	1.0	-9.05
13190.0	316.0	1.69	2.14
13190.0	317.0	0.54	-9.33
13200.0	306.0	1.75	-8.04
13200.0	307.0	2.12	-2.74
13200.0	309.0	-1.58	-6.68
13200.0	310.0	-1.45	-8.12
13200.0	311.0	-1.36	-2.68
13200.0	315.0	0.79	-8.66
13200.0	316.0	1.62	1.5
13200.0	317.0	0.55	-8.84
13210.0	306.0	1.72	-8.69
13210.0	307.0	2.07	-2.36
13210.0	309.0	-1.58	-6.68
13210.0	310.0	-1.45	-8.2
13210.0	311.0	-1.36	-2.68
13210.0	315.0	0.77	-8.24
13210.0	316.0	1.53	0.88
13210.0	317.0	0.5	-8.41
13210.0	318.0	3.7	0.62
13220.0	306.0	1.75	-9.34
13220.0	307.0	2.1	-2.07
13220.0	309.0	-1.58	-6.68
13220.0	310.0	-1.47	-8.28
13220.0	311.0	-1.36	-2.68
13220.0	315.0	0.83	-7.78
13220.0	316.0	1.41	0.24
13220.0	317.0	0.38	-7.97
13220.0	318.0	3.66	1.49
13230.0	306.0	1.71	-9.94
13230.0	307.0	2.1	-1.73
13230.0	309.0	-1.58	-6.68
13230.0	310.0	-1.48	-8.34
13230.0	311.0	-1.36	-2.68
13230.0	315.0	0.79	-7.3
13230.0	316.0	1.38	-0.41
13230.0	317.0	0.36	-7.52
13230.0	318.0	3.66	2.18
13230.0	319.0	1.64	3.88
13240.0	307.0	2.03	-1.54
13240.0	309.0	-1.6	-6.68
13240.0	310.0	-1.48	-8.33
13240.0	311.0	-1.36	-2.68
13240.0	315.0	0.69	-6.89
13240.0	316.0	1.39	-1.11
13240.0	317.0	0.33	-7.11
13240.0	318.0	3.64	2.88
13240.0	319.0	1.55	3.17
13250.0	307.0	2.04	-1.24
13250.0	309.0	-1.62	-6.68
13250.0	310.0	-1.48	-8.31
13250.0	311.0	-1.36	-2.68
13250.0	315.0	0.73	-6.46
13250.0	316.0	1.39	-1.81
13250.0	317.0	0.24	-6.68
13250.0	319.0	1.4	2.37
13260.0	307.0	2.03	-1.12
13260.0	309.0	-1.62	-6.68
13260.0	310.0	-1.46	-8.29
13260.0	311.0	-1.36	-2.68
13260.0	315.0	0.75	-5.98
13260.0	316.0	1.51	-2.5
13260.0	317.0	0.2	-6.25
13260.0	319.0	1.28	1.48
13270.0	307.0	2.02	-1.21
13270.0	309.0	-1.62	-6.68
13270.0	310.0	-1.44	-8.29
13270.0	311.0	-1.36	-2.68
13270.0	315.0	0.62	-5.55
13270.0	316.0	1.52	-3.18
13270.0	317.0	0.22	-5.79
13270.0	319.0	1.15	0.76
13280.0	307.0	2.02	-1.21
13280.0	309.0	-1.62	-6.68
13280.0	310.0	-1.44	-8.29
13280.0	311.0	-1.36	-2.68
13280.0	315.0	0.57	-5.14
13280.0	316.0	1.69	-3.99
13280.0	317.0	0.16	-5.43
13280.0	319.0	1.15	-0.03
13290.0	307.0	2.02	-1.2
13290.0	309.0	-1.62	-6.68
13290.0	310.0	-1.44	-8.29
13290.0	311.0	-1.36	-2.68
13290.0	315.0	0.59	-4.67
13290.0	316.0	1.68	-4.64
13290.0	317.0	0.03	-5.1
13290.0	319.0	1.06	-0.92
13300.0	307.0	2.01	-1.13
13300.0	309.0	-1.62	-6.68
13300.0	310.0	-1.44	-8.29
13300.0	311.0	-1.36	-2.68
13300.0	315.0	0.39	-4.29
13300.0	316.0	1.55	-5.29
13300.0	317.0	-0.09	-4.84
13300.0	319.0	1.14	-1.76
13310.0	307.0	2.01	-1.14
13310.0	309.0	-1.62	-6.68
13310.0	310.0	-1.44	-8.29
13310.0	311.0	-1.36	-2.68
13310.0	315.0	0.16	-3.96
13310.0	316.0	1.63	-6.07
13310.0	317.0	-0.18	-4.63
13310.0	319.0	1.22	-2.6
13320.0	307.0	2.0	-1.16
13320.0	309.0	-1.57	-6.72
13320.0	310.0	-1.33	-8.28
13320.0	311.0	-1.36	-2.68
13320.0	315.0	-0.05	-3.54
13320.0	316.0	1.64	-6.76
13320.0	317.0	-0.44	-4.45
13320.0	319.0	1.29	-3.46
13330.0	307.0	2.0	-1.18
13330.0	309.0	-1.56	-6.73
13330.0	310.0	-1.32	-8.27
13330.0	311.0	-1.36	-2.68
13330.0	315.0	-0.27	-3.46
13330.0	316.0	1.65	-7.55
13330.0	317.0	-0.65	-4.27
13330.0	319.0	1.37	-4.37
13340.0	307.0	1.98	-1.21
13340.0	309.0	-1.56	-6.74
13340.0	310.0	-1.32	-8.29
13340.0	311.0	-1.36	-2.68
13340.0	315.0	-0.45	-3.49
13340.0	316.0	1.66	-8.41
13340.0	317.0	-0.79	-4.2
13340.0	319.0	1.35	-5.25
13350.0	307.0	1.93	-1.21
13350.0	309.0	-1.56	-6.75
13350.0	310.0	-1.32	-8.31
13350.0	311.0	-1.36	-2.59
13350.0	315.0	-0.56	-3.5
13350.0	316.0	1.59	-9.01
13350.0	317.0	-0.98	-4.18
13350.0	319.0	1.39	-6.12
13360.0	307.0	1.8	-1.09
13360.0	309.0	-1.56	-6.73
13360.0	310.0	-1.36	-8.31
13360.0	311.0	-1.36	-2.67
13360.0	315.0	-0.57	-3.51
13360.0	316.0	1.68	-9.8
13360.0	317.0	-1.02	-4.18
13360.0	319.0	1.38	-6.98
13370.0	309.0	-1.56	-6.73
13370.0	310.0	-1.31	-8.37
13370.0	311.0	-1.36	-2.68
13370.0	315.0	-0.6	-3.43
13370.0	317.0	-0.86	-4.19
13370.0	319.0	1.32	-7.88
13380.0	309.0	-1.56	-6.73
13380.0	310.0	-1.29	-8.36
13380.0	311.0	-1.36	-2.68
13380.0	319.0	1.25	-8.71
13380.0	322.0	-1.09	-4.11
13390.0	309.0	-1.54	-6.73
13390.0	310.0	-1.26	-8.3
13390.0	311.0	-1.36	-2.68
13390.0	319.0	1.19	-9.57
13390.0	322.0	-1.09	-4.11
13400.0	309.0	-1.54	-6.73
13400.0	310.0	-1.24	-8.23
13400.0	311.0	-1.36	-2.68
13400.0	322.0	-1.09	-4.11
13490.0	324.0	1.68	1.09
13500.0	324.0	1.73	0.43
13510.0	324.0	1.72	-0.28
13520.0	324.0	1.69	-0.92
13530.0	324.0	1.71	-1.63
13540.0	324.0	1.66	-2.32
13550.0	324.0	1.69	-3.0
13560.0	324.0	1.81	-3.7
13570.0	324.0	1.66	-4.36
13580.0	324.0	1.7	-5.1
13590.0	324.0	1.67	-5.83
13750.0	327.0	0.62	0.23
13760.0	327.0	0.7	1.04
13770.0	327.0	0.75	1.8
13780.0	327.0	0.84	2.54
14160.0	329.0	2.39	-9.03
14160.0	330.0	0.8	0.05
14160.0	331.0	1.92	1.63
14170.0	329.0	2.49	-8.28
14170.0	330.0	0.75	-0.57
14170.0	331.0	1.91	0.82
14180.0	329.0	2.59	-7.48
14180.0	330.0	0.72	-1.15
14180.0	331.0	1.87	-0.01
14180.0	332.0	-0.04	-6.8
14190.0	329.0	2.75	-6.71
14190.0	330.0	0.73	-1.77
14190.0	331.0	1.84	-0.84
14190.0	332.0	-0.04	-6.8
14200.0	329.0	2.85	-5.98
14200.0	330.0	0.72	-2.41
14200.0	331.0	1.77	-1.7
14200.0	332.0	-0.04	-6.8
14210.0	329.0	2.9	-5.08
14210.0	330.0	0.8	-3.17
14210.0	331.0	1.7	-2.6
14210.0	332.0	-0.04	-6.8
14220.0	329.0	2.96	-4.32
14220.0	330.0	0.81	-3.74
14220.0	331.0	1.7	-3.54
14220.0	332.0	-0.15	-6.83
14230.0	329.0	2.92	-3.53
14230.0	330.0	0.83	-4.32
14230.0	331.0	1.73	-4.37
14230.0	332.0	-0.06	-6.8
14240.0	329.0	2.92	-2.78
14240.0	330.0	0.92	-5.01
14240.0	331.0	1.8	-5.34
14240.0	332.0	-0.17	-6.83
14250.0	329.0	2.9	-2.03
14250.0	330.0	0.94	-5.71
14250.0	331.0	1.73	-6.24
14250.0	332.0	-0.14	-6.8
14260.0	329.0	2.86	-1.27
14260.0	330.0	0.82	-6.26
14260.0	331.0	1.76	-7.16
14260.0	332.0	-0.07	-6.74
14270.0	329.0	2.85	-0.46
14270.0	330.0	0.79	-6.84
14270.0	331.0	1.68	-8.04
14270.0	332.0	-0.07	-6.66
14280.0	329.0	2.82	0.3
14280.0	330.0	0.71	-7.41
14280.0	331.0	1.68	-8.89
14290.0	329.0	2.86	1.1
14290.0	330.0	0.67	-8.04
14340.0	334.0	0.65	1.14
14350.0	334.0	0.69	0.6
14360.0	334.0	0.76	0.06
14370.0	334.0	0.78	-0.53
14380.0	334.0	0.92	-1.14
14390.0	334.0	0.96	-1.74
14390.0	335.0	1.09	2.95
