0.0	3.0	9.3867438893	7.06433007152
0.0	8.0	7.02953466149	4.5822681545
0.0	9.0	7.02953466149	5.17891765378
10.0	1.0	12.419546119	7.19678626036
10.0	3.0	9.80767410855	6.8256702718
10.0	8.0	7.53465092459	4.52761506036
10.0	9.0	7.45572650848	5.17891765378
20.0	1.0	12.0640705488	7.11444862946
20.0	3.0	10.2286043278	6.58701047209
20.0	8.0	8.0397671877	4.47320062603
20.0	9.0	7.88191835548	5.17891765378
30.0	1.0	11.7031228858	7.03640687495
30.0	3.0	10.653322919	6.35694242517
30.0	8.0	8.5448834508	4.41854753189
30.0	9.0	8.30811020247	5.17891765378
40.0	1.0	11.2937682476	6.9967893482
40.0	3.0	11.0818298822	6.13522747123
40.0	8.0	9.01842994745	4.39730680972
40.0	9.0	8.73430204946	5.17891765378
50.0	1.0	10.8846240745	6.95693316165
50.0	3.0	11.5101263803	5.9137511771
50.0	8.0	9.46040667767	4.40923979971
50.0	9.0	9.20658575546	5.17891765378
60.0	1.0	10.4752694363	6.91707697509
60.0	3.0	11.9786217143	5.73785890471
60.0	8.0	9.90238340788	4.42117278969
60.0	9.0	9.67886946146	5.17891765378
70.0	1.0	10.0602322401	6.88366460314
70.0	3.0	12.4643751874	5.5817753957
70.0	8.0	10.3443601381	4.43310577968
70.0	9.0	10.1511531675	5.17891765378
80.0	1.0	9.63930202085	6.85645738597
80.0	3.0	12.9427623815	5.42115735049
80.0	8.0	10.762764776	4.43907227467
80.0	9.0	10.6234368735	5.17891765378
90.0	1.0	9.2183718016	6.829011509
90.0	3.0	13.3559053917	5.21781920114
90.0	8.0	11.1573868566	4.43907227467
90.0	9.0	11.0576263946	5.17891765378
100.0	1.0	8.79744158235	6.80180429183
100.0	3.0	13.7690484019	5.01448105178
100.0	8.0	11.5520089371	4.43907227467
100.0	9.0	11.4878170787	5.17891765378
110.0	1.0	8.34788810819	6.80180429183
110.0	3.0	14.2021855975	4.84288465579
110.0	8.0	11.9466310177	4.43907227467
110.0	9.0	11.9177972977	5.17891765378
120.0	1.0	7.89812416892	6.80180429183
120.0	3.0	14.6652088387	4.71878155993
120.0	8.0	12.3496717026	4.43907227467
120.0	9.0	12.3479879817	5.17891765378
130.0	1.0	7.44857069476	6.80180429183
130.0	3.0	15.1282320799	4.59467846408
130.0	8.0	12.7611309919	4.43907227467
130.0	9.0	12.763235643	5.19156662317
140.0	1.0	6.9990172206	6.80180429183
140.0	8.0	13.1728007464	4.43907227467
140.0	9.0	13.1437565612	5.23357074792
150.0	1.0	6.53746723519	6.79440583804
150.0	8.0	13.5842600357	4.43907227467
150.0	9.0	13.5244879445	5.27581353247
160.0	1.0	6.06791957561	6.78223418826
160.0	8.0	13.9959297901	4.43907227467
160.0	9.0	13.9052193278	5.31781765722
170.0	1.0	5.59837191604	6.77006253847
170.0	8.0	14.4673716357	4.45816505865
170.0	9.0	14.2859507112	5.36006044176
180.0	1.0	5.12882425646	6.75765222889
180.0	8.0	14.9388134812	4.47725784262
180.0	9.0	14.6666820945	5.40206456651
190.0	1.0	4.64812194608	6.71135222774
190.0	8.0	15.4102553268	4.4963506266
190.0	9.0	15.0474134778	5.44430735106
200.0	1.0	4.16236847306	6.65001665922
200.0	9.0	15.427934396	5.48631147581
210.0	1.0	3.67661500005	6.58891975049
220.0	1.0	3.19107199214	6.52758418196
230.0	1.0	2.70531851913	6.4958424286
240.0	1.0	2.21956504611	6.47126046923
250.0	1.0	1.7338115731	6.44691716966
260.0	1.0	1.24826856519	6.42233521029
270.0	1.0	0.78692904489	6.37388727095
280.0	1.0	0.328536036125	6.32281407381
290.0	1.0	-0.130067437749	6.27174087667
320.0	14.0	0.242455806289	4.79658465464
320.0	15.0	0.151113948711	4.30375216823
320.0	16.0	15.0158437113	4.40565990271
330.0	14.0	0.6012988182	4.7476593957
330.0	15.0	0.514166262815	4.2500537133
330.0	16.0	14.4324344275	4.35792794277
340.0	14.0	0.959931365002	4.69897279656
340.0	15.0	0.877218576919	4.19635525836
340.0	16.0	13.8492356087	4.31019598282
340.0	18.0	0.0774511603422	4.77438929327
350.0	14.0	1.31877437691	4.65004753762
350.0	15.0	1.24027089102	4.14265680343
350.0	16.0	13.2658263248	4.26246402288
350.0	18.0	0.431453474732	4.78512898425
360.0	14.0	1.67740692372	4.60541815507
360.0	15.0	1.6026918098	4.10017535908
360.0	16.0	12.6689472739	4.30685474563
360.0	18.0	0.785455789122	4.79586867524
370.0	14.0	2.03624993563	4.59754238168
370.0	15.0	1.96427086814	4.0846624721
370.0	16.0	12.0659647348	4.39062433533
370.0	18.0	1.13945810351	4.80684702603
380.0	14.0	2.39509294754	4.58966660829
380.0	15.0	2.32563946136	4.06914958511
380.0	16.0	11.4629821958	4.47463258483
380.0	18.0	1.49324995279	4.81758671702
390.0	14.0	2.75393595945	4.5817908349
390.0	15.0	2.68700805459	4.05363669813
390.0	16.0	10.8599996567	4.55840217453
390.0	18.0	1.90071040503	4.82092795421
400.0	14.0	3.11277897136	4.57415372131
400.0	15.0	3.04858711293	4.03812381115
400.0	16.0	10.2917438607	4.77319599427
400.0	18.0	2.33111155421	4.82092795421
410.0	14.0	3.47162198327	4.56627794792
410.0	15.0	3.42342547317	4.02619082117
410.0	16.0	9.7234880647	4.98798981401
410.0	18.0	2.76130223829	4.82092795421
420.0	14.0	3.83046499518	4.55840217453
420.0	15.0	3.80394639137	4.01616710958
420.0	16.0	9.15523226871	5.20278363375
420.0	18.0	3.19149292236	4.82092795421
430.0	14.0	4.1282731253	4.55840217453
430.0	15.0	4.18467777468	4.00590473819
430.0	16.0	8.58697647272	5.4175774535
430.0	18.0	3.61558011826	4.82498517081
440.0	14.0	4.42587079032	4.55840217453
440.0	15.0	4.56519869289	3.9958810266
440.0	16.0	8.07512532611	5.63690580943
440.0	18.0	4.01399057078	4.84527125378
450.0	14.0	4.72367892044	4.55840217453
450.0	15.0	4.9459300762	3.98561865521
450.0	16.0	7.56306371439	5.85623416537
450.0	18.0	4.41261148841	4.86555733676
450.0	19.0	15.4100448617	4.22618773333
460.0	14.0	5.02148705056	4.55840217453
460.0	15.0	5.29530215818	3.98561865521
460.0	16.0	7.05121256778	6.07556252131
460.0	18.0	4.81123240604	4.88584341973
460.0	19.0	14.7161413952	4.1617495874
470.0	14.0	5.38790680641	4.54050268955
470.0	15.0	5.64446377505	3.98561865521
470.0	16.0	6.55114746731	6.29536819684
470.0	18.0	5.20964285856	4.90612950271
470.0	19.0	14.0220274637	4.09731144148
480.0	14.0	5.76211377133	4.52069392617
480.0	15.0	5.99383585703	3.98561865521
480.0	16.0	6.07886376131	6.51660583118
480.0	18.0	5.63478238	4.95362280285
480.0	19.0	13.3281239973	4.03263463576
490.0	14.0	6.13632073624	4.500646503
490.0	15.0	6.34299747389	3.98561865521
490.0	16.0	5.60658005531	6.73784346551
490.0	18.0	6.08644050526	5.02832332016
490.0	19.0	12.6342205308	3.96819648984
500.0	14.0	6.53010095635	4.50589701859
500.0	15.0	6.69889397427	4.00447277939
500.0	16.0	5.13429634931	6.95908109984
500.0	18.0	6.53809863052	5.10278517767
500.0	19.0	11.9775693888	3.90447432331
510.0	14.0	6.96976257036	4.56985784491
510.0	15.0	7.06952303232	4.06676298712
510.0	16.0	4.66053938755	7.16695378539
510.0	18.0	6.98954629066	5.17748569498
510.0	19.0	11.3251275489	3.84075215679
520.0	14.0	7.40942418437	4.63381867124
520.0	15.0	7.44036255548	4.12929185464
520.0	16.0	4.18088940271	7.32232131501
520.0	18.0	7.44120441592	5.25194755249
520.0	19.0	10.6726857091	3.77726865006
530.0	14.0	7.84929626348	4.69777949756
530.0	15.0	7.81120207864	4.19182072217
530.0	16.0	3.70123941787	7.47792750442
530.0	18.0	7.87497300686	5.29419033704
530.0	19.0	10.0556020077	3.69612431816
540.0	14.0	8.28895787749	4.76174032388
540.0	15.0	8.18877648531	4.2476671153
540.0	16.0	3.22158943304	7.63329503403
540.0	18.0	8.30074392363	5.32259085321
540.0	19.0	9.44251714335	3.61307070786
550.0	14.0	8.7286194915	4.82570115021
550.0	15.0	8.62738577377	4.24265525951
550.0	16.0	2.7419394482	7.78866256365
550.0	18.0	8.72672530551	5.35099136938
550.0	19.0	8.80796483783	3.62762895564
560.0	14.0	9.17122761704	4.83763414019
560.0	15.0	9.06578459712	4.23764340371
560.0	16.0	2.33763597261	7.98818215621
560.0	18.0	9.15270668739	5.37939188554
560.0	19.0	8.15910090485	3.70710266895
570.0	14.0	9.61509853324	4.827133109
570.0	15.0	9.50418342047	4.23263154792
570.0	16.0	1.94175110141	8.19295226436
570.0	18.0	9.59636713849	5.4113722987
570.0	19.0	7.51234162297	3.79755473304
580.0	14.0	10.0587589843	4.81687073762
580.0	15.0	9.94279270893	4.22785835192
580.0	16.0	1.5458662302	8.39748371272
580.0	18.0	10.0574961937	5.44693260886
580.0	19.0	6.87421141059	3.93192020028
590.0	14.0	10.5026299005	4.80636970643
590.0	15.0	10.3801392067	4.22594907353
590.0	16.0	1.14998135899	8.60201516107
590.0	18.0	10.518835714	5.48249291902
590.0	19.0	6.23629166331	4.06604700772
600.0	14.0	10.9416601192	4.80517640743
600.0	15.0	10.8147496581	4.23096092932
600.0	16.0	0.866484856328	8.81060382602
600.0	18.0	10.9799647692	5.51805322917
600.0	19.0	5.59837191604	4.20041247496
600.0	20.0	15.0895064997	4.80756300543
610.0	14.0	11.3373345253	4.88632073933
610.0	15.0	11.2493601095	4.23621144491
610.0	16.0	0.630974398657	9.02086310957
610.0	18.0	11.4413042895	5.55361353933
610.0	19.0	4.94782426219	4.22929031072
610.0	20.0	14.6601576761	4.67391351759
610.0	21.0	15.2561948665	2.82310677081
620.0	14.0	11.7330089314	4.96746507124
620.0	15.0	11.6839705609	4.24146196051
620.0	16.0	0.395463940986	9.23112239312
620.0	18.0	11.8912786938	5.5805820967
620.0	19.0	4.29727660833	4.25816814649
620.0	20.0	14.2308088524	4.54026402975
620.0	21.0	14.7424495339	2.78802378025
620.0	22.0	14.9034553428	3.83955885779
630.0	14.0	12.1286833375	5.04860940314
630.0	15.0	12.1185810122	4.2464738163
630.0	16.0	0.159953483315	9.44138167666
630.0	18.0	12.3385170518	5.60540271587
630.0	19.0	3.64672895448	4.28728464205
630.0	20.0	13.774941425	4.3292887668
630.0	21.0	14.2287042013	2.75294078969
630.0	22.0	14.3610867553	3.73860576251
640.0	14.0	12.5243577436	5.12975373504
640.0	15.0	12.5201484414	4.34838155078
640.0	16.0	-0.0757674394652	9.65140230041
640.0	18.0	12.7857554098	5.63046199484
640.0	19.0	2.9976545564	4.27773825006
640.0	20.0	13.3013949283	4.06676298712
640.0	21.0	13.7149588687	2.71785779914
640.0	22.0	13.8187181678	3.63765266723
650.0	14.0	12.9154019173	5.20946610815
650.0	15.0	12.9074042431	4.49157743061
650.0	18.0	13.2329937677	5.65528261401
650.0	19.0	2.34921155364	4.25196299169
650.0	20.0	12.8019612232	4.01378051158
650.0	21.0	13.1862705134	2.69112790157
650.0	22.0	13.3032891143	3.52500524177
660.0	14.0	13.2647739993	5.27533621287
660.0	15.0	13.2912926031	4.63071609384
660.0	18.0	13.6802321257	5.68010323318
660.0	19.0	1.70076855088	4.22618773333
660.0	20.0	12.2854798442	4.10065267868
660.0	21.0	12.6352728564	2.67728563319
660.0	22.0	12.7908065724	3.4106871977
670.0	14.0	13.6139356161	5.34144497739
670.0	15.0	13.6610798007	4.75362589069
670.0	18.0	14.0695925785	5.72783519312
670.0	19.0	1.05232554813	4.20041247496
670.0	20.0	11.7637368374	4.21258412474
670.0	21.0	12.0844856645	2.663204705
670.0	22.0	12.2490693802	3.40806193991
680.0	14.0	13.9633076981	5.40731508211
680.0	15.0	14.0310774634	4.87653568754
680.0	18.0	14.4589530313	5.77556715307
680.0	19.0	0.452499985695	4.15268051501
680.0	20.0	11.2346275518	4.36270113876
680.0	21.0	11.5334880075	2.64912377682
680.0	22.0	11.6877589328	3.47965987982
680.0	24.0	15.2751367264	4.22690371272
690.0	14.0	14.312469315	5.47342384663
690.0	15.0	14.400864661	4.9994454844
690.0	18.0	14.8483134841	5.82329911301
690.0	19.0	-0.147325576738	4.10494855507
690.0	20.0	10.7055182662	4.51281815278
690.0	21.0	10.9898566293	2.71547120114
690.0	22.0	11.1266589506	3.55125781974
690.0	24.0	14.729190232	4.29778567324
700.0	14.0	14.6212216308	5.56077333332
700.0	15.0	14.671522792	5.11925270385
700.0	18.0	15.2376739369	5.87103107295
700.0	20.0	10.1761985155	4.662696507
700.0	21.0	10.446014786	2.78181862546
700.0	22.0	10.5920775721	3.64075524463
700.0	24.0	14.1830332726	4.36866763375
710.0	14.0	14.869359995	5.68010323318
710.0	15.0	14.9310262722	5.23858260371
710.0	20.0	9.64119620684	4.79491403604
710.0	21.0	9.90238340788	2.84792738998
710.0	22.0	10.0755961931	3.74194699971
710.0	24.0	13.6370867782	4.43978825407
710.0	25.0	14.8697809253	4.68465320858
710.0	26.0	15.3479576543	3.99039185121
720.0	14.0	15.1174983593	5.79943313304
720.0	15.0	15.1907402174	5.35791250357
720.0	20.0	9.10556250284	4.92498362689
720.0	21.0	9.36759156432	2.90735368011
720.0	22.0	9.55890434897	3.84313875479
720.0	24.0	13.0909298187	4.51067021458
720.0	25.0	14.3185728032	4.82092795421
720.0	26.0	14.6997251167	4.13358773104
730.0	20.0	8.56971833373	5.05529187753
730.0	21.0	8.84626948778	2.95604027925
730.0	22.0	9.03274157491	3.93478411788
730.0	24.0	12.5887600671	4.57033516451
730.0	25.0	13.721272822	4.98440991702
730.0	26.0	14.051492579	4.27678361087
740.0	20.0	8.04608114098	5.09300012589
740.0	21.0	8.32494741124	3.00496553819
740.0	22.0	8.48447996433	4.00375679999
740.0	24.0	12.0863798505	4.63000011444
740.0	25.0	13.0162147048	5.21113672674
740.0	26.0	13.3946309719	4.44360681086
750.0	20.0	7.5304416224	5.06913414591
750.0	21.0	7.80341486959	3.05365213733
750.0	22.0	7.93621835376	4.07296814191
750.0	24.0	11.5842100989	4.68966506437
750.0	25.0	12.3355705403	5.44406869126
750.0	26.0	12.7030426217	4.70493929155
760.0	20.0	7.01480210382	5.04526816594
760.0	21.0	7.28209279304	3.10257739627
760.0	22.0	7.38795674318	4.14194082403
760.0	24.0	11.0820403473	4.7493300143
760.0	25.0	11.7119624204	5.69155890357
760.0	26.0	12.014400783	4.95958929785
770.0	20.0	6.49916258524	5.02140218597
770.0	21.0	6.76624280935	3.0791887359
770.0	22.0	6.85063931831	4.17654649499
770.0	24.0	10.5786078051	4.79992589184
770.0	25.0	11.0883543006	5.93904911587
770.0	26.0	11.3505938272	5.15218775621
780.0	20.0	5.97552539249	4.996342907
780.0	21.0	6.25039282566	3.05580007553
780.0	22.0	6.32447654425	4.17654649499
780.0	24.0	10.0743334024	4.84431661458
780.0	25.0	10.4742171107	6.20778005035
780.0	26.0	10.6867868715	5.34502487438
790.0	20.0	5.44641610689	4.97056764863
790.0	21.0	5.73454284197	3.03241141516
790.0	22.0	5.79831377018	4.17654649499
790.0	24.0	9.57026946489	4.88870733733
790.0	25.0	9.86618340903	6.49059191301
790.0	26.0	10.025505497	5.5762862203
800.0	20.0	4.9175172864	4.94479239026
800.0	21.0	5.21869285827	3.00902275479
800.0	22.0	5.27215099612	4.17654649499
800.0	24.0	9.06620552734	4.93309806008
800.0	25.0	9.25814970732	6.77340377567
800.0	26.0	9.36696016899	5.84573313418
810.0	20.0	4.3884080008	4.91901713189
810.0	21.0	4.70284287458	2.98563409442
810.0	22.0	4.74598822206	4.17654649499
810.0	24.0	8.56487763621	4.96078259684
810.0	25.0	8.63601484326	6.97674192502
810.0	26.0	8.70841484098	6.11518004806
820.0	20.0	3.85445801768	4.93954187467
820.0	21.0	4.19667428593	2.99183924921
820.0	22.0	4.25307893531	4.16007896881
820.0	24.0	8.07070555881	4.94980424606
820.0	25.0	8.01240672344	7.17124966179
820.0	26.0	8.05534160581	6.34453211558
830.0	20.0	3.31966617412	4.96531713304
830.0	21.0	3.69155802283	3.0013856412
830.0	22.0	3.77427081091	4.13669030843
830.0	24.0	7.5763230163	4.93858723547
830.0	25.0	7.38585209209	7.35072183117
830.0	26.0	7.41047650991	6.51398057338
840.0	20.0	2.78487433056	4.99133105121
840.0	21.0	3.18644175973	3.01093203318
840.0	22.0	3.29567315163	4.11330164806
840.0	24.0	7.08194047379	4.92760888468
840.0	25.0	6.74751141459	7.47005173103
840.0	26.0	6.76540094891	6.68319037138
850.0	20.0	2.25850109139	5.01376507238
850.0	21.0	2.68132549663	3.02047842517
850.0	22.0	2.81686502723	4.08991298769
850.0	24.0	6.58755793128	4.9163918741
850.0	25.0	6.1091707371	7.58938163089
850.0	26.0	6.11822073681	6.84953625178
860.0	20.0	1.7645394791	5.02355012417
860.0	21.0	2.17620923353	3.03002481716
860.0	22.0	2.33826736794	4.06652432732
860.0	24.0	6.11022306265	4.92211970929
860.0	25.0	5.47083005961	7.70632493275
860.0	26.0	5.46577889697	7.00872233818
870.0	20.0	1.27057786681	5.03333517596
870.0	21.0	1.66309529626	3.01594388898
870.0	22.0	1.82325924469	4.05029546094
870.0	24.0	5.63267772891	4.92808620428
870.0	25.0	4.83248938211	7.81419916222
870.0	26.0	4.81333705714	7.16766976479
880.0	20.0	0.776616254518	5.04312022774
880.0	21.0	1.14913949856	2.999237703
880.0	22.0	1.28425809893	4.03860113075
880.0	24.0	5.15534286028	4.93381403948
880.0	25.0	4.19435916973	7.92207339169
880.0	26.0	4.16510451949	7.31134296422
890.0	20.0	0.282654642227	5.05266661973
890.0	21.0	0.635394165959	2.98277017682
890.0	22.0	0.745256953184	4.02690680057
890.0	24.0	4.67800799165	4.93978053447
890.0	25.0	3.56275337574	8.02875432216
890.0	26.0	3.5269743071	7.41921719369
900.0	20.0	-0.211306970064	5.06245167152
900.0	21.0	0.121438368254	2.96606399084
900.0	22.0	0.206255807433	4.01521247038
900.0	24.0	4.20046265791	4.93190476108
900.0	25.0	2.99049874267	8.12565020084
900.0	26.0	2.88884409472	7.52709142316
910.0	22.0	-0.332534873208	4.00375679999
910.0	24.0	3.72270685906	4.92283568869
910.0	25.0	2.41845457471	8.22254607953
910.0	26.0	2.27091853286	7.64451204462
920.0	24.0	3.24516152532	4.9135279565
920.0	25.0	1.84619994164	8.31944195821
920.0	26.0	1.7338115731	7.80083421343
930.0	24.0	2.76761619158	4.90445888411
930.0	25.0	1.38738600265	8.54402082974
930.0	26.0	1.19670461333	7.95715638225
940.0	24.0	2.29007085784	4.89538981172
940.0	25.0	0.941199970245	8.78268062945
940.0	26.0	0.737680209237	8.14808422202
950.0	24.0	1.8169452914	4.89610579112
950.0	25.0	0.625923236026	9.05308218253
950.0	26.0	0.460076729641	8.41920175449
960.0	24.0	1.34550344584	4.90135630672
960.0	25.0	0.507220914198	9.37145435535
960.0	26.0	0.204572086556	8.69389918396
970.0	24.0	0.874272065384	4.90660682231
970.0	25.0	0.388518592369	9.68958786837
970.0	26.0	0.145431390751	8.99962238739
980.0	24.0	0.403040684933	4.9116186781
980.0	25.0	0.26981627054	10.0077213814
980.0	26.0	0.0860802298368	9.30558425063
990.0	24.0	-0.0681906955187	4.9168691937
990.0	25.0	0.151113948711	10.3260935542
990.0	26.0	0.0269395340321	9.61130745406
1580.0	35.0	15.0042681303	4.15697639141
1590.0	34.0	14.7887518581	4.80111919084
1590.0	35.0	14.4684239612	4.17869443318
1600.0	34.0	14.2274414107	4.80899496423
1600.0	35.0	13.9327902572	4.20041247496
1610.0	34.0	13.6661309633	4.81687073762
1610.0	35.0	13.3971565532	4.22213051673
1620.0	34.0	13.1142914459	4.82092795421
1620.0	35.0	12.8613123841	4.19182072217
1630.0	34.0	12.5715019282	4.82092795421
1630.0	35.0	12.3256786801	4.15554443261
1640.0	34.0	12.0287124104	4.82092795421
1640.0	35.0	11.789834511	4.11950680285
1650.0	34.0	11.4859228927	4.82092795421
1650.0	35.0	11.2449403422	4.10065267868
1660.0	34.0	10.9685996532	4.79992589184
1660.0	35.0	10.6941531503	4.09373154448
1670.0	34.0	10.4620101344	4.77009341687
1670.0	35.0	10.1431554933	4.08681041029
1680.0	34.0	9.95563108062	4.74026094191
1680.0	35.0	9.6098369055	4.0834691731
1680.0	38.0	0.158269762438	5.75623570929
1680.0	39.0	0.136381391037	4.95600940085
1690.0	34.0	9.45914388701	4.73548774591
1690.0	35.0	9.14681366433	4.09540216308
1690.0	38.0	0.634341840411	5.77890839026
1690.0	39.0	0.608244166818	4.9147212555
1700.0	34.0	8.97233808845	4.75529650929
1700.0	35.0	8.68379042315	4.10733515307
1700.0	38.0	1.11041391838	5.80181973103
1700.0	39.0	1.07989647749	4.87367176995
1710.0	34.0	8.48574275499	4.77510527267
1710.0	35.0	8.22076718197	4.11926814305
1710.0	38.0	1.58648599636	5.82449241201
1710.0	39.0	1.55260111371	4.83667950099
1720.0	34.0	7.99893695643	4.79515269584
1720.0	35.0	7.76700440562	4.13287175164
1720.0	38.0	2.06255807433	5.84716509298
1720.0	39.0	2.02762086613	4.80923362403
1730.0	34.0	7.51234162297	4.81496145922
1730.0	35.0	7.35070441878	4.15315783461
1730.0	38.0	2.52663364105	5.90229550671
1730.0	39.0	2.50264061856	4.78202640686
1740.0	34.0	7.06341954414	4.82092795421
1740.0	35.0	6.93419396683	4.17344391759
1740.0	38.0	2.99070920778	5.95742592045
1740.0	39.0	2.97787083609	4.75481918969
1750.0	34.0	6.63091374386	4.82092795421
1750.0	35.0	6.51768351488	4.19373000056
1750.0	38.0	3.4547847745	6.01231767438
1750.0	39.0	3.44110454238	4.8268944492
1760.0	34.0	6.19819747847	4.82092795421
1760.0	35.0	6.10117306293	4.21401608354
1760.0	38.0	3.91759755057	6.06458417052
1760.0	39.0	3.90139173713	4.92379032789
1770.0	34.0	5.76548121308	4.82092795421
1770.0	35.0	5.64972540279	4.21926659913
1770.0	38.0	4.36715102473	6.09179138769
1770.0	39.0	4.36188939699	5.02068620657
1780.0	34.0	5.3329754128	4.82092795421
1780.0	35.0	5.16291960422	4.20924288755
1780.0	38.0	4.81670449889	6.11899860485
1780.0	39.0	4.81607310356	5.10397847667
1790.0	34.0	4.89457658945	4.81782537682
1790.0	35.0	4.67632427077	4.19945783576
1790.0	38.0	5.26646843816	6.14596716222
1790.0	39.0	5.26604750794	5.17820167438
1800.0	34.0	4.44291846419	4.80804032503
1800.0	35.0	4.18951847221	4.18943412417
1800.0	38.0	5.71602191232	6.17317437939
1800.0	39.0	5.71602191232	5.25218621229
1810.0	34.0	3.99147080405	4.79801661344
1810.0	35.0	3.70292313875	4.17941041258
1810.0	38.0	6.15989282852	6.17723159598
1810.0	39.0	6.15484166589	5.2431171399
1820.0	34.0	3.53981267879	4.78799290185
1820.0	35.0	3.20959292179	4.1605562884
1820.0	38.0	6.60144862851	6.17150376079
1820.0	39.0	6.58882072194	5.19824909756
1830.0	34.0	3.08815455354	4.77820785006
1830.0	35.0	2.7135266584	4.13788360743
1830.0	38.0	7.0427939634	6.1655372658
1830.0	39.0	7.02301024309	5.15361971501
1840.0	34.0	2.63523363762	4.76364960228
1840.0	35.0	2.21746039501	4.11521092646
1840.0	38.0	7.48434976339	6.1598094306
1840.0	39.0	7.47824627521	5.12068466265
1850.0	34.0	2.18083946594	4.7447954781
1850.0	35.0	1.72139413163	4.09253824549
1850.0	38.0	7.92548463317	6.11995324405
1850.0	39.0	7.95494974852	5.09968260028
1860.0	34.0	1.72644529426	4.72594135393
1860.0	35.0	1.23732437949	4.0775026781
1860.0	38.0	8.36640903783	6.05742437653
1860.0	39.0	8.43165322182	5.0784418781
1870.0	34.0	1.27205112258	4.70684856995
1870.0	35.0	0.765251138598	4.07034288411
1870.0	38.0	8.80754390761	5.994895509
1870.0	39.0	8.90435785804	5.05362125893
1870.0	40.0	0.0991290666336	7.23019863232
1880.0	34.0	0.817867416005	4.68799444577
1880.0	35.0	0.293388362818	4.06294443032
1880.0	38.0	9.24846831227	5.93236664148
1880.0	39.0	9.3429671465	4.993956309
1880.0	40.0	0.459234869203	7.21754966293
1890.0	34.0	0.363473244323	4.66890166179
1890.0	35.0	-0.178474412962	4.05578463633
1890.0	38.0	9.70412527461	5.88463468153
1890.0	39.0	9.78136596985	4.93429135908
1890.0	40.0	0.819130206663	7.20490069355
1890.0	41.0	0.0170476738797	7.6597862718
1890.0	42.0	-0.1683720877	5.45337642345
1900.0	34.0	-0.0909209273582	4.65004753762
1900.0	38.0	10.1818810735	5.85885942317
1900.0	39.0	10.2197647932	4.87462640915
1900.0	40.0	1.17923600923	7.19249038396
1900.0	41.0	0.352739523732	7.6662300864
1900.0	42.0	0.41040696377	5.42354394849
1900.0	43.0	0.248559294468	5.81208210242
1910.0	38.0	10.6598473374	5.8330841648
1910.0	39.0	10.6495345471	4.82092795421
1910.0	40.0	1.55133832305	7.18723986837
1910.0	41.0	0.688220908475	7.67267390099
1910.0	42.0	0.98918601524	5.39371147352
1910.0	43.0	0.866905786548	5.77485117367
1920.0	38.0	11.1376031363	5.80707024663
1920.0	39.0	11.0704647663	4.77319599427
1920.0	40.0	1.95164296156	7.19869553876
1920.0	41.0	1.02391275833	7.67911771558
1920.0	42.0	1.57448948511	5.34216095679
1920.0	43.0	1.48504181352	5.73762024491
1930.0	38.0	11.5717926574	5.81232076222
1930.0	39.0	11.4913949856	4.72546403433
1930.0	40.0	2.35215806517	7.21038986894
1930.0	41.0	1.35960460818	7.68269761258
1930.0	42.0	2.18546969835	5.20349961315
1930.0	43.0	2.10233598005	5.69108158397
1930.0	48.0	1.55407436947	0.273981450071
1940.0	38.0	11.9872507838	5.8306975668
1940.0	39.0	11.9123252048	4.67773207438
1940.0	40.0	2.75246270368	7.22208419913
1940.0	41.0	1.69634878358	7.6624115296
1940.0	42.0	2.79644991159	5.06507692932
1940.0	43.0	2.7112115422	5.56339859112
1940.0	48.0	1.5372371607	0.808579401429
1950.0	38.0	12.4029193753	5.84907437138
1950.0	39.0	12.2806391466	4.76388826208
1950.0	40.0	3.14624292379	7.19965017796
1950.0	41.0	2.03309295898	7.64188678682
1950.0	42.0	3.40427314819	4.93118878168
1950.0	43.0	3.32008710434	5.43547693847
1950.0	48.0	1.52039995193	1.34317735279
1960.0	38.0	12.8183775017	5.86745117596
1960.0	39.0	12.6489530885	4.85004444978
1960.0	40.0	3.51308360987	7.04046409155
1960.0	41.0	2.36983713438	7.62136204405
1960.0	42.0	3.98305219966	4.84169135679
1960.0	43.0	3.92306964342	5.31018054362
1960.0	48.0	1.44884181466	1.76226396108
1970.0	38.0	13.1972146991	5.96386973504
1970.0	39.0	13.0172670303	4.93620063747
1970.0	40.0	3.88013476106	6.88127800514
1970.0	41.0	2.69900456584	7.61324761086
1970.0	42.0	4.56183125113	4.75219393189
1970.0	43.0	4.51237195037	5.19085064377
1970.0	48.0	1.35371158511	2.13170933104
1980.0	38.0	13.5670018967	6.0800970575
1980.0	39.0	13.3750577167	5.05553053733
1980.0	40.0	4.24697544713	6.72233057853
1980.0	41.0	3.02333129977	7.61324761086
1980.0	42.0	5.1406103026	4.662696507
1980.0	43.0	5.10167425732	5.07152074391
1980.0	48.0	1.25879182067	2.5013933608
1980.0	52.0	15.1250751032	4.98703517481
1990.0	38.0	13.9367890943	6.19608572016
1990.0	39.0	13.7170635198	5.22474033533
1990.0	40.0	4.61023822635	6.55240480113
1990.0	41.0	3.34744756859	7.61324761086
1990.0	42.0	5.72086260984	4.56914186551
1990.0	43.0	5.69413354092	4.96627177224
1990.0	48.0	1.10957205795	2.9183320309
1990.0	52.0	14.5669216325	4.9972975462
2000.0	38.0	14.3097332685	6.29083366065
2000.0	39.0	14.059069323	5.39371147352
2000.0	40.0	4.96466147096	6.35765840457
2000.0	41.0	3.67177430253	7.61324761086
2000.0	42.0	6.30111491708	4.47534856423
2000.0	43.0	6.29353817313	4.89395785292
2000.0	48.0	0.924362761475	3.36701245436
2000.0	52.0	14.0087681618	5.00779857739
2010.0	38.0	14.7115111628	6.19322180256
2010.0	39.0	14.425699544	5.27820013046
2010.0	40.0	5.31929518068	6.1631506678
2010.0	41.0	4.00409871063	7.50585070099
2010.0	42.0	6.88157768943	4.38131660314
2010.0	43.0	6.89315327046	4.82164393361
2010.0	48.0	0.738942999895	3.80352122803
2010.0	52.0	13.4520879468	5.07486198111
2020.0	38.0	15.1132890571	6.09560994448
2020.0	39.0	14.7923297649	5.1626887874
2020.0	40.0	5.67371842528	5.96840427123
2020.0	41.0	4.33726497916	7.38652080113
2020.0	42.0	7.48897999581	4.26580526008
2020.0	43.0	7.49255790267	4.7493300143
2020.0	48.0	0.552681377877	4.13096247324
2020.0	52.0	12.8964600574	5.17987229298
2030.0	39.0	15.1589599859	5.04717744434
2030.0	40.0	6.06139515722	5.80802488583
2030.0	41.0	4.67064171281	7.26719090127
2030.0	42.0	8.1142718365	4.13621298883
2030.0	43.0	8.08564858159	4.64073980543
2030.0	48.0	0.366209290748	4.45816505865
2030.0	52.0	12.3456728655	5.28058672846
2040.0	40.0	6.48232537647	5.68201251158
2040.0	41.0	5.02127658545	7.14189450642
2040.0	42.0	8.73977414231	4.00685937739
2040.0	43.0	8.67873926052	4.53238825636
2040.0	48.0	0.17973720362	4.78536764405
2040.0	52.0	11.8390833467	5.34239961659
2050.0	40.0	6.90325559572	5.55623879713
2050.0	41.0	5.41295215446	7.00275584319
2050.0	42.0	9.37222179673	3.88514287954
2050.0	43.0	9.27204040455	4.42379804749
2050.0	48.0	0.0387255801711	5.13500425063
2050.0	52.0	11.3322833627	5.40421250471
2060.0	40.0	7.32418581497	5.43022642288
2060.0	41.0	5.80483818858	6.86337852016
2060.0	42.0	10.0688613096	3.83574030099
2060.0	43.0	9.92869154658	4.36747433476
2060.0	48.0	-0.0719790674919	5.499199105
2060.0	52.0	10.8475822152	5.45910425865
2070.0	40.0	7.73880208093	5.33881971959
2070.0	41.0	6.19651375759	6.72423985693
2070.0	42.0	10.7657112876	3.78657638225
2070.0	43.0	10.6127031529	4.3333459834
2070.0	52.0	10.3955031597	5.50325632159
2080.0	40.0	8.15278695156	5.2512315731
2080.0	41.0	6.56714281565	6.60944449326
2080.0	42.0	11.463403126	3.7517320515
2080.0	43.0	11.2967147592	4.29921763204
2080.0	52.0	9.94321363915	5.54740838454
2090.0	40.0	8.56656135709	5.1638820864
2090.0	41.0	6.92893233909	6.50491150099
2090.0	42.0	12.1648833364	3.77559803147
2090.0	43.0	11.952944971	4.31807175622
2090.0	52.0	9.5376473729	5.65814653161
2100.0	40.0	9.00264506423	5.06555424892
2100.0	41.0	7.29072186254	6.40061716852
2100.0	42.0	12.8663635467	3.79946401144
2100.0	43.0	12.6062286712	4.34289237539
2100.0	52.0	9.15165436185	5.79752385464
2110.0	40.0	9.44104388758	4.96603311244
2110.0	41.0	7.56622069104	6.20515479255
2110.0	42.0	13.5554263157	3.827387208
2110.0	43.0	13.2593019064	4.36747433476
2110.0	52.0	8.77786832715	5.97150684863
2120.0	40.0	9.87965317604	4.86675063576
2120.0	41.0	7.7556392897	5.91876303289
2120.0	42.0	14.1946088536	3.87153927095
2120.0	43.0	13.8976425839	4.43119650128
2120.0	52.0	8.43207415204	6.22735015392
2130.0	40.0	10.2997415349	4.81185888182
2130.0	41.0	7.96147416691	5.70921972875
2130.0	42.0	14.8337913915	3.9156913339
2130.0	43.0	14.5361937265	4.494680008
2130.0	52.0	8.0944881162	6.35312386837
2140.0	40.0	10.6773159415	4.86102280056
2140.0	41.0	8.18351485757	5.5767635399
2140.0	42.0	15.4731843946	3.96008205665
2140.0	43.0	15.174534404	4.55840217453
2140.0	52.0	7.67439975739	6.43307490128
2150.0	40.0	11.0548903482	4.9101867193
2150.0	41.0	8.46764275556	5.60850529327
2150.0	52.0	7.12908465835	6.46553263404
2160.0	40.0	11.43267522	4.95911197825
2160.0	41.0	8.77849972248	5.71089034734
2160.0	52.0	6.5749300247	6.46481665464
2170.0	40.0	11.7454263729	4.98464857682
2170.0	41.0	9.19016947691	5.79609189584
2170.0	52.0	5.98562771775	6.3311671668
2180.0	40.0	12.0512321772	5.00732125779
2180.0	41.0	9.66897760131	5.87031509355
2180.0	52.0	5.3963254108	6.19751767896
2190.0	40.0	12.3568275163	5.02999393876
2190.0	41.0	10.1479961908	5.94429963146
2190.0	52.0	4.80491845275	6.12639705864
2200.0	40.0	12.6624228555	5.05266661973
2200.0	41.0	10.611019432	5.93857179627
2200.0	52.0	4.21245916915	6.0822449957
2210.0	40.0	13.0235809836	4.9984908452
2210.0	41.0	11.0668868594	5.89895426952
2210.0	52.0	3.61999988556	6.03809293275
2220.0	40.0	13.4087321342	4.9111413585
2220.0	41.0	11.522964752	5.85909808297
2220.0	52.0	2.98860455668	5.88248674334
2230.0	40.0	13.7936728197	4.82379187181
2230.0	41.0	11.9409484597	5.86243932016
2230.0	52.0	2.35720922781	5.72688055392
2240.0	40.0	14.1786135053	4.73644238511
2240.0	41.0	12.342726354	5.88415736194
2240.0	52.0	1.74496622391	5.56387591072
2250.0	40.0	14.5993332594	4.70947382775
2250.0	41.0	12.7447147134	5.90563674391
2250.0	52.0	1.14114182439	5.39776869012
2260.0	40.0	15.0436251058	4.72283877653
2260.0	41.0	13.1563844678	5.90826200171
2260.0	52.0	0.537317424874	5.2474130163
2270.0	41.0	13.5832077101	5.88153210414
2270.0	52.0	-0.0658755793128	5.11996868325
2280.0	41.0	14.0100309524	5.85504086637
2290.0	41.0	14.4366437297	5.8285496286
2300.0	41.0	14.8948262733	5.80969550442
2310.0	41.0	15.3610064911	5.79251199885
2490.0	54.0	0.347267430882	4.51854598797
2500.0	54.0	1.05758717587	4.53859341115
2510.0	54.0	1.76790692085	4.55840217453
2520.0	54.0	2.43865922523	4.59324650529
2530.0	54.0	3.10962199472	4.62809083604
2540.0	54.0	3.78037429909	4.662696507
2550.0	54.0	4.45133706858	4.69754083776
2560.0	54.0	5.12608821004	4.73023723032
2570.0	54.0	5.81641376961	4.75410321029
2580.0	54.0	6.50673932918	4.77796919026
2590.0	54.0	7.19706488875	4.80183517023
2600.0	54.0	7.88739044833	4.82570115021
2610.0	54.0	8.57582182191	4.83763414019
2620.0	54.0	9.25646598644	4.80207383003
2630.0	54.0	9.93711015097	4.76651351988
2640.0	54.0	10.6177543155	4.73095320972
2650.0	54.0	11.29839848	4.69539289956
2660.0	54.0	11.9727286913	4.663889806
2670.0	54.0	12.6405344841	4.63644392903
2680.0	54.0	13.308340277	4.60899805207
2680.0	55.0	14.9916402237	5.75719034849
2690.0	54.0	13.9761460698	4.5813135153
2690.0	55.0	14.4265414044	5.81160478282
2700.0	54.0	14.6439518626	4.55386763833
2700.0	55.0	13.8612321199	5.86625787696
2710.0	54.0	15.3117576555	4.52618310157
2710.0	55.0	13.2959228355	5.92091097109
2720.0	55.0	12.6946240173	5.95909653905
2720.0	56.0	0.147956972067	8.35667288697
2730.0	55.0	12.0693321766	5.98630375621
2730.0	56.0	0.401567429166	8.17314350099
2740.0	55.0	11.4438298708	6.01351097338
2740.0	56.0	0.655177886264	7.98961411501
2750.0	55.0	10.8244310532	6.03546767495
2750.0	56.0	0.908788343363	7.80608472903
2760.0	55.0	10.2593322338	6.00802179799
2760.0	56.0	1.11904298788	7.60919039426
2770.0	55.0	9.69402294935	5.98081458082
2770.0	56.0	1.30025344727	7.40370430671
2780.0	55.0	9.1287136649	5.95360736365
2780.0	56.0	1.48146390665	7.19821821916
2790.0	55.0	8.56487763621	5.91924035249
2790.0	56.0	1.66267436604	6.9927321316
2790.0	57.0	0.57877905147	9.29388992044
2800.0	55.0	8.00209393307	5.88057746494
2800.0	56.0	1.94133017119	6.81206666322
2800.0	57.0	0.684011606283	8.92921774648
2810.0	55.0	7.43931022993	5.84167591759
2810.0	56.0	2.22019644144	6.63140119484
2810.0	57.0	0.789244161096	8.56454557252
2820.0	55.0	6.87631606169	5.80277437023
2820.0	56.0	2.49885224658	6.45097438625
2820.0	57.0	0.894476715908	8.19987339855
2830.0	55.0	6.33100096265	5.72902849212
2830.0	56.0	2.74004526221	6.31350634162
2830.0	57.0	1.20596507815	7.94570071186
2840.0	55.0	5.82693702509	5.57342230271
2840.0	56.0	2.89389525735	6.27675273246
2840.0	57.0	1.60584878644	7.73902132531
2850.0	55.0	5.32287308754	5.41805477309
2850.0	56.0	3.04774525249	6.23999912331
2850.0	57.0	2.00573249473	7.53210327896
2860.0	55.0	4.81859868488	5.26268724348
2860.0	56.0	3.00628362589	6.2497841751
2860.0	57.0	2.41634992361	7.43401410127
2870.0	55.0	4.31453474732	5.10731971387
2870.0	56.0	2.88147781588	6.27961665006
2870.0	57.0	2.8315975849	7.38222492474
2880.0	55.0	3.75974871835	4.98798981401
2880.0	56.0	2.75646154077	6.30944912502
2880.0	57.0	3.24684524619	7.330674408
2890.0	55.0	3.20475222427	4.86865991415
2890.0	56.0	2.63144526565	6.33928159999
2890.0	57.0	3.66209290748	7.27912389126
2890.0	58.0	15.0293134784	5.64048570643
2890.0	59.0	15.2300971929	4.80636970643
2900.0	55.0	2.63228712609	4.80947228383
2900.0	56.0	2.50642899053	6.36911407495
2900.0	57.0	3.80773476335	7.2423702821
2900.0	58.0	14.4198065209	5.72282333733
2900.0	59.0	14.6367960489	4.87868362574
2910.0	55.0	2.05561272571	4.76532022088
2910.0	56.0	2.38162318052	6.39894654992
2910.0	57.0	3.95358708432	7.20561667295
2910.0	58.0	13.8100890983	5.80516096823
2910.0	59.0	14.04370537	4.95099754506
2920.0	55.0	1.47872786023	4.72379341573
2920.0	56.0	2.18294411704	6.50300222259
2920.0	57.0	4.04492894189	7.18342131158
2920.0	58.0	13.2020553966	5.88916921773
2920.0	59.0	13.4506146911	5.02331146437
2930.0	55.0	0.901842994745	4.70613259055
2930.0	56.0	1.8125255241	6.77984759026
2930.0	57.0	4.05482080205	7.18246667238
2930.0	58.0	12.5997042528	5.97962128182
2930.0	59.0	12.8568926168	5.11233156966
2940.0	55.0	0.324958129262	4.68823310557
2940.0	56.0	1.44210693115	7.05669295793
2940.0	57.0	4.0647126622	7.18151203318
2940.0	58.0	11.997142644	6.07007334591
2940.0	59.0	12.2627496123	5.21758054134
2950.0	55.0	-0.251716271112	4.67057228039
2950.0	56.0	1.11546508102	7.32208265521
2950.0	57.0	4.07460452235	7.18079605378
2950.0	58.0	11.4109973137	6.14000066723
2950.0	59.0	11.6683961427	5.32282951301
2960.0	56.0	0.799767416577	7.58460843489
2960.0	57.0	4.0844963825	7.17984141458
2960.0	58.0	10.862525238	6.161718709
2960.0	59.0	11.075726394	5.42139601029
2970.0	56.0	0.484069752139	7.84713421458
2970.0	57.0	4.09438824266	7.17888677538
2970.0	58.0	10.3140531623	6.18343675078
2970.0	59.0	10.4969473426	5.45862693905
2980.0	56.0	0.291915107051	8.11610380886
2980.0	57.0	4.10428010281	7.17817079598
2980.0	58.0	9.76558108662	6.20515479255
2980.0	59.0	9.9181682911	5.4958578678
2990.0	56.0	0.130488367968	8.38650536193
2990.0	57.0	4.11438242807	7.17721615678
2990.0	58.0	9.21942412715	6.1600480904
2990.0	59.0	9.33938923963	5.53308879656
3000.0	56.0	-0.030938371115	8.65690691501
3000.0	57.0	4.12427428822	7.17650017738
3000.0	58.0	8.67347763278	6.11494138826
3000.0	59.0	8.7593473975	5.4963351874
3010.0	57.0	4.13416614837	7.17554553818
3010.0	58.0	8.1273206733	6.06959602631
3010.0	59.0	8.17909509027	5.45122848525
3020.0	57.0	4.14405800853	7.17459089899
3020.0	58.0	7.57106138856	6.01637489098
3020.0	59.0	7.59884278303	5.40588312331
3020.0	63.0	-0.138906972353	7.32446925321
3030.0	57.0	4.15394986868	7.17387491959
3030.0	58.0	6.99059861621	5.94406097166
3030.0	59.0	7.02827187083	5.35791250357
3030.0	63.0	0.324116268823	7.3323450266
3040.0	57.0	4.16384172883	7.17292028039
3040.0	58.0	6.41034630897	5.87174705235
3040.0	59.0	6.49642653881	5.29824755364
3040.0	63.0	0.787139509999	7.34045945979
3050.0	57.0	4.17373358898	7.17196564119
3050.0	58.0	5.82988353663	5.79943313304
3050.0	59.0	5.96437074168	5.23858260371
3050.0	63.0	1.25016275118	7.34833523318
3050.0	64.0	-0.14038022812	5.28631456365
3060.0	57.0	4.18362544914	7.17124966179
3060.0	58.0	5.29467076285	5.79251199885
3060.0	59.0	5.43231494454	5.17891765378
3060.0	63.0	1.44168600093	7.43425276107
3060.0	64.0	0.315697664438	5.19681713876
3070.0	57.0	4.19351730929	7.17029502259
3070.0	58.0	4.75945798907	5.78582952445
3070.0	59.0	4.91478123998	5.14526662202
3070.0	63.0	1.41853483888	7.63234039484
3070.0	64.0	0.771775556997	5.10731971387
3080.0	57.0	4.20340916944	7.16957904319
3080.0	58.0	4.22424521529	5.77890839026
3080.0	59.0	4.40671846534	5.12879909584
3080.0	63.0	1.20617554326	7.96527081544
3080.0	64.0	1.22953717043	5.01376507238
3090.0	57.0	4.2135114947	7.16862440399
3090.0	58.0	3.70460685963	5.80325168983
3090.0	59.0	3.8986556907	5.11233156966
3090.0	63.0	1.08789415165	8.18412185177
3090.0	64.0	1.69424413249	4.90445888411
3100.0	57.0	4.22340335486	7.16766976479
3100.0	58.0	3.20054292208	5.85885942317
3100.0	59.0	3.38933012541	5.19085064377
3100.0	63.0	0.969402294935	8.40273422831
3100.0	64.0	2.15895109454	4.79515269584
3110.0	57.0	4.23329521501	7.16695378539
3110.0	58.0	2.69647898452	5.9142284967
3110.0	59.0	2.87937316479	5.31018054362
3110.0	63.0	0.851120903326	8.62158526465
3110.0	64.0	2.56367550035	4.72379341573
3120.0	57.0	4.24318707516	7.1659991462
3120.0	58.0	2.19220458186	5.96983623003
3120.0	59.0	2.36773248329	5.4132815771
3120.0	63.0	0.732629046606	8.84043630099
3120.0	64.0	2.95345688338	4.6617418678
3130.0	57.0	4.25307893531	7.165044507
3130.0	58.0	1.68603599321	6.01160169498
3130.0	59.0	1.84156970922	5.37080013275
3130.0	63.0	0.650758118962	9.05523012073
3130.0	64.0	3.33902896421	4.60303155707
3140.0	57.0	4.26297079547	7.1643285276
3140.0	58.0	1.17165926529	5.9982367462
3140.0	59.0	1.31540693516	5.3280800286
3140.0	63.0	0.605087190173	9.26596672387
3140.0	64.0	3.68671732531	4.57200578311
3150.0	57.0	4.27286265562	7.1633738884
3150.0	58.0	0.657072072251	5.98511045721
3150.0	59.0	0.790927881973	5.30946456423
3150.0	63.0	0.559416261385	9.47670332702
3150.0	64.0	4.03461615152	4.54074134935
3160.0	57.0	4.28275451577	7.162657909
3160.0	58.0	0.142695344326	5.97174550843
3160.0	59.0	0.270237200759	5.34717281258
3160.0	63.0	0.513955797706	9.68767858997
3160.0	64.0	4.47617195152	4.53453619456
3170.0	57.0	4.29264637592	7.1617032698
3170.0	59.0	-0.250243015345	5.38488106093
3170.0	63.0	0.468284868917	9.89841519312
3170.0	64.0	4.9415103089	4.53453619456
3180.0	57.0	4.30253823607	7.1607486306
3180.0	63.0	0.422613940128	10.1091517963
3180.0	64.0	5.51208122109	4.63477331044
3190.0	57.0	4.31264056134	7.1600326512
3190.0	63.0	0.377153476449	10.3201270592
3190.0	64.0	6.09443817943	4.7462274369
3190.0	67.0	1.20870112458	0.514789187982
3200.0	57.0	4.30548474761	7.16146461
3200.0	64.0	6.67658467265	4.85744290357
3200.0	67.0	1.09841740714	1.27635260887
3210.0	57.0	4.2943300968	7.1633738884
3210.0	64.0	7.21705907417	4.9142439359
3210.0	67.0	1.03401508359	2.02646035937
3220.0	57.0	4.28317544599	7.1652831668
3220.0	64.0	7.75269277817	4.96483981344
3220.0	67.0	1.15292787053	2.73217738712
3230.0	57.0	4.27202079518	7.16719244519
3230.0	64.0	8.28853694727	5.01543569098
3230.0	67.0	1.27184065747	3.43765575507
3240.0	57.0	4.26065567926	7.16910172359
3240.0	64.0	8.84184972048	5.03572177395
3240.0	67.0	1.52902902143	3.78633772245
3250.0	57.0	4.24950102845	7.17124966179
3250.0	64.0	9.40715900493	5.03572177395
3250.0	67.0	1.84409529054	4.06270577052
3260.0	57.0	4.23834637764	7.17315894019
3260.0	64.0	9.97246828939	5.03572177395
3260.0	67.0	2.32963829844	4.20948154735
3260.0	69.0	0.0	4.22427845493
3270.0	57.0	4.22698126172	7.17506821859
3270.0	64.0	10.5386194343	5.03238053676
3270.0	67.0	2.92651734934	4.26938515707
3270.0	69.0	0.508694169965	4.28394340486
3280.0	57.0	4.21582661091	7.17697749698
3280.0	64.0	11.1131891836	5.0001614638
3280.0	67.0	3.53581384171	4.31974237481
3280.0	69.0	1.01717787482	4.34360835478
3290.0	57.0	4.2046719601	7.17888677538
3290.0	64.0	11.6875484677	4.96794239084
3290.0	67.0	4.09712428908	4.29706969384
3290.0	69.0	1.5153487893	4.40088670672
3300.0	57.0	4.19351730929	7.18103471358
3300.0	64.0	12.262118217	4.93572331787
3300.0	67.0	4.65822427134	4.27439701287
3300.0	69.0	2.00636389006	4.45649444005
3310.0	57.0	4.18215219337	7.18294399198
3310.0	64.0	12.8295321526	4.93333671988
3310.0	67.0	5.19238471957	4.15960164921
3310.0	69.0	2.49758945593	4.51234083318
3320.0	57.0	4.17099754256	7.18485327037
3320.0	64.0	13.3860019024	4.97581816423
3320.0	67.0	5.72359865627	4.03454391416
3320.0	69.0	3.00965106765	4.5791655771
3330.0	57.0	4.15984289175	7.18676254877
3330.0	64.0	13.9426821174	5.01829960857
3330.0	67.0	6.14263468953	3.94576246866
3330.0	69.0	3.53581384171	4.65386609441
3340.0	57.0	4.14847777583	7.18867182717
3340.0	64.0	14.4991518672	5.06054239312
3340.0	67.0	6.53346839811	3.86628875536
3340.0	69.0	4.06197661577	4.72832795192
3350.0	57.0	4.13732312502	7.19081976537
3350.0	64.0	15.0558320822	5.10302383747
3350.0	67.0	6.9531358267	3.88633617853
3350.0	69.0	4.580773111	4.81520011902
3360.0	57.0	4.12616847421	7.19272904376
3360.0	67.0	7.38501023165	3.94910370586
3360.0	69.0	5.08820449031	4.92068775049
3370.0	57.0	4.1150138234	7.19463832216
3370.0	67.0	7.75206138284	4.1617495874
3370.0	69.0	5.59584633472	5.02593672217
3370.0	71.0	0.164373250618	9.20940435134
3380.0	57.0	4.10364870748	7.19654760056
3380.0	67.0	8.10290672058	4.4118650575
3380.0	69.0	6.10348817914	5.13118569384
3380.0	71.0	0.431453474732	8.96167547924
3390.0	57.0	4.09249405667	7.19845687896
3390.0	67.0	8.3941904323	4.4956346472
3390.0	69.0	6.63554397627	5.19753311816
3390.0	71.0	0.698533698847	8.71394660714
3400.0	57.0	4.08133940586	7.20036615735
3400.0	67.0	8.66000786576	4.50804495679
3400.0	69.0	7.16759977341	5.26388054248
3400.0	71.0	0.996973224296	8.41681515649
3410.0	57.0	4.07018475505	7.20251409555
3410.0	67.0	8.71493925937	4.5016011422
3410.0	69.0	7.69944510543	5.329989307
3410.0	71.0	1.30888251676	8.09844298368
3420.0	57.0	4.05881963913	7.20442337395
3420.0	67.0	8.71725437558	4.49014547181
3420.0	69.0	8.23276369322	5.38893827753
3420.0	71.0	1.62058134412	7.78030947066
3430.0	57.0	4.04766498832	7.20633265235
3430.0	67.0	8.71956949179	4.47892846122
3430.0	69.0	8.767976467	5.43667023747
3430.0	71.0	2.0006813321	7.59558678568
3440.0	57.0	4.12511614866	7.21396976594
3440.0	67.0	8.72167414288	4.46747279084
3440.0	69.0	9.30318924078	5.48440219742
3440.0	71.0	2.38099178519	7.4108641007
3450.0	57.0	4.33558125829	7.22972131272
3450.0	67.0	8.72398925909	4.45601712045
3450.0	69.0	9.83840201455	5.53213415736
3450.0	71.0	2.76109177318	7.22590275592
3460.0	57.0	4.54604636791	7.2457115193
3460.0	67.0	8.72609391018	4.44480010986
3460.0	69.0	10.4154973451	5.49275529041
3460.0	71.0	3.20075338719	7.00991563718
3470.0	57.0	4.80281380165	7.23186925092
3470.0	67.0	8.72840902639	4.43334443948
3470.0	69.0	10.9974333733	5.44359137166
3470.0	71.0	3.64693941959	6.79034862145
3480.0	57.0	5.12924518668	7.17339759999
3480.0	67.0	8.7307241426	4.42212742889
3480.0	69.0	11.5793694014	5.39442745292
3480.0	71.0	4.09922894018	6.62471872045
3490.0	57.0	5.45567657171	7.11492594906
3490.0	67.0	8.73282879369	4.4106717585
3490.0	69.0	12.1497298485	5.35337796737
3490.0	71.0	4.56098939069	6.53999449155
3500.0	57.0	5.78210795674	7.05645429813
3500.0	67.0	8.7351439099	4.39921608812
3500.0	69.0	12.7085147145	5.32044291501
3500.0	71.0	5.02274984121	6.45527026265
3510.0	57.0	6.10853934177	6.9979826472
3510.0	67.0	8.73724856099	4.38799907753
3510.0	69.0	13.2672995806	5.28750786265
3510.0	71.0	5.50176843072	6.36243160056
3520.0	57.0	6.51410560802	6.95502388325
3520.0	67.0	8.7395636772	4.37654340715
3520.0	69.0	13.8696507243	5.29084909985
3520.0	71.0	6.02182771661	6.2500228349
3530.0	57.0	6.99859629038	6.92733934648
3530.0	67.0	8.7416683283	4.36508773676
3530.0	69.0	14.5010460532	5.31853363661
3530.0	71.0	6.54167653738	6.13785272903
3540.0	57.0	7.48329743785	6.89941614992
3540.0	67.0	8.7439834445	4.35387072617
3540.0	69.0	15.1324413821	5.34597951358
3540.0	71.0	7.06173582327	6.02544396337
3550.0	57.0	7.9677881202	6.87173161315
3550.0	67.0	8.74629856071	4.34241505579
3550.0	71.0	7.60073696902	5.92210427009
3560.0	57.0	8.44638577949	6.8333073854
3560.0	67.0	8.7484032118	4.3311980452
3560.0	71.0	8.14205323097	5.81995787581
3570.0	57.0	8.90077995117	6.75192439369
3570.0	67.0	8.75071832801	4.31974237481
3570.0	71.0	8.68315902782	5.71757282174
3580.0	57.0	9.35517412285	6.67054140199
3580.0	67.0	8.75282297911	4.30828670443
3580.0	71.0	9.22405435956	5.62115426265
3590.0	57.0	9.80956829454	6.58915841029
3590.0	67.0	8.75513809531	4.29706969384
3590.0	71.0	9.76410783086	5.53380477596
3600.0	57.0	10.2639624662	6.50777541859
3600.0	67.0	8.87847064955	4.167000103
3600.0	71.0	10.3043717673	5.44621662946
3610.0	57.0	10.7463484975	6.44262129326
3610.0	67.0	9.01527297081	4.02380422317
3610.0	71.0	10.845267099	5.35600322517
3620.0	57.0	11.2358903425	6.38176304434
3620.0	67.0	9.52501946632	3.92762432388
3620.0	71.0	11.3874252214	5.26197126408
3620.0	73.0	15.2191530072	9.88624354333
3630.0	57.0	11.7254321875	6.32066613561
3630.0	67.0	10.0762275884	3.83669494019
3630.0	71.0	11.9295833438	5.16817796279
3630.0	73.0	15.0023739443	9.87192395535
3640.0	57.0	12.2147635673	6.25956922688
3640.0	67.0	10.6653194303	3.84838927038
3640.0	71.0	12.4727937917	5.0770099193
3640.0	73.0	14.7855948814	9.85736570756
3650.0	57.0	12.7322972719	6.19011922517
3650.0	67.0	11.263882202	3.88562019913
3650.0	71.0	13.0271588905	5.01352641258
3650.0	73.0	14.5686053534	9.84280745978
3660.0	57.0	13.2778228361	6.11207747066
3660.0	67.0	11.8624449738	3.92285112789
3660.0	71.0	13.5813135241	4.94980424606
3660.0	73.0	14.3684530341	9.77073220027
3670.0	57.0	13.8233484002	6.03427437595
3670.0	67.0	12.419546119	3.99230112961
3670.0	71.0	14.1337844369	4.89133259513
3670.0	73.0	14.2070262951	9.56381415392
3680.0	57.0	14.3686634992	5.95623262145
3680.0	67.0	12.949497265	4.0827531937
3680.0	71.0	14.6704704664	4.87939960514
3680.0	73.0	14.0458100211	9.35713476737
3690.0	57.0	14.9141890634	5.87842952674
3690.0	67.0	13.479237946	4.17320525779
3690.0	71.0	15.207156496	4.86746661516
3690.0	73.0	13.8765960729	9.14067032903
3700.0	67.0	14.0256053706	4.25602020829
3700.0	73.0	13.6894925905	8.90201052931
3710.0	67.0	14.5789181438	4.33573258139
3710.0	73.0	13.5025995731	8.6633507296
3720.0	67.0	15.1324413821	4.4152062947
3720.0	73.0	13.3154960907	8.42469092988
3730.0	73.0	13.0124263328	8.13638989183
3740.0	73.0	12.6596868091	7.8268481316
3750.0	73.0	12.3071577505	7.51706771157
3760.0	73.0	11.9544182267	7.20752595135
3770.0	73.0	11.4998135899	7.02614450356
3780.0	73.0	11.0452089531	6.84476305578
3790.0	73.0	10.5586136197	6.76695996108
3800.0	73.0	10.0400275896	6.79249655964
3810.0	73.0	9.52123109435	6.81803315821
3820.0	73.0	9.02032413344	6.831398107
3830.0	73.0	8.52678345137	6.83975119999
3840.0	73.0	8.0332427693	6.84786563318
3850.0	73.0	7.49571487931	6.89010841773
3860.0	73.0	6.94724280363	6.94070429527
3870.0	73.0	6.39877072794	6.99130017281
3880.0	73.0	5.86776725636	7.04571460714
3890.0	73.0	5.35444285398	7.10394759827
3900.0	73.0	4.84111845161	7.1621805894
3910.0	73.0	4.32779404923	7.22041358053
3920.0	73.0	3.82814987898	7.27912389126
3930.0	73.0	3.34871035925	7.33878884119
3940.0	73.0	2.86927083952	7.39845379112
3950.0	73.0	2.39004178491	7.45811874105
3960.0	73.0	1.88324180093	7.50823729899
3970.0	73.0	1.36970693344	7.55596925893
3980.0	73.0	0.867537181876	7.5800738987
3990.0	73.0	0.391675569013	7.54880946494
4000.0	73.0	-0.0841860438502	7.51778369097
4120.0	76.0	14.8430518563	4.80589238683
4130.0	76.0	14.2249158294	4.76866145807
4140.0	76.0	13.6065693373	4.73143052932
4150.0	76.0	12.991590287	4.70159805435
4160.0	76.0	12.3892391432	4.70159805435
4170.0	76.0	11.7866775344	4.70159805435
4180.0	76.0	11.181169414	4.70565527095
4190.0	76.0	10.5676636194	4.71925887953
4200.0	76.0	9.95436828996	4.73286248812
4210.0	76.0	9.34107296051	4.7467047565
4220.0	76.0	8.7002067017	4.80064187124
4230.0	76.0	8.05281602449	4.86508001716
4240.0	76.0	7.41826371897	4.9178238329
4250.0	76.0	6.83632769086	4.92474496709
4250.0	80.0	14.8704123206	4.84312331559
4260.0	76.0	6.25460212785	4.93190476108
4260.0	80.0	14.3478274534	4.9171078535
4270.0	76.0	5.67266609974	4.93882589527
4270.0	80.0	13.8254530513	4.99133105121
4280.0	76.0	5.07852309526	4.9144825957
4280.0	80.0	13.2809798127	5.10970631186
4290.0	76.0	4.48122311415	4.88226352274
4290.0	80.0	12.7038844821	5.29442899684
4290.0	81.0	14.9253437142	5.64000838683
4300.0	76.0	3.88392313303	4.85004444978
4300.0	80.0	12.1267891515	5.47915168182
4300.0	81.0	14.4454832643	5.7450186987
4310.0	76.0	3.29020105878	4.82021197481
4310.0	80.0	11.5509566116	5.67031818139
4310.0	81.0	13.9656228143	5.85002901058
4310.0	83.0	15.0211053391	5.52234910557
4320.0	76.0	2.72910107651	4.81305218082
4320.0	80.0	10.977649653	5.87604292874
4320.0	81.0	13.4992321314	5.96005117824
4320.0	83.0	14.5401925636	5.61614240686
4330.0	76.0	2.16779062914	4.80565372703
4330.0	80.0	10.4041322292	6.0817676761
4330.0	81.0	13.0362088902	6.07150530471
4330.0	83.0	14.059069323	5.70993570814
4340.0	76.0	1.60648018177	4.79849393304
4340.0	80.0	9.86471015326	6.31422232102
4340.0	81.0	12.573185649	6.18295943118
4340.0	83.0	13.5768937568	5.78869344205
4350.0	76.0	1.06137554784	4.75625114849
4350.0	80.0	9.37622063382	6.58701047209
4350.0	81.0	12.1183705471	6.31517696022
4350.0	83.0	13.0921926094	5.8318908658
4360.0	76.0	0.520059285885	4.70493929155
4360.0	80.0	8.88773111438	6.85979862316
4360.0	81.0	11.6654496312	6.45240634505
4360.0	83.0	12.6074914619	5.87532694935
4370.0	76.0	-0.0210465109626	4.65386609441
4370.0	80.0	8.41944624546	7.14070120743
4370.0	81.0	11.2127391804	6.58987438969
4370.0	83.0	12.1227903144	5.91876303289
4380.0	80.0	7.96484160867	7.42709296708
4380.0	81.0	10.7728671013	6.71350016594
4380.0	83.0	11.7142775366	6.10133777967
4390.0	80.0	7.50665906501	7.70346101515
4390.0	81.0	10.3462543241	6.82304501401
4390.0	83.0	11.3057647589	6.28367386666
4400.0	80.0	7.01543349915	7.88913833933
4400.0	81.0	9.91964154687	6.93282852188
4400.0	83.0	10.897041516	6.46624861344
4410.0	80.0	6.53978235139	8.04164195134
4410.0	81.0	9.49302876966	7.04237336994
4410.0	83.0	10.4811624594	6.64548212302
4420.0	80.0	6.09969980717	8.11777442745
4420.0	81.0	9.07104622486	7.12638161944
4420.0	83.0	10.0602322401	6.82256769441
4430.0	80.0	5.65183005388	8.18603113017
4430.0	81.0	8.65011600561	7.20394605435
4430.0	83.0	9.63930202085	6.9996532658
4440.0	80.0	5.13366495399	8.18603113017
4440.0	81.0	8.22918578636	7.28151048926
4440.0	83.0	9.22447528978	7.12566564004
4450.0	80.0	4.6157103192	8.18603113017
4450.0	81.0	7.80825556711	7.35907492416
4450.0	83.0	8.81554158177	7.20060481715
4460.0	80.0	4.16363126372	8.19008834677
4460.0	81.0	7.39174511516	7.43329812188
4460.0	83.0	8.40660787377	7.27578265406
4470.0	80.0	3.77784871778	8.19796412016
4470.0	81.0	6.97607652365	7.50680534019
4470.0	83.0	7.99767416577	7.35072183117
4480.0	80.0	3.39206617183	8.20583989355
4480.0	81.0	6.56061839725	7.5803125585
4480.0	83.0	7.56495790038	7.43687801887
4490.0	80.0	3.0567952522	8.20345329555
4490.0	81.0	6.14494980574	7.65358111701
4490.0	83.0	7.1324521001	7.52303420657
4500.0	80.0	2.7724568891	8.19056566637
4500.0	81.0	5.75874632957	7.7490450369
4500.0	83.0	6.69973583471	7.60919039426
4500.0	84.0	-0.0648232537647	5.23404806752
4500.0	85.0	0.0601930213529	9.825862614
4510.0	80.0	2.48811852599	8.17767803718
4510.0	81.0	5.37548936495	7.84689555478
4510.0	83.0	6.30784980059	7.69105070557
4510.0	84.0	0.412932545085	5.21567126294
4510.0	85.0	0.120175577596	9.72371621973
4520.0	80.0	2.20356969778	8.164790408
4520.0	81.0	4.99244286543	7.94498473246
4520.0	83.0	5.97720911336	7.76598988268
4520.0	84.0	0.890477878826	5.19729445836
4520.0	85.0	0.180368598949	9.62133116565
4530.0	80.0	1.86808831304	8.10297751987
4530.0	81.0	4.6091859008	8.04283525034
4530.0	83.0	5.64656842614	7.84092905979
4530.0	84.0	1.36802321257	5.17891765378
4530.0	85.0	0.240561620302	9.51918477137
4540.0	80.0	1.51976855661	8.02875432216
4540.0	81.0	4.29117312015	8.05882545692
4540.0	83.0	5.31571727381	7.9161068967
4540.0	84.0	1.86093249931	5.17891765378
4540.0	85.0	0.302438362532	9.4101172429
4550.0	80.0	1.17144880018	7.95476978425
4550.0	81.0	3.97316033951	8.07457700371
4550.0	83.0	4.97707891242	7.98197700142
4550.0	84.0	2.35384178605	5.17891765378
4550.0	85.0	0.379889522874	9.24043012531
4560.0	80.0	0.826496485499	7.84975947238
4560.0	81.0	3.65514755887	8.09056721029
4560.0	83.0	4.63738822549	8.04713112674
4560.0	84.0	2.84675107279	5.17891765378
4560.0	85.0	0.457551148326	9.07098166751
4570.0	80.0	0.482175566152	7.74116926351
4570.0	81.0	3.33713477822	8.10655741687
4570.0	83.0	4.29769753855	8.11228525206
4570.0	84.0	3.34576384772	5.17366713819
4570.0	85.0	0.535002308668	8.90129454991
4580.0	80.0	0.137854646805	7.63281771444
4580.0	81.0	3.03995804343	8.12565020084
4580.0	83.0	3.95821731673	8.17743937738
4580.0	84.0	3.86919057536	5.14789187982
4580.0	85.0	0.603403469296	8.71370794734
4590.0	81.0	2.76361735449	8.14808422202
4590.0	83.0	3.65514755887	8.23376309011
4590.0	84.0	4.39240683788	5.12211662145
4590.0	85.0	0.650126723633	8.48387856021
4600.0	81.0	2.48748713066	8.17027958339
4600.0	83.0	3.38848826497	8.28149505006
4600.0	84.0	4.91583356552	5.09634136308
4600.0	85.0	0.69684997797	8.25404917309
4610.0	81.0	2.20483248844	8.20297597595
4610.0	83.0	3.12182897108	8.32922701
4610.0	84.0	5.43378820031	5.14455064262
4610.0	85.0	0.684011606283	8.05930277652
4620.0	81.0	1.90786621876	8.25906102888
4620.0	83.0	2.84822432856	8.36956051615
4620.0	84.0	5.94648120736	5.26698311988
4620.0	85.0	0.631395328877	7.88770638053
4630.0	81.0	1.61068948396	8.31514608182
4630.0	83.0	2.56767433743	8.40273422831
4630.0	84.0	6.45917421441	5.38941559713
4630.0	85.0	0.57877905147	7.71610998454
4640.0	81.0	1.31351274917	8.37123113475
4640.0	83.0	2.2871243463	8.43590794047
4640.0	84.0	6.97186722146	5.51184807438
4640.0	85.0	0.463023241176	7.56121977452
4650.0	81.0	1.04874764126	8.55476052073
4650.0	83.0	2.00636389006	8.46908165263
4650.0	84.0	7.48561255405	5.61256250986
4650.0	85.0	0.252558131551	7.43091152388
4660.0	81.0	0.787349975109	8.75213217509
4660.0	83.0	1.71781622476	8.51275639598
4660.0	84.0	7.99998928198	5.69871869756
4660.0	85.0	0.0420930219251	7.30084193303
4670.0	81.0	0.526162774064	8.94974248925
4670.0	83.0	1.42842669903	8.55738577853
4670.0	84.0	8.51457647501	5.78487488525
4680.0	81.0	0.389570917917	9.17551465978
4680.0	83.0	1.13903717329	8.60225382087
4680.0	84.0	9.02895320294	5.87103107295
4690.0	81.0	0.25318952688	9.40128683031
4690.0	83.0	0.90499997139	8.71585588554
4690.0	84.0	9.54396132619	5.9149444761
4700.0	81.0	0.116597670733	9.62705900084
4700.0	83.0	0.711582535644	8.86931413675
4700.0	84.0	10.0591799146	5.95885787925
4710.0	81.0	-0.0199941854144	9.85283117137
4710.0	83.0	0.586566260526	9.06310589412
4710.0	84.0	10.5741880378	6.00300994219
4720.0	83.0	0.461760450518	9.25713631129
4720.0	84.0	11.0921426726	6.05408313933
4730.0	83.0	0.336744175401	9.45092806865
4730.0	84.0	11.620831028	6.13355685264
4740.0	83.0	0.208991853858	9.62133116565
4740.0	84.0	12.1497298485	6.21303056594
4750.0	83.0	0.0812395323155	9.79197292244
4750.0	84.0	12.678628669	6.29274293904
4760.0	83.0	-0.0465127892272	9.96237601944
4760.0	84.0	13.1961623735	6.3314058266
4770.0	84.0	13.6871774743	6.27436613447
4780.0	84.0	14.1784030401	6.21756510213
4780.0	87.0	15.1543297535	5.39204085493
4790.0	84.0	14.6694181409	6.1607640698
4790.0	87.0	14.5153576807	5.40898570071
4800.0	84.0	15.1604332417	6.10396303747
4800.0	87.0	13.8763856078	5.42616920628
4810.0	87.0	13.2388867908	5.44764858826
4820.0	87.0	12.6129635547	5.51041611558
4830.0	87.0	11.9870403187	5.57342230271
4840.0	87.0	11.3613275478	5.63618983003
4850.0	87.0	10.7503473346	5.67819395478
4860.0	87.0	10.1743043295	5.67198879999
4860.0	88.0	0.287705804858	4.14074752503
4870.0	87.0	9.59826132447	5.6655449854
4870.0	88.0	0.694534861764	4.06914958511
4870.0	90.0	0.294651153476	4.73143052932
4870.0	91.0	-0.183315110484	6.57340686351
4880.0	87.0	9.02221831943	5.65933983061
4880.0	88.0	1.10136391867	3.9975516452
4880.0	90.0	0.715581372727	4.7512392927
4880.0	91.0	0.380310453093	6.60753521487
4890.0	87.0	8.44133461686	5.66912488239
4890.0	88.0	1.50103716185	3.97464030443
4890.0	90.0	1.13651159198	4.77128671587
4890.0	91.0	0.94414648178	6.64166356623
4900.0	87.0	7.85539975166	5.69490014076
4900.0	88.0	1.8935545913	4.0004155628
4900.0	90.0	1.55744181123	4.79109547925
4900.0	91.0	1.50777204536	6.67555325778
4910.0	87.0	7.26967535158	5.72067539913
4910.0	88.0	2.28607202075	4.02619082117
4910.0	90.0	1.98679063486	4.78274238626
4910.0	91.0	2.07897435288	6.71970532073
4920.0	87.0	6.68374048638	5.7464506575
4920.0	88.0	2.6785894502	4.05196607953
4920.0	90.0	2.41971736536	4.76221764348
4920.0	91.0	2.65186038128	6.76600532188
4930.0	87.0	6.11274864396	5.73571096651
4930.0	88.0	3.13593013342	4.05721659513
4930.0	90.0	2.85264409586	4.74193156051
4930.0	91.0	3.22474640968	6.81230532302
4940.0	87.0	5.54575563863	5.71590220314
4940.0	88.0	3.60947663008	4.05721659513
4940.0	90.0	3.29104291921	4.71639496194
4940.0	91.0	3.79784290319	6.84810429298
4950.0	87.0	4.9787626333	5.69609343976
4950.0	88.0	4.08302312674	4.05721659513
4950.0	90.0	3.75154057908	4.67176557939
4950.0	91.0	4.37199172225	6.84094449899
4960.0	87.0	4.40777079089	5.68917230557
4960.0	88.0	4.53994287973	4.04027174935
4960.0	90.0	4.21182777383	4.62689753704
4960.0	91.0	4.9459300762	6.8335460452
4970.0	87.0	3.82183592569	5.73427900772
4970.0	88.0	4.98549751681	4.01234855278
4970.0	90.0	4.67232543369	4.5822681545
4970.0	91.0	5.51986843015	6.8263862512
4980.0	87.0	3.2361115256	5.77938570986
4980.0	88.0	5.431262619	3.98418669642
4980.0	90.0	5.15176495341	4.58895062889
4980.0	91.0	6.1245346901	6.7481058369
4990.0	87.0	2.6501766604	5.82449241201
4990.0	88.0	5.88797190688	3.97082174763
4990.0	90.0	5.63120447314	4.59563310328
4990.0	91.0	6.73256839181	6.6619496492
5000.0	87.0	2.05729644659	5.81136612302
5000.0	88.0	6.38845793757	4.01592844978
5000.0	90.0	6.11043352776	4.60207691787
5000.0	91.0	7.34060209352	6.5757934615
5010.0	87.0	1.45747088416	5.73976818311
5010.0	88.0	6.88894396826	4.06103515192
5010.0	90.0	6.59303002413	4.61615784606
5010.0	91.0	7.93032533069	6.47030583003
5020.0	87.0	0.857645321724	5.66817024319
5020.0	88.0	7.38964046406	4.10614185407
5020.0	90.0	7.08046721802	4.64121712503
5020.0	91.0	8.47753461572	6.32042747581
5020.0	94.0	14.7887518581	5.38965425693
5030.0	87.0	0.257819759291	5.59657230328
5030.0	88.0	7.88991602964	4.10494855507
5030.0	90.0	7.56790441191	4.6665150638
5030.0	91.0	9.02474390074	6.17031046179
5030.0	94.0	14.1853483888	5.38177848354
5040.0	87.0	-0.342005803141	5.52497436337
5040.0	88.0	8.389770665	4.05721659513
5040.0	90.0	8.05534160581	4.69157434277
5040.0	91.0	9.57195318577	6.02043210757
5040.0	94.0	13.5819449195	5.37390271015
5050.0	88.0	8.88962530036	4.00948463519
5050.0	90.0	8.54614624145	4.69348362116
5050.0	91.0	10.1326322378	5.79943313304
5050.0	94.0	13.0124263328	5.40230322631
5060.0	88.0	9.38947993572	3.96175267524
5060.0	90.0	9.03926599331	4.67988001258
5060.0	91.0	10.6966787316	5.56077333332
5060.0	94.0	12.4767926288	5.46745735164
5070.0	88.0	9.89480666393	3.92643102489
5070.0	90.0	9.53217528005	4.6660377442
5070.0	91.0	11.2609356905	5.33714910099
5070.0	94.0	11.9323193902	5.54693106494
5080.0	88.0	10.4060264152	3.90375834391
5080.0	90.0	10.0234008459	4.65124083662
5080.0	91.0	11.8258240447	5.14884651902
5080.0	94.0	11.367431036	5.66005581
5090.0	88.0	10.9170357014	3.88108566294
5090.0	90.0	10.4969473426	4.62474959885
5090.0	91.0	12.4264914676	5.00493465979
5090.0	94.0	10.7758136128	5.71781148153
5100.0	88.0	11.4282554527	3.85841298197
5100.0	90.0	10.9704938392	4.59825836108
5100.0	91.0	13.0804065632	4.92832486408
5100.0	94.0	10.144418284	5.69275220256
5110.0	88.0	11.9310565996	3.84051349699
5110.0	90.0	11.4440403359	4.57176712331
5110.0	91.0	13.7343216588	4.85171506837
5110.0	94.0	9.51723225727	5.63237127324
5120.0	88.0	12.4144949564	3.8340696824
5120.0	90.0	11.9209542743	4.57057382431
5120.0	91.0	14.3615076855	4.88870733733
5120.0	94.0	8.89425553277	5.53690735335
5130.0	88.0	12.8981437783	3.8276258678
5130.0	90.0	12.4012356545	4.59515578368
5130.0	91.0	14.9708041779	5.00183208239
5130.0	94.0	8.27127880828	5.44144343347
5140.0	88.0	13.3815821351	3.82118205321
5140.0	90.0	12.8815170346	4.61949908325
5140.0	94.0	7.66261371125	5.40278054591
5150.0	88.0	13.8723867707	3.81402225922
5150.0	90.0	13.3617984148	4.64408104262
5150.0	94.0	7.05394861421	5.36411765836
5160.0	88.0	14.3680321039	3.80614648583
5160.0	90.0	13.8353449115	4.68250527038
5160.0	94.0	6.44528351717	5.32545477081
5170.0	88.0	14.8636774371	3.79850937224
5170.0	90.0	14.3044716408	4.73023723032
5170.0	94.0	5.83430330393	5.30087281144
5180.0	88.0	15.3591123051	3.79087225865
5180.0	90.0	14.7733879051	4.77796919026
5180.0	94.0	5.21806146295	5.30922590443
5180.0	96.0	13.786517006	12.1511250426
5190.0	90.0	15.2425146344	4.82570115021
5190.0	94.0	4.60160915685	5.31781765722
5190.0	96.0	13.719378636	11.6845451342
5200.0	94.0	4.02240917516	5.39084755593
5200.0	96.0	13.6478204988	11.2179652257
5200.0	97.0	0.344952314676	5.36053776136
5200.0	98.0	0.347898826211	4.59014392789
5210.0	94.0	3.48025105277	5.52831560056
5210.0	96.0	13.5345902698	10.7497146987
5210.0	97.0	0.839124392077	5.27748415106
5210.0	98.0	0.797031370152	4.55052640114
5220.0	94.0	2.93830339548	5.6655449854
5220.0	96.0	13.4211495757	10.2817028315
5220.0	97.0	1.33287553926	5.19633981916
5220.0	98.0	1.24595344898	4.51067021458
5230.0	94.0	2.39235690111	5.76769137967
5230.0	96.0	13.2847681847	9.84996725377
5230.0	97.0	1.82410110512	5.13285631244
5230.0	98.0	1.72244645718	4.46365423404
5240.0	94.0	1.83104645374	5.72783519312
5240.0	96.0	13.1250251665	9.45498528525
5240.0	97.0	2.31511620588	5.06913414591
5240.0	98.0	2.23998016174	4.40542124291
5250.0	94.0	1.26973600637	5.68797900657
5250.0	96.0	12.9652821483	9.06000331672
5250.0	97.0	2.81223479482	5.01400373218
5250.0	98.0	2.75772433142	4.34742691158
5260.0	94.0	0.677697652994	5.56554652932
5260.0	96.0	12.7472402947	8.66860124519
5260.0	97.0	3.36470570758	5.03643775335
5260.0	98.0	3.27525803599	4.28943258025
5270.0	94.0	0.0778720905614	5.42235064949
5270.0	96.0	12.4898414656	8.27982443146
5270.0	97.0	3.91717662035	5.05887177453
5270.0	98.0	3.81004987955	4.2469511359
5280.0	96.0	12.2326531017	7.89080895793
5280.0	97.0	4.46964753312	5.0813057957
5280.0	98.0	4.35199753684	4.21115216594
5290.0	96.0	11.8367682304	7.64689864262
5290.0	97.0	5.01285798106	5.05743981573
5290.0	98.0	4.89394519412	4.17535319599
5300.0	96.0	11.4253089411	7.41897853389
5300.0	97.0	5.55501610346	5.02856197996
5300.0	98.0	5.43589285141	4.13955422603
5310.0	96.0	10.9214554687	7.37864502774
5310.0	97.0	6.09717422585	4.9994454844
5310.0	98.0	5.97257888095	4.12427999885
5320.0	96.0	10.3776136254	7.41826255449
5320.0	97.0	6.65427537103	4.96818105063
5320.0	98.0	6.50737072451	4.11783618426
5330.0	96.0	9.83566596813	7.45143626665
5330.0	97.0	7.22126837636	4.93500733847
5330.0	98.0	7.04195210296	4.11139236966
5340.0	96.0	9.29792761304	7.46909709183
5340.0	97.0	7.7884718468	4.90183362631
5340.0	98.0	7.57674394652	4.10494855507
5350.0	96.0	8.75997879283	7.48675791701
5350.0	97.0	8.35546485213	4.86865991415
5350.0	98.0	8.1361602079	4.14886195822
5360.0	96.0	8.19972067101	7.51301049498
5360.0	97.0	8.940768322	4.90589084291
5360.0	98.0	8.69557646929	4.19277536137
5370.0	96.0	7.6245195264	7.54475224834
5370.0	97.0	9.52628225698	4.94312177166
5370.0	98.0	9.25499273067	4.23692742431
5380.0	96.0	7.04910791669	7.5767326615
5380.0	97.0	10.1115857268	4.98059136022
5380.0	98.0	9.81251480607	4.27081711587
5390.0	96.0	6.48232537647	7.62279400285
5390.0	97.0	10.6958368712	4.95457744205
5390.0	98.0	10.3628810677	4.26461196108
5400.0	96.0	5.92101492909	7.67840173618
5400.0	97.0	11.2798775504	4.9128119771
5400.0	98.0	10.9134577945	4.25864546609
5410.0	96.0	5.35991494683	7.73424812931
5410.0	97.0	11.8639182296	4.87104651215
5410.0	98.0	11.4638240562	4.25244031129
5420.0	96.0	4.81165333626	7.77887751186
5420.0	97.0	12.4479589088	4.8292810472
5420.0	98.0	12.0194519456	4.23955268211
5430.0	96.0	4.2724417254	7.81610844062
5430.0	97.0	13.0063228446	4.79968723204
5430.0	98.0	12.5870763463	4.21043618654
5440.0	96.0	3.73301964943	7.85333936937
5440.0	97.0	13.5581623621	4.77319599427
5440.0	98.0	13.1547007469	4.18155835078
5450.0	96.0	3.22201036326	7.93305174248
5450.0	97.0	14.1100018795	4.7467047565
5450.0	98.0	13.7223251476	4.15268051501
5460.0	96.0	2.7528836339	8.0762476223
5460.0	97.0	14.661841397	4.72021351873
5460.0	98.0	14.2947902458	4.12404133905
5470.0	96.0	2.28375690455	8.21944350213
5470.0	97.0	15.2138913795	4.69372228096
5470.0	98.0	14.8672553439	4.09540216308
5480.0	96.0	1.8148406403	8.36263938196
5480.0	98.0	15.4397204421	4.06676298712
5490.0	96.0	1.4431592567	8.53805433475
5500.0	96.0	1.0824220588	8.71704918453
5510.0	96.0	0.739784860334	8.89843063232
5520.0	96.0	0.560889517152	9.10129146207
5520.0	102.0	15.2902902143	5.75170117309
5530.0	96.0	0.38199417397	9.30415229183
5530.0	102.0	14.6852030241	5.69203622317
5540.0	96.0	0.203098830789	9.50701312159
5540.0	102.0	14.0801158339	5.63237127324
5550.0	96.0	0.0242034876069	9.70987395134
5550.0	102.0	13.4676623649	5.56793312731
5560.0	102.0	12.8257437806	5.48440219742
5570.0	102.0	12.1897182193	5.39729137052
5580.0	102.0	11.5774752154	5.29609961544
5590.0	102.0	10.9652322115	5.19490786036
5600.0	102.0	10.3529892076	5.09347744548
5610.0	102.0	9.70896597214	5.03381249556
5620.0	102.0	9.06136482982	4.97892074162
5630.0	102.0	8.42365554765	4.95720269985
5640.0	102.0	7.80888696244	5.01376507238
5650.0	102.0	7.19411837722	5.07032744491
5660.0	102.0	6.579349792	5.12688981744
5670.0	102.0	5.97110562519	5.15505167381
5680.0	102.0	5.36980680699	5.15505167381
5690.0	102.0	4.76850798879	5.15505167381
5700.0	102.0	4.16720917059	5.15505167381
5710.0	102.0	3.55686035267	5.13404961144
5720.0	102.0	2.92546502379	5.06388363032
5730.0	102.0	2.29406969492	4.9937176492
5740.0	102.0	1.66267436604	4.92331300829
5750.0	102.0	1.08999880275	4.9163918741
5760.0	102.0	0.524058122968	4.9163918741
5770.0	102.0	-0.0420930219251	4.9163918741
6020.0	106.0	14.9777495265	4.44217485207
