800.0	2.0	13.64	5.8
810.0	2.0	12.09	5.75
820.0	2.0	11.37	5.8
830.0	2.0	10.31	5.97
830.0	3.0	12.49	6.6
840.0	2.0	9.57	6.24
840.0	3.0	11.94	6.77
850.0	2.0	8.73	6.34
850.0	3.0	11.03	6.84
850.0	4.0	-1.32	5.11
860.0	2.0	7.94	6.5
860.0	3.0	10.21	6.81
860.0	4.0	-0.33	5.06
870.0	2.0	7.17	6.62
870.0	3.0	9.36	6.85
870.0	4.0	0.76	5.0
880.0	2.0	6.47	6.68
880.0	3.0	8.59	6.85
880.0	4.0	1.76	4.89
890.0	2.0	5.86	6.82
890.0	3.0	7.78	6.84
890.0	4.0	2.81	4.83
900.0	2.0	5.24	6.98
900.0	3.0	6.96	6.84
900.0	4.0	3.8	4.77
910.0	2.0	4.87	7.16
910.0	3.0	6.29	7.0
910.0	4.0	4.97	4.69
920.0	2.0	4.51	7.58
920.0	3.0	5.62	7.1
920.0	4.0	5.97	4.7
930.0	2.0	4.2	7.3
930.0	3.0	5.06	7.04
930.0	4.0	6.97	4.67
930.0	7.0	12.09	5.87
940.0	2.0	3.95	7.71
940.0	3.0	4.69	7.0
940.0	4.0	8.12	4.95
940.0	7.0	10.75	6.0
950.0	2.0	3.47	7.86
950.0	3.0	4.35	7.01
950.0	4.0	9.11	5.01
950.0	7.0	9.48	6.07
960.0	2.0	2.82	8.0
960.0	3.0	3.76	6.99
960.0	4.0	10.12	5.13
960.0	7.0	8.15	5.86
970.0	2.0	2.01	8.0
970.0	3.0	3.19	6.89
970.0	4.0	11.01	5.32
970.0	7.0	6.86	5.83
980.0	2.0	1.28	7.82
980.0	3.0	2.62	7.13
980.0	4.0	11.93	5.47
980.0	7.0	5.62	5.66
990.0	2.0	0.54	7.4
990.0	3.0	1.78	7.15
990.0	7.0	4.31	5.44
1000.0	2.0	-0.18	7.06
1000.0	3.0	1.01	6.96
1000.0	7.0	3.06	5.26
1010.0	2.0	-0.83	6.43
1010.0	3.0	0.07	6.91
1010.0	7.0	1.84	5.07
1020.0	2.0	-1.52	6.05
1020.0	3.0	-0.72	6.66
1020.0	7.0	0.7	4.91
1050.0	9.0	12.83	4.68
1050.0	11.0	12.51	6.19
1050.0	12.0	12.09	6.95
1060.0	9.0	12.83	4.68
1060.0	11.0	11.54	6.03
1060.0	12.0	11.4	6.93
1070.0	9.0	12.83	4.68
1070.0	11.0	10.96	5.97
1070.0	12.0	10.7	6.87
1070.0	14.0	13.2	6.51
1080.0	9.0	12.83	4.64
1080.0	11.0	10.29	6.12
1080.0	12.0	10.07	6.73
1080.0	14.0	12.54	7.0
1090.0	9.0	12.83	4.57
1090.0	11.0	9.88	6.21
1090.0	12.0	9.45	6.51
1090.0	14.0	11.94	7.22
1090.0	15.0	12.61	6.38
1100.0	9.0	12.88	4.55
1100.0	11.0	9.54	6.09
1100.0	12.0	8.9	6.33
1100.0	14.0	11.29	7.42
1100.0	15.0	11.91	6.65
1110.0	11.0	8.87	5.99
1110.0	12.0	8.21	6.23
1110.0	14.0	10.58	7.56
1110.0	15.0	11.25	6.81
1120.0	11.0	8.04	5.66
1120.0	12.0	7.49	6.06
1120.0	14.0	9.92	7.42
1120.0	15.0	10.43	6.82
1120.0	20.0	12.81	6.52
1130.0	11.0	7.17	5.45
1130.0	12.0	6.73	5.97
1130.0	14.0	9.11	7.34
1130.0	15.0	9.6	6.69
1130.0	20.0	12.07	6.94
1140.0	11.0	6.43	5.23
1140.0	12.0	5.98	5.8
1140.0	14.0	8.35	7.32
1140.0	15.0	8.86	6.64
1140.0	20.0	11.12	7.33
1150.0	11.0	5.67	5.16
1150.0	12.0	5.21	5.74
1150.0	14.0	7.75	7.43
1150.0	15.0	8.09	6.55
1150.0	20.0	10.12	7.5
1150.0	21.0	11.33	5.2
1160.0	11.0	4.94	4.95
1160.0	12.0	4.45	5.61
1160.0	14.0	6.92	7.36
1160.0	15.0	7.32	6.51
1160.0	20.0	8.99	7.48
1160.0	21.0	10.52	4.69
1170.0	11.0	4.26	4.71
1170.0	12.0	3.76	5.6
1170.0	14.0	6.02	7.19
1170.0	15.0	6.55	6.4
1170.0	20.0	7.98	7.51
1170.0	21.0	9.65	4.34
1180.0	11.0	3.54	4.54
1180.0	12.0	3.03	5.39
1180.0	14.0	5.23	7.1
1180.0	15.0	5.77	6.26
1180.0	20.0	7.05	7.62
1180.0	21.0	8.73	4.0
1190.0	11.0	2.82	4.35
1190.0	12.0	2.28	5.24
1190.0	14.0	4.43	7.0
1190.0	15.0	5.0	6.07
1190.0	20.0	5.9	7.71
1190.0	21.0	7.79	3.79
1200.0	11.0	2.16	4.19
1200.0	12.0	1.57	5.06
1200.0	14.0	3.66	6.99
1200.0	15.0	4.16	6.01
1200.0	20.0	4.87	7.68
1200.0	21.0	6.83	3.62
1210.0	11.0	1.39	3.97
1210.0	12.0	0.83	4.87
1210.0	14.0	2.87	6.86
1210.0	15.0	3.39	5.83
1210.0	20.0	3.91	7.71
1210.0	21.0	5.85	3.4
1220.0	11.0	0.71	3.72
1220.0	12.0	0.11	4.68
1220.0	14.0	2.0	6.75
1220.0	15.0	2.37	5.98
1220.0	20.0	2.95	7.8
1220.0	21.0	4.91	3.24
1220.0	22.0	11.86	5.17
1230.0	11.0	0.01	3.41
1230.0	12.0	-0.65	4.3
1230.0	14.0	1.19	6.6
1230.0	15.0	1.53	5.83
1230.0	20.0	1.93	7.8
1230.0	21.0	3.92	3.09
1230.0	22.0	10.95	4.94
1240.0	11.0	-0.63	3.08
1240.0	12.0	-1.48	3.9
1240.0	14.0	0.33	6.47
1240.0	15.0	0.68	5.71
1240.0	20.0	0.95	7.68
1240.0	21.0	3.05	2.8
1240.0	22.0	9.91	4.75
1250.0	22.0	8.85	4.57
1260.0	22.0	7.86	4.39
1270.0	22.0	6.83	4.22
1280.0	22.0	5.63	3.98
1280.0	25.0	12.57	6.2
1290.0	22.0	4.67	3.78
1290.0	25.0	10.86	6.56
1300.0	22.0	3.67	3.55
1300.0	25.0	9.26	6.87
1310.0	22.0	2.7	3.31
1310.0	25.0	7.85	7.19
1320.0	22.0	1.81	2.84
1320.0	25.0	6.48	7.57
1330.0	22.0	0.82	2.5
1330.0	25.0	5.16	7.93
1340.0	22.0	-0.05	2.23
1340.0	25.0	3.92	8.25
1350.0	22.0	-0.91	1.87
1350.0	25.0	2.68	8.71
1360.0	22.0	-2.02	1.55
1360.0	25.0	1.38	9.14
1370.0	25.0	0.37	9.73
1450.0	28.0	10.02	4.29
1460.0	28.0	8.88	4.1
1470.0	28.0	7.93	4.1
1480.0	28.0	7.01	4.1
1490.0	28.0	5.86	4.08
1500.0	28.0	4.87	4.04
1510.0	28.0	3.96	3.87
1520.0	28.0	2.96	3.82
1530.0	28.0	2.03	3.74
1530.0	33.0	13.1	6.2
1540.0	28.0	1.13	3.62
1540.0	33.0	12.12	6.46
1540.0	34.0	12.56	5.64
1550.0	28.0	0.2	3.61
1550.0	33.0	11.31	6.59
1550.0	34.0	11.53	5.82
1560.0	28.0	-0.72	3.51
1560.0	33.0	10.51	6.7
1560.0	34.0	10.55	5.83
1570.0	28.0	-1.79	3.53
1570.0	33.0	9.66	6.78
1570.0	34.0	9.71	5.86
1580.0	33.0	8.81	6.95
1580.0	34.0	8.85	6.02
1590.0	33.0	7.96	7.14
1590.0	34.0	7.96	6.2
1600.0	33.0	7.11	7.21
1600.0	34.0	7.14	6.22
1610.0	33.0	6.29	7.28
1610.0	34.0	6.26	6.26
1620.0	33.0	5.36	7.44
1620.0	34.0	5.2	6.39
1630.0	33.0	4.48	7.73
1630.0	34.0	4.34	6.66
1640.0	33.0	3.57	8.01
1640.0	34.0	3.47	6.93
1650.0	33.0	2.85	8.3
1650.0	34.0	2.72	7.22
1660.0	33.0	2.02	8.57
1660.0	34.0	1.65	7.59
1670.0	33.0	0.96	9.03
1670.0	34.0	0.67	8.02
1680.0	33.0	0.19	9.45
1680.0	34.0	0.01	8.48
1800.0	36.0	12.14	6.1
1810.0	36.0	10.99	6.46
1820.0	36.0	9.86	6.71
1830.0	36.0	8.79	6.97
1840.0	36.0	7.73	7.23
1850.0	36.0	6.65	7.42
1860.0	36.0	5.55	7.68
1870.0	36.0	4.46	7.96
1880.0	36.0	3.4	8.25
1890.0	36.0	2.9	8.43
1900.0	36.0	1.65	8.92
1910.0	36.0	0.55	9.49
1920.0	36.0	-0.28	9.98
1930.0	36.0	-1.31	10.3
1930.0	38.0	10.9	4.26
1940.0	38.0	9.56	3.88
1950.0	38.0	8.21	3.63
1960.0	38.0	6.86	3.4
1970.0	38.0	5.58	3.13
1980.0	38.0	4.39	3.0
1980.0	40.0	-2.42	-0.46
1990.0	38.0	2.93	2.94
1990.0	40.0	-1.9	0.3
2000.0	38.0	1.61	2.86
2000.0	40.0	-1.01	0.95
2010.0	38.0	0.37	2.62
2010.0	40.0	-0.1	1.36
2020.0	38.0	-0.8	1.92
2020.0	40.0	0.91	1.73
2030.0	38.0	-1.74	1.01
2030.0	40.0	1.84	2.14
2040.0	40.0	2.83	2.52
2050.0	40.0	3.9	2.96
2060.0	40.0	4.87	3.24
2070.0	40.0	5.84	3.5
2080.0	40.0	6.85	3.54
2090.0	40.0	7.85	3.65
2100.0	40.0	8.84	3.75
2110.0	40.0	9.86	3.79
2110.0	41.0	12.61	5.88
2120.0	40.0	10.88	3.93
2120.0	41.0	11.67	6.15
2130.0	40.0	11.88	4.16
2130.0	41.0	10.91	5.93
2130.0	43.0	13.18	5.2
2130.0	44.0	12.92	6.06
2140.0	40.0	12.78	4.47
2140.0	41.0	9.91	6.1
2140.0	43.0	12.28	5.28
2140.0	44.0	11.83	6.18
2150.0	41.0	9.01	5.97
2150.0	43.0	11.31	5.35
2150.0	44.0	10.89	6.19
2160.0	41.0	8.15	5.91
2160.0	43.0	10.37	5.32
2160.0	44.0	10.01	6.21
2170.0	41.0	7.25	5.76
2170.0	43.0	9.39	5.21
2170.0	44.0	9.12	6.21
2180.0	41.0	6.37	5.7
2180.0	43.0	8.53	5.04
2180.0	44.0	8.24	6.2
2180.0	45.0	12.38	5.2
2190.0	41.0	5.47	5.61
2190.0	43.0	7.68	4.89
2190.0	44.0	7.35	6.11
2190.0	45.0	11.22	5.05
2200.0	41.0	4.55	5.52
2200.0	43.0	6.78	4.81
2200.0	44.0	6.36	5.94
2200.0	45.0	10.23	4.79
2210.0	41.0	3.67	5.44
2210.0	43.0	5.93	4.71
2210.0	44.0	5.51	5.74
2210.0	45.0	9.17	4.62
2220.0	41.0	2.77	5.24
2220.0	43.0	5.05	4.64
2220.0	44.0	4.56	5.69
2220.0	45.0	8.08	4.51
2230.0	41.0	1.95	5.14
2230.0	43.0	4.19	4.49
2230.0	44.0	3.7	5.86
2230.0	45.0	7.03	4.31
2240.0	41.0	1.06	4.93
2240.0	43.0	3.26	4.33
2240.0	44.0	2.75	5.68
2240.0	45.0	5.93	4.19
2240.0	48.0	-4.44	4.62
2250.0	41.0	0.11	4.65
2250.0	43.0	2.3	4.05
2250.0	44.0	1.8	5.37
2250.0	45.0	4.79	4.13
2250.0	48.0	-3.49	5.09
2260.0	41.0	-0.6	4.29
2260.0	43.0	1.15	3.51
2260.0	44.0	0.65	4.97
2260.0	45.0	3.76	3.96
2260.0	48.0	-2.54	5.45
2270.0	41.0	-1.5	3.87
2270.0	43.0	0.07	3.05
2270.0	44.0	-0.21	4.77
2270.0	45.0	2.72	3.76
2270.0	48.0	-1.5	5.69
2270.0	49.0	11.67	6.02
2280.0	41.0	-2.46	3.54
2280.0	43.0	-0.79	2.67
2280.0	44.0	-1.23	4.46
2280.0	45.0	1.72	3.61
2280.0	48.0	-0.43	5.77
2280.0	49.0	10.36	5.96
2290.0	41.0	-3.12	3.39
2290.0	43.0	-1.73	2.2
2290.0	44.0	-2.04	4.48
2290.0	45.0	0.72	3.46
2290.0	48.0	0.55	5.66
2290.0	49.0	9.13	6.05
2300.0	45.0	-0.3	3.4
2300.0	48.0	1.63	5.58
2300.0	49.0	7.99	6.26
2310.0	48.0	2.65	5.56
2310.0	49.0	6.67	6.23
2320.0	48.0	3.64	5.53
2320.0	49.0	5.48	6.3
2330.0	48.0	4.76	5.48
2330.0	49.0	4.26	6.41
2340.0	48.0	5.92	5.51
2350.0	48.0	6.98	5.57
2360.0	48.0	8.05	5.65
2370.0	48.0	9.1	5.7
2380.0	48.0	10.2	5.63
2390.0	48.0	11.29	5.57
2860.0	53.0	4.66	6.69
2860.0	54.0	4.71	6.09
2860.0	56.0	12.32	3.35
2860.0	57.0	1.25	7.97
2870.0	53.0	5.88	6.59
2870.0	54.0	5.93	6.0
2870.0	56.0	12.42	3.22
2870.0	57.0	2.22	7.53
2880.0	53.0	7.16	6.58
2880.0	54.0	7.22	5.99
2880.0	56.0	12.49	3.21
2880.0	57.0	3.34	7.14
2890.0	53.0	8.37	6.64
2890.0	54.0	8.42	6.07
2890.0	56.0	12.65	3.36
2890.0	57.0	4.38	6.75
2900.0	53.0	9.59	6.68
2900.0	54.0	9.64	6.11
2900.0	56.0	12.79	3.45
2900.0	57.0	5.41	6.41
2910.0	53.0	10.83	6.8
2910.0	54.0	10.84	6.25
2910.0	56.0	12.79	3.47
2910.0	57.0	6.48	6.11
2920.0	53.0	12.24	6.7
2920.0	54.0	12.11	5.97
2920.0	56.0	12.79	3.38
2920.0	57.0	7.72	6.04
2930.0	56.0	12.78	3.16
2930.0	57.0	9.05	6.21
2940.0	56.0	12.78	3.08
2940.0	57.0	10.46	6.39
2950.0	56.0	12.78	3.08
2950.0	57.0	11.69	6.38
2960.0	56.0	12.78	3.08
2970.0	56.0	12.78	3.08
2980.0	56.0	12.78	3.08
2990.0	56.0	12.78	3.15
3000.0	56.0	12.82	3.24
3010.0	56.0	12.82	3.24
3010.0	60.0	-1.16	1.71
3020.0	56.0	12.82	3.24
3020.0	60.0	-0.23	2.16
3030.0	56.0	12.82	3.2
3030.0	60.0	0.72	2.57
3040.0	56.0	12.82	3.11
3040.0	60.0	1.68	2.95
3050.0	56.0	12.82	3.01
3050.0	60.0	2.7	3.27
3060.0	56.0	12.82	3.01
3060.0	60.0	3.76	3.54
3070.0	56.0	12.59	3.01
3070.0	60.0	4.66	3.84
3080.0	56.0	12.59	3.01
3080.0	60.0	5.63	4.02
3090.0	56.0	12.59	3.01
3090.0	60.0	6.69	4.21
3100.0	56.0	12.59	3.01
3100.0	60.0	7.71	4.44
3100.0	62.0	13.26	6.28
3110.0	56.0	12.59	3.01
3110.0	60.0	8.72	4.63
3110.0	62.0	12.16	6.41
3120.0	56.0	12.59	3.01
3120.0	60.0	9.79	4.82
3120.0	62.0	11.08	6.27
3130.0	56.0	12.54	3.01
3130.0	60.0	10.86	5.06
3130.0	62.0	10.0	6.03
3140.0	56.0	12.52	3.01
3140.0	60.0	11.89	5.22
3140.0	62.0	8.98	5.74
3150.0	56.0	12.52	3.01
3150.0	62.0	7.95	5.34
3160.0	56.0	12.55	3.1
3160.0	62.0	6.9	5.19
3170.0	56.0	12.6	3.23
3170.0	62.0	5.87	4.97
3170.0	63.0	10.56	6.37
3180.0	62.0	4.87	4.73
3180.0	63.0	9.49	6.2
3190.0	62.0	3.84	4.43
3190.0	63.0	8.54	5.78
3200.0	62.0	2.84	4.11
3200.0	63.0	7.58	5.46
3210.0	62.0	1.88	3.84
3210.0	63.0	6.56	5.18
3220.0	62.0	0.85	3.54
3220.0	63.0	5.58	4.98
3230.0	62.0	-0.1	3.18
3230.0	63.0	4.63	4.68
3240.0	62.0	-1.05	2.77
3240.0	63.0	3.68	4.42
3250.0	62.0	-1.82	2.14
3250.0	63.0	2.7	4.08
3650.0	64.0	6.93	4.35
3650.0	65.0	3.91	7.35
3650.0	67.0	1.21	8.43
3660.0	64.0	5.96	4.02
3660.0	65.0	3.16	7.37
3660.0	67.0	0.4	8.89
3670.0	64.0	4.97	3.71
3670.0	65.0	2.3	7.29
3670.0	67.0	-0.34	9.52
3680.0	64.0	3.85	3.46
3680.0	65.0	1.54	7.24
3680.0	67.0	-1.06	10.11
3690.0	64.0	2.74	3.33
3700.0	64.0	1.64	3.02
3710.0	64.0	0.72	2.76
3720.0	64.0	-0.16	2.53
3730.0	64.0	-1.03	2.18
4160.0	69.0	9.85	4.8
4170.0	69.0	8.92	4.5
4180.0	69.0	7.79	4.22
4190.0	69.0	6.65	3.94
4200.0	69.0	5.38	3.61
4200.0	70.0	-2.66	4.51
4210.0	69.0	4.37	3.45
4210.0	70.0	-1.61	4.48
4220.0	69.0	3.22	3.32
4220.0	70.0	-0.73	4.63
4220.0	74.0	12.45	4.92
4220.0	75.0	12.7	5.68
4220.0	76.0	11.93	5.99
4230.0	69.0	2.07	3.13
4230.0	70.0	0.27	4.67
4230.0	74.0	11.75	4.81
4230.0	75.0	11.75	5.48
4230.0	76.0	11.23	6.01
4240.0	69.0	0.96	2.92
4240.0	70.0	1.3	4.72
4240.0	74.0	10.94	4.57
4240.0	75.0	10.78	5.42
4240.0	76.0	10.22	5.9
4250.0	69.0	-0.28	2.76
4250.0	70.0	2.12	4.75
4250.0	74.0	10.01	4.39
4250.0	75.0	9.84	5.12
4250.0	76.0	9.28	5.61
4260.0	69.0	-1.19	2.66
4260.0	70.0	3.16	4.84
4260.0	74.0	9.07	4.16
4260.0	75.0	8.98	4.85
4260.0	76.0	8.41	5.42
4270.0	70.0	3.73	5.01
4270.0	74.0	8.22	3.88
4270.0	75.0	8.17	4.5
4270.0	76.0	7.47	5.01
4280.0	70.0	4.57	5.09
4280.0	74.0	7.35	3.54
4280.0	75.0	7.3	4.22
4280.0	76.0	6.58	4.78
4290.0	70.0	5.41	5.21
4290.0	74.0	6.4	3.13
4290.0	75.0	6.49	3.99
4290.0	76.0	5.77	4.48
4300.0	70.0	6.2	5.28
4300.0	74.0	5.56	2.96
4300.0	75.0	5.58	3.83
4300.0	76.0	4.88	4.32
4310.0	70.0	7.2	5.31
4310.0	74.0	4.51	2.67
4310.0	75.0	4.59	3.59
4310.0	76.0	3.94	4.1
4310.0	78.0	-2.19	5.0
4320.0	70.0	7.86	5.24
4320.0	74.0	3.64	2.42
4320.0	75.0	3.7	3.34
4320.0	76.0	3.05	3.7
4320.0	78.0	-1.15	5.18
4330.0	70.0	8.74	5.44
4330.0	74.0	2.66	2.27
4330.0	75.0	2.72	3.13
4330.0	76.0	2.01	3.45
4330.0	78.0	-0.03	5.37
4330.0	79.0	-3.78	5.15
4340.0	70.0	9.6	5.51
4340.0	74.0	1.7	2.07
4340.0	75.0	1.79	2.89
4340.0	76.0	1.03	3.19
4340.0	78.0	1.03	5.53
4340.0	79.0	-3.09	5.12
4350.0	70.0	10.43	5.4
4350.0	74.0	0.86	1.71
4350.0	75.0	0.85	2.58
4350.0	76.0	-0.0	2.9
4350.0	78.0	2.1	5.65
4350.0	79.0	-2.34	5.19
4360.0	70.0	11.04	5.84
4360.0	74.0	-0.12	1.35
4360.0	75.0	0.0	2.19
4360.0	76.0	-0.88	2.48
4360.0	78.0	3.05	5.83
4360.0	79.0	-1.61	5.17
4370.0	74.0	-0.96	0.92
4370.0	75.0	-0.84	1.71
4370.0	76.0	-1.65	2.03
4370.0	78.0	4.15	5.91
4370.0	79.0	-0.84	5.31
4380.0	78.0	5.23	5.92
4380.0	79.0	-0.13	5.27
4390.0	78.0	6.28	5.87
4390.0	79.0	0.61	5.36
4400.0	78.0	7.45	5.84
4400.0	79.0	1.38	5.43
4410.0	78.0	8.63	5.81
4410.0	79.0	2.19	5.68
4420.0	78.0	9.76	5.79
4420.0	79.0	2.94	5.83
4420.0	81.0	-4.98	5.09
4430.0	78.0	10.9	5.71
4430.0	79.0	3.73	5.95
4430.0	81.0	-3.95	5.06
4440.0	78.0	12.0	5.64
4440.0	79.0	4.53	6.04
4440.0	81.0	-2.81	5.08
4450.0	79.0	5.37	6.03
4450.0	81.0	-1.57	5.15
4460.0	79.0	6.19	6.0
4460.0	81.0	-0.39	5.22
4470.0	79.0	7.09	6.0
4470.0	81.0	0.74	5.28
4480.0	79.0	7.95	5.99
4480.0	81.0	1.83	5.31
4490.0	79.0	8.8	6.04
4490.0	81.0	2.99	5.3
4500.0	79.0	9.68	6.04
4500.0	81.0	4.22	5.27
4510.0	79.0	10.51	5.99
4510.0	81.0	5.34	5.27
4520.0	79.0	11.33	5.98
4520.0	81.0	6.52	5.29
4530.0	81.0	7.72	5.23
4540.0	81.0	8.91	5.18
4550.0	81.0	10.09	5.25
4560.0	81.0	11.27	5.37
4570.0	81.0	12.43	5.45
4600.0	83.0	11.39	4.7
4610.0	83.0	10.34	4.58
4620.0	83.0	9.27	4.51
4630.0	83.0	8.27	4.54
4630.0	84.0	-0.73	9.29
4630.0	85.0	-0.45	9.88
4640.0	83.0	7.33	4.47
4640.0	84.0	0.02	8.92
4640.0	85.0	0.46	9.56
4650.0	83.0	6.34	4.41
4650.0	84.0	0.76	8.61
4650.0	85.0	1.17	9.24
4660.0	83.0	5.35	4.26
4660.0	84.0	1.53	8.26
4660.0	85.0	1.89	8.89
4670.0	83.0	4.41	4.12
4670.0	84.0	2.33	7.84
4670.0	85.0	2.74	8.49
4680.0	83.0	3.47	4.01
4680.0	84.0	3.12	7.46
4680.0	85.0	3.56	8.13
4690.0	83.0	2.48	3.77
4690.0	84.0	3.96	6.94
4690.0	85.0	4.32	7.75
4700.0	83.0	1.49	3.66
4700.0	84.0	4.78	6.54
4700.0	85.0	5.2	7.41
4710.0	83.0	0.54	3.59
4710.0	84.0	5.59	6.18
4710.0	85.0	6.03	7.26
4720.0	83.0	-0.46	3.52
4720.0	84.0	6.43	5.93
4720.0	85.0	7.0	7.06
4720.0	87.0	11.99	5.08
4730.0	83.0	-1.5	3.48
4730.0	84.0	7.29	5.8
4730.0	85.0	7.64	7.06
4730.0	87.0	10.88	4.72
4730.0	88.0	-1.99	5.65
4730.0	89.0	-1.74	6.64
4740.0	84.0	8.15	5.66
4740.0	85.0	8.55	6.86
4740.0	87.0	9.71	4.49
4740.0	88.0	-0.85	5.73
4740.0	89.0	-0.68	6.48
4750.0	84.0	9.04	5.58
4750.0	85.0	9.19	6.65
4750.0	87.0	8.67	4.07
4750.0	88.0	0.23	5.65
4750.0	89.0	0.41	6.5
4760.0	84.0	9.92	5.56
4760.0	85.0	10.1	6.51
4760.0	87.0	7.51	3.81
4760.0	88.0	1.32	5.68
4760.0	89.0	1.49	6.57
4770.0	84.0	10.78	5.43
4770.0	85.0	11.13	6.29
4770.0	87.0	6.36	3.69
4770.0	88.0	2.38	5.68
4770.0	89.0	2.48	6.54
4780.0	84.0	11.67	5.1
4780.0	85.0	11.99	6.24
4780.0	87.0	5.29	3.39
4780.0	88.0	3.48	5.82
4780.0	89.0	3.53	6.52
4790.0	87.0	4.51	3.22
4790.0	88.0	4.57	5.82
4790.0	89.0	4.61	6.51
4800.0	87.0	3.13	3.03
4800.0	88.0	5.62	5.66
4800.0	89.0	5.69	6.5
4810.0	87.0	2.05	2.82
4810.0	88.0	6.66	5.72
4810.0	89.0	6.8	6.47
4810.0	94.0	-1.99	7.08
4810.0	95.0	-2.2	0.33
4820.0	87.0	1.21	2.55
4820.0	88.0	7.64	5.54
4820.0	89.0	7.86	6.39
4820.0	94.0	-1.15	6.96
4820.0	95.0	-1.25	1.11
4830.0	87.0	0.22	2.4
4830.0	88.0	8.65	5.47
4830.0	89.0	9.06	6.25
4830.0	94.0	-0.36	6.78
4830.0	95.0	-0.15	1.51
4840.0	87.0	-0.65	2.05
4840.0	88.0	9.63	5.26
4840.0	89.0	10.03	6.13
4840.0	94.0	0.54	6.69
4840.0	95.0	0.95	1.79
4850.0	87.0	-1.57	1.41
4850.0	88.0	10.54	5.09
4850.0	89.0	10.97	6.0
4850.0	94.0	1.42	6.66
4850.0	95.0	1.96	2.18
4860.0	87.0	-2.41	0.9
4860.0	88.0	11.44	4.99
4860.0	89.0	11.97	5.85
4860.0	94.0	2.32	6.59
4860.0	95.0	3.27	2.75
4870.0	87.0	-3.09	0.16
4870.0	88.0	12.14	4.83
4870.0	89.0	13.03	5.61
4870.0	94.0	3.21	6.5
4870.0	95.0	4.39	2.96
4880.0	87.0	-3.89	-0.7
4880.0	94.0	4.09	6.36
4880.0	95.0	5.6	3.31
4890.0	94.0	5.0	6.27
4890.0	95.0	6.91	3.5
4890.0	96.0	-2.79	5.55
4900.0	94.0	5.87	6.19
4900.0	95.0	8.21	3.65
4900.0	96.0	-1.66	5.47
4910.0	94.0	6.74	6.04
4910.0	95.0	9.42	3.88
4910.0	96.0	-0.5	5.48
4920.0	94.0	7.6	5.96
4920.0	95.0	10.56	4.14
4920.0	96.0	0.64	5.52
4930.0	94.0	8.44	5.85
4930.0	95.0	11.67	4.44
4930.0	96.0	1.75	5.58
4940.0	94.0	9.31	5.79
4940.0	95.0	12.59	4.7
4940.0	96.0	2.9	5.63
4950.0	94.0	10.11	5.73
4950.0	95.0	13.45	4.9
4950.0	96.0	3.98	5.77
4960.0	94.0	10.86	5.63
4960.0	96.0	5.1	5.75
4960.0	100.0	12.77	6.74
4970.0	94.0	11.57	5.56
4970.0	96.0	6.24	5.77
4970.0	100.0	12.13	6.85
4980.0	94.0	12.21	5.42
4980.0	96.0	7.2	5.79
4980.0	100.0	11.45	7.19
4990.0	96.0	7.99	5.75
4990.0	100.0	10.55	7.25
5110.0	103.0	3.76	4.07
5110.0	108.0	3.55	8.86
5120.0	103.0	2.8	3.57
5120.0	108.0	2.91	8.86
5130.0	103.0	2.16	3.16
5130.0	108.0	1.49	9.17
5140.0	103.0	1.46	2.71
5140.0	108.0	0.62	9.39
5150.0	103.0	0.73	2.3
5150.0	108.0	-0.12	9.74
5160.0	103.0	-0.1	1.84
5160.0	108.0	-0.94	10.2
5170.0	103.0	-0.92	1.52
5170.0	108.0	-1.64	10.84
5180.0	103.0	-1.61	0.91
5400.0	113.0	12.43	6.53
5410.0	113.0	11.74	6.57
5420.0	113.0	11.01	6.55
5430.0	113.0	10.22	6.55
5440.0	113.0	9.35	6.56
5440.0	116.0	-0.55	1.19
5450.0	113.0	8.52	6.54
5450.0	116.0	0.59	1.83
5460.0	113.0	7.68	6.52
5460.0	116.0	1.71	2.36
5470.0	113.0	6.89	6.39
5470.0	116.0	2.95	2.92
5480.0	113.0	6.06	6.39
5480.0	116.0	4.11	3.44
5490.0	113.0	5.22	6.47
5490.0	116.0	5.35	3.85
5490.0	118.0	-2.63	-0.35
5500.0	113.0	4.42	6.48
5500.0	116.0	6.63	4.07
5500.0	118.0	-1.87	0.36
5510.0	113.0	3.56	6.61
5510.0	116.0	7.79	4.31
5510.0	118.0	-1.0	1.07
5520.0	113.0	2.75	6.75
5520.0	116.0	8.96	4.5
5520.0	118.0	-0.2	1.73
5530.0	113.0	1.94	6.87
5530.0	116.0	10.18	4.59
5530.0	118.0	0.59	2.43
5540.0	113.0	1.12	7.05
5540.0	116.0	11.38	4.8
5540.0	118.0	1.49	2.91
5550.0	113.0	0.28	7.12
5550.0	116.0	12.59	4.98
5550.0	118.0	2.49	3.26
5550.0	119.0	12.96	6.37
5560.0	113.0	-0.5	7.2
5560.0	118.0	3.52	3.43
5560.0	119.0	11.82	6.79
5570.0	113.0	-1.23	7.22
5570.0	118.0	4.5	3.63
5570.0	119.0	11.13	7.19
5580.0	118.0	5.52	3.93
5580.0	119.0	10.54	7.55
5590.0	118.0	6.54	4.19
5590.0	119.0	9.73	7.84
5600.0	118.0	7.59	4.42
5600.0	119.0	8.8	8.01
5610.0	118.0	8.66	4.68
5610.0	119.0	7.78	8.0
5620.0	118.0	9.69	4.92
5620.0	119.0	6.78	8.05
5620.0	120.0	12.13	6.5
5630.0	118.0	10.71	5.27
5630.0	119.0	5.76	8.12
5630.0	120.0	11.31	6.81
6230.0	121.0	10.73	5.96
6230.0	122.0	10.67	6.71
6240.0	121.0	9.8	6.2
6240.0	122.0	9.79	6.95
6250.0	121.0	8.86	6.38
6250.0	122.0	8.85	7.14
6260.0	121.0	7.79	6.62
6260.0	122.0	7.95	7.33
6270.0	121.0	6.88	6.85
6270.0	122.0	7.05	7.55
6280.0	121.0	6.01	7.01
6280.0	122.0	6.22	7.71
6290.0	121.0	5.14	7.18
6290.0	122.0	5.36	7.88
6300.0	121.0	4.25	7.31
6300.0	122.0	4.53	8.02
6310.0	121.0	3.29	7.63
6310.0	122.0	3.45	8.24
6320.0	121.0	2.4	7.86
6320.0	122.0	2.54	8.42
6330.0	121.0	1.52	8.07
6330.0	122.0	1.66	8.64
6340.0	121.0	0.71	8.43
6340.0	122.0	0.89	8.99
6340.0	123.0	-2.46	5.21
6350.0	121.0	-0.1	8.8
6350.0	122.0	0.17	9.47
6350.0	123.0	-1.66	5.08
6360.0	121.0	-0.84	9.26
6360.0	122.0	-0.52	9.95
6360.0	123.0	-0.88	4.85
6370.0	121.0	-1.6	9.7
6370.0	122.0	-1.27	10.4
6370.0	123.0	0.08	4.78
6380.0	123.0	1.02	4.72
6390.0	123.0	1.94	4.67
6400.0	123.0	2.92	4.57
6410.0	123.0	3.83	4.5
6420.0	123.0	4.81	4.47
6420.0	126.0	-5.19	6.38
6420.0	127.0	-5.45	7.31
6430.0	123.0	5.75	4.33
6430.0	126.0	-4.3	6.5
6430.0	127.0	-4.56	7.42
6440.0	123.0	6.69	4.38
6440.0	126.0	-3.36	6.56
6440.0	127.0	-3.66	7.48
6450.0	123.0	7.62	4.43
6450.0	126.0	-2.42	6.51
6450.0	127.0	-2.72	7.42
6460.0	123.0	8.54	4.68
6460.0	126.0	-1.39	6.39
6460.0	127.0	-1.59	7.31
6470.0	123.0	9.45	4.91
6470.0	126.0	-0.56	6.38
6470.0	127.0	-0.59	7.22
6480.0	123.0	10.37	5.02
6480.0	126.0	0.26	6.18
6480.0	127.0	0.36	7.14
6490.0	123.0	11.32	5.15
6490.0	126.0	1.27	6.02
6490.0	127.0	1.32	7.05
6500.0	123.0	12.31	5.24
6500.0	126.0	2.25	5.84
6500.0	127.0	2.28	6.9
6510.0	126.0	3.14	5.65
6510.0	127.0	3.16	6.66
6520.0	126.0	4.08	5.47
6520.0	127.0	4.1	6.43
6530.0	126.0	5.0	5.31
6530.0	127.0	5.01	6.31
6540.0	126.0	5.9	5.29
6540.0	127.0	5.92	6.23
6550.0	126.0	6.75	5.23
6550.0	127.0	6.84	6.22
6560.0	126.0	7.65	5.14
6560.0	127.0	7.72	6.19
6570.0	126.0	8.49	5.03
6570.0	127.0	8.67	6.17
6580.0	126.0	9.31	4.97
6580.0	127.0	9.53	6.23
6590.0	126.0	10.08	5.01
6590.0	127.0	10.39	6.23
6600.0	126.0	10.86	4.96
6600.0	127.0	11.2	6.25
6610.0	126.0	11.57	4.74
6610.0	127.0	12.02	6.08
6800.0	130.0	10.45	3.88
6810.0	130.0	9.57	3.76
6820.0	130.0	8.64	3.64
6830.0	130.0	7.75	3.47
6830.0	134.0	-2.27	11.61
6830.0	135.0	-3.17	-1.27
6840.0	130.0	6.94	3.3
6840.0	134.0	-1.42	10.84
6840.0	135.0	-2.52	-0.43
6850.0	130.0	5.97	3.07
6850.0	134.0	-0.34	10.17
6850.0	135.0	-1.81	0.36
6860.0	130.0	4.99	2.95
6860.0	134.0	0.61	9.59
6860.0	135.0	-0.95	1.04
6870.0	130.0	3.96	2.89
6870.0	134.0	1.75	9.22
6870.0	135.0	-0.02	1.46
6870.0	137.0	12.77	5.14
6880.0	130.0	2.98	3.08
6880.0	134.0	2.87	9.05
6880.0	135.0	0.79	1.81
6880.0	137.0	11.85	4.89
6890.0	130.0	1.95	3.0
6890.0	134.0	4.13	8.74
6890.0	135.0	1.66	2.2
6890.0	137.0	10.81	4.53
6890.0	139.0	12.58	4.94
6900.0	130.0	0.94	2.78
6900.0	134.0	5.25	8.44
6900.0	135.0	2.71	2.55
6900.0	137.0	9.8	4.38
6900.0	139.0	11.48	4.82
6910.0	130.0	0.01	2.47
6910.0	134.0	6.36	8.22
6910.0	135.0	3.57	2.7
6910.0	137.0	8.91	4.17
6910.0	139.0	10.31	4.8
6920.0	130.0	-1.02	1.85
6920.0	134.0	7.55	7.8
6920.0	135.0	4.45	2.93
6920.0	137.0	7.96	4.16
6920.0	139.0	9.18	4.78
6920.0	140.0	-3.83	-2.44
6930.0	130.0	-1.95	1.31
6930.0	134.0	8.71	7.38
6930.0	135.0	5.24	2.99
6930.0	137.0	6.98	4.15
6930.0	139.0	8.04	4.87
6930.0	140.0	-3.44	-1.6
6940.0	130.0	-2.81	0.61
6940.0	134.0	9.81	6.97
6940.0	135.0	6.3	3.16
6940.0	137.0	6.09	4.11
6940.0	139.0	7.0	4.83
6940.0	140.0	-2.84	-0.75
6950.0	130.0	-3.41	-0.17
6950.0	134.0	10.99	6.53
6950.0	135.0	7.17	3.48
6950.0	137.0	4.95	4.15
6950.0	139.0	5.86	4.89
6950.0	140.0	-2.07	0.08
6960.0	134.0	12.13	6.19
6960.0	135.0	8.06	3.98
6960.0	137.0	4.07	4.02
6960.0	139.0	4.78	5.0
6960.0	140.0	-1.04	0.7
6970.0	134.0	13.11	5.88
6970.0	135.0	8.89	4.5
6970.0	137.0	3.04	4.08
6970.0	139.0	3.73	5.07
6970.0	140.0	-0.23	1.27
6970.0	141.0	-3.48	11.52
6980.0	135.0	9.86	4.68
6980.0	137.0	2.06	3.92
6980.0	139.0	2.7	5.2
6980.0	140.0	0.86	1.65
6980.0	141.0	-3.0	10.65
6980.0	142.0	-5.15	4.12
6990.0	135.0	10.91	4.82
6990.0	137.0	1.21	3.91
6990.0	139.0	1.69	5.24
6990.0	140.0	1.84	2.07
6990.0	141.0	-1.88	9.81
6990.0	142.0	-4.25	4.15
7000.0	135.0	12.04	5.07
7000.0	137.0	0.05	3.86
7000.0	139.0	0.68	5.32
7000.0	140.0	2.81	2.37
7000.0	141.0	-0.73	9.29
7000.0	142.0	-3.43	4.22
7010.0	137.0	-0.82	3.61
7010.0	139.0	-0.37	5.56
7010.0	140.0	3.83	2.78
7010.0	141.0	0.44	8.78
7010.0	142.0	-2.38	4.37
7020.0	137.0	-1.98	3.28
7020.0	139.0	-1.26	5.82
7020.0	140.0	4.89	3.08
7020.0	141.0	1.6	8.32
7020.0	142.0	-1.45	4.36
7030.0	137.0	-3.06	3.13
7030.0	139.0	-2.59	5.72
7030.0	140.0	5.94	3.42
7030.0	141.0	2.8	8.05
7030.0	142.0	-0.26	4.33
7040.0	137.0	-4.0	3.34
7040.0	139.0	-3.64	5.62
7040.0	140.0	7.16	3.69
7040.0	141.0	4.02	7.74
7040.0	142.0	0.78	4.31
7050.0	140.0	8.2	3.96
7050.0	141.0	5.26	7.43
7050.0	142.0	1.83	4.35
7060.0	140.0	9.29	4.21
7060.0	141.0	6.51	7.13
7060.0	142.0	2.9	4.47
7070.0	140.0	10.43	4.5
7070.0	141.0	7.75	6.75
7070.0	142.0	3.88	4.61
7080.0	140.0	11.52	4.58
7080.0	141.0	8.92	6.25
7080.0	142.0	4.88	4.69
7090.0	140.0	12.51	4.87
7090.0	141.0	10.19	5.91
7090.0	142.0	5.94	4.73
7100.0	141.0	11.44	5.76
7100.0	142.0	6.89	4.75
7110.0	141.0	12.7	5.68
7110.0	142.0	7.58	4.77
7120.0	142.0	8.47	4.88
7130.0	142.0	9.53	4.93
7140.0	142.0	10.5	5.17
7150.0	142.0	11.59	5.09
7160.0	142.0	12.37	5.33
7300.0	145.0	-1.58	3.42
7310.0	145.0	-0.56	3.49
7320.0	145.0	0.55	3.54
7330.0	145.0	1.65	3.56
7340.0	145.0	2.73	3.57
7350.0	145.0	3.84	3.63
7360.0	145.0	4.97	3.72
7370.0	145.0	6.12	3.73
7370.0	148.0	-2.36	1.16
7370.0	149.0	12.67	6.34
7380.0	145.0	7.26	3.83
7380.0	148.0	-1.59	1.99
7380.0	149.0	11.58	6.88
7390.0	145.0	8.4	3.94
7390.0	148.0	-0.77	2.58
7390.0	149.0	10.56	7.08
7400.0	145.0	9.56	4.16
7400.0	148.0	0.3	3.11
7400.0	149.0	9.61	7.49
7400.0	151.0	12.46	5.79
7410.0	145.0	10.6	4.41
7410.0	148.0	1.37	3.47
7410.0	149.0	8.55	7.66
7410.0	151.0	11.28	6.05
7420.0	145.0	11.78	4.67
7420.0	148.0	2.51	3.79
7420.0	149.0	7.39	7.61
7420.0	151.0	10.27	6.03
7420.0	152.0	-4.42	5.4
7430.0	145.0	12.97	4.67
7430.0	148.0	3.38	3.94
7430.0	149.0	6.33	7.69
7430.0	151.0	9.24	6.07
7430.0	152.0	-3.4	5.45
7440.0	148.0	4.48	4.1
7440.0	149.0	5.37	7.91
7440.0	151.0	8.24	6.23
7440.0	152.0	-2.23	5.48
7450.0	148.0	5.63	4.18
7450.0	149.0	4.29	7.78
7450.0	151.0	7.25	6.28
7450.0	152.0	-1.01	5.47
7460.0	148.0	6.75	4.19
7460.0	149.0	3.19	7.76
7460.0	151.0	6.2	6.48
7460.0	152.0	0.18	5.47
7460.0	154.0	-2.94	4.95
7470.0	148.0	7.84	4.28
7470.0	149.0	2.08	7.81
7470.0	151.0	5.13	6.76
7470.0	152.0	1.37	5.48
7470.0	154.0	-1.84	5.0
7480.0	148.0	8.97	4.45
7480.0	149.0	1.05	7.92
7480.0	151.0	4.11	7.07
7480.0	152.0	2.53	5.47
7480.0	154.0	-0.78	4.85
7490.0	148.0	10.12	4.59
7490.0	149.0	-0.15	7.9
7490.0	151.0	3.09	7.31
7490.0	152.0	3.73	5.55
7490.0	154.0	0.39	4.85
7500.0	148.0	11.23	4.7
7500.0	149.0	-1.28	7.96
7500.0	151.0	2.03	7.35
7500.0	152.0	4.96	5.7
7500.0	154.0	1.62	4.96
7510.0	148.0	12.25	4.76
7510.0	149.0	-2.09	7.86
7510.0	151.0	0.96	7.34
7510.0	152.0	6.21	5.82
7510.0	154.0	2.79	5.18
7520.0	152.0	7.41	6.04
7520.0	154.0	3.99	5.28
7530.0	152.0	8.7	5.81
7530.0	154.0	5.26	5.32
7540.0	152.0	10.03	5.81
7540.0	154.0	6.45	5.31
7550.0	152.0	11.25	5.89
7550.0	154.0	7.63	5.33
7560.0	152.0	12.48	5.79
7560.0	154.0	8.83	5.39
7570.0	154.0	10.02	5.41
7580.0	154.0	11.17	5.36
7580.0	156.0	12.44	6.66
7590.0	154.0	12.27	5.36
7590.0	156.0	11.16	6.91
7600.0	154.0	13.09	5.78
7600.0	156.0	10.08	6.75
7610.0	156.0	8.78	6.75
7620.0	156.0	7.64	6.72
7630.0	156.0	6.47	6.55
7640.0	156.0	5.29	6.36
7650.0	156.0	4.15	6.29
7660.0	156.0	2.88	6.25
7670.0	156.0	1.64	6.22
7680.0	156.0	0.68	6.23
7690.0	156.0	-0.61	6.33
7700.0	156.0	-1.73	6.5
7770.0	160.0	11.65	5.63
7780.0	160.0	10.51	5.29
7790.0	160.0	9.64	5.15
7800.0	160.0	8.54	4.92
7810.0	160.0	7.51	4.68
7810.0	163.0	12.29	5.16
7820.0	160.0	6.63	4.4
7820.0	163.0	11.09	4.81
7830.0	160.0	5.51	4.05
7830.0	163.0	10.07	4.46
7840.0	160.0	4.49	3.78
7840.0	163.0	8.56	4.23
7850.0	160.0	3.46	3.67
7850.0	163.0	7.34	4.24
7860.0	160.0	2.49	3.36
7860.0	163.0	6.21	4.07
7870.0	160.0	1.48	3.15
7870.0	163.0	5.07	3.85
7880.0	160.0	0.57	2.94
7880.0	163.0	4.0	3.64
7890.0	160.0	-0.52	2.66
7890.0	163.0	2.88	3.44
7900.0	160.0	-1.6	2.59
7900.0	163.0	1.83	3.11
7910.0	160.0	-2.74	2.61
7910.0	163.0	0.8	2.64
7920.0	160.0	-3.88	2.77
7920.0	163.0	-0.17	2.1
7930.0	160.0	-4.63	3.06
7930.0	163.0	-0.97	1.63
7940.0	163.0	-1.91	0.62
7950.0	163.0	-2.63	-0.2
8120.0	169.0	-2.42	4.99
8120.0	171.0	-0.68	8.4
8130.0	169.0	-1.31	5.14
8130.0	171.0	-0.71	8.35
8140.0	169.0	0.13	5.18
8140.0	171.0	-0.91	8.42
8150.0	169.0	1.42	5.32
8150.0	171.0	-1.08	8.47
8150.0	172.0	-1.9	0.09
8160.0	169.0	2.69	5.42
8160.0	171.0	-1.24	8.36
8160.0	172.0	-1.01	0.97
8170.0	169.0	3.98	5.52
8170.0	171.0	-1.53	8.27
8170.0	172.0	-0.15	1.51
8180.0	169.0	5.3	5.58
8180.0	171.0	-1.87	8.41
8180.0	172.0	0.84	1.98
8190.0	169.0	6.57	5.69
8190.0	171.0	-1.91	8.44
8190.0	172.0	1.8	2.43
8200.0	169.0	7.85	5.73
8200.0	171.0	-2.31	8.41
8200.0	172.0	2.82	2.87
8210.0	169.0	9.21	5.7
8210.0	171.0	-2.66	8.63
8210.0	172.0	3.96	3.2
8220.0	169.0	10.5	5.65
8220.0	171.0	-2.66	8.63
8220.0	172.0	4.96	3.54
8230.0	169.0	11.79	5.58
8230.0	171.0	-2.66	8.63
8230.0	172.0	6.06	3.88
8240.0	169.0	13.25	5.68
8240.0	171.0	-2.66	8.63
8240.0	172.0	7.14	4.17
8250.0	171.0	-2.69	8.56
8250.0	172.0	8.22	4.38
8260.0	171.0	-2.69	8.52
8260.0	172.0	9.31	4.57
8270.0	171.0	-2.39	8.73
8270.0	172.0	10.36	4.77
8280.0	171.0	-2.1	8.77
8280.0	172.0	11.45	4.96
8290.0	171.0	-1.72	8.74
8290.0	172.0	12.54	5.23
8290.0	174.0	-3.14	13.21
8290.0	175.0	-1.98	0.1
8300.0	171.0	-1.55	8.62
8300.0	172.0	13.91	5.62
8300.0	174.0	-2.68	12.24
8300.0	175.0	-1.19	0.75
8310.0	171.0	-1.52	8.59
8310.0	174.0	-2.1	11.41
8310.0	175.0	-0.37	1.29
8320.0	171.0	-1.52	8.59
8320.0	174.0	-1.38	10.59
8320.0	175.0	0.53	1.7
8330.0	171.0	-1.52	8.59
8330.0	174.0	-0.71	10.15
8330.0	175.0	1.5	2.13
8340.0	171.0	-1.52	8.59
8340.0	174.0	0.08	9.64
8340.0	175.0	2.4	2.45
8350.0	171.0	-1.52	8.59
8350.0	174.0	0.99	9.2
8350.0	175.0	3.47	2.82
8360.0	171.0	-1.52	8.59
8360.0	174.0	2.17	8.84
8360.0	175.0	4.44	3.03
8370.0	171.0	-1.97	8.35
8370.0	174.0	3.15	8.54
8370.0	175.0	5.39	3.23
8370.0	178.0	-1.79	5.43
8370.0	179.0	-1.54	4.23
8380.0	171.0	-2.04	8.35
8380.0	174.0	4.14	8.31
8380.0	175.0	6.43	3.44
8380.0	178.0	-0.72	5.46
8380.0	179.0	-0.56	4.22
8390.0	171.0	-2.41	8.33
8390.0	174.0	5.2	8.09
8390.0	175.0	7.47	3.7
8390.0	178.0	0.28	5.46
8390.0	179.0	0.45	4.27
8400.0	171.0	-2.62	8.16
8400.0	174.0	6.25	7.82
8400.0	175.0	8.48	4.0
8400.0	178.0	1.4	5.47
8400.0	179.0	1.42	4.34
8400.0	181.0	-1.11	4.92
8400.0	182.0	-1.33	5.83
8400.0	183.0	-2.06	6.5
8410.0	171.0	-2.83	7.99
8410.0	174.0	7.27	7.53
8410.0	175.0	9.5	4.38
8410.0	178.0	2.42	5.57
8410.0	179.0	2.42	4.42
8410.0	181.0	-0.09	4.8
8410.0	182.0	-0.03	5.9
8410.0	183.0	-0.98	6.49
8420.0	171.0	-2.83	7.99
8420.0	174.0	8.28	7.22
8420.0	175.0	10.48	4.72
8420.0	178.0	3.55	5.63
8420.0	179.0	3.43	4.46
8420.0	181.0	0.91	4.81
8420.0	182.0	1.21	5.92
8420.0	183.0	0.29	6.39
8430.0	171.0	-2.83	7.99
8430.0	174.0	9.31	6.83
8430.0	175.0	11.54	4.97
8430.0	178.0	4.58	5.61
8430.0	179.0	4.53	4.53
8430.0	181.0	2.02	4.73
8430.0	182.0	2.48	5.89
8430.0	183.0	1.54	6.23
8440.0	171.0	-2.83	7.99
8440.0	174.0	10.33	6.48
8440.0	175.0	12.66	5.2
8440.0	178.0	5.67	5.64
8440.0	179.0	5.58	4.65
8440.0	181.0	3.16	4.62
8440.0	182.0	3.76	5.87
8440.0	183.0	2.83	6.14
8450.0	171.0	-2.83	7.99
8450.0	174.0	11.32	6.16
8450.0	175.0	14.15	5.64
8450.0	178.0	6.7	5.6
8450.0	179.0	6.7	4.83
8450.0	181.0	4.12	4.66
8450.0	182.0	5.0	5.88
8450.0	183.0	4.15	6.25
8460.0	171.0	-2.91	8.04
8460.0	174.0	12.18	5.82
8460.0	178.0	7.77	5.57
8460.0	179.0	7.7	4.91
8460.0	181.0	5.12	4.68
8460.0	182.0	6.21	5.92
8460.0	183.0	5.43	6.38
8460.0	185.0	-1.98	6.4
8460.0	187.0	-2.98	8.82
8470.0	171.0	-2.92	8.02
8470.0	174.0	13.11	5.66
8470.0	178.0	8.78	5.56
8470.0	179.0	8.68	4.94
8470.0	181.0	6.11	4.7
8470.0	182.0	7.42	5.96
8470.0	183.0	6.66	6.4
8470.0	185.0	-1.15	6.14
8470.0	187.0	-2.01	8.65
8480.0	171.0	-3.01	8.06
8480.0	178.0	9.87	5.58
8480.0	179.0	9.8	4.83
8480.0	181.0	7.14	4.77
8480.0	182.0	8.66	6.07
8480.0	183.0	7.81	6.44
8480.0	185.0	0.02	5.85
8480.0	187.0	-1.04	8.39
8490.0	171.0	-3.05	8.05
8490.0	178.0	10.88	5.67
8490.0	179.0	10.94	4.8
8490.0	181.0	8.2	4.81
8490.0	182.0	9.93	6.18
8490.0	183.0	9.01	6.45
8490.0	185.0	1.02	6.01
8490.0	187.0	-0.05	8.14
8490.0	190.0	-2.64	3.35
8500.0	171.0	-3.05	8.05
8500.0	178.0	11.88	5.74
8500.0	179.0	11.91	4.88
8500.0	181.0	9.2	4.89
8500.0	182.0	11.06	6.2
8500.0	183.0	10.17	6.4
8500.0	185.0	2.15	5.94
8500.0	187.0	0.89	7.95
8500.0	190.0	-1.35	3.64
8510.0	171.0	-3.05	8.05
8510.0	178.0	13.0	5.78
8510.0	179.0	12.7	5.01
8510.0	181.0	10.22	4.99
8510.0	182.0	12.2	6.11
8510.0	183.0	11.17	6.28
8510.0	185.0	3.17	6.0
8510.0	187.0	2.01	7.83
8510.0	190.0	-0.31	3.89
8520.0	171.0	-3.05	8.05
8520.0	179.0	13.55	5.28
8520.0	181.0	11.18	5.09
8520.0	182.0	13.05	6.11
8520.0	183.0	12.04	6.12
8520.0	185.0	4.21	6.1
8520.0	187.0	3.04	7.62
8520.0	190.0	0.67	4.18
8530.0	171.0	-3.05	8.05
8530.0	181.0	12.0	5.3
8530.0	183.0	12.85	5.96
8530.0	185.0	5.29	6.07
8530.0	187.0	3.97	7.38
8530.0	190.0	1.69	4.5
8540.0	171.0	-3.05	8.05
8540.0	181.0	12.69	5.47
8540.0	183.0	13.99	5.71
8540.0	185.0	6.44	5.97
8540.0	187.0	4.85	7.25
8540.0	190.0	2.78	4.77
8550.0	171.0	-2.6	8.07
8550.0	181.0	13.47	5.74
8550.0	185.0	7.46	5.73
8550.0	187.0	5.81	7.03
8550.0	190.0	3.83	4.9
8560.0	171.0	-2.51	7.78
8560.0	185.0	8.58	5.61
8560.0	187.0	6.75	6.83
8560.0	190.0	4.86	5.01
8570.0	171.0	-2.38	7.73
8570.0	185.0	9.71	5.55
8570.0	187.0	7.64	6.68
8570.0	190.0	5.92	5.15
8580.0	171.0	-1.91	7.79
8580.0	185.0	10.78	5.64
8580.0	187.0	8.54	6.5
8580.0	190.0	6.92	5.25
8590.0	171.0	-1.54	7.72
8590.0	185.0	11.92	5.71
8590.0	187.0	9.42	6.35
8590.0	190.0	7.93	5.35
8600.0	171.0	-1.04	7.8
8600.0	185.0	13.06	5.59
8600.0	187.0	10.28	6.21
8600.0	190.0	8.98	5.4
8610.0	171.0	-0.62	7.82
8610.0	187.0	11.07	6.04
8610.0	190.0	9.94	5.5
8620.0	171.0	-0.16	7.77
8620.0	187.0	11.79	5.96
8620.0	190.0	10.73	5.55
8630.0	171.0	0.28	7.86
8640.0	171.0	0.67	7.8
8650.0	171.0	1.02	7.75
8660.0	171.0	1.44	7.87
8670.0	171.0	1.86	7.85
8680.0	171.0	2.22	7.89
8690.0	171.0	2.6	8.01
8700.0	171.0	3.04	7.99
8710.0	171.0	3.5	8.06
8710.0	192.0	9.83	7.07
8720.0	171.0	3.94	8.17
8720.0	192.0	8.82	7.21
8730.0	171.0	4.33	8.23
8730.0	192.0	7.8	7.32
8740.0	171.0	4.73	8.38
8740.0	192.0	6.8	7.29
8750.0	171.0	5.04	8.46
8750.0	192.0	5.8	7.18
8760.0	171.0	5.33	8.54
8760.0	192.0	4.79	7.14
8770.0	171.0	5.87	8.6
8770.0	192.0	3.77	7.22
8780.0	171.0	6.27	8.5
8780.0	192.0	2.79	7.46
8790.0	171.0	6.7	8.4
8790.0	192.0	1.76	7.9
8800.0	171.0	6.96	8.4
8800.0	192.0	0.88	8.36
8810.0	171.0	6.96	8.4
8810.0	192.0	0.03	8.91
8820.0	171.0	7.2	7.95
8830.0	171.0	7.23	7.85
8840.0	171.0	7.23	7.85
8850.0	171.0	7.23	7.85
8860.0	171.0	7.23	7.85
8860.0	194.0	0.46	4.97
8870.0	171.0	7.2	7.88
8870.0	194.0	1.56	5.01
8880.0	171.0	7.07	7.94
8880.0	194.0	2.66	5.0
8890.0	171.0	6.81	7.86
8890.0	194.0	3.73	5.04
8900.0	171.0	6.51	7.74
8900.0	194.0	4.86	5.11
8900.0	196.0	13.43	5.21
8910.0	171.0	6.16	7.76
8910.0	194.0	6.05	5.1
8910.0	196.0	12.66	5.11
8910.0	197.0	12.43	6.04
8920.0	171.0	5.78	7.73
8920.0	194.0	7.16	5.12
8920.0	196.0	11.82	4.85
8920.0	197.0	11.5	6.03
8930.0	171.0	5.4	7.69
8930.0	194.0	8.16	5.15
8930.0	196.0	10.98	4.75
8930.0	197.0	10.81	5.8
8940.0	171.0	4.99	7.72
8940.0	194.0	8.86	5.52
8940.0	196.0	10.18	4.55
8940.0	197.0	10.28	5.52
8940.0	199.0	-1.31	4.48
8950.0	171.0	4.59	7.71
8950.0	194.0	9.47	5.91
8950.0	196.0	9.41	4.41
8950.0	197.0	9.8	5.22
8950.0	199.0	-0.13	4.59
8960.0	171.0	4.13	7.78
8960.0	194.0	10.35	6.0
8960.0	196.0	8.72	4.26
8960.0	197.0	8.97	4.98
8960.0	199.0	1.08	4.71
8960.0	201.0	12.01	6.94
8970.0	171.0	3.73	7.92
8970.0	194.0	11.31	5.95
8970.0	196.0	7.99	4.03
8970.0	197.0	8.18	4.88
8970.0	199.0	2.28	4.86
8970.0	201.0	10.89	7.38
8970.0	202.0	12.87	5.37
8980.0	171.0	3.3	7.97
8980.0	194.0	12.44	6.02
8980.0	196.0	7.2	3.96
8980.0	197.0	7.24	4.8
8980.0	199.0	3.45	5.07
8980.0	201.0	9.92	7.71
8980.0	202.0	11.94	5.24
8990.0	171.0	2.87	8.04
8990.0	196.0	6.39	3.77
8990.0	197.0	6.35	4.58
8990.0	199.0	4.64	5.32
8990.0	201.0	8.79	8.03
8990.0	202.0	11.07	5.14
8990.0	204.0	-2.58	4.48
9000.0	171.0	2.42	8.16
9000.0	196.0	5.5	3.53
9000.0	197.0	5.42	4.35
9000.0	199.0	5.85	5.49
9000.0	201.0	7.68	8.2
9000.0	202.0	10.18	5.01
9000.0	204.0	-1.45	4.7
9010.0	171.0	1.97	8.24
9010.0	196.0	4.65	3.36
9010.0	197.0	4.42	4.2
9010.0	199.0	7.05	5.63
9010.0	201.0	6.53	8.51
9010.0	202.0	9.25	4.81
9010.0	204.0	-0.25	4.82
9020.0	171.0	1.52	8.35
9020.0	196.0	3.73	3.12
9020.0	197.0	3.5	4.0
9020.0	199.0	8.23	5.61
9020.0	201.0	5.63	8.76
9020.0	202.0	8.31	4.64
9020.0	204.0	0.76	5.02
9030.0	171.0	1.15	8.41
9030.0	196.0	2.76	2.95
9030.0	197.0	2.6	3.85
9030.0	199.0	9.46	5.64
9030.0	201.0	4.6	8.51
9030.0	202.0	7.37	4.49
9030.0	204.0	1.95	5.38
9040.0	171.0	0.74	8.37
9040.0	196.0	1.92	2.82
9040.0	197.0	1.68	3.68
9040.0	199.0	10.63	5.64
9040.0	201.0	3.62	7.93
9040.0	202.0	6.38	4.37
9040.0	204.0	3.06	5.65
9050.0	171.0	0.31	8.36
9050.0	196.0	1.01	2.52
9050.0	197.0	0.78	3.47
9050.0	199.0	11.92	5.64
9050.0	201.0	2.51	7.5
9050.0	202.0	5.48	4.18
9050.0	204.0	4.25	5.74
9060.0	171.0	-0.14	8.31
9060.0	196.0	0.07	2.2
9060.0	197.0	-0.11	3.23
9060.0	201.0	1.34	7.24
9060.0	202.0	4.55	4.11
9060.0	204.0	5.39	5.76
9070.0	171.0	-0.58	8.25
9070.0	196.0	-0.89	1.79
9070.0	197.0	-0.93	2.87
9070.0	201.0	0.03	7.06
9070.0	202.0	3.6	3.97
9070.0	204.0	6.54	5.69
9080.0	171.0	-1.01	8.35
9080.0	196.0	-1.65	1.35
9080.0	197.0	-1.75	2.32
9080.0	201.0	-1.12	6.97
9080.0	202.0	2.63	3.87
9080.0	204.0	7.73	5.64
9080.0	208.0	-3.33	4.78
9090.0	171.0	-1.36	8.51
9090.0	196.0	-2.33	0.88
9090.0	197.0	-3.09	1.52
9090.0	201.0	-2.46	7.17
9090.0	202.0	1.7	3.68
9090.0	204.0	8.89	5.61
9090.0	208.0	-2.39	4.89
9090.0	209.0	-3.41	-1.97
9100.0	171.0	-1.5	8.5
9100.0	196.0	-2.92	0.35
9100.0	197.0	-3.83	0.91
9100.0	201.0	-3.69	7.19
9100.0	202.0	0.75	3.61
9100.0	204.0	10.1	5.57
9100.0	208.0	-1.01	4.91
9100.0	209.0	-2.5	-0.82
9110.0	171.0	-2.08	8.54
9110.0	196.0	-3.59	-0.24
9110.0	197.0	-4.47	0.28
9110.0	201.0	-4.75	7.13
9110.0	202.0	-0.3	3.51
9110.0	204.0	11.24	5.58
9110.0	208.0	0.17	4.87
9110.0	209.0	-1.85	-0.27
9110.0	211.0	-3.28	4.75
9120.0	171.0	-2.41	8.59
9120.0	201.0	-5.84	6.95
9120.0	202.0	-1.29	3.4
9120.0	204.0	12.41	5.5
9120.0	208.0	1.36	4.91
9120.0	209.0	-0.83	0.28
9120.0	211.0	-2.24	4.74
9130.0	171.0	-2.81	8.43
9130.0	202.0	-2.3	3.29
9130.0	204.0	13.77	5.49
9130.0	208.0	2.57	4.97
9130.0	209.0	0.29	0.83
9130.0	211.0	-1.4	4.87
9140.0	171.0	-2.89	8.55
9140.0	202.0	-3.23	3.22
9140.0	208.0	3.66	4.93
9140.0	209.0	1.17	1.58
9140.0	211.0	-0.08	4.83
9150.0	171.0	-2.93	8.65
9150.0	208.0	4.88	4.93
9150.0	209.0	2.26	2.27
9150.0	211.0	1.03	4.88
9160.0	171.0	-2.98	8.75
9160.0	208.0	5.99	5.07
9160.0	209.0	3.45	2.88
9160.0	211.0	2.07	4.95
9170.0	171.0	-2.98	8.75
9170.0	208.0	7.06	5.27
9170.0	209.0	4.62	3.3
9170.0	211.0	3.1	5.03
9180.0	171.0	-2.96	8.42
9180.0	208.0	8.25	5.37
9180.0	209.0	5.86	3.74
9180.0	211.0	4.17	5.04
9190.0	171.0	-2.96	8.42
9190.0	208.0	9.36	5.28
9190.0	209.0	7.1	4.03
9190.0	211.0	5.19	5.17
9200.0	171.0	-3.31	8.09
9200.0	208.0	10.52	5.17
9200.0	209.0	8.37	4.34
9200.0	211.0	6.25	5.27
9200.0	212.0	12.68	6.64
9210.0	171.0	-3.38	8.03
9210.0	208.0	11.64	5.01
9210.0	209.0	9.62	4.58
9210.0	211.0	7.25	5.3
9210.0	212.0	11.6	7.02
9220.0	171.0	-3.38	8.03
9220.0	208.0	12.82	5.0
9220.0	209.0	10.82	4.84
9220.0	211.0	8.31	5.33
9220.0	212.0	10.6	7.32
9230.0	171.0	-3.87	7.94
9230.0	208.0	14.42	5.44
9230.0	209.0	12.14	5.09
9230.0	211.0	9.3	5.26
9230.0	212.0	9.64	7.42
9240.0	171.0	-3.96	7.92
9240.0	209.0	13.32	5.31
9240.0	211.0	10.37	5.22
9240.0	212.0	8.56	7.47
9250.0	171.0	-3.96	7.92
9250.0	211.0	11.41	5.16
9250.0	212.0	7.5	7.54
9260.0	211.0	12.51	5.09
9260.0	212.0	6.41	7.54
9270.0	211.0	13.68	5.26
9270.0	212.0	5.36	7.57
9280.0	212.0	4.25	7.51
9290.0	212.0	3.18	7.51
9300.0	212.0	2.11	7.53
9300.0	215.0	10.78	6.43
9300.0	216.0	-4.26	8.11
9310.0	212.0	1.01	7.55
9310.0	215.0	9.71	6.27
9310.0	216.0	-3.98	8.01
9320.0	212.0	-0.06	7.58
9320.0	215.0	8.67	5.92
9320.0	216.0	-3.84	7.96
9330.0	212.0	-1.05	7.5
9330.0	215.0	7.68	5.41
9330.0	216.0	-3.31	8.21
9340.0	212.0	-1.9	7.47
9340.0	215.0	6.72	4.86
9340.0	216.0	-2.9	8.26
9350.0	212.0	-2.58	7.09
9350.0	215.0	5.8	4.25
9350.0	216.0	-2.79	8.41
9360.0	212.0	-3.61	7.14
9360.0	215.0	4.87	3.58
9360.0	216.0	-2.51	8.43
9370.0	215.0	3.89	3.04
9370.0	216.0	-2.23	8.46
9380.0	215.0	3.02	2.68
9380.0	216.0	-2.01	8.44
9390.0	215.0	2.1	2.34
9390.0	216.0	-1.86	8.34
9400.0	215.0	1.06	1.97
9400.0	216.0	-1.65	8.28
9410.0	215.0	0.2	1.46
9410.0	216.0	-1.65	8.28
9420.0	215.0	-0.59	0.93
9420.0	216.0	-1.65	8.28
9420.0	221.0	-2.45	0.24
9430.0	215.0	-1.43	0.46
9430.0	216.0	-2.21	8.09
9430.0	221.0	-1.79	1.08
9440.0	215.0	-2.22	-0.28
9440.0	216.0	-2.21	8.09
9440.0	221.0	-0.74	1.72
9450.0	216.0	-2.23	8.18
9450.0	221.0	0.23	2.23
9460.0	216.0	-2.25	8.28
9460.0	221.0	1.23	2.66
9470.0	216.0	-2.25	8.28
9470.0	221.0	2.23	3.11
9480.0	216.0	-2.25	8.28
9480.0	221.0	3.23	3.5
9490.0	216.0	-2.25	8.28
9490.0	221.0	4.26	3.81
9500.0	216.0	-2.25	8.28
9500.0	221.0	5.31	3.97
9500.0	222.0	-3.28	-2.0
9510.0	216.0	-2.78	8.5
9510.0	221.0	6.46	4.11
9510.0	222.0	-2.79	-1.06
9520.0	216.0	-2.81	8.44
9520.0	221.0	7.67	4.19
9520.0	222.0	-2.05	-0.04
9530.0	216.0	-2.98	8.14
9530.0	221.0	8.84	4.27
9530.0	222.0	-1.19	1.01
9530.0	224.0	-1.46	6.86
9540.0	216.0	-2.98	8.14
9540.0	221.0	9.98	4.51
9540.0	222.0	-0.02	1.41
9540.0	224.0	-0.24	6.75
9550.0	216.0	-3.27	8.07
9550.0	221.0	11.13	4.79
9550.0	222.0	1.08	1.84
9550.0	224.0	0.86	6.77
9560.0	216.0	-3.27	8.07
9560.0	221.0	12.32	5.04
9560.0	222.0	2.37	2.27
9560.0	224.0	1.92	6.97
9570.0	216.0	-3.27	8.07
9570.0	221.0	13.5	5.21
9570.0	222.0	3.65	2.61
9570.0	224.0	2.97	6.99
9580.0	216.0	-3.27	8.07
9580.0	222.0	4.78	2.91
9580.0	224.0	4.1	6.89
9590.0	216.0	-3.27	8.07
9590.0	222.0	6.02	3.29
9590.0	224.0	5.21	6.79
9600.0	216.0	-3.27	8.07
9600.0	222.0	7.52	3.58
9600.0	224.0	6.38	6.64
9610.0	216.0	-3.27	8.07
9610.0	222.0	8.82	3.86
9610.0	224.0	7.44	6.53
9620.0	216.0	-3.27	8.07
9620.0	222.0	10.19	4.13
9620.0	224.0	8.43	6.47
9630.0	216.0	-3.27	8.07
9630.0	222.0	11.56	4.46
9630.0	224.0	9.39	6.31
9630.0	228.0	0.95	7.09
9640.0	216.0	-3.27	8.07
9640.0	222.0	13.03	5.0
9640.0	224.0	10.38	6.09
9640.0	228.0	2.3	7.03
9650.0	216.0	-3.61	7.93
9650.0	224.0	11.38	5.91
9650.0	228.0	3.62	6.95
9660.0	216.0	-3.68	7.91
9660.0	228.0	5.0	6.83
9670.0	216.0	-3.78	7.9
9670.0	228.0	6.24	6.66
9680.0	216.0	-4.41	7.87
9680.0	228.0	7.43	6.53
9680.0	230.0	-3.11	5.32
9690.0	216.0	-4.67	7.75
9690.0	228.0	8.72	6.49
9690.0	230.0	-2.09	5.21
9700.0	216.0	-4.84	7.8
9700.0	228.0	10.04	6.37
9700.0	230.0	-1.28	5.33
9710.0	216.0	-4.84	7.84
9710.0	228.0	11.43	6.26
9710.0	230.0	-0.44	5.26
9720.0	216.0	-4.84	7.84
9720.0	228.0	12.72	6.18
9720.0	230.0	0.45	5.28
9730.0	216.0	-4.84	7.84
9730.0	228.0	13.48	6.13
9730.0	230.0	1.34	5.34
9740.0	216.0	-4.84	7.84
9740.0	230.0	2.28	5.27
9750.0	216.0	-4.84	7.84
9750.0	230.0	3.18	5.2
9750.0	232.0	12.66	6.61
9760.0	216.0	-4.78	7.79
9760.0	230.0	4.11	5.16
9760.0	232.0	11.56	6.67
9770.0	216.0	-4.83	7.83
9770.0	230.0	5.03	5.09
9770.0	232.0	10.43	6.68
9780.0	216.0	-4.92	7.89
9780.0	230.0	6.02	5.04
9780.0	232.0	9.3	6.63
9790.0	216.0	-5.03	7.89
9790.0	230.0	7.01	5.03
9790.0	232.0	8.21	6.48
9800.0	216.0	-5.23	7.82
9800.0	230.0	8.05	4.96
9800.0	232.0	7.05	6.06
9810.0	216.0	-5.42	7.85
9810.0	230.0	8.94	4.89
9810.0	232.0	5.93	5.72
9820.0	216.0	-5.67	7.99
9820.0	230.0	9.88	4.84
9820.0	232.0	4.87	5.45
9830.0	216.0	-5.86	8.05
9830.0	230.0	10.74	4.75
9830.0	232.0	3.89	5.27
9830.0	234.0	-2.62	-0.32
9840.0	216.0	-6.06	8.09
9840.0	230.0	11.7	4.6
9840.0	232.0	2.82	4.93
9840.0	234.0	-2.06	0.21
9850.0	216.0	-6.22	8.28
9850.0	230.0	12.52	4.3
9850.0	232.0	1.74	4.55
9850.0	234.0	-1.9	0.49
9860.0	216.0	-6.25	8.45
9860.0	230.0	13.01	4.26
9860.0	232.0	0.74	4.12
9860.0	234.0	-1.89	0.61
9870.0	216.0	-6.18	8.65
9870.0	230.0	13.05	4.4
9870.0	232.0	-0.26	3.62
9870.0	234.0	-1.38	0.82
9880.0	216.0	-5.02	9.02
9880.0	230.0	13.05	4.4
9880.0	232.0	-1.19	3.03
9880.0	234.0	-1.38	0.82
9890.0	216.0	-3.86	9.6
9890.0	230.0	12.68	4.6
9890.0	232.0	-1.65	2.4
9890.0	234.0	-1.7	0.82
9900.0	216.0	-2.62	9.95
9900.0	230.0	12.61	4.7
9900.0	232.0	-2.31	1.41
9900.0	234.0	-1.67	1.2
9910.0	230.0	12.62	4.76
9910.0	232.0	-2.96	0.51
9920.0	230.0	12.65	4.76
9920.0	237.0	-1.38	7.43
9920.0	238.0	-2.36	6.64
9920.0	240.0	-1.36	4.73
9920.0	241.0	-1.38	8.19
9930.0	230.0	12.65	4.76
9930.0	237.0	-0.43	7.28
9930.0	238.0	-1.3	6.46
9930.0	240.0	-0.48	4.76
9930.0	241.0	-0.08	8.1
9940.0	230.0	12.65	4.76
9940.0	237.0	0.45	7.18
9940.0	238.0	-0.52	6.38
9940.0	240.0	0.49	4.84
9940.0	241.0	1.16	7.94
9950.0	230.0	12.68	4.76
9950.0	237.0	1.3	7.13
9950.0	238.0	0.43	6.41
9950.0	240.0	1.47	4.88
9950.0	241.0	2.39	7.74
9960.0	230.0	12.62	4.88
9960.0	237.0	2.15	7.13
9960.0	238.0	1.29	6.33
9960.0	240.0	2.4	4.83
9960.0	241.0	3.65	7.49
9970.0	230.0	13.18	5.24
9970.0	237.0	3.08	7.22
9970.0	238.0	2.26	6.48
9970.0	240.0	3.31	4.79
9970.0	241.0	4.87	7.24
9970.0	244.0	-2.59	5.75
9980.0	230.0	13.18	5.24
9980.0	237.0	3.88	7.28
9980.0	238.0	3.12	6.62
9980.0	240.0	4.22	4.83
9980.0	241.0	6.06	6.99
9980.0	244.0	-1.43	5.98
9990.0	237.0	4.79	7.18
9990.0	238.0	4.01	6.58
9990.0	240.0	5.11	4.88
9990.0	241.0	7.28	6.75
9990.0	244.0	-0.29	6.13
10000.0	237.0	5.73	7.14
10000.0	238.0	4.87	6.44
10000.0	240.0	5.97	4.96
10000.0	241.0	8.51	6.47
10000.0	244.0	0.78	6.32
10010.0	237.0	6.53	6.85
10010.0	238.0	5.7	6.4
10010.0	240.0	6.78	4.97
10010.0	241.0	9.76	6.13
10010.0	244.0	1.97	6.52
10020.0	237.0	7.37	6.73
10020.0	238.0	6.56	6.34
10020.0	240.0	7.51	5.02
10020.0	241.0	11.28	5.73
10020.0	244.0	3.08	6.59
10030.0	237.0	8.19	6.6
10030.0	238.0	7.4	6.31
10030.0	240.0	8.27	5.04
10030.0	241.0	12.63	5.51
10030.0	244.0	4.13	6.67
10040.0	237.0	9.05	6.51
10040.0	238.0	8.18	6.3
10040.0	240.0	9.2	5.08
10040.0	241.0	13.98	5.64
10040.0	244.0	5.29	6.75
10050.0	237.0	9.86	6.38
10050.0	238.0	8.79	6.2
10050.0	240.0	10.14	5.01
10050.0	244.0	6.37	6.79
10060.0	237.0	10.67	6.24
10060.0	238.0	9.4	6.11
10060.0	240.0	11.0	4.93
10060.0	244.0	7.48	6.9
10070.0	237.0	11.38	6.14
10070.0	238.0	9.77	5.93
10070.0	240.0	11.86	4.87
10070.0	244.0	8.67	6.96
10080.0	237.0	12.02	6.03
10080.0	238.0	10.15	5.81
10080.0	240.0	12.71	4.91
10080.0	244.0	9.86	6.88
10090.0	237.0	12.77	5.98
10090.0	238.0	10.53	5.52
10090.0	240.0	13.46	5.1
10090.0	244.0	11.09	6.76
10100.0	237.0	13.94	6.24
10100.0	238.0	10.95	5.31
10100.0	244.0	12.26	6.62
10100.0	247.0	2.31	4.06
10100.0	248.0	2.11	4.96
10110.0	238.0	11.39	5.02
10110.0	244.0	13.49	6.73
10110.0	247.0	3.16	3.92
10110.0	248.0	3.13	4.87
10120.0	238.0	11.78	4.76
10120.0	247.0	4.11	3.84
10120.0	248.0	4.03	4.79
10130.0	238.0	12.07	4.78
10130.0	247.0	4.99	3.78
10130.0	248.0	5.03	4.68
10140.0	238.0	12.29	4.67
10140.0	247.0	5.95	3.82
10140.0	248.0	5.98	4.65
10150.0	238.0	12.34	4.69
10150.0	247.0	6.93	3.76
10150.0	248.0	7.07	4.8
10160.0	238.0	12.31	4.69
10160.0	247.0	7.87	3.88
10160.0	248.0	7.89	4.77
10170.0	238.0	12.31	4.67
10170.0	247.0	8.72	3.95
10170.0	248.0	8.73	4.88
10180.0	238.0	12.31	4.62
10180.0	247.0	9.5	4.05
10180.0	248.0	9.45	5.01
10190.0	238.0	12.31	4.62
10190.0	247.0	10.25	4.13
10190.0	248.0	10.17	5.38
10200.0	238.0	12.31	4.62
10200.0	247.0	10.9	4.38
10200.0	248.0	11.01	5.67
10200.0	250.0	12.87	7.34
10200.0	253.0	2.61	5.05
10210.0	238.0	12.31	4.57
10210.0	247.0	11.43	4.87
10210.0	248.0	11.79	5.84
10210.0	250.0	11.86	7.82
10210.0	253.0	3.74	4.99
10220.0	238.0	12.37	4.5
10220.0	247.0	11.89	5.35
10220.0	248.0	12.36	6.04
10220.0	250.0	11.01	7.96
10220.0	253.0	4.87	4.95
10230.0	238.0	12.51	4.49
10230.0	247.0	12.28	5.47
10230.0	248.0	12.76	5.95
10230.0	250.0	10.24	7.8
10230.0	253.0	6.02	5.04
