240.0	5.0	15.04215185	8.56908010871
250.0	5.0	14.3507739649	8.5802971193
260.0	5.0	13.6591856147	8.59175278968
270.0	5.0	12.9480240093	8.77289557767
280.0	5.0	12.2366519387	8.95379970585
290.0	5.0	11.5246484729	9.13422651443
300.0	5.0	10.8042264026	9.30868682802
310.0	5.0	10.0838043324	9.48314714161
320.0	5.0	9.38758574974	9.65283425921
330.0	5.0	8.71578111981	9.81798684061
340.0	5.0	8.04376602478	9.98337808181
350.0	5.0	7.38311604566	10.1358816938
360.0	5.0	6.72372885721	10.286953347
370.0	5.0	6.06413120364	10.4382636601
380.0	5.0	5.40979517781	10.6067574787
390.0	5.0	4.7556696171	10.7771605757
400.0	5.0	4.10238591682	10.9468476933
410.0	5.0	3.45415337917	11.1091363571
420.0	5.0	2.80592084153	11.2714250209
430.0	5.0	2.15853016432	11.4201100761
440.0	5.0	1.51177088244	11.5599647187
450.0	5.0	0.865011600561	11.6995807016
460.0	5.0	0.218252318682	11.8391966844
470.0	5.0	-0.428717428307	11.979051327
500.0	6.0	15.0046890605	9.01441929498
510.0	6.0	14.5761820973	8.98052960342
520.0	6.0	14.1476751341	8.94640125206
530.0	6.0	13.7118018921	8.92181929269
540.0	6.0	13.2645635341	8.9120342409
550.0	6.0	12.8173251762	8.90201052931
560.0	6.0	12.3288356568	9.00439558339
570.0	6.0	11.8401356722	9.10654197767
580.0	6.0	11.3564868503	9.19651672216
590.0	6.0	10.8919903533	9.23780486751
600.0	6.0	10.4274938564	9.27885435306
610.0	6.0	9.9661543361	9.3256316738
610.0	7.0	11.2819822015	8.09844298368
610.0	8.0	0.182683715155	11.7411075067
620.0	6.0	9.51239155974	9.38529662373
620.0	7.0	10.8208531463	8.25762907009
620.0	8.0	0.780404626491	11.6170044109
630.0	6.0	9.05862878339	9.44496157366
630.0	7.0	10.3927671133	8.44545433246
630.0	8.0	1.37812553783	11.492901315
640.0	6.0	8.60507647215	9.51011569898
640.0	7.0	10.013929916	8.67599969898
640.0	8.0	1.96890110055	11.4096090449
650.0	6.0	8.15510206777	9.62538838224
650.0	7.0	9.63509271866	8.90678372531
650.0	8.0	2.55673015173	11.3437389402
660.0	6.0	7.70512766339	9.7406610655
660.0	7.0	9.25267761447	9.14973940141
660.0	8.0	3.14455920292	11.2778688355
670.0	6.0	7.25346953813	9.85163787237
670.0	7.0	8.86457995232	9.4105945625
670.0	8.0	3.74017546316	11.2339554323
680.0	6.0	6.79507652937	9.94519251386
680.0	7.0	8.47648229017	9.67168838339
680.0	8.0	4.33768590938	11.1955312046
680.0	12.0	10.4302299028	6.34477077538
690.0	6.0	6.3364730555	10.0389858151
690.0	7.0	8.074914861	9.93421416307
690.0	8.0	4.9349858905	11.156868317
690.0	12.0	10.2643833964	6.00491922059
700.0	6.0	5.88986609287	10.123710044
700.0	7.0	7.61883696844	10.2027064377
700.0	8.0	5.49734866342	11.1203533676
700.0	12.0	10.0985368901	5.664829006
710.0	6.0	5.46114866456	10.1943533448
710.0	7.0	7.16275907589	10.4711987124
710.0	8.0	6.04455794845	11.0845543977
710.0	12.0	9.93269038367	5.32497745121
720.0	6.0	5.03243123626	10.2649966455
720.0	7.0	6.65427537103	10.665945109
720.0	8.0	6.54946374644	11.000784808
720.0	12.0	9.7409566688	4.92044909069
730.0	6.0	4.57972078545	10.3642791222
730.0	7.0	6.13274282938	10.842314701
730.0	8.0	7.02953466149	10.9041275891
730.0	12.0	9.52354621056	4.45100526466
740.0	6.0	4.11669754428	10.4754945888
740.0	7.0	5.6128940086	10.9857492406
740.0	8.0	7.45046488074	10.8790683101
740.0	12.0	9.30613575231	3.98156143862
750.0	6.0	3.6536743031	10.5869487153
750.0	7.0	5.09493937381	11.0957714083
750.0	8.0	7.88781137855	10.8342002678
750.0	11.0	0.0883953460427	7.70393833475
750.0	12.0	9.1221892465	3.55603101573
760.0	6.0	3.17591850425	10.6816966558
760.0	7.0	4.57677427392	11.2060322357
760.0	8.0	8.39124392077	10.7096198523
760.0	11.0	0.635604631069	7.44141255507
760.0	12.0	8.97191715823	3.17417533619
770.0	6.0	2.69184875211	10.7690461425
770.0	7.0	4.08849521959	11.133002337
770.0	8.0	8.89446599788	10.5850394369
770.0	11.0	1.1828139161	7.17888677538
770.0	12.0	8.82143460484	2.79231965665
780.0	6.0	2.20777899997	10.856634289
780.0	7.0	3.60358360701	11.0396863553
780.0	8.0	9.3867438893	10.365711081
780.0	11.0	1.73318017777	6.9103945007
780.0	12.0	8.67116251657	2.41046397711
790.0	6.0	1.76790692085	10.9890904778
790.0	7.0	3.12540687794	10.9575873842
790.0	8.0	9.87775899005	10.1358816938
790.0	11.0	2.29680574134	6.61779758625
790.0	12.0	8.5208904283	2.10354747467
800.0	6.0	1.3469767016	11.1411167702
800.0	7.0	2.65186038128	10.8828868669
800.0	8.0	10.3795078114	9.89053941972
800.0	11.0	2.86022083981	6.32520067181
800.0	12.0	8.37040787492	1.79686963204
810.0	6.0	0.926046482352	11.2929044028
810.0	7.0	2.17831388462	10.8084250094
810.0	8.0	10.9231391896	9.58219095849
810.0	11.0	3.42700338003	6.03880891215
810.0	12.0	8.22013578664	1.48995312961
820.0	6.0	0.50048603069	11.4158141997
820.0	7.0	1.69403366738	10.7404069665
820.0	8.0	11.4667705677	9.27384249727
820.0	11.0	4.02346150071	5.80683158683
820.0	12.0	8.02524509513	1.29114951645
830.0	6.0	0.0677697652994	11.4955265728
830.0	7.0	1.19333717158	10.6821739754
830.0	8.0	12.0200833409	9.01370331558
830.0	11.0	4.61970915628	5.57461560171
830.0	12.0	7.78573580038	1.20069745236
840.0	7.0	0.692851140887	10.624179644
840.0	8.0	12.5757112303	8.76549712388
840.0	11.0	5.21595681185	5.34263827639
840.0	12.0	7.54622650562	1.11024538827
850.0	7.0	0.192365110198	10.5661853127
850.0	8.0	13.147124003	8.55595381973
850.0	11.0	5.84840446627	5.14240270443
850.0	12.0	7.33912883775	1.13291806924
860.0	8.0	13.7551577047	8.43662391987
860.0	11.0	6.51705211955	4.97390888583
860.0	12.0	7.15328814595	1.23124590672
870.0	8.0	14.3629809413	8.31729402001
870.0	11.0	7.18548930773	4.80541506723
870.0	12.0	6.96765791926	1.3295737442
880.0	8.0	14.971014643	8.19796412016
880.0	11.0	7.85413696101	4.64670630042
880.0	12.0	6.80559978485	1.47539488183
890.0	11.0	8.52215321896	4.57510836051
890.0	12.0	6.73867187999	1.81166653962
890.0	13.0	15.1113948711	8.75881464948
900.0	11.0	9.19037994202	4.50351042059
900.0	12.0	6.67174397513	2.14793819742
900.0	13.0	14.494942565	8.77575949526
910.0	11.0	9.85860666508	4.43191248068
910.0	12.0	6.7870788552	2.40974799771
910.0	13.0	13.878700724	8.79294300084
920.0	11.0	10.5268333881	4.36484907696
920.0	12.0	6.90262420039	2.67155779799
920.0	13.0	13.2548821391	8.83279918739
930.0	11.0	11.1931659252	4.33835783919
930.0	12.0	7.01795908046	2.93312893848
930.0	13.0	12.6018089039	8.96453939684
940.0	11.0	11.8597089274	4.31186660142
940.0	12.0	7.16549512231	3.17966451158
940.0	13.0	11.9485252037	9.09627960628
950.0	11.0	12.5262519296	4.28537536365
950.0	12.0	7.31660907102	3.42452946609
950.0	13.0	11.2979775498	9.2461579605
960.0	11.0	13.1359693522	4.37200887095
960.0	12.0	7.46772301973	3.66915576079
960.0	13.0	10.6529019888	9.43851775907
960.0	14.0	8.76713460656	7.02709914276
970.0	11.0	13.6890716603	4.57176712331
970.0	12.0	7.61883696844	3.9140207153
970.0	13.0	10.0080368929	9.63111621744
970.0	14.0	8.32263229503	7.05382904033
970.0	16.0	0.471441845561	7.22661873532
980.0	11.0	14.2421739684	4.77152537567
980.0	12.0	7.63125440991	4.14575938082
980.0	13.0	9.36190900636	9.81727086121
980.0	14.0	7.87834044861	7.0803202781
980.0	16.0	1.20386042706	6.97841254362
990.0	11.0	14.7952762765	4.97128362803
990.0	12.0	7.64367185138	4.37725938654
990.0	13.0	8.71199274784	9.97884354562
990.0	14.0	7.43404860219	7.10681151587
990.0	16.0	1.93627900855	6.73020635192
1000.0	11.0	15.3483785846	5.17104188039
1000.0	12.0	7.65587882774	4.60899805207
1000.0	13.0	8.06207648932	10.1401775702
1000.0	14.0	6.89231141002	7.09225326808
1000.0	16.0	2.6478615442	6.40061716852
1010.0	12.0	7.55990673775	4.8304743462
1010.0	13.0	7.41216023079	10.3017502546
1010.0	14.0	6.32637073023	7.06767130871
1010.0	16.0	3.35944407984	6.07102798511
1020.0	12.0	7.39153465005	5.04526816594
1020.0	13.0	6.75761373986	10.3852811845
1020.0	14.0	5.76021958534	7.04285068954
1020.0	16.0	4.05860917402	5.71017436794
1030.0	12.0	7.22316256235	5.26006198568
1030.0	13.0	6.10180445826	10.4497193305
1030.0	14.0	5.22332309069	7.06337543232
1030.0	16.0	4.75651147754	5.34597951358
1040.0	12.0	7.04468814939	5.34025167839
1040.0	13.0	5.44473238601	10.5346822192
1040.0	14.0	4.68958357268	7.08915069069
1040.0	16.0	5.48850912881	5.06579290872
1050.0	12.0	6.85947885292	5.3307052864
1050.0	13.0	4.78218822091	10.7024600583
1050.0	14.0	4.16447312416	7.11802852645
1050.0	16.0	6.2207172452	4.78560630385
1060.0	12.0	6.67426955644	5.32115889441
1060.0	13.0	4.11964405581	10.8704765573
1060.0	14.0	3.71723476621	7.17769347638
1060.0	16.0	7.02953466149	4.59992897968
1070.0	13.0	3.46488709977	11.0074672824
1070.0	14.0	3.26999640825	7.23735842631
1070.0	16.0	7.87139509999	4.45458516165
1080.0	13.0	2.81791735278	11.1136708933
1080.0	14.0	2.92314990759	7.34189141858
1080.0	16.0	8.72020088711	4.35554134477
1090.0	13.0	2.17094760579	11.2196358443
1090.0	14.0	2.61902782418	7.46551719484
1090.0	16.0	9.57974039483	4.32570886981
1100.0	13.0	1.49956390608	11.3423069814
1100.0	14.0	2.31511620588	7.58938163089
1100.0	16.0	10.4390694374	4.29587639484
1110.0	13.0	0.822076718197	11.469035335
1110.0	16.0	11.2809298759	4.28633000285
1120.0	13.0	0.144589530313	11.5960023485
1120.0	16.0	12.1227903144	4.27678361087
1130.0	16.0	12.9646507529	4.26723721888
1130.0	18.0	15.4262506751	8.39294917652
1140.0	18.0	14.6391111651	8.47242288983
1150.0	18.0	13.85176119	8.55189660313
1160.0	18.0	13.0644112149	8.63160897624
1160.0	19.0	12.2421240316	7.49105379341
1170.0	18.0	12.2701158912	8.79867083604
1170.0	19.0	11.8912786938	7.51993162917
1180.0	18.0	11.474978707	8.97527908782
1180.0	19.0	11.5404333561	7.54880946494
1190.0	18.0	10.682156639	9.13494249383
1190.0	19.0	11.1897984835	7.5779259605
1200.0	18.0	9.8983845708	9.22539455792
1200.0	19.0	10.762764776	7.63353369383
1200.0	20.0	11.9906182256	8.161210511
1210.0	18.0	9.11461250255	9.31584662201
1210.0	19.0	10.2852194423	7.70680225235
1210.0	20.0	11.4349903362	8.27576721486
1220.0	18.0	8.33041950409	9.41799301629
1220.0	19.0	9.80767410855	7.78030947066
1220.0	20.0	10.8793624468	8.39032391873
1230.0	18.0	7.54517418008	9.54639198854
1230.0	19.0	9.16786017529	7.96169091844
1230.0	20.0	10.3580403702	8.4927089728
1240.0	18.0	6.75992885606	9.67479096078
1240.0	19.0	8.52804624203	8.14307236622
1240.0	20.0	9.85124038624	8.59008217109
1250.0	18.0	5.98036609001	9.81631622201
1250.0	19.0	7.99220207292	8.44091979627
1250.0	20.0	9.34465086737	8.68721670957
1260.0	18.0	5.20332890527	9.96309199884
1260.0	19.0	7.56011720286	8.85547186837
1260.0	20.0	8.7658718159	8.73494866951
1270.0	18.0	4.42629172053	10.1043786003
1270.0	19.0	7.02048466178	9.17145744319
1270.0	20.0	8.18709276443	8.78268062945
1280.0	18.0	3.65030686135	10.1938760252
1280.0	19.0	6.40908351832	9.42133425349
1280.0	20.0	7.68387068732	8.82420743461
1290.0	18.0	2.87411153705	10.2833734501
1290.0	19.0	5.7745312128	9.67574559998
1290.0	20.0	7.18043814509	8.86573423976
1300.0	18.0	2.09812667786	10.3728708749
1300.0	19.0	5.11682774522	9.93421416307
1300.0	20.0	6.66648234739	8.96764197423
1310.0	18.0	1.32108949312	10.5055657236
1310.0	19.0	4.46501730071	10.1972172624
1310.0	20.0	6.14789631727	9.09556362688
1310.0	23.0	14.9392344114	5.15505167381
1320.0	18.0	0.544052308382	10.643272428
1320.0	19.0	3.86603359871	10.5000765482
1320.0	20.0	5.62909982204	9.22324661973
1320.0	23.0	14.4997832625	5.15505167381
1330.0	18.0	-0.233195341465	10.7809791325
1330.0	19.0	3.26704989672	10.802935834
1330.0	20.0	5.05453007277	9.4079693047
1330.0	23.0	14.0603321136	5.15505167381
1340.0	19.0	2.67648479911	11.0141497568
1340.0	20.0	4.4736463702	9.59889714447
1340.0	23.0	13.6208809647	5.15505167381
1350.0	19.0	2.09412784077	11.1334796566
1350.0	20.0	3.91465103903	9.7475821997
1350.0	23.0	13.1763786532	5.1662686844
1360.0	19.0	1.51177088244	11.2528095565
1360.0	20.0	3.38848826497	9.83278374819
1360.0	23.0	12.730613551	5.18034961258
1370.0	19.0	0.959720899892	11.3745260543
1370.0	20.0	2.86232549091	9.91798529669
1370.0	23.0	12.285058914	5.19443054076
1370.0	26.0	6.36741142661	0.490923208011
1380.0	19.0	0.437767428021	11.4986291502
1380.0	20.0	2.32963829844	10.02132499
1380.0	23.0	11.8491856719	5.18941868497
1380.0	26.0	6.38993119334	1.13864590443
1390.0	19.0	-0.0841860438502	11.622732246
1390.0	20.0	1.79253133868	10.1363590134
1390.0	23.0	11.4282554527	5.15648363261
1390.0	26.0	6.41245096007	1.78660726065
1400.0	20.0	1.25563484403	10.2516316967
1400.0	23.0	11.0073252334	5.12330992045
1400.0	26.0	6.42760444796	2.38182480114
1410.0	20.0	0.739574395224	10.3924409785
1410.0	23.0	10.5863950142	5.09013620829
1410.0	26.0	6.43960095921	2.95460832045
1420.0	20.0	0.232563946136	10.5444672709
1420.0	23.0	10.1823020037	5.03094857796
1420.0	26.0	6.45159747046	3.52739183976
1430.0	20.0	-0.274656968061	10.6962549036
1430.0	23.0	9.78241829539	4.96531713304
1430.0	26.0	6.4612788655	4.0846624721
1440.0	23.0	9.38253458711	4.89968568812
1440.0	26.0	6.4612788655	4.5803588761
1450.0	23.0	8.98265087882	4.8340542432
1450.0	26.0	6.4612788655	5.07605528011
1460.0	23.0	8.57897879856	4.76699083948
1460.0	26.0	6.4612788655	5.57175168411
1470.0	23.0	8.17404392764	4.69968877596
1470.0	26.0	6.4787474696	6.06386819112
1480.0	23.0	7.76931952183	4.63238671244
1480.0	26.0	6.53662537475	6.54691562574
1490.0	23.0	7.36459511602	4.56508464892
1490.0	26.0	6.5945032799	7.03020172016
1500.0	23.0	6.91041140944	4.53024031816
1500.0	26.0	6.65238118504	7.51372647438
1510.0	23.0	6.45075561002	4.4987372246
1510.0	26.0	6.74435443795	7.97123731043
1520.0	23.0	5.9910998106	4.46723413104
1520.0	26.0	6.91672536273	8.36908319655
1530.0	23.0	5.53460098782	4.43716299627
1530.0	26.0	7.08888582241	8.76669042287
1540.0	23.0	5.10798821061	4.4178315525
1540.0	26.0	7.26104628208	9.164536309
1550.0	23.0	4.6813754334	4.39850010872
1550.0	26.0	7.40500441706	9.50367188439
1560.0	23.0	4.25476265619	4.37916866494
1560.0	26.0	7.54896255205	9.84280745978
1560.0	28.0	0.844175554708	7.50895327838
1570.0	23.0	3.82814987898	4.35721196337
1570.0	26.0	7.69313115214	10.1819430352
1570.0	28.0	1.04895810637	7.35191513017
1580.0	23.0	3.40153710177	4.331436705
1580.0	26.0	7.82930207807	10.5225105694
1580.0	28.0	1.25395112315	7.19487698196
1590.0	23.0	2.97492432456	4.30566144663
1590.0	26.0	7.93453463288	10.8692832583
1590.0	28.0	1.45894413992	7.03783883375
1600.0	23.0	2.54831154735	4.27964752846
1600.0	26.0	8.0397671877	11.2158172875
1600.0	28.0	1.66372669159	6.88103934534
1610.0	23.0	2.13558946737	4.30255886923
1610.0	26.0	8.14499974251	11.5625899765
1610.0	28.0	1.96721737967	6.75980016708
1620.0	23.0	1.72854994535	4.34647227238
1620.0	26.0	8.25023229732	11.9091240057
1620.0	28.0	2.29533248558	6.64739140142
1620.0	29.0	14.934604179	5.85504086637
1630.0	23.0	1.32172088845	4.39014701573
1630.0	26.0	8.32599973679	12.1907425694
1630.0	28.0	2.62344759148	6.53498263575
1630.0	29.0	14.1558832734	5.89489705292
1640.0	23.0	0.914891831542	4.43382175908
1640.0	26.0	8.40176717625	12.472361133
1640.0	28.0	2.96755804572	6.47555634563
1640.0	29.0	13.3771623678	5.93475323947
1650.0	23.0	0.507852309526	4.47773516222
1650.0	26.0	8.47753461572	12.7539796967
1650.0	28.0	3.33587198756	6.4956037688
1650.0	29.0	12.6041240201	6.00587385979
1660.0	23.0	0.10102325262	4.52140990557
1660.0	26.0	8.55330205518	13.0355982603
1660.0	28.0	3.70418592941	6.51541253218
1660.0	29.0	11.8538159043	6.20300685435
1670.0	26.0	8.62906949465	13.317216824
1670.0	28.0	4.07249987125	6.53522129555
1670.0	29.0	11.1035077885	6.40013984892
1680.0	28.0	4.50774171796	6.5786573791
1680.0	29.0	10.3599345562	6.67268934019
1690.0	28.0	4.95961030833	6.62782129784
1690.0	29.0	9.6009973709	6.94714810986
1700.0	28.0	5.41147889869	6.67674655678
1700.0	29.0	8.77828925737	7.19678626036
1710.0	28.0	5.83767074568	6.69440738196
1710.0	29.0	7.95558114384	7.44618575106
1720.0	28.0	6.22576840783	6.664574907
1720.0	29.0	7.09625210124	7.6650367874
1730.0	28.0	6.61386606998	6.63474243203
1730.0	29.0	6.23671259353	7.88364916393
1740.0	28.0	6.98407419781	6.5755548017
1740.0	29.0	5.41589866599	8.02947030156
1750.0	28.0	7.28272418837	6.39846923032
1750.0	29.0	4.62097194694	8.12684349984
1760.0	28.0	7.58158464404	6.22138365893
1760.0	29.0	3.82583476277	8.22397803833
1770.0	28.0	7.8802346346	6.04429808754
1770.0	29.0	3.03911618299	8.27672185406
1780.0	29.0	2.25344992876	8.32445381401
1780.0	30.0	12.813115874	9.162149711
1780.0	31.0	1.78432319941	11.0604497579
1790.0	30.0	12.2379147294	9.39293373732
1790.0	31.0	2.40014411017	10.8573502684
1800.0	30.0	11.6625031197	9.62347910385
1800.0	31.0	3.01596502093	10.654012119
1810.0	30.0	11.0908798819	9.86118426436
1810.0	31.0	3.59137663065	10.4499579903
1820.0	30.0	10.5272543184	10.1153569511
1820.0	31.0	4.14005917144	10.2454265419
1830.0	30.0	9.96383921989	10.3692909779
1830.0	31.0	4.68895217735	10.0406564337
1840.0	30.0	9.39789854011	10.6220317058
1840.0	31.0	5.32139983177	9.89936983231
1850.0	30.0	8.8226973955	10.868567279
1850.0	31.0	5.97489399716	9.77383477766
1860.0	30.0	8.2474962509	11.1151028521
1860.0	31.0	6.60860444224	9.6585620944
1870.0	30.0	7.67545208293	11.334431208
1870.0	31.0	7.23999977112	9.54424405034
1880.0	30.0	7.11687768199	11.4446920355
1880.0	31.0	7.8583462632	9.36524920056
1890.0	30.0	6.55851374615	11.5547142031
1890.0	31.0	8.46785322067	9.14305692702
1900.0	30.0	6.01193585645	11.5862172967
1900.0	31.0	9.07757064326	8.92086465349
1910.0	30.0	5.47335564092	11.5652152343
1910.0	31.0	9.74369271522	8.69389918396
1920.0	30.0	4.93477542539	11.5442131719
1920.0	31.0	10.4340182748	8.46478577624
1930.0	30.0	4.4037719538	11.513187398
1930.0	31.0	11.1281322063	8.27624453446
1940.0	30.0	3.90223359757	11.4430214169
1940.0	31.0	11.8373996258	8.24975329669
1950.0	30.0	3.40090570644	11.3728554357
1950.0	31.0	12.5468775103	8.22326205893
1960.0	30.0	2.8993673502	11.3026894546
1960.0	31.0	13.2426751627	8.20273731615
1970.0	30.0	2.38646387804	11.3933801785
1970.0	31.0	13.9252135133	8.18817906837
1980.0	30.0	1.87040342924	11.5241657488
1980.0	31.0	14.6075413987	8.17362082059
1990.0	30.0	1.35434298044	11.654951319
1990.0	31.0	15.2898692841	8.1593012326
2000.0	30.0	0.851962763764	11.7477899811
2010.0	30.0	0.355265105048	11.824161117
2020.0	30.0	-0.141432553668	11.9005322529
2150.0	36.0	14.8588367396	6.12496509985
2160.0	36.0	14.2274414107	6.20181355535
2170.0	36.0	13.5960460818	6.27842335106
2180.0	36.0	12.9747530782	6.34357747638
2190.0	36.0	12.3686135625	6.39130943633
2200.0	36.0	11.7624740468	6.43904139627
2210.0	36.0	11.1032973234	6.48677335621
2220.0	36.0	10.438227577	6.53450531615
2230.0	36.0	9.75863573801	6.59106768869
2240.0	36.0	9.05694506252	6.6605176904
2250.0	36.0	8.35546485213	6.73020635192
2260.0	36.0	7.72406952326	6.85955996336
2260.0	38.0	0.0650337188743	10.1358816938
2270.0	36.0	7.09267419438	6.98867491501
2270.0	38.0	0.888583692839	9.96977447323
2280.0	36.0	6.44675677294	7.12304038225
2280.0	38.0	1.7121336668	9.80366725263
2290.0	36.0	5.79094749135	7.26074708668
2290.0	38.0	2.51295340893	9.70390745635
2300.0	36.0	5.13534867486	7.39845379112
2300.0	38.0	3.29861966316	9.64829972302
2310.0	36.0	4.50395334599	7.50871461858
2310.0	38.0	4.0844963825	9.59245332988
2320.0	36.0	3.87255801711	7.61873678625
2320.0	38.0	4.89078821748	9.4962734306
2330.0	36.0	3.22495687479	7.72517905692
2330.0	38.0	5.71076028458	9.37264765435
2340.0	36.0	2.55315224487	7.8261321522
2340.0	38.0	6.53094281679	9.24926053789
2350.0	36.0	1.88113714983	7.92708524748
2350.0	38.0	7.38816720829	9.15045538081
2360.0	36.0	1.2354301935	8.04641514734
2360.0	38.0	8.26117648302	9.06191259512
2370.0	36.0	0.596247655569	8.17004092359
2370.0	38.0	9.13418575775	8.97360846923
2380.0	36.0	-0.0429348823636	8.29390535964
2380.0	38.0	9.94089852294	8.87814454934
2390.0	38.0	10.7478217532	8.78268062945
2400.0	38.0	11.5545345184	8.68721670957
2410.0	38.0	12.3486193771	8.53542907695
2420.0	38.0	13.1424937706	8.38340278453
2440.0	40.0	14.8861972038	6.56314449212
2440.0	41.0	15.2806088193	9.02134042917
2450.0	40.0	14.1817704819	6.80180429183
2450.0	41.0	14.5063076809	9.02134042917
2460.0	40.0	13.4771332949	7.04046409155
2460.0	41.0	13.7320065426	9.02134042917
2470.0	40.0	12.7350333183	7.23998368411
2470.0	41.0	12.9579158694	9.02134042917
2480.0	40.0	11.9889345047	7.43544606007
2480.0	41.0	12.150782174	9.19627806236
2490.0	40.0	11.2800880155	7.61229297166
2490.0	41.0	11.3400705717	9.39078579912
2500.0	40.0	10.5872368746	7.78126410986
2500.0	41.0	10.5354624576	9.59818116508
2510.0	40.0	9.89270201284	7.93400638167
2510.0	41.0	9.75505783114	9.85664972817
2520.0	40.0	9.19395784888	8.04856308554
2520.0	41.0	8.97465320465	10.1151182913
2530.0	40.0	8.49521368492	8.1631197894
2530.0	41.0	8.2258183446	10.3807466483
2540.0	40.0	7.75921719656	8.20989711014
2540.0	41.0	7.48498115872	10.648045624
2550.0	40.0	7.01374977827	8.23972958511
2550.0	41.0	6.75845560029	10.9337214043
2560.0	40.0	6.30553468438	8.29581463804
2560.0	41.0	6.06581492452	11.2618786289
2570.0	40.0	5.65309284454	8.39127855792
2570.0	41.0	5.37296378363	11.5900358535
2580.0	40.0	5.0006510047	8.48674247781
2580.0	41.0	4.72031147868	11.8890765825
2590.0	40.0	4.30548474761	8.54736206694
2590.0	41.0	4.07207894103	12.1850147342
2600.0	40.0	3.54633709719	8.55595381973
2600.0	41.0	3.44110454238	12.498613711
2610.0	40.0	2.78718944677	8.56454557252
2610.0	41.0	2.8360173522	12.8387039256
2620.0	40.0	2.05645458615	8.660486812
2620.0	41.0	2.23093016203	13.1787941402
2630.0	40.0	1.34445112029	8.81489970242
2630.0	41.0	1.62584297186	13.5188843548
2640.0	40.0	0.632658119534	8.96931259283
2640.0	41.0	1.02075578168	13.8589745694
2650.0	40.0	-0.0791348812192	9.12372548325
2730.0	43.0	15.2345169602	9.04711568754
2740.0	43.0	14.51409489	9.03780795535
2750.0	43.0	13.7934623546	9.02873888296
2760.0	43.0	13.0825112143	9.04997960513
2770.0	43.0	12.4090228635	9.19317548496
2780.0	43.0	11.7355345127	9.33637136479
2790.0	43.0	11.0732008127	9.60199972187
2800.0	43.0	10.4154973451	9.92037189469
2810.0	43.0	9.75211131961	10.2096275719
2820.0	43.0	9.07546599216	10.4311038661
2830.0	43.0	8.39903112983	10.65281882
2840.0	43.0	7.74511603422	10.8998317127
2850.0	43.0	7.11372070534	11.1726198638
2860.0	43.0	6.48232537647	11.4454080149
2870.0	43.0	5.86797772147	11.6878863714
2880.0	43.0	5.2607858802	11.9174770987
2890.0	43.0	4.64896380652	12.1408626712
2900.0	43.0	3.99504871091	12.311504428
2910.0	43.0	3.34113361531	12.481907525
2920.0	43.0	2.6960580543	12.6530266014
2930.0	43.0	2.07202900426	12.8258162964
2940.0	43.0	1.44778948911	12.9988446512
2950.0	43.0	0.823760439074	13.1716343462
2950.0	46.0	15.113078592	7.65549039541
2960.0	46.0	14.4654774497	7.71062080914
2970.0	46.0	13.8178763074	7.76551256308
2980.0	46.0	13.1658553977	7.84403163718
2990.0	46.0	12.5031007675	7.97648782602
3000.0	46.0	11.8405566024	8.10918267466
3010.0	46.0	11.2131601106	8.2492759771
3010.0	49.0	8.89130902124	8.48149196222
3020.0	46.0	10.6093357111	8.39461979512
3020.0	49.0	9.19900901151	8.33471618539
3030.0	46.0	9.99414619568	8.54187289154
3030.0	49.0	9.50649853668	8.18794040857
3040.0	46.0	9.35327993687	8.69366052416
3040.0	49.0	9.86176364172	8.11968370585
3040.0	50.0	0.111546508102	10.1883868498
3050.0	46.0	8.71241367806	8.84759609498
3050.0	49.0	10.2643833964	8.12994607724
3050.0	50.0	0.469337194465	9.97359303003
3060.0	46.0	8.0725997448	9.01943115077
3060.0	49.0	10.6615310583	8.13662855163
3060.0	50.0	0.827127880828	9.75879921028
3070.0	46.0	7.43278581154	9.19126620656
3070.0	49.0	11.0374217441	8.12803679884
3070.0	50.0	1.18491856719	9.54400539054
3080.0	46.0	6.77466141374	9.36596517995
3080.0	49.0	11.4133124299	8.11944504605
3080.0	50.0	1.54733948597	9.35952136536
3090.0	46.0	6.10433003958	9.54281209154
3090.0	49.0	11.8453972999	8.13615123203
3090.0	50.0	1.91018133496	9.17861723718
3100.0	46.0	5.43399866542	9.71965900313
3100.0	49.0	12.361878679	8.19032700657
3100.0	50.0	2.27302318396	8.9974744492
3100.0	52.0	0.11828139161	12.9160297007
3110.0	46.0	4.78513473245	9.85235385177
3110.0	49.0	12.8261647108	8.26383422488
3110.0	50.0	2.59229875526	8.89055485893
3110.0	52.0	0.441976730214	12.8518302146
3120.0	46.0	4.13858591568	9.98027550442
3120.0	49.0	13.0810379586	8.4146672183
3120.0	50.0	2.91157432656	8.78339660885
3120.0	52.0	0.765672068818	12.7876307284
3130.0	46.0	3.48993244781	10.1055718993
3130.0	49.0	13.3274926019	8.48578783861
3130.0	50.0	3.21885338661	8.68101155478
3130.0	52.0	1.07673950084	12.7468199027
3140.0	46.0	2.82107432942	10.2077182935
3140.0	49.0	13.5547949203	8.37123113475
3140.0	50.0	3.41563826411	8.61943732645
3140.0	52.0	1.38233484002	12.7160327885
3150.0	46.0	2.15200574592	10.3101033476
3150.0	49.0	13.7820972387	8.25667443089
3150.0	50.0	3.61263360672	8.55786309812
3150.0	52.0	1.68771971409	12.6852456744
3160.0	46.0	1.49430227834	10.4303878867
3160.0	49.0	13.6286681738	8.18603113017
3160.0	50.0	3.80941848422	8.4962888698
3160.0	52.0	1.93985691542	12.6410936114
3170.0	46.0	0.862906949465	10.5921992309
3170.0	49.0	13.3798984142	8.12636618024
3170.0	50.0	3.85887778498	8.48793577681
3170.0	52.0	2.156004583	12.5878724761
3180.0	46.0	0.231511620588	10.7542492349
3180.0	49.0	13.1311286546	8.06670123031
3180.0	50.0	3.90854755086	8.47934402402
3180.0	52.0	2.3723627157	12.5348900005
3190.0	46.0	-0.399883708289	10.9160605791
3190.0	49.0	12.8823588951	8.00703628039
3190.0	50.0	3.95800685162	8.47099093103
3190.0	52.0	2.58872084839	12.481907525
3200.0	49.0	12.6335891355	7.94737133046
3200.0	50.0	4.00746615238	8.46263783804
3200.0	52.0	2.73815107623	12.3740332955
3210.0	50.0	4.05692545314	8.45428474505
3210.0	52.0	2.88737083895	12.2663977259
3220.0	50.0	4.10659521901	8.44569299226
3220.0	52.0	3.03680106679	12.1585234964
3230.0	50.0	4.15605451978	8.43733989927
3230.0	52.0	3.17002548118	12.0000533894
3240.0	50.0	4.20551382054	8.42898680628
3240.0	52.0	3.3015661747	11.836094107
3250.0	50.0	4.39872079117	8.38030020714
3250.0	52.0	3.43310686821	11.6718961648
3260.0	50.0	4.73546496657	8.29175742144
3260.0	52.0	3.5400231439	11.4938559542
3270.0	50.0	5.07220914198	8.20297597595
3270.0	52.0	3.636205699	11.3098492486
3280.0	50.0	5.40895331738	8.11443319026
3280.0	52.0	3.7323882541	11.1256038832
3290.0	50.0	5.84166958277	7.9951032904
3290.0	52.0	3.83572662293	10.9411198581
3300.0	50.0	6.27417538305	7.87577339054
3300.0	52.0	3.96726731644	10.7547265545
3310.0	50.0	6.70689164844	7.75644349069
3310.0	52.0	4.09880800996	10.5680945911
3320.0	50.0	7.18864628437	7.63711359083
3320.0	52.0	4.23034870347	10.3817012875
3330.0	50.0	7.74385324356	7.51778369097
3330.0	52.0	4.41534753483	10.2225152011
3340.0	50.0	8.29927066786	7.39845379112
3340.0	52.0	4.60034636619	10.0635677745
3350.0	50.0	8.85468809217	7.27912389126
3350.0	52.0	4.78513473245	9.90438168811
3360.0	50.0	9.39179505193	7.09798110328
3360.0	52.0	4.98360333082	9.72896673532
3370.0	50.0	9.92406131417	6.90156408811
3370.0	52.0	5.18796495227	9.54639198854
3380.0	50.0	10.4563275764	6.70490841315
3380.0	52.0	5.39232657372	9.36381724176
3390.0	50.0	11.0109031403	6.54739294534
3390.0	52.0	5.60700098553	9.20844971214
3400.0	50.0	11.5987321915	6.44882644806
3400.0	52.0	5.84608935007	9.11632702945
3410.0	50.0	12.1865612426	6.35002129098
3410.0	52.0	6.08538817971	9.02396568697
3420.0	50.0	12.7436623878	6.28391252646
3420.0	52.0	6.32447654425	8.93184300428
3430.0	50.0	13.2698251619	6.2505001545
3430.0	52.0	6.56356490878	8.83972032159
3440.0	50.0	13.795987936	6.21708778254
3440.0	52.0	6.85505908561	8.76096258768
3450.0	50.0	14.32215071	6.18367541058
3450.0	52.0	7.15202535529	8.68363681257
3460.0	50.0	14.8483134841	6.15026303862
3460.0	52.0	7.44920209009	8.60654969727
3460.0	54.0	-0.161637204192	11.0554379021
3470.0	50.0	15.3744762581	6.11685066666
3470.0	52.0	7.77773812621	8.60631103747
3470.0	54.0	0.727998814195	10.957826044
3480.0	52.0	8.13763346367	8.68339815277
3480.0	54.0	1.61763483258	10.860214186
3490.0	52.0	8.49731833602	8.76024660828
3490.0	54.0	2.49801038615	10.7824110913
3500.0	52.0	8.85195204574	8.8289806306
3500.0	54.0	3.36891500978	10.7248940795
3510.0	52.0	9.19858808129	8.88506568353
3510.0	54.0	4.23981963341	10.6673770678
3520.0	52.0	9.54522411685	8.94138939626
3520.0	54.0	5.07747076972	10.6174971697
3520.0	55.0	0.131540693516	11.0396863553
3530.0	52.0	9.8918601524	8.9974744492
3530.0	54.0	5.89302306951	10.5726291273
3530.0	55.0	0.815552299799	10.9375399611
3540.0	52.0	10.2856403725	8.96668733503
3540.0	54.0	6.70857536931	10.5279997448
3540.0	55.0	1.49956390608	10.835154907
3550.0	52.0	10.6794205926	8.93590022087
3550.0	54.0	7.51276255319	10.4480487119
3550.0	55.0	2.18126039616	10.7418389253
3560.0	52.0	11.0732008127	8.90511310671
3560.0	54.0	8.3001125283	10.3153538632
3560.0	55.0	2.85727432828	10.669525006
3570.0	52.0	11.5090740548	8.87528063174
3570.0	54.0	9.08746250341	10.1828976744
3570.0	55.0	3.53328826039	10.5972110867
3580.0	52.0	11.9497879943	8.84544815678
3580.0	54.0	9.87607526918	10.035644578
3580.0	55.0	4.20930219251	10.5248971674
3590.0	52.0	12.3905019339	8.81561568182
3590.0	54.0	10.6653194303	9.88218632673
3590.0	55.0	4.88826263616	10.4401729385
3600.0	52.0	12.8173251762	8.7418698037
3600.0	54.0	11.4545635914	9.72872807552
3600.0	55.0	5.56722307981	10.3554487096
3610.0	52.0	13.2382553954	8.64950846121
3610.0	54.0	12.2334949621	9.67598425978
3610.0	55.0	6.24597305836	10.2707244807
3620.0	52.0	13.6591856147	8.55714711873
3620.0	54.0	13.0113740073	9.63469611443
3620.0	55.0	6.88220908475	10.2022291182
3630.0	52.0	14.1116856004	8.47409350843
3630.0	54.0	13.805669331	9.54328941114
3630.0	55.0	7.51360441363	10.1354043742
3640.0	52.0	14.585232097	8.39748371272
3640.0	54.0	14.6109088404	9.41870899569
3640.0	55.0	8.12479509198	10.0876724143
3650.0	52.0	15.0587785937	8.32063525721
3650.0	54.0	15.4161483499	9.29412858024
3650.0	55.0	8.70567879455	10.0685796303
3660.0	55.0	9.28656249712	10.0494868463
3670.0	55.0	9.84008573543	10.0062894226
3680.0	55.0	10.3904519971	9.96046674104
3690.0	55.0	10.9477636074	9.87884508954
3690.0	57.0	15.2557739363	9.70032755935
3700.0	55.0	11.521070566	9.71416982774
3700.0	57.0	14.7043553491	9.82371467581
3710.0	55.0	12.0945879897	9.54973322573
3710.0	57.0	14.1527262968	9.94710179226
3720.0	55.0	12.6874682036	9.36787445835
3720.0	57.0	13.6010972444	10.0707275685
3730.0	55.0	13.3096030676	9.1604790924
3730.0	57.0	13.043575169	10.1848069528
3740.0	55.0	13.9327902572	8.96286877824
3740.0	57.0	12.4845798379	10.2967383988
3750.0	55.0	14.5641855861	8.85427856937
3750.0	57.0	11.9255845067	10.4086698449
3760.0	55.0	15.195580915	8.7456883605
3760.0	57.0	11.3590124316	10.5392167553
3770.0	57.0	10.7878101241	10.6824126352
3780.0	57.0	10.2166078166	10.825608515
3790.0	57.0	9.64161713706	10.9666564566
3800.0	57.0	9.03295204002	11.0893275937
3810.0	57.0	8.42428694298	11.2117600709
3820.0	57.0	7.81562184594	11.334431208
3830.0	57.0	7.20695674891	11.4568636852
3840.0	58.0	14.6574216297	9.51560487437
3850.0	58.0	13.8906972353	9.67765487838
3860.0	58.0	13.1239728409	9.83970488239
3870.0	58.0	12.4250182119	9.93516880227
3880.0	58.0	11.7711031162	9.98624199941
3890.0	58.0	11.1169775555	10.0373151965
3900.0	58.0	10.4359124608	10.0623744755
3910.0	58.0	9.74769155231	10.0805126203
3920.0	58.0	9.05505087653	10.1198914872
3930.0	58.0	8.3438892711	10.2435172635
3940.0	58.0	7.63272766568	10.36690438
3950.0	58.0	6.9137788512	10.5129641774
3960.0	58.0	6.17715096751	10.7117677905
3970.0	60.0	14.76370651	8.0800661791
3980.0	60.0	13.9999286272	8.29199608124
3990.0	60.0	13.2359402792	8.50416464319
3990.0	62.0	3.37859640482	7.15549811501
4000.0	60.0	12.5534019287	8.80559197023
4000.0	62.0	3.68819058108	7.43640069927
4010.0	60.0	11.9058007864	9.14520486522
4010.0	62.0	3.99757429223	7.71706462373
4020.0	60.0	11.2556740628	9.4967507502
4020.0	62.0	4.30716846849	7.997967208
4030.0	60.0	10.582185712	9.95497756565
4030.0	62.0	4.73630682701	8.27839247266
4040.0	60.0	9.90869736117	10.4132043811
4040.0	62.0	5.28541029803	8.55857907752
4050.0	60.0	9.22636947576	10.7726260395
4050.0	62.0	5.8292521413	8.8304125894
4060.0	60.0	8.5383590324	11.0664162529
4060.0	62.0	6.35162654339	9.06907238911
4070.0	60.0	7.85034858903	11.3602064664
4070.0	62.0	6.87421141059	9.30773218882
4080.0	60.0	7.12129744929	11.5050729648
4080.0	62.0	7.38985092917	9.54352807094
4090.0	60.0	6.39203584444	11.6499394632
4090.0	62.0	7.88991602964	9.77216415907
4100.0	60.0	5.65540796075	11.7914647244
4100.0	62.0	8.389770665	10.0008002472
4110.0	60.0	4.88889403149	11.9193863771
4110.0	62.0	8.80207181476	10.3599832458
4120.0	60.0	4.12216963713	12.0473080297
4120.0	62.0	9.20469156947	10.7334858323
4130.0	60.0	3.36744175401	12.1921745282
4130.0	62.0	9.57237411599	10.9676110958
4140.0	60.0	2.63081387032	12.3625776252
4140.0	62.0	9.91669503534	11.1084203777
4150.0	60.0	1.89418598663	12.5329807222
4150.0	62.0	10.2742752566	11.1494698632
4160.0	60.0	1.19544182267	12.7272497991
4160.0	62.0	10.6512182679	11.0399250151
4170.0	60.0	0.521953471871	12.9372704229
4170.0	62.0	11.0283717444	10.9306188269
4180.0	60.0	-0.15153487893	13.1472910466
4180.0	62.0	11.1839054604	10.5986430455
4190.0	62.0	11.3394391764	10.2664286043
4200.0	62.0	11.3063961542	9.99984560799
4210.0	62.0	11.1923240648	9.76118580828
4220.0	62.0	11.0784624405	9.52252600857
4220.0	64.0	2.29406969492	11.3401590432
4220.0	65.0	6.87652652679	9.05594610013
4230.0	64.0	2.92546502379	11.1396848114
4230.0	65.0	6.74246025196	9.58768013389
4240.0	64.0	3.55686035267	10.9392105797
4240.0	65.0	6.60860444224	10.1191755079
4250.0	64.0	4.18025800738	10.7069945945
4250.0	65.0	6.41729165759	10.6833672744
4260.0	64.0	4.79860449946	10.4532992274
4260.0	65.0	6.22597887294	11.2473203811
4270.0	64.0	5.41674052643	10.1998425202
4270.0	65.0	6.04434748334	11.6854997734
4270.0	66.0	11.244519412	7.96694143403
4280.0	64.0	6.03129864654	9.9077229253
4280.0	65.0	5.86503120993	12.0921760721
4280.0	66.0	10.8427415177	8.11156927266
4290.0	64.0	6.64017420869	9.55832497852
4290.0	65.0	5.67961144835	12.4776116486
4290.0	66.0	10.4409636234	8.25619711129
4300.0	64.0	7.24904977083	9.20892703174
4300.0	65.0	5.44052308382	12.6728353648
4300.0	66.0	10.0391857291	8.40082494991
4310.0	64.0	7.88591719256	8.92038733389
4310.0	65.0	5.20143471929	12.8680590809
4310.0	66.0	9.48061132819	8.74974557709
4310.0	68.0	10.3127903717	9.61798992845
4320.0	64.0	8.54172647415	8.67241980199
4320.0	65.0	5.09725449002	12.689302891
4320.0	66.0	8.92203692725	9.09842754448
4320.0	68.0	9.8918601524	9.48386312101
4330.0	64.0	9.19732529064	8.42469092988
4330.0	65.0	5.00822774865	12.4690198958
4330.0	66.0	8.33105089942	9.3268249728
4330.0	68.0	9.40779040026	9.27193321887
4340.0	64.0	9.80893689921	8.42469092988
4340.0	65.0	4.93730100671	12.2107899925
4340.0	66.0	7.69123696616	9.37455693274
4340.0	68.0	8.82901134879	8.94377599426
4350.0	64.0	10.4207589729	8.42469092988
4350.0	65.0	4.9086777518	11.863539984
4350.0	66.0	7.05142303289	9.42228889269
4350.0	68.0	8.2607555528	8.69914969956
4360.0	64.0	11.0323705815	8.42469092988
4360.0	65.0	4.87458240404	11.5136647176
4360.0	66.0	6.44823002871	9.34448579798
4360.0	68.0	7.69776138455	8.47838938482
4370.0	64.0	11.6949147466	8.4962888698
4370.0	65.0	4.79229054617	11.140162131
4370.0	66.0	5.84924632671	9.25260177509
4370.0	68.0	7.14529047179	8.26956206007
4380.0	64.0	12.3700868182	8.58578629469
4380.0	65.0	4.7097882232	10.7666595445
4380.0	66.0	5.27215099612	9.15546723661
4380.0	68.0	6.60860444224	8.06670123031
4390.0	64.0	13.0526251688	8.60010588267
4390.0	65.0	4.60581845905	10.5392167553
4390.0	66.0	4.74598822206	9.04520640914
4390.0	68.0	6.08244166818	7.86789761715
4400.0	64.0	13.7458972399	8.50201670499
4400.0	65.0	4.49637660204	10.3482889156
4400.0	66.0	4.21982544799	8.93494558167
4400.0	68.0	5.57837773062	7.67720843718
4410.0	64.0	14.439169311	8.40368886751
4410.0	65.0	4.38693474503	10.1573610758
4410.0	66.0	3.75596034638	8.79270434104
4410.0	68.0	5.07999635103	7.48890585521
4420.0	64.0	15.1324413821	8.30536103003
4420.0	66.0	3.31882431368	8.63662083203
4420.0	68.0	4.49174636963	7.4134893585
4430.0	66.0	2.87663711836	8.492470313
4430.0	68.0	3.89360452807	7.35072183117
4440.0	66.0	2.38835806403	8.45428474505
4440.0	68.0	3.32366501121	7.29105688125
4450.0	66.0	1.9000790097	8.4160991771
4450.0	68.0	2.75351502923	7.23139193132
4460.0	66.0	1.53113367253	8.48149196222
4460.0	68.0	2.16484411761	7.11898316565
4470.0	66.0	1.24174414679	8.61561876966
4470.0	68.0	1.56354529941	6.97125274963
4480.0	66.0	0.952354621056	8.74998423689
4480.0	68.0	0.986449968815	6.69345274276
4490.0	66.0	0.66296509532	8.88411104433
4490.0	68.0	0.433979056048	6.28558314505
4500.0	68.0	-0.118491856719	5.87795220714
4510.0	70.0	10.1980868869	13.3830869287
4520.0	70.0	10.227131072	13.0704425911
4530.0	70.0	10.2561752572	12.7575595937
4540.0	70.0	10.2679613033	12.460428143
4550.0	70.0	10.2626996756	12.1790482392
4560.0	70.0	10.2572275827	11.8974296755
4570.0	70.0	10.2517554899	11.6160497717
4580.0	70.0	10.2725915357	11.3038827536
4590.0	70.0	10.3108961857	10.9711909928
4600.0	70.0	10.3492008356	10.638499232
4600.0	73.0	0.170055808577	9.85306983117
4610.0	70.0	10.3946612993	10.2967383988
4610.0	73.0	0.817656950895	9.81631622201
4610.0	74.0	0.448711613722	10.20008118
4620.0	70.0	10.4569589717	9.93445282287
4620.0	73.0	1.46525809321	9.77956261286
4620.0	74.0	1.17776275346	10.1234713842
4630.0	70.0	10.5192566442	9.57192858711
4630.0	73.0	2.09938946851	9.72538683832
4630.0	74.0	1.90702435832	10.0466229287
4640.0	70.0	10.5182043186	9.25427239369
4640.0	73.0	2.72026154191	9.65378889841
4640.0	74.0	2.59335108081	10.0019935462
4650.0	70.0	10.474638041	8.96621001543
4650.0	73.0	3.34155454552	9.55832497852
4650.0	74.0	3.26136733876	9.97072911243
4660.0	70.0	10.4310717633	8.67814763718
4660.0	73.0	3.96347894447	9.43899507867
4660.0	74.0	3.91864987612	9.92037189469
4670.0	70.0	10.457379902	8.33567082459
4670.0	73.0	4.58308822721	9.31823322001
4670.0	74.0	4.56014753026	9.84065952158
4680.0	70.0	10.5133636211	7.96956669183
4680.0	73.0	5.19764634731	9.19413012416
4680.0	74.0	5.21427309097	9.76214044748
4690.0	70.0	10.5695578054	7.60370121887
4690.0	73.0	5.81220446742	9.07002702831
4690.0	74.0	5.89828469726	9.68529199197
4690.0	77.0	-0.0145220925642	9.26000022888
4700.0	70.0	10.6575322212	7.18867182717
4700.0	73.0	6.41329282051	8.95356104605
4700.0	74.0	6.58229630354	9.60868219626
4700.0	77.0	0.58446160943	9.02134042917
4710.0	70.0	10.7591868692	6.75240171329
4710.0	73.0	7.01101373185	8.83900434219
4710.0	74.0	7.25178581726	9.4950801316
4710.0	77.0	1.14219414994	8.69580846236
4720.0	70.0	10.860631052	6.31637025922
4720.0	73.0	7.63904161897	8.72158372073
4720.0	74.0	7.9065427733	9.34496311758
4720.0	77.0	1.65993831962	8.28937082345
4730.0	70.0	10.9185089572	5.86840581515
4730.0	73.0	8.33778578292	8.59748062488
4730.0	74.0	8.56129972935	9.19460744376
4730.0	77.0	2.17894527995	7.89176359712
4740.0	70.0	10.9652322115	5.4175774535
4740.0	73.0	9.03652994688	8.47337752903
4740.0	74.0	9.22237063868	9.05141156393
4740.0	77.0	2.78866270254	7.54164967095
4750.0	70.0	10.8286403553	5.03691507295
4750.0	73.0	9.68139504277	8.37576567094
4750.0	74.0	9.88491480378	8.9098863027
4750.0	77.0	3.41184989214	7.20895791014
4760.0	70.0	10.6922589643	4.65649135221
4760.0	73.0	10.3127903717	8.28483628725
4760.0	74.0	10.5464066433	8.77599815506
4760.0	77.0	4.06660684818	6.98342439942
4770.0	70.0	10.5556671082	4.27582897167
4770.0	73.0	10.9696519788	8.20583989355
4770.0	74.0	11.1996903436	8.71036671014
4770.0	77.0	4.75861612863	6.76839191987
4780.0	70.0	10.4384380421	3.87607380715
4780.0	73.0	11.6372473065	8.13161669584
4780.0	74.0	11.8527635788	8.64449660542
4780.0	77.0	5.53733703425	6.5774640801
4790.0	70.0	10.3658275793	3.43168926008
4790.0	73.0	12.3050530994	8.05763215793
4790.0	74.0	12.4953135585	8.58459299569
4790.0	77.0	6.30974398657	6.37579654934
4800.0	70.0	10.2932171165	2.98730471301
4800.0	73.0	12.9501286604	7.97672648582
4800.0	74.0	13.0955600511	8.54927134534
4800.0	77.0	7.06741838123	6.14906973962
4810.0	70.0	10.2340764207	2.54745470214
4810.0	73.0	13.5895216634	7.89415019512
4810.0	74.0	13.6958065438	8.51394969498
4810.0	77.0	7.83540556625	5.96076715764
4820.0	70.0	10.1951403754	2.11428716566
4820.0	73.0	14.2169181552	7.81133524462
4820.0	74.0	14.3177309427	8.47528680742
4820.0	77.0	8.62780670399	5.86267797996
4830.0	70.0	10.1562043301	1.68111962918
4830.0	73.0	14.7956972067	7.72780431472
4830.0	74.0	14.9615437131	8.43304402287
4830.0	77.0	9.44988342219	5.72473261573
4840.0	70.0	10.1149531686	1.23387116452
4840.0	73.0	15.3744762581	7.64427338482
4840.0	77.0	10.2917438607	5.56077333332
4850.0	70.0	10.0728601467	0.780417545063
4850.0	77.0	11.0517333715	5.45480838225
4860.0	70.0	10.0307671248	0.326963925607
4860.0	77.0	11.8176159055	5.35313930757
4870.0	77.0	12.6068600666	5.26960837767
4880.0	77.0	13.3961042277	5.18607744777
4890.0	81.0	6.31205910278	3.97917484062
4900.0	81.0	6.09191259811	4.54312794735
4910.0	79.0	0.0841860438502	8.32922701
4910.0	80.0	-0.0391465103903	8.82134351701
4910.0	81.0	5.87197655855	5.10731971387
4920.0	79.0	0.538369750422	8.32922701
4920.0	80.0	0.47207324089	8.86668887895
4920.0	81.0	5.77853004988	5.70850374935
4930.0	79.0	1.00013020094	8.3246924738
4930.0	80.0	0.983082527061	8.9122729007
4930.0	81.0	5.6848730761	6.30944912502
4940.0	79.0	1.53008134698	8.28054041086
4940.0	80.0	1.49598599922	8.94592393246
4940.0	81.0	5.53923122023	6.87889140714
4950.0	79.0	2.06024295812	8.23638834791
4950.0	80.0	2.0095208667	8.97456310842
4950.0	81.0	5.27215099612	7.37458781115
4960.0	79.0	2.58177549978	8.17815535678
4960.0	80.0	2.52263480397	8.97360846923
4960.0	81.0	5.005070772	7.87028421515
4970.0	79.0	3.09025920463	8.09844298368
4970.0	80.0	3.03364409014	8.85427856937
4970.0	81.0	4.66706380595	8.40321154791
4980.0	79.0	3.5989533746	8.01896927037
4980.0	80.0	3.54486384142	8.73494866951
4980.0	81.0	4.2987498641	8.95212908725
4990.0	79.0	4.15521265934	7.87410277195
4990.0	80.0	4.01988359385	8.59962856307
4990.0	81.0	3.93443475934	9.30248167323
5000.0	79.0	4.71147194408	7.72923627352
5000.0	80.0	4.45723009165	8.43805587867
5000.0	81.0	3.57201384056	9.56763271071
5010.0	79.0	5.27004634502	7.59105224949
5010.0	80.0	4.96003123854	8.26550484348
5010.0	81.0	3.10288711121	9.79364354104
5020.0	79.0	5.83830214101	7.47959812302
5020.0	80.0	5.5188161046	8.12493422144
5020.0	81.0	2.57672433715	9.97836622602
5030.0	79.0	6.406557937	7.36814399655
5030.0	80.0	6.16199747962	8.03233421916
5030.0	81.0	2.00552202962	10.126096642
5040.0	79.0	6.97334047722	7.2490527565
5040.0	80.0	6.71909862479	7.98913679541
5040.0	81.0	1.44105460561	10.2210832423
5050.0	79.0	7.53465092459	7.09869708268
5050.0	80.0	7.21895326016	7.97911308382
5050.0	81.0	0.886689506852	10.2368347891
5060.0	79.0	8.09596137197	6.94858006866
5060.0	80.0	7.7316462672	7.94737133046
5060.0	81.0	0.332534873208	10.2528249957
5070.0	79.0	8.65137879627	6.84261511758
5070.0	80.0	8.29527183078	7.8280414306
5070.0	81.0	-0.221619760436	10.2688152023
5080.0	79.0	9.20132412772	6.78104088926
5080.0	80.0	8.85910785947	7.70871153074
5090.0	79.0	9.75126945917	6.71946666093
5090.0	80.0	9.41452528377	7.61873678625
5100.0	79.0	10.3047926975	6.6593243914
5100.0	80.0	9.95773573171	7.57243678511
5110.0	79.0	10.8635775635	6.60180737967
5110.0	80.0	10.5009461797	7.52613678396
5120.0	79.0	11.4223624296	6.54429036794
5120.0	80.0	11.0460508136	7.48246204062
5130.0	79.0	11.9941961324	6.47126046923
5130.0	80.0	11.595996145	7.44379915306
5130.0	86.0	-0.163320925069	8.29175742144
5140.0	79.0	12.578868207	6.38271768354
5140.0	80.0	12.1459414765	7.40537492531
5140.0	86.0	0.548261610575	8.36001412416
5150.0	79.0	13.1633298164	6.29441355764
5150.0	80.0	12.7040949472	7.35621100657
5150.0	86.0	1.25984414622	8.42803216708
5160.0	79.0	13.7637867742	6.20276819455
5160.0	80.0	13.2948705099	7.26432698368
5160.0	86.0	2.02046505241	8.50416464319
5170.0	79.0	14.3680321039	6.11040685206
5170.0	80.0	13.8858565378	7.17268162059
5170.0	86.0	2.80213246955	8.58387701629
5180.0	79.0	14.9722774337	6.01804550957
5180.0	80.0	14.431592567	7.0786496595
5180.0	86.0	3.58843011912	8.65141773961
5190.0	80.0	14.9472320856	6.98318573962
5190.0	86.0	4.37767428021	8.71108268954
5200.0	86.0	5.18123006876	8.73494866951
5210.0	86.0	5.99446725235	8.73494866951
5220.0	86.0	6.76455908847	8.71251464834
5230.0	86.0	7.47024860105	8.65642959541
5230.0	87.0	5.09788588535	11.2179652257
5240.0	87.0	5.61247307838	11.1559136778
5250.0	87.0	6.12684980631	11.0941007897
5260.0	87.0	6.64143699934	11.0322879016
5270.0	87.0	7.14865791354	10.9320507857
5270.0	90.0	15.2418832391	7.44332183346
5280.0	87.0	7.6550369673	10.8277564532
5280.0	90.0	14.4842088444	7.5769713213
5290.0	87.0	8.16141602106	10.7232234609
5290.0	90.0	13.7265344498	7.71062080914
5300.0	87.0	8.68442181848	10.6363512938
5300.0	90.0	12.9814879617	7.84999813217
5310.0	87.0	9.21437296452	10.5566389207
5310.0	90.0	12.265906589	8.00274040399
5320.0	87.0	9.74453457566	10.4771652074
5320.0	90.0	11.5503252162	8.15548267581
5330.0	87.0	10.2618578151	10.3876677825
5330.0	90.0	10.8631566333	8.332806907
5340.0	87.0	10.7793915197	10.2981703576
5340.0	90.0	10.1833543292	8.51657495277
5350.0	87.0	11.2971356894	10.1688167462
5350.0	90.0	9.50102644383	8.67934093618
5360.0	87.0	11.8150903242	10.0127332372
5360.0	90.0	8.8094380936	8.75881464948
5370.0	87.0	12.3332554241	9.85664972817
5370.0	90.0	8.11216718541	8.84091362059
5380.0	87.0	12.8594181981	9.66381261
5380.0	90.0	7.36733116244	8.94592393246
5390.0	87.0	13.3855809722	9.47121415163
5390.0	90.0	6.63638583671	9.04639970814
5400.0	87.0	13.8976425839	9.29174198224
5400.0	90.0	5.91659516179	9.164536309
5410.0	87.0	14.3888681498	9.13279455563
5410.0	90.0	5.22395448602	9.32372239541
5420.0	87.0	14.8798832505	8.97360846923
5420.0	90.0	4.53110334513	9.48266982201
5430.0	87.0	15.3708983513	8.81442238282
5430.0	90.0	3.84309290176	9.64901570241
5440.0	90.0	3.15550338862	9.81607756221
5450.0	90.0	2.46812434058	9.98313942201
5460.0	90.0	1.80999994278	10.1747832412
5470.0	90.0	1.15524298673	10.3692909779
5480.0	90.0	0.505116263101	10.5683332509
5480.0	94.0	0.357790686363	11.8852580257
5490.0	90.0	-0.126279065775	10.7852750089
5490.0	94.0	0.98918601524	11.8375260658
5500.0	94.0	1.62058134412	11.7897941058
5510.0	94.0	2.16337086184	11.7394368881
5520.0	94.0	2.70489758891	11.6790559588
5530.0	94.0	3.23526966516	11.526313687
5540.0	94.0	3.76564174142	11.3735714151
5550.0	94.0	4.3511556764	11.2315688343
5560.0	94.0	4.97329054045	11.0967260475
5570.0	94.0	5.59205796275	10.9831239828
5580.0	94.0	6.20240678066	10.9194018163
5590.0	94.0	6.81275559858	10.8559183096
5600.0	94.0	7.42036837007	10.793389442
5610.0	94.0	8.02166718827	10.7337244921
5620.0	94.0	8.62296600647	10.6740595422
5630.0	94.0	9.2206869178	10.5461378895
5640.0	94.0	9.81440899206	10.350198194
5650.0	94.0	10.4083415314	10.1540198386
5660.0	94.0	10.9694415137	9.87478787294
5670.0	94.0	11.5166507987	9.55975693732
5680.0	94.0	12.0527054329	9.26525074448
5690.0	94.0	12.5437205337	9.05308218253
5700.0	94.0	13.0347356344	8.84091362059
5710.0	94.0	13.5697379431	8.71251464834
5720.0	94.0	14.1485169946	8.66788526579
5730.0	94.0	14.727296046	8.62301722345
5740.0	94.0	15.3060750975	8.5783878409
