0.0	5.0	-1.59	0.93
0.0	6.0	-1.72	1.32
0.0	7.0	-2.45	2.26
0.0	9.0	1.16	-8.54
0.0	10.0	-0.11	-9.9
10.0	5.0	-1.59	0.93
10.0	6.0	-1.72	1.32
10.0	7.0	-2.43	2.46
10.0	9.0	1.18	-9.17
10.0	10.0	-0.1	-9.88
20.0	5.0	-1.59	0.93
20.0	6.0	-1.72	1.32
20.0	7.0	-2.43	2.59
30.0	5.0	-1.59	0.93
30.0	6.0	-1.72	1.32
30.0	7.0	-2.38	2.82
40.0	5.0	-1.59	0.93
40.0	6.0	-1.72	1.32
40.0	7.0	-2.41	3.35
50.0	5.0	-1.59	0.93
50.0	6.0	-1.72	1.32
50.0	7.0	-2.41	3.76
60.0	5.0	-1.59	0.93
60.0	6.0	-1.72	1.32
70.0	5.0	-1.59	0.93
70.0	6.0	-1.72	1.32
80.0	5.0	-1.59	0.93
80.0	6.0	-1.72	1.32
90.0	5.0	-1.59	0.93
90.0	6.0	-1.72	1.32
100.0	5.0	-1.59	0.93
100.0	6.0	-1.72	1.32
110.0	5.0	-1.59	0.93
110.0	6.0	-1.7	1.32
120.0	5.0	-1.59	0.93
120.0	6.0	-1.7	1.32
130.0	5.0	-1.59	0.93
130.0	6.0	-1.7	1.32
140.0	5.0	-1.59	0.93
140.0	6.0	-1.7	1.32
140.0	11.0	0.4	2.98
150.0	5.0	-1.59	0.93
150.0	6.0	-1.7	1.32
150.0	11.0	0.34	2.2
160.0	5.0	-1.59	0.93
160.0	6.0	-1.7	1.32
160.0	11.0	0.34	1.36
170.0	5.0	-1.59	0.93
170.0	6.0	-1.7	1.32
170.0	11.0	0.4	0.55
170.0	15.0	3.13	-2.31
180.0	5.0	-1.59	0.93
180.0	6.0	-1.7	1.32
180.0	11.0	0.42	-0.3
180.0	15.0	3.14	-1.8
190.0	5.0	-1.59	0.93
190.0	6.0	-1.7	1.32
190.0	11.0	0.49	-1.14
190.0	15.0	3.13	-1.3
200.0	5.0	-1.59	0.93
200.0	6.0	-1.7	1.32
200.0	11.0	0.53	-1.97
200.0	15.0	3.09	-0.81
210.0	5.0	-1.59	0.93
210.0	6.0	-1.7	1.32
210.0	11.0	0.58	-2.8
210.0	15.0	3.09	-0.32
220.0	5.0	-1.59	0.93
220.0	6.0	-1.7	1.32
220.0	11.0	0.6	-3.7
220.0	15.0	3.11	0.13
230.0	5.0	-1.59	0.93
230.0	6.0	-1.7	1.32
230.0	11.0	0.74	-4.63
230.0	15.0	3.11	0.62
240.0	5.0	-1.6	0.93
240.0	6.0	-1.72	1.32
240.0	11.0	0.71	-5.59
240.0	15.0	3.13	1.12
250.0	5.0	-1.61	0.93
250.0	6.0	-1.72	1.32
250.0	11.0	0.7	-6.39
250.0	15.0	3.12	1.58
260.0	11.0	0.74	-7.26
260.0	15.0	3.08	2.03
270.0	11.0	0.8	-8.15
270.0	15.0	3.1	2.46
280.0	11.0	0.83	-9.02
280.0	15.0	3.12	2.91
430.0	21.0	2.59	-6.3
440.0	21.0	2.56	-5.53
450.0	21.0	2.53	-4.77
460.0	21.0	2.45	-4.04
470.0	21.0	2.44	-3.31
480.0	21.0	2.38	-2.57
490.0	21.0	2.29	-1.9
500.0	21.0	2.25	-1.17
500.0	24.0	0.27	2.65
500.0	25.0	-0.67	2.78
500.0	26.0	3.53	-4.1
510.0	21.0	2.18	-0.46
510.0	24.0	0.44	2.34
510.0	25.0	-0.45	2.56
510.0	26.0	3.45	-3.58
520.0	21.0	2.27	0.38
520.0	24.0	0.58	2.1
520.0	25.0	-0.29	2.33
520.0	26.0	3.43	-3.05
530.0	21.0	2.25	1.09
530.0	24.0	0.7	1.88
530.0	25.0	-0.09	2.1
530.0	26.0	3.39	-2.57
530.0	27.0	2.38	-7.98
540.0	21.0	2.19	1.77
540.0	24.0	0.72	1.61
540.0	25.0	0.05	1.83
540.0	26.0	3.34	-2.06
540.0	27.0	2.42	-7.33
550.0	21.0	2.2	2.44
550.0	24.0	0.76	1.34
550.0	25.0	0.15	1.52
550.0	26.0	3.35	-1.55
550.0	27.0	2.49	-6.7
560.0	24.0	0.83	1.0
560.0	25.0	0.27	1.22
560.0	26.0	3.24	-1.06
560.0	27.0	2.44	-6.02
570.0	24.0	0.82	0.68
570.0	25.0	0.26	0.9
570.0	26.0	3.19	-0.6
570.0	27.0	2.44	-5.35
580.0	24.0	0.85	0.35
580.0	25.0	0.3	0.59
580.0	26.0	3.19	-0.1
580.0	27.0	2.44	-4.73
590.0	24.0	0.99	0.01
590.0	25.0	0.27	0.28
590.0	26.0	3.15	0.4
590.0	27.0	2.35	-4.08
600.0	24.0	1.07	-0.32
600.0	25.0	0.26	-0.05
600.0	26.0	3.19	0.88
600.0	27.0	2.42	-3.44
610.0	24.0	1.13	-0.71
610.0	25.0	0.3	-0.39
610.0	26.0	3.22	1.36
610.0	27.0	2.46	-2.9
620.0	24.0	1.22	-1.08
620.0	25.0	0.26	-0.78
620.0	26.0	3.18	1.84
620.0	27.0	2.44	-2.36
630.0	24.0	1.29	-1.47
630.0	25.0	0.34	-1.18
630.0	27.0	2.62	-1.94
640.0	24.0	1.33	-1.82
640.0	25.0	0.37	-1.57
640.0	27.0	2.84	-1.61
650.0	24.0	1.42	-2.18
650.0	25.0	0.42	-1.96
650.0	27.0	3.04	-1.23
660.0	24.0	1.49	-2.54
660.0	25.0	0.5	-2.33
670.0	24.0	1.5	-2.91
670.0	25.0	0.54	-2.74
680.0	24.0	1.54	-3.31
680.0	25.0	0.66	-3.14
690.0	24.0	1.64	-3.8
690.0	25.0	0.71	-3.52
700.0	24.0	1.66	-4.26
700.0	25.0	0.8	-3.9
710.0	24.0	1.67	-4.72
710.0	25.0	0.89	-4.27
720.0	24.0	1.7	-5.18
720.0	25.0	0.88	-4.65
720.0	29.0	-1.07	-5.69
730.0	24.0	1.65	-5.59
730.0	25.0	0.94	-5.06
730.0	29.0	-0.89	-5.95
740.0	24.0	1.59	-5.98
740.0	25.0	0.93	-5.46
740.0	29.0	-0.71	-6.25
750.0	24.0	1.65	-6.4
750.0	25.0	0.97	-5.87
750.0	29.0	-0.47	-6.46
760.0	24.0	1.69	-6.77
760.0	25.0	0.99	-6.24
760.0	29.0	-0.33	-6.79
770.0	24.0	1.71	-7.14
770.0	25.0	0.97	-6.62
770.0	29.0	-0.14	-7.09
780.0	24.0	1.8	-7.43
780.0	25.0	1.07	-6.99
780.0	29.0	0.08	-7.34
790.0	24.0	1.88	-7.7
790.0	25.0	1.13	-7.34
790.0	29.0	0.14	-7.78
800.0	24.0	1.85	-7.96
800.0	25.0	1.22	-7.67
800.0	29.0	0.28	-8.13
870.0	32.0	2.22	3.7
880.0	32.0	2.16	3.0
890.0	32.0	2.16	2.36
900.0	32.0	2.09	1.72
910.0	32.0	2.04	1.11
920.0	32.0	2.05	0.46
930.0	32.0	2.04	-0.22
940.0	32.0	2.1	-0.86
950.0	32.0	2.16	-1.55
950.0	33.0	0.78	-7.34
960.0	32.0	2.15	-2.24
960.0	33.0	0.62	-6.8
970.0	32.0	2.26	-2.95
970.0	33.0	0.57	-6.25
980.0	32.0	2.27	-3.64
980.0	33.0	0.45	-5.73
990.0	33.0	0.25	-5.17
1000.0	36.0	0.19	-0.63
1010.0	36.0	0.04	-1.2
1020.0	36.0	-0.01	-1.82
1030.0	36.0	-0.19	-2.5
1040.0	36.0	-0.39	-3.06
1050.0	36.0	-0.64	-3.66
1050.0	40.0	-1.6	0.95
1060.0	36.0	-0.99	-4.22
1060.0	40.0	-1.6	0.95
1070.0	36.0	-1.22	-4.66
1070.0	40.0	-1.6	0.95
1080.0	36.0	-1.7	-5.11
1090.0	36.0	-2.15	-5.55
1100.0	36.0	-2.57	-5.88
1110.0	36.0	-2.88	-6.31
1120.0	36.0	-3.25	-6.55
1140.0	44.0	-2.39	-2.19
1150.0	44.0	-2.39	-2.19
1150.0	46.0	-1.65	0.9
1160.0	44.0	-2.39	-2.19
1160.0	46.0	-1.65	0.9
1170.0	44.0	-2.39	-2.19
1170.0	46.0	-1.65	0.9
1180.0	46.0	-1.65	0.9
1190.0	46.0	-1.65	0.9
1200.0	46.0	-1.65	0.9
1210.0	46.0	-1.65	0.9
1210.0	49.0	-1.09	-3.64
1220.0	46.0	-1.65	0.9
1220.0	49.0	-0.84	-4.05
1230.0	46.0	-1.65	0.9
1230.0	49.0	-0.49	-4.48
1240.0	46.0	-1.65	0.9
1240.0	49.0	-0.21	-4.78
1240.0	51.0	0.92	3.06
1250.0	46.0	-1.65	0.9
1250.0	49.0	0.04	-5.27
1250.0	51.0	1.01	2.49
1260.0	46.0	-1.65	0.9
1260.0	49.0	0.33	-5.73
1260.0	51.0	1.03	1.91
1270.0	46.0	-1.65	0.9
1270.0	49.0	0.52	-6.3
1270.0	51.0	1.02	1.33
1280.0	46.0	-1.65	0.9
1280.0	49.0	0.56	-6.89
1280.0	51.0	1.09	0.7
1290.0	46.0	-1.65	0.9
1290.0	49.0	0.67	-7.48
1290.0	51.0	1.08	0.07
1300.0	46.0	-1.65	0.9
1300.0	49.0	0.67	-8.05
1300.0	51.0	1.12	-0.52
1310.0	46.0	-1.65	0.9
1310.0	49.0	0.77	-8.64
1310.0	51.0	1.16	-1.15
1320.0	46.0	-1.65	0.9
1320.0	51.0	1.18	-1.79
1330.0	46.0	-1.65	0.9
1330.0	51.0	1.3	-2.42
1340.0	46.0	-1.65	0.9
1340.0	51.0	1.52	-3.16
1350.0	46.0	-1.65	0.9
1350.0	51.0	1.52	-3.83
1360.0	46.0	-1.65	0.9
1360.0	51.0	1.61	-4.39
1370.0	46.0	-1.65	0.9
1370.0	51.0	1.6	-5.09
1380.0	46.0	-1.65	0.9
1380.0	51.0	1.63	-5.78
1480.0	53.0	3.02	-1.86
1480.0	54.0	3.82	-1.39
1490.0	53.0	2.91	-1.14
1490.0	54.0	3.65	-0.6
1500.0	53.0	2.74	-0.43
1500.0	54.0	3.61	0.16
1510.0	53.0	2.66	0.29
1510.0	54.0	3.6	0.82
1520.0	53.0	2.59	0.99
1520.0	54.0	3.49	1.44
1530.0	53.0	2.6	1.68
1530.0	54.0	3.39	2.11
1540.0	53.0	2.55	2.34
1540.0	54.0	3.24	2.77
1550.0	53.0	2.55	2.99
1550.0	54.0	3.21	3.45
1790.0	58.0	2.43	-4.16
1800.0	58.0	2.44	-3.27
1810.0	58.0	2.44	-2.38
1820.0	58.0	2.47	-1.49
1830.0	58.0	2.54	-0.61
1840.0	58.0	2.56	0.27
1840.0	60.0	1.04	4.06
1850.0	58.0	2.64	1.14
1850.0	60.0	0.95	3.5
1850.0	61.0	2.86	-5.31
1850.0	62.0	3.24	-3.68
1860.0	58.0	2.67	1.99
1860.0	60.0	1.0	3.04
1860.0	61.0	2.83	-4.61
1860.0	62.0	3.23	-3.08
1870.0	58.0	2.72	2.94
1870.0	60.0	1.04	2.63
1870.0	61.0	2.73	-3.93
1870.0	62.0	3.21	-2.52
1880.0	60.0	1.02	2.21
1880.0	61.0	2.63	-3.27
1880.0	62.0	3.2	-1.95
1890.0	60.0	1.07	1.88
1890.0	61.0	2.67	-2.6
1890.0	62.0	3.28	-1.36
1900.0	60.0	1.08	1.61
1900.0	61.0	2.63	-1.94
1900.0	62.0	3.31	-0.81
1900.0	63.0	1.18	3.75
1910.0	60.0	1.06	1.33
1910.0	61.0	2.67	-1.33
1910.0	62.0	3.34	-0.25
1910.0	63.0	1.2	3.25
1920.0	60.0	0.98	1.12
1920.0	61.0	2.77	-0.74
1920.0	62.0	3.46	0.32
1920.0	63.0	1.33	2.71
1930.0	60.0	0.98	0.9
1930.0	61.0	2.7	-0.05
1930.0	62.0	3.49	0.86
1930.0	63.0	1.45	2.13
1940.0	60.0	0.98	0.59
1940.0	61.0	2.67	0.59
1940.0	62.0	3.52	1.4
1940.0	63.0	1.69	1.61
1950.0	60.0	1.03	0.28
1950.0	61.0	2.62	1.28
1950.0	62.0	3.63	1.93
1950.0	63.0	1.97	1.07
1960.0	60.0	0.94	-0.04
1960.0	61.0	2.4	1.94
1960.0	62.0	3.63	2.42
1960.0	63.0	2.2	0.54
1970.0	60.0	0.88	-0.34
1970.0	61.0	2.35	2.59
1970.0	62.0	3.63	2.93
1970.0	63.0	2.44	-0.08
1980.0	60.0	0.93	-0.57
1980.0	63.0	2.56	-0.76
1990.0	60.0	0.83	-0.74
1990.0	63.0	2.61	-1.41
2000.0	66.0	2.63	-2.22
2010.0	66.0	2.57	-2.94
2020.0	66.0	2.59	-3.64
2030.0	66.0	2.56	-4.38
2040.0	66.0	2.47	-5.07
2050.0	66.0	2.45	-5.77
2060.0	66.0	2.33	-6.47
2100.0	67.0	3.13	-7.14
2110.0	67.0	3.21	-6.34
2120.0	67.0	3.21	-5.55
2130.0	67.0	3.17	-4.74
2130.0	68.0	3.05	-7.32
2130.0	69.0	3.07	-9.21
2140.0	67.0	3.1	-3.94
2140.0	68.0	2.99	-6.46
2140.0	69.0	3.04	-8.45
2150.0	67.0	2.99	-3.16
2150.0	68.0	2.97	-5.73
2150.0	69.0	2.94	-7.66
2160.0	67.0	2.91	-2.44
2160.0	68.0	2.95	-4.97
2160.0	69.0	2.73	-6.87
2170.0	67.0	2.78	-1.69
2170.0	68.0	2.92	-4.22
2170.0	69.0	2.55	-6.06
2180.0	67.0	2.76	-0.89
2180.0	68.0	3.04	-3.5
2180.0	69.0	2.29	-5.24
2190.0	67.0	2.61	-0.14
2190.0	68.0	3.08	-2.77
2190.0	69.0	2.12	-4.47
2200.0	67.0	2.53	0.6
2200.0	68.0	3.12	-2.05
2200.0	69.0	1.93	-3.66
2210.0	67.0	2.42	1.33
2210.0	68.0	3.25	-1.42
2210.0	69.0	1.83	-2.85
2220.0	67.0	2.36	2.12
2220.0	68.0	3.33	-0.76
2220.0	69.0	1.88	-2.04
2230.0	68.0	3.45	-0.05
2230.0	69.0	1.89	-1.23
2240.0	69.0	1.98	-0.45
2770.0	71.0	2.66	3.27
2780.0	71.0	2.67	2.68
2790.0	71.0	2.69	2.07
2800.0	71.0	2.64	1.45
2810.0	71.0	2.63	0.86
2820.0	71.0	2.63	0.25
2830.0	71.0	2.6	-0.34
2840.0	71.0	2.62	-0.93
2840.0	75.0	2.29	-6.96
2840.0	76.0	2.88	-7.74
2840.0	78.0	3.59	-6.43
2850.0	71.0	2.56	-1.51
2850.0	75.0	2.32	-6.52
2850.0	76.0	2.78	-7.31
2850.0	78.0	3.63	-6.0
2860.0	71.0	2.45	-2.13
2860.0	75.0	2.36	-6.09
2860.0	76.0	2.82	-6.86
2860.0	78.0	3.7	-5.54
2870.0	71.0	2.35	-2.71
2870.0	75.0	2.57	-5.62
2870.0	76.0	2.92	-6.43
2870.0	78.0	3.76	-5.04
2880.0	71.0	2.19	-3.29
2880.0	75.0	2.69	-5.17
2880.0	76.0	2.96	-5.99
2880.0	78.0	3.79	-4.57
2890.0	71.0	2.13	-3.91
2890.0	75.0	2.73	-4.7
2890.0	76.0	3.13	-5.56
2890.0	78.0	3.87	-3.99
2900.0	71.0	2.06	-4.54
2900.0	75.0	2.8	-4.22
2900.0	76.0	3.25	-5.18
2900.0	78.0	3.87	-3.45
2910.0	71.0	2.02	-5.18
2910.0	75.0	2.86	-3.8
2910.0	76.0	3.29	-4.54
2910.0	78.0	3.86	-2.98
2920.0	71.0	2.09	-5.8
2920.0	75.0	2.79	-3.36
2920.0	76.0	3.39	-4.04
2920.0	78.0	3.85	-2.46
2930.0	71.0	2.15	-6.46
2940.0	71.0	2.28	-7.13
2950.0	71.0	2.38	-7.77
2960.0	71.0	2.43	-8.43
2970.0	71.0	2.48	-9.09
2980.0	71.0	2.45	-9.73
3170.0	85.0	1.22	-8.24
3180.0	85.0	1.22	-8.24
3190.0	85.0	1.22	-8.24
3200.0	85.0	1.22	-8.24
3200.0	87.0	3.36	-8.77
3210.0	85.0	1.22	-8.24
3210.0	87.0	3.33	-8.02
3220.0	85.0	1.22	-8.24
3220.0	87.0	3.35	-7.3
3230.0	85.0	1.22	-8.24
3230.0	87.0	3.32	-6.61
3240.0	85.0	1.22	-8.24
3240.0	87.0	3.22	-5.88
3250.0	85.0	1.22	-8.24
3260.0	85.0	1.22	-8.24
3270.0	85.0	1.22	-8.24
3280.0	85.0	1.22	-8.24
3290.0	85.0	1.22	-8.24
3300.0	85.0	1.22	-8.24
3410.0	89.0	1.83	-0.49
3410.0	90.0	1.28	-0.65
3410.0	91.0	1.97	-3.91
3410.0	92.0	1.28	-8.29
3420.0	89.0	1.88	-0.98
3420.0	90.0	1.33	-1.16
3420.0	91.0	2.09	-4.42
3420.0	92.0	1.26	-8.25
3430.0	89.0	1.89	-1.47
3430.0	90.0	1.34	-1.68
3430.0	91.0	2.2	-4.95
3430.0	92.0	1.24	-8.21
3440.0	89.0	2.0	-1.98
3440.0	90.0	1.47	-2.2
3440.0	91.0	2.27	-5.49
3440.0	92.0	1.24	-8.21
3450.0	89.0	2.1	-2.49
3450.0	90.0	1.57	-2.71
3450.0	91.0	2.34	-5.99
3450.0	92.0	1.24	-8.21
3460.0	89.0	2.18	-3.05
3460.0	90.0	1.64	-3.29
3460.0	91.0	2.4	-6.48
3460.0	92.0	1.24	-8.21
3470.0	89.0	2.3	-3.59
3470.0	90.0	1.75	-3.82
3470.0	91.0	2.47	-6.94
3470.0	92.0	1.24	-8.21
3480.0	89.0	2.4	-4.11
3480.0	90.0	1.85	-4.35
3480.0	91.0	2.52	-7.37
3480.0	92.0	1.24	-8.21
3480.0	94.0	2.45	-10.15
3490.0	89.0	2.46	-4.65
3490.0	90.0	1.9	-4.9
3490.0	91.0	2.5	-7.95
3490.0	92.0	1.24	-8.22
3490.0	94.0	2.67	-10.02
3490.0	95.0	3.7	-10.21
3500.0	89.0	2.56	-5.13
3500.0	90.0	1.96	-5.4
3500.0	91.0	2.38	-8.32
3500.0	92.0	1.24	-8.23
3500.0	94.0	2.92	-9.82
3500.0	95.0	3.79	-9.6
3510.0	89.0	2.59	-5.51
3510.0	90.0	2.06	-5.93
3510.0	91.0	2.37	-8.88
3510.0	92.0	1.24	-8.23
3510.0	94.0	3.25	-9.56
3510.0	95.0	3.78	-8.92
3520.0	89.0	2.67	-6.11
3520.0	90.0	2.08	-6.43
3520.0	91.0	2.21	-9.41
3520.0	92.0	1.24	-8.21
3520.0	94.0	3.43	-9.35
3520.0	95.0	3.79	-8.29
3530.0	89.0	2.81	-6.63
3530.0	90.0	2.07	-6.97
3530.0	91.0	2.25	-9.99
3530.0	92.0	1.24	-8.21
3530.0	94.0	3.66	-9.02
3530.0	95.0	3.74	-7.73
3540.0	89.0	2.79	-7.16
3540.0	90.0	2.14	-7.51
3540.0	92.0	1.24	-8.21
3540.0	95.0	3.8	-7.11
3550.0	89.0	2.9	-7.65
3550.0	90.0	2.12	-8.08
3550.0	92.0	1.24	-8.21
3560.0	89.0	2.9	-8.18
3560.0	90.0	2.09	-8.66
3560.0	92.0	1.24	-8.21
3570.0	89.0	2.89	-8.73
3570.0	90.0	2.28	-9.11
3570.0	92.0	1.24	-8.21
3580.0	89.0	2.86	-9.35
3580.0	90.0	2.16	-9.65
3580.0	92.0	1.24	-8.21
4000.0	100.0	3.22	-8.86
4000.0	102.0	1.37	-9.2
4010.0	100.0	2.95	-8.25
4010.0	102.0	1.37	-9.2
4020.0	100.0	2.65	-7.64
4020.0	102.0	1.37	-9.2
4030.0	100.0	2.38	-6.99
4030.0	102.0	1.38	-9.18
4040.0	100.0	2.08	-6.34
4040.0	102.0	1.38	-9.18
4050.0	100.0	1.79	-5.74
4050.0	102.0	1.38	-9.18
4060.0	100.0	1.52	-5.09
4060.0	102.0	1.38	-9.18
4070.0	100.0	1.24	-4.5
4070.0	102.0	1.38	-9.18
4080.0	100.0	0.97	-3.91
4080.0	102.0	1.38	-9.18
4090.0	100.0	0.68	-3.3
4090.0	102.0	1.38	-9.18
4100.0	100.0	0.39	-2.73
4100.0	102.0	1.38	-9.18
4110.0	100.0	0.1	-2.15
4110.0	102.0	1.38	-9.18
4120.0	100.0	-0.21	-1.62
4120.0	102.0	1.38	-9.18
4130.0	100.0	-0.57	-1.12
4130.0	102.0	1.38	-9.18
4140.0	100.0	-0.88	-0.67
4140.0	102.0	1.38	-9.18
4150.0	100.0	-1.25	-0.36
4150.0	102.0	1.38	-9.18
4160.0	100.0	-1.55	0.04
4160.0	102.0	1.38	-9.18
4170.0	100.0	-1.84	0.49
4170.0	102.0	1.38	-9.18
4180.0	102.0	1.38	-9.18
4190.0	102.0	1.38	-9.18
4200.0	102.0	1.38	-9.18
4210.0	102.0	1.38	-9.18
4220.0	102.0	1.38	-9.18
4230.0	102.0	1.38	-9.18
4240.0	102.0	1.38	-9.18
4240.0	103.0	3.92	-8.42
4250.0	102.0	1.38	-9.18
4250.0	103.0	3.7	-7.77
4260.0	102.0	1.41	-9.18
4260.0	103.0	3.68	-7.09
4430.0	104.0	1.34	-9.22
4430.0	105.0	1.37	-8.27
4430.0	107.0	3.28	-9.49
4440.0	104.0	1.34	-9.22
4440.0	105.0	1.37	-8.27
4440.0	107.0	3.3	-9.35
4450.0	104.0	1.34	-9.22
4450.0	105.0	1.37	-8.27
4450.0	107.0	3.3	-9.16
4460.0	104.0	1.34	-9.22
4460.0	105.0	1.37	-8.27
4460.0	107.0	3.28	-8.91
4470.0	104.0	1.34	-9.22
4470.0	105.0	1.37	-8.27
4470.0	107.0	3.25	-8.71
4480.0	104.0	1.34	-9.2
4480.0	105.0	1.37	-8.27
4480.0	107.0	3.23	-8.45
4490.0	104.0	1.34	-9.2
4490.0	105.0	1.37	-8.27
4490.0	107.0	3.22	-8.29
4500.0	104.0	1.34	-9.2
4500.0	105.0	1.37	-8.27
4500.0	107.0	3.09	-7.98
4510.0	104.0	1.34	-9.22
4510.0	105.0	1.37	-8.27
4510.0	107.0	3.13	-7.79
4510.0	109.0	2.8	2.27
4520.0	104.0	1.34	-9.22
4520.0	105.0	1.37	-8.27
4520.0	107.0	3.12	-7.59
4520.0	109.0	2.9	1.78
4530.0	104.0	1.34	-9.22
4530.0	105.0	1.37	-8.27
4530.0	107.0	3.01	-7.33
4530.0	109.0	3.02	1.31
4540.0	104.0	1.34	-9.22
4540.0	105.0	1.37	-8.27
4540.0	107.0	2.96	-7.11
4540.0	109.0	3.12	0.88
4550.0	104.0	1.34	-9.22
4550.0	105.0	1.37	-8.27
4550.0	107.0	2.86	-6.81
4550.0	109.0	3.27	0.43
4560.0	104.0	1.34	-9.22
4560.0	105.0	1.37	-8.27
4560.0	107.0	2.8	-6.56
4560.0	109.0	3.42	0.08
4570.0	104.0	1.34	-9.22
4570.0	105.0	1.37	-8.27
4570.0	107.0	2.78	-6.34
4570.0	109.0	3.53	-0.26
4580.0	104.0	1.34	-9.22
4580.0	105.0	1.37	-8.27
4580.0	107.0	2.81	-6.18
4590.0	104.0	1.34	-9.2
4590.0	105.0	1.37	-8.27
4590.0	107.0	2.74	-5.89
4600.0	104.0	1.32	-9.2
4600.0	105.0	1.37	-8.27
4600.0	107.0	2.68	-5.64
4610.0	104.0	1.3	-9.18
4610.0	105.0	1.37	-8.27
4610.0	107.0	2.71	-5.34
4620.0	104.0	1.29	-9.16
4620.0	105.0	1.37	-8.27
4620.0	107.0	2.7	-5.13
4630.0	104.0	1.27	-9.16
4630.0	105.0	1.37	-8.27
4630.0	107.0	2.71	-4.91
4640.0	104.0	1.21	-9.24
4640.0	105.0	1.37	-8.27
4640.0	107.0	2.69	-4.74
4650.0	104.0	1.14	-9.23
4650.0	105.0	1.37	-8.27
4650.0	107.0	2.68	-4.5
4660.0	104.0	1.11	-9.23
4660.0	105.0	1.37	-8.27
4660.0	107.0	2.65	-4.24
4670.0	104.0	1.09	-9.23
4670.0	105.0	1.37	-8.27
4670.0	107.0	2.65	-4.07
4680.0	104.0	1.13	-9.19
4680.0	105.0	1.37	-8.27
4680.0	107.0	2.58	-3.83
4690.0	104.0	1.2	-9.12
4690.0	105.0	1.37	-8.27
4690.0	107.0	2.49	-3.6
4690.0	112.0	3.72	-8.77
4700.0	104.0	1.36	-9.23
4700.0	105.0	1.37	-8.27
4700.0	107.0	2.49	-3.4
4700.0	112.0	3.71	-8.18
4710.0	104.0	1.4	-9.28
4710.0	105.0	1.37	-8.27
4710.0	107.0	2.53	-3.17
4710.0	112.0	3.72	-7.63
4720.0	104.0	1.4	-9.36
4720.0	105.0	1.37	-8.27
4720.0	107.0	2.56	-3.01
4720.0	112.0	3.73	-7.06
4730.0	104.0	1.37	-9.31
4730.0	105.0	1.37	-8.27
4730.0	107.0	2.51	-2.77
4730.0	112.0	3.57	-6.41
4740.0	104.0	1.37	-9.32
4740.0	105.0	1.37	-8.27
4740.0	107.0	2.45	-2.53
4740.0	112.0	3.44	-5.73
4750.0	104.0	1.32	-9.34
4750.0	105.0	1.37	-8.27
4750.0	107.0	2.47	-2.3
4750.0	112.0	3.41	-5.19
4760.0	104.0	1.39	-9.34
4760.0	105.0	1.33	-8.34
4760.0	107.0	2.55	-2.07
4760.0	112.0	3.29	-4.5
4770.0	104.0	1.4	-9.34
4770.0	105.0	1.36	-8.37
4770.0	107.0	2.57	-1.89
4770.0	112.0	3.43	-3.81
4780.0	104.0	1.42	-9.29
4780.0	105.0	1.37	-8.32
4780.0	107.0	2.5	-1.65
4780.0	112.0	3.39	-3.17
4790.0	104.0	1.41	-9.28
4790.0	105.0	1.37	-8.28
4790.0	107.0	2.45	-1.46
4790.0	112.0	3.39	-2.53
4800.0	104.0	1.42	-9.28
4800.0	105.0	1.37	-8.27
4800.0	107.0	2.47	-1.25
4800.0	112.0	3.47	-1.84
4810.0	104.0	1.41	-9.27
4810.0	105.0	1.37	-8.27
4810.0	107.0	2.52	-1.04
4810.0	112.0	3.44	-1.24
4820.0	104.0	1.43	-9.26
4820.0	105.0	1.37	-8.27
4820.0	107.0	2.58	-0.69
4820.0	112.0	3.5	-0.68
4830.0	104.0	1.41	-9.23
4830.0	105.0	1.37	-8.27
4830.0	107.0	2.57	-0.59
4830.0	112.0	3.53	-0.12
4840.0	104.0	1.44	-9.26
4840.0	105.0	1.37	-8.27
4840.0	107.0	2.54	-0.41
4840.0	112.0	3.49	0.42
4850.0	104.0	1.43	-9.25
4850.0	105.0	1.35	-8.27
4850.0	107.0	2.5	-0.19
4850.0	112.0	3.53	0.9
4860.0	104.0	1.43	-9.28
4860.0	105.0	1.33	-8.27
4860.0	107.0	2.5	-0.06
4860.0	112.0	3.55	1.3
4870.0	104.0	1.41	-9.27
4870.0	105.0	1.33	-8.27
4870.0	107.0	2.5	0.15
4870.0	112.0	3.42	1.75
4880.0	104.0	1.38	-9.24
4880.0	105.0	1.33	-8.34
4880.0	107.0	2.51	0.31
4880.0	112.0	3.41	2.24
4890.0	104.0	1.36	-9.24
4890.0	105.0	1.35	-8.28
4890.0	107.0	2.47	0.53
4890.0	112.0	3.45	2.71
4900.0	104.0	1.29	-9.24
4900.0	105.0	1.35	-8.27
4900.0	107.0	2.43	0.75
4900.0	112.0	3.42	3.27
4910.0	104.0	1.38	-9.28
4910.0	105.0	1.38	-8.35
4910.0	107.0	2.4	0.95
4920.0	104.0	1.36	-9.24
4920.0	105.0	1.35	-8.28
4920.0	107.0	2.38	1.23
4930.0	104.0	1.35	-9.26
4930.0	105.0	1.35	-8.27
4930.0	107.0	2.34	1.46
4940.0	104.0	1.31	-9.19
4940.0	105.0	1.35	-8.27
4940.0	107.0	2.31	1.64
4950.0	104.0	1.3	-9.18
4950.0	105.0	1.35	-8.27
4950.0	107.0	2.33	1.85
4960.0	104.0	1.3	-9.18
4960.0	105.0	1.35	-8.27
4960.0	107.0	2.36	2.04
4970.0	104.0	1.3	-9.18
4970.0	105.0	1.33	-8.29
4970.0	107.0	2.36	2.22
4980.0	104.0	1.3	-9.18
4980.0	105.0	1.31	-8.29
4980.0	107.0	2.45	2.42
4990.0	104.0	1.3	-9.18
4990.0	105.0	1.23	-8.23
4990.0	107.0	2.47	2.6
5000.0	104.0	1.3	-9.18
5000.0	105.0	1.17	-8.26
5000.0	107.0	2.46	2.83
5010.0	104.0	1.33	-9.25
5010.0	105.0	1.13	-8.22
5010.0	107.0	2.46	3.01
5240.0	114.0	1.59	-4.09
5240.0	115.0	-0.41	0.66
5240.0	116.0	-1.97	0.45
5240.0	117.0	-1.47	-3.14
5250.0	114.0	1.52	-3.76
5250.0	115.0	-0.63	0.15
5250.0	116.0	-1.97	0.45
5250.0	117.0	-1.47	-3.14
5260.0	114.0	1.51	-3.39
5260.0	115.0	-0.89	-0.31
5260.0	116.0	-1.97	0.45
5260.0	117.0	-1.47	-3.14
5270.0	114.0	1.48	-3.04
5270.0	115.0	-1.12	-0.85
5270.0	116.0	-1.97	0.45
5270.0	117.0	-1.47	-3.14
5280.0	114.0	1.38	-2.62
5280.0	115.0	-1.32	-1.32
5280.0	116.0	-1.97	0.45
5280.0	117.0	-1.36	-3.1
5290.0	114.0	1.35	-2.25
5290.0	115.0	-1.61	-1.85
5290.0	116.0	-1.97	0.45
5290.0	117.0	-1.24	-3.14
5300.0	114.0	1.41	-1.84
5300.0	115.0	-1.79	-2.41
5300.0	116.0	-1.95	0.45
5300.0	117.0	-1.27	-3.14
5310.0	114.0	1.4	-1.44
5310.0	115.0	-1.89	-2.97
5310.0	116.0	-1.95	0.45
5310.0	117.0	-1.25	-3.11
5320.0	114.0	1.33	-1.03
5320.0	115.0	-1.88	-3.54
5320.0	116.0	-1.95	0.45
5320.0	117.0	-1.22	-3.14
5330.0	114.0	1.38	-0.71
5330.0	115.0	-2.12	-4.07
5330.0	116.0	-1.95	0.45
5330.0	117.0	-1.28	-3.14
5340.0	114.0	1.43	-0.34
5340.0	115.0	-2.29	-4.67
5340.0	116.0	-1.95	0.45
5340.0	117.0	-1.22	-3.09
5350.0	114.0	1.41	0.04
5350.0	115.0	-2.08	-5.22
5350.0	116.0	-1.95	0.45
5350.0	117.0	-1.21	-3.09
5360.0	114.0	1.32	0.39
5360.0	115.0	-2.09	-5.8
5360.0	116.0	-1.95	0.45
5360.0	117.0	-1.16	-3.11
5370.0	114.0	1.33	0.75
5370.0	115.0	-2.05	-6.42
5370.0	116.0	-1.95	0.45
5370.0	117.0	-1.35	-3.11
5680.0	118.0	2.39	-0.56
5680.0	119.0	1.3	3.75
5680.0	120.0	0.59	3.3
5680.0	122.0	2.7	-8.14
5690.0	118.0	2.54	0.03
5690.0	119.0	1.23	3.21
5690.0	120.0	0.58	2.8
5690.0	122.0	2.78	-7.37
5700.0	118.0	2.58	0.66
5700.0	119.0	1.25	2.68
5700.0	120.0	0.52	2.25
5700.0	122.0	2.79	-6.6
5710.0	118.0	2.73	1.27
5710.0	119.0	1.24	2.15
5710.0	120.0	0.57	1.7
5710.0	122.0	2.77	-5.79
5720.0	118.0	2.82	1.85
5720.0	119.0	1.23	1.65
5720.0	120.0	0.58	1.19
5720.0	122.0	2.82	-5.0
5730.0	118.0	2.79	2.46
5730.0	119.0	1.21	1.03
5730.0	120.0	0.57	0.64
5730.0	122.0	2.83	-4.19
5740.0	119.0	1.23	0.42
5740.0	120.0	0.64	0.06
5740.0	122.0	2.89	-3.37
5750.0	119.0	1.29	-0.06
5750.0	120.0	0.64	-0.43
5750.0	122.0	2.88	-2.58
5760.0	119.0	1.32	-0.61
5760.0	120.0	0.62	-0.92
5760.0	122.0	2.79	-1.71
5770.0	119.0	1.38	-1.18
5770.0	120.0	0.69	-1.44
5770.0	122.0	2.81	-0.86
5780.0	119.0	1.47	-1.86
5780.0	120.0	0.79	-2.02
5780.0	122.0	2.75	-0.1
5790.0	119.0	1.53	-2.46
5790.0	120.0	0.8	-2.61
5790.0	122.0	2.73	0.67
5800.0	119.0	1.73	-3.04
5800.0	120.0	1.02	-3.24
5800.0	122.0	2.69	1.41
5810.0	119.0	1.83	-3.68
5810.0	120.0	1.07	-3.84
5810.0	122.0	2.68	2.15
5820.0	119.0	1.95	-4.21
5820.0	120.0	1.23	-4.44
5820.0	123.0	1.34	-8.38
5830.0	119.0	2.07	-4.79
5830.0	120.0	1.4	-5.04
5830.0	123.0	1.43	-8.32
5840.0	119.0	2.24	-5.45
5840.0	120.0	1.55	-5.73
5840.0	123.0	1.44	-8.32
5850.0	119.0	2.37	-5.91
5850.0	120.0	1.71	-6.24
5850.0	123.0	1.44	-8.32
5860.0	119.0	2.58	-6.61
5860.0	120.0	1.86	-6.84
5860.0	123.0	1.44	-8.32
5870.0	119.0	2.68	-7.26
5870.0	120.0	1.93	-7.38
5870.0	123.0	1.44	-8.32
5880.0	119.0	2.86	-7.87
5880.0	120.0	2.14	-8.04
5880.0	123.0	1.44	-8.32
5890.0	119.0	2.96	-8.47
5890.0	120.0	2.26	-8.63
5890.0	123.0	1.38	-8.31
5900.0	119.0	3.13	-9.2
5900.0	120.0	2.24	-9.24
5900.0	123.0	1.42	-8.3
6320.0	125.0	2.72	-5.63
6320.0	126.0	3.79	-4.9
6320.0	127.0	2.68	-1.36
6330.0	125.0	2.66	-5.15
6330.0	126.0	3.89	-4.25
6330.0	127.0	2.45	-1.23
6340.0	125.0	2.67	-4.69
6340.0	126.0	3.92	-3.49
6340.0	127.0	2.28	-1.04
6350.0	125.0	2.73	-4.23
6350.0	126.0	3.96	-2.8
6350.0	127.0	2.17	-0.81
6360.0	125.0	2.74	-3.74
6360.0	126.0	4.06	-2.13
6360.0	127.0	2.08	-0.69
6370.0	125.0	2.88	-3.28
6370.0	126.0	3.99	-1.39
6370.0	127.0	1.91	-0.56
6380.0	125.0	3.13	-2.78
6380.0	127.0	1.72	-0.4
6390.0	125.0	3.31	-2.27
6390.0	127.0	1.59	-0.26
6400.0	127.0	1.48	-0.04
6410.0	127.0	1.41	0.1
6420.0	127.0	1.31	0.24
6430.0	127.0	1.18	0.43
6440.0	127.0	1.09	0.55
6710.0	129.0	3.7	-2.88
6710.0	131.0	0.3	1.67
6720.0	129.0	3.56	-2.61
6720.0	131.0	0.2	1.28
6730.0	129.0	3.49	-2.28
6730.0	131.0	0.05	0.92
6740.0	129.0	3.4	-2.04
6740.0	131.0	-0.09	0.56
6750.0	129.0	3.26	-1.82
6750.0	131.0	-0.19	0.24
6760.0	129.0	3.19	-1.63
6760.0	131.0	-0.25	-0.11
6770.0	129.0	3.12	-1.47
6770.0	131.0	-0.29	-0.45
6780.0	129.0	3.1	-1.43
6780.0	131.0	-0.3	-0.78
6780.0	133.0	-1.35	-1.09
6790.0	131.0	-0.25	-1.15
6790.0	133.0	-1.32	-0.93
6800.0	131.0	-0.22	-1.5
6800.0	133.0	-1.34	-0.71
6810.0	131.0	-0.26	-1.84
6810.0	133.0	-1.39	-0.48
6820.0	131.0	-0.37	-2.19
6820.0	133.0	-1.37	-0.38
6830.0	131.0	-0.57	-2.55
6830.0	133.0	-1.24	-0.28
6840.0	131.0	-0.81	-2.72
6840.0	133.0	-1.09	-0.18
6840.0	139.0	1.23	-9.32
6850.0	131.0	-1.01	-2.9
6850.0	133.0	-1.05	-0.05
6850.0	139.0	1.27	-9.3
6860.0	131.0	-1.21	-3.14
6860.0	133.0	-1.06	0.17
6860.0	139.0	1.29	-9.28
6870.0	131.0	-1.39	-3.32
6870.0	139.0	1.28	-9.28
6870.0	140.0	2.0	2.07
6880.0	139.0	1.28	-9.29
6880.0	140.0	1.95	1.41
6890.0	139.0	1.26	-9.28
6890.0	140.0	1.97	0.63
6890.0	142.0	0.6	-9.34
6890.0	143.0	0.09	-9.2
6900.0	139.0	1.19	-9.27
6900.0	140.0	2.05	-0.02
6900.0	142.0	0.6	-8.96
6900.0	143.0	0.09	-8.79
6910.0	139.0	1.22	-9.27
6910.0	140.0	2.0	-0.66
6910.0	142.0	0.59	-8.5
6910.0	143.0	0.1	-8.32
6920.0	139.0	1.25	-9.29
6920.0	140.0	2.09	-1.34
6920.0	142.0	0.82	-7.99
6920.0	143.0	0.3	-7.81
6930.0	139.0	1.29	-9.3
6930.0	140.0	2.05	-1.98
6930.0	142.0	0.99	-7.51
6930.0	143.0	0.45	-7.33
6940.0	139.0	1.31	-9.3
6940.0	140.0	2.11	-2.69
6940.0	142.0	1.21	-7.03
6940.0	143.0	0.49	-6.76
6950.0	139.0	1.31	-9.3
6950.0	140.0	2.23	-3.37
6950.0	142.0	1.31	-6.53
6950.0	143.0	0.57	-6.28
6960.0	139.0	1.31	-9.3
6960.0	140.0	2.31	-4.12
6960.0	142.0	1.28	-6.02
6960.0	143.0	0.62	-5.82
6970.0	139.0	1.31	-9.3
6970.0	140.0	2.45	-4.8
6970.0	142.0	1.33	-5.35
6970.0	143.0	0.65	-5.27
6970.0	145.0	2.46	2.98
6970.0	146.0	2.21	-9.27
6980.0	139.0	1.31	-9.3
6980.0	140.0	2.51	-5.49
6980.0	142.0	1.37	-4.86
6980.0	143.0	0.66	-4.78
6980.0	145.0	2.51	2.45
6980.0	146.0	2.21	-8.78
6990.0	139.0	1.31	-9.3
6990.0	140.0	2.62	-6.13
6990.0	142.0	1.32	-4.33
6990.0	143.0	0.73	-4.23
6990.0	145.0	2.6	1.9
6990.0	146.0	2.11	-8.2
7000.0	139.0	1.31	-9.3
7000.0	140.0	2.79	-6.81
7000.0	142.0	1.36	-3.72
7000.0	143.0	0.76	-3.68
7000.0	145.0	2.66	1.36
7000.0	146.0	2.0	-7.57
7010.0	139.0	1.31	-9.3
7010.0	140.0	2.89	-7.49
7010.0	142.0	1.33	-3.16
7010.0	143.0	0.79	-3.22
7010.0	145.0	2.68	0.84
7010.0	146.0	1.82	-6.96
7020.0	139.0	1.31	-9.3
7020.0	140.0	3.01	-8.19
7020.0	142.0	1.25	-2.6
7020.0	143.0	0.85	-2.71
7020.0	145.0	2.69	0.31
7020.0	146.0	1.68	-6.28
7020.0	148.0	2.08	-9.65
7030.0	139.0	1.31	-9.3
7030.0	140.0	3.09	-8.85
7030.0	142.0	1.34	-2.05
7030.0	143.0	0.87	-2.17
7030.0	145.0	2.53	-0.18
7030.0	146.0	1.55	-5.62
7030.0	148.0	2.21	-8.97
7030.0	150.0	2.97	-1.62
7040.0	139.0	1.31	-9.3
7040.0	140.0	2.98	-9.59
7040.0	142.0	1.45	-1.65
7040.0	143.0	0.81	-1.69
7040.0	145.0	2.36	-0.61
7040.0	146.0	1.54	-4.96
7040.0	148.0	2.2	-8.13
7040.0	150.0	2.9	-1.71
7050.0	139.0	1.31	-9.3
7050.0	142.0	1.44	-1.12
7050.0	143.0	0.8	-1.13
7050.0	145.0	2.17	-1.09
7050.0	146.0	1.52	-4.32
7050.0	148.0	2.16	-7.45
7050.0	150.0	2.83	-1.94
7060.0	139.0	1.31	-9.3
7060.0	142.0	1.41	-0.52
7060.0	143.0	0.7	-0.65
7060.0	145.0	1.95	-1.56
7060.0	146.0	1.47	-3.67
7060.0	148.0	2.11	-6.72
7060.0	150.0	2.73	-2.11
7070.0	139.0	1.31	-9.3
7070.0	142.0	1.45	-0.11
7070.0	143.0	0.73	-0.14
7070.0	145.0	1.85	-1.99
7070.0	146.0	1.42	-3.06
7070.0	148.0	1.96	-5.98
7070.0	150.0	2.53	-2.26
7080.0	139.0	1.31	-9.3
7080.0	142.0	1.38	0.42
7080.0	143.0	0.8	0.36
7080.0	145.0	1.85	-2.54
7080.0	146.0	1.23	-2.44
7080.0	148.0	1.83	-5.29
7080.0	150.0	2.49	-2.4
7090.0	139.0	1.31	-9.3
7090.0	142.0	1.38	0.91
7090.0	143.0	0.81	0.82
7090.0	145.0	1.82	-3.13
7090.0	146.0	1.21	-1.83
7090.0	148.0	1.64	-4.57
7090.0	150.0	2.43	-2.48
7100.0	139.0	1.31	-9.3
7100.0	142.0	1.41	1.44
7100.0	143.0	0.79	1.36
7100.0	145.0	1.99	-3.67
7100.0	146.0	1.26	-1.24
7100.0	148.0	1.4	-3.87
7100.0	150.0	2.46	-2.56
7110.0	139.0	1.31	-9.3
7110.0	142.0	1.41	2.08
7110.0	143.0	0.87	1.96
7110.0	145.0	2.1	-4.27
7110.0	146.0	1.31	-0.65
7110.0	148.0	1.28	-3.15
7110.0	150.0	2.37	-2.66
7120.0	139.0	1.31	-9.3
7120.0	142.0	1.43	2.45
7120.0	143.0	0.83	2.35
7120.0	145.0	2.27	-4.96
7120.0	146.0	1.39	-0.04
7120.0	148.0	1.14	-2.35
7120.0	150.0	2.12	-2.79
7130.0	139.0	1.31	-9.3
7130.0	142.0	1.48	3.1
7130.0	143.0	0.81	2.85
7130.0	145.0	2.44	-5.52
7130.0	146.0	1.49	0.63
7130.0	148.0	1.12	-1.72
7130.0	150.0	1.93	-2.92
7140.0	139.0	1.31	-9.3
7140.0	142.0	1.51	3.59
7140.0	143.0	0.89	3.31
7140.0	145.0	2.53	-6.17
7140.0	146.0	1.59	1.17
7140.0	148.0	1.22	-1.03
7140.0	150.0	1.68	-3.13
7150.0	139.0	1.31	-9.3
7150.0	145.0	2.57	-6.81
7150.0	146.0	1.68	1.74
7150.0	148.0	1.27	-0.3
7150.0	150.0	1.43	-3.28
7160.0	139.0	1.31	-9.3
7160.0	145.0	2.59	-7.47
7160.0	150.0	1.18	-3.44
7170.0	139.0	1.31	-9.3
7170.0	145.0	2.56	-8.12
7170.0	150.0	0.97	-3.61
7180.0	139.0	1.31	-9.3
7180.0	145.0	2.56	-8.78
7180.0	150.0	0.78	-3.76
7180.0	153.0	-1.94	-9.65
7190.0	139.0	1.31	-9.3
7190.0	145.0	2.53	-9.4
7190.0	150.0	0.55	-3.82
7190.0	153.0	-1.84	-9.32
7200.0	139.0	1.31	-9.3
7200.0	150.0	0.32	-3.86
7200.0	153.0	-1.82	-9.02
7210.0	139.0	1.31	-9.3
7210.0	150.0	0.1	-3.95
7210.0	153.0	-1.82	-8.82
7220.0	139.0	1.31	-9.3
7220.0	150.0	-0.15	-4.08
7220.0	153.0	-1.84	-8.69
7230.0	139.0	1.31	-9.3
7230.0	150.0	-0.44	-4.16
7230.0	153.0	-1.83	-8.62
7240.0	139.0	1.31	-9.3
7240.0	150.0	-0.69	-4.28
7240.0	153.0	-1.83	-8.62
7250.0	139.0	1.31	-9.3
7250.0	150.0	-0.81	-4.5
7250.0	153.0	-1.83	-8.62
7260.0	139.0	1.31	-9.3
7260.0	150.0	-1.08	-4.74
7270.0	139.0	1.31	-9.3
7270.0	150.0	-1.24	-4.9
7280.0	139.0	1.31	-9.3
7280.0	150.0	-1.28	-5.02
7290.0	139.0	1.31	-9.3
7290.0	150.0	-1.32	-5.1
7300.0	139.0	1.31	-9.3
7300.0	150.0	-1.27	-5.29
7310.0	139.0	1.31	-9.3
7320.0	139.0	1.31	-9.3
7330.0	139.0	1.31	-9.3
7340.0	139.0	1.31	-9.3
7350.0	139.0	1.31	-9.3
7360.0	139.0	1.31	-9.3
7370.0	139.0	1.31	-9.28
7480.0	157.0	2.25	-9.31
7480.0	158.0	3.34	-9.33
7480.0	159.0	2.08	-4.13
7490.0	157.0	2.17	-8.67
7490.0	158.0	3.43	-8.65
7490.0	159.0	2.08	-3.52
7500.0	157.0	2.12	-8.01
7500.0	158.0	3.47	-7.91
7500.0	159.0	2.03	-2.93
7510.0	157.0	2.04	-7.34
7510.0	158.0	3.58	-7.13
7510.0	159.0	1.93	-2.36
7520.0	157.0	2.05	-6.68
7520.0	158.0	3.54	-6.41
7520.0	159.0	1.92	-1.78
7530.0	157.0	2.11	-5.99
7530.0	158.0	3.46	-5.75
7530.0	159.0	1.85	-1.2
7540.0	157.0	2.06	-5.28
7540.0	158.0	3.37	-5.03
7540.0	159.0	1.78	-0.63
7550.0	157.0	2.08	-4.58
7550.0	158.0	3.3	-4.33
7550.0	159.0	1.76	-0.05
7560.0	157.0	2.13	-3.92
7560.0	158.0	3.19	-3.68
7560.0	159.0	1.67	0.55
7570.0	157.0	2.18	-3.24
7570.0	158.0	3.21	-3.0
7570.0	159.0	1.64	1.14
7570.0	161.0	-0.1	2.32
7580.0	157.0	2.16	-2.54
7580.0	158.0	3.14	-2.32
7580.0	159.0	1.55	1.71
7580.0	161.0	-0.08	2.32
7590.0	157.0	2.01	-1.81
7590.0	158.0	3.09	-1.7
7590.0	159.0	1.42	2.29
7590.0	161.0	-0.06	2.33
7600.0	157.0	1.97	-1.14
7600.0	158.0	3.02	-0.87
7600.0	159.0	1.35	2.87
7600.0	161.0	-0.06	2.33
7610.0	157.0	1.89	-0.48
7610.0	158.0	2.83	-0.21
7610.0	159.0	1.2	3.49
7610.0	161.0	-0.06	2.33
7620.0	157.0	1.88	0.13
7620.0	158.0	2.81	0.42
7620.0	161.0	-0.06	2.33
7630.0	157.0	1.89	0.75
7630.0	158.0	2.82	1.02
7630.0	161.0	-0.06	2.33
7640.0	157.0	1.79	1.39
7640.0	158.0	2.92	1.67
7640.0	161.0	-0.01	2.32
7650.0	157.0	1.83	2.03
7650.0	158.0	3.09	2.25
7650.0	161.0	-0.0	2.32
7660.0	157.0	1.77	2.66
7660.0	158.0	3.19	2.91
7660.0	161.0	-0.0	2.32
7670.0	157.0	1.69	3.27
7670.0	161.0	-0.0	2.32
8050.0	164.0	2.18	-7.98
8050.0	165.0	2.78	-8.31
8050.0	166.0	2.52	-5.1
8050.0	167.0	1.12	1.03
8060.0	164.0	2.21	-7.44
8060.0	165.0	2.84	-7.67
8060.0	166.0	2.6	-4.56
8060.0	167.0	1.12	0.33
8070.0	164.0	2.23	-6.87
8070.0	165.0	2.82	-7.06
8070.0	166.0	2.66	-3.92
8070.0	167.0	1.06	-0.36
8080.0	164.0	2.23	-6.24
8080.0	165.0	2.8	-6.44
8080.0	166.0	2.78	-3.26
8080.0	167.0	1.08	-1.01
8090.0	164.0	2.31	-5.63
8090.0	165.0	2.78	-5.84
8090.0	166.0	2.8	-2.72
8090.0	167.0	1.13	-1.7
8100.0	164.0	2.23	-5.04
8100.0	165.0	2.77	-5.25
8100.0	166.0	2.81	-2.14
8100.0	167.0	1.11	-2.41
8110.0	164.0	2.2	-4.41
8110.0	165.0	2.8	-4.64
8110.0	166.0	2.97	-1.55
8110.0	167.0	1.16	-3.09
8120.0	164.0	2.2	-3.72
8120.0	165.0	2.8	-4.03
8120.0	166.0	3.03	-0.97
8120.0	167.0	1.17	-3.77
8130.0	164.0	2.13	-3.07
8130.0	165.0	2.82	-3.37
8130.0	166.0	3.07	-0.38
8130.0	167.0	1.15	-4.48
8140.0	164.0	2.12	-2.48
8140.0	165.0	2.9	-2.71
8140.0	166.0	3.09	0.25
8140.0	167.0	1.21	-5.21
8150.0	164.0	2.18	-1.88
8150.0	165.0	2.89	-2.06
8150.0	166.0	3.02	0.91
9260.0	174.0	0.95	1.71
9270.0	174.0	0.96	1.25
9280.0	174.0	0.95	0.75
9280.0	176.0	-0.41	-4.11
9290.0	174.0	1.0	0.25
9290.0	176.0	-0.42	-3.72
9300.0	174.0	0.99	-0.25
9300.0	176.0	-0.42	-3.34
9310.0	174.0	0.97	-0.75
9310.0	176.0	-0.48	-3.05
9320.0	174.0	1.04	-1.28
9320.0	178.0	-0.63	-2.95
9330.0	174.0	1.02	-1.8
9330.0	178.0	-0.83	-2.92
9340.0	174.0	1.01	-2.3
9350.0	174.0	1.03	-2.84
9360.0	174.0	0.96	-3.38
9370.0	174.0	0.97	-3.92
9370.0	179.0	0.54	-7.41
9370.0	180.0	-1.09	-6.72
9380.0	174.0	0.99	-4.48
9380.0	179.0	0.47	-7.24
9380.0	180.0	-1.09	-6.72
9390.0	174.0	0.95	-5.03
9390.0	179.0	0.39	-7.05
9390.0	180.0	-1.09	-6.72
9400.0	174.0	0.99	-5.57
9400.0	179.0	0.36	-6.9
9400.0	180.0	-1.09	-6.72
9400.0	182.0	1.89	-9.65
9410.0	174.0	1.05	-6.07
9410.0	179.0	0.35	-6.69
9410.0	180.0	-1.09	-6.72
9410.0	182.0	1.92	-9.05
9410.0	185.0	-0.88	-1.08
9420.0	174.0	1.0	-6.55
9420.0	179.0	0.3	-6.53
9420.0	180.0	-1.09	-6.72
9420.0	182.0	1.98	-8.51
9420.0	185.0	-0.86	-1.04
9420.0	187.0	1.71	2.67
9420.0	188.0	3.91	-5.44
9430.0	174.0	0.98	-7.08
9430.0	179.0	0.17	-6.38
9430.0	180.0	-1.09	-6.72
9430.0	182.0	2.15	-7.98
9430.0	185.0	-0.85	-1.0
9430.0	187.0	1.75	2.05
9430.0	188.0	3.92	-5.15
9440.0	174.0	0.94	-7.57
9440.0	179.0	0.02	-6.23
9440.0	180.0	-1.09	-6.72
9440.0	182.0	2.17	-7.28
9440.0	185.0	-0.85	-1.0
9440.0	187.0	1.81	1.48
9440.0	188.0	3.98	-4.88
9450.0	174.0	0.83	-8.09
9450.0	179.0	0.05	-6.05
9450.0	180.0	-1.09	-6.72
9450.0	182.0	2.21	-6.76
9450.0	185.0	-0.87	-1.03
9450.0	187.0	1.89	0.91
9450.0	188.0	4.02	-4.54
9460.0	174.0	0.8	-8.61
9460.0	180.0	-1.09	-6.72
9460.0	182.0	2.28	-6.14
9460.0	185.0	-0.91	-1.07
9460.0	187.0	1.9	0.32
9460.0	190.0	-1.1	-0.45
9470.0	180.0	-1.09	-6.72
9470.0	182.0	2.39	-5.44
9470.0	185.0	-0.93	-1.09
9470.0	187.0	1.92	-0.29
9470.0	190.0	-0.69	-0.58
9480.0	180.0	-1.09	-6.72
9480.0	182.0	2.46	-4.86
9480.0	185.0	-0.93	-1.07
9480.0	187.0	1.85	-1.01
9480.0	190.0	-0.32	-0.9
9490.0	180.0	-1.09	-6.72
9490.0	182.0	2.51	-4.27
9490.0	185.0	-0.92	-1.05
9490.0	187.0	1.7	-1.6
9490.0	190.0	-0.13	-1.34
9500.0	180.0	-1.09	-6.72
9500.0	182.0	2.55	-3.65
9500.0	185.0	-0.88	-1.04
9500.0	187.0	1.62	-2.24
9500.0	190.0	-0.08	-1.86
9500.0	195.0	2.24	-9.13
9500.0	196.0	2.07	3.9
9510.0	180.0	-1.09	-6.72
9510.0	182.0	2.66	-3.03
9510.0	185.0	-0.86	-1.04
9510.0	187.0	1.51	-2.89
9510.0	190.0	0.22	-2.46
9510.0	195.0	2.31	-8.51
9510.0	196.0	2.0	3.36
9510.0	197.0	0.8	-6.49
9510.0	199.0	-1.42	-3.51
9520.0	180.0	-1.09	-6.72
9520.0	182.0	2.7	-2.42
9520.0	185.0	-0.84	-1.04
9520.0	187.0	1.46	-3.54
9520.0	190.0	0.54	-2.92
9520.0	195.0	2.35	-7.95
9520.0	196.0	2.05	2.77
9520.0	197.0	0.72	-7.17
9520.0	199.0	-1.31	-3.57
9530.0	180.0	-1.09	-6.72
9530.0	182.0	2.71	-1.76
9530.0	185.0	-0.85	-0.99
9530.0	187.0	1.44	-4.22
9530.0	190.0	0.58	-3.49
9530.0	195.0	2.43	-7.42
9530.0	196.0	1.97	2.08
9530.0	197.0	0.68	-7.88
9530.0	199.0	-1.12	-3.53
9540.0	180.0	-1.11	-6.79
9540.0	182.0	2.8	-1.12
9540.0	185.0	-0.87	-1.0
9540.0	187.0	1.39	-4.91
9540.0	190.0	0.71	-3.96
9540.0	195.0	2.48	-6.87
9540.0	196.0	1.9	1.49
9540.0	197.0	0.61	-8.45
9540.0	199.0	-1.05	-3.55
9550.0	180.0	-1.09	-6.73
9550.0	182.0	2.81	-0.51
9550.0	185.0	-0.91	-1.03
9550.0	187.0	1.35	-5.59
9550.0	190.0	0.83	-4.49
9550.0	195.0	2.47	-6.2
9550.0	196.0	1.81	0.87
9550.0	197.0	0.49	-9.09
9550.0	199.0	-0.98	-3.66
9550.0	201.0	2.78	-9.95
9560.0	180.0	-1.09	-6.72
9560.0	182.0	2.76	0.09
9560.0	185.0	-0.91	-0.98
9560.0	187.0	1.3	-6.27
9560.0	190.0	0.87	-5.06
9560.0	195.0	2.53	-5.6
9560.0	196.0	1.66	0.32
9560.0	199.0	-0.74	-3.67
9560.0	201.0	2.74	-9.37
9570.0	180.0	-1.09	-6.72
9570.0	182.0	2.84	0.81
9570.0	185.0	-0.91	-0.99
9570.0	187.0	1.22	-6.91
9570.0	190.0	1.04	-5.49
9570.0	195.0	2.56	-5.01
9570.0	196.0	1.57	-0.3
9570.0	199.0	-0.61	-3.72
9570.0	201.0	2.77	-8.83
9580.0	180.0	-1.09	-6.72
9580.0	182.0	2.81	1.47
9580.0	185.0	-0.9	-1.03
9580.0	187.0	1.25	-7.68
9580.0	190.0	0.88	-6.01
9580.0	195.0	2.58	-4.42
9580.0	196.0	1.44	-0.92
9580.0	199.0	-0.49	-3.89
9580.0	201.0	2.84	-8.3
9590.0	180.0	-1.09	-6.72
9590.0	182.0	2.81	2.05
9590.0	185.0	-0.89	-1.05
9590.0	187.0	1.27	-8.34
9590.0	190.0	0.81	-6.64
9590.0	195.0	2.61	-3.85
9590.0	196.0	1.34	-1.49
9590.0	199.0	-0.4	-4.02
9590.0	201.0	2.84	-7.75
9590.0	202.0	-0.04	-5.7
9590.0	203.0	0.94	4.05
9600.0	180.0	-1.09	-6.72
9600.0	182.0	2.77	2.62
9600.0	185.0	-0.88	-1.08
9600.0	187.0	1.26	-8.9
9600.0	190.0	0.89	-7.25
9600.0	195.0	2.59	-3.29
9600.0	196.0	1.27	-2.12
9600.0	199.0	-0.31	-4.19
9600.0	201.0	2.82	-7.15
9600.0	202.0	-0.04	-5.7
9600.0	203.0	1.04	3.55
9610.0	180.0	-1.09	-6.72
9610.0	182.0	2.76	3.23
9610.0	185.0	-0.86	-1.08
9610.0	187.0	1.39	-9.67
9610.0	190.0	0.88	-7.88
9610.0	195.0	2.55	-2.75
9610.0	196.0	1.16	-2.75
9610.0	199.0	-0.3	-4.21
9610.0	201.0	2.86	-6.58
9610.0	203.0	0.95	3.07
9610.0	204.0	-0.12	-5.85
9620.0	180.0	-1.09	-6.72
9620.0	185.0	-0.91	-1.0
9620.0	190.0	0.89	-8.47
9620.0	195.0	2.51	-2.18
9620.0	196.0	1.15	-3.37
9620.0	199.0	-0.3	-4.21
9620.0	201.0	2.86	-6.04
9620.0	203.0	0.91	2.62
9620.0	204.0	-0.12	-5.85
9630.0	180.0	-1.09	-6.72
9630.0	185.0	-0.91	-1.06
9630.0	190.0	1.01	-9.06
9630.0	195.0	2.43	-1.59
9630.0	196.0	1.18	-4.1
9630.0	199.0	-0.06	-4.27
9630.0	201.0	2.79	-5.45
9630.0	203.0	0.93	2.13
9630.0	204.0	-0.43	-6.03
9630.0	205.0	3.5	0.27
9640.0	180.0	-1.09	-6.72
9640.0	185.0	-0.94	-1.11
9640.0	190.0	1.09	-9.65
9640.0	195.0	2.42	-1.02
9640.0	196.0	1.23	-4.67
9640.0	199.0	-0.03	-4.27
9640.0	201.0	2.76	-4.87
9640.0	203.0	0.85	1.67
9640.0	204.0	-0.62	-6.04
9640.0	205.0	3.44	-0.23
9650.0	180.0	-1.11	-6.7
9650.0	185.0	-0.94	-1.13
9650.0	195.0	2.38	-0.44
9650.0	196.0	1.38	-5.3
9650.0	199.0	-0.03	-4.27
9650.0	201.0	2.65	-4.31
9650.0	203.0	0.83	1.17
9650.0	204.0	-0.9	-5.92
9650.0	205.0	3.33	-0.65
9660.0	180.0	-1.11	-6.7
9660.0	185.0	-0.92	-1.12
9660.0	195.0	2.36	0.12
9660.0	196.0	1.44	-5.93
9660.0	199.0	-0.03	-4.27
9660.0	201.0	2.67	-3.65
9660.0	203.0	0.75	0.7
9660.0	204.0	-1.1	-5.88
9660.0	205.0	3.34	-1.19
9670.0	180.0	-1.11	-6.7
9670.0	185.0	-0.88	-1.08
9670.0	195.0	2.33	0.62
9670.0	196.0	1.51	-6.57
9670.0	199.0	-0.03	-4.27
9670.0	201.0	2.65	-3.15
9670.0	203.0	0.58	0.17
9670.0	204.0	-1.24	-5.88
9670.0	205.0	3.39	-1.62
9680.0	180.0	-1.11	-6.7
9680.0	185.0	-0.89	-0.98
9680.0	195.0	2.24	1.29
9680.0	196.0	1.52	-7.23
9680.0	199.0	-0.22	-4.18
9680.0	201.0	2.51	-2.62
9680.0	203.0	0.6	-0.43
9680.0	204.0	-1.36	-5.8
9680.0	205.0	3.4	-2.14
9690.0	180.0	-1.11	-6.7
9690.0	185.0	-0.94	-0.95
9690.0	195.0	2.23	1.8
9690.0	196.0	1.45	-7.91
9690.0	199.0	-0.19	-4.29
9690.0	201.0	2.54	-2.01
9690.0	203.0	0.54	-0.97
9690.0	204.0	-1.45	-5.69
9690.0	205.0	3.42	-2.51
9700.0	180.0	-1.11	-6.7
9700.0	185.0	-0.95	-0.93
9700.0	195.0	2.23	2.27
9700.0	199.0	-0.11	-4.16
9700.0	201.0	2.59	-1.45
9700.0	203.0	0.59	-1.54
9700.0	204.0	-1.46	-5.68
9700.0	205.0	3.44	-2.96
9710.0	180.0	-1.11	-6.7
9710.0	185.0	-0.9	-1.02
9710.0	195.0	2.24	2.82
9710.0	199.0	-0.19	-4.19
9710.0	201.0	2.57	-0.92
9710.0	203.0	0.72	-2.08
9710.0	204.0	-1.46	-5.68
9710.0	205.0	3.51	-3.43
9720.0	180.0	-1.11	-6.7
9720.0	185.0	-0.89	-1.05
9720.0	199.0	-0.09	-4.35
9720.0	201.0	2.63	-0.36
9720.0	203.0	0.76	-2.7
9720.0	204.0	-1.44	-5.68
9720.0	205.0	3.65	-3.92
9730.0	180.0	-1.11	-6.7
9730.0	185.0	-0.9	-1.09
9730.0	199.0	-0.13	-4.4
9730.0	201.0	2.63	0.19
9730.0	203.0	0.93	-3.24
9730.0	204.0	-1.44	-5.68
9730.0	211.0	3.72	2.7
9740.0	180.0	-1.11	-6.7
9740.0	185.0	-0.9	-1.11
9740.0	199.0	-0.09	-4.52
9740.0	201.0	2.54	0.72
9740.0	203.0	0.97	-3.69
9740.0	204.0	-1.44	-5.68
9740.0	211.0	3.66	2.56
9750.0	180.0	-1.11	-6.7
9750.0	185.0	-0.92	-1.11
9750.0	199.0	0.06	-4.69
9750.0	201.0	2.55	1.32
9750.0	203.0	0.98	-4.37
9750.0	204.0	-1.44	-5.68
9750.0	211.0	3.51	2.45
9760.0	180.0	-1.11	-6.7
9760.0	185.0	-0.95	-1.11
9760.0	199.0	0.17	-4.87
9760.0	201.0	2.58	1.71
9760.0	203.0	1.11	-4.98
9760.0	204.0	-1.44	-5.68
9760.0	211.0	3.38	2.3
9770.0	180.0	-1.11	-6.7
9770.0	185.0	-0.96	-1.11
9770.0	201.0	2.4	2.31
9770.0	203.0	1.07	-5.54
9770.0	204.0	-1.44	-5.68
9770.0	211.0	3.28	2.1
9770.0	213.0	0.36	-5.16
9780.0	180.0	-1.11	-6.7
9780.0	185.0	-0.94	-1.11
9780.0	201.0	2.49	2.87
9780.0	203.0	1.11	-6.12
9780.0	204.0	-1.44	-5.68
9780.0	211.0	3.21	1.83
9780.0	213.0	0.5	-5.45
9790.0	180.0	-1.11	-6.7
9790.0	185.0	-0.94	-1.11
9790.0	203.0	1.1	-6.67
9790.0	204.0	-1.44	-5.68
9790.0	211.0	3.19	1.6
9790.0	213.0	0.66	-5.5
9800.0	180.0	-1.11	-6.7
9800.0	185.0	-0.94	-1.11
9800.0	203.0	0.96	-7.35
9800.0	204.0	-1.44	-5.68
9800.0	211.0	3.24	1.33
9800.0	213.0	0.55	-5.65
9810.0	180.0	-1.11	-6.7
9810.0	185.0	-0.94	-1.11
9810.0	203.0	0.98	-8.0
9810.0	204.0	-1.44	-5.68
9810.0	211.0	3.26	1.15
9810.0	213.0	0.44	-5.93
9820.0	180.0	-1.11	-6.7
9820.0	185.0	-0.94	-1.11
9820.0	203.0	0.93	-8.56
9820.0	204.0	-1.44	-5.68
9820.0	211.0	3.22	0.96
9820.0	213.0	0.51	-6.24
9820.0	215.0	2.85	-10.05
9830.0	180.0	-1.11	-6.7
9830.0	185.0	-0.94	-1.11
9830.0	203.0	0.94	-9.19
9830.0	204.0	-1.44	-5.68
9830.0	211.0	3.15	0.79
9830.0	213.0	0.57	-6.64
9830.0	215.0	2.88	-9.66
9840.0	180.0	-1.11	-6.7
9840.0	185.0	-0.94	-1.11
9840.0	203.0	0.93	-9.81
9840.0	204.0	-1.44	-5.68
9840.0	211.0	3.14	0.67
9840.0	213.0	0.59	-6.98
9840.0	215.0	2.85	-9.31
9850.0	180.0	-1.11	-6.7
9850.0	185.0	-0.94	-1.11
9850.0	204.0	-1.44	-5.68
9850.0	211.0	3.16	0.48
9850.0	213.0	0.61	-7.32
9850.0	215.0	2.63	-8.91
9860.0	180.0	-1.11	-6.7
9860.0	185.0	-0.97	-1.03
9860.0	204.0	-1.44	-5.68
9860.0	211.0	3.19	0.37
9860.0	213.0	0.75	-7.71
9860.0	215.0	2.49	-8.59
9870.0	180.0	-1.11	-6.7
9870.0	185.0	-0.92	-1.1
9870.0	204.0	-1.44	-5.68
9870.0	211.0	3.18	0.34
9870.0	213.0	0.83	-8.05
9870.0	215.0	2.4	-8.18
9880.0	180.0	-1.11	-6.7
9880.0	185.0	-0.92	-1.11
9880.0	204.0	-1.44	-5.68
9880.0	211.0	3.16	0.33
9880.0	213.0	0.83	-8.44
9880.0	215.0	2.31	-7.85
9890.0	180.0	-1.11	-6.7
9890.0	185.0	-0.92	-1.11
9890.0	204.0	-1.44	-5.68
9890.0	211.0	3.05	0.33
9890.0	213.0	0.88	-8.83
9890.0	215.0	2.1	-7.51
9900.0	180.0	-1.11	-6.7
9900.0	185.0	-0.92	-1.11
9900.0	204.0	-1.44	-5.68
9900.0	213.0	0.95	-9.26
9900.0	215.0	1.91	-7.2
9900.0	216.0	2.95	0.43
9910.0	180.0	-1.11	-6.7
9910.0	185.0	-0.94	-1.11
9910.0	204.0	-1.44	-5.68
9910.0	215.0	1.85	-6.78
9910.0	216.0	2.77	0.53
9920.0	180.0	-1.11	-6.7
9920.0	185.0	-0.94	-1.11
9920.0	215.0	1.8	-6.43
9920.0	216.0	2.53	0.67
9920.0	217.0	-1.42	-5.68
9930.0	180.0	-1.11	-6.7
9930.0	185.0	-0.94	-1.11
9930.0	215.0	1.68	-6.05
9930.0	216.0	2.35	0.81
9930.0	217.0	-1.42	-5.68
9940.0	180.0	-1.11	-6.7
9940.0	185.0	-0.94	-1.11
9940.0	215.0	1.58	-5.68
9940.0	216.0	2.23	1.07
9940.0	217.0	-1.42	-5.68
9950.0	180.0	-1.11	-6.7
9950.0	185.0	-0.92	-1.13
9950.0	215.0	1.61	-5.26
9950.0	216.0	2.09	1.34
9950.0	217.0	-1.42	-5.68
9960.0	180.0	-1.11	-6.7
9960.0	185.0	-0.9	-1.15
9960.0	215.0	1.6	-4.88
9960.0	216.0	1.92	1.62
9960.0	217.0	-1.42	-5.68
9970.0	180.0	-1.11	-6.7
9970.0	185.0	-0.9	-1.08
9970.0	215.0	1.43	-4.55
9970.0	216.0	1.86	2.01
9970.0	217.0	-1.42	-5.68
9980.0	180.0	-1.11	-6.7
9980.0	185.0	-0.91	-1.07
9980.0	215.0	1.23	-4.21
9980.0	216.0	1.76	2.32
9980.0	217.0	-1.42	-5.68
9980.0	218.0	3.58	3.17
9990.0	180.0	-1.11	-6.7
9990.0	185.0	-0.95	-1.05
9990.0	215.0	1.16	-3.83
9990.0	216.0	1.7	2.59
9990.0	217.0	-1.42	-5.68
9990.0	218.0	3.51	2.52
10060.0	223.0	1.5	4.07
10070.0	223.0	1.44	3.69
10080.0	223.0	1.63	3.22
10080.0	226.0	1.62	-9.94
10090.0	223.0	1.65	2.78
10090.0	226.0	1.72	-9.5
10100.0	223.0	1.62	2.32
10100.0	226.0	1.71	-8.99
10110.0	223.0	1.65	1.87
10110.0	226.0	1.7	-8.5
10110.0	227.0	1.72	3.87
10120.0	223.0	1.71	1.44
10120.0	226.0	1.64	-8.02
10120.0	227.0	1.8	3.32
10130.0	223.0	1.63	1.04
10130.0	226.0	1.5	-7.49
10130.0	227.0	1.83	2.82
10140.0	223.0	1.67	0.54
10140.0	226.0	1.45	-6.96
10140.0	227.0	2.02	2.31
10150.0	223.0	1.68	0.06
10150.0	226.0	1.4	-6.46
10150.0	227.0	2.09	1.82
10160.0	223.0	1.61	-0.44
10160.0	226.0	1.31	-5.96
10160.0	227.0	2.02	1.31
10170.0	223.0	1.62	-0.91
10170.0	226.0	1.27	-5.46
10170.0	227.0	2.03	0.8
10180.0	223.0	1.65	-1.37
10180.0	226.0	1.21	-4.99
10180.0	227.0	1.95	0.38
10190.0	223.0	1.65	-1.86
10190.0	226.0	1.12	-4.52
10190.0	227.0	1.85	-0.03
10200.0	223.0	1.72	-2.35
10200.0	226.0	1.1	-4.04
10200.0	227.0	1.95	-0.51
10210.0	223.0	1.83	-2.77
10210.0	226.0	0.97	-3.58
10210.0	227.0	2.01	-1.01
10220.0	223.0	1.88	-3.23
10220.0	226.0	0.85	-3.14
10220.0	227.0	2.03	-1.53
10230.0	223.0	1.93	-3.67
10230.0	226.0	0.76	-2.65
10230.0	227.0	2.18	-2.01
10240.0	223.0	2.01	-4.16
10240.0	226.0	0.67	-2.19
10240.0	227.0	2.24	-2.44
10250.0	223.0	2.01	-4.67
10250.0	226.0	0.67	-1.75
10250.0	227.0	2.19	-2.89
10260.0	223.0	1.95	-5.25
10260.0	226.0	0.74	-1.28
10260.0	227.0	2.18	-3.29
10260.0	230.0	0.93	-9.76
10260.0	231.0	2.75	-9.51
10270.0	223.0	1.9	-5.74
10270.0	226.0	0.81	-0.75
10270.0	227.0	2.16	-3.75
10270.0	230.0	0.76	-9.2
10270.0	231.0	2.86	-9.17
10280.0	223.0	1.86	-6.25
10280.0	226.0	0.96	-0.34
10280.0	227.0	2.05	-4.24
10280.0	230.0	0.63	-8.65
10280.0	231.0	2.92	-8.79
10290.0	223.0	1.91	-6.77
10290.0	226.0	1.12	0.22
10290.0	227.0	1.97	-4.65
10290.0	230.0	0.58	-8.08
10290.0	231.0	2.95	-8.32
10300.0	223.0	1.92	-7.24
10300.0	226.0	1.25	0.73
10300.0	227.0	1.96	-5.16
10300.0	230.0	0.45	-7.48
10300.0	231.0	3.05	-7.92
10310.0	223.0	1.85	-7.72
10310.0	226.0	1.45	1.21
10310.0	227.0	1.89	-5.6
10310.0	230.0	0.41	-6.95
10310.0	231.0	3.11	-7.53
10320.0	223.0	1.84	-8.19
10320.0	226.0	1.58	1.69
10320.0	227.0	1.76	-6.07
10320.0	230.0	0.41	-6.36
10320.0	231.0	3.1	-7.14
10330.0	223.0	1.86	-8.71
10330.0	227.0	1.78	-6.48
10330.0	230.0	0.35	-5.75
10330.0	231.0	3.14	-6.78
10340.0	223.0	1.77	-9.18
10340.0	227.0	1.78	-6.95
10340.0	230.0	0.43	-5.1
10340.0	231.0	3.16	-6.41
10350.0	227.0	1.65	-7.47
10350.0	230.0	0.52	-4.55
10350.0	231.0	3.1	-5.96
10360.0	227.0	1.64	-7.98
10360.0	230.0	0.56	-3.91
10360.0	231.0	3.06	-5.59
10370.0	227.0	1.68	-8.56
10370.0	230.0	0.73	-3.38
10370.0	231.0	3.09	-5.22
10370.0	234.0	2.63	2.4
10370.0	235.0	4.0	-9.3
10380.0	230.0	0.79	-2.81
10380.0	231.0	3.05	-4.82
10380.0	234.0	2.53	1.59
10380.0	235.0	4.02	-8.91
10390.0	230.0	0.84	-2.26
10390.0	231.0	2.98	-4.46
10390.0	234.0	2.38	0.82
10390.0	235.0	4.04	-8.55
10400.0	230.0	0.94	-1.72
10400.0	231.0	3.08	-4.1
10400.0	234.0	2.26	-0.02
10400.0	235.0	3.97	-8.19
10410.0	230.0	0.95	-1.14
10410.0	231.0	3.05	-3.75
10410.0	234.0	2.04	-0.91
10410.0	235.0	3.92	-7.87
10420.0	230.0	1.02	-0.6
10420.0	231.0	3.0	-3.38
10420.0	234.0	1.94	-1.82
10420.0	235.0	3.98	-7.55
10420.0	237.0	2.73	-9.75
10430.0	230.0	1.13	-0.06
10430.0	231.0	3.06	-3.06
10430.0	234.0	1.75	-2.64
10430.0	235.0	3.94	-7.21
10430.0	237.0	2.59	-8.95
10440.0	230.0	1.19	0.53
10440.0	231.0	3.15	-2.74
10440.0	234.0	1.67	-3.54
10440.0	235.0	3.87	-6.89
10440.0	237.0	2.56	-8.17
10440.0	239.0	1.13	4.18
10450.0	230.0	1.34	1.07
10450.0	231.0	3.15	-2.36
10450.0	234.0	1.6	-4.5
10450.0	235.0	3.95	-6.5
10450.0	237.0	2.48	-7.4
10450.0	239.0	1.12	4.2
10460.0	230.0	1.45	1.61
10460.0	231.0	3.13	-2.0
10460.0	234.0	1.5	-5.38
10460.0	235.0	3.89	-6.17
10460.0	237.0	2.36	-6.62
10460.0	239.0	1.13	4.19
10470.0	230.0	1.5	2.15
10470.0	231.0	3.18	-1.6
10470.0	234.0	1.44	-6.28
10470.0	235.0	3.81	-5.81
10470.0	237.0	2.34	-5.81
10470.0	239.0	1.1	4.21
10480.0	230.0	1.65	2.67
10480.0	231.0	3.14	-1.25
10480.0	234.0	1.36	-7.16
10480.0	235.0	3.82	-5.41
10480.0	237.0	2.22	-4.98
10480.0	239.0	1.09	4.19
10490.0	230.0	1.73	3.21
10490.0	231.0	3.04	-0.89
10490.0	234.0	1.42	-8.07
10490.0	235.0	3.83	-4.95
10490.0	237.0	2.13	-4.14
10490.0	239.0	1.08	4.19
10500.0	230.0	1.76	3.75
10500.0	231.0	3.04	-0.53
10500.0	235.0	3.77	-4.52
10500.0	237.0	2.06	-3.35
10500.0	239.0	1.09	4.19
10510.0	231.0	3.06	-0.15
10510.0	235.0	3.81	-4.12
10510.0	237.0	1.94	-2.58
10510.0	239.0	1.15	4.2
10520.0	231.0	3.0	0.29
10520.0	235.0	3.83	-3.76
10520.0	237.0	1.93	-1.82
10520.0	239.0	1.12	4.21
10530.0	231.0	2.97	0.74
10530.0	235.0	3.81	-3.39
10530.0	237.0	1.87	-1.1
10530.0	239.0	1.1	4.19
10540.0	231.0	3.0	1.13
10540.0	235.0	3.82	-3.02
10540.0	237.0	1.82	-0.27
10540.0	239.0	1.08	4.19
10550.0	231.0	3.01	1.52
10550.0	235.0	3.82	-2.65
10550.0	237.0	1.86	0.56
10550.0	239.0	0.99	4.14
10560.0	231.0	3.0	1.9
10560.0	235.0	3.8	-2.26
10560.0	237.0	1.79	1.33
10570.0	231.0	3.08	2.27
10570.0	235.0	3.75	-1.88
10570.0	237.0	1.88	2.02
10580.0	231.0	3.09	2.61
10580.0	235.0	3.75	-1.46
10580.0	237.0	1.89	2.71
10590.0	231.0	3.47	2.91
10590.0	235.0	3.68	-1.09
10590.0	237.0	1.83	3.5
10600.0	235.0	3.64	-0.75
10610.0	235.0	3.66	-0.29
10620.0	235.0	3.61	-0.0
10630.0	235.0	3.55	0.37
10640.0	235.0	3.57	0.73
10650.0	235.0	3.51	1.04
10660.0	235.0	3.39	1.34
10670.0	235.0	3.41	1.75
10680.0	235.0	3.44	2.12
10690.0	235.0	3.41	2.47
10700.0	235.0	3.47	2.83
10710.0	235.0	3.51	3.19
10710.0	254.0	2.84	-9.9
10720.0	235.0	3.47	3.55
10720.0	254.0	2.77	-9.22
10720.0	255.0	1.6	4.1
10730.0	235.0	3.52	3.72
10730.0	254.0	2.78	-8.53
10730.0	255.0	1.46	3.51
10730.0	256.0	0.72	3.75
10740.0	254.0	2.78	-7.89
10740.0	255.0	1.46	2.8
10740.0	256.0	0.67	3.92
10750.0	254.0	2.76	-7.25
10750.0	255.0	1.39	2.07
10750.0	256.0	0.72	3.8
10760.0	254.0	2.8	-6.59
10760.0	255.0	1.38	1.4
10770.0	254.0	2.79	-5.91
10770.0	255.0	1.41	0.68
10780.0	254.0	2.8	-5.3
10780.0	255.0	1.43	-0.07
10780.0	257.0	-0.26	-2.83
10790.0	254.0	2.85	-4.63
10790.0	255.0	1.53	-0.82
10790.0	257.0	0.3	-2.89
10790.0	258.0	1.73	2.53
10800.0	254.0	2.88	-3.93
10800.0	255.0	1.57	-1.58
10800.0	257.0	0.85	-3.06
10800.0	258.0	1.71	1.92
10810.0	254.0	2.97	-3.34
10810.0	255.0	1.55	-2.25
10810.0	257.0	1.49	-3.31
10810.0	258.0	1.79	1.25
10820.0	254.0	3.0	-2.72
10820.0	255.0	1.59	-2.82
10820.0	257.0	2.12	-3.51
10820.0	258.0	1.84	0.65
10830.0	254.0	2.98	-2.08
10830.0	255.0	1.57	-3.56
10830.0	257.0	2.7	-3.74
10830.0	258.0	1.92	0.22
10840.0	254.0	2.99	-1.44
10840.0	255.0	1.6	-4.31
10840.0	257.0	3.27	-3.89
10840.0	258.0	2.03	-0.48
10850.0	254.0	2.93	-0.8
10850.0	255.0	1.68	-5.16
10850.0	257.0	3.94	-3.9
10850.0	258.0	2.09	-1.06
10860.0	254.0	2.85	-0.2
10860.0	255.0	1.65	-5.91
10860.0	260.0	2.37	-1.43
10870.0	254.0	2.76	0.46
10870.0	255.0	1.74	-6.68
10870.0	260.0	2.73	-1.85
10880.0	254.0	2.64	1.07
10880.0	255.0	1.88	-7.54
10880.0	260.0	3.17	-2.21
10890.0	254.0	2.61	1.69
10890.0	255.0	1.83	-8.31
10890.0	260.0	3.66	-2.46
10900.0	254.0	2.58	2.28
10900.0	255.0	1.81	-9.03
10900.0	260.0	4.16	-2.73
10910.0	254.0	2.58	2.84
10920.0	254.0	2.47	3.39
11010.0	263.0	1.15	-10.15
11020.0	263.0	1.19	-9.46
11030.0	263.0	1.26	-8.82
11040.0	263.0	1.23	-8.21
11050.0	263.0	1.24	-7.58
11060.0	263.0	1.33	-6.89
11070.0	263.0	1.39	-6.21
11080.0	263.0	1.54	-5.58
11090.0	263.0	1.74	-4.92
11100.0	263.0	1.88	-4.29
11110.0	263.0	2.07	-3.69
11120.0	263.0	2.22	-3.04
11130.0	263.0	2.27	-2.39
11140.0	263.0	2.4	-1.76
11150.0	263.0	2.46	-1.09
11160.0	263.0	2.45	-0.44
11170.0	263.0	2.5	0.22
11180.0	263.0	2.47	0.88
11190.0	263.0	2.4	1.5
11200.0	263.0	2.4	2.08
11210.0	263.0	2.35	2.61
11350.0	265.0	0.78	3.0
11350.0	266.0	-0.83	2.36
11360.0	265.0	0.8	2.48
11360.0	266.0	-0.83	2.36
11360.0	269.0	2.55	3.96
11370.0	265.0	0.8	1.96
11370.0	266.0	-0.83	2.36
11370.0	269.0	2.61	3.34
11370.0	270.0	3.47	-5.26
11380.0	265.0	0.85	1.4
11380.0	266.0	-0.83	2.36
11380.0	269.0	2.63	2.67
11380.0	270.0	3.5	-4.62
11390.0	265.0	0.85	0.87
11390.0	266.0	-0.83	2.36
11390.0	269.0	2.7	2.01
11390.0	270.0	3.51	-3.97
11400.0	265.0	0.8	0.34
11400.0	266.0	-0.83	2.36
11400.0	269.0	2.77	1.42
11400.0	270.0	3.57	-3.33
11410.0	265.0	0.82	-0.22
11410.0	266.0	-0.83	2.36
11410.0	269.0	2.83	0.81
11410.0	270.0	3.58	-2.69
11420.0	265.0	0.8	-0.73
11420.0	266.0	-0.83	2.36
11420.0	269.0	2.9	0.14
11420.0	270.0	3.67	-2.06
11430.0	265.0	0.75	-1.26
11430.0	266.0	-0.83	2.36
11430.0	269.0	2.91	-0.57
11430.0	270.0	3.71	-1.44
11440.0	265.0	0.85	-1.92
11440.0	266.0	-0.83	2.36
11440.0	269.0	2.89	-1.24
11440.0	270.0	3.71	-0.81
11450.0	265.0	0.83	-2.48
11450.0	266.0	-0.83	2.36
11450.0	269.0	2.99	-1.88
11450.0	270.0	3.82	-0.21
11460.0	265.0	0.81	-3.05
11460.0	266.0	-0.83	2.36
11460.0	269.0	2.98	-2.61
11460.0	270.0	3.8	0.45
11470.0	265.0	0.77	-3.63
11470.0	266.0	-0.83	2.36
11470.0	269.0	3.11	-3.31
11470.0	270.0	3.81	1.11
11480.0	265.0	0.7	-4.23
11480.0	266.0	-0.83	2.36
11480.0	269.0	3.19	-3.98
11480.0	270.0	3.78	1.74
11490.0	265.0	0.63	-4.77
11490.0	266.0	-0.83	2.36
11490.0	269.0	3.29	-4.72
11500.0	265.0	0.67	-5.45
11500.0	266.0	-0.83	2.36
11500.0	269.0	3.43	-5.44
11510.0	265.0	0.61	-6.1
11510.0	266.0	-0.83	2.36
11510.0	269.0	3.52	-6.19
11520.0	265.0	0.49	-6.7
11520.0	266.0	-0.83	2.36
11520.0	269.0	3.65	-6.93
11530.0	265.0	0.5	-7.29
11530.0	266.0	-0.83	2.36
11530.0	269.0	3.76	-7.59
11540.0	265.0	0.47	-7.82
11540.0	266.0	-0.83	2.36
11540.0	269.0	3.74	-8.27
11610.0	274.0	3.75	-8.15
11620.0	274.0	3.75	-7.49
11630.0	274.0	3.62	-6.76
11640.0	274.0	3.61	-6.08
11650.0	274.0	3.53	-5.39
11660.0	274.0	3.46	-4.63
11670.0	274.0	3.45	-3.97
11680.0	274.0	3.34	-3.25
11690.0	274.0	3.35	-2.6
11700.0	274.0	3.38	-1.91
11710.0	274.0	3.24	-1.2
11720.0	274.0	3.27	-0.59
11730.0	274.0	3.24	0.09
11740.0	274.0	3.22	0.69
11770.0	276.0	2.12	0.66
11770.0	278.0	1.34	4.05
11770.0	279.0	1.4	-5.65
11770.0	280.0	2.89	-5.16
11770.0	281.0	3.44	-5.51
11780.0	276.0	2.04	1.3
11780.0	278.0	1.24	3.41
11780.0	279.0	1.56	-6.2
11780.0	280.0	2.88	-4.59
11780.0	281.0	3.44	-4.92
11790.0	276.0	2.05	1.9
11790.0	278.0	1.2	2.78
11790.0	279.0	1.63	-6.72
11790.0	280.0	2.89	-3.96
11790.0	281.0	3.39	-4.31
11790.0	282.0	3.5	-8.7
11800.0	276.0	2.03	2.46
11800.0	278.0	1.15	2.14
11800.0	279.0	1.65	-7.24
11800.0	280.0	2.86	-3.33
11800.0	281.0	3.33	-3.68
11800.0	282.0	3.52	-8.11
11810.0	276.0	1.99	3.06
11810.0	278.0	1.18	1.49
11810.0	279.0	1.74	-7.73
11810.0	280.0	2.81	-2.73
11810.0	281.0	3.29	-3.06
11810.0	282.0	3.56	-7.49
11820.0	276.0	2.1	3.66
11820.0	278.0	1.19	0.89
11820.0	279.0	1.84	-8.23
11820.0	280.0	2.78	-2.12
11820.0	281.0	3.27	-2.47
11820.0	282.0	3.62	-6.81
11830.0	278.0	1.17	0.24
11830.0	279.0	1.89	-8.79
11830.0	280.0	2.73	-1.52
11830.0	281.0	3.24	-1.9
11830.0	282.0	3.62	-6.19
11840.0	278.0	1.22	-0.43
11840.0	279.0	2.02	-9.34
11840.0	280.0	2.71	-0.96
11840.0	281.0	3.24	-1.33
11840.0	282.0	3.62	-5.57
11850.0	278.0	1.22	-1.09
11850.0	280.0	2.69	-0.39
11850.0	281.0	3.22	-0.74
11850.0	282.0	3.62	-4.94
11860.0	278.0	1.26	-1.75
11860.0	280.0	2.64	0.21
11860.0	281.0	3.16	-0.16
11860.0	282.0	3.63	-4.37
11870.0	278.0	1.31	-2.42
11870.0	280.0	2.63	0.78
11870.0	281.0	3.24	0.62
11870.0	282.0	3.44	-3.71
11880.0	278.0	1.33	-3.1
11880.0	280.0	2.61	1.36
11880.0	281.0	3.22	1.24
11880.0	282.0	3.35	-3.11
11890.0	278.0	1.42	-3.81
11890.0	280.0	2.53	1.96
11890.0	281.0	3.18	1.83
11890.0	282.0	3.22	-2.52
11900.0	278.0	1.43	-4.51
11900.0	280.0	2.54	2.51
11900.0	281.0	3.22	2.41
11900.0	282.0	3.11	-1.94
11910.0	278.0	1.41	-5.21
11910.0	281.0	3.22	2.96
11910.0	282.0	3.08	-1.35
11920.0	278.0	1.42	-5.93
11920.0	282.0	3.05	-0.75
11920.0	283.0	3.6	-9.28
11930.0	278.0	1.37	-6.67
11930.0	282.0	3.05	-0.17
11930.0	283.0	3.61	-8.69
11940.0	278.0	1.38	-7.38
11940.0	282.0	3.08	0.52
11940.0	283.0	3.58	-8.08
11950.0	278.0	1.32	-8.15
11950.0	282.0	3.08	1.12
11950.0	283.0	3.59	-7.45
11960.0	278.0	1.28	-8.85
11960.0	282.0	3.11	1.67
11960.0	283.0	3.56	-6.82
11970.0	282.0	3.12	2.23
11970.0	283.0	3.52	-6.22
11980.0	282.0	3.1	2.8
11980.0	283.0	3.46	-5.59
11990.0	282.0	3.09	3.3
11990.0	283.0	3.37	-4.96
12450.0	286.0	-0.26	-3.22
12450.0	288.0	3.1	-7.4
12460.0	286.0	-0.27	-2.71
12460.0	288.0	3.03	-6.72
12470.0	286.0	-0.26	-2.15
12470.0	288.0	2.95	-6.06
12480.0	286.0	-0.29	-1.56
12480.0	288.0	2.91	-5.43
12490.0	286.0	-0.25	-1.01
12490.0	288.0	2.91	-4.79
12500.0	286.0	-0.18	-0.46
12500.0	288.0	2.86	-4.12
12510.0	286.0	-0.17	0.09
12510.0	288.0	2.77	-3.44
12520.0	286.0	-0.09	0.61
12520.0	288.0	2.59	-2.84
12520.0	294.0	-0.39	4.31
12530.0	286.0	-0.03	1.14
12530.0	288.0	2.36	-2.18
12530.0	294.0	-0.4	4.15
12540.0	286.0	-0.08	1.79
12540.0	288.0	2.15	-1.58
12540.0	294.0	-0.4	4.06
12550.0	286.0	-0.02	2.31
12550.0	288.0	1.89	-1.02
12550.0	294.0	-0.41	4.2
12560.0	286.0	0.03	2.81
12560.0	288.0	1.68	-0.46
12560.0	294.0	-0.42	4.11
12570.0	286.0	0.02	3.32
12570.0	288.0	1.48	0.07
12570.0	294.0	-0.42	4.04
12580.0	286.0	0.1	3.79
12580.0	288.0	1.26	0.62
12580.0	294.0	-0.42	4.02
12590.0	286.0	0.11	4.27
12590.0	288.0	1.07	1.14
12590.0	294.0	-0.46	4.22
12600.0	288.0	0.84	1.6
12600.0	294.0	-0.47	4.28
12610.0	288.0	0.67	2.03
12610.0	294.0	-0.42	4.22
12620.0	288.0	0.47	2.48
12620.0	294.0	-0.45	4.13
12630.0	288.0	0.25	2.83
12630.0	294.0	-0.44	4.15
12640.0	288.0	0.18	3.06
12640.0	294.0	-0.44	4.12
12650.0	288.0	0.09	3.33
12650.0	294.0	-0.44	4.06
12660.0	288.0	0.02	3.33
12660.0	294.0	-0.42	4.14
12670.0	288.0	0.0	3.37
12670.0	294.0	-0.42	4.08
12680.0	288.0	0.0	3.39
12680.0	294.0	-0.42	4.04
12690.0	288.0	0.0	3.39
12690.0	294.0	-0.42	4.02
12700.0	288.0	0.0	3.39
12700.0	294.0	-0.42	4.0
12700.0	297.0	1.85	3.28
12710.0	288.0	0.0	3.39
12710.0	294.0	-0.42	3.99
12710.0	297.0	1.79	2.68
12720.0	288.0	0.0	3.39
12720.0	294.0	-0.42	3.99
12720.0	297.0	1.77	2.07
12730.0	288.0	0.0	3.39
12730.0	294.0	-0.42	3.99
12730.0	297.0	1.8	1.36
12740.0	288.0	0.0	3.39
12740.0	294.0	-0.42	3.99
12740.0	297.0	1.78	0.72
12740.0	298.0	3.56	-4.17
12750.0	288.0	0.13	3.49
12750.0	294.0	-0.42	3.99
12750.0	297.0	1.77	0.07
12750.0	298.0	3.61	-3.55
12760.0	297.0	1.83	-0.7
12760.0	298.0	3.61	-2.96
12770.0	297.0	1.79	-1.35
12770.0	298.0	3.61	-2.39
12780.0	297.0	1.79	-2.0
12780.0	298.0	3.82	-1.73
12790.0	297.0	1.74	-2.67
12790.0	298.0	3.85	-1.12
12790.0	299.0	3.46	-7.18
12790.0	300.0	2.36	-8.39
12790.0	301.0	3.01	-8.85
12800.0	297.0	1.77	-3.35
12800.0	298.0	3.82	-0.57
12800.0	299.0	3.5	-6.4
12800.0	300.0	2.4	-7.62
12800.0	301.0	3.05	-8.1
12810.0	297.0	1.67	-4.06
12810.0	298.0	3.84	-0.03
12810.0	299.0	3.52	-5.63
12810.0	300.0	2.46	-6.88
12810.0	301.0	3.07	-7.35
12820.0	297.0	1.57	-4.71
12820.0	298.0	3.83	0.66
12820.0	299.0	3.51	-4.88
12820.0	300.0	2.53	-6.24
12820.0	301.0	3.1	-6.49
12830.0	297.0	1.51	-5.47
12830.0	298.0	3.91	1.13
12830.0	299.0	3.48	-4.14
12830.0	300.0	2.59	-5.47
12830.0	301.0	3.14	-5.72
12840.0	297.0	1.51	-6.24
12840.0	299.0	3.27	-3.44
12840.0	300.0	2.55	-4.73
12840.0	301.0	3.1	-4.96
12850.0	297.0	1.5	-6.98
12850.0	299.0	3.01	-2.77
12850.0	300.0	2.55	-3.96
12850.0	301.0	3.08	-4.21
12860.0	297.0	1.41	-7.66
12860.0	299.0	2.59	-2.09
12860.0	300.0	2.56	-3.21
12860.0	301.0	3.07	-3.48
12870.0	297.0	1.35	-8.35
12870.0	299.0	2.05	-1.64
12870.0	300.0	2.46	-2.5
12870.0	301.0	3.06	-2.59
12880.0	297.0	1.44	-9.11
12880.0	299.0	1.54	-1.14
12880.0	300.0	2.54	-1.69
12880.0	301.0	3.13	-1.82
12890.0	297.0	1.38	-9.82
12890.0	299.0	1.0	-0.72
12890.0	300.0	2.52	-0.88
12890.0	301.0	3.14	-1.06
12900.0	299.0	0.38	-0.24
12900.0	300.0	2.55	-0.22
12900.0	301.0	3.24	-0.35
12910.0	299.0	-0.27	0.21
12910.0	300.0	2.61	0.6
12910.0	301.0	3.24	0.36
12920.0	299.0	-0.91	0.61
12920.0	300.0	2.64	1.35
12920.0	301.0	3.26	1.08
12930.0	299.0	-1.46	1.04
12930.0	300.0	2.71	2.03
12930.0	301.0	3.32	1.75
12940.0	299.0	-2.0	1.45
12940.0	300.0	2.76	2.71
12940.0	301.0	3.38	2.41
12950.0	299.0	-2.48	1.84
12960.0	299.0	-3.06	2.21
13010.0	305.0	1.06	-6.54
13010.0	306.0	1.14	3.16
13020.0	305.0	0.82	-5.88
13020.0	306.0	1.15	2.66
13030.0	305.0	0.52	-5.28
13030.0	306.0	1.14	2.12
13040.0	305.0	-0.1	-4.87
13040.0	306.0	1.17	1.6
13050.0	306.0	1.18	1.1
13060.0	306.0	1.12	0.54
13060.0	307.0	2.6	-8.67
13070.0	306.0	1.04	-0.09
13070.0	307.0	2.49	-8.26
13080.0	306.0	0.98	-0.63
13080.0	307.0	2.47	-7.74
13090.0	306.0	0.82	-1.22
13090.0	307.0	2.5	-7.26
13100.0	306.0	0.8	-1.86
13100.0	307.0	2.47	-6.78
13110.0	306.0	0.79	-2.5
13110.0	307.0	2.46	-6.28
13120.0	306.0	0.74	-3.05
13120.0	307.0	2.53	-5.81
13130.0	306.0	0.88	-3.64
13130.0	307.0	2.55	-5.37
13140.0	306.0	1.0	-4.26
13140.0	307.0	2.55	-4.94
13150.0	306.0	1.1	-4.87
13150.0	307.0	2.56	-4.48
13160.0	306.0	1.34	-5.52
13160.0	307.0	2.48	-4.14
13170.0	306.0	1.45	-6.04
13170.0	307.0	2.35	-3.8
13180.0	306.0	1.54	-6.69
13180.0	307.0	2.29	-3.42
13180.0	317.0	0.66	-9.8
13190.0	306.0	1.7	-7.33
13190.0	307.0	2.24	-3.07
13190.0	317.0	0.54	-9.33
13200.0	306.0	1.75	-8.04
13200.0	307.0	2.12	-2.74
13200.0	317.0	0.55	-8.84
13210.0	306.0	1.72	-8.69
13210.0	307.0	2.07	-2.36
13210.0	317.0	0.5	-8.41
13220.0	306.0	1.75	-9.34
13220.0	307.0	2.1	-2.07
13220.0	317.0	0.38	-7.97
13230.0	306.0	1.71	-9.94
13230.0	307.0	2.1	-1.73
13230.0	317.0	0.36	-7.52
13230.0	319.0	1.64	3.88
13240.0	307.0	2.03	-1.54
13240.0	317.0	0.33	-7.11
13240.0	319.0	1.55	3.17
13250.0	307.0	2.04	-1.24
13250.0	317.0	0.24	-6.68
13250.0	319.0	1.4	2.37
13260.0	307.0	2.03	-1.12
13260.0	317.0	0.2	-6.25
13260.0	319.0	1.28	1.48
13270.0	307.0	2.02	-1.21
13270.0	317.0	0.22	-5.79
13270.0	319.0	1.15	0.76
13280.0	307.0	2.02	-1.21
13280.0	317.0	0.16	-5.43
13280.0	319.0	1.15	-0.03
13290.0	307.0	2.02	-1.2
13290.0	317.0	0.03	-5.1
13290.0	319.0	1.06	-0.92
13300.0	307.0	2.01	-1.13
13300.0	317.0	-0.09	-4.84
13300.0	319.0	1.14	-1.76
13310.0	307.0	2.01	-1.14
13310.0	317.0	-0.18	-4.63
13310.0	319.0	1.22	-2.6
13320.0	307.0	2.0	-1.16
13320.0	317.0	-0.44	-4.45
13320.0	319.0	1.29	-3.46
13330.0	307.0	2.0	-1.18
13330.0	317.0	-0.65	-4.27
13330.0	319.0	1.37	-4.37
13340.0	307.0	1.98	-1.21
13340.0	317.0	-0.79	-4.2
13340.0	319.0	1.35	-5.25
13350.0	307.0	1.93	-1.21
13350.0	317.0	-0.98	-4.18
13350.0	319.0	1.39	-6.12
13360.0	307.0	1.8	-1.09
13360.0	317.0	-1.02	-4.18
13360.0	319.0	1.38	-6.98
13370.0	317.0	-0.86	-4.19
13370.0	319.0	1.32	-7.88
13380.0	319.0	1.25	-8.71
13380.0	321.0	1.39	-0.79
13390.0	319.0	1.19	-9.57
13390.0	321.0	1.21	-0.68
13730.0	325.0	3.07	-7.17
13740.0	325.0	3.01	-6.59
13740.0	326.0	1.92	-1.68
13750.0	325.0	3.06	-6.2
13750.0	326.0	1.87	-2.51
13750.0	328.0	2.75	1.15
13760.0	325.0	3.13	-5.76
13760.0	326.0	1.83	-3.36
13760.0	328.0	2.73	0.39
13770.0	325.0	3.18	-5.31
13770.0	326.0	1.73	-4.23
13770.0	328.0	2.66	-0.35
13780.0	325.0	3.13	-4.8
13780.0	326.0	1.74	-5.09
13780.0	328.0	2.63	-1.11
13790.0	325.0	3.34	-4.33
13790.0	326.0	1.73	-5.98
13790.0	328.0	2.5	-1.9
13800.0	325.0	3.33	-3.91
13800.0	326.0	1.81	-6.89
13800.0	328.0	2.45	-2.81
13810.0	325.0	3.27	-3.4
13810.0	326.0	1.87	-7.74
13810.0	328.0	2.37	-3.62
13820.0	325.0	3.24	-3.05
13820.0	326.0	1.87	-8.62
13820.0	328.0	2.37	-4.44
13830.0	325.0	3.22	-2.69
13830.0	326.0	1.91	-9.52
13830.0	328.0	2.36	-5.27
13840.0	325.0	3.07	-2.41
13840.0	328.0	2.46	-6.04
13850.0	325.0	3.05	-2.38
13850.0	328.0	2.52	-6.87
13860.0	325.0	2.99	-2.64
13860.0	328.0	2.63	-7.64
13870.0	328.0	2.79	-8.46
13880.0	328.0	3.01	-9.39
14160.0	329.0	2.39	-9.03
14160.0	331.0	1.92	1.63
14170.0	329.0	2.49	-8.28
14170.0	331.0	1.91	0.82
14180.0	329.0	2.59	-7.48
14180.0	331.0	1.87	-0.01
14190.0	329.0	2.75	-6.71
14190.0	331.0	1.84	-0.84
14200.0	329.0	2.85	-5.98
14200.0	331.0	1.77	-1.7
14210.0	329.0	2.9	-5.08
14210.0	331.0	1.7	-2.6
14220.0	329.0	2.96	-4.32
14220.0	331.0	1.7	-3.54
14230.0	329.0	2.92	-3.53
14230.0	331.0	1.73	-4.37
14240.0	329.0	2.92	-2.78
14240.0	331.0	1.8	-5.34
14250.0	329.0	2.9	-2.03
14250.0	331.0	1.73	-6.24
14260.0	329.0	2.86	-1.27
14260.0	331.0	1.76	-7.16
14270.0	329.0	2.85	-0.46
14270.0	331.0	1.68	-8.04
14280.0	329.0	2.82	0.3
14280.0	331.0	1.68	-8.89
14290.0	329.0	2.86	1.1
