0.0	6.0	-1.72	1.32
0.0	10.0	-0.11	-9.9
10.0	1.0	1.28	-6.35
10.0	6.0	-1.72	1.32
10.0	10.0	-0.1	-9.88
20.0	6.0	-1.72	1.32
30.0	6.0	-1.72	1.32
40.0	6.0	-1.72	1.32
50.0	6.0	-1.72	1.32
60.0	6.0	-1.72	1.32
70.0	6.0	-1.72	1.32
80.0	6.0	-1.72	1.32
90.0	6.0	-1.72	1.32
100.0	6.0	-1.72	1.32
110.0	6.0	-1.7	1.32
120.0	6.0	-1.7	1.32
130.0	6.0	-1.7	1.32
140.0	6.0	-1.7	1.32
140.0	12.0	1.25	2.85
140.0	13.0	1.01	3.82
150.0	6.0	-1.7	1.32
150.0	12.0	1.33	2.64
150.0	13.0	0.9	3.5
160.0	6.0	-1.7	1.32
160.0	12.0	1.36	2.36
160.0	13.0	0.76	3.12
170.0	6.0	-1.7	1.32
170.0	12.0	1.34	1.98
170.0	13.0	0.74	2.59
170.0	16.0	3.58	-5.93
180.0	6.0	-1.7	1.32
180.0	12.0	1.38	1.5
180.0	13.0	0.74	2.0
180.0	16.0	3.44	-5.17
190.0	6.0	-1.7	1.32
190.0	12.0	1.4	0.97
190.0	13.0	0.76	1.39
190.0	16.0	3.35	-4.43
200.0	6.0	-1.7	1.32
200.0	12.0	1.35	0.35
200.0	13.0	0.78	0.77
200.0	16.0	3.25	-3.64
210.0	6.0	-1.7	1.32
210.0	12.0	1.38	-0.29
210.0	13.0	0.77	0.1
210.0	16.0	3.15	-2.85
220.0	6.0	-1.7	1.32
220.0	12.0	1.32	-0.92
220.0	13.0	0.75	-0.6
220.0	16.0	3.13	-2.04
230.0	6.0	-1.7	1.32
230.0	12.0	1.29	-1.63
230.0	13.0	0.72	-1.32
230.0	16.0	3.0	-1.24
240.0	6.0	-1.72	1.32
240.0	12.0	1.3	-2.37
240.0	13.0	0.7	-2.13
240.0	16.0	2.87	-0.36
250.0	6.0	-1.72	1.32
250.0	12.0	1.26	-3.13
250.0	13.0	0.72	-2.9
250.0	16.0	2.74	0.34
260.0	12.0	1.24	-3.9
260.0	13.0	0.69	-3.56
260.0	16.0	2.62	1.08
270.0	12.0	1.23	-4.67
270.0	13.0	0.69	-4.31
270.0	16.0	2.48	1.83
280.0	12.0	1.24	-5.45
280.0	13.0	0.68	-5.1
280.0	16.0	2.27	2.56
290.0	12.0	1.31	-6.13
290.0	13.0	0.71	-5.87
300.0	12.0	1.26	-6.95
300.0	13.0	0.72	-6.6
310.0	12.0	1.3	-7.73
310.0	13.0	0.77	-7.35
320.0	12.0	1.3	-8.48
320.0	13.0	0.79	-8.19
320.0	19.0	0.36	1.64
330.0	19.0	0.44	2.06
340.0	19.0	0.57	2.5
350.0	19.0	0.61	2.96
410.0	20.0	1.56	2.44
420.0	20.0	1.49	1.84
430.0	20.0	1.45	1.21
440.0	20.0	1.36	0.57
450.0	20.0	1.29	-0.06
460.0	20.0	1.22	-0.71
470.0	20.0	1.13	-1.34
470.0	23.0	2.24	-7.48
480.0	20.0	1.1	-2.0
480.0	23.0	2.19	-6.74
490.0	20.0	1.05	-2.65
490.0	23.0	2.14	-5.98
500.0	20.0	1.08	-3.32
500.0	23.0	2.17	-5.23
510.0	20.0	1.06	-4.14
510.0	23.0	2.11	-4.41
520.0	20.0	1.04	-4.73
520.0	23.0	2.11	-3.65
530.0	20.0	1.07	-5.4
530.0	23.0	1.95	-2.86
530.0	27.0	2.38	-7.98
540.0	20.0	1.11	-6.11
540.0	23.0	1.86	-2.09
540.0	27.0	2.42	-7.33
550.0	20.0	1.26	-6.86
550.0	23.0	1.87	-1.36
550.0	27.0	2.49	-6.7
560.0	20.0	1.36	-7.58
560.0	23.0	1.86	-0.6
560.0	27.0	2.44	-6.02
570.0	20.0	1.48	-8.26
570.0	23.0	1.94	0.1
570.0	27.0	2.44	-5.35
580.0	20.0	1.6	-8.94
580.0	23.0	2.0	0.84
580.0	27.0	2.44	-4.73
590.0	20.0	1.66	-9.65
590.0	23.0	2.03	1.61
590.0	27.0	2.35	-4.08
600.0	23.0	2.23	2.33
600.0	27.0	2.42	-3.44
610.0	27.0	2.46	-2.9
620.0	27.0	2.44	-2.36
630.0	27.0	2.62	-1.94
640.0	27.0	2.84	-1.61
650.0	27.0	3.04	-1.23
720.0	30.0	-1.29	-7.53
730.0	30.0	-1.29	-7.53
740.0	30.0	-1.29	-7.53
750.0	30.0	-1.29	-7.53
760.0	30.0	-1.29	-7.53
770.0	30.0	-1.29	-7.53
780.0	30.0	-1.29	-7.53
790.0	30.0	-1.29	-7.53
800.0	30.0	-1.29	-7.53
810.0	30.0	-1.29	-7.53
870.0	31.0	3.3	-2.46
870.0	32.0	2.22	3.7
880.0	31.0	3.29	-1.78
880.0	32.0	2.16	3.0
890.0	31.0	3.3	-1.13
890.0	32.0	2.16	2.36
900.0	31.0	3.31	-0.5
900.0	32.0	2.09	1.72
910.0	31.0	3.33	0.16
910.0	32.0	2.04	1.11
920.0	31.0	3.37	0.81
920.0	32.0	2.05	0.46
930.0	31.0	3.37	1.46
930.0	32.0	2.04	-0.22
940.0	31.0	3.43	2.06
940.0	32.0	2.1	-0.86
950.0	31.0	3.45	2.64
950.0	32.0	2.16	-1.55
950.0	33.0	0.78	-7.34
950.0	34.0	-1.31	-7.49
960.0	32.0	2.15	-2.24
960.0	33.0	0.62	-6.8
960.0	34.0	-1.31	-7.49
960.0	35.0	0.55	1.93
970.0	32.0	2.26	-2.95
970.0	33.0	0.57	-6.25
970.0	34.0	-1.31	-7.49
970.0	35.0	0.48	1.3
980.0	32.0	2.27	-3.64
980.0	33.0	0.45	-5.73
980.0	34.0	-1.31	-7.49
980.0	35.0	0.35	0.66
990.0	33.0	0.25	-5.17
990.0	35.0	0.27	-0.01
1000.0	37.0	0.05	-4.68
1000.0	38.0	-1.4	-7.32
1010.0	37.0	-0.22	-4.31
1010.0	38.0	-1.4	-7.3
1010.0	39.0	-2.74	-3.22
1020.0	37.0	-0.52	-3.93
1020.0	38.0	-1.4	-7.28
1020.0	39.0	-2.71	-3.06
1030.0	37.0	-0.78	-3.5
1030.0	38.0	-1.4	-7.28
1030.0	39.0	-2.74	-2.76
1040.0	37.0	-1.05	-3.16
1040.0	38.0	-1.4	-7.28
1040.0	39.0	-2.7	-2.51
1050.0	37.0	-1.24	-2.85
1050.0	38.0	-1.4	-7.28
1050.0	39.0	-2.63	-2.3
1050.0	40.0	-1.6	0.95
1060.0	37.0	-1.37	-2.62
1060.0	38.0	-1.4	-7.28
1060.0	39.0	-2.64	-2.06
1060.0	40.0	-1.6	0.95
1070.0	37.0	-1.57	-2.52
1070.0	38.0	-1.4	-7.28
1070.0	39.0	-2.66	-1.97
1070.0	40.0	-1.6	0.95
1080.0	37.0	-1.66	-2.54
1080.0	38.0	-1.4	-7.28
1080.0	39.0	-2.59	-2.01
1090.0	38.0	-1.36	-7.32
1100.0	38.0	-1.33	-7.38
1110.0	38.0	-1.31	-7.42
1120.0	38.0	-1.31	-7.43
1130.0	38.0	-1.31	-7.43
1140.0	38.0	-1.31	-7.43
1140.0	44.0	-2.39	-2.19
1140.0	45.0	1.27	1.88
1150.0	38.0	-1.31	-7.43
1150.0	44.0	-2.39	-2.19
1150.0	45.0	1.31	1.19
1150.0	47.0	-1.72	1.28
1160.0	38.0	-1.31	-7.43
1160.0	44.0	-2.39	-2.19
1160.0	45.0	1.35	0.53
1160.0	47.0	-1.72	1.28
1160.0	48.0	2.94	-5.77
1170.0	38.0	-1.31	-7.43
1170.0	44.0	-2.39	-2.19
1170.0	45.0	1.37	-0.17
1170.0	47.0	-1.72	1.28
1170.0	48.0	2.76	-5.1
1180.0	38.0	-1.31	-7.43
1180.0	45.0	1.42	-0.91
1180.0	47.0	-1.72	1.28
1180.0	48.0	2.66	-4.42
1190.0	38.0	-1.31	-7.43
1190.0	45.0	1.43	-1.67
1190.0	47.0	-1.72	1.28
1190.0	48.0	2.54	-3.77
1200.0	38.0	-1.31	-7.43
1200.0	45.0	1.47	-2.58
1200.0	47.0	-1.72	1.28
1200.0	48.0	2.47	-3.13
1210.0	38.0	-1.37	-7.53
1210.0	45.0	1.58	-3.22
1210.0	47.0	-1.72	1.28
1210.0	48.0	2.4	-2.45
1210.0	49.0	-1.09	-3.64
1220.0	38.0	-1.43	-7.56
1220.0	45.0	1.69	-3.99
1220.0	47.0	-1.72	1.28
1220.0	48.0	2.3	-1.75
1220.0	49.0	-0.84	-4.05
1230.0	38.0	-1.32	-7.44
1230.0	45.0	1.66	-4.93
1230.0	47.0	-1.72	1.28
1230.0	48.0	2.27	-1.1
1230.0	49.0	-0.49	-4.48
1240.0	38.0	-1.31	-7.43
1240.0	45.0	1.82	-5.74
1240.0	47.0	-1.72	1.28
1240.0	48.0	2.2	-0.48
1240.0	49.0	-0.21	-4.78
1250.0	38.0	-1.31	-7.43
1250.0	45.0	1.97	-6.53
1250.0	47.0	-1.72	1.28
1250.0	48.0	2.21	0.13
1250.0	49.0	0.04	-5.27
1260.0	38.0	-1.31	-7.43
1260.0	45.0	2.08	-7.32
1260.0	47.0	-1.72	1.28
1260.0	48.0	2.14	0.74
1260.0	49.0	0.33	-5.73
1270.0	38.0	-1.32	-7.41
1270.0	45.0	2.26	-8.06
1270.0	47.0	-1.72	1.28
1270.0	48.0	2.09	1.29
1270.0	49.0	0.52	-6.3
1280.0	38.0	-1.34	-7.37
1280.0	47.0	-1.72	1.28
1280.0	48.0	2.03	1.85
1280.0	49.0	0.56	-6.89
1290.0	38.0	-1.36	-7.34
1290.0	47.0	-1.72	1.28
1290.0	48.0	1.92	2.38
1290.0	49.0	0.67	-7.48
1300.0	38.0	-1.36	-7.3
1300.0	47.0	-1.72	1.28
1300.0	49.0	0.67	-8.05
1310.0	38.0	-1.36	-7.32
1310.0	47.0	-1.72	1.28
1310.0	49.0	0.77	-8.64
1320.0	38.0	-1.33	-7.38
1320.0	47.0	-1.72	1.28
1330.0	38.0	-1.29	-7.44
1330.0	47.0	-1.72	1.28
1340.0	38.0	-1.27	-7.47
1340.0	47.0	-1.72	1.28
1350.0	38.0	-1.27	-7.47
1350.0	47.0	-1.72	1.28
1360.0	38.0	-1.27	-7.47
1360.0	47.0	-1.72	1.28
1370.0	38.0	-1.27	-7.47
1370.0	47.0	-1.72	1.28
1380.0	38.0	-1.31	-7.58
1380.0	47.0	-1.72	1.28
1390.0	38.0	-1.29	-7.52
1400.0	38.0	-1.27	-7.47
1410.0	38.0	-1.27	-7.47
1420.0	38.0	-1.27	-7.47
1430.0	38.0	-1.27	-7.47
1440.0	38.0	-1.27	-7.47
1450.0	38.0	-1.27	-7.47
1460.0	38.0	-1.27	-7.47
1470.0	38.0	-1.27	-7.47
1480.0	38.0	-1.27	-7.47
1480.0	52.0	2.19	-1.87
1480.0	54.0	3.82	-1.39
1490.0	38.0	-1.27	-7.47
1490.0	52.0	2.04	-1.14
1490.0	54.0	3.65	-0.6
1500.0	38.0	-1.29	-7.47
1500.0	52.0	1.95	-0.43
1500.0	54.0	3.61	0.16
1510.0	38.0	-1.38	-7.43
1510.0	52.0	1.97	0.3
1510.0	54.0	3.6	0.82
1520.0	38.0	-1.47	-7.34
1520.0	52.0	1.93	0.98
1520.0	54.0	3.49	1.44
1530.0	38.0	-1.51	-7.27
1530.0	52.0	2.01	1.66
1530.0	54.0	3.39	2.11
1540.0	38.0	-1.52	-7.27
1540.0	52.0	1.89	2.35
1540.0	54.0	3.24	2.77
1550.0	38.0	-1.52	-7.27
1550.0	52.0	1.82	3.04
1550.0	54.0	3.21	3.45
1560.0	38.0	-1.52	-7.27
1570.0	38.0	-1.52	-7.27
1580.0	38.0	-1.52	-7.27
1590.0	38.0	-1.52	-7.27
1600.0	38.0	-1.52	-7.27
1610.0	38.0	-1.52	-7.27
1620.0	38.0	-1.52	-7.27
1630.0	38.0	-1.52	-7.27
1640.0	38.0	-1.52	-7.27
1650.0	38.0	-1.52	-7.27
1660.0	38.0	-1.52	-7.27
1670.0	38.0	-1.52	-7.27
1680.0	38.0	-1.52	-7.27
1690.0	38.0	-1.52	-7.27
1700.0	38.0	-1.52	-7.27
1710.0	38.0	-1.52	-7.27
1720.0	38.0	-1.52	-7.27
1730.0	38.0	-1.52	-7.27
1740.0	38.0	-1.52	-7.27
1750.0	38.0	-1.52	-7.27
1760.0	38.0	-1.52	-7.27
1770.0	38.0	-1.52	-7.27
1780.0	38.0	-1.52	-7.27
1790.0	38.0	-1.52	-7.27
1800.0	38.0	-1.52	-7.27
1810.0	38.0	-1.52	-7.27
1820.0	38.0	-1.52	-7.27
1830.0	38.0	-1.52	-7.27
1840.0	38.0	-1.52	-7.27
1840.0	60.0	1.04	4.06
1850.0	38.0	-1.52	-7.27
1850.0	60.0	0.95	3.5
1850.0	61.0	2.86	-5.31
1860.0	38.0	-1.52	-7.27
1860.0	60.0	1.0	3.04
1860.0	61.0	2.83	-4.61
1870.0	38.0	-1.52	-7.27
1870.0	60.0	1.04	2.63
1870.0	61.0	2.73	-3.93
1880.0	38.0	-1.52	-7.27
1880.0	60.0	1.02	2.21
1880.0	61.0	2.63	-3.27
1890.0	38.0	-1.52	-7.27
1890.0	60.0	1.07	1.88
1890.0	61.0	2.67	-2.6
1900.0	38.0	-1.52	-7.27
1900.0	60.0	1.08	1.61
1900.0	61.0	2.63	-1.94
1900.0	63.0	1.18	3.75
1910.0	38.0	-1.52	-7.27
1910.0	60.0	1.06	1.33
1910.0	61.0	2.67	-1.33
1910.0	63.0	1.2	3.25
1920.0	38.0	-1.52	-7.27
1920.0	60.0	0.98	1.12
1920.0	61.0	2.77	-0.74
1920.0	63.0	1.33	2.71
1930.0	38.0	-1.52	-7.27
1930.0	60.0	0.98	0.9
1930.0	61.0	2.7	-0.05
1930.0	63.0	1.45	2.13
1940.0	38.0	-1.52	-7.27
1940.0	60.0	0.98	0.59
1940.0	61.0	2.67	0.59
1940.0	63.0	1.69	1.61
1950.0	38.0	-1.52	-7.27
1950.0	60.0	1.03	0.28
1950.0	61.0	2.62	1.28
1950.0	63.0	1.97	1.07
1960.0	38.0	-1.52	-7.27
1960.0	60.0	0.94	-0.04
1960.0	61.0	2.4	1.94
1960.0	63.0	2.2	0.54
1970.0	38.0	-1.52	-7.27
1970.0	60.0	0.88	-0.34
1970.0	61.0	2.35	2.59
1970.0	63.0	2.44	-0.08
1980.0	38.0	-1.52	-7.27
1980.0	60.0	0.93	-0.57
1980.0	63.0	2.56	-0.76
1990.0	38.0	-1.52	-7.27
1990.0	60.0	0.83	-0.74
1990.0	63.0	2.61	-1.41
2130.0	68.0	3.05	-7.32
2130.0	69.0	3.07	-9.21
2140.0	68.0	2.99	-6.46
2140.0	69.0	3.04	-8.45
2150.0	68.0	2.97	-5.73
2150.0	69.0	2.94	-7.66
2160.0	68.0	2.95	-4.97
2160.0	69.0	2.73	-6.87
2170.0	68.0	2.92	-4.22
2170.0	69.0	2.55	-6.06
2180.0	68.0	3.04	-3.5
2180.0	69.0	2.29	-5.24
2190.0	68.0	3.08	-2.77
2190.0	69.0	2.12	-4.47
2200.0	68.0	3.12	-2.05
2200.0	69.0	1.93	-3.66
2210.0	68.0	3.25	-1.42
2210.0	69.0	1.83	-2.85
2220.0	68.0	3.33	-0.76
2220.0	69.0	1.88	-2.04
2230.0	68.0	3.45	-0.05
2230.0	69.0	1.89	-1.23
2240.0	69.0	1.98	-0.45
2300.0	70.0	2.85	0.74
2310.0	70.0	2.93	0.25
2320.0	70.0	3.14	-0.23
2330.0	70.0	3.35	-0.73
2340.0	70.0	3.55	-1.23
2350.0	70.0	3.8	-1.87
2840.0	75.0	2.29	-6.96
2840.0	76.0	2.88	-7.74
2840.0	80.0	1.48	-9.33
2850.0	75.0	2.32	-6.52
2850.0	76.0	2.78	-7.31
2850.0	80.0	1.48	-9.33
2860.0	75.0	2.36	-6.09
2860.0	76.0	2.82	-6.86
2860.0	80.0	1.48	-9.33
2870.0	75.0	2.57	-5.62
2870.0	76.0	2.92	-6.43
2870.0	80.0	1.48	-9.33
2870.0	81.0	3.84	-6.31
2880.0	75.0	2.69	-5.17
2880.0	76.0	2.96	-5.99
2880.0	80.0	1.48	-9.33
2880.0	81.0	3.91	-5.92
2890.0	75.0	2.73	-4.7
2890.0	76.0	3.13	-5.56
2890.0	80.0	1.48	-9.33
2890.0	81.0	4.04	-5.4
2900.0	75.0	2.8	-4.22
2900.0	76.0	3.25	-5.18
2900.0	80.0	1.48	-9.33
2900.0	81.0	4.04	-5.02
2910.0	75.0	2.86	-3.8
2910.0	76.0	3.29	-4.54
2910.0	80.0	1.48	-9.33
2910.0	81.0	4.09	-4.53
2920.0	75.0	2.79	-3.36
2920.0	76.0	3.39	-4.04
2920.0	80.0	1.48	-9.33
2920.0	81.0	4.12	-3.99
2930.0	80.0	1.48	-9.33
2940.0	80.0	1.48	-9.33
2950.0	80.0	1.48	-9.33
2960.0	80.0	1.48	-9.33
2970.0	80.0	1.48	-9.33
2980.0	80.0	1.5	-9.33
3100.0	83.0	1.65	2.7
3110.0	83.0	1.73	2.09
3120.0	83.0	1.73	1.52
3130.0	83.0	1.71	0.91
3140.0	83.0	1.78	0.3
3150.0	83.0	1.76	-0.31
3160.0	83.0	1.72	-0.89
3170.0	83.0	1.74	-1.47
3170.0	85.0	1.22	-8.24
3170.0	86.0	1.41	-9.28
3180.0	83.0	1.68	-2.07
3180.0	85.0	1.22	-8.24
3180.0	86.0	1.41	-9.28
3190.0	83.0	1.66	-2.67
3190.0	85.0	1.22	-8.24
3190.0	86.0	1.41	-9.28
3200.0	83.0	1.68	-3.29
3200.0	85.0	1.22	-8.24
3200.0	86.0	1.41	-9.28
3200.0	87.0	3.36	-8.77
3210.0	83.0	1.58	-3.91
3210.0	85.0	1.22	-8.24
3210.0	86.0	1.41	-9.28
3210.0	87.0	3.33	-8.02
3220.0	83.0	1.49	-4.55
3220.0	85.0	1.22	-8.24
3220.0	86.0	1.41	-9.28
3220.0	87.0	3.35	-7.3
3230.0	83.0	1.35	-5.17
3230.0	85.0	1.22	-8.24
3230.0	86.0	1.41	-9.28
3230.0	87.0	3.32	-6.61
3240.0	83.0	1.09	-5.74
3240.0	85.0	1.22	-8.24
3240.0	86.0	1.41	-9.28
3240.0	87.0	3.22	-5.88
3250.0	83.0	0.93	-6.33
3250.0	85.0	1.22	-8.24
3250.0	86.0	1.41	-9.28
3260.0	83.0	0.75	-6.88
3260.0	85.0	1.22	-8.24
3260.0	86.0	1.41	-9.28
3270.0	83.0	0.51	-7.43
3270.0	85.0	1.22	-8.24
3270.0	86.0	1.41	-9.27
3280.0	83.0	0.46	-8.02
3280.0	85.0	1.22	-8.24
3280.0	86.0	1.41	-9.26
3290.0	83.0	0.41	-8.57
3290.0	85.0	1.22	-8.24
3290.0	86.0	1.41	-9.26
3300.0	83.0	0.33	-9.13
3300.0	85.0	1.22	-8.24
3300.0	86.0	1.41	-9.26
4000.0	98.0	3.51	1.98
4000.0	102.0	1.37	-9.2
4010.0	98.0	3.53	1.61
4010.0	102.0	1.37	-9.2
4020.0	98.0	3.62	1.19
4020.0	102.0	1.37	-9.2
4030.0	98.0	3.71	0.79
4030.0	102.0	1.38	-9.18
4040.0	98.0	3.8	0.52
4040.0	102.0	1.38	-9.18
4050.0	98.0	3.82	0.43
4050.0	102.0	1.38	-9.18
4060.0	98.0	3.82	0.37
4060.0	102.0	1.38	-9.18
4070.0	98.0	3.82	0.34
4070.0	102.0	1.38	-9.18
4080.0	98.0	3.82	0.25
4080.0	102.0	1.38	-9.18
4090.0	98.0	3.82	0.25
4090.0	102.0	1.38	-9.18
4100.0	98.0	3.82	0.25
4100.0	102.0	1.38	-9.18
4110.0	98.0	3.82	0.25
4110.0	102.0	1.38	-9.18
4120.0	98.0	3.82	0.25
4120.0	102.0	1.38	-9.18
4130.0	98.0	3.82	0.28
4130.0	102.0	1.38	-9.18
4140.0	102.0	1.38	-9.18
4150.0	102.0	1.38	-9.18
4160.0	102.0	1.38	-9.18
4170.0	102.0	1.38	-9.18
4180.0	102.0	1.38	-9.18
4190.0	102.0	1.38	-9.18
4200.0	102.0	1.38	-9.18
4210.0	102.0	1.38	-9.18
4220.0	102.0	1.38	-9.18
4230.0	102.0	1.38	-9.18
4240.0	102.0	1.38	-9.18
4240.0	103.0	3.92	-8.42
4250.0	102.0	1.38	-9.18
4250.0	103.0	3.7	-7.77
4260.0	102.0	1.41	-9.18
4260.0	103.0	3.68	-7.09
4430.0	107.0	3.28	-9.49
4440.0	107.0	3.3	-9.35
4450.0	107.0	3.3	-9.16
4460.0	107.0	3.28	-8.91
4470.0	107.0	3.25	-8.71
4480.0	107.0	3.23	-8.45
4490.0	107.0	3.22	-8.29
4500.0	107.0	3.09	-7.98
4510.0	107.0	3.13	-7.79
4510.0	109.0	2.8	2.27
4520.0	107.0	3.12	-7.59
4520.0	109.0	2.9	1.78
4530.0	107.0	3.01	-7.33
4530.0	109.0	3.02	1.31
4540.0	107.0	2.96	-7.11
4540.0	109.0	3.12	0.88
4550.0	107.0	2.86	-6.81
4550.0	109.0	3.27	0.43
4560.0	107.0	2.8	-6.56
4560.0	109.0	3.42	0.08
4570.0	107.0	2.78	-6.34
4570.0	109.0	3.53	-0.26
4570.0	110.0	2.56	2.43
4580.0	107.0	2.81	-6.18
4580.0	110.0	2.45	1.83
4590.0	107.0	2.74	-5.89
4590.0	110.0	2.51	1.23
4600.0	107.0	2.68	-5.64
4600.0	110.0	2.54	0.62
4610.0	107.0	2.71	-5.34
4610.0	110.0	2.56	-0.01
4620.0	107.0	2.7	-5.13
4620.0	110.0	2.66	-0.62
4630.0	107.0	2.71	-4.91
4630.0	110.0	2.63	-1.22
4640.0	107.0	2.69	-4.74
4640.0	110.0	2.8	-1.86
4650.0	107.0	2.68	-4.5
4650.0	110.0	2.87	-2.51
4660.0	107.0	2.65	-4.24
4660.0	110.0	3.04	-3.16
4670.0	107.0	2.65	-4.07
4670.0	110.0	3.19	-3.83
4680.0	107.0	2.58	-3.83
4680.0	110.0	3.17	-4.51
4690.0	107.0	2.49	-3.6
4690.0	110.0	3.26	-5.19
4700.0	107.0	2.49	-3.4
4700.0	110.0	3.08	-5.83
4710.0	107.0	2.53	-3.17
4710.0	110.0	3.03	-6.51
4720.0	107.0	2.56	-3.01
4720.0	110.0	2.83	-7.18
4730.0	107.0	2.51	-2.77
4730.0	110.0	2.71	-7.87
4740.0	107.0	2.45	-2.53
4740.0	110.0	2.63	-8.54
4750.0	107.0	2.47	-2.3
4750.0	110.0	2.41	-9.17
4760.0	107.0	2.55	-2.07
4760.0	110.0	2.39	-9.84
4770.0	107.0	2.57	-1.89
4780.0	107.0	2.5	-1.65
4790.0	107.0	2.45	-1.46
4800.0	107.0	2.47	-1.25
4810.0	107.0	2.52	-1.04
4820.0	107.0	2.58	-0.69
4830.0	107.0	2.57	-0.59
4840.0	107.0	2.54	-0.41
4850.0	107.0	2.5	-0.19
4860.0	107.0	2.5	-0.06
4870.0	107.0	2.5	0.15
4880.0	107.0	2.51	0.31
4890.0	107.0	2.47	0.53
4900.0	107.0	2.43	0.75
4910.0	107.0	2.4	0.95
4920.0	107.0	2.38	1.23
4930.0	107.0	2.34	1.46
4940.0	107.0	2.31	1.64
4950.0	107.0	2.33	1.85
4960.0	107.0	2.36	2.04
4970.0	107.0	2.36	2.22
4980.0	107.0	2.45	2.42
4990.0	107.0	2.47	2.6
5000.0	107.0	2.46	2.83
5010.0	107.0	2.46	3.01
5240.0	114.0	1.59	-4.09
5240.0	116.0	-1.97	0.45
5250.0	114.0	1.52	-3.76
5250.0	116.0	-1.97	0.45
5260.0	114.0	1.51	-3.39
5260.0	116.0	-1.97	0.45
5270.0	114.0	1.48	-3.04
5270.0	116.0	-1.97	0.45
5280.0	114.0	1.38	-2.62
5280.0	116.0	-1.97	0.45
5290.0	114.0	1.35	-2.25
5290.0	116.0	-1.97	0.45
5300.0	114.0	1.41	-1.84
5300.0	116.0	-1.95	0.45
5310.0	114.0	1.4	-1.44
5310.0	116.0	-1.95	0.45
5320.0	114.0	1.33	-1.03
5320.0	116.0	-1.95	0.45
5330.0	114.0	1.38	-0.71
5330.0	116.0	-1.95	0.45
5340.0	114.0	1.43	-0.34
5340.0	116.0	-1.95	0.45
5350.0	114.0	1.41	0.04
5350.0	116.0	-1.95	0.45
5360.0	114.0	1.32	0.39
5360.0	116.0	-1.95	0.45
5370.0	114.0	1.33	0.75
5370.0	116.0	-1.95	0.45
5680.0	118.0	2.39	-0.56
5690.0	118.0	2.54	0.03
5700.0	118.0	2.58	0.66
5710.0	118.0	2.73	1.27
5720.0	118.0	2.82	1.85
5730.0	118.0	2.79	2.46
5820.0	123.0	1.34	-8.38
5820.0	124.0	1.45	-9.23
5830.0	123.0	1.43	-8.32
5830.0	124.0	1.45	-9.23
5840.0	123.0	1.44	-8.32
5840.0	124.0	1.45	-9.23
5850.0	123.0	1.44	-8.32
5850.0	124.0	1.45	-9.23
5860.0	123.0	1.44	-8.32
5860.0	124.0	1.45	-9.23
5870.0	123.0	1.44	-8.32
5870.0	124.0	1.45	-9.23
5880.0	123.0	1.44	-8.32
5880.0	124.0	1.45	-9.23
5890.0	123.0	1.38	-8.31
5890.0	124.0	1.45	-9.23
5900.0	123.0	1.42	-8.3
5900.0	124.0	1.45	-9.23
6320.0	126.0	3.79	-4.9
6320.0	127.0	2.68	-1.36
6330.0	126.0	3.89	-4.25
6330.0	127.0	2.45	-1.23
6340.0	126.0	3.92	-3.49
6340.0	127.0	2.28	-1.04
6350.0	126.0	3.96	-2.8
6350.0	127.0	2.17	-0.81
6360.0	126.0	4.06	-2.13
6360.0	127.0	2.08	-0.69
6370.0	126.0	3.99	-1.39
6370.0	127.0	1.91	-0.56
6380.0	127.0	1.72	-0.4
6390.0	127.0	1.59	-0.26
6400.0	127.0	1.48	-0.04
6410.0	127.0	1.41	0.1
6420.0	127.0	1.31	0.24
6430.0	127.0	1.18	0.43
6440.0	127.0	1.09	0.55
6680.0	128.0	1.86	0.38
6690.0	128.0	1.86	-0.32
6700.0	128.0	1.96	-1.04
6710.0	128.0	2.0	-1.76
6710.0	129.0	3.7	-2.88
6710.0	131.0	0.3	1.67
6720.0	128.0	2.0	-2.43
6720.0	129.0	3.56	-2.61
6720.0	131.0	0.2	1.28
6730.0	128.0	2.12	-3.17
6730.0	129.0	3.49	-2.28
6730.0	131.0	0.05	0.92
6740.0	128.0	2.17	-3.93
6740.0	129.0	3.4	-2.04
6740.0	131.0	-0.09	0.56
6750.0	128.0	2.29	-4.75
6750.0	129.0	3.26	-1.82
6750.0	131.0	-0.19	0.24
6760.0	129.0	3.19	-1.63
6760.0	131.0	-0.25	-0.11
6760.0	132.0	1.83	2.08
6770.0	129.0	3.12	-1.47
6770.0	131.0	-0.29	-0.45
6770.0	132.0	1.78	1.45
6780.0	129.0	3.1	-1.43
6780.0	131.0	-0.3	-0.78
6780.0	132.0	1.88	0.79
6780.0	133.0	-1.35	-1.09
6780.0	134.0	-1.94	0.5
6790.0	131.0	-0.25	-1.15
6790.0	132.0	1.92	0.16
6790.0	133.0	-1.32	-0.93
6790.0	134.0	-1.83	0.96
6800.0	131.0	-0.22	-1.5
6800.0	132.0	1.94	-0.49
6800.0	133.0	-1.34	-0.71
6800.0	134.0	-1.71	1.38
6800.0	137.0	3.29	-3.01
6810.0	131.0	-0.26	-1.84
6810.0	132.0	2.05	-1.14
6810.0	133.0	-1.39	-0.48
6810.0	134.0	-1.67	1.82
6810.0	137.0	3.08	-3.48
6820.0	131.0	-0.37	-2.19
6820.0	132.0	2.06	-1.8
6820.0	133.0	-1.37	-0.38
6820.0	134.0	-1.54	2.21
6820.0	137.0	2.86	-3.93
6830.0	131.0	-0.57	-2.55
6830.0	132.0	2.21	-2.47
6830.0	133.0	-1.24	-0.28
6830.0	137.0	2.61	-4.34
6840.0	131.0	-0.81	-2.72
6840.0	132.0	2.28	-3.08
6840.0	133.0	-1.09	-0.18
6840.0	137.0	2.43	-4.79
6840.0	138.0	1.4	-8.32
6840.0	139.0	1.23	-9.32
6850.0	131.0	-1.01	-2.9
6850.0	132.0	2.35	-3.75
6850.0	133.0	-1.05	-0.05
6850.0	137.0	2.26	-5.22
6850.0	138.0	1.42	-8.32
6850.0	139.0	1.27	-9.3
6860.0	131.0	-1.21	-3.14
6860.0	132.0	2.57	-4.42
6860.0	133.0	-1.06	0.17
6860.0	137.0	2.1	-5.62
6860.0	138.0	1.44	-8.32
6860.0	139.0	1.29	-9.28
6870.0	131.0	-1.39	-3.32
6870.0	132.0	2.72	-5.08
6870.0	137.0	2.08	-6.08
6870.0	138.0	1.44	-8.32
6870.0	139.0	1.28	-9.28
6880.0	132.0	2.96	-5.92
6880.0	137.0	2.13	-6.5
6880.0	138.0	1.44	-8.32
6880.0	139.0	1.28	-9.29
6890.0	132.0	3.16	-6.58
6890.0	137.0	2.11	-6.97
6890.0	138.0	1.48	-8.25
6890.0	139.0	1.26	-9.28
6890.0	142.0	0.6	-9.34
6890.0	143.0	0.09	-9.2
6900.0	132.0	3.26	-7.33
6900.0	137.0	2.17	-7.44
6900.0	138.0	1.48	-8.26
6900.0	139.0	1.19	-9.27
6900.0	142.0	0.6	-8.96
6900.0	143.0	0.09	-8.79
6910.0	132.0	3.42	-8.07
6910.0	137.0	2.22	-7.88
6910.0	138.0	1.48	-8.26
6910.0	139.0	1.22	-9.27
6910.0	142.0	0.59	-8.5
6910.0	143.0	0.1	-8.32
6920.0	132.0	3.42	-8.84
6920.0	137.0	2.23	-8.43
6920.0	138.0	1.41	-8.27
6920.0	139.0	1.25	-9.29
6920.0	142.0	0.82	-7.99
6920.0	143.0	0.3	-7.81
6930.0	132.0	3.48	-9.63
6930.0	137.0	2.32	-8.87
6930.0	138.0	1.39	-8.31
6930.0	139.0	1.29	-9.3
6930.0	142.0	0.99	-7.51
6930.0	143.0	0.45	-7.33
6940.0	138.0	1.37	-8.33
6940.0	139.0	1.31	-9.3
6940.0	142.0	1.21	-7.03
6940.0	143.0	0.49	-6.76
6950.0	138.0	1.38	-8.32
6950.0	139.0	1.31	-9.3
6950.0	142.0	1.31	-6.53
6950.0	143.0	0.57	-6.28
6960.0	138.0	1.42	-8.34
6960.0	139.0	1.31	-9.3
6960.0	142.0	1.28	-6.02
6960.0	143.0	0.62	-5.82
6970.0	138.0	1.41	-8.32
6970.0	139.0	1.31	-9.3
6970.0	142.0	1.33	-5.35
6970.0	143.0	0.65	-5.27
6970.0	146.0	2.21	-9.27
6980.0	138.0	1.39	-8.33
6980.0	139.0	1.31	-9.3
6980.0	142.0	1.37	-4.86
6980.0	143.0	0.66	-4.78
6980.0	146.0	2.21	-8.78
6990.0	138.0	1.35	-8.35
6990.0	139.0	1.31	-9.3
6990.0	142.0	1.32	-4.33
6990.0	143.0	0.73	-4.23
6990.0	146.0	2.11	-8.2
7000.0	138.0	1.36	-8.37
7000.0	139.0	1.31	-9.3
7000.0	142.0	1.36	-3.72
7000.0	143.0	0.76	-3.68
7000.0	146.0	2.0	-7.57
7010.0	138.0	1.4	-8.32
7010.0	139.0	1.31	-9.3
7010.0	142.0	1.33	-3.16
7010.0	143.0	0.79	-3.22
7010.0	146.0	1.82	-6.96
7020.0	138.0	1.4	-8.39
7020.0	139.0	1.31	-9.3
7020.0	142.0	1.25	-2.6
7020.0	143.0	0.85	-2.71
7020.0	146.0	1.68	-6.28
7020.0	148.0	2.08	-9.65
7020.0	149.0	3.73	-6.03
7030.0	138.0	1.47	-8.29
7030.0	139.0	1.31	-9.3
7030.0	142.0	1.34	-2.05
7030.0	143.0	0.87	-2.17
7030.0	146.0	1.55	-5.62
7030.0	148.0	2.21	-8.97
7030.0	149.0	3.82	-5.61
7030.0	150.0	2.97	-1.62
7040.0	138.0	1.41	-8.33
7040.0	139.0	1.31	-9.3
7040.0	142.0	1.45	-1.65
7040.0	143.0	0.81	-1.69
7040.0	146.0	1.54	-4.96
7040.0	148.0	2.2	-8.13
7040.0	149.0	3.73	-4.96
7040.0	150.0	2.9	-1.71
7050.0	138.0	1.35	-8.33
7050.0	139.0	1.31	-9.3
7050.0	142.0	1.44	-1.12
7050.0	143.0	0.8	-1.13
7050.0	146.0	1.52	-4.32
7050.0	148.0	2.16	-7.45
7050.0	149.0	3.79	-4.42
7050.0	150.0	2.83	-1.94
7060.0	138.0	1.47	-8.29
7060.0	139.0	1.31	-9.3
7060.0	142.0	1.41	-0.52
7060.0	143.0	0.7	-0.65
7060.0	146.0	1.47	-3.67
7060.0	148.0	2.11	-6.72
7060.0	149.0	3.88	-3.85
7060.0	150.0	2.73	-2.11
7070.0	138.0	1.48	-8.28
7070.0	139.0	1.31	-9.3
7070.0	142.0	1.45	-0.11
7070.0	143.0	0.73	-0.14
7070.0	146.0	1.42	-3.06
7070.0	148.0	1.96	-5.98
7070.0	149.0	3.8	-3.24
7070.0	150.0	2.53	-2.26
7080.0	138.0	1.48	-8.28
7080.0	139.0	1.31	-9.3
7080.0	142.0	1.38	0.42
7080.0	143.0	0.8	0.36
7080.0	146.0	1.23	-2.44
7080.0	148.0	1.83	-5.29
7080.0	149.0	3.79	-2.72
7080.0	150.0	2.49	-2.4
7090.0	138.0	1.48	-8.28
7090.0	139.0	1.31	-9.3
7090.0	142.0	1.38	0.91
7090.0	143.0	0.81	0.82
7090.0	146.0	1.21	-1.83
7090.0	148.0	1.64	-4.57
7090.0	149.0	3.73	-2.22
7090.0	150.0	2.43	-2.48
7100.0	138.0	1.4	-8.31
7100.0	139.0	1.31	-9.3
7100.0	142.0	1.41	1.44
7100.0	143.0	0.79	1.36
7100.0	146.0	1.26	-1.24
7100.0	148.0	1.4	-3.87
7100.0	149.0	3.79	-1.75
7100.0	150.0	2.46	-2.56
7110.0	138.0	1.47	-8.28
7110.0	139.0	1.31	-9.3
7110.0	142.0	1.41	2.08
7110.0	143.0	0.87	1.96
7110.0	146.0	1.31	-0.65
7110.0	148.0	1.28	-3.15
7110.0	149.0	3.74	-1.15
7110.0	150.0	2.37	-2.66
7120.0	138.0	1.34	-8.33
7120.0	139.0	1.31	-9.3
7120.0	142.0	1.43	2.45
7120.0	143.0	0.83	2.35
7120.0	146.0	1.39	-0.04
7120.0	148.0	1.14	-2.35
7120.0	149.0	3.61	-0.54
7120.0	150.0	2.12	-2.79
7130.0	138.0	1.47	-8.29
7130.0	139.0	1.31	-9.3
7130.0	142.0	1.48	3.1
7130.0	143.0	0.81	2.85
7130.0	146.0	1.49	0.63
7130.0	148.0	1.12	-1.72
7130.0	149.0	3.53	-0.03
7130.0	150.0	1.93	-2.92
7140.0	138.0	1.48	-8.28
7140.0	139.0	1.31	-9.3
7140.0	142.0	1.51	3.59
7140.0	143.0	0.89	3.31
7140.0	146.0	1.59	1.17
7140.0	148.0	1.22	-1.03
7140.0	150.0	1.68	-3.13
7150.0	138.0	1.48	-8.28
7150.0	139.0	1.31	-9.3
7150.0	146.0	1.68	1.74
7150.0	148.0	1.27	-0.3
7150.0	150.0	1.43	-3.28
7160.0	138.0	1.48	-8.28
7160.0	139.0	1.31	-9.3
7160.0	150.0	1.18	-3.44
7170.0	138.0	1.48	-8.28
7170.0	139.0	1.31	-9.3
7170.0	150.0	0.97	-3.61
7180.0	138.0	1.48	-8.28
7180.0	139.0	1.31	-9.3
7180.0	150.0	0.78	-3.76
7180.0	152.0	-1.81	-4.14
7180.0	153.0	-1.94	-9.65
7190.0	138.0	1.48	-8.28
7190.0	139.0	1.31	-9.3
7190.0	150.0	0.55	-3.82
7190.0	152.0	-1.81	-4.14
7190.0	153.0	-1.84	-9.32
7200.0	138.0	1.48	-8.28
7200.0	139.0	1.31	-9.3
7200.0	150.0	0.32	-3.86
7200.0	152.0	-1.81	-4.14
7200.0	153.0	-1.82	-9.02
7210.0	138.0	1.48	-8.28
7210.0	139.0	1.31	-9.3
7210.0	150.0	0.1	-3.95
7210.0	152.0	-1.81	-4.14
7210.0	153.0	-1.82	-8.82
7220.0	138.0	1.48	-8.28
7220.0	139.0	1.31	-9.3
7220.0	150.0	-0.15	-4.08
7220.0	152.0	-1.81	-4.14
7220.0	153.0	-1.84	-8.69
7230.0	138.0	1.48	-8.28
7230.0	139.0	1.31	-9.3
7230.0	150.0	-0.44	-4.16
7230.0	152.0	-1.81	-4.14
7230.0	153.0	-1.83	-8.62
7240.0	138.0	1.46	-8.28
7240.0	139.0	1.31	-9.3
7240.0	150.0	-0.69	-4.28
7240.0	152.0	-1.81	-4.14
7240.0	153.0	-1.83	-8.62
7250.0	138.0	1.38	-8.22
7250.0	139.0	1.31	-9.3
7250.0	150.0	-0.81	-4.5
7250.0	152.0	-1.81	-4.14
7250.0	153.0	-1.83	-8.62
7260.0	138.0	1.31	-8.16
7260.0	139.0	1.31	-9.3
7260.0	150.0	-1.08	-4.74
7260.0	152.0	-1.81	-4.14
7260.0	154.0	-1.83	-8.62
7270.0	138.0	1.32	-8.17
7270.0	139.0	1.31	-9.3
7270.0	150.0	-1.24	-4.9
7270.0	152.0	-1.81	-4.14
7270.0	154.0	-1.83	-8.6
7280.0	138.0	1.35	-8.19
7280.0	139.0	1.31	-9.3
7280.0	150.0	-1.28	-5.02
7280.0	152.0	-1.81	-4.14
7280.0	154.0	-1.81	-8.6
7290.0	138.0	1.34	-8.19
7290.0	139.0	1.31	-9.3
7290.0	150.0	-1.32	-5.1
7290.0	152.0	-1.81	-4.14
7290.0	154.0	-1.8	-8.62
7300.0	138.0	1.32	-8.19
7300.0	139.0	1.31	-9.3
7300.0	150.0	-1.27	-5.29
7300.0	152.0	-1.81	-4.14
7300.0	154.0	-1.78	-8.64
7310.0	138.0	1.3	-8.19
7310.0	139.0	1.31	-9.3
7320.0	138.0	1.3	-8.19
7320.0	139.0	1.31	-9.3
7330.0	138.0	1.3	-8.19
7330.0	139.0	1.31	-9.3
7340.0	138.0	1.3	-8.19
7340.0	139.0	1.31	-9.3
7350.0	138.0	1.3	-8.19
7350.0	139.0	1.31	-9.3
7360.0	138.0	1.3	-8.19
7360.0	139.0	1.31	-9.3
7370.0	138.0	1.28	-8.19
7370.0	139.0	1.31	-9.28
7480.0	156.0	1.42	-9.38
7480.0	157.0	2.25	-9.31
7480.0	159.0	2.08	-4.13
7490.0	156.0	1.45	-8.78
7490.0	157.0	2.17	-8.67
7490.0	159.0	2.08	-3.52
7500.0	156.0	1.46	-8.11
7500.0	157.0	2.12	-8.01
7500.0	159.0	2.03	-2.93
7510.0	156.0	1.34	-7.43
7510.0	157.0	2.04	-7.34
7510.0	159.0	1.93	-2.36
7520.0	156.0	1.36	-6.75
7520.0	157.0	2.05	-6.68
7520.0	159.0	1.92	-1.78
7530.0	156.0	1.47	-5.97
7530.0	157.0	2.11	-5.99
7530.0	159.0	1.85	-1.2
7540.0	156.0	1.45	-5.29
7540.0	157.0	2.06	-5.28
7540.0	159.0	1.78	-0.63
7550.0	156.0	1.45	-4.59
7550.0	157.0	2.08	-4.58
7550.0	159.0	1.76	-0.05
7560.0	156.0	1.38	-3.87
7560.0	157.0	2.13	-3.92
7560.0	159.0	1.67	0.55
7570.0	156.0	1.34	-3.2
7570.0	157.0	2.18	-3.24
7570.0	159.0	1.64	1.14
7570.0	161.0	-0.1	2.32
7570.0	163.0	3.68	1.5
7580.0	156.0	1.24	-2.49
7580.0	157.0	2.16	-2.54
7580.0	159.0	1.55	1.71
7580.0	161.0	-0.08	2.32
7580.0	163.0	3.77	1.02
7590.0	156.0	1.19	-1.82
7590.0	157.0	2.01	-1.81
7590.0	159.0	1.42	2.29
7590.0	161.0	-0.06	2.33
7590.0	163.0	3.73	0.56
7600.0	156.0	1.27	-1.17
7600.0	157.0	1.97	-1.14
7600.0	159.0	1.35	2.87
7600.0	161.0	-0.06	2.33
7600.0	163.0	3.74	-0.02
7610.0	156.0	1.32	-0.52
7610.0	157.0	1.89	-0.48
7610.0	159.0	1.2	3.49
7610.0	161.0	-0.06	2.33
7610.0	163.0	3.81	-0.42
7620.0	156.0	1.32	0.11
7620.0	157.0	1.88	0.13
7620.0	161.0	-0.06	2.33
7620.0	163.0	3.7	-0.86
7630.0	156.0	1.33	0.72
7630.0	157.0	1.89	0.75
7630.0	161.0	-0.06	2.33
7630.0	163.0	3.69	-1.32
7640.0	156.0	1.23	1.36
7640.0	157.0	1.79	1.39
7640.0	161.0	-0.01	2.32
7640.0	163.0	3.7	-1.83
7650.0	156.0	1.15	1.93
7650.0	157.0	1.83	2.03
7650.0	161.0	-0.0	2.32
7660.0	156.0	1.09	2.57
7660.0	157.0	1.77	2.66
7660.0	161.0	-0.0	2.32
7670.0	156.0	1.01	3.19
7670.0	157.0	1.69	3.27
7670.0	161.0	-0.0	2.32
8050.0	165.0	2.78	-8.31
8050.0	166.0	2.52	-5.1
8050.0	167.0	1.12	1.03
8060.0	165.0	2.84	-7.67
8060.0	166.0	2.6	-4.56
8060.0	167.0	1.12	0.33
8070.0	165.0	2.82	-7.06
8070.0	166.0	2.66	-3.92
8070.0	167.0	1.06	-0.36
8080.0	165.0	2.8	-6.44
8080.0	166.0	2.78	-3.26
8080.0	167.0	1.08	-1.01
8090.0	165.0	2.78	-5.84
8090.0	166.0	2.8	-2.72
8090.0	167.0	1.13	-1.7
8090.0	169.0	-0.03	1.18
8090.0	170.0	-0.55	-0.49
8100.0	165.0	2.77	-5.25
8100.0	166.0	2.81	-2.14
8100.0	167.0	1.11	-2.41
8100.0	169.0	-0.03	1.18
8100.0	170.0	-0.55	-0.49
8110.0	165.0	2.8	-4.64
8110.0	166.0	2.97	-1.55
8110.0	167.0	1.16	-3.09
8110.0	169.0	-0.03	1.18
8110.0	170.0	-0.55	-0.49
8120.0	165.0	2.8	-4.03
8120.0	166.0	3.03	-0.97
8120.0	167.0	1.17	-3.77
8120.0	169.0	-0.03	1.18
8120.0	170.0	-0.56	-0.42
8130.0	165.0	2.82	-3.37
8130.0	166.0	3.07	-0.38
8130.0	167.0	1.15	-4.48
8130.0	169.0	-0.03	1.18
8130.0	170.0	-0.56	-0.41
8140.0	165.0	2.9	-2.71
8140.0	166.0	3.09	0.25
8140.0	167.0	1.21	-5.21
8140.0	169.0	-0.03	1.18
8140.0	170.0	-0.56	-0.41
8150.0	165.0	2.89	-2.06
8150.0	166.0	3.02	0.91
8150.0	169.0	-0.03	1.18
8150.0	170.0	-0.56	-0.41
9260.0	175.0	1.64	2.0
9270.0	175.0	1.63	1.5
9280.0	175.0	1.62	1.01
9280.0	177.0	-1.32	-1.22
9290.0	175.0	1.61	0.49
9290.0	177.0	-1.32	-1.22
9300.0	175.0	1.64	-0.01
9300.0	177.0	-1.32	-1.19
9310.0	175.0	1.6	-0.5
9310.0	177.0	-1.3	-1.19
9320.0	175.0	1.58	-1.01
9320.0	177.0	-1.28	-1.19
9320.0	178.0	-0.63	-2.95
9330.0	175.0	1.64	-1.52
9330.0	177.0	-1.26	-1.21
9330.0	178.0	-0.83	-2.92
9340.0	175.0	1.66	-2.04
9350.0	175.0	1.76	-2.55
9360.0	175.0	1.83	-3.11
9370.0	175.0	1.83	-3.65
9380.0	175.0	1.9	-4.22
9390.0	175.0	1.8	-4.76
9400.0	175.0	1.76	-5.28
9400.0	181.0	1.17	-9.88
9400.0	182.0	1.89	-9.65
9410.0	175.0	1.61	-5.79
9410.0	181.0	1.21	-9.22
9410.0	182.0	1.92	-9.05
9410.0	184.0	-1.06	-2.53
9420.0	175.0	1.58	-6.22
9420.0	181.0	1.39	-8.65
9420.0	182.0	1.98	-8.51
9420.0	184.0	-1.06	-2.53
9430.0	175.0	1.45	-6.7
9430.0	181.0	1.58	-8.14
9430.0	182.0	2.15	-7.98
9430.0	184.0	-1.06	-2.53
9440.0	175.0	1.33	-7.16
9440.0	181.0	1.54	-7.67
9440.0	182.0	2.17	-7.28
9440.0	184.0	-1.06	-2.53
9450.0	175.0	1.31	-7.57
9450.0	181.0	1.58	-7.1
9450.0	182.0	2.21	-6.76
9450.0	184.0	-1.06	-2.53
9460.0	175.0	1.29	-8.06
9460.0	181.0	1.73	-6.55
9460.0	182.0	2.28	-6.14
9460.0	184.0	-1.06	-2.53
9460.0	189.0	0.25	-5.95
9460.0	190.0	-1.1	-0.45
9470.0	181.0	1.8	-5.92
9470.0	182.0	2.39	-5.44
9470.0	184.0	-1.06	-2.53
9470.0	189.0	0.08	-5.9
9470.0	190.0	-0.69	-0.58
9480.0	181.0	1.88	-5.25
9480.0	182.0	2.46	-4.86
9480.0	184.0	-1.06	-2.53
9480.0	189.0	0.0	-5.79
9480.0	190.0	-0.32	-0.9
9490.0	181.0	1.99	-4.66
9490.0	182.0	2.51	-4.27
9490.0	184.0	-1.06	-2.53
9490.0	189.0	0.09	-5.7
9490.0	190.0	-0.13	-1.34
9500.0	181.0	2.06	-4.12
9500.0	182.0	2.55	-3.65
9500.0	184.0	-1.18	-2.51
9500.0	189.0	0.01	-5.68
9500.0	190.0	-0.08	-1.86
9510.0	181.0	2.12	-3.45
9510.0	182.0	2.66	-3.03
9510.0	189.0	-0.04	-5.75
9510.0	190.0	0.22	-2.46
9510.0	199.0	-1.42	-3.51
9520.0	181.0	2.14	-2.76
9520.0	182.0	2.7	-2.42
9520.0	189.0	-0.02	-5.74
9520.0	190.0	0.54	-2.92
9520.0	199.0	-1.31	-3.57
9530.0	181.0	2.12	-2.17
9530.0	182.0	2.71	-1.76
9530.0	189.0	-0.02	-5.74
9530.0	190.0	0.58	-3.49
9530.0	199.0	-1.12	-3.53
9540.0	181.0	2.22	-1.52
9540.0	182.0	2.8	-1.12
9540.0	189.0	-0.02	-5.74
9540.0	190.0	0.71	-3.96
9540.0	199.0	-1.05	-3.55
9550.0	181.0	2.21	-0.82
9550.0	182.0	2.81	-0.51
9550.0	189.0	-0.02	-5.74
9550.0	190.0	0.83	-4.49
9550.0	199.0	-0.98	-3.66
9550.0	201.0	2.78	-9.95
9560.0	181.0	2.16	-0.18
9560.0	182.0	2.76	0.09
9560.0	189.0	-0.02	-5.74
9560.0	190.0	0.87	-5.06
9560.0	199.0	-0.74	-3.67
9560.0	201.0	2.74	-9.37
9570.0	181.0	2.27	0.47
9570.0	182.0	2.84	0.81
9570.0	189.0	-0.02	-5.74
9570.0	190.0	1.04	-5.49
9570.0	199.0	-0.61	-3.72
9570.0	201.0	2.77	-8.83
9580.0	181.0	2.15	1.13
9580.0	182.0	2.81	1.47
9580.0	189.0	-0.09	-5.79
9580.0	190.0	0.88	-6.01
9580.0	199.0	-0.49	-3.89
9580.0	201.0	2.84	-8.3
9590.0	181.0	2.13	1.71
9590.0	182.0	2.81	2.05
9590.0	190.0	0.81	-6.64
9590.0	199.0	-0.4	-4.02
9590.0	201.0	2.84	-7.75
9590.0	202.0	-0.04	-5.7
9600.0	181.0	2.13	2.37
9600.0	182.0	2.77	2.62
9600.0	190.0	0.89	-7.25
9600.0	199.0	-0.31	-4.19
9600.0	201.0	2.82	-7.15
9600.0	202.0	-0.04	-5.7
9610.0	181.0	2.01	3.01
9610.0	182.0	2.76	3.23
9610.0	190.0	0.88	-7.88
9610.0	199.0	-0.3	-4.21
9610.0	201.0	2.86	-6.58
9610.0	204.0	-0.12	-5.85
9620.0	190.0	0.89	-8.47
9620.0	199.0	-0.3	-4.21
9620.0	201.0	2.86	-6.04
9620.0	204.0	-0.12	-5.85
9630.0	190.0	1.01	-9.06
9630.0	199.0	-0.06	-4.27
9630.0	201.0	2.79	-5.45
9630.0	204.0	-0.43	-6.03
9640.0	190.0	1.09	-9.65
9640.0	199.0	-0.03	-4.27
9640.0	201.0	2.76	-4.87
9640.0	204.0	-0.62	-6.04
9650.0	199.0	-0.03	-4.27
9650.0	201.0	2.65	-4.31
9650.0	204.0	-0.9	-5.92
9660.0	199.0	-0.03	-4.27
9660.0	201.0	2.67	-3.65
9660.0	204.0	-1.1	-5.88
9660.0	206.0	1.26	3.88
9670.0	199.0	-0.03	-4.27
9670.0	201.0	2.65	-3.15
9670.0	204.0	-1.24	-5.88
9670.0	206.0	1.24	3.45
9670.0	207.0	-0.48	2.56
9670.0	208.0	-1.01	2.77
9680.0	199.0	-0.22	-4.18
9680.0	201.0	2.51	-2.62
9680.0	204.0	-1.36	-5.8
9680.0	206.0	1.16	2.94
9680.0	207.0	-0.19	2.81
9680.0	208.0	-0.76	3.03
9690.0	199.0	-0.19	-4.29
9690.0	201.0	2.54	-2.01
9690.0	204.0	-1.45	-5.69
9690.0	206.0	1.14	2.42
9690.0	207.0	0.04	3.09
9690.0	208.0	-0.49	3.3
9700.0	199.0	-0.11	-4.16
9700.0	201.0	2.59	-1.45
9700.0	204.0	-1.46	-5.68
9700.0	206.0	1.08	1.84
9710.0	199.0	-0.19	-4.19
9710.0	201.0	2.57	-0.92
9710.0	204.0	-1.46	-5.68
9710.0	206.0	1.11	1.24
9720.0	199.0	-0.09	-4.35
9720.0	201.0	2.63	-0.36
9720.0	204.0	-1.44	-5.68
9720.0	206.0	1.1	0.66
9730.0	199.0	-0.13	-4.4
9730.0	201.0	2.63	0.19
9730.0	204.0	-1.44	-5.68
9730.0	206.0	1.13	-0.02
9730.0	211.0	3.72	2.7
9730.0	212.0	3.94	0.86
9740.0	199.0	-0.09	-4.52
9740.0	201.0	2.54	0.72
9740.0	204.0	-1.44	-5.68
9740.0	206.0	1.26	-0.53
9740.0	211.0	3.66	2.56
9740.0	212.0	3.97	1.11
9750.0	199.0	0.06	-4.69
9750.0	201.0	2.55	1.32
9750.0	204.0	-1.44	-5.68
9750.0	206.0	1.29	-1.2
9750.0	211.0	3.51	2.45
9750.0	212.0	4.12	1.53
9760.0	199.0	0.17	-4.87
9760.0	201.0	2.58	1.71
9760.0	204.0	-1.44	-5.68
9760.0	206.0	1.45	-1.82
9760.0	211.0	3.38	2.3
9770.0	201.0	2.4	2.31
9770.0	204.0	-1.44	-5.68
9770.0	206.0	1.55	-2.44
9770.0	211.0	3.28	2.1
9780.0	201.0	2.49	2.87
9780.0	204.0	-1.44	-5.68
9780.0	206.0	1.7	-3.03
9780.0	211.0	3.21	1.83
9790.0	204.0	-1.44	-5.68
9790.0	206.0	1.87	-3.61
9790.0	211.0	3.19	1.6
9800.0	204.0	-1.44	-5.68
9800.0	206.0	2.0	-4.29
9800.0	211.0	3.24	1.33
9810.0	204.0	-1.44	-5.68
9810.0	206.0	2.26	-4.91
9810.0	211.0	3.26	1.15
9820.0	204.0	-1.44	-5.68
9820.0	206.0	2.6	-5.41
9820.0	211.0	3.22	0.96
9820.0	215.0	2.85	-10.05
9830.0	204.0	-1.44	-5.68
9830.0	206.0	3.03	-5.99
9830.0	211.0	3.15	0.79
9830.0	215.0	2.88	-9.66
9840.0	204.0	-1.44	-5.68
9840.0	206.0	3.4	-6.47
9840.0	211.0	3.14	0.67
9840.0	215.0	2.85	-9.31
9850.0	204.0	-1.44	-5.68
9850.0	206.0	4.0	-7.19
9850.0	211.0	3.16	0.48
9850.0	215.0	2.63	-8.91
9860.0	204.0	-1.44	-5.68
9860.0	211.0	3.19	0.37
9860.0	215.0	2.49	-8.59
9870.0	204.0	-1.44	-5.68
9870.0	211.0	3.18	0.34
9870.0	215.0	2.4	-8.18
9880.0	204.0	-1.44	-5.68
9880.0	211.0	3.16	0.33
9880.0	215.0	2.31	-7.85
9890.0	204.0	-1.44	-5.68
9890.0	211.0	3.05	0.33
9890.0	215.0	2.1	-7.51
9900.0	204.0	-1.44	-5.68
9900.0	215.0	1.91	-7.2
9910.0	204.0	-1.44	-5.68
9910.0	215.0	1.85	-6.78
9920.0	215.0	1.8	-6.43
9930.0	215.0	1.68	-6.05
9940.0	215.0	1.58	-5.68
9950.0	215.0	1.61	-5.26
9960.0	215.0	1.6	-4.88
9970.0	215.0	1.43	-4.55
9980.0	215.0	1.23	-4.21
9990.0	215.0	1.16	-3.83
10000.0	219.0	1.09	-3.46
10010.0	219.0	0.96	-3.1
10020.0	219.0	0.82	-2.71
10020.0	220.0	3.4	0.88
10030.0	219.0	0.84	-2.33
10030.0	220.0	3.4	0.25
10040.0	219.0	0.83	-1.91
10040.0	220.0	3.34	-0.34
10040.0	221.0	3.85	-6.02
10050.0	219.0	0.69	-1.54
10050.0	220.0	3.24	-0.92
10050.0	221.0	3.81	-5.36
10060.0	219.0	0.54	-1.18
10060.0	220.0	3.24	-1.51
10060.0	221.0	3.91	-4.79
10070.0	219.0	0.51	-0.78
10070.0	220.0	3.14	-2.12
10070.0	221.0	3.93	-4.3
10080.0	219.0	0.46	-0.44
10080.0	220.0	3.14	-2.74
10080.0	221.0	3.91	-3.72
10080.0	226.0	1.62	-9.94
10090.0	219.0	0.32	-0.12
10090.0	220.0	3.16	-3.32
10090.0	221.0	3.92	-3.19
10090.0	226.0	1.72	-9.5
10100.0	219.0	0.18	0.21
10100.0	220.0	3.23	-3.9
10100.0	221.0	3.99	-2.72
10100.0	226.0	1.71	-8.99
10110.0	219.0	0.19	0.56
10110.0	220.0	3.47	-4.41
10110.0	221.0	4.0	-2.12
10110.0	226.0	1.7	-8.5
10120.0	219.0	0.19	1.0
10120.0	220.0	3.54	-5.06
10120.0	221.0	4.02	-1.64
10120.0	226.0	1.64	-8.02
10130.0	219.0	0.09	1.37
10130.0	220.0	3.6	-5.66
10130.0	221.0	4.05	-1.07
10130.0	226.0	1.5	-7.49
10140.0	219.0	0.07	1.75
10140.0	220.0	3.58	-6.32
10140.0	221.0	4.06	-0.54
10140.0	226.0	1.45	-6.96
10150.0	219.0	0.19	2.11
10150.0	220.0	3.4	-6.92
10150.0	221.0	4.07	-0.02
10150.0	226.0	1.4	-6.46
10160.0	219.0	0.27	2.43
10160.0	220.0	3.32	-7.52
10160.0	221.0	4.06	0.49
10160.0	226.0	1.31	-5.96
10170.0	219.0	0.26	2.75
10170.0	220.0	3.12	-8.05
10170.0	221.0	4.02	1.01
10170.0	226.0	1.27	-5.46
10180.0	219.0	0.24	3.06
10180.0	220.0	2.93	-8.68
10180.0	221.0	3.89	1.56
10180.0	226.0	1.21	-4.99
10190.0	220.0	2.82	-9.24
10190.0	221.0	3.88	2.14
10190.0	226.0	1.12	-4.52
10200.0	221.0	3.78	2.56
10200.0	226.0	1.1	-4.04
10210.0	226.0	0.97	-3.58
10220.0	226.0	0.85	-3.14
10230.0	226.0	0.76	-2.65
10240.0	226.0	0.67	-2.19
10250.0	226.0	0.67	-1.75
10260.0	226.0	0.74	-1.28
10260.0	230.0	0.93	-9.76
10260.0	231.0	2.75	-9.51
10260.0	233.0	-1.11	-6.76
10270.0	226.0	0.81	-0.75
10270.0	230.0	0.76	-9.2
10270.0	231.0	2.86	-9.17
10270.0	233.0	-1.11	-6.76
10280.0	226.0	0.96	-0.34
10280.0	230.0	0.63	-8.65
10280.0	231.0	2.92	-8.79
10280.0	233.0	-1.11	-6.76
10290.0	226.0	1.12	0.22
10290.0	230.0	0.58	-8.08
10290.0	231.0	2.95	-8.32
10290.0	233.0	-1.11	-6.76
10300.0	226.0	1.25	0.73
10300.0	230.0	0.45	-7.48
10300.0	231.0	3.05	-7.92
10300.0	233.0	-1.09	-6.76
10310.0	226.0	1.45	1.21
10310.0	230.0	0.41	-6.95
10310.0	231.0	3.11	-7.53
10310.0	233.0	-1.09	-6.76
10320.0	226.0	1.58	1.69
10320.0	230.0	0.41	-6.36
10320.0	231.0	3.1	-7.14
10320.0	233.0	-1.09	-6.76
10330.0	230.0	0.35	-5.75
10330.0	231.0	3.14	-6.78
10330.0	233.0	-1.09	-6.76
10340.0	230.0	0.43	-5.1
10340.0	231.0	3.16	-6.41
10340.0	233.0	-1.09	-6.76
10350.0	230.0	0.52	-4.55
10350.0	231.0	3.1	-5.96
10350.0	233.0	-1.09	-6.76
10360.0	230.0	0.56	-3.91
10360.0	231.0	3.06	-5.59
10360.0	233.0	-1.09	-6.76
10370.0	230.0	0.73	-3.38
10370.0	231.0	3.09	-5.22
10370.0	233.0	-1.09	-6.76
10370.0	234.0	2.63	2.4
10370.0	235.0	4.0	-9.3
10370.0	236.0	3.42	-9.44
10380.0	230.0	0.79	-2.81
10380.0	231.0	3.05	-4.82
10380.0	233.0	-1.09	-6.76
10380.0	234.0	2.53	1.59
10380.0	235.0	4.02	-8.91
10380.0	236.0	3.38	-9.1
10390.0	230.0	0.84	-2.26
10390.0	231.0	2.98	-4.46
10390.0	233.0	-1.09	-6.76
10390.0	234.0	2.38	0.82
10390.0	235.0	4.04	-8.55
10390.0	236.0	3.33	-8.76
10400.0	230.0	0.94	-1.72
10400.0	231.0	3.08	-4.1
10400.0	233.0	-1.09	-6.76
10400.0	234.0	2.26	-0.02
10400.0	235.0	3.97	-8.19
10400.0	236.0	3.35	-8.41
10410.0	230.0	0.95	-1.14
10410.0	231.0	3.05	-3.75
10410.0	233.0	-1.09	-6.76
10410.0	234.0	2.04	-0.91
10410.0	235.0	3.92	-7.87
10410.0	236.0	3.34	-8.07
10420.0	230.0	1.02	-0.6
10420.0	231.0	3.0	-3.38
10420.0	233.0	-1.09	-6.76
10420.0	234.0	1.94	-1.82
10420.0	235.0	3.98	-7.55
10420.0	236.0	3.26	-7.66
10430.0	230.0	1.13	-0.06
10430.0	231.0	3.06	-3.06
10430.0	233.0	-1.09	-6.76
10430.0	234.0	1.75	-2.64
10430.0	235.0	3.94	-7.21
10430.0	236.0	3.24	-7.32
10440.0	230.0	1.19	0.53
10440.0	231.0	3.15	-2.74
10440.0	233.0	-1.09	-6.76
10440.0	234.0	1.67	-3.54
10440.0	235.0	3.87	-6.89
10440.0	236.0	3.29	-6.88
10440.0	238.0	0.66	4.27
10440.0	239.0	1.13	4.18
10450.0	230.0	1.34	1.07
10450.0	231.0	3.15	-2.36
10450.0	233.0	-1.09	-6.76
10450.0	234.0	1.6	-4.5
10450.0	235.0	3.95	-6.5
10450.0	236.0	3.21	-6.56
10450.0	238.0	0.67	4.29
10450.0	239.0	1.12	4.2
10460.0	230.0	1.45	1.61
10460.0	231.0	3.13	-2.0
10460.0	233.0	-1.09	-6.76
10460.0	234.0	1.5	-5.38
10460.0	235.0	3.89	-6.17
10460.0	236.0	3.15	-6.12
10460.0	238.0	0.65	4.3
10460.0	239.0	1.13	4.19
10470.0	230.0	1.5	2.15
10470.0	231.0	3.18	-1.6
10470.0	233.0	-1.09	-6.76
10470.0	234.0	1.44	-6.28
10470.0	235.0	3.81	-5.81
10470.0	236.0	3.21	-5.74
10470.0	238.0	0.65	4.3
10470.0	239.0	1.1	4.21
10480.0	230.0	1.65	2.67
10480.0	231.0	3.14	-1.25
10480.0	233.0	-1.07	-6.76
10480.0	234.0	1.36	-7.16
10480.0	235.0	3.82	-5.41
10480.0	236.0	3.19	-5.31
10480.0	238.0	0.65	4.3
10480.0	239.0	1.09	4.19
10490.0	230.0	1.73	3.21
10490.0	231.0	3.04	-0.89
10490.0	233.0	-1.07	-6.76
10490.0	234.0	1.42	-8.07
10490.0	235.0	3.83	-4.95
10490.0	236.0	3.1	-4.93
10490.0	238.0	0.68	4.29
10490.0	239.0	1.08	4.19
10500.0	230.0	1.76	3.75
10500.0	231.0	3.04	-0.53
10500.0	233.0	-1.07	-6.76
10500.0	235.0	3.77	-4.52
10500.0	236.0	3.11	-4.57
10500.0	238.0	0.7	4.29
10500.0	239.0	1.09	4.19
10510.0	231.0	3.06	-0.15
10510.0	233.0	-1.11	-6.74
10510.0	235.0	3.81	-4.12
10510.0	236.0	3.13	-4.2
10510.0	238.0	0.7	4.27
10510.0	239.0	1.15	4.2
10520.0	231.0	3.0	0.29
10520.0	233.0	-1.2	-6.7
10520.0	235.0	3.83	-3.76
10520.0	236.0	3.07	-3.8
10520.0	238.0	0.69	4.29
10520.0	239.0	1.12	4.21
10530.0	231.0	2.97	0.74
10530.0	235.0	3.81	-3.39
10530.0	236.0	3.02	-3.42
10530.0	238.0	0.68	4.29
10530.0	239.0	1.1	4.19
10540.0	231.0	3.0	1.13
10540.0	235.0	3.82	-3.02
10540.0	236.0	3.07	-3.03
10540.0	238.0	0.68	4.29
10540.0	239.0	1.08	4.19
10550.0	231.0	3.01	1.52
10550.0	235.0	3.82	-2.65
10550.0	236.0	3.06	-2.68
10550.0	238.0	0.63	4.28
10550.0	239.0	0.99	4.14
10560.0	231.0	3.0	1.9
10560.0	235.0	3.8	-2.26
10560.0	236.0	2.94	-2.25
10570.0	231.0	3.08	2.27
10570.0	235.0	3.75	-1.88
10570.0	236.0	3.0	-1.87
10570.0	243.0	2.73	-9.7
10580.0	231.0	3.09	2.61
10580.0	235.0	3.75	-1.46
10580.0	236.0	3.07	-1.5
10580.0	243.0	2.74	-8.97
10590.0	231.0	3.47	2.91
10590.0	235.0	3.68	-1.09
10590.0	236.0	3.02	-1.12
10590.0	243.0	2.8	-8.27
10600.0	235.0	3.64	-0.75
10600.0	236.0	2.96	-0.78
10600.0	243.0	2.83	-7.58
10600.0	247.0	0.82	4.04
10610.0	235.0	3.66	-0.29
10610.0	236.0	3.04	-0.42
10610.0	243.0	2.78	-6.92
10610.0	247.0	0.8	3.88
10620.0	235.0	3.61	-0.0
10620.0	236.0	3.03	-0.1
10620.0	243.0	2.82	-6.25
10620.0	247.0	0.79	3.78
10620.0	253.0	4.02	-9.15
10630.0	235.0	3.55	0.37
10630.0	236.0	3.02	0.31
10630.0	243.0	2.8	-5.56
10630.0	247.0	0.82	4.02
10630.0	253.0	3.99	-8.68
10640.0	235.0	3.57	0.73
10640.0	236.0	2.94	0.7
10640.0	243.0	2.92	-4.67
10640.0	247.0	0.84	4.13
10640.0	253.0	3.99	-8.24
10650.0	235.0	3.51	1.04
10650.0	236.0	2.95	1.03
10650.0	243.0	2.79	-4.13
10650.0	247.0	0.79	3.82
10650.0	253.0	4.0	-7.78
10660.0	235.0	3.39	1.34
10660.0	236.0	2.88	1.37
10660.0	243.0	2.87	-3.23
10660.0	247.0	0.82	4.02
10660.0	253.0	4.0	-7.36
10670.0	235.0	3.41	1.75
10670.0	236.0	2.88	1.71
10670.0	243.0	2.74	-2.49
10670.0	247.0	0.87	4.07
10670.0	253.0	3.91	-6.96
10680.0	235.0	3.44	2.12
10680.0	236.0	2.91	2.05
10680.0	243.0	2.62	-1.82
10680.0	247.0	0.83	4.13
10680.0	253.0	3.9	-6.53
10690.0	235.0	3.41	2.47
10690.0	236.0	2.86	2.4
10690.0	243.0	2.58	-1.15
10690.0	247.0	0.76	3.81
10690.0	253.0	3.88	-6.07
10700.0	235.0	3.47	2.83
10700.0	236.0	2.78	2.73
10700.0	243.0	2.49	-0.54
10700.0	247.0	0.8	3.84
10700.0	253.0	3.94	-5.66
10710.0	235.0	3.51	3.19
10710.0	236.0	2.83	3.05
10710.0	243.0	2.4	0.05
10710.0	247.0	0.76	3.85
10710.0	253.0	3.96	-5.19
10720.0	235.0	3.47	3.55
10720.0	236.0	2.88	3.44
10720.0	243.0	2.43	0.6
10720.0	253.0	3.96	-4.73
10730.0	235.0	3.52	3.72
10730.0	236.0	2.8	3.78
10730.0	243.0	2.44	1.1
10730.0	253.0	4.03	-4.25
10740.0	243.0	2.48	1.55
10740.0	253.0	4.11	-3.86
10750.0	243.0	2.62	2.03
10750.0	253.0	4.12	-3.38
10760.0	253.0	4.35	-2.84
10780.0	257.0	-0.26	-2.83
10790.0	257.0	0.3	-2.89
10790.0	258.0	1.73	2.53
10800.0	257.0	0.85	-3.06
10800.0	258.0	1.71	1.92
10810.0	257.0	1.49	-3.31
10810.0	258.0	1.79	1.25
10820.0	257.0	2.12	-3.51
10820.0	258.0	1.84	0.65
10830.0	257.0	2.7	-3.74
10830.0	258.0	1.92	0.22
10840.0	257.0	3.27	-3.89
10840.0	258.0	2.03	-0.48
10850.0	257.0	3.94	-3.9
10850.0	258.0	2.09	-1.06
10850.0	259.0	3.58	2.97
10860.0	259.0	3.46	2.39
10860.0	260.0	2.37	-1.43
10870.0	259.0	3.45	1.84
10870.0	260.0	2.73	-1.85
10880.0	259.0	3.48	1.32
10880.0	260.0	3.17	-2.21
10890.0	259.0	3.45	0.77
10890.0	260.0	3.66	-2.46
10900.0	259.0	3.45	0.2
10900.0	260.0	4.16	-2.73
10910.0	259.0	3.43	-0.36
10920.0	259.0	3.4	-0.94
10930.0	259.0	3.45	-1.53
10940.0	259.0	3.45	-2.16
10950.0	259.0	3.47	-2.77
10960.0	259.0	3.45	-3.35
10970.0	259.0	3.33	-3.96
10980.0	259.0	3.23	-4.58
10990.0	259.0	3.04	-5.18
11000.0	259.0	2.88	-5.77
11000.0	262.0	3.39	-9.44
11010.0	259.0	2.77	-6.39
11010.0	262.0	3.45	-8.86
11010.0	263.0	1.15	-10.15
11020.0	259.0	2.67	-7.16
11020.0	262.0	3.43	-8.25
11020.0	263.0	1.19	-9.46
11030.0	259.0	2.71	-7.8
11030.0	262.0	3.48	-7.66
11030.0	263.0	1.26	-8.82
11040.0	259.0	2.74	-8.45
11040.0	262.0	3.43	-6.99
11040.0	263.0	1.23	-8.21
11050.0	259.0	2.85	-9.1
11050.0	262.0	3.37	-6.35
11050.0	263.0	1.24	-7.58
11060.0	259.0	3.06	-9.78
11060.0	262.0	3.31	-5.75
11060.0	263.0	1.33	-6.89
11070.0	262.0	3.22	-5.17
11070.0	263.0	1.39	-6.21
11080.0	262.0	3.22	-4.62
11080.0	263.0	1.54	-5.58
11090.0	262.0	3.23	-4.02
11090.0	263.0	1.74	-4.92
11100.0	262.0	3.17	-3.38
11100.0	263.0	1.88	-4.29
11110.0	262.0	3.19	-2.78
11110.0	263.0	2.07	-3.69
11120.0	262.0	3.28	-2.23
11120.0	263.0	2.22	-3.04
11130.0	262.0	3.28	-1.47
11130.0	263.0	2.27	-2.39
11140.0	262.0	3.36	-0.82
11140.0	263.0	2.4	-1.76
11150.0	262.0	3.38	-0.27
11150.0	263.0	2.46	-1.09
11150.0	264.0	1.86	3.35
11160.0	262.0	3.36	0.33
11160.0	263.0	2.45	-0.44
11160.0	264.0	1.87	2.8
11170.0	262.0	3.36	0.94
11170.0	263.0	2.5	0.22
11170.0	264.0	1.74	2.23
11180.0	262.0	3.22	1.51
11180.0	263.0	2.47	0.88
11180.0	264.0	1.78	1.63
11190.0	262.0	3.17	1.98
11190.0	263.0	2.4	1.5
11190.0	264.0	1.67	1.05
11200.0	262.0	3.11	2.6
11200.0	263.0	2.4	2.08
11200.0	264.0	1.62	0.46
11210.0	262.0	3.0	3.15
11210.0	263.0	2.35	2.61
11210.0	264.0	1.65	-0.14
11220.0	264.0	1.55	-0.76
11230.0	264.0	1.64	-1.39
11240.0	264.0	1.64	-2.01
11250.0	264.0	1.61	-2.64
11260.0	264.0	1.69	-3.29
11270.0	264.0	1.58	-3.95
11280.0	264.0	1.62	-4.62
11290.0	264.0	1.64	-5.33
11300.0	264.0	1.54	-6.03
11310.0	264.0	1.63	-6.72
11320.0	264.0	1.54	-7.36
11330.0	264.0	1.6	-8.0
11340.0	264.0	1.66	-8.67
11360.0	267.0	1.57	3.49
11360.0	268.0	1.98	3.77
11370.0	267.0	1.61	2.85
11370.0	268.0	2.13	3.11
11370.0	270.0	3.47	-5.26
11380.0	267.0	1.73	2.12
11380.0	268.0	2.26	2.49
11380.0	270.0	3.5	-4.62
11390.0	267.0	1.75	1.57
11390.0	268.0	2.3	1.9
11390.0	270.0	3.51	-3.97
11400.0	267.0	1.75	0.94
11400.0	268.0	2.43	1.23
11400.0	270.0	3.57	-3.33
11410.0	267.0	1.79	0.23
11410.0	268.0	2.39	0.52
11410.0	270.0	3.58	-2.69
11420.0	267.0	1.83	-0.42
11420.0	268.0	2.45	-0.24
11420.0	270.0	3.67	-2.06
11430.0	267.0	1.84	-1.06
11430.0	268.0	2.47	-0.87
11430.0	270.0	3.71	-1.44
11440.0	267.0	1.91	-1.72
11440.0	268.0	2.46	-1.51
11440.0	270.0	3.71	-0.81
11450.0	267.0	1.95	-2.4
11450.0	268.0	2.49	-2.21
11450.0	270.0	3.82	-0.21
11460.0	267.0	2.02	-3.05
11460.0	268.0	2.48	-2.86
11460.0	270.0	3.8	0.45
11470.0	267.0	2.09	-3.76
11470.0	268.0	2.54	-3.63
11470.0	270.0	3.81	1.11
11480.0	267.0	2.13	-4.5
11480.0	268.0	2.64	-4.34
11480.0	270.0	3.78	1.74
11490.0	267.0	2.2	-5.17
11490.0	268.0	2.71	-5.06
11500.0	267.0	2.22	-5.9
11500.0	268.0	2.9	-5.77
11510.0	267.0	2.19	-6.55
11510.0	268.0	2.9	-6.49
11520.0	267.0	2.14	-7.32
11520.0	268.0	2.89	-7.23
11530.0	267.0	2.06	-7.97
11530.0	268.0	2.94	-7.96
11540.0	267.0	2.13	-8.67
11540.0	268.0	2.95	-8.57
11610.0	274.0	3.75	-8.15
11620.0	274.0	3.75	-7.49
11630.0	274.0	3.62	-6.76
11640.0	274.0	3.61	-6.08
11650.0	274.0	3.53	-5.39
11660.0	274.0	3.46	-4.63
11670.0	274.0	3.45	-3.97
11680.0	274.0	3.34	-3.25
11690.0	274.0	3.35	-2.6
11700.0	274.0	3.38	-1.91
11710.0	274.0	3.24	-1.2
11720.0	274.0	3.27	-0.59
11730.0	274.0	3.24	0.09
11740.0	274.0	3.22	0.69
11770.0	275.0	3.07	2.55
11770.0	277.0	0.28	1.49
11770.0	278.0	1.34	4.05
11770.0	279.0	1.4	-5.65
11770.0	281.0	3.44	-5.51
11780.0	275.0	3.05	3.17
11780.0	277.0	0.23	0.93
11780.0	278.0	1.24	3.41
11780.0	279.0	1.56	-6.2
11780.0	281.0	3.44	-4.92
11790.0	275.0	2.86	3.75
11790.0	277.0	0.21	0.37
11790.0	278.0	1.2	2.78
11790.0	279.0	1.63	-6.72
11790.0	281.0	3.39	-4.31
11800.0	277.0	0.2	-0.19
11800.0	278.0	1.15	2.14
11800.0	279.0	1.65	-7.24
11800.0	281.0	3.33	-3.68
11810.0	277.0	0.14	-0.71
11810.0	278.0	1.18	1.49
11810.0	279.0	1.74	-7.73
11810.0	281.0	3.29	-3.06
11820.0	277.0	0.1	-1.27
11820.0	278.0	1.19	0.89
11820.0	279.0	1.84	-8.23
11820.0	281.0	3.27	-2.47
11830.0	277.0	0.2	-1.85
11830.0	278.0	1.17	0.24
11830.0	279.0	1.89	-8.79
11830.0	281.0	3.24	-1.9
11840.0	277.0	0.24	-2.39
11840.0	278.0	1.22	-0.43
11840.0	279.0	2.02	-9.34
11840.0	281.0	3.24	-1.33
11850.0	277.0	0.25	-2.95
11850.0	278.0	1.22	-1.09
11850.0	281.0	3.22	-0.74
11860.0	277.0	0.34	-3.51
11860.0	278.0	1.26	-1.75
11860.0	281.0	3.16	-0.16
11870.0	277.0	0.42	-4.19
11870.0	278.0	1.31	-2.42
11870.0	281.0	3.24	0.62
11880.0	277.0	0.28	-4.67
11880.0	278.0	1.33	-3.1
11880.0	281.0	3.22	1.24
11890.0	277.0	0.32	-5.26
11890.0	278.0	1.42	-3.81
11890.0	281.0	3.18	1.83
11900.0	277.0	0.28	-5.87
11900.0	278.0	1.43	-4.51
11900.0	281.0	3.22	2.41
11910.0	277.0	0.19	-6.45
11910.0	278.0	1.41	-5.21
11910.0	281.0	3.22	2.96
11920.0	277.0	0.21	-6.99
11920.0	278.0	1.42	-5.93
11920.0	283.0	3.6	-9.28
11930.0	277.0	0.09	-7.62
11930.0	278.0	1.37	-6.67
11930.0	283.0	3.61	-8.69
11940.0	277.0	0.06	-8.33
11940.0	278.0	1.38	-7.38
11940.0	283.0	3.58	-8.08
11950.0	277.0	0.1	-8.91
11950.0	278.0	1.32	-8.15
11950.0	283.0	3.59	-7.45
11960.0	277.0	0.17	-9.49
11960.0	278.0	1.28	-8.85
11960.0	283.0	3.56	-6.82
11970.0	283.0	3.52	-6.22
11980.0	283.0	3.46	-5.59
11990.0	283.0	3.37	-4.96
12440.0	284.0	0.94	1.73
12440.0	285.0	1.43	1.75
12450.0	284.0	1.02	1.02
12450.0	285.0	1.5	1.05
12450.0	287.0	3.66	-5.24
12450.0	288.0	3.1	-7.4
12460.0	284.0	1.02	0.29
12460.0	285.0	1.51	0.33
12460.0	287.0	3.56	-4.6
12460.0	288.0	3.03	-6.72
12470.0	284.0	1.05	-0.4
12470.0	285.0	1.56	-0.36
12470.0	287.0	3.54	-4.03
12470.0	288.0	2.95	-6.06
12480.0	284.0	1.02	-1.12
12480.0	285.0	1.53	-1.07
12480.0	287.0	3.52	-3.44
12480.0	288.0	2.91	-5.43
12480.0	289.0	2.98	-7.11
12490.0	284.0	1.02	-1.8
12490.0	285.0	1.51	-1.73
12490.0	287.0	3.53	-2.87
12490.0	288.0	2.91	-4.79
12490.0	289.0	2.98	-6.5
12500.0	284.0	0.94	-2.55
12500.0	285.0	1.48	-2.49
12500.0	287.0	3.54	-2.32
12500.0	288.0	2.86	-4.12
12500.0	289.0	2.88	-5.87
12510.0	284.0	0.88	-3.27
12510.0	285.0	1.41	-3.19
12510.0	287.0	3.5	-1.75
12510.0	288.0	2.77	-3.44
12510.0	289.0	2.81	-5.27
12510.0	291.0	2.72	-8.62
12520.0	284.0	0.91	-4.01
12520.0	285.0	1.43	-3.95
12520.0	287.0	3.46	-1.2
12520.0	288.0	2.59	-2.84
12520.0	289.0	2.79	-4.61
12520.0	291.0	2.65	-7.96
12520.0	294.0	-0.39	4.31
12530.0	284.0	0.89	-4.79
12530.0	285.0	1.4	-4.7
12530.0	287.0	3.45	-0.7
12530.0	288.0	2.36	-2.18
12530.0	289.0	2.65	-4.01
12530.0	291.0	2.43	-7.24
12530.0	294.0	-0.4	4.15
12540.0	284.0	0.9	-5.54
12540.0	285.0	1.41	-5.43
12540.0	287.0	3.41	-0.14
12540.0	288.0	2.15	-1.58
12540.0	289.0	2.54	-3.41
12540.0	291.0	2.46	-6.47
12540.0	294.0	-0.4	4.06
12550.0	284.0	0.84	-6.3
12550.0	285.0	1.36	-6.19
12550.0	287.0	3.4	0.43
12550.0	288.0	1.89	-1.02
12550.0	289.0	2.39	-2.81
12550.0	291.0	2.37	-5.76
12550.0	294.0	-0.41	4.2
12560.0	284.0	0.77	-7.05
12560.0	285.0	1.29	-6.98
12560.0	287.0	3.38	0.96
12560.0	288.0	1.68	-0.46
12560.0	289.0	2.15	-2.28
12560.0	291.0	2.31	-5.06
12560.0	294.0	-0.42	4.11
12570.0	284.0	0.73	-7.9
12570.0	285.0	1.31	-7.79
12570.0	287.0	3.44	1.55
12570.0	288.0	1.48	0.07
12570.0	289.0	2.01	-1.68
12570.0	291.0	2.31	-4.35
12570.0	294.0	-0.42	4.04
12580.0	284.0	0.71	-8.65
12580.0	285.0	1.3	-8.47
12580.0	287.0	3.47	2.15
12580.0	288.0	1.26	0.62
12580.0	289.0	1.86	-1.12
12580.0	291.0	2.31	-3.61
12580.0	294.0	-0.42	4.02
12590.0	284.0	0.82	-9.38
12590.0	285.0	1.39	-9.32
12590.0	287.0	3.43	2.63
12590.0	288.0	1.07	1.14
12590.0	289.0	1.7	-0.59
12590.0	291.0	2.41	-2.93
12590.0	294.0	-0.46	4.22
12590.0	295.0	3.72	-2.8
12600.0	284.0	0.77	-10.06
12600.0	287.0	3.41	3.17
12600.0	288.0	0.84	1.6
12600.0	289.0	1.64	0.07
12600.0	291.0	2.41	-2.18
12600.0	294.0	-0.47	4.28
12600.0	295.0	3.5	-2.13
12610.0	287.0	3.39	3.62
12610.0	288.0	0.67	2.03
12610.0	289.0	1.53	0.64
12610.0	291.0	2.28	-1.54
12610.0	294.0	-0.42	4.22
12610.0	295.0	3.37	-1.43
12620.0	288.0	0.47	2.48
12620.0	289.0	1.53	1.2
12620.0	291.0	2.38	-0.87
12620.0	294.0	-0.45	4.13
12620.0	295.0	3.24	-0.75
12630.0	288.0	0.25	2.83
12630.0	289.0	1.52	1.74
12630.0	291.0	2.38	-0.18
12630.0	294.0	-0.44	4.15
12630.0	295.0	3.13	-0.07
12640.0	288.0	0.18	3.06
12640.0	289.0	1.41	2.27
12640.0	291.0	2.37	0.48
12640.0	294.0	-0.44	4.12
12640.0	295.0	3.11	0.62
12650.0	288.0	0.09	3.33
12650.0	289.0	1.36	2.83
12650.0	291.0	2.32	1.12
12650.0	294.0	-0.44	4.06
12650.0	295.0	3.09	1.34
12660.0	288.0	0.02	3.33
12660.0	289.0	1.22	3.36
12660.0	291.0	2.36	1.73
12660.0	294.0	-0.42	4.14
12660.0	295.0	3.15	1.95
12670.0	288.0	0.0	3.37
12670.0	289.0	0.92	3.9
12670.0	291.0	2.42	2.35
12670.0	294.0	-0.42	4.08
12670.0	295.0	3.18	2.58
12680.0	288.0	0.0	3.39
12680.0	294.0	-0.42	4.04
12690.0	288.0	0.0	3.39
12690.0	294.0	-0.42	4.02
12700.0	288.0	0.0	3.39
12700.0	294.0	-0.42	4.0
12700.0	296.0	1.28	3.22
12710.0	288.0	0.0	3.39
12710.0	294.0	-0.42	3.99
12710.0	296.0	1.23	2.62
12720.0	288.0	0.0	3.39
12720.0	294.0	-0.42	3.99
12720.0	296.0	1.16	2.01
12730.0	288.0	0.0	3.39
12730.0	294.0	-0.42	3.99
12730.0	296.0	1.17	1.3
12740.0	288.0	0.0	3.39
12740.0	294.0	-0.42	3.99
12740.0	296.0	1.12	0.64
12750.0	288.0	0.13	3.49
12750.0	294.0	-0.42	3.99
12750.0	296.0	1.13	0.0
12760.0	296.0	1.07	-0.65
12770.0	296.0	1.01	-1.28
12780.0	296.0	1.04	-1.97
12790.0	296.0	0.97	-2.66
12790.0	299.0	3.46	-7.18
12790.0	300.0	2.36	-8.39
12790.0	301.0	3.01	-8.85
12800.0	296.0	1.02	-3.35
12800.0	299.0	3.5	-6.4
12800.0	300.0	2.4	-7.62
12800.0	301.0	3.05	-8.1
12810.0	296.0	1.0	-4.07
12810.0	299.0	3.52	-5.63
12810.0	300.0	2.46	-6.88
12810.0	301.0	3.07	-7.35
12820.0	296.0	0.93	-4.86
12820.0	299.0	3.51	-4.88
12820.0	300.0	2.53	-6.24
12820.0	301.0	3.1	-6.49
12830.0	296.0	0.95	-5.59
12830.0	299.0	3.48	-4.14
12830.0	300.0	2.59	-5.47
12830.0	301.0	3.14	-5.72
12840.0	296.0	0.85	-6.33
12840.0	299.0	3.27	-3.44
12840.0	300.0	2.55	-4.73
12840.0	301.0	3.1	-4.96
12850.0	296.0	0.85	-7.0
12850.0	299.0	3.01	-2.77
12850.0	300.0	2.55	-3.96
12850.0	301.0	3.08	-4.21
12860.0	296.0	0.82	-7.67
12860.0	299.0	2.59	-2.09
12860.0	300.0	2.56	-3.21
12860.0	301.0	3.07	-3.48
12870.0	296.0	0.73	-8.35
12870.0	299.0	2.05	-1.64
12870.0	300.0	2.46	-2.5
12870.0	301.0	3.06	-2.59
12870.0	302.0	2.74	-10.19
12880.0	296.0	0.75	-9.06
12880.0	299.0	1.54	-1.14
12880.0	300.0	2.54	-1.69
12880.0	301.0	3.13	-1.82
12880.0	302.0	2.91	-9.54
12890.0	296.0	0.65	-9.78
12890.0	299.0	1.0	-0.72
12890.0	300.0	2.52	-0.88
12890.0	301.0	3.14	-1.06
12890.0	302.0	2.96	-8.71
12900.0	299.0	0.38	-0.24
12900.0	300.0	2.55	-0.22
12900.0	301.0	3.24	-0.35
12900.0	302.0	3.0	-8.04
12910.0	299.0	-0.27	0.21
12910.0	300.0	2.61	0.6
12910.0	301.0	3.24	0.36
12910.0	302.0	3.07	-7.36
12920.0	299.0	-0.91	0.61
12920.0	300.0	2.64	1.35
12920.0	301.0	3.26	1.08
12920.0	302.0	3.08	-6.65
12930.0	299.0	-1.46	1.04
12930.0	300.0	2.71	2.03
12930.0	301.0	3.32	1.75
12930.0	302.0	3.11	-5.96
12940.0	299.0	-2.0	1.45
12940.0	300.0	2.76	2.71
12940.0	301.0	3.38	2.41
12940.0	302.0	3.12	-5.26
12950.0	299.0	-2.48	1.84
12950.0	302.0	3.09	-4.53
12960.0	299.0	-3.06	2.21
12960.0	302.0	3.15	-3.8
12970.0	302.0	3.14	-3.08
12980.0	302.0	3.23	-2.5
12990.0	302.0	3.31	-1.82
13000.0	302.0	3.4	-1.15
13010.0	302.0	3.42	-0.57
13010.0	306.0	1.14	3.16
13020.0	302.0	3.53	0.01
13020.0	306.0	1.15	2.66
13030.0	302.0	3.48	0.7
13030.0	306.0	1.14	2.12
13040.0	302.0	3.69	1.2
13040.0	306.0	1.17	1.6
13050.0	302.0	3.69	1.81
13050.0	306.0	1.18	1.1
13060.0	306.0	1.12	0.54
13070.0	306.0	1.04	-0.09
13080.0	306.0	0.98	-0.63
13090.0	306.0	0.82	-1.22
13100.0	306.0	0.8	-1.86
13110.0	306.0	0.79	-2.5
13120.0	306.0	0.74	-3.05
13130.0	306.0	0.88	-3.64
13130.0	310.0	-1.49	-8.22
13130.0	311.0	-1.36	-2.68
13130.0	312.0	-1.05	3.09
13130.0	313.0	-0.52	3.4
13140.0	306.0	1.0	-4.26
13140.0	310.0	-1.49	-8.22
13140.0	311.0	-1.36	-2.68
13140.0	312.0	-1.03	3.09
13140.0	313.0	-0.52	3.4
13150.0	306.0	1.1	-4.87
13150.0	310.0	-1.49	-8.22
13150.0	311.0	-1.36	-2.68
13150.0	312.0	-1.23	3.14
13150.0	313.0	-0.52	3.4
13160.0	306.0	1.34	-5.52
13160.0	310.0	-1.47	-8.22
13160.0	311.0	-1.36	-2.68
13160.0	313.0	-0.52	3.4
13170.0	306.0	1.45	-6.04
13170.0	310.0	-1.45	-8.22
13170.0	311.0	-1.36	-2.68
13170.0	313.0	-0.52	3.4
13170.0	316.0	1.73	3.4
13180.0	306.0	1.54	-6.69
13180.0	310.0	-1.45	-8.19
13180.0	311.0	-1.36	-2.68
13180.0	313.0	-0.52	3.4
13180.0	316.0	1.75	2.75
13190.0	306.0	1.7	-7.33
13190.0	310.0	-1.45	-8.13
13190.0	311.0	-1.36	-2.68
13190.0	313.0	-0.52	3.4
13190.0	316.0	1.69	2.14
13200.0	306.0	1.75	-8.04
13200.0	310.0	-1.45	-8.12
13200.0	311.0	-1.36	-2.68
13200.0	313.0	-0.52	3.4
13200.0	316.0	1.62	1.5
13210.0	306.0	1.72	-8.69
13210.0	310.0	-1.45	-8.2
13210.0	311.0	-1.36	-2.68
13210.0	313.0	-0.52	3.4
13210.0	316.0	1.53	0.88
13220.0	306.0	1.75	-9.34
13220.0	310.0	-1.47	-8.28
13220.0	311.0	-1.36	-2.68
13220.0	313.0	-0.52	3.4
13220.0	316.0	1.41	0.24
13230.0	306.0	1.71	-9.94
13230.0	310.0	-1.48	-8.34
13230.0	311.0	-1.36	-2.68
13230.0	313.0	-0.52	3.4
13230.0	316.0	1.38	-0.41
13240.0	310.0	-1.48	-8.33
13240.0	311.0	-1.36	-2.68
13240.0	313.0	-0.52	3.4
13240.0	316.0	1.39	-1.11
13250.0	310.0	-1.48	-8.31
13250.0	311.0	-1.36	-2.68
13250.0	313.0	-0.52	3.4
13250.0	316.0	1.39	-1.81
13260.0	310.0	-1.46	-8.29
13260.0	311.0	-1.36	-2.68
13260.0	313.0	-0.52	3.4
13260.0	316.0	1.51	-2.5
13270.0	310.0	-1.44	-8.29
13270.0	311.0	-1.36	-2.68
13270.0	313.0	-0.52	3.4
13270.0	316.0	1.52	-3.18
13280.0	310.0	-1.44	-8.29
13280.0	311.0	-1.36	-2.68
13280.0	313.0	-0.52	3.4
13280.0	316.0	1.69	-3.99
13290.0	310.0	-1.44	-8.29
13290.0	311.0	-1.36	-2.68
13290.0	313.0	-0.52	3.4
13290.0	316.0	1.68	-4.64
13300.0	310.0	-1.44	-8.29
13300.0	311.0	-1.36	-2.68
13300.0	313.0	-0.52	3.4
13300.0	316.0	1.55	-5.29
13310.0	310.0	-1.44	-8.29
13310.0	311.0	-1.36	-2.68
13310.0	313.0	-0.52	3.4
13310.0	316.0	1.63	-6.07
13320.0	310.0	-1.33	-8.28
13320.0	311.0	-1.36	-2.68
13320.0	313.0	-0.52	3.4
13320.0	316.0	1.64	-6.76
13330.0	310.0	-1.32	-8.27
13330.0	311.0	-1.36	-2.68
13330.0	313.0	-0.52	3.4
13330.0	316.0	1.65	-7.55
13340.0	310.0	-1.32	-8.29
13340.0	311.0	-1.36	-2.68
13340.0	313.0	-0.52	3.4
13340.0	316.0	1.66	-8.41
13350.0	310.0	-1.32	-8.31
13350.0	311.0	-1.36	-2.59
13350.0	313.0	-0.56	3.21
13350.0	316.0	1.59	-9.01
13360.0	310.0	-1.36	-8.31
13360.0	311.0	-1.36	-2.67
13360.0	313.0	-0.57	3.19
13360.0	316.0	1.68	-9.8
13370.0	310.0	-1.31	-8.37
13370.0	311.0	-1.36	-2.68
13370.0	313.0	-0.57	3.19
13380.0	310.0	-1.29	-8.36
13380.0	311.0	-1.36	-2.68
13380.0	313.0	-0.57	3.19
13390.0	310.0	-1.26	-8.3
13390.0	311.0	-1.36	-2.68
13390.0	313.0	-0.57	3.19
13400.0	310.0	-1.24	-8.23
13400.0	311.0	-1.36	-2.68
13400.0	313.0	-0.57	3.19
13750.0	328.0	2.75	1.15
13760.0	328.0	2.73	0.39
13770.0	328.0	2.66	-0.35
13780.0	328.0	2.63	-1.11
13790.0	328.0	2.5	-1.9
13800.0	328.0	2.45	-2.81
13810.0	328.0	2.37	-3.62
13820.0	328.0	2.37	-4.44
13830.0	328.0	2.36	-5.27
13840.0	328.0	2.46	-6.04
13850.0	328.0	2.52	-6.87
13860.0	328.0	2.63	-7.64
13870.0	328.0	2.79	-8.46
13880.0	328.0	3.01	-9.39
14160.0	329.0	2.39	-9.03
14160.0	331.0	1.92	1.63
14170.0	329.0	2.49	-8.28
14170.0	331.0	1.91	0.82
14180.0	329.0	2.59	-7.48
14180.0	331.0	1.87	-0.01
14180.0	332.0	-0.04	-6.8
14190.0	329.0	2.75	-6.71
14190.0	331.0	1.84	-0.84
14190.0	332.0	-0.04	-6.8
14200.0	329.0	2.85	-5.98
14200.0	331.0	1.77	-1.7
14200.0	332.0	-0.04	-6.8
14210.0	329.0	2.9	-5.08
14210.0	331.0	1.7	-2.6
14210.0	332.0	-0.04	-6.8
14220.0	329.0	2.96	-4.32
14220.0	331.0	1.7	-3.54
14220.0	332.0	-0.15	-6.83
14230.0	329.0	2.92	-3.53
14230.0	331.0	1.73	-4.37
14230.0	332.0	-0.06	-6.8
14240.0	329.0	2.92	-2.78
14240.0	331.0	1.8	-5.34
14240.0	332.0	-0.17	-6.83
14250.0	329.0	2.9	-2.03
14250.0	331.0	1.73	-6.24
14250.0	332.0	-0.14	-6.8
14260.0	329.0	2.86	-1.27
14260.0	331.0	1.76	-7.16
14260.0	332.0	-0.07	-6.74
14270.0	329.0	2.85	-0.46
14270.0	331.0	1.68	-8.04
14270.0	332.0	-0.07	-6.66
14280.0	329.0	2.82	0.3
14280.0	331.0	1.68	-8.89
14290.0	329.0	2.86	1.1
14340.0	334.0	0.65	1.14
14350.0	334.0	0.69	0.6
14360.0	334.0	0.76	0.06
14370.0	334.0	0.78	-0.53
14380.0	334.0	0.92	-1.14
14390.0	334.0	0.96	-1.74
