790.0	1.0	9.57	3.79
800.0	1.0	10.67	3.99
800.0	2.0	13.64	5.8
810.0	1.0	11.73	4.32
810.0	2.0	12.09	5.75
820.0	1.0	12.81	4.61
820.0	2.0	11.37	5.8
830.0	2.0	10.31	5.97
840.0	2.0	9.57	6.24
850.0	2.0	8.73	6.34
850.0	4.0	-1.32	5.11
850.0	5.0	-1.48	4.43
850.0	6.0	11.84	5.82
860.0	2.0	7.94	6.5
860.0	4.0	-0.33	5.06
860.0	5.0	-0.49	4.38
860.0	6.0	10.91	5.92
870.0	2.0	7.17	6.62
870.0	4.0	0.76	5.0
870.0	5.0	0.6	4.23
870.0	6.0	10.0	5.89
880.0	2.0	6.47	6.68
880.0	4.0	1.76	4.89
880.0	5.0	1.6	4.13
880.0	6.0	9.09	6.02
890.0	2.0	5.86	6.82
890.0	4.0	2.81	4.83
890.0	5.0	2.67	4.07
890.0	6.0	8.23	6.04
900.0	2.0	5.24	6.98
900.0	4.0	3.8	4.77
900.0	5.0	3.7	4.02
900.0	6.0	7.4	6.15
910.0	2.0	4.87	7.16
910.0	4.0	4.97	4.69
910.0	5.0	4.75	4.04
910.0	6.0	6.52	6.15
920.0	2.0	4.51	7.58
920.0	4.0	5.97	4.7
920.0	5.0	5.76	4.06
920.0	6.0	5.7	6.21
930.0	2.0	4.2	7.3
930.0	4.0	6.97	4.67
930.0	5.0	6.76	4.04
930.0	6.0	4.96	6.1
940.0	2.0	3.95	7.71
940.0	4.0	8.12	4.95
940.0	5.0	7.82	4.17
940.0	6.0	4.08	6.2
950.0	2.0	3.47	7.86
950.0	4.0	9.11	5.01
950.0	5.0	8.85	4.21
950.0	6.0	3.31	6.2
960.0	2.0	2.82	8.0
960.0	4.0	10.12	5.13
960.0	5.0	9.93	4.29
960.0	6.0	2.71	6.39
970.0	2.0	2.01	8.0
970.0	4.0	11.01	5.32
970.0	5.0	10.82	4.49
970.0	6.0	2.13	6.29
980.0	2.0	1.28	7.82
980.0	4.0	11.93	5.47
980.0	5.0	11.75	4.36
980.0	6.0	1.52	6.17
990.0	2.0	0.54	7.4
990.0	6.0	0.9	6.12
1000.0	2.0	-0.18	7.06
1000.0	6.0	0.48	6.01
1010.0	2.0	-0.83	6.43
1010.0	6.0	-0.29	5.95
1020.0	2.0	-1.52	6.05
1020.0	6.0	-0.75	5.65
1050.0	9.0	12.83	4.68
1050.0	10.0	12.78	5.29
1060.0	9.0	12.83	4.68
1060.0	10.0	12.78	5.29
1070.0	9.0	12.83	4.68
1070.0	10.0	12.78	5.29
1070.0	13.0	11.87	6.09
1070.0	14.0	13.2	6.51
1080.0	9.0	12.83	4.64
1080.0	10.0	12.78	5.29
1080.0	13.0	11.34	6.14
1080.0	14.0	12.54	7.0
1090.0	9.0	12.83	4.57
1090.0	10.0	12.8	5.26
1090.0	13.0	10.43	5.53
1090.0	14.0	11.94	7.22
1100.0	9.0	12.88	4.55
1100.0	10.0	12.91	5.25
1100.0	13.0	9.72	5.35
1100.0	14.0	11.29	7.42
1100.0	16.0	12.1	5.49
1110.0	13.0	8.99	5.21
1110.0	14.0	10.58	7.56
1110.0	16.0	11.21	5.8
1120.0	13.0	8.27	5.01
1120.0	14.0	9.92	7.42
1120.0	16.0	10.41	5.86
1130.0	13.0	7.58	4.9
1130.0	14.0	9.11	7.34
1130.0	16.0	9.57	5.82
1140.0	13.0	6.84	4.67
1140.0	14.0	8.35	7.32
1140.0	16.0	8.85	5.63
1150.0	13.0	6.09	4.44
1150.0	14.0	7.75	7.43
1150.0	16.0	8.01	5.6
1150.0	21.0	11.33	5.2
1160.0	13.0	5.38	4.17
1160.0	14.0	6.92	7.36
1160.0	16.0	7.24	5.38
1160.0	21.0	10.52	4.69
1170.0	13.0	4.68	3.91
1170.0	14.0	6.02	7.19
1170.0	16.0	6.62	5.39
1170.0	21.0	9.65	4.34
1180.0	13.0	4.01	3.71
1180.0	14.0	5.23	7.1
1180.0	16.0	5.77	5.36
1180.0	21.0	8.73	4.0
1190.0	13.0	3.3	3.57
1190.0	14.0	4.43	7.0
1190.0	16.0	4.99	5.22
1190.0	21.0	7.79	3.79
1200.0	13.0	2.59	3.42
1200.0	14.0	3.66	6.99
1200.0	16.0	4.16	5.19
1200.0	21.0	6.83	3.62
1210.0	13.0	1.89	3.28
1210.0	14.0	2.87	6.86
1210.0	16.0	3.41	5.0
1210.0	21.0	5.85	3.4
1220.0	13.0	1.22	3.06
1220.0	14.0	2.0	6.75
1220.0	16.0	2.54	5.01
1220.0	21.0	4.91	3.24
1220.0	22.0	11.86	5.17
1230.0	13.0	0.53	2.76
1230.0	14.0	1.19	6.6
1230.0	16.0	1.66	4.83
1230.0	21.0	3.92	3.09
1230.0	22.0	10.95	4.94
1240.0	13.0	-0.07	2.47
1240.0	14.0	0.33	6.47
1240.0	16.0	0.85	4.84
1240.0	21.0	3.05	2.8
1240.0	22.0	9.91	4.75
1250.0	22.0	8.85	4.57
1260.0	22.0	7.86	4.39
1270.0	22.0	6.83	4.22
1280.0	22.0	5.63	3.98
1280.0	23.0	9.46	5.4
1280.0	25.0	12.57	6.2
1290.0	22.0	4.67	3.78
1290.0	23.0	8.41	5.24
1290.0	25.0	10.86	6.56
1300.0	22.0	3.67	3.55
1300.0	23.0	7.35	5.18
1300.0	25.0	9.26	6.87
1310.0	22.0	2.7	3.31
1310.0	23.0	6.37	5.23
1310.0	25.0	7.85	7.19
1320.0	22.0	1.81	2.84
1320.0	23.0	5.45	5.18
1320.0	25.0	6.48	7.57
1330.0	22.0	0.82	2.5
1330.0	23.0	4.58	5.26
1330.0	25.0	5.16	7.93
1340.0	22.0	-0.05	2.23
1340.0	23.0	3.55	5.29
1340.0	25.0	3.92	8.25
1340.0	27.0	10.17	4.86
1350.0	22.0	-0.91	1.87
1350.0	23.0	2.59	5.42
1350.0	25.0	2.68	8.71
1350.0	27.0	9.21	4.56
1360.0	22.0	-2.02	1.55
1360.0	23.0	1.52	5.42
1360.0	25.0	1.38	9.14
1360.0	27.0	8.09	4.38
1370.0	23.0	0.48	5.34
1370.0	25.0	0.37	9.73
1370.0	27.0	6.97	4.29
1380.0	27.0	5.8	4.23
1390.0	27.0	4.65	4.2
1450.0	28.0	10.02	4.29
1460.0	28.0	8.88	4.1
1470.0	28.0	7.93	4.1
1480.0	28.0	7.01	4.1
1490.0	28.0	5.86	4.08
1500.0	28.0	4.87	4.04
1510.0	28.0	3.96	3.87
1520.0	28.0	2.96	3.82
1530.0	28.0	2.03	3.74
1530.0	33.0	13.1	6.2
1540.0	28.0	1.13	3.62
1540.0	33.0	12.12	6.46
1540.0	34.0	12.56	5.64
1550.0	28.0	0.2	3.61
1550.0	33.0	11.31	6.59
1550.0	34.0	11.53	5.82
1560.0	28.0	-0.72	3.51
1560.0	33.0	10.51	6.7
1560.0	34.0	10.55	5.83
1570.0	28.0	-1.79	3.53
1570.0	33.0	9.66	6.78
1570.0	34.0	9.71	5.86
1580.0	33.0	8.81	6.95
1580.0	34.0	8.85	6.02
1590.0	33.0	7.96	7.14
1590.0	34.0	7.96	6.2
1600.0	33.0	7.11	7.21
1600.0	34.0	7.14	6.22
1610.0	33.0	6.29	7.28
1610.0	34.0	6.26	6.26
1620.0	33.0	5.36	7.44
1620.0	34.0	5.2	6.39
1630.0	33.0	4.48	7.73
1630.0	34.0	4.34	6.66
1640.0	33.0	3.57	8.01
1640.0	34.0	3.47	6.93
1650.0	33.0	2.85	8.3
1650.0	34.0	2.72	7.22
1660.0	33.0	2.02	8.57
1660.0	34.0	1.65	7.59
1670.0	33.0	0.96	9.03
1670.0	34.0	0.67	8.02
1680.0	33.0	0.19	9.45
1680.0	34.0	0.01	8.48
1930.0	38.0	10.9	4.26
1940.0	38.0	9.56	3.88
1950.0	38.0	8.21	3.63
1960.0	38.0	6.86	3.4
1970.0	38.0	5.58	3.13
1980.0	38.0	4.39	3.0
1980.0	40.0	-2.42	-0.46
1990.0	38.0	2.93	2.94
1990.0	40.0	-1.9	0.3
2000.0	38.0	1.61	2.86
2000.0	40.0	-1.01	0.95
2010.0	38.0	0.37	2.62
2010.0	40.0	-0.1	1.36
2020.0	38.0	-0.8	1.92
2020.0	40.0	0.91	1.73
2030.0	38.0	-1.74	1.01
2030.0	40.0	1.84	2.14
2040.0	40.0	2.83	2.52
2050.0	40.0	3.9	2.96
2060.0	40.0	4.87	3.24
2070.0	40.0	5.84	3.5
2080.0	40.0	6.85	3.54
2090.0	40.0	7.85	3.65
2100.0	40.0	8.84	3.75
2110.0	40.0	9.86	3.79
2110.0	41.0	12.61	5.88
2120.0	40.0	10.88	3.93
2120.0	41.0	11.67	6.15
2120.0	42.0	12.54	5.16
2130.0	40.0	11.88	4.16
2130.0	41.0	10.91	5.93
2130.0	42.0	11.73	5.34
2130.0	44.0	12.92	6.06
2140.0	40.0	12.78	4.47
2140.0	41.0	9.91	6.1
2140.0	42.0	10.95	5.36
2140.0	44.0	11.83	6.18
2150.0	41.0	9.01	5.97
2150.0	42.0	10.19	5.49
2150.0	44.0	10.89	6.19
2160.0	41.0	8.15	5.91
2160.0	42.0	9.25	5.45
2160.0	44.0	10.01	6.21
2170.0	41.0	7.25	5.76
2170.0	42.0	8.38	5.43
2170.0	44.0	9.12	6.21
2180.0	41.0	6.37	5.7
2180.0	42.0	7.61	5.28
2180.0	44.0	8.24	6.2
2190.0	41.0	5.47	5.61
2190.0	42.0	6.74	5.18
2190.0	44.0	7.35	6.11
2200.0	41.0	4.55	5.52
2200.0	42.0	5.85	5.13
2200.0	44.0	6.36	5.94
2200.0	46.0	11.93	5.31
2210.0	41.0	3.67	5.44
2210.0	42.0	5.0	4.91
2210.0	44.0	5.51	5.74
2210.0	46.0	11.04	5.19
2220.0	41.0	2.77	5.24
2220.0	42.0	4.18	4.88
2220.0	44.0	4.56	5.69
2220.0	46.0	10.12	5.01
2230.0	41.0	1.95	5.14
2230.0	42.0	3.33	4.74
2230.0	44.0	3.7	5.86
2230.0	46.0	9.19	4.81
2240.0	41.0	1.06	4.93
2240.0	42.0	2.4	4.59
2240.0	44.0	2.75	5.68
2240.0	46.0	8.27	4.56
2250.0	41.0	0.11	4.65
2250.0	42.0	1.42	4.39
2250.0	44.0	1.8	5.37
2250.0	46.0	7.3	4.36
2260.0	41.0	-0.6	4.29
2260.0	42.0	0.51	4.2
2260.0	44.0	0.65	4.97
2260.0	46.0	6.35	4.26
2270.0	41.0	-1.5	3.87
2270.0	42.0	-0.32	4.03
2270.0	44.0	-0.21	4.77
2270.0	46.0	5.25	4.18
2280.0	41.0	-2.46	3.54
2280.0	42.0	-1.25	3.61
2280.0	44.0	-1.23	4.46
2280.0	46.0	4.32	4.14
2290.0	41.0	-3.12	3.39
2290.0	42.0	-1.74	3.15
2290.0	44.0	-2.04	4.48
2290.0	46.0	3.39	3.94
2300.0	46.0	2.49	3.74
2860.0	50.0	7.5	7.25
2860.0	53.0	4.66	6.69
2870.0	50.0	6.43	7.55
2870.0	53.0	5.88	6.59
2880.0	50.0	5.34	7.82
2880.0	53.0	7.16	6.58
2890.0	50.0	4.28	8.12
2890.0	53.0	8.37	6.64
2900.0	50.0	3.22	8.38
2900.0	53.0	9.59	6.68
2910.0	50.0	2.15	8.75
2910.0	53.0	10.83	6.8
2920.0	50.0	1.12	9.16
2920.0	53.0	12.24	6.7
2930.0	50.0	0.12	9.62
3100.0	61.0	12.65	5.17
3100.0	62.0	13.26	6.28
3110.0	61.0	11.91	4.78
3110.0	62.0	12.16	6.41
3120.0	61.0	11.19	4.22
3120.0	62.0	11.08	6.27
3130.0	61.0	10.19	3.71
3130.0	62.0	10.0	6.03
3140.0	61.0	9.11	3.67
3140.0	62.0	8.98	5.74
3150.0	61.0	8.21	3.76
3150.0	62.0	7.95	5.34
3160.0	61.0	7.24	3.75
3160.0	62.0	6.9	5.19
3170.0	61.0	6.24	3.71
3170.0	62.0	5.87	4.97
3180.0	61.0	5.26	3.6
3180.0	62.0	4.87	4.73
3190.0	61.0	4.19	3.4
3190.0	62.0	3.84	4.43
3200.0	61.0	3.24	3.19
3200.0	62.0	2.84	4.11
3210.0	61.0	2.47	3.11
3210.0	62.0	1.88	3.84
3220.0	61.0	1.45	2.8
3220.0	62.0	0.85	3.54
3230.0	61.0	0.52	2.39
3230.0	62.0	-0.1	3.18
3240.0	61.0	-0.48	1.97
3240.0	62.0	-1.05	2.77
3250.0	61.0	-1.24	1.33
3250.0	62.0	-1.82	2.14
3650.0	65.0	3.91	7.35
3650.0	66.0	3.87	8.27
3650.0	67.0	1.21	8.43
3660.0	65.0	3.16	7.37
3660.0	66.0	3.09	8.33
3660.0	67.0	0.4	8.89
3670.0	65.0	2.3	7.29
3670.0	66.0	2.31	8.02
3670.0	67.0	-0.34	9.52
3680.0	65.0	1.54	7.24
3680.0	66.0	1.55	7.99
3680.0	67.0	-1.06	10.11
4160.0	69.0	9.85	4.8
4170.0	69.0	8.92	4.5
4180.0	69.0	7.79	4.22
4190.0	69.0	6.65	3.94
4200.0	69.0	5.38	3.61
4200.0	71.0	-2.31	5.3
4210.0	69.0	4.37	3.45
4210.0	71.0	-1.31	5.3
4220.0	69.0	3.22	3.32
4220.0	71.0	-0.57	5.34
4220.0	74.0	12.45	4.92
4220.0	75.0	12.7	5.68
4230.0	69.0	2.07	3.13
4230.0	71.0	0.44	5.37
4230.0	74.0	11.75	4.81
4230.0	75.0	11.75	5.48
4240.0	69.0	0.96	2.92
4240.0	71.0	1.37	5.33
4240.0	74.0	10.94	4.57
4240.0	75.0	10.78	5.42
4250.0	69.0	-0.28	2.76
4250.0	71.0	2.02	5.42
4250.0	74.0	10.01	4.39
4250.0	75.0	9.84	5.12
4260.0	69.0	-1.19	2.66
4260.0	71.0	2.84	5.4
4260.0	74.0	9.07	4.16
4260.0	75.0	8.98	4.85
4270.0	71.0	3.53	5.56
4270.0	74.0	8.22	3.88
4270.0	75.0	8.17	4.5
4280.0	71.0	4.26	5.66
4280.0	74.0	7.35	3.54
4280.0	75.0	7.3	4.22
4290.0	71.0	4.83	5.75
4290.0	74.0	6.4	3.13
4290.0	75.0	6.49	3.99
4300.0	71.0	5.68	5.88
4300.0	74.0	5.56	2.96
4300.0	75.0	5.58	3.83
4310.0	71.0	6.56	5.98
4310.0	74.0	4.51	2.67
4310.0	75.0	4.59	3.59
4310.0	77.0	12.07	4.37
4320.0	71.0	7.4	6.07
4320.0	74.0	3.64	2.42
4320.0	75.0	3.7	3.34
4320.0	77.0	10.97	4.17
4330.0	71.0	8.28	6.16
4330.0	74.0	2.66	2.27
4330.0	75.0	2.72	3.13
4330.0	77.0	9.63	3.83
4330.0	79.0	-3.78	5.15
4340.0	71.0	9.16	6.16
4340.0	74.0	1.7	2.07
4340.0	75.0	1.79	2.89
4340.0	77.0	8.46	3.63
4340.0	79.0	-3.09	5.12
4350.0	71.0	9.99	6.24
4350.0	74.0	0.86	1.71
4350.0	75.0	0.85	2.58
4350.0	77.0	7.33	3.45
4350.0	79.0	-2.34	5.19
4360.0	71.0	10.91	6.06
4360.0	74.0	-0.12	1.35
4360.0	75.0	0.0	2.19
4360.0	77.0	6.04	3.25
4360.0	79.0	-1.61	5.17
4360.0	80.0	-2.27	5.91
4370.0	74.0	-0.96	0.92
4370.0	75.0	-0.84	1.71
4370.0	77.0	5.05	3.17
4370.0	79.0	-0.84	5.31
4370.0	80.0	-1.17	6.1
4380.0	77.0	3.72	3.11
4380.0	79.0	-0.13	5.27
4380.0	80.0	-0.05	6.16
4390.0	77.0	2.58	2.93
4390.0	79.0	0.61	5.36
4390.0	80.0	0.99	6.37
4400.0	77.0	1.36	2.87
4400.0	79.0	1.38	5.43
4400.0	80.0	2.36	6.36
4410.0	77.0	0.25	2.74
4410.0	79.0	2.19	5.68
4410.0	80.0	3.48	6.2
4420.0	77.0	-0.86	2.63
4420.0	79.0	2.94	5.83
4420.0	80.0	4.62	6.28
4420.0	81.0	-4.98	5.09
4430.0	77.0	-1.98	2.65
4430.0	79.0	3.73	5.95
4430.0	80.0	5.82	6.19
4430.0	81.0	-3.95	5.06
4440.0	77.0	-3.16	2.63
4440.0	79.0	4.53	6.04
4440.0	80.0	7.0	6.02
4440.0	81.0	-2.81	5.08
4450.0	79.0	5.37	6.03
4450.0	80.0	8.09	5.86
4450.0	81.0	-1.57	5.15
4460.0	79.0	6.19	6.0
4460.0	80.0	9.32	5.73
4460.0	81.0	-0.39	5.22
4460.0	82.0	-3.79	6.99
4470.0	79.0	7.09	6.0
4470.0	80.0	10.55	5.79
4470.0	81.0	0.74	5.28
4470.0	82.0	-3.09	7.02
4480.0	79.0	7.95	5.99
4480.0	80.0	11.69	5.87
4480.0	81.0	1.83	5.31
4480.0	82.0	-1.93	7.07
4490.0	79.0	8.8	6.04
4490.0	81.0	2.99	5.3
4490.0	82.0	-0.92	7.11
4500.0	79.0	9.68	6.04
4500.0	81.0	4.22	5.27
4500.0	82.0	0.2	7.0
4510.0	79.0	10.51	5.99
4510.0	81.0	5.34	5.27
4510.0	82.0	1.21	6.83
4520.0	79.0	11.33	5.98
4520.0	81.0	6.52	5.29
4520.0	82.0	2.24	6.75
4530.0	81.0	7.72	5.23
4530.0	82.0	3.27	6.62
4540.0	81.0	8.91	5.18
4540.0	82.0	4.37	6.56
4550.0	81.0	10.09	5.25
4550.0	82.0	5.48	6.48
4560.0	81.0	11.27	5.37
4560.0	82.0	6.56	6.35
4570.0	81.0	12.43	5.45
4570.0	82.0	7.6	6.12
4580.0	82.0	8.68	5.94
4590.0	82.0	9.78	5.78
4600.0	82.0	10.9	5.63
4600.0	83.0	11.39	4.7
4610.0	82.0	11.99	5.62
4610.0	83.0	10.34	4.58
4620.0	83.0	9.27	4.51
4630.0	83.0	8.27	4.54
4630.0	84.0	-0.73	9.29
4640.0	83.0	7.33	4.47
4640.0	84.0	0.02	8.92
4650.0	83.0	6.34	4.41
4650.0	84.0	0.76	8.61
4660.0	83.0	5.35	4.26
4660.0	84.0	1.53	8.26
4670.0	83.0	4.41	4.12
4670.0	84.0	2.33	7.84
4680.0	83.0	3.47	4.01
4680.0	84.0	3.12	7.46
4690.0	83.0	2.48	3.77
4690.0	84.0	3.96	6.94
4700.0	83.0	1.49	3.66
4700.0	84.0	4.78	6.54
4700.0	86.0	12.34	4.79
4710.0	83.0	0.54	3.59
4710.0	84.0	5.59	6.18
4710.0	86.0	11.33	4.49
4720.0	83.0	-0.46	3.52
4720.0	84.0	6.43	5.93
4720.0	86.0	10.11	4.23
4720.0	87.0	11.99	5.08
4730.0	83.0	-1.5	3.48
4730.0	84.0	7.29	5.8
4730.0	86.0	8.97	3.78
4730.0	87.0	10.88	4.72
4730.0	90.0	0.43	9.54
4740.0	84.0	8.15	5.66
4740.0	86.0	7.82	3.49
4740.0	87.0	9.71	4.49
4740.0	90.0	1.48	9.08
4750.0	84.0	9.04	5.58
4750.0	86.0	6.69	3.26
4750.0	87.0	8.67	4.07
4750.0	90.0	2.68	8.69
4760.0	84.0	9.92	5.56
4760.0	86.0	5.47	2.95
4760.0	87.0	7.51	3.81
4760.0	90.0	3.8	8.3
4770.0	84.0	10.78	5.43
4770.0	86.0	4.38	2.77
4770.0	87.0	6.36	3.69
4770.0	90.0	4.95	7.72
4780.0	84.0	11.67	5.1
4780.0	86.0	3.13	2.55
4780.0	87.0	5.29	3.39
4780.0	90.0	6.16	7.25
4790.0	86.0	2.03	2.18
4790.0	87.0	4.51	3.22
4790.0	90.0	7.5	6.89
4800.0	86.0	0.99	1.77
4800.0	87.0	3.13	3.03
4800.0	90.0	8.69	6.58
4810.0	86.0	0.17	1.22
4810.0	87.0	2.05	2.82
4810.0	90.0	9.93	6.24
4810.0	92.0	-1.3	4.98
4810.0	93.0	-1.39	5.59
4810.0	94.0	-1.99	7.08
4820.0	86.0	-0.75	0.55
4820.0	87.0	1.21	2.55
4820.0	90.0	11.06	5.98
4820.0	92.0	-0.35	5.08
4820.0	93.0	-0.44	5.66
4820.0	94.0	-1.15	6.96
4830.0	86.0	-1.75	0.04
4830.0	87.0	0.22	2.4
4830.0	90.0	12.31	5.85
4830.0	92.0	0.44	4.92
4830.0	93.0	0.54	5.65
4830.0	94.0	-0.36	6.78
4840.0	86.0	-2.32	-0.63
4840.0	87.0	-0.65	2.05
4840.0	92.0	1.37	4.93
4840.0	93.0	1.48	5.65
4840.0	94.0	0.54	6.69
4850.0	86.0	-2.96	-1.43
4850.0	87.0	-1.57	1.41
4850.0	92.0	2.36	4.92
4850.0	93.0	2.46	5.61
4850.0	94.0	1.42	6.66
4860.0	86.0	-3.54	-2.3
4860.0	87.0	-2.41	0.9
4860.0	92.0	3.37	4.89
4860.0	93.0	3.46	5.59
4860.0	94.0	2.32	6.59
4870.0	86.0	-4.16	-3.17
4870.0	87.0	-3.09	0.16
4870.0	92.0	4.28	5.0
4870.0	93.0	4.48	5.51
4870.0	94.0	3.21	6.5
4880.0	87.0	-3.89	-0.7
4880.0	92.0	5.18	4.87
4880.0	93.0	5.46	5.48
4880.0	94.0	4.09	6.36
4890.0	92.0	6.06	4.82
4890.0	93.0	6.37	5.56
4890.0	94.0	5.0	6.27
4900.0	92.0	7.05	4.78
4900.0	93.0	7.25	5.6
4900.0	94.0	5.87	6.19
4910.0	92.0	8.03	4.84
4910.0	93.0	8.2	5.55
4910.0	94.0	6.74	6.04
4920.0	92.0	8.95	4.89
4920.0	93.0	9.19	5.57
4920.0	94.0	7.6	5.96
4930.0	92.0	9.9	4.89
4930.0	93.0	10.13	5.53
4930.0	94.0	8.44	5.85
4940.0	92.0	10.78	4.87
4940.0	93.0	10.83	5.46
4940.0	94.0	9.31	5.79
4940.0	99.0	12.92	6.28
4950.0	92.0	11.69	4.85
4950.0	93.0	11.71	5.4
4950.0	94.0	10.11	5.73
4950.0	99.0	12.12	6.43
4960.0	92.0	12.57	4.81
4960.0	93.0	12.09	5.42
4960.0	94.0	10.86	5.63
4960.0	99.0	11.39	6.5
4960.0	100.0	12.77	6.74
4970.0	93.0	12.85	5.18
4970.0	94.0	11.57	5.56
4970.0	99.0	10.6	6.58
4970.0	100.0	12.13	6.85
4970.0	101.0	12.72	6.41
4980.0	94.0	12.21	5.42
4980.0	99.0	9.86	6.49
4980.0	100.0	11.45	7.19
4980.0	101.0	11.61	6.48
4990.0	99.0	9.06	6.47
4990.0	100.0	10.55	7.25
4990.0	101.0	10.72	6.53
5110.0	105.0	3.54	6.15
5110.0	109.0	-3.07	4.58
5110.0	110.0	-3.0	5.3
5120.0	105.0	2.68	5.6
5120.0	109.0	-2.13	4.72
5120.0	110.0	-2.07	5.44
5130.0	105.0	1.86	5.08
5130.0	109.0	-1.17	4.92
5130.0	110.0	-1.12	5.6
5140.0	105.0	1.07	4.58
5140.0	109.0	-0.39	5.24
5140.0	110.0	-0.39	5.84
5150.0	105.0	0.24	4.05
5150.0	109.0	0.49	5.53
5150.0	110.0	0.53	6.07
5150.0	111.0	-2.12	-0.54
5160.0	105.0	-0.62	3.57
5160.0	109.0	1.33	5.71
5160.0	110.0	1.4	6.25
5160.0	111.0	-1.59	0.07
5170.0	105.0	-1.35	2.88
5170.0	109.0	2.04	5.75
5170.0	110.0	2.23	6.32
5170.0	111.0	-0.75	0.49
5180.0	105.0	-2.14	2.15
5180.0	109.0	2.95	5.76
5180.0	110.0	3.11	6.3
5180.0	111.0	0.16	1.04
5190.0	109.0	3.86	5.77
5190.0	110.0	3.98	6.28
5190.0	111.0	0.89	1.25
5200.0	109.0	4.75	5.76
5200.0	110.0	4.87	6.27
5200.0	111.0	1.76	1.49
5210.0	109.0	5.66	5.71
5210.0	110.0	5.82	6.19
5210.0	111.0	2.61	1.91
5220.0	109.0	6.56	5.68
5220.0	110.0	6.71	6.14
5220.0	111.0	3.48	2.22
5230.0	109.0	7.49	5.64
5230.0	110.0	7.65	6.13
5230.0	111.0	4.4	2.41
5240.0	109.0	8.41	5.61
5240.0	110.0	8.56	6.09
5240.0	111.0	5.35	2.49
5250.0	109.0	9.3	5.6
5250.0	110.0	9.48	5.95
5250.0	111.0	6.29	2.54
5260.0	109.0	10.17	5.53
5260.0	110.0	10.46	6.1
5260.0	111.0	7.07	2.5
5270.0	109.0	11.04	5.45
5270.0	110.0	11.36	6.02
5270.0	111.0	8.07	2.63
5280.0	109.0	11.95	5.4
5280.0	110.0	12.21	5.97
5280.0	111.0	8.86	2.95
5290.0	109.0	13.01	5.22
5290.0	110.0	12.95	5.87
5290.0	111.0	9.87	3.25
5300.0	111.0	10.62	3.75
5310.0	111.0	11.61	4.17
5400.0	113.0	12.43	6.53
5410.0	113.0	11.74	6.57
5420.0	113.0	11.01	6.55
5430.0	113.0	10.22	6.55
5430.0	115.0	-1.73	0.53
5440.0	113.0	9.35	6.56
5440.0	115.0	-1.73	0.53
5440.0	116.0	-0.55	1.19
5450.0	113.0	8.52	6.54
5450.0	116.0	0.59	1.83
5460.0	113.0	7.68	6.52
5460.0	116.0	1.71	2.36
5470.0	113.0	6.89	6.39
5470.0	116.0	2.95	2.92
5470.0	117.0	-2.57	0.9
5480.0	113.0	6.06	6.39
5480.0	116.0	4.11	3.44
5480.0	117.0	-1.84	1.77
5490.0	113.0	5.22	6.47
5490.0	116.0	5.35	3.85
5490.0	117.0	-1.21	2.35
5490.0	118.0	-2.63	-0.35
5500.0	113.0	4.42	6.48
5500.0	116.0	6.63	4.07
5500.0	117.0	-0.32	2.93
5500.0	118.0	-1.87	0.36
5510.0	113.0	3.56	6.61
5510.0	116.0	7.79	4.31
5510.0	117.0	0.45	3.38
5510.0	118.0	-1.0	1.07
5520.0	113.0	2.75	6.75
5520.0	116.0	8.96	4.5
5520.0	117.0	1.47	3.73
5520.0	118.0	-0.2	1.73
5530.0	113.0	1.94	6.87
5530.0	116.0	10.18	4.59
5530.0	117.0	2.47	3.9
5530.0	118.0	0.59	2.43
5540.0	113.0	1.12	7.05
5540.0	116.0	11.38	4.8
5540.0	117.0	3.63	4.02
5540.0	118.0	1.49	2.91
5550.0	113.0	0.28	7.12
5550.0	116.0	12.59	4.98
5550.0	117.0	4.61	4.1
5550.0	118.0	2.49	3.26
5550.0	119.0	12.96	6.37
5560.0	113.0	-0.5	7.2
5560.0	117.0	5.68	4.19
5560.0	118.0	3.52	3.43
5560.0	119.0	11.82	6.79
5570.0	113.0	-1.23	7.22
5570.0	117.0	6.69	4.34
5570.0	118.0	4.5	3.63
5570.0	119.0	11.13	7.19
5580.0	117.0	7.8	4.45
5580.0	118.0	5.52	3.93
5580.0	119.0	10.54	7.55
5590.0	117.0	8.86	4.63
5590.0	118.0	6.54	4.19
5590.0	119.0	9.73	7.84
5600.0	117.0	9.95	4.89
5600.0	118.0	7.59	4.42
5600.0	119.0	8.8	8.01
5610.0	117.0	11.02	5.1
5610.0	118.0	8.66	4.68
5610.0	119.0	7.78	8.0
5620.0	117.0	12.04	5.13
5620.0	118.0	9.69	4.92
5620.0	119.0	6.78	8.05
5620.0	120.0	12.13	6.5
5630.0	117.0	13.25	4.97
5630.0	118.0	10.71	5.27
5630.0	119.0	5.76	8.12
5630.0	120.0	11.31	6.81
6340.0	123.0	-2.46	5.21
6340.0	124.0	9.9	6.58
6350.0	123.0	-1.66	5.08
6350.0	124.0	8.75	6.63
6360.0	123.0	-0.88	4.85
6360.0	124.0	7.57	6.61
6370.0	123.0	0.08	4.78
6370.0	124.0	6.4	6.47
6380.0	123.0	1.02	4.72
6380.0	124.0	5.26	6.28
6390.0	123.0	1.94	4.67
6390.0	124.0	4.11	6.12
6400.0	123.0	2.92	4.57
6400.0	124.0	2.99	6.0
6410.0	123.0	3.83	4.5
6410.0	124.0	1.85	5.79
6420.0	123.0	4.81	4.47
6420.0	124.0	0.75	5.5
6420.0	127.0	-5.45	7.31
6430.0	123.0	5.75	4.33
6430.0	124.0	-0.28	5.05
6430.0	127.0	-4.56	7.42
6440.0	123.0	6.69	4.38
6440.0	124.0	-1.26	4.41
6440.0	127.0	-3.66	7.48
6450.0	123.0	7.62	4.43
6450.0	124.0	-2.33	3.58
6450.0	127.0	-2.72	7.42
6460.0	123.0	8.54	4.68
6460.0	127.0	-1.59	7.31
6470.0	123.0	9.45	4.91
6470.0	127.0	-0.59	7.22
6480.0	123.0	10.37	5.02
6480.0	127.0	0.36	7.14
6480.0	128.0	-1.72	4.83
6490.0	123.0	11.32	5.15
6490.0	127.0	1.32	7.05
6490.0	128.0	-0.44	4.6
6500.0	123.0	12.31	5.24
6500.0	127.0	2.28	6.9
6500.0	128.0	0.86	4.38
6510.0	127.0	3.16	6.66
6510.0	128.0	1.97	4.17
6520.0	127.0	4.1	6.43
6520.0	128.0	3.14	3.96
6530.0	127.0	5.01	6.31
6530.0	128.0	4.32	3.75
6540.0	127.0	5.92	6.23
6540.0	128.0	5.47	3.64
6550.0	127.0	6.84	6.22
6550.0	128.0	6.59	3.66
6560.0	127.0	7.72	6.19
6560.0	128.0	7.61	3.69
6570.0	127.0	8.67	6.17
6570.0	128.0	8.6	3.76
6580.0	127.0	9.53	6.23
6580.0	128.0	9.57	3.81
6590.0	127.0	10.39	6.23
6590.0	128.0	10.73	4.13
6600.0	127.0	11.2	6.25
6600.0	128.0	11.97	4.52
6610.0	127.0	12.02	6.08
6610.0	128.0	13.11	4.93
6800.0	131.0	10.84	4.88
6810.0	131.0	9.76	4.68
6810.0	132.0	11.98	5.84
6820.0	131.0	8.72	4.51
6820.0	132.0	10.83	5.96
6830.0	131.0	7.6	4.33
6830.0	132.0	9.66	6.05
6830.0	134.0	-2.27	11.61
6830.0	135.0	-3.17	-1.27
6840.0	131.0	6.53	4.24
6840.0	132.0	8.51	6.16
6840.0	134.0	-1.42	10.84
6840.0	135.0	-2.52	-0.43
6850.0	131.0	5.44	4.12
6850.0	132.0	7.34	6.15
6850.0	134.0	-0.34	10.17
6850.0	135.0	-1.81	0.36
6860.0	131.0	4.38	3.96
6860.0	132.0	6.18	6.15
6860.0	134.0	0.61	9.59
6860.0	135.0	-0.95	1.04
6870.0	131.0	3.26	3.88
6870.0	132.0	4.99	6.22
6870.0	134.0	1.75	9.22
6870.0	135.0	-0.02	1.46
6880.0	131.0	2.19	3.76
6880.0	132.0	3.86	6.24
6880.0	134.0	2.87	9.05
6880.0	135.0	0.79	1.81
6890.0	131.0	1.06	3.58
6890.0	132.0	2.58	6.29
6890.0	134.0	4.13	8.74
6890.0	135.0	1.66	2.2
6900.0	131.0	0.11	3.29
6900.0	132.0	1.41	6.37
6900.0	134.0	5.25	8.44
6900.0	135.0	2.71	2.55
6910.0	131.0	-0.85	2.95
6910.0	132.0	0.31	6.42
6910.0	134.0	6.36	8.22
6910.0	135.0	3.57	2.7
6920.0	131.0	-1.72	2.51
6920.0	132.0	-0.93	6.39
6920.0	134.0	7.55	7.8
6920.0	135.0	4.45	2.93
6930.0	131.0	-2.58	1.89
6930.0	132.0	-2.03	6.35
6930.0	134.0	8.71	7.38
6930.0	135.0	5.24	2.99
6940.0	131.0	-3.48	1.24
6940.0	132.0	-3.08	6.52
6940.0	134.0	9.81	6.97
6940.0	135.0	6.3	3.16
6950.0	131.0	-4.1	0.5
6950.0	132.0	-4.13	6.77
6950.0	134.0	10.99	6.53
6950.0	135.0	7.17	3.48
6960.0	134.0	12.13	6.19
6960.0	135.0	8.06	3.98
6970.0	134.0	13.11	5.88
6970.0	135.0	8.89	4.5
6980.0	135.0	9.86	4.68
6980.0	142.0	-5.15	4.12
6980.0	143.0	-4.93	5.21
6990.0	135.0	10.91	4.82
6990.0	142.0	-4.25	4.15
6990.0	143.0	-3.95	5.24
7000.0	135.0	12.04	5.07
7000.0	142.0	-3.43	4.22
7000.0	143.0	-2.91	5.21
7010.0	142.0	-2.38	4.37
7010.0	143.0	-2.01	5.18
7020.0	142.0	-1.45	4.36
7020.0	143.0	-1.24	5.07
7030.0	142.0	-0.26	4.33
7030.0	143.0	-0.26	5.12
7040.0	142.0	0.78	4.31
7040.0	143.0	0.77	5.11
7050.0	142.0	1.83	4.35
7050.0	143.0	1.84	5.16
7060.0	142.0	2.9	4.47
7060.0	143.0	2.84	5.46
7070.0	142.0	3.88	4.61
7070.0	143.0	3.89	5.42
7080.0	142.0	4.88	4.69
7080.0	143.0	4.89	5.51
7090.0	142.0	5.94	4.73
7090.0	143.0	5.95	5.57
7100.0	142.0	6.89	4.75
7100.0	143.0	6.87	5.57
7110.0	142.0	7.58	4.77
7110.0	143.0	7.45	5.61
7120.0	142.0	8.47	4.88
7120.0	143.0	8.16	5.58
7130.0	142.0	9.53	4.93
7130.0	143.0	8.77	5.26
7140.0	142.0	10.5	5.17
7140.0	143.0	9.53	4.71
7150.0	142.0	11.59	5.09
7150.0	143.0	10.61	4.37
7160.0	142.0	12.37	5.33
7160.0	143.0	11.72	4.44
7300.0	145.0	-1.58	3.42
7300.0	146.0	-1.88	4.28
7310.0	145.0	-0.56	3.49
7310.0	146.0	-0.89	4.33
7320.0	145.0	0.55	3.54
7320.0	146.0	0.35	4.33
7330.0	145.0	1.65	3.56
7330.0	146.0	1.42	4.38
7340.0	145.0	2.73	3.57
7340.0	146.0	2.52	4.43
7350.0	145.0	3.84	3.63
7350.0	146.0	3.65	4.47
7360.0	145.0	4.97	3.72
7360.0	146.0	4.79	4.55
7370.0	145.0	6.12	3.73
7370.0	146.0	5.97	4.59
7370.0	149.0	12.67	6.34
7380.0	145.0	7.26	3.83
7380.0	146.0	7.08	4.71
7380.0	149.0	11.58	6.88
7390.0	145.0	8.4	3.94
7390.0	146.0	8.2	4.88
7390.0	149.0	10.56	7.08
7400.0	145.0	9.56	4.16
7400.0	146.0	9.35	5.08
7400.0	149.0	9.61	7.49
7400.0	151.0	12.46	5.79
7410.0	145.0	10.6	4.41
7410.0	146.0	10.5	5.31
7410.0	149.0	8.55	7.66
7410.0	151.0	11.28	6.05
7420.0	145.0	11.78	4.67
7420.0	146.0	11.6	5.43
7420.0	149.0	7.39	7.61
7420.0	151.0	10.27	6.03
7430.0	145.0	12.97	4.67
7430.0	146.0	12.44	5.54
7430.0	149.0	6.33	7.69
7430.0	151.0	9.24	6.07
7440.0	149.0	5.37	7.91
7440.0	151.0	8.24	6.23
7450.0	149.0	4.29	7.78
7450.0	151.0	7.25	6.28
7460.0	149.0	3.19	7.76
7460.0	151.0	6.2	6.48
7460.0	153.0	-3.01	4.24
7460.0	154.0	-2.94	4.95
7460.0	155.0	-4.31	6.75
7470.0	149.0	2.08	7.81
7470.0	151.0	5.13	6.76
7470.0	153.0	-1.82	4.28
7470.0	154.0	-1.84	5.0
7470.0	155.0	-3.18	6.63
7480.0	149.0	1.05	7.92
7480.0	151.0	4.11	7.07
7480.0	153.0	-0.62	4.17
7480.0	154.0	-0.78	4.85
7480.0	155.0	-1.95	6.49
7490.0	149.0	-0.15	7.9
7490.0	151.0	3.09	7.31
7490.0	153.0	0.54	4.21
7490.0	154.0	0.39	4.85
7490.0	155.0	-0.84	6.25
7500.0	149.0	-1.28	7.96
7500.0	151.0	2.03	7.35
7500.0	153.0	1.79	4.29
7500.0	154.0	1.62	4.96
7500.0	155.0	0.54	6.11
7510.0	149.0	-2.09	7.86
7510.0	151.0	0.96	7.34
7510.0	153.0	3.02	4.3
7510.0	154.0	2.79	5.18
7510.0	155.0	1.6	6.14
7520.0	153.0	4.19	4.38
7520.0	154.0	3.99	5.28
7520.0	155.0	2.76	6.17
7530.0	153.0	5.43	4.46
7530.0	154.0	5.26	5.32
7530.0	155.0	3.91	6.18
7540.0	153.0	6.62	4.46
7540.0	154.0	6.45	5.31
7540.0	155.0	5.12	6.3
7550.0	153.0	7.8	4.49
7550.0	154.0	7.63	5.33
7550.0	155.0	6.38	6.33
7560.0	153.0	9.0	4.57
7560.0	154.0	8.83	5.39
7560.0	155.0	7.61	6.31
7570.0	153.0	10.18	4.63
7570.0	154.0	10.02	5.41
7570.0	155.0	8.8	6.31
7580.0	153.0	11.32	4.65
7580.0	154.0	11.17	5.36
7580.0	155.0	9.89	6.22
7580.0	156.0	12.44	6.66
7590.0	153.0	12.31	4.71
7590.0	154.0	12.27	5.36
7590.0	155.0	11.09	6.13
7590.0	156.0	11.16	6.91
7600.0	153.0	13.37	4.87
7600.0	154.0	13.09	5.78
7600.0	155.0	12.86	5.39
7600.0	156.0	10.08	6.75
7610.0	156.0	8.78	6.75
7620.0	156.0	7.64	6.72
7630.0	156.0	6.47	6.55
7630.0	157.0	0.12	1.45
7640.0	156.0	5.29	6.36
7640.0	157.0	1.09	1.97
7650.0	156.0	4.15	6.29
7650.0	157.0	2.04	2.34
7660.0	156.0	2.88	6.25
7660.0	157.0	3.01	2.68
7670.0	156.0	1.64	6.22
7670.0	157.0	4.12	2.91
7680.0	156.0	0.68	6.23
7680.0	157.0	5.19	3.1
7690.0	156.0	-0.61	6.33
7690.0	157.0	6.3	3.48
7700.0	156.0	-1.73	6.5
7700.0	157.0	7.35	3.71
7710.0	157.0	8.37	4.04
7720.0	157.0	9.38	4.36
7730.0	157.0	10.42	4.56
7740.0	157.0	11.51	4.71
7750.0	157.0	12.6	4.93
7750.0	159.0	-1.09	5.33
7760.0	159.0	-0.07	5.35
7770.0	159.0	1.04	5.35
7770.0	160.0	11.65	5.63
7780.0	159.0	2.08	5.27
7780.0	160.0	10.51	5.29
7780.0	161.0	-2.56	0.25
7780.0	162.0	12.88	5.97
7790.0	159.0	3.18	5.27
7790.0	160.0	9.64	5.15
7790.0	161.0	-1.67	0.89
7790.0	162.0	11.72	6.08
7800.0	159.0	4.17	5.24
7800.0	160.0	8.54	4.92
7800.0	161.0	-0.69	1.4
7800.0	162.0	10.57	6.15
7810.0	159.0	5.29	5.23
7810.0	160.0	7.51	4.68
7810.0	161.0	0.35	1.84
7810.0	162.0	9.34	6.25
7820.0	159.0	6.3	5.26
7820.0	160.0	6.63	4.4
7820.0	161.0	1.41	2.23
7820.0	162.0	8.11	6.34
7830.0	159.0	7.36	5.24
7830.0	160.0	5.51	4.05
7830.0	161.0	2.47	2.63
7830.0	162.0	6.9	6.33
7840.0	159.0	8.32	5.31
7840.0	160.0	4.49	3.78
7840.0	161.0	3.62	2.89
7840.0	162.0	5.69	6.29
7850.0	159.0	9.37	5.38
7850.0	160.0	3.46	3.67
7850.0	161.0	4.69	3.0
7850.0	162.0	4.46	6.32
7860.0	159.0	10.44	5.49
7860.0	160.0	2.49	3.36
7860.0	161.0	5.84	3.25
7860.0	162.0	3.27	6.41
7870.0	159.0	11.52	5.6
7870.0	160.0	1.48	3.15
7870.0	161.0	7.0	3.52
7870.0	162.0	2.1	6.5
7880.0	159.0	12.53	5.69
7880.0	160.0	0.57	2.94
7880.0	161.0	8.09	3.93
7880.0	162.0	0.96	6.66
7890.0	160.0	-0.52	2.66
7890.0	161.0	9.18	4.4
7890.0	162.0	-0.25	6.82
7900.0	160.0	-1.6	2.59
7900.0	161.0	10.34	4.77
7900.0	162.0	-1.44	6.92
7910.0	160.0	-2.74	2.61
7910.0	161.0	11.4	5.2
7910.0	162.0	-2.49	6.89
7920.0	160.0	-3.88	2.77
7920.0	161.0	12.48	5.53
7920.0	162.0	-3.69	6.98
7930.0	160.0	-4.63	3.06
7930.0	161.0	13.47	5.74
7930.0	162.0	-4.76	6.88
8090.0	168.0	7.09	2.86
8100.0	168.0	5.8	2.73
8110.0	168.0	4.62	2.68
8120.0	168.0	3.4	2.76
8120.0	170.0	-2.04	0.21
8130.0	168.0	2.28	2.86
8130.0	170.0	-1.28	0.73
8140.0	168.0	1.22	2.78
8140.0	170.0	-0.39	1.2
8150.0	168.0	0.14	2.6
8150.0	170.0	0.52	1.64
8160.0	168.0	-1.03	2.03
8160.0	170.0	1.42	2.07
8170.0	168.0	-1.4	1.81
8170.0	170.0	2.36	2.53
8180.0	170.0	3.21	3.01
8190.0	170.0	4.04	3.44
8200.0	170.0	4.94	3.81
8210.0	170.0	5.87	4.15
8220.0	170.0	6.95	4.31
8230.0	170.0	7.98	4.49
8240.0	170.0	9.07	4.73
8250.0	170.0	10.33	4.92
8260.0	170.0	11.45	5.1
8270.0	170.0	12.62	5.21
8280.0	170.0	13.68	5.47
8290.0	175.0	-1.98	0.1
8300.0	175.0	-1.19	0.75
8310.0	175.0	-0.37	1.29
8320.0	175.0	0.53	1.7
8330.0	175.0	1.5	2.13
8340.0	175.0	2.4	2.45
8350.0	175.0	3.47	2.82
8360.0	175.0	4.44	3.03
8370.0	175.0	5.39	3.23
8370.0	176.0	12.82	5.69
8380.0	175.0	6.43	3.44
8380.0	176.0	11.27	6.07
8390.0	175.0	7.47	3.7
8390.0	176.0	9.83	6.14
8400.0	175.0	8.48	4.0
8400.0	176.0	8.42	6.28
8400.0	180.0	-0.79	4.28
8410.0	175.0	9.5	4.38
8410.0	176.0	7.06	6.38
8410.0	180.0	0.23	4.24
8420.0	175.0	10.48	4.72
8420.0	176.0	5.67	6.53
8420.0	180.0	1.22	4.26
8430.0	175.0	11.54	4.97
8430.0	176.0	4.37	6.71
8430.0	180.0	2.26	4.23
8440.0	175.0	12.66	5.2
8440.0	176.0	2.98	6.81
8440.0	180.0	3.33	4.17
8450.0	175.0	14.15	5.64
8450.0	176.0	1.54	6.74
8450.0	180.0	4.28	4.22
8460.0	176.0	0.27	6.65
8460.0	180.0	5.27	4.2
8460.0	186.0	-3.14	7.07
8460.0	187.0	-2.98	8.82
8460.0	188.0	-2.8	9.5
8470.0	176.0	-0.92	6.69
8470.0	180.0	6.26	4.23
8470.0	186.0	-2.18	7.19
8470.0	187.0	-2.01	8.65
8470.0	188.0	-1.84	9.34
8480.0	176.0	-2.37	6.69
8480.0	180.0	7.39	4.3
8480.0	186.0	-0.95	7.39
8480.0	187.0	-1.04	8.39
8480.0	188.0	-0.83	9.14
8480.0	189.0	11.99	7.34
8490.0	176.0	-3.57	6.9
8490.0	180.0	8.47	4.33
8490.0	186.0	0.19	7.2
8490.0	187.0	-0.05	8.14
8490.0	188.0	0.15	8.94
8490.0	189.0	10.63	7.83
8490.0	190.0	-2.64	3.35
8500.0	180.0	9.47	4.39
8500.0	186.0	1.29	6.99
8500.0	187.0	0.89	7.95
8500.0	188.0	1.14	8.69
8500.0	189.0	9.12	7.55
8500.0	190.0	-1.35	3.64
8510.0	180.0	10.47	4.5
8510.0	186.0	2.35	6.75
8510.0	187.0	2.01	7.83
8510.0	188.0	2.08	8.5
8510.0	189.0	7.59	6.74
8510.0	190.0	-0.31	3.89
8520.0	180.0	11.43	4.61
8520.0	186.0	3.23	6.56
8520.0	187.0	3.04	7.62
8520.0	188.0	3.08	8.22
8520.0	189.0	5.78	5.51
8520.0	190.0	0.67	4.18
8530.0	180.0	12.24	4.79
8530.0	186.0	4.05	6.39
8530.0	187.0	3.97	7.38
8530.0	188.0	4.02	8.07
8530.0	189.0	3.79	4.2
8530.0	190.0	1.69	4.5
8540.0	180.0	12.96	4.89
8540.0	186.0	5.06	6.38
8540.0	187.0	4.85	7.25
8540.0	188.0	5.05	7.85
8540.0	189.0	1.63	3.01
8540.0	190.0	2.78	4.77
8550.0	180.0	13.37	4.96
8550.0	186.0	6.15	6.07
8550.0	187.0	5.81	7.03
8550.0	188.0	6.02	7.58
8550.0	189.0	-0.52	1.78
8550.0	190.0	3.83	4.9
8560.0	186.0	7.14	5.8
8560.0	187.0	6.75	6.83
8560.0	188.0	6.96	7.36
8560.0	189.0	-2.55	0.26
8560.0	190.0	4.86	5.01
8570.0	186.0	8.05	5.51
8570.0	187.0	7.64	6.68
8570.0	188.0	7.87	7.16
8570.0	189.0	-4.58	-1.35
8570.0	190.0	5.92	5.15
8580.0	186.0	8.92	5.48
8580.0	187.0	8.54	6.5
8580.0	188.0	8.96	7.12
8580.0	190.0	6.92	5.25
8590.0	186.0	9.79	5.34
8590.0	187.0	9.42	6.35
8590.0	188.0	9.86	6.97
8590.0	190.0	7.93	5.35
8600.0	186.0	10.6	5.04
8600.0	187.0	10.28	6.21
8600.0	188.0	10.74	6.82
8600.0	190.0	8.98	5.4
8610.0	186.0	11.45	5.1
8610.0	187.0	11.07	6.04
8610.0	188.0	11.51	6.66
8610.0	190.0	9.94	5.5
8620.0	186.0	12.3	4.95
8620.0	187.0	11.79	5.96
8620.0	188.0	12.22	6.55
8620.0	190.0	10.73	5.55
8710.0	193.0	9.74	7.75
8720.0	193.0	8.73	7.9
8730.0	193.0	7.75	7.99
8740.0	193.0	6.75	7.95
8750.0	193.0	5.75	7.85
8760.0	193.0	4.79	7.82
8770.0	193.0	3.77	7.91
8780.0	193.0	2.79	8.16
8790.0	193.0	1.8	8.45
8800.0	193.0	1.34	9.1
8810.0	193.0	0.53	9.5
8890.0	195.0	12.71	4.95
8900.0	195.0	11.82	4.59
8900.0	196.0	13.43	5.21
8910.0	195.0	10.96	4.34
8910.0	196.0	12.66	5.11
8910.0	197.0	12.43	6.04
8920.0	195.0	9.86	4.25
8920.0	196.0	11.82	4.85
8920.0	197.0	11.5	6.03
8930.0	195.0	9.11	4.13
8930.0	196.0	10.98	4.75
8930.0	197.0	10.81	5.8
8940.0	195.0	8.16	3.99
8940.0	196.0	10.18	4.55
8940.0	197.0	10.28	5.52
8940.0	199.0	-1.31	4.48
8940.0	200.0	13.26	5.37
8950.0	195.0	7.27	3.93
8950.0	196.0	9.41	4.41
8950.0	197.0	9.8	5.22
8950.0	199.0	-0.13	4.59
8950.0	200.0	12.39	4.74
8960.0	195.0	6.39	3.81
8960.0	196.0	8.72	4.26
8960.0	197.0	8.97	4.98
8960.0	199.0	1.08	4.71
8960.0	200.0	11.65	4.3
8960.0	201.0	12.01	6.94
8970.0	195.0	5.51	3.66
8970.0	196.0	7.99	4.03
8970.0	197.0	8.18	4.88
8970.0	199.0	2.28	4.86
8970.0	200.0	10.84	3.93
8970.0	201.0	10.89	7.38
8980.0	195.0	4.64	3.51
8980.0	196.0	7.2	3.96
8980.0	197.0	7.24	4.8
8980.0	199.0	3.45	5.07
8980.0	200.0	10.01	3.66
8980.0	201.0	9.92	7.71
8990.0	195.0	3.69	3.38
8990.0	196.0	6.39	3.77
8990.0	197.0	6.35	4.58
8990.0	199.0	4.64	5.32
8990.0	200.0	9.19	3.51
8990.0	201.0	8.79	8.03
8990.0	204.0	-2.58	4.48
9000.0	195.0	2.82	3.19
9000.0	196.0	5.5	3.53
9000.0	197.0	5.42	4.35
9000.0	199.0	5.85	5.49
9000.0	200.0	8.21	3.32
9000.0	201.0	7.68	8.2
9000.0	204.0	-1.45	4.7
9010.0	195.0	1.98	2.77
9010.0	196.0	4.65	3.36
9010.0	197.0	4.42	4.2
9010.0	199.0	7.05	5.63
9010.0	200.0	7.32	3.14
9010.0	201.0	6.53	8.51
9010.0	204.0	-0.25	4.82
9020.0	195.0	1.2	2.43
9020.0	196.0	3.73	3.12
9020.0	197.0	3.5	4.0
9020.0	199.0	8.23	5.61
9020.0	200.0	6.36	2.9
9020.0	201.0	5.63	8.76
9020.0	204.0	0.76	5.02
9030.0	195.0	0.29	2.04
9030.0	196.0	2.76	2.95
9030.0	197.0	2.6	3.85
9030.0	199.0	9.46	5.64
9030.0	200.0	5.2	2.65
9030.0	201.0	4.6	8.51
9030.0	204.0	1.95	5.38
9040.0	195.0	-0.52	1.69
9040.0	196.0	1.92	2.82
9040.0	197.0	1.68	3.68
9040.0	199.0	10.63	5.64
9040.0	200.0	4.46	2.6
9040.0	201.0	3.62	7.93
9040.0	204.0	3.06	5.65
9050.0	195.0	-1.13	1.29
9050.0	196.0	1.01	2.52
9050.0	197.0	0.78	3.47
9050.0	199.0	11.92	5.64
9050.0	200.0	3.55	2.53
9050.0	201.0	2.51	7.5
9050.0	204.0	4.25	5.74
9060.0	195.0	-2.0	0.59
9060.0	196.0	0.07	2.2
9060.0	197.0	-0.11	3.23
9060.0	200.0	2.91	2.39
9060.0	201.0	1.34	7.24
9060.0	204.0	5.39	5.76
9070.0	195.0	-2.64	0.11
9070.0	196.0	-0.89	1.79
9070.0	197.0	-0.93	2.87
9070.0	200.0	1.96	2.13
9070.0	201.0	0.03	7.06
9070.0	204.0	6.54	5.69
9080.0	195.0	-3.5	-0.44
9080.0	196.0	-1.65	1.35
9080.0	197.0	-1.75	2.32
9080.0	200.0	1.05	1.86
9080.0	201.0	-1.12	6.97
9080.0	204.0	7.73	5.64
9090.0	195.0	-4.04	-1.06
9090.0	196.0	-2.33	0.88
9090.0	197.0	-3.09	1.52
9090.0	200.0	0.18	1.55
9090.0	201.0	-2.46	7.17
9090.0	204.0	8.89	5.61
9100.0	195.0	-4.6	-1.81
9100.0	196.0	-2.92	0.35
9100.0	197.0	-3.83	0.91
9100.0	200.0	-0.66	1.36
9100.0	201.0	-3.69	7.19
9100.0	204.0	10.1	5.57
9110.0	196.0	-3.59	-0.24
9110.0	197.0	-4.47	0.28
9110.0	200.0	-1.5	0.99
9110.0	201.0	-4.75	7.13
9110.0	204.0	11.24	5.58
9120.0	200.0	-2.34	0.54
9120.0	201.0	-5.84	6.95
9120.0	204.0	12.41	5.5
9130.0	204.0	13.77	5.49
9300.0	215.0	10.78	6.43
9300.0	216.0	-4.26	8.11
9310.0	215.0	9.71	6.27
9310.0	216.0	-3.98	8.01
9320.0	215.0	8.67	5.92
9320.0	216.0	-3.84	7.96
9330.0	215.0	7.68	5.41
9330.0	216.0	-3.31	8.21
9340.0	215.0	6.72	4.86
9340.0	216.0	-2.9	8.26
9350.0	215.0	5.8	4.25
9350.0	216.0	-2.79	8.41
9360.0	215.0	4.87	3.58
9360.0	216.0	-2.51	8.43
9370.0	215.0	3.89	3.04
9370.0	216.0	-2.23	8.46
9380.0	215.0	3.02	2.68
9380.0	216.0	-2.01	8.44
9390.0	215.0	2.1	2.34
9390.0	216.0	-1.86	8.34
9400.0	215.0	1.06	1.97
9400.0	216.0	-1.65	8.28
9400.0	220.0	12.45	4.75
9410.0	215.0	0.2	1.46
9410.0	216.0	-1.65	8.28
9410.0	220.0	11.2	4.34
9420.0	215.0	-0.59	0.93
9420.0	216.0	-1.65	8.28
9420.0	220.0	9.97	3.91
9420.0	221.0	-2.45	0.24
9430.0	215.0	-1.43	0.46
9430.0	216.0	-2.21	8.09
9430.0	220.0	8.71	3.56
9430.0	221.0	-1.79	1.08
9440.0	215.0	-2.22	-0.28
9440.0	216.0	-2.21	8.09
9440.0	220.0	7.5	3.33
9440.0	221.0	-0.74	1.72
9450.0	216.0	-2.23	8.18
9450.0	220.0	6.29	3.09
9450.0	221.0	0.23	2.23
9460.0	216.0	-2.25	8.28
9460.0	220.0	5.05	2.85
9460.0	221.0	1.23	2.66
9470.0	216.0	-2.25	8.28
9470.0	220.0	3.87	2.64
9470.0	221.0	2.23	3.11
9480.0	216.0	-2.25	8.28
9480.0	220.0	2.57	2.41
9480.0	221.0	3.23	3.5
9490.0	216.0	-2.25	8.28
9490.0	220.0	1.38	2.2
9490.0	221.0	4.26	3.81
9500.0	216.0	-2.25	8.28
9500.0	220.0	0.12	2.0
9500.0	221.0	5.31	3.97
9510.0	216.0	-2.78	8.5
9510.0	220.0	-1.06	1.68
9510.0	221.0	6.46	4.11
9520.0	216.0	-2.81	8.44
9520.0	220.0	-2.2	1.21
9520.0	221.0	7.67	4.19
9530.0	216.0	-2.98	8.14
9530.0	220.0	-3.16	0.42
9530.0	221.0	8.84	4.27
9530.0	224.0	-1.46	6.86
9540.0	216.0	-2.98	8.14
9540.0	221.0	9.98	4.51
9540.0	224.0	-0.24	6.75
9550.0	216.0	-3.27	8.07
9550.0	221.0	11.13	4.79
9550.0	224.0	0.86	6.77
9560.0	216.0	-3.27	8.07
9560.0	221.0	12.32	5.04
9560.0	224.0	1.92	6.97
9570.0	216.0	-3.27	8.07
9570.0	221.0	13.5	5.21
9570.0	224.0	2.97	6.99
9580.0	216.0	-3.27	8.07
9580.0	224.0	4.1	6.89
9590.0	216.0	-3.27	8.07
9590.0	224.0	5.21	6.79
9600.0	216.0	-3.27	8.07
9600.0	224.0	6.38	6.64
9610.0	216.0	-3.27	8.07
9610.0	224.0	7.44	6.53
9620.0	216.0	-3.27	8.07
9620.0	224.0	8.43	6.47
9630.0	216.0	-3.27	8.07
9630.0	224.0	9.39	6.31
9630.0	228.0	0.95	7.09
9640.0	216.0	-3.27	8.07
9640.0	224.0	10.38	6.09
9640.0	228.0	2.3	7.03
9650.0	216.0	-3.61	7.93
9650.0	224.0	11.38	5.91
9650.0	228.0	3.62	6.95
9660.0	216.0	-3.68	7.91
9660.0	228.0	5.0	6.83
9670.0	216.0	-3.78	7.9
9670.0	228.0	6.24	6.66
9680.0	216.0	-4.41	7.87
9680.0	228.0	7.43	6.53
9680.0	229.0	1.76	2.48
9680.0	230.0	-3.11	5.32
9680.0	231.0	-3.38	4.31
9690.0	216.0	-4.67	7.75
9690.0	228.0	8.72	6.49
9690.0	229.0	2.77	2.84
9690.0	230.0	-2.09	5.21
9690.0	231.0	-2.48	4.25
9700.0	216.0	-4.84	7.8
9700.0	228.0	10.04	6.37
9700.0	229.0	3.9	3.26
9700.0	230.0	-1.28	5.33
9700.0	231.0	-1.51	4.28
9710.0	216.0	-4.84	7.84
9710.0	228.0	11.43	6.26
9710.0	229.0	5.05	3.61
9710.0	230.0	-0.44	5.26
9710.0	231.0	-0.43	4.34
9720.0	216.0	-4.84	7.84
9720.0	228.0	12.72	6.18
9720.0	229.0	6.15	3.86
9720.0	230.0	0.45	5.28
9720.0	231.0	0.48	4.39
9730.0	216.0	-4.84	7.84
9730.0	228.0	13.48	6.13
9730.0	229.0	7.28	4.05
9730.0	230.0	1.34	5.34
9730.0	231.0	1.36	4.49
9740.0	216.0	-4.84	7.84
9740.0	229.0	8.49	4.23
9740.0	230.0	2.28	5.27
9740.0	231.0	2.24	4.5
9750.0	216.0	-4.84	7.84
9750.0	229.0	9.65	4.44
9750.0	230.0	3.18	5.2
9750.0	231.0	3.05	4.41
9750.0	232.0	12.66	6.61
9760.0	216.0	-4.78	7.79
9760.0	229.0	10.82	4.65
9760.0	230.0	4.11	5.16
9760.0	231.0	3.89	4.27
9760.0	232.0	11.56	6.67
9770.0	216.0	-4.83	7.83
9770.0	229.0	12.01	4.91
9770.0	230.0	5.03	5.09
9770.0	231.0	4.7	4.11
9770.0	232.0	10.43	6.68
9780.0	216.0	-4.92	7.89
9780.0	229.0	13.1	5.24
9780.0	230.0	6.02	5.04
9780.0	231.0	5.54	4.15
9780.0	232.0	9.3	6.63
9790.0	216.0	-5.03	7.89
9790.0	230.0	7.01	5.03
9790.0	231.0	6.36	4.2
9790.0	232.0	8.21	6.48
9800.0	216.0	-5.23	7.82
9800.0	230.0	8.05	4.96
9800.0	231.0	7.17	4.25
9800.0	232.0	7.05	6.06
9810.0	216.0	-5.42	7.85
9810.0	230.0	8.94	4.89
9810.0	231.0	8.09	4.24
9810.0	232.0	5.93	5.72
9820.0	216.0	-5.67	7.99
9820.0	230.0	9.88	4.84
9820.0	231.0	8.97	4.1
9820.0	232.0	4.87	5.45
9830.0	216.0	-5.86	8.05
9830.0	230.0	10.74	4.75
9830.0	231.0	9.76	4.21
9830.0	232.0	3.89	5.27
9840.0	216.0	-6.06	8.09
9840.0	230.0	11.7	4.6
9840.0	231.0	10.5	4.2
9840.0	232.0	2.82	4.93
9850.0	216.0	-6.22	8.28
9850.0	230.0	12.52	4.3
9850.0	231.0	11.12	4.05
9850.0	232.0	1.74	4.55
9860.0	216.0	-6.25	8.45
9860.0	230.0	13.01	4.26
9860.0	231.0	11.67	4.0
9860.0	232.0	0.74	4.12
9870.0	216.0	-6.18	8.65
9870.0	230.0	13.05	4.4
9870.0	231.0	12.02	3.8
9870.0	232.0	-0.26	3.62
9880.0	216.0	-5.02	9.02
9880.0	230.0	13.05	4.4
9880.0	231.0	12.2	3.83
9880.0	232.0	-1.19	3.03
9890.0	216.0	-3.86	9.6
9890.0	230.0	12.68	4.6
9890.0	231.0	12.29	3.76
9890.0	232.0	-1.65	2.4
9900.0	216.0	-2.62	9.95
9900.0	230.0	12.61	4.7
9900.0	231.0	12.26	3.82
9900.0	232.0	-2.31	1.41
9910.0	230.0	12.62	4.76
9910.0	231.0	12.25	3.84
9910.0	232.0	-2.96	0.51
9920.0	230.0	12.65	4.76
9920.0	231.0	12.25	3.84
9920.0	237.0	-1.38	7.43
9920.0	238.0	-2.36	6.64
9920.0	242.0	-0.92	9.05
9930.0	230.0	12.65	4.76
9930.0	231.0	12.25	3.84
9930.0	237.0	-0.43	7.28
9930.0	238.0	-1.3	6.46
9930.0	242.0	0.43	8.91
9930.0	243.0	-2.56	5.74
9940.0	230.0	12.65	4.76
9940.0	231.0	12.25	3.84
9940.0	237.0	0.45	7.18
9940.0	238.0	-0.52	6.38
9940.0	242.0	1.62	8.69
9940.0	243.0	-1.65	6.2
9950.0	230.0	12.68	4.76
9950.0	231.0	12.25	3.84
9950.0	237.0	1.3	7.13
9950.0	238.0	0.43	6.41
9950.0	242.0	2.83	8.41
9950.0	243.0	-0.51	6.6
9960.0	230.0	12.62	4.88
9960.0	231.0	12.25	3.93
9960.0	237.0	2.15	7.13
9960.0	238.0	1.29	6.33
9960.0	242.0	4.11	8.12
9960.0	243.0	0.5	6.91
9970.0	230.0	13.18	5.24
9970.0	231.0	12.58	4.26
9970.0	237.0	3.08	7.22
9970.0	238.0	2.26	6.48
9970.0	242.0	5.42	7.89
9970.0	243.0	1.52	7.11
9970.0	244.0	-2.59	5.75
9980.0	230.0	13.18	5.24
9980.0	231.0	13.53	5.0
9980.0	237.0	3.88	7.28
9980.0	238.0	3.12	6.62
9980.0	242.0	6.58	7.59
9980.0	243.0	2.48	7.34
9980.0	244.0	-1.43	5.98
9990.0	237.0	4.79	7.18
9990.0	238.0	4.01	6.58
9990.0	242.0	7.78	7.26
9990.0	243.0	3.55	7.5
9990.0	244.0	-0.29	6.13
10000.0	237.0	5.73	7.14
10000.0	238.0	4.87	6.44
10000.0	242.0	8.99	6.94
10000.0	243.0	4.6	7.58
10000.0	244.0	0.78	6.32
10010.0	237.0	6.53	6.85
10010.0	238.0	5.7	6.4
10010.0	242.0	10.19	6.7
10010.0	243.0	5.66	7.62
10010.0	244.0	1.97	6.52
10020.0	237.0	7.37	6.73
10020.0	238.0	6.56	6.34
10020.0	242.0	11.51	6.62
10020.0	243.0	6.77	7.61
10020.0	244.0	3.08	6.59
10030.0	237.0	8.19	6.6
10030.0	238.0	7.4	6.31
10030.0	242.0	12.75	6.4
10030.0	243.0	7.89	7.55
10030.0	244.0	4.13	6.67
10040.0	237.0	9.05	6.51
10040.0	238.0	8.18	6.3
10040.0	242.0	13.9	6.27
10040.0	243.0	9.1	7.43
10040.0	244.0	5.29	6.75
10050.0	237.0	9.86	6.38
10050.0	238.0	8.79	6.2
10050.0	243.0	10.35	7.26
10050.0	244.0	6.37	6.79
10060.0	237.0	10.67	6.24
10060.0	238.0	9.4	6.11
10060.0	243.0	11.62	6.99
10060.0	244.0	7.48	6.9
10070.0	237.0	11.38	6.14
10070.0	238.0	9.77	5.93
10070.0	243.0	12.82	6.72
10070.0	244.0	8.67	6.96
10080.0	237.0	12.02	6.03
10080.0	238.0	10.15	5.81
10080.0	244.0	9.86	6.88
10090.0	237.0	12.77	5.98
10090.0	238.0	10.53	5.52
10090.0	244.0	11.09	6.76
10100.0	237.0	13.94	6.24
10100.0	238.0	10.95	5.31
10100.0	244.0	12.26	6.62
10100.0	245.0	4.12	6.31
10100.0	246.0	3.96	5.35
10100.0	248.0	2.11	4.96
10110.0	238.0	11.39	5.02
10110.0	244.0	13.49	6.73
10110.0	245.0	5.17	6.31
10110.0	246.0	5.1	5.5
10110.0	248.0	3.13	4.87
10120.0	238.0	11.78	4.76
10120.0	245.0	6.21	6.27
10120.0	246.0	6.11	5.51
10120.0	248.0	4.03	4.79
10130.0	238.0	12.07	4.78
10130.0	245.0	7.26	6.31
10130.0	246.0	7.14	5.57
10130.0	248.0	5.03	4.68
10140.0	238.0	12.29	4.67
10140.0	245.0	8.28	6.37
10140.0	246.0	8.09	5.58
10140.0	248.0	5.98	4.65
10150.0	238.0	12.34	4.69
10150.0	245.0	9.36	6.48
10150.0	246.0	9.19	5.58
10150.0	248.0	7.07	4.8
10160.0	238.0	12.31	4.69
10160.0	245.0	10.37	6.62
10160.0	246.0	10.17	5.63
10160.0	248.0	7.89	4.77
10170.0	238.0	12.31	4.67
10170.0	245.0	11.32	6.57
10170.0	246.0	11.09	5.64
10170.0	248.0	8.73	4.88
10180.0	238.0	12.31	4.62
10180.0	245.0	12.15	6.55
10180.0	246.0	12.02	5.67
10180.0	248.0	9.45	5.01
10190.0	238.0	12.31	4.62
10190.0	245.0	12.97	6.24
10190.0	246.0	12.79	5.51
10190.0	248.0	10.17	5.38
10200.0	238.0	12.31	4.62
10200.0	245.0	13.23	6.08
10200.0	246.0	13.63	5.39
10200.0	248.0	11.01	5.67
10200.0	251.0	2.92	6.64
10200.0	253.0	2.61	5.05
10210.0	238.0	12.31	4.57
10210.0	248.0	11.79	5.84
10210.0	251.0	3.98	6.63
10210.0	253.0	3.74	4.99
10220.0	238.0	12.37	4.5
10220.0	248.0	12.36	6.04
10220.0	251.0	5.02	6.58
10220.0	253.0	4.87	4.95
10220.0	255.0	13.59	6.31
10220.0	256.0	12.51	7.19
10230.0	238.0	12.51	4.49
10230.0	248.0	12.76	5.95
10230.0	251.0	6.31	6.62
10230.0	253.0	6.02	5.04
10230.0	255.0	12.0	6.67
10230.0	256.0	11.51	7.53
