80.0	3.0	0.0782930207807	8.75213217509
90.0	3.0	0.659176723347	8.45619402345
100.0	3.0	1.24006042591	8.1602558718
110.0	3.0	1.8278894771	7.87052287495
120.0	3.0	2.44371038786	7.60537183747
130.0	3.0	3.05953129863	7.34022079999
140.0	3.0	3.6865068602	7.0769790409
150.0	3.0	4.32442660748	6.81588522002
160.0	3.0	4.96234635475	6.55503005893
170.0	3.0	5.59079517209	6.30061871244
180.0	3.0	6.19651375759	6.06195891272
190.0	3.0	6.80244280821	5.82329911301
200.0	3.0	7.40837185882	5.58463931329
210.0	3.0	8.11763927826	5.37247075135
220.0	3.0	8.8271171628	5.1603021894
230.0	3.0	9.53638458224	4.94813362746
240.0	5.0	15.04215185	8.56908010871
250.0	5.0	14.3507739649	8.5802971193
260.0	5.0	13.6591856147	8.59175278968
270.0	5.0	12.9480240093	8.77289557767
280.0	5.0	12.2366519387	8.95379970585
290.0	5.0	11.5246484729	9.13422651443
300.0	5.0	10.8042264026	9.30868682802
310.0	5.0	10.0838043324	9.48314714161
320.0	5.0	9.38758574974	9.65283425921
330.0	5.0	8.71578111981	9.81798684061
340.0	5.0	8.04376602478	9.98337808181
350.0	5.0	7.38311604566	10.1358816938
360.0	5.0	6.72372885721	10.286953347
370.0	5.0	6.06413120364	10.4382636601
380.0	5.0	5.40979517781	10.6067574787
390.0	5.0	4.7556696171	10.7771605757
400.0	5.0	4.10238591682	10.9468476933
410.0	5.0	3.45415337917	11.1091363571
420.0	5.0	2.80592084153	11.2714250209
430.0	5.0	2.15853016432	11.4201100761
440.0	5.0	1.51177088244	11.5599647187
450.0	5.0	0.865011600561	11.6995807016
460.0	5.0	0.218252318682	11.8391966844
470.0	5.0	-0.428717428307	11.979051327
500.0	6.0	15.0046890605	9.01441929498
510.0	6.0	14.5761820973	8.98052960342
520.0	6.0	14.1476751341	8.94640125206
530.0	6.0	13.7118018921	8.92181929269
540.0	6.0	13.2645635341	8.9120342409
550.0	6.0	12.8173251762	8.90201052931
560.0	6.0	12.3288356568	9.00439558339
570.0	6.0	11.8401356722	9.10654197767
580.0	6.0	11.3564868503	9.19651672216
590.0	6.0	10.8919903533	9.23780486751
600.0	6.0	10.4274938564	9.27885435306
610.0	6.0	9.9661543361	9.3256316738
610.0	7.0	11.2819822015	8.09844298368
610.0	8.0	0.182683715155	11.7411075067
620.0	6.0	9.51239155974	9.38529662373
620.0	7.0	10.8208531463	8.25762907009
620.0	8.0	0.780404626491	11.6170044109
630.0	6.0	9.05862878339	9.44496157366
630.0	7.0	10.3927671133	8.44545433246
630.0	8.0	1.37812553783	11.492901315
640.0	6.0	8.60507647215	9.51011569898
640.0	7.0	10.013929916	8.67599969898
640.0	8.0	1.96890110055	11.4096090449
650.0	6.0	8.15510206777	9.62538838224
650.0	7.0	9.63509271866	8.90678372531
650.0	8.0	2.55673015173	11.3437389402
660.0	6.0	7.70512766339	9.7406610655
660.0	7.0	9.25267761447	9.14973940141
660.0	8.0	3.14455920292	11.2778688355
670.0	6.0	7.25346953813	9.85163787237
670.0	7.0	8.86457995232	9.4105945625
670.0	8.0	3.74017546316	11.2339554323
680.0	6.0	6.79507652937	9.94519251386
680.0	7.0	8.47648229017	9.67168838339
680.0	8.0	4.33768590938	11.1955312046
680.0	9.0	15.1147623129	9.12730538024
680.0	10.0	15.159170451	8.38889195993
690.0	6.0	6.3364730555	10.0389858151
690.0	7.0	8.074914861	9.93421416307
690.0	8.0	4.9349858905	11.156868317
690.0	9.0	14.4496925665	9.26095486808
690.0	10.0	14.4715809379	8.50822185978
700.0	6.0	5.88986609287	10.123710044
700.0	7.0	7.61883696844	10.2027064377
700.0	8.0	5.49734866342	11.1203533676
700.0	9.0	13.78462282	9.39460435592
700.0	10.0	13.7839914247	8.62755175964
710.0	6.0	5.46114866456	10.1943533448
710.0	7.0	7.16275907589	10.4711987124
710.0	8.0	6.04455794845	11.0845543977
710.0	9.0	13.1264984222	9.53350435935
710.0	10.0	13.0966123767	8.7468816595
720.0	6.0	5.03243123626	10.2649966455
720.0	7.0	6.65427537103	10.665945109
720.0	8.0	6.54946374644	11.000784808
720.0	9.0	12.4788972799	9.68051879598
720.0	10.0	12.4384879789	8.84640279598
730.0	6.0	4.57972078545	10.3642791222
730.0	7.0	6.13274282938	10.842314701
730.0	8.0	7.02953466149	10.9041275891
730.0	9.0	11.8312961376	9.8272945728
730.0	10.0	11.7837310228	8.94353733446
740.0	6.0	4.11669754428	10.4754945888
740.0	7.0	5.6128940086	10.9857492406
740.0	8.0	7.45046488074	10.8790683101
740.0	9.0	11.1643322052	9.89340333732
740.0	10.0	11.1224496484	9.03733063575
750.0	6.0	3.6536743031	10.5869487153
750.0	7.0	5.09493937381	11.0957714083
750.0	8.0	7.88781137855	10.8342002678
750.0	9.0	10.4925275753	9.93922601887
750.0	10.0	10.4348601352	9.11680434905
750.0	11.0	0.0883953460427	7.70393833475
760.0	6.0	3.17591850425	10.6816966558
760.0	7.0	4.57677427392	11.2060322357
760.0	8.0	8.39124392077	10.7096198523
760.0	9.0	9.81924968958	9.9934017934
760.0	10.0	9.74727062209	9.19627806236
760.0	11.0	0.635604631069	7.44141255507
770.0	6.0	2.69184875211	10.7690461425
770.0	7.0	4.08849521959	11.133002337
770.0	8.0	8.89446599788	10.5850394369
770.0	9.0	9.13986831571	10.0800353007
770.0	10.0	9.06704738778	9.28458218825
770.0	11.0	1.1828139161	7.17888677538
780.0	6.0	2.20777899997	10.856634289
780.0	7.0	3.60358360701	11.0396863553
780.0	8.0	9.3867438893	10.365711081
780.0	9.0	8.46069740695	10.1669074678
780.0	10.0	8.41523694327	9.4077306449
780.0	11.0	1.73318017777	6.9103945007
790.0	6.0	1.76790692085	10.9890904778
790.0	7.0	3.12540687794	10.9575873842
790.0	8.0	9.87775899005	10.1358816938
790.0	9.0	7.82930207807	10.2996023164
790.0	10.0	7.76342649876	9.53087910156
790.0	11.0	2.29680574134	6.61779758625
800.0	6.0	1.3469767016	11.1411167702
800.0	7.0	2.65186038128	10.8828868669
800.0	8.0	10.3795078114	9.89053941972
800.0	9.0	7.19790674919	10.4320585053
800.0	10.0	7.10972186826	9.6597553934
800.0	11.0	2.86022083981	6.32520067181
810.0	6.0	0.926046482352	11.2929044028
810.0	7.0	2.17831388462	10.8084250094
810.0	8.0	10.9231391896	9.58219095849
810.0	9.0	6.55640909505	10.5850394369
810.0	10.0	6.43896956388	9.83875024319
810.0	11.0	3.42700338003	6.03880891215
820.0	6.0	0.50048603069	11.4158141997
820.0	7.0	1.69403366738	10.7404069665
820.0	8.0	11.4667705677	9.27384249727
820.0	9.0	5.89091841842	10.7850363491
820.0	10.0	5.7680067944	10.017745093
820.0	11.0	4.02346150071	5.80683158683
830.0	6.0	0.0677697652994	11.4955265728
830.0	7.0	1.19333717158	10.6821739754
830.0	8.0	12.0200833409	9.01370331558
830.0	9.0	5.22563820689	10.985271921
830.0	10.0	5.09725449002	10.1967399428
830.0	11.0	4.61970915628	5.57461560171
840.0	7.0	0.692851140887	10.624179644
840.0	8.0	12.5757112303	8.76549712388
840.0	9.0	4.56583008822	11.1857461528
840.0	10.0	4.41618939527	10.3998394323
840.0	11.0	5.21595681185	5.34263827639
850.0	7.0	0.192365110198	10.5661853127
850.0	8.0	13.147124003	8.55595381973
850.0	9.0	3.92769987583	11.3871750237
850.0	10.0	3.73386150987	10.6055641797
850.0	11.0	5.84840446627	5.14240270443
860.0	8.0	13.7551577047	8.43662391987
860.0	9.0	3.28978012856	11.5883652349
860.0	10.0	3.05174408957	10.811288927
860.0	11.0	6.51705211955	4.97390888583
870.0	8.0	14.3629809413	8.31729402001
870.0	9.0	2.65186038128	11.7897941058
870.0	10.0	2.40624759835	10.9384946003
870.0	11.0	7.18548930773	4.80541506723
880.0	8.0	14.971014643	8.19796412016
880.0	9.0	2.03519761008	11.956378646
880.0	10.0	1.76096157224	11.0659389333
880.0	11.0	7.85413696101	4.64670630042
890.0	9.0	1.41853483888	12.1227245264
890.0	10.0	1.11546508102	11.1931446066
890.0	11.0	8.52215321896	4.57510836051
890.0	13.0	15.1113948711	8.75881464948
900.0	9.0	0.801661602564	12.2893090666
900.0	10.0	0.536686029545	11.3840724463
900.0	11.0	9.19037994202	4.50351042059
900.0	13.0	14.494942565	8.77575949526
910.0	9.0	0.184998831361	12.4558936068
910.0	10.0	-0.0420930219251	11.5750002861
910.0	11.0	9.85860666508	4.43191248068
910.0	13.0	13.878700724	8.79294300084
920.0	11.0	10.5268333881	4.36484907696
920.0	13.0	13.2548821391	8.83279918739
930.0	11.0	11.1931659252	4.33835783919
930.0	13.0	12.6018089039	8.96453939684
940.0	11.0	11.8597089274	4.31186660142
940.0	13.0	11.9485252037	9.09627960628
950.0	11.0	12.5262519296	4.28537536365
950.0	13.0	11.2979775498	9.2461579605
960.0	11.0	13.1359693522	4.37200887095
960.0	13.0	10.6529019888	9.43851775907
960.0	14.0	8.76713460656	7.02709914276
970.0	11.0	13.6890716603	4.57176712331
970.0	13.0	10.0080368929	9.63111621744
970.0	14.0	8.32263229503	7.05382904033
980.0	11.0	14.2421739684	4.77152537567
980.0	13.0	9.36190900636	9.81727086121
980.0	14.0	7.87834044861	7.0803202781
990.0	11.0	14.7952762765	4.97128362803
990.0	13.0	8.71199274784	9.97884354562
990.0	14.0	7.43404860219	7.10681151587
1000.0	11.0	15.3483785846	5.17104188039
1000.0	13.0	8.06207648932	10.1401775702
1000.0	14.0	6.89231141002	7.09225326808
1010.0	13.0	7.41216023079	10.3017502546
1010.0	14.0	6.32637073023	7.06767130871
1010.0	17.0	0.0153639530027	9.54543734934
1020.0	13.0	6.75761373986	10.3852811845
1020.0	14.0	5.76021958534	7.04285068954
1020.0	17.0	0.492909286743	9.31608528181
1030.0	13.0	6.10180445826	10.4497193305
1030.0	14.0	5.22332309069	7.06337543232
1030.0	17.0	0.970665085593	9.08649455449
1040.0	13.0	5.44473238601	10.5346822192
1040.0	14.0	4.68958357268	7.08915069069
1040.0	17.0	1.44336972181	8.84043630099
1050.0	13.0	4.78218822091	10.7024600583
1050.0	14.0	4.16447312416	7.11802852645
1050.0	17.0	1.90513017233	8.55547650013
1060.0	13.0	4.11964405581	10.8704765573
1060.0	14.0	3.71723476621	7.17769347638
1060.0	17.0	2.36668015774	8.27075535907
1070.0	13.0	3.46488709977	11.0074672824
1070.0	14.0	3.26999640825	7.23735842631
1070.0	17.0	2.8446464217	7.9977285482
1080.0	13.0	2.81791735278	11.1136708933
1080.0	14.0	2.92314990759	7.34189141858
1080.0	17.0	3.38743593942	7.77147905807
1090.0	13.0	2.17094760579	11.2196358443
1090.0	14.0	2.61902782418	7.46551719484
1090.0	17.0	3.93338243379	7.60942905406
1100.0	13.0	1.49956390608	11.3423069814
1100.0	14.0	2.31511620588	7.58938163089
1100.0	17.0	4.48732660233	7.59701874448
1110.0	13.0	0.822076718197	11.469035335
1110.0	17.0	5.04127077086	7.58436977509
1120.0	13.0	0.144589530313	11.5960023485
1130.0	18.0	15.4262506751	8.39294917652
1140.0	18.0	14.6391111651	8.47242288983
1150.0	18.0	13.85176119	8.55189660313
1160.0	18.0	13.0644112149	8.63160897624
1170.0	18.0	12.2701158912	8.79867083604
1180.0	18.0	11.474978707	8.97527908782
1190.0	18.0	10.682156639	9.13494249383
1200.0	18.0	9.8983845708	9.22539455792
1210.0	18.0	9.11461250255	9.31584662201
1220.0	18.0	8.33041950409	9.41799301629
1230.0	18.0	7.54517418008	9.54639198854
1240.0	18.0	6.75992885606	9.67479096078
1250.0	18.0	5.98036609001	9.81631622201
1260.0	18.0	5.20332890527	9.96309199884
1270.0	18.0	4.42629172053	10.1043786003
1280.0	18.0	3.65030686135	10.1938760252
1290.0	18.0	2.87411153705	10.2833734501
1300.0	18.0	2.09812667786	10.3728708749
1310.0	18.0	1.32108949312	10.5055657236
1310.0	23.0	14.9392344114	5.15505167381
1320.0	18.0	0.544052308382	10.643272428
1320.0	23.0	14.4997832625	5.15505167381
1330.0	18.0	-0.233195341465	10.7809791325
1330.0	23.0	14.0603321136	5.15505167381
1340.0	23.0	13.6208809647	5.15505167381
1350.0	23.0	13.1763786532	5.1662686844
1360.0	23.0	12.730613551	5.18034961258
1370.0	23.0	12.285058914	5.19443054076
1380.0	23.0	11.8491856719	5.18941868497
1390.0	23.0	11.4282554527	5.15648363261
1400.0	23.0	11.0073252334	5.12330992045
1410.0	23.0	10.5863950142	5.09013620829
1420.0	23.0	10.1823020037	5.03094857796
1430.0	23.0	9.78241829539	4.96531713304
1440.0	23.0	9.38253458711	4.89968568812
1450.0	23.0	8.98265087882	4.8340542432
1460.0	23.0	8.57897879856	4.76699083948
1470.0	23.0	8.17404392764	4.69968877596
1480.0	23.0	7.76931952183	4.63238671244
1490.0	23.0	7.36459511602	4.56508464892
1500.0	23.0	6.91041140944	4.53024031816
1510.0	23.0	6.45075561002	4.4987372246
1520.0	23.0	5.9910998106	4.46723413104
1530.0	23.0	5.53460098782	4.43716299627
1540.0	23.0	5.10798821061	4.4178315525
1550.0	23.0	4.6813754334	4.39850010872
1560.0	23.0	4.25476265619	4.37916866494
1560.0	27.0	9.76642294706	9.21680280513
1570.0	23.0	3.82814987898	4.35721196337
1570.0	27.0	9.76894852838	9.16859352559
1580.0	23.0	3.40153710177	4.331436705
1580.0	27.0	9.77126364458	9.12038424605
1590.0	23.0	2.97492432456	4.30566144663
1590.0	27.0	9.77357876079	9.07193630671
1600.0	23.0	2.54831154735	4.27964752846
1600.0	27.0	9.775893877	9.02372702717
1610.0	23.0	2.13558946737	4.30255886923
1610.0	27.0	9.77841945831	8.97551774762
1620.0	23.0	1.72854994535	4.34647227238
1620.0	27.0	9.78073457452	8.92730846808
1630.0	23.0	1.32172088845	4.39014701573
1630.0	27.0	9.78304969072	8.87886052874
1640.0	23.0	0.914891831542	4.43382175908
1640.0	27.0	9.78536480693	8.8306512492
1650.0	23.0	0.507852309526	4.47773516222
1650.0	27.0	9.67487062438	8.60511773847
1660.0	23.0	0.10102325262	4.52140990557
1660.0	27.0	9.45114621284	8.20249865635
1670.0	27.0	9.18532877939	7.65596771501
1680.0	27.0	8.97339041399	7.06552337052
1690.0	27.0	8.8203822793	6.44715582946
1700.0	27.0	8.68968344622	5.85599550557
1710.0	27.0	8.61075903011	5.3290346678
1720.0	27.0	8.531834614	4.80207383003
1730.0	27.0	8.47437763907	4.39444289212
1740.0	27.0	8.41944624546	4.000176903
1750.0	27.0	8.40597647844	3.69922689556
1760.0	27.0	8.42007764079	3.46056709585
1770.0	27.0	8.43396833802	3.22190729613
1780.0	30.0	12.813115874	9.162149711
1780.0	31.0	1.78432319941	11.0604497579
1790.0	30.0	12.2379147294	9.39293373732
1790.0	31.0	2.40014411017	10.8573502684
1800.0	30.0	11.6625031197	9.62347910385
1800.0	31.0	3.01596502093	10.654012119
1810.0	30.0	11.0908798819	9.86118426436
1810.0	31.0	3.59137663065	10.4499579903
1820.0	30.0	10.5272543184	10.1153569511
1820.0	31.0	4.14005917144	10.2454265419
1830.0	30.0	9.96383921989	10.3692909779
1830.0	31.0	4.68895217735	10.0406564337
1840.0	30.0	9.39789854011	10.6220317058
1840.0	31.0	5.32139983177	9.89936983231
1850.0	30.0	8.8226973955	10.868567279
1850.0	31.0	5.97489399716	9.77383477766
1860.0	30.0	8.2474962509	11.1151028521
1860.0	31.0	6.60860444224	9.6585620944
1870.0	30.0	7.67545208293	11.334431208
1870.0	31.0	7.23999977112	9.54424405034
1880.0	30.0	7.11687768199	11.4446920355
1880.0	31.0	7.8583462632	9.36524920056
1890.0	30.0	6.55851374615	11.5547142031
1890.0	31.0	8.46785322067	9.14305692702
1900.0	30.0	6.01193585645	11.5862172967
1900.0	31.0	9.07757064326	8.92086465349
1910.0	30.0	5.47335564092	11.5652152343
1910.0	31.0	9.74369271522	8.69389918396
1920.0	30.0	4.93477542539	11.5442131719
1920.0	31.0	10.4340182748	8.46478577624
1930.0	30.0	4.4037719538	11.513187398
1930.0	31.0	11.1281322063	8.27624453446
1940.0	30.0	3.90223359757	11.4430214169
1940.0	31.0	11.8373996258	8.24975329669
1950.0	30.0	3.40090570644	11.3728554357
1950.0	31.0	12.5468775103	8.22326205893
1960.0	30.0	2.8993673502	11.3026894546
1960.0	31.0	13.2426751627	8.20273731615
1970.0	30.0	2.38646387804	11.3933801785
1970.0	31.0	13.9252135133	8.18817906837
1980.0	30.0	1.87040342924	11.5241657488
1980.0	31.0	14.6075413987	8.17362082059
1990.0	30.0	1.35434298044	11.654951319
1990.0	31.0	15.2898692841	8.1593012326
2000.0	30.0	0.851962763764	11.7477899811
2010.0	30.0	0.355265105048	11.824161117
2020.0	30.0	-0.141432553668	11.9005322529
2040.0	33.0	0.14585232097	10.3521074724
2050.0	33.0	0.762725557283	10.2943518008
2060.0	33.0	1.3795987936	10.2368347891
2070.0	33.0	1.99647202991	10.1544971582
2080.0	33.0	2.61334526622	9.97359303003
2090.0	33.0	3.23021850253	9.79245024204
2100.0	33.0	3.82541383255	9.61870590785
2110.0	33.0	4.36967660605	9.46238373904
2110.0	34.0	15.2614564943	8.65404299741
2120.0	33.0	4.91393937954	9.30606157023
2120.0	34.0	14.3006832688	8.82015021801
2130.0	33.0	5.44473238601	9.12539610184
2130.0	34.0	13.3399100434	8.98601877881
2140.0	33.0	5.95489981174	8.9084543439
2140.0	34.0	12.3980786778	9.160956412
2150.0	33.0	6.46506723748	8.69151258596
2150.0	34.0	11.4751891721	9.34448579798
2150.0	36.0	14.8588367396	6.12496509985
2160.0	33.0	6.97586605854	8.48363990041
2160.0	34.0	10.5522996664	9.52801518396
2160.0	36.0	14.2274414107	6.20181355535
2170.0	33.0	7.49087418179	8.35810484576
2170.0	34.0	9.61909737033	9.64949302201
2170.0	36.0	13.5960460818	6.27842335106
2180.0	33.0	8.00588230505	8.23256979112
2180.0	34.0	8.68463228359	9.76404972588
2180.0	36.0	12.9747530782	6.34357747638
2190.0	33.0	8.52110089341	8.10679607667
2190.0	34.0	7.76700440562	9.89388065692
2190.0	36.0	12.3686135625	6.39130943633
2200.0	33.0	9.01653576147	7.996773909
2200.0	34.0	6.87463234081	10.0466229287
2200.0	36.0	11.7624740468	6.43904139627
2210.0	33.0	9.46651016585	7.92278937109
2210.0	34.0	5.982260276	10.1993652006
2210.0	36.0	11.1032973234	6.48677335621
2220.0	33.0	9.91648457023	7.84856617338
2220.0	34.0	5.12798239603	10.363324483
2220.0	36.0	10.438227577	6.53450531615
2230.0	33.0	10.3948717644	7.76360328468
2230.0	34.0	4.27812428336	10.5284770644
2230.0	36.0	9.75863573801	6.59106768869
2240.0	33.0	10.9157729107	7.6621728698
2240.0	34.0	3.42531965916	10.7010280996
2240.0	36.0	9.05694506252	6.6605176904
2250.0	33.0	11.4366740571	7.56074245492
2250.0	34.0	2.56599061655	10.8898080011
2250.0	36.0	8.35546485213	6.73020635192
2260.0	33.0	11.9575752034	7.45931204004
2260.0	34.0	1.70645110884	11.0788265625
2260.0	36.0	7.72406952326	6.85955996336
2270.0	33.0	12.4868949541	7.39845379112
2270.0	34.0	0.799767416577	11.2647425465
2270.0	36.0	7.09267419438	6.98867491501
2280.0	33.0	13.0290530765	7.39845379112
2280.0	34.0	-0.11217790343	11.4504198707
2280.0	36.0	6.44675677294	7.12304038225
2290.0	33.0	13.5712111989	7.39845379112
2290.0	36.0	5.79094749135	7.26074708668
2300.0	33.0	14.1057925773	7.4108641007
2300.0	36.0	5.13534867486	7.39845379112
2310.0	33.0	14.5723937254	7.53544451615
2310.0	36.0	4.50395334599	7.50871461858
2320.0	33.0	15.0392053385	7.6600249316
2320.0	36.0	3.87255801711	7.61873678625
2330.0	36.0	3.22495687479	7.72517905692
2340.0	36.0	2.55315224487	7.8261321522
2350.0	36.0	1.88113714983	7.92708524748
2360.0	36.0	1.2354301935	8.04641514734
2370.0	36.0	0.596247655569	8.17004092359
2380.0	36.0	-0.0429348823636	8.29390535964
2440.0	39.0	8.66190205175	6.27412747467
2440.0	40.0	14.8861972038	6.56314449212
2440.0	41.0	15.2806088193	9.02134042917
2450.0	39.0	9.24636366118	6.38009242574
2450.0	40.0	14.1817704819	6.80180429183
2450.0	41.0	14.5063076809	9.02134042917
2460.0	39.0	9.83103573572	6.48629603661
2460.0	40.0	13.4771332949	7.04046409155
2460.0	41.0	13.7320065426	9.02134042917
2470.0	39.0	10.4026589735	6.56672438912
2470.0	40.0	12.7350333183	7.23998368411
2470.0	41.0	12.9579158694	9.02134042917
2480.0	39.0	10.9612333744	6.62185480285
2480.0	40.0	11.9889345047	7.43544606007
2480.0	41.0	12.150782174	9.19627806236
2490.0	39.0	11.5198077754	6.67698521658
2490.0	40.0	11.2800880155	7.61229297166
2490.0	41.0	11.3400705717	9.39078579912
2500.0	39.0	11.8144589288	6.75717490929
2500.0	40.0	10.5872368746	7.78126410986
2500.0	41.0	10.5354624576	9.59818116508
2510.0	39.0	12.0798554321	6.84022851959
2510.0	40.0	9.89270201284	7.93400638167
2510.0	41.0	9.75505783114	9.85664972817
2520.0	40.0	9.19395784888	8.04856308554
2520.0	41.0	8.97465320465	10.1151182913
2530.0	40.0	8.49521368492	8.1631197894
2530.0	41.0	8.2258183446	10.3807466483
2540.0	40.0	7.75921719656	8.20989711014
2540.0	41.0	7.48498115872	10.648045624
2550.0	40.0	7.01374977827	8.23972958511
2550.0	41.0	6.75845560029	10.9337214043
2560.0	40.0	6.30553468438	8.29581463804
2560.0	41.0	6.06581492452	11.2618786289
2570.0	40.0	5.65309284454	8.39127855792
2570.0	41.0	5.37296378363	11.5900358535
2580.0	40.0	5.0006510047	8.48674247781
2580.0	41.0	4.72031147868	11.8890765825
2590.0	40.0	4.30548474761	8.54736206694
2590.0	41.0	4.07207894103	12.1850147342
2600.0	40.0	3.54633709719	8.55595381973
2600.0	41.0	3.44110454238	12.498613711
2610.0	40.0	2.78718944677	8.56454557252
2610.0	41.0	2.8360173522	12.8387039256
2620.0	40.0	2.05645458615	8.660486812
2620.0	41.0	2.23093016203	13.1787941402
2630.0	40.0	1.34445112029	8.81489970242
2630.0	41.0	1.62584297186	13.5188843548
2640.0	40.0	0.632658119534	8.96931259283
2640.0	41.0	1.02075578168	13.8589745694
2650.0	40.0	-0.0791348812192	9.12372548325
2730.0	44.0	10.0490775893	6.89249501572
2740.0	44.0	9.99982875364	7.15502079541
2750.0	44.0	9.95079038309	7.41754657509
2760.0	44.0	9.90175201255	7.68007235478
2770.0	44.0	9.84071713076	7.9982058678
2780.0	44.0	9.77652527233	8.3301816492
2790.0	44.0	9.7060194606	8.58769557309
2800.0	44.0	9.62877876537	8.77074763947
2810.0	44.0	9.55153807014	8.95379970585
2820.0	44.0	9.36211947147	9.08673321429
2830.0	44.0	9.06010203916	9.16978682459
2840.0	44.0	8.78165669913	9.23016775392
2840.0	45.0	-0.0380941848422	13.2785539365
2850.0	44.0	8.5974997282	9.20033527895
2850.0	45.0	0.57330695862	12.9945487748
2860.0	44.0	8.41334275728	9.17050280399
2860.0	45.0	1.18470810208	12.7103049533
2870.0	44.0	8.22918578636	9.14067032903
2870.0	45.0	1.82767901199	12.4246291731
2880.0	44.0	8.06691718684	9.01799919197
2880.0	45.0	2.48433015402	12.1382374134
2890.0	44.0	7.90443812221	8.89508939512
2890.0	45.0	3.1376138543	11.8556642106
2900.0	44.0	7.74216952268	8.77241825807
2900.0	45.0	3.77742778756	11.5883652349
2910.0	44.0	7.67334743184	8.65141773961
2910.0	45.0	4.41724172082	11.3210662592
2920.0	44.0	7.69797184966	8.53208783976
2920.0	45.0	5.13366495399	11.0938621299
2930.0	44.0	7.7228067326	8.4127579399
2930.0	45.0	5.88292074425	10.8838415061
2940.0	44.0	7.74764161553	8.29342804004
2940.0	45.0	6.61386606998	10.6740595422
2950.0	45.0	7.27156953756	10.4652322174
2950.0	46.0	15.113078592	7.65549039541
2960.0	46.0	14.4654774497	7.71062080914
2970.0	46.0	13.8178763074	7.76551256308
2980.0	46.0	13.1658553977	7.84403163718
2990.0	46.0	12.5031007675	7.97648782602
3000.0	46.0	11.8405566024	8.10918267466
3010.0	46.0	11.2131601106	8.2492759771
3020.0	46.0	10.6093357111	8.39461979512
3030.0	46.0	9.99414619568	8.54187289154
3040.0	46.0	9.35327993687	8.69366052416
3050.0	46.0	8.71241367806	8.84759609498
3060.0	46.0	8.0725997448	9.01943115077
3070.0	46.0	7.43278581154	9.19126620656
3080.0	46.0	6.77466141374	9.36596517995
3090.0	46.0	6.10433003958	9.54281209154
3100.0	46.0	5.43399866542	9.71965900313
3100.0	52.0	0.11828139161	12.9160297007
3110.0	46.0	4.78513473245	9.85235385177
3110.0	52.0	0.441976730214	12.8518302146
3120.0	46.0	4.13858591568	9.98027550442
3120.0	52.0	0.765672068818	12.7876307284
3130.0	46.0	3.48993244781	10.1055718993
3130.0	52.0	1.07673950084	12.7468199027
3140.0	46.0	2.82107432942	10.2077182935
3140.0	52.0	1.38233484002	12.7160327885
3150.0	46.0	2.15200574592	10.3101033476
3150.0	52.0	1.68771971409	12.6852456744
3160.0	46.0	1.49430227834	10.4303878867
3160.0	52.0	1.93985691542	12.6410936114
3170.0	46.0	0.862906949465	10.5921992309
3170.0	52.0	2.156004583	12.5878724761
3180.0	46.0	0.231511620588	10.7542492349
3180.0	52.0	2.3723627157	12.5348900005
3190.0	46.0	-0.399883708289	10.9160605791
3190.0	52.0	2.58872084839	12.481907525
3200.0	52.0	2.73815107623	12.3740332955
3210.0	52.0	2.88737083895	12.2663977259
3220.0	52.0	3.03680106679	12.1585234964
3230.0	52.0	3.17002548118	12.0000533894
3240.0	52.0	3.3015661747	11.836094107
3250.0	52.0	3.43310686821	11.6718961648
3260.0	52.0	3.5400231439	11.4938559542
3270.0	52.0	3.636205699	11.3098492486
3280.0	52.0	3.7323882541	11.1256038832
3290.0	52.0	3.83572662293	10.9411198581
3300.0	52.0	3.96726731644	10.7547265545
3310.0	52.0	4.09880800996	10.5680945911
3320.0	52.0	4.23034870347	10.3817012875
3330.0	52.0	4.41534753483	10.2225152011
3340.0	52.0	4.60034636619	10.0635677745
3350.0	52.0	4.78513473245	9.90438168811
3360.0	52.0	4.98360333082	9.72896673532
3370.0	52.0	5.18796495227	9.54639198854
3380.0	52.0	5.39232657372	9.36381724176
3390.0	52.0	5.60700098553	9.20844971214
3400.0	52.0	5.84608935007	9.11632702945
3410.0	52.0	6.08538817971	9.02396568697
3420.0	52.0	6.32447654425	8.93184300428
3430.0	52.0	6.56356490878	8.83972032159
3440.0	52.0	6.85505908561	8.76096258768
3450.0	52.0	7.15202535529	8.68363681257
3460.0	52.0	7.44920209009	8.60654969727
3470.0	52.0	7.77773812621	8.60631103747
3480.0	52.0	8.13763346367	8.68339815277
3490.0	52.0	8.49731833602	8.76024660828
3500.0	52.0	8.85195204574	8.8289806306
3510.0	52.0	9.19858808129	8.88506568353
3520.0	52.0	9.54522411685	8.94138939626
3520.0	55.0	0.131540693516	11.0396863553
3530.0	52.0	9.8918601524	8.9974744492
3530.0	55.0	0.815552299799	10.9375399611
3540.0	52.0	10.2856403725	8.96668733503
3540.0	55.0	1.49956390608	10.835154907
3550.0	52.0	10.6794205926	8.93590022087
3550.0	55.0	2.18126039616	10.7418389253
3560.0	52.0	11.0732008127	8.90511310671
3560.0	55.0	2.85727432828	10.669525006
3570.0	52.0	11.5090740548	8.87528063174
3570.0	55.0	3.53328826039	10.5972110867
3580.0	52.0	11.9497879943	8.84544815678
3580.0	55.0	4.20930219251	10.5248971674
3590.0	52.0	12.3905019339	8.81561568182
3590.0	55.0	4.88826263616	10.4401729385
3600.0	52.0	12.8173251762	8.7418698037
3600.0	55.0	5.56722307981	10.3554487096
3610.0	52.0	13.2382553954	8.64950846121
3610.0	55.0	6.24597305836	10.2707244807
3610.0	56.0	11.0454194183	8.44259041486
3620.0	52.0	13.6591856147	8.55714711873
3620.0	55.0	6.88220908475	10.2022291182
3620.0	56.0	11.0060624428	8.62158526465
3630.0	52.0	14.1116856004	8.47409350843
3630.0	55.0	7.51360441363	10.1354043742
3630.0	56.0	10.9664950021	8.80058011443
3640.0	52.0	14.585232097	8.39748371272
3640.0	55.0	8.12479509198	10.0876724143
3640.0	56.0	10.9271380266	8.97957496422
3650.0	52.0	15.0587785937	8.32063525721
3650.0	55.0	8.70567879455	10.0685796303
3650.0	56.0	10.9231391896	9.1626270306
3660.0	55.0	9.28656249712	10.0494868463
3660.0	56.0	10.9231391896	9.34639507638
3670.0	55.0	9.84008573543	10.0062894226
3670.0	56.0	10.906722911	9.44997342945
3680.0	55.0	10.3904519971	9.96046674104
3680.0	56.0	10.8517915174	9.36691981915
3690.0	55.0	10.9477636074	9.87884508954
3690.0	56.0	10.7968601238	9.28386620885
3690.0	57.0	15.2557739363	9.70032755935
3700.0	55.0	11.521070566	9.71416982774
3700.0	56.0	10.6956264061	9.14234094762
3700.0	57.0	14.7043553491	9.82371467581
3710.0	55.0	12.0945879897	9.54973322573
3710.0	56.0	10.5941822232	9.00105434619
3710.0	57.0	14.1527262968	9.94710179226
3720.0	55.0	12.6874682036	9.36787445835
3720.0	56.0	10.4929485055	8.85952908496
3720.0	57.0	13.6010972444	10.0707275685
3730.0	55.0	13.3096030676	9.1604790924
3730.0	57.0	13.043575169	10.1848069528
3740.0	55.0	13.9327902572	8.96286877824
3740.0	57.0	12.4845798379	10.2967383988
3750.0	55.0	14.5641855861	8.85427856937
3750.0	57.0	11.9255845067	10.4086698449
3760.0	55.0	15.195580915	8.7456883605
3760.0	57.0	11.3590124316	10.5392167553
3770.0	57.0	10.7878101241	10.6824126352
3780.0	57.0	10.2166078166	10.825608515
3790.0	57.0	9.64161713706	10.9666564566
3800.0	57.0	9.03295204002	11.0893275937
3810.0	57.0	8.42428694298	11.2117600709
3820.0	57.0	7.81562184594	11.334431208
3830.0	57.0	7.20695674891	11.4568636852
3840.0	58.0	14.6574216297	9.51560487437
3850.0	58.0	13.8906972353	9.67765487838
3860.0	58.0	13.1239728409	9.83970488239
3870.0	58.0	12.4250182119	9.93516880227
3880.0	58.0	11.7711031162	9.98624199941
3890.0	58.0	11.1169775555	10.0373151965
3900.0	58.0	10.4359124608	10.0623744755
3910.0	58.0	9.74769155231	10.0805126203
3920.0	58.0	9.05505087653	10.1198914872
3930.0	58.0	8.3438892711	10.2435172635
3940.0	58.0	7.63272766568	10.36690438
3950.0	58.0	6.9137788512	10.5129641774
3960.0	58.0	6.17715096751	10.7117677905
3970.0	60.0	14.76370651	8.0800661791
3980.0	60.0	13.9999286272	8.29199608124
3990.0	60.0	13.2359402792	8.50416464319
3990.0	62.0	3.37859640482	7.15549811501
4000.0	60.0	12.5534019287	8.80559197023
4000.0	62.0	3.68819058108	7.43640069927
4010.0	60.0	11.9058007864	9.14520486522
4010.0	62.0	3.99757429223	7.71706462373
4020.0	60.0	11.2556740628	9.4967507502
4020.0	62.0	4.30716846849	7.997967208
4030.0	60.0	10.582185712	9.95497756565
4030.0	62.0	4.73630682701	8.27839247266
4040.0	60.0	9.90869736117	10.4132043811
4040.0	62.0	5.28541029803	8.55857907752
4050.0	60.0	9.22636947576	10.7726260395
4050.0	62.0	5.8292521413	8.8304125894
4060.0	60.0	8.5383590324	11.0664162529
4060.0	62.0	6.35162654339	9.06907238911
4070.0	60.0	7.85034858903	11.3602064664
4070.0	62.0	6.87421141059	9.30773218882
4080.0	60.0	7.12129744929	11.5050729648
4080.0	62.0	7.38985092917	9.54352807094
4090.0	60.0	6.39203584444	11.6499394632
4090.0	62.0	7.88991602964	9.77216415907
4100.0	60.0	5.65540796075	11.7914647244
4100.0	62.0	8.389770665	10.0008002472
4110.0	60.0	4.88889403149	11.9193863771
4110.0	62.0	8.80207181476	10.3599832458
4120.0	60.0	4.12216963713	12.0473080297
4120.0	62.0	9.20469156947	10.7334858323
4130.0	60.0	3.36744175401	12.1921745282
4130.0	62.0	9.57237411599	10.9676110958
4140.0	60.0	2.63081387032	12.3625776252
4140.0	62.0	9.91669503534	11.1084203777
4150.0	60.0	1.89418598663	12.5329807222
4150.0	62.0	10.2742752566	11.1494698632
4160.0	60.0	1.19544182267	12.7272497991
4160.0	62.0	10.6512182679	11.0399250151
4170.0	60.0	0.521953471871	12.9372704229
4170.0	62.0	11.0283717444	10.9306188269
4180.0	60.0	-0.15153487893	13.1472910466
4180.0	62.0	11.1839054604	10.5986430455
4190.0	62.0	11.3394391764	10.2664286043
4200.0	62.0	11.3063961542	9.99984560799
4210.0	62.0	11.1923240648	9.76118580828
4220.0	62.0	11.0784624405	9.52252600857
4220.0	65.0	6.87652652679	9.05594610013
4230.0	65.0	6.74246025196	9.58768013389
4240.0	65.0	6.60860444224	10.1191755079
4250.0	65.0	6.41729165759	10.6833672744
4260.0	65.0	6.22597887294	11.2473203811
4270.0	65.0	6.04434748334	11.6854997734
4280.0	65.0	5.86503120993	12.0921760721
4280.0	67.0	15.2242041699	7.17315894019
4290.0	65.0	5.67961144835	12.4776116486
4290.0	67.0	14.4496925665	7.10633419627
4300.0	65.0	5.44052308382	12.6728353648
4300.0	67.0	13.675180963	7.03950945235
4310.0	65.0	5.20143471929	12.8680590809
4310.0	67.0	12.8878309879	6.9927321316
4310.0	68.0	10.3127903717	9.61798992845
4320.0	65.0	5.09725449002	12.689302891
4320.0	67.0	12.070174037	6.9927321316
4320.0	68.0	9.8918601524	9.48386312101
4330.0	65.0	5.00822774865	12.4690198958
4330.0	67.0	11.2525170861	6.9927321316
4330.0	68.0	9.40779040026	9.27193321887
4340.0	65.0	4.93730100671	12.2107899925
4340.0	67.0	10.467061297	7.06242079312
4340.0	68.0	8.82901134879	8.94377599426
4350.0	65.0	4.9086777518	11.863539984
4350.0	67.0	9.69549620512	7.1617032698
4350.0	68.0	8.2607555528	8.69914969956
4360.0	65.0	4.87458240404	11.5136647176
4360.0	67.0	8.95886832143	7.29248884004
4360.0	68.0	7.69776138455	8.47838938482
4370.0	65.0	4.79229054617	11.140162131
4370.0	67.0	8.30411136538	7.4955883296
4370.0	68.0	7.14529047179	8.26956206007
4380.0	65.0	4.7097882232	10.7666595445
4380.0	67.0	7.64914394423	7.69892647896
4380.0	68.0	6.60860444224	8.06670123031
4390.0	65.0	4.60581845905	10.5392167553
4390.0	67.0	7.00364745301	7.93448370127
4390.0	68.0	6.08244166818	7.86789761715
4400.0	65.0	4.49637660204	10.3482889156
4400.0	67.0	6.36404398486	8.19152030556
4400.0	68.0	5.57837773062	7.67720843718
4410.0	65.0	4.38693474503	10.1573610758
4410.0	67.0	5.72465098181	8.44855690986
4410.0	68.0	5.07999635103	7.48890585521
4420.0	67.0	4.98381379593	8.68721670957
4420.0	68.0	4.49174636963	7.4134893585
4430.0	67.0	4.24297661005	8.92587650928
4430.0	68.0	3.89360452807	7.35072183117
4440.0	67.0	3.51224174943	9.15069404061
4440.0	68.0	3.32366501121	7.29105688125
4450.0	67.0	2.79181967918	9.36190796336
4450.0	68.0	2.75351502923	7.23139193132
4460.0	67.0	2.07139760893	9.57312188611
4460.0	68.0	2.16484411761	7.11898316565
4470.0	67.0	1.4059069323	9.89483529612
4470.0	68.0	1.56354529941	6.97125274963
4480.0	67.0	0.746519743842	10.2289590157
4480.0	68.0	0.986449968815	6.69345274276
4490.0	67.0	0.0869220902753	10.5630827353
4490.0	68.0	0.433979056048	6.28558314505
4500.0	68.0	-0.118491856719	5.87795220714
4510.0	69.0	9.42820551589	13.0472925905
4520.0	69.0	9.37432644783	12.7902559862
4530.0	69.0	9.32044737977	12.533219382
4530.0	72.0	7.18191140086	7.59367750728
4540.0	69.0	9.26635784659	12.2761827777
4540.0	72.0	6.9880730349	7.92660792788
4550.0	69.0	9.23941831256	11.988597719
4550.0	72.0	6.79423466893	8.25953834848
4560.0	69.0	9.23941831256	11.670464206
4560.0	71.0	14.9701727826	8.59628732588
4560.0	72.0	6.60039630297	8.59246876908
4570.0	69.0	9.23941831256	11.352330693
4570.0	71.0	13.9778297907	8.64187134762
4570.0	72.0	6.31584747475	8.93780949927
4580.0	69.0	9.24531133563	11.0368224377
4580.0	71.0	12.9856972639	8.68721670957
4580.0	72.0	5.94100911451	9.29579919884
4590.0	69.0	9.27435552076	10.7322925333
4590.0	71.0	12.0291333406	8.78482856765
4590.0	72.0	5.56617075427	9.65378889841
4600.0	69.0	9.30318924078	10.4277626289
4600.0	71.0	11.0723589523	8.88244042574
4600.0	72.0	5.1580789067	9.98695797881
4600.0	73.0	0.170055808577	9.85306983117
4610.0	69.0	9.32360435641	10.1215621058
4610.0	71.0	10.1402089818	8.98792805721
4610.0	72.0	4.67232543369	10.2623713877
4610.0	73.0	0.817656950895	9.81631622201
4620.0	69.0	9.32360435641	9.81130436622
4620.0	71.0	9.21416249941	9.09532496708
4620.0	72.0	4.18657196067	10.5377847965
4620.0	73.0	1.46525809321	9.77956261286
4630.0	69.0	9.30339970589	9.47908992502
4630.0	71.0	8.29421950523	9.30773218882
4630.0	72.0	3.67261616297	10.7680915033
4630.0	73.0	2.09938946851	9.72538683832
4640.0	69.0	9.23562994059	9.09556362688
4640.0	71.0	7.37574976683	9.54639198854
4640.0	72.0	3.1464533889	10.979305426
4640.0	73.0	2.72026154191	9.65378889841
4650.0	69.0	9.1680706404	8.71203732874
4650.0	71.0	6.52736490993	9.85999096536
4650.0	72.0	2.62071154506	11.1816889362
4650.0	73.0	3.34155454552	9.55832497852
4660.0	69.0	9.12324157205	8.3308976286
4660.0	71.0	5.72570330736	10.2237085001
4660.0	72.0	2.09875807319	11.305792032
4660.0	73.0	3.96347894447	9.43899507867
4670.0	69.0	9.10156366576	7.95238318625
4670.0	71.0	4.92130565837	10.5580708795
4670.0	72.0	1.57680460131	11.4298951279
4670.0	73.0	4.58308822721	9.31823322001
4680.0	69.0	9.07967529435	7.57363008411
4680.0	71.0	4.11459289318	10.8630781036
4680.0	72.0	1.1259883365	11.5272683262
4680.0	73.0	5.19764634731	9.19413012416
4690.0	69.0	9.08009622457	7.19225172416
4690.0	71.0	3.36133826583	11.2296595559
4690.0	72.0	0.722526721344	11.6067420395
4690.0	73.0	5.81220446742	9.07002702831
4700.0	69.0	9.09503924736	6.80872542603
4700.0	71.0	2.63081387032	11.622732246
4700.0	72.0	0.319275571302	11.6864544126
4700.0	73.0	6.41329282051	8.95356104605
4710.0	69.0	9.11019273525	6.42496046809
4710.0	71.0	1.93627900855	11.9449229757
4710.0	72.0	-0.0841860438502	11.7659281259
4710.0	73.0	7.01101373185	8.83900434219
4720.0	69.0	9.14681366433	5.9970434472
4720.0	71.0	1.24174414679	12.2671137053
4720.0	73.0	7.63904161897	8.72158372073
4730.0	69.0	9.18890668625	5.55790941573
4730.0	71.0	0.465548822492	12.5356059799
4730.0	73.0	8.33778578292	8.59748062488
4740.0	69.0	9.22594854554	5.13762950843
4740.0	71.0	-0.310436036698	12.8040982546
4740.0	73.0	9.03652994688	8.47337752903
4750.0	69.0	9.25162528892	4.76174032388
4750.0	73.0	9.68139504277	8.37576567094
4760.0	69.0	9.27709156718	4.38561247953
4760.0	73.0	10.3127903717	8.28483628725
4770.0	69.0	9.30255784545	4.00948463519
4770.0	73.0	10.9696519788	8.20583989355
4780.0	69.0	9.17312180303	3.59636452188
4780.0	73.0	11.6372473065	8.13161669584
4790.0	69.0	9.0434752955	3.18324440858
4790.0	73.0	12.3050530994	8.05763215793
4800.0	69.0	8.92224739236	2.7517474907
4800.0	73.0	12.9501286604	7.97672648582
4810.0	69.0	8.81301600046	2.29208871645
4810.0	73.0	13.5895216634	7.89415019512
4820.0	69.0	8.70399507367	1.8324299422
4820.0	73.0	14.2169181552	7.81133524462
4830.0	69.0	8.58887065871	1.37993096194
4830.0	73.0	14.7956972067	7.72780431472
4840.0	69.0	8.47122066243	0.930773218882
4840.0	73.0	15.3744762581	7.64427338482
4850.0	69.0	8.35357066615	0.481615475822
4860.0	69.0	8.23592066987	0.0322190729613
4890.0	78.0	3.54339058566	8.79461361944
4890.0	81.0	6.31205910278	3.97917484062
4900.0	78.0	3.00775688166	8.67528371958
4900.0	81.0	6.09191259811	4.54312794735
4910.0	78.0	2.47233364277	8.53566773675
4910.0	81.0	5.87197655855	5.10731971387
4920.0	78.0	1.94006738053	8.21276102774
4920.0	81.0	5.77853004988	5.70850374935
4930.0	78.0	1.36802321257	7.9951032904
4930.0	81.0	5.6848730761	6.30944912502
4940.0	78.0	0.736627883689	7.93543834047
4940.0	81.0	5.53923122023	6.87889140714
4950.0	78.0	0.105232554813	7.87577339054
4950.0	81.0	5.27215099612	7.37458781115
4960.0	81.0	5.005070772	7.87028421515
4960.0	83.0	15.153487893	8.93279764347
4970.0	81.0	4.66706380595	8.40321154791
4970.0	83.0	14.5220925642	9.01799919197
4980.0	81.0	4.2987498641	8.95212908725
4980.0	83.0	13.8906972353	9.10320074047
4990.0	81.0	3.93443475934	9.30248167323
4990.0	83.0	13.2593019064	9.18840228897
5000.0	81.0	3.57201384056	9.56763271071
5000.0	83.0	12.5978100669	9.29914043603
5010.0	81.0	3.10288711121	9.79364354104
5010.0	83.0	11.9363182273	9.4101172429
5010.0	84.0	0.17973720362	11.6019688435
5020.0	81.0	2.57672433715	9.97836622602
5020.0	83.0	11.2824031317	9.54138013274
5020.0	84.0	0.925204621914	11.3931415187
5030.0	81.0	2.00552202962	10.126096642
5030.0	83.0	10.6581636165	9.75545797309
5030.0	84.0	1.6704615751	11.184314194
5040.0	81.0	1.44105460561	10.2210832423
5040.0	83.0	10.0341345665	9.96929715363
5040.0	84.0	2.40456387747	10.9485183119
5050.0	81.0	0.886689506852	10.2368347891
5050.0	83.0	9.40084505164	10.1721579834
5050.0	84.0	3.13361501721	10.7012667594
5060.0	81.0	0.332534873208	10.2528249957
5060.0	83.0	8.7460880956	10.349004895
5060.0	84.0	3.86287662207	10.4542538666
5070.0	81.0	-0.221619760436	10.2688152023
5070.0	83.0	8.09112067444	10.5258518066
5070.0	84.0	4.60855450547	10.1998425202
5080.0	83.0	7.46309278732	10.6490002632
5080.0	84.0	5.35591610975	9.94471519426
5080.0	85.0	-0.155323250904	10.5248971674
5090.0	83.0	6.85274396941	10.7365884097
5090.0	84.0	6.10348817914	9.68958786837
5090.0	85.0	0.432295335171	10.365711081
5100.0	83.0	6.24239515149	10.8239378964
5100.0	84.0	6.90325559572	9.61321673246
5100.0	85.0	1.01991392125	10.2067636543
5110.0	83.0	5.60489633444	10.9525755284
5110.0	84.0	7.70302301229	9.53684559655
5110.0	85.0	1.59637785651	10.0401791141
5120.0	83.0	4.94908705284	11.1086590375
5120.0	84.0	8.49647647558	9.46333837824
5120.0	85.0	2.14674411818	9.85664972817
5130.0	83.0	4.29348823636	11.2647425465
5130.0	84.0	9.28382645069	9.39269507752
5130.0	85.0	2.69711037985	9.67312034219
5140.0	83.0	3.64651848937	11.3795379101
5140.0	84.0	10.0711764258	9.32181311701
5140.0	85.0	3.23884757203	9.44472291386
5150.0	83.0	2.99954874238	11.4945719336
5150.0	84.0	10.8631566333	9.25642033189
5150.0	85.0	3.77658592712	9.19723270156
5160.0	83.0	2.35089527452	11.6055487405
5160.0	84.0	11.6566100966	9.19198218596
5160.0	85.0	4.31453474732	8.94974248925
5170.0	83.0	1.69845343468	11.7069791553
5170.0	84.0	12.4429077462	9.13947703003
5170.0	85.0	4.78113589536	8.68005691558
5180.0	83.0	1.04601159484	11.8084095702
5180.0	84.0	13.2016344664	9.13303321543
5180.0	85.0	5.24794750851	8.4101326821
5190.0	83.0	0.393569755	11.9098399851
5190.0	84.0	13.9605716517	9.12682806064
5190.0	85.0	5.619418427	8.02684504376
5200.0	83.0	-0.258872084839	12.0112704
5200.0	84.0	14.7192983719	9.12062290585
5200.0	85.0	5.95005911422	7.59510946608
5210.0	84.0	15.4780250921	9.11417909126
5210.0	85.0	6.03424515807	7.19726357996
5220.0	85.0	5.95405795131	6.82232903461
5230.0	85.0	5.87408120965	6.44715582946
5240.0	88.0	14.8422099959	8.29175742144
5250.0	88.0	14.3461437325	8.36001412416
5260.0	88.0	13.8500774691	8.42803216708
5270.0	88.0	13.3464344618	8.54736206694
5270.0	90.0	15.2418832391	7.44332183346
5280.0	88.0	12.8394240127	8.68841000857
5280.0	90.0	14.4842088444	7.5769713213
5290.0	88.0	12.3534600746	8.77385021687
5290.0	90.0	13.7265344498	7.71062080914
5300.0	88.0	11.8887531125	8.80368269183
5300.0	90.0	12.9814879617	7.84999813217
5310.0	88.0	11.4206787087	8.84377753818
5310.0	90.0	12.265906589	8.00274040399
5320.0	88.0	10.92398105	8.97742702602
5320.0	90.0	11.5503252162	8.15548267581
5330.0	88.0	10.4272833913	9.11107651386
5330.0	90.0	10.8631566333	8.332806907
5340.0	88.0	9.94573922046	9.26190950728
5340.0	90.0	10.1833543292	8.51657495277
5350.0	88.0	9.4742973749	9.42419817108
5350.0	90.0	9.50102644383	8.67934093618
5360.0	88.0	9.00348692467	9.58815745349
5360.0	90.0	8.8094380936	8.75881464948
5370.0	88.0	8.53877996262	9.76715230327
5370.0	90.0	8.11216718541	8.84091362059
5380.0	88.0	8.07407300056	9.94614715306
5380.0	90.0	7.36733116244	8.94592393246
5390.0	88.0	7.57969045805	9.96953581343
5390.0	90.0	6.63638583671	9.04639970814
5400.0	88.0	7.07268000897	9.92609972988
5400.0	90.0	5.91659516179	9.164536309
5410.0	88.0	6.57808700135	9.91989457509
5410.0	90.0	5.22395448602	9.32372239541
5420.0	88.0	6.0961219003	9.95068168925
5420.0	90.0	4.53110334513	9.48266982201
5430.0	88.0	5.61394633415	9.98146880342
5430.0	90.0	3.84309290176	9.64901570241
5440.0	88.0	5.11282890813	10.0327806604
5440.0	90.0	3.15550338862	9.81607756221
5450.0	88.0	4.58308822721	10.1151182913
5450.0	90.0	2.46812434058	9.98313942201
5460.0	88.0	4.05334754628	10.1974559222
5460.0	90.0	1.80999994278	10.1747832412
5470.0	88.0	3.5290789582	10.2683378827
5470.0	90.0	1.15524298673	10.3692909779
5480.0	88.0	3.01049292808	10.3280028326
5480.0	90.0	0.505116263101	10.5683332509
5480.0	94.0	0.357790686363	11.8852580257
5490.0	88.0	2.49169643286	10.3876677825
5490.0	90.0	-0.126279065775	10.7852750089
5490.0	94.0	0.98918601524	11.8375260658
5500.0	88.0	1.94890691513	10.4406502581
5500.0	94.0	1.62058134412	11.7897941058
5510.0	88.0	1.39601507215	10.4905301562
5510.0	94.0	2.16337086184	11.7394368881
5520.0	88.0	0.84291276405	10.5404100543
5520.0	94.0	2.70489758891	11.6790559588
5530.0	88.0	0.289810455954	10.5902899525
5530.0	94.0	3.23526966516	11.526313687
5540.0	88.0	-0.263291852142	10.6404085104
5540.0	94.0	3.76564174142	11.3735714151
5550.0	94.0	4.3511556764	11.2315688343
5560.0	94.0	4.97329054045	11.0967260475
5570.0	94.0	5.59205796275	10.9831239828
5580.0	94.0	6.20240678066	10.9194018163
5590.0	94.0	6.81275559858	10.8559183096
5600.0	94.0	7.42036837007	10.793389442
5610.0	94.0	8.02166718827	10.7337244921
5620.0	94.0	8.62296600647	10.6740595422
5630.0	94.0	9.2206869178	10.5461378895
5640.0	94.0	9.81440899206	10.350198194
5650.0	94.0	10.4083415314	10.1540198386
5660.0	94.0	10.9694415137	9.87478787294
5660.0	95.0	0.0311488362246	12.3298812326
5670.0	94.0	11.5166507987	9.55975693732
5670.0	95.0	0.506589518869	12.1353734958
5680.0	94.0	12.0527054329	9.26525074448
5680.0	95.0	0.982240666622	11.9408657591
5690.0	94.0	12.5437205337	9.05308218253
5690.0	95.0	1.4585232097	11.7518471977
5700.0	94.0	13.0347356344	8.84091362059
5700.0	95.0	1.94175110141	11.6103219365
5710.0	94.0	13.5697379431	8.71251464834
5710.0	95.0	2.42497899311	11.469035335
5720.0	94.0	14.1485169946	8.66788526579
5720.0	95.0	2.93746153504	11.326078115
5730.0	94.0	14.727296046	8.62301722345
5730.0	95.0	3.49372081978	11.1812116166
5740.0	94.0	15.3060750975	8.5783878409
5740.0	95.0	4.04998010452	11.0363451181
5750.0	95.0	4.59508473845	10.9146286203
5760.0	95.0	5.13303355866	10.8086636692
5770.0	95.0	5.67077191375	10.7024600583
5780.0	95.0	6.17231026999	10.5552069619
5790.0	95.0	6.66984978914	10.4034193293
5800.0	95.0	7.13476721631	10.2027064377
5810.0	95.0	7.58579394623	9.98099148382
5820.0	95.0	8.03682067616	9.75951518968
5830.0	95.0	8.55898461314	9.59412394848
5840.0	95.0	9.08893575918	9.43493786207
5850.0	95.0	9.61909737033	9.26525074448
5860.0	95.0	10.1490485164	9.05308218253
5870.0	95.0	10.6792101275	8.84091362059
5880.0	95.0	11.2455717375	8.69151258596
5890.0	95.0	11.8481333464	8.60487907867
5900.0	95.0	12.4443810019	8.47528680742
5910.0	95.0	13.0252647045	8.2461733997
5920.0	95.0	13.6061484071	8.01705999197
5930.0	95.0	14.1432553668	7.80226617223
