0.0	3.0	11.9123252048	4.43907227467
0.0	6.0	8.12395323155	3.46056709585
0.0	7.0	6.31395328877	3.84242277539
0.0	8.0	4.33558125829	7.35072183117
10.0	3.0	11.5046542875	4.51353413218
10.0	6.0	8.61075903011	3.4156990535
10.0	7.0	6.78539513433	3.68968050357
10.0	8.0	4.5544649723	7.27435069527
20.0	3.0	11.096772905	4.58823464949
20.0	6.0	9.09735436356	3.37106967095
20.0	7.0	7.25683697989	3.53693823175
20.0	8.0	4.77334868631	7.19797955936
30.0	3.0	10.6891019877	4.662696507
30.0	6.0	9.58416016213	3.32620162861
30.0	7.0	7.7467997551	3.4173696721
30.0	8.0	4.95540100613	7.17124966179
40.0	3.0	10.2799578145	4.70947382775
40.0	6.0	9.99014735859	3.32524698941
40.0	7.0	8.25549392506	3.3312134844
40.0	8.0	5.10083239688	7.19392234276
50.0	3.0	9.87081364144	4.7493300143
50.0	6.0	10.3759299045	3.335270701
50.0	7.0	8.76418809503	3.2450572967
50.0	8.0	5.24605332253	7.21659502374
60.0	3.0	9.46166946833	4.78918620085
60.0	6.0	10.7290903585	3.39947018712
60.0	7.0	9.27267179988	3.15890110901
60.0	8.0	5.39148471328	7.23926770471
70.0	3.0	9.05084157434	4.8297583668
70.0	6.0	11.0330019768	3.54552998454
70.0	7.0	9.7782089932	3.04291244635
70.0	8.0	5.54217773177	7.25931512788
80.0	3.0	8.63433112239	4.87462640915
80.0	6.0	11.3792170821	3.79469081544
80.0	7.0	10.2833252563	2.92358254649
80.0	8.0	5.70591958706	7.27244141687
90.0	3.0	8.21782067044	4.91925579169
90.0	6.0	11.7532135819	4.11282432846
90.0	7.0	10.8339019831	2.86009903977
90.0	8.0	5.86966144235	7.28580636565
100.0	3.0	7.80131021849	4.96412383404
100.0	6.0	12.1274205468	4.43119650128
100.0	7.0	11.3895298725	2.80282068783
100.0	8.0	6.03340329764	7.29893265464
110.0	3.0	7.38458930143	5.00875321659
110.0	6.0	12.4490112343	4.77916248926
110.0	7.0	11.9192705534	2.76845367668
110.0	8.0	6.13505794558	7.3328223462
120.0	3.0	6.97207768656	5.03786971215
120.0	6.0	12.7647088988	5.13046971444
120.0	7.0	12.4104961193	2.76845367668
120.0	8.0	6.21019398972	7.37554245034
130.0	3.0	6.56503816455	5.04312022774
130.0	6.0	13.0804065632	5.48177693962
130.0	7.0	12.90151122	2.76845367668
130.0	8.0	6.28533003386	7.41802389469
140.0	3.0	6.15820910764	5.04837074334
140.0	6.0	13.3329646948	5.87508828955
140.0	7.0	13.4188344595	2.83933563719
140.0	8.0	6.27943701079	7.46838111243
150.0	3.0	5.75138005074	5.05385991873
150.0	6.0	13.4381972496	6.36553417796
150.0	7.0	13.9755146745	3.01642120858
150.0	8.0	6.26428352289	7.51945430957
160.0	3.0	5.34434052872	5.05911043433
160.0	6.0	13.5415356184	6.8318754266
160.0	7.0	14.5321948894	3.19350677997
160.0	8.0	6.22703119849	7.56360637252
170.0	3.0	4.96276728497	5.07390734191
170.0	6.0	13.6427693361	7.27387337567
170.0	7.0	15.0890855695	3.37059235135
170.0	8.0	5.98962655483	7.54522956794
180.0	3.0	4.58393008764	5.08989754849
180.0	6.0	13.744213519	7.71587132474
180.0	8.0	5.75222191118	7.52685276336
190.0	3.0	4.20509289032	5.10564909527
190.0	6.0	13.7553681698	8.13949246923
190.0	8.0	5.51481726752	7.50871461858
200.0	3.0	3.82625569299	5.12163930185
200.0	6.0	13.7440030539	8.55881773732
200.0	8.0	5.28625215846	7.50060018539
210.0	3.0	3.44405105391	5.1636434266
210.0	6.0	13.732637938	8.97814300542
210.0	8.0	5.09325565294	7.53377389755
220.0	3.0	3.05658478709	5.2450264183
220.0	6.0	13.7208518918	9.39460435592
220.0	8.0	4.90025914741	7.56694760971
230.0	3.0	2.66911852027	5.32640941
230.0	6.0	13.7065402644	9.78505178825
230.0	8.0	4.70747310699	7.59988266208
240.0	3.0	2.28165225345	5.40779240171
240.0	6.0	13.6922286369	10.1754992206
240.0	8.0	4.50942543884	7.59773472388
250.0	3.0	1.89418598663	5.48917539341
250.0	6.0	13.6779170095	10.5661853127
250.0	8.0	4.30822079403	7.57172080571
260.0	3.0	1.55133832305	5.6664996246
260.0	6.0	13.6633949169	10.956632745
260.0	8.0	4.10680568412	7.54570688754
270.0	3.0	1.20870112458	5.84382385578
270.0	8.0	3.90560103932	7.51993162917
280.0	3.0	0.865853460999	6.02114808697
280.0	8.0	3.70418592941	7.493917711
290.0	3.0	0.552470912767	6.19918829756
290.0	8.0	3.52529058623	7.48795121601
300.0	3.0	0.268343014773	6.37818314734
300.0	8.0	3.34639524305	7.48198472102
310.0	3.0	-0.0157848832219	6.55717799713
310.0	8.0	3.16749989986	7.47601822602
320.0	8.0	2.98860455668	7.47005173103
330.0	8.0	2.95282548805	7.41921719369
330.0	12.0	15.0366797572	3.79898669184
340.0	8.0	2.91704641941	7.36838265635
340.0	12.0	14.5010460532	3.84242277539
350.0	8.0	2.88105688566	7.31778677881
350.0	12.0	13.9654123492	3.88585885893
360.0	8.0	2.84527781703	7.26695224147
360.0	12.0	13.4295681801	3.92929494248
370.0	8.0	2.79308246984	7.22733471472
370.0	12.0	12.8695205234	3.97082174763
380.0	8.0	2.70300340292	7.21373110614
380.0	12.0	12.3035798436	4.01187123318
390.0	8.0	2.61271387089	7.20012749756
390.0	12.0	11.7374286987	4.05315937853
400.0	8.0	2.52263480397	7.18628522917
400.0	12.0	11.2072670876	4.15745371101
410.0	8.0	2.40582666813	7.13759863003
410.0	12.0	10.6811043135	4.26890783747
420.0	8.0	2.28249411389	7.0800816183
420.0	12.0	10.1549415394	4.38012330414
430.0	8.0	2.15916155965	7.02232594677
430.0	12.0	9.66034853181	4.46890474963
440.0	8.0	2.08360458529	7.02304192617
440.0	12.0	9.16933343106	4.55506093733
450.0	8.0	2.01351970379	7.03044037996
450.0	12.0	8.67810786519	4.64121712503
460.0	8.0	1.94322435717	7.03760017395
460.0	12.0	8.18604043888	4.72832795192
460.0	14.0	14.6904646519	3.2479212143
460.0	15.0	15.0693018492	4.00948463519
470.0	8.0	1.85040924383	7.02566718396
470.0	12.0	7.69144743126	4.81782537682
470.0	14.0	14.059069323	3.31307533962
470.0	15.0	14.4547437291	4.04767020314
480.0	8.0	1.74244064259	7.00132388439
480.0	12.0	7.19685442364	4.90732280171
480.0	14.0	13.4276739941	3.37822946494
480.0	15.0	13.840185609	4.08585577109
490.0	8.0	1.63468250646	6.97674192502
490.0	12.0	6.70226141602	4.9968202266
490.0	14.0	12.7988042465	3.44505420886
490.0	15.0	13.2172088845	4.1627042266
490.0	16.0	0.261397666155	7.2440409007
500.0	8.0	1.52671390522	6.95239862545
500.0	12.0	6.22976724492	5.09538672388
500.0	14.0	12.1920333355	3.52930111816
500.0	15.0	12.5858135556	4.27821556966
500.0	16.0	0.350003477307	7.13091615564
510.0	8.0	1.48419995308	7.03712285435
510.0	12.0	5.80883702566	5.21471662374
510.0	14.0	11.5854728896	3.61354802746
510.0	15.0	11.9544182267	4.39372691272
510.0	16.0	0.43860928846	7.01779141057
520.0	8.0	1.46967786052	7.16886306379
520.0	12.0	5.38790680641	5.3340465236
520.0	14.0	10.9789124436	3.69779493676
520.0	15.0	11.3562763852	4.500646503
520.0	16.0	0.527215099612	6.90490532531
530.0	8.0	1.45515576795	7.30060327323
530.0	12.0	4.96697658716	5.45337642345
530.0	14.0	10.3877159507	3.84385473418
530.0	15.0	10.8078043095	4.59467846408
530.0	16.0	0.611822073681	6.8256702718
540.0	8.0	1.45263018664	7.33353832559
540.0	12.0	4.53952194951	5.56315993132
540.0	14.0	9.80304387614	4.01616710958
540.0	15.0	10.2591217687	4.68847176537
540.0	16.0	0.686958117818	6.8256702718
550.0	8.0	1.45305111685	7.34189141858
550.0	12.0	4.05397894161	5.58774189069
550.0	14.0	9.2183718016	4.18847948497
550.0	15.0	9.70896597214	4.77987846866
550.0	16.0	0.762094161954	6.8256702718
560.0	8.0	1.45368251218	7.35000585178
560.0	12.0	3.56822546859	5.61208519026
560.0	14.0	8.63664623859	4.34981350958
560.0	15.0	9.14344622257	4.84694187238
560.0	16.0	0.84880578712	6.81445326122
570.0	8.0	1.4541034424	7.35835894477
570.0	12.0	3.08247199558	5.63666714963
570.0	14.0	8.08080788407	4.4109104183
570.0	15.0	8.5777160079	4.9142439359
570.0	16.0	0.946672063096	6.79225789984
580.0	8.0	1.45473483773	7.36671203776
580.0	12.0	2.61103015001	5.67175014019
580.0	14.0	7.52496952955	4.47200732703
580.0	15.0	8.01219625833	4.98130733962
580.0	16.0	1.04453833907	6.77006253847
580.0	18.0	0.352108128404	6.93736305807
590.0	8.0	1.45515576795	7.37482647095
590.0	12.0	2.19704527938	5.7485985957
590.0	14.0	6.96913117503	4.53334289556
590.0	15.0	7.48498115872	5.08560167209
590.0	16.0	1.14240461505	6.7478671771
590.0	18.0	0.409354638222	6.77459707467
600.0	8.0	1.45578716328	7.38317956394
600.0	12.0	1.78284994364	5.82568571101
600.0	14.0	6.41245096007	4.60231557767
600.0	15.0	6.9619753613	5.19419188096
600.0	16.0	1.25184647205	6.73474088811
600.0	18.0	0.466811613149	6.61206975106
610.0	8.0	1.4562080935	7.39153265693
610.0	12.0	1.37854646805	5.89083983633
610.0	14.0	5.8532451638	4.70279135335
610.0	15.0	6.43896956388	5.30254343003
610.0	16.0	1.40716972296	6.75741356909
610.0	18.0	0.660860444224	6.41827799369
620.0	8.0	1.45683948883	7.39988574992
620.0	12.0	1.06284880361	5.85122230957
620.0	14.0	5.29382890241	4.80326712903
620.0	15.0	5.91406958048	5.36244703976
620.0	16.0	1.56249297386	6.78032490986
620.0	18.0	0.941831365574	6.22902077252
630.0	8.0	1.45726041905	7.40800018311
630.0	12.0	0.747151139171	5.81136612302
630.0	14.0	4.73441264103	4.90374290471
630.0	15.0	5.38790680641	5.39013157653
630.0	16.0	1.71781622476	6.80299759083
630.0	18.0	1.33645344612	6.10969087266
640.0	8.0	1.45789181438	7.4163532761
640.0	12.0	0.347898826211	5.92186561029
640.0	14.0	4.20530335543	4.97963672102
640.0	15.0	4.86174403235	5.4175774535
640.0	16.0	1.87313947567	6.8256702718
640.0	18.0	1.65909645918	6.03713829355
650.0	8.0	1.4583127446	7.42470636909
650.0	12.0	-0.0869220902753	6.09704190328
650.0	14.0	3.72186499862	5.01829960857
650.0	15.0	4.45323125457	5.43165838168
650.0	16.0	2.1318010954	6.92113419169
650.0	18.0	1.93354296213	5.9956114884
660.0	8.0	1.45894413992	7.43305946208
660.0	14.0	3.2382161767	5.05696249613
660.0	15.0	4.02514522159	5.46387745464
660.0	16.0	2.39025225002	7.01659811158
660.0	18.0	2.21682899969	5.96649499284
670.0	8.0	1.45936507014	7.44117389527
670.0	14.0	2.75477781989	5.09562538368
670.0	15.0	3.55159872493	5.53833931215
670.0	16.0	2.64891386975	7.11206203146
670.0	18.0	2.52095108309	5.96649499284
680.0	8.0	1.45999646547	7.44952698826
680.0	14.0	2.28838713696	5.09968260028
680.0	15.0	3.163921993	5.54693106494
680.0	16.0	2.92483362847	7.18151203318
680.0	18.0	2.78866270254	5.91876303289
690.0	8.0	1.46041739569	7.45788008125
690.0	14.0	1.82915226776	5.08894290929
690.0	15.0	2.82191618986	5.53690735335
690.0	16.0	3.21822199128	7.22494811673
690.0	18.0	3.02017432313	5.82329911301
700.0	8.0	1.46104879102	7.46623317424
700.0	14.0	1.38212437491	5.12330992045
700.0	15.0	2.49401154906	5.50898415679
700.0	16.0	3.5116103541	7.26838420027
700.0	18.0	3.12688013371	5.76530478168
710.0	8.0	1.46146972124	7.47434760743
710.0	14.0	0.947092993315	5.20278363375
710.0	15.0	2.17831388462	5.4161454947
710.0	16.0	3.8045777867	7.30155791243
710.0	18.0	3.10856966917	5.7445413791
720.0	8.0	1.46210111657	7.48270070042
720.0	14.0	0.59014416739	5.48297023862
720.0	15.0	1.85903831332	5.30612332703
720.0	16.0	4.09670335886	7.29368213904
720.0	18.0	3.09025920463	5.72377797653
730.0	8.0	1.46252204679	7.49105379341
730.0	14.0	0.233405806575	5.76315684348
730.0	15.0	1.53639530027	5.17891765378
730.0	16.0	4.38861846591	7.28604502545
730.0	18.0	3.07194874009	5.70301457395
740.0	8.0	1.46315344212	7.4994068864
740.0	15.0	1.09925926757	5.10541043547
740.0	16.0	4.6834800845	7.27578265406
740.0	18.0	3.05363827556	5.68225117138
750.0	8.0	1.46357437234	7.50752131959
750.0	15.0	0.673488350802	5.27271095507
750.0	16.0	5.005070772	7.2426089419
750.0	18.0	2.84590921236	5.28798518225
760.0	8.0	1.46420576766	7.51587441258
760.0	15.0	0.291494176831	5.56268261172
760.0	16.0	5.3264509944	7.20943522974
760.0	18.0	2.61713363819	4.85195372817
770.0	8.0	1.46462669788	7.52422750557
770.0	15.0	0.0648232537647	5.92974138368
770.0	16.0	5.64804168191	7.17626151758
770.0	18.0	2.38583248271	4.42713928468
780.0	8.0	1.46525809321	7.53258059856
780.0	16.0	5.94921725378	7.14332646522
780.0	18.0	2.15284760636	4.00948463519
790.0	8.0	1.46567902343	7.54069503175
790.0	16.0	6.22976724492	7.11015275306
790.0	18.0	1.91965226489	3.59182998569
800.0	8.0	1.46631041876	7.54904812474
800.0	16.0	6.51031723605	7.0769790409
800.0	18.0	1.70476738797	3.1617650266
810.0	8.0	1.46673134898	7.55740121773
810.0	16.0	6.79107769229	7.04380532874
810.0	18.0	1.49430227834	2.72859749012
820.0	8.0	1.4671522792	7.56551565092
820.0	16.0	7.13097884433	6.89512027352
820.0	18.0	1.28973019179	2.30044180944
830.0	8.0	1.46778367453	7.57386874391
830.0	16.0	7.47761487989	6.73378624891
830.0	18.0	1.13777438264	1.9159608721
840.0	8.0	1.46820460475	7.5822218369
840.0	16.0	7.82425091544	6.57221356451
840.0	18.0	0.985608108376	1.53147993476
850.0	8.0	1.46883600008	7.59057492989
850.0	16.0	8.18098927625	6.39942386952
850.0	18.0	0.833652299227	1.14699899742
860.0	8.0	1.4692569303	7.59868936308
860.0	16.0	8.54782996233	6.21541716394
860.0	18.0	0.700638349943	0.879700021744
870.0	8.0	1.46988832562	7.60704245607
870.0	16.0	8.91467064841	6.03117179856
870.0	18.0	0.586355795417	0.729583007724
880.0	8.0	1.47030925584	7.61539554906
880.0	16.0	9.28151133449	5.84716509298
880.0	18.0	0.47207324089	0.579704653504
890.0	8.0	1.47094065117	7.62374864205
890.0	16.0	9.61930783543	5.73404034792
890.0	18.0	0.357790686363	0.429587639484
900.0	8.0	1.47136158139	7.63186307524
900.0	16.0	9.95731480149	5.62115426265
900.0	18.0	0.278866270254	0.322190729613
910.0	8.0	1.47199297672	7.64021616823
910.0	16.0	10.2951113024	5.50802951759
910.0	18.0	0.199941854144	0.214793819742
920.0	8.0	1.47241390694	7.64856926122
920.0	16.0	10.6427996635	5.39108621573
920.0	18.0	0.121017438035	0.107396909871
930.0	8.0	1.47304530227	7.65692235421
930.0	16.0	11.0306868606	5.25934600629
930.0	18.0	0.0420930219251	0.0
940.0	8.0	1.45999646547	7.63114709584
940.0	16.0	11.4183635925	5.12736713704
950.0	8.0	1.43368832677	7.57148214591
950.0	16.0	11.8060403244	4.9956269276
960.0	8.0	1.40738018807	7.51181719598
960.0	16.0	12.1705658943	4.88536610013
970.0	8.0	1.37644181695	7.45573214305
970.0	16.0	12.5005751862	4.80804032503
980.0	8.0	1.33434879503	7.40800018311
980.0	16.0	12.830374013	4.73071454992
990.0	8.0	1.2922557731	7.36026822316
990.0	16.0	13.1603833049	4.65315011501
1000.0	8.0	1.25121507672	7.30800172703
1000.0	16.0	13.4874460852	4.60040629928
1010.0	8.0	1.21248949655	7.2452341997
1010.0	16.0	13.8134565401	4.55840217453
1020.0	8.0	1.17355345127	7.18246667238
1020.0	16.0	14.1394669949	4.51639804978
1030.0	8.0	1.1348278711	7.11969914505
1030.0	16.0	14.4654774497	4.47415526523
1040.0	8.0	1.1259883365	7.0796042987
1040.0	16.0	14.7914879045	4.43215114048
1050.0	8.0	1.14724531257	7.06265945292
1060.0	8.0	1.16829182353	7.04571460714
1070.0	8.0	1.1895487996	7.02876976136
1080.0	8.0	1.21080577568	7.01182491558
1080.0	23.0	14.8630460418	6.60514861687
1090.0	8.0	1.23185228664	6.9948800698
1090.0	23.0	14.4000228006	6.47149912903
1090.0	24.0	15.3130204461	2.90854697911
1100.0	8.0	1.25310926271	6.97793522402
1100.0	23.0	13.9369995594	6.33784964119
1100.0	24.0	14.7563402312	2.9161840927
1100.0	25.0	15.0482553382	3.43670111587
1110.0	8.0	1.27415577367	6.96099037824
1110.0	23.0	13.4104158551	6.30921046522
1110.0	24.0	14.1996600162	2.92405986609
1110.0	25.0	14.4379065203	3.46056709585
1120.0	8.0	1.29541274975	6.94404553246
1120.0	23.0	12.8766763371	6.29202695965
1120.0	24.0	13.6429798013	2.93169697968
1120.0	25.0	13.8275577024	3.48443307582
1130.0	8.0	1.31666972582	6.92710068668
1130.0	23.0	12.3517763537	6.26338778368
1130.0	24.0	13.0987170278	2.89780728812
1130.0	25.0	13.2172088845	3.50829905579
1140.0	8.0	1.33771623678	6.9101558409
1140.0	23.0	11.9045379957	6.12902231644
1140.0	24.0	12.5670821608	2.82239079141
1140.0	25.0	12.6540042511	3.55984957253
1150.0	8.0	1.35897321285	6.89321099512
1150.0	23.0	11.4572996378	5.994895509
1150.0	24.0	12.0352368288	2.7472129545
1150.0	25.0	12.0910100829	3.61140008926
1160.0	8.0	1.38001972381	6.87626614934
1160.0	23.0	11.0100612798	5.86053004176
1160.0	24.0	11.5036019619	2.67179645779
1160.0	25.0	11.5278054495	3.6631892658
1160.0	26.0	0.411248824208	3.28992533905
1170.0	8.0	1.40127669989	6.85932130356
1170.0	23.0	10.54956362	5.78153364806
1170.0	24.0	10.9801752343	2.68349078798
1170.0	25.0	10.9799647692	3.70901194735
1170.0	26.0	1.0102325262	3.43670111587
1180.0	8.0	1.42253367596	6.84237645778
1180.0	23.0	10.0878031695	5.70850374935
1180.0	24.0	10.4601159484	2.73265470672
1180.0	25.0	10.4683240877	3.74146968011
1180.0	26.0	1.6092162282	3.5834768927
1190.0	8.0	1.44358018692	6.825431612
1190.0	23.0	9.62583225383	5.63571251043
1190.0	24.0	9.9400566625	2.78181862546
1190.0	25.0	9.95647294105	3.77416607267
1190.0	26.0	2.17073714068	3.78705370185
1200.0	8.0	1.46483716299	6.80848676623
1200.0	23.0	9.15523226871	5.54120322975
1200.0	24.0	9.42294388815	2.82692532761
1200.0	25.0	9.44462179445	3.80662380543
1200.0	26.0	2.71605223972	4.01497381058
1210.0	8.0	1.59953483315	6.83903522059
1210.0	23.0	8.66421716795	5.39657539112
1210.0	24.0	8.91256599731	2.86248563776
1210.0	25.0	8.93277064784	3.83908153819
1210.0	26.0	3.29377896564	4.20637896995
1220.0	8.0	1.80999994278	6.90084810871
1220.0	23.0	8.17299160209	5.25194755249
1220.0	24.0	8.40197764136	2.89804594792
1220.0	25.0	8.43670438445	3.86247019856
1220.0	26.0	3.90412778355	4.36150783976
1230.0	8.0	2.02046505241	6.96266099684
1230.0	23.0	7.68197650133	5.10731971387
1230.0	24.0	7.89159975052	2.93336759828
1230.0	25.0	7.94232184194	3.88466555994
1230.0	26.0	4.48038125371	4.54002536995
1240.0	8.0	2.26881388176	6.98103780142
1240.0	23.0	7.22989744586	4.92164238969
1240.0	24.0	7.38101139457	2.96892790844
1240.0	25.0	7.44793929943	3.90686092131
1240.0	26.0	5.02274984121	4.74193156051
1250.0	8.0	2.52137201331	6.9948800698
1250.0	23.0	6.77781839038	4.73596506551
1250.0	24.0	6.89041722403	2.99016863061
1250.0	25.0	6.95376722203	3.92905628268
1250.0	26.0	5.56511842872	4.94383775106
1260.0	8.0	2.77393014486	7.00848367839
1260.0	23.0	6.32805445111	4.59611042288
1260.0	24.0	6.4130823554	3.0018629608
1260.0	25.0	6.47243351631	3.92189648869
1260.0	26.0	6.10643469068	5.02545940257
1270.0	8.0	3.01933246269	7.02757646236
1270.0	23.0	5.88376260469	4.56293671072
1270.0	24.0	5.93553702166	3.01355729098
1270.0	25.0	6.00014981031	3.89540525092
1270.0	26.0	6.64775095263	5.09371610528
1280.0	8.0	3.25379059481	7.05478367953
1280.0	23.0	5.43926029316	4.53000165836
1280.0	24.0	5.45820215303	3.02525162117
1280.0	25.0	5.5276556392	3.86891401315
1280.0	26.0	7.18001721487	5.10731971387
1290.0	8.0	3.48824872693	7.0819908967
1290.0	23.0	4.99496844674	4.4968279462
1290.0	24.0	4.97560565666	3.02835419856
1290.0	25.0	5.05537193321	3.84242277539
1290.0	26.0	7.70996836091	5.10731971387
1300.0	8.0	3.72291732417	7.10943677366
1300.0	23.0	4.5218428803	4.46962072903
1300.0	24.0	4.48774753255	3.02286502317
1300.0	25.0	4.58371962253	3.81760215622
1300.0	26.0	8.23823578607	5.09371610528
1310.0	8.0	3.88034522617	7.12113110385
1310.0	23.0	4.03608940729	4.44527742946
1310.0	24.0	3.99988940843	3.01737584778
1310.0	25.0	4.11901266048	3.80757844463
1310.0	26.0	8.7505078629	4.95863465865
1320.0	8.0	4.02956498889	7.13091615564
1320.0	23.0	3.55033593427	4.42069547009
1320.0	24.0	3.51182081921	3.01188667238
1320.0	25.0	3.65409523332	3.79755473304
1320.0	26.0	9.26256947462	4.82331455221
1330.0	8.0	4.17857428651	7.14093986723
1330.0	23.0	3.06479292637	4.39635217052
1330.0	24.0	3.01975339291	3.00305625979
1330.0	25.0	3.18938827127	3.78776968125
1330.0	26.0	9.77757759787	4.67940269298
1340.0	8.0	4.32758358412	7.15096357881
1340.0	23.0	2.61629177775	4.34766557138
1340.0	24.0	2.48980224687	2.96343873304
1340.0	25.0	2.72468130921	3.77774596966
1340.0	26.0	10.3176310692	4.45649444005
1350.0	8.0	4.47091032378	7.163851208
1350.0	23.0	2.17747202419	4.29325113705
1350.0	24.0	1.95964063572	2.92358254649
1350.0	25.0	2.24797783591	3.7491067937
1350.0	26.0	10.8578950056	4.23382484692
1360.0	8.0	4.56035799537	7.20442337395
1360.0	23.0	1.73844180551	4.23859804291
1360.0	24.0	1.42968948969	2.88372635994
1360.0	25.0	1.74391389836	3.67703153419
1360.0	26.0	11.4046833604	4.01616710958
1370.0	8.0	4.65001613207	7.2449955399
1370.0	23.0	1.27057786681	4.17941041258
1370.0	24.0	0.89952787854	2.84410883319
1370.0	25.0	1.2398499608	3.60495627467
1370.0	26.0	12.0108228761	3.84433205378
1380.0	8.0	4.73946380366	7.28580636565
1380.0	23.0	0.735786023251	4.10996041087
1380.0	24.0	0.369576732502	2.80425264663
1380.0	25.0	0.735575558141	3.53264235536
1380.0	26.0	12.6169623918	3.67249699799
1390.0	8.0	4.82912194036	7.3263785316
1390.0	23.0	0.200783714583	4.04027174935
1390.0	25.0	0.231511620588	3.46056709585
1390.0	26.0	13.2420437674	3.56462276852
1400.0	8.0	4.86048124169	7.34236873818
1400.0	26.0	13.8797530496	3.499707303
1410.0	8.0	4.80470798764	7.32112801601
1410.0	26.0	14.5176727969	3.43455317768
1420.0	8.0	4.7491451987	7.30012595363
1420.0	26.0	15.155382079	3.36939905235
1430.0	8.0	4.69337194465	7.27912389126
1440.0	8.0	4.53552311243	7.2466661585
1450.0	8.0	4.37767428021	7.21396976594
1460.0	8.0	4.21982544799	7.18151203318
1470.0	8.0	4.06197661577	7.14905430042
1480.0	8.0	3.90496964399	7.12113110385
1490.0	8.0	3.74838360243	7.09678780428
1500.0	8.0	3.59200802598	7.07220584491
1510.0	8.0	3.43542198442	7.04786254534
1520.0	8.0	3.27631036154	7.04762388554
1530.0	8.0	3.11635687823	7.05812491673
1540.0	8.0	2.9561929298	7.06838728811
1550.0	8.0	2.79602898138	7.0788883193
1560.0	8.0	2.64175805602	7.08915069069
1570.0	8.0	2.54115573362	7.09965172188
1580.0	8.0	2.44055341122	7.10991409326
1590.0	8.0	2.34647550722	7.11206203146
1600.0	8.0	2.25408132409	7.11206203146
1610.0	8.0	2.16168714096	7.11206203146
1620.0	8.0	2.06929295784	7.11206203146
1630.0	8.0	1.97605691427	7.0824682163
1640.0	8.0	1.88239994049	7.03998677195
1650.0	8.0	1.78895343182	6.9975053276
1660.0	8.0	1.69550692314	6.95502388325
1670.0	8.0	1.62500111142	6.91994089269
1680.0	8.0	1.64709994793	6.9134970781
1690.0	8.0	1.66940924955	6.90729192331
1700.0	8.0	1.69150808606	6.90108676851
1710.0	8.0	1.71360692257	6.89464295392
1720.0	8.0	1.73570575908	6.88843779913
1730.0	8.0	1.7580150607	6.88223264434
1740.0	8.0	1.78011389721	6.87602748954
1750.0	8.0	1.84830459273	6.87053831415
1760.0	8.0	1.94743365937	6.86600377796
1770.0	8.0	2.046562726	6.86123058196
1780.0	8.0	2.14548132752	6.85645738597
1790.0	8.0	2.24461039416	6.85192284977
1800.0	8.0	2.26797202132	6.85812800457
1810.0	8.0	2.21598713925	6.87531151015
1820.0	8.0	2.16379179206	6.89249501572
1820.0	34.0	0.20814999342	7.03067903976
1830.0	8.0	2.11180690998	6.9099171811
1830.0	34.0	0.395253475877	6.93354450128
1840.0	8.0	2.05982202791	6.92710068668
1840.0	34.0	0.582356958334	6.83617130299
1850.0	8.0	2.00762668072	6.94428419226
1850.0	34.0	0.774090673203	6.71421614534
1860.0	8.0	1.95564179864	6.96146769784
1860.0	34.0	0.972769736689	6.55526871873
1870.0	8.0	1.90344645145	6.97865120342
1870.0	34.0	1.17165926529	6.39608263232
1880.0	8.0	1.85146156938	6.995834709
1880.0	34.0	1.37033832877	6.23689654591
1890.0	8.0	1.79926622219	7.01325687438
1890.0	34.0	1.53534297472	6.1660145854
1900.0	8.0	1.63026273916	6.96743419283
1900.0	34.0	1.69171855117	6.11708932646
1910.0	8.0	1.43179414078	6.90609862431
1910.0	34.0	1.84830459273	6.06816406751
1920.0	8.0	1.23332554241	6.84476305578
1920.0	34.0	2.00489063429	6.01923880857
1930.0	8.0	1.01254764241	6.81158934362
1930.0	34.0	2.21451388348	5.9982367462
1940.0	8.0	0.739574395224	6.84380841658
1940.0	34.0	2.43024062085	5.98033726122
1950.0	8.0	0.46639068293	6.87602748954
1950.0	34.0	2.64596735821	5.96243777624
1960.0	8.0	0.193417435746	6.90824656251
1960.0	34.0	2.86169409558	5.94453829126
1970.0	34.0	3.04037897365	6.00539654019
1980.0	34.0	3.21506501464	6.07532386151
1990.0	34.0	3.38954059052	6.14525118282
2000.0	34.0	3.5640161664	6.21493984434
2010.0	34.0	3.63052314104	6.26171716508
2020.0	34.0	3.66988011654	6.30276665063
2030.0	34.0	3.70944755715	6.34381613618
2030.0	36.0	0.41040696377	5.26674446008
2040.0	34.0	3.74880453265	6.38486562173
2040.0	36.0	1.14703484746	5.06078105292
2050.0	34.0	3.78837197326	6.42591510728
2050.0	36.0	1.86472087128	4.88059290414
2060.0	34.0	3.82772894876	6.46696459284
2060.0	36.0	2.53820922208	4.76126300428
2070.0	34.0	3.97652778126	6.49417181
2070.0	36.0	3.21317082865	4.65124083662
2080.0	34.0	4.28927893417	6.50109294419
2080.0	36.0	3.89128941187	4.56293671072
2080.0	37.0	14.7140367441	4.72546403433
2090.0	34.0	4.60203008707	6.50801407839
2090.0	36.0	4.56940799508	4.47439392503
2090.0	37.0	14.0453890909	4.96412383404
2100.0	34.0	4.91457077487	6.51469655278
2100.0	36.0	5.27509750765	4.39324959313
2100.0	37.0	13.4449321331	5.15075579742
2110.0	34.0	5.28688355379	6.46720325264
2110.0	36.0	5.99909748477	4.31687845722
2110.0	37.0	12.8613123841	5.32426147181
2120.0	34.0	5.66572075112	6.4135047977
2120.0	36.0	6.72478118275	4.23979134191
2120.0	37.0	12.2720100772	5.4977671462
2130.0	34.0	6.04455794845	6.35980634276
2130.0	36.0	7.4647765082	4.15506711301
2130.0	37.0	11.6789193982	5.67151148039
2140.0	34.0	6.42339514577	6.30610788783
2140.0	36.0	8.20477183364	4.07034288411
2140.0	37.0	11.0864601146	5.81184344262
2150.0	34.0	6.76161257694	6.21159860714
2150.0	36.0	8.94476715908	3.98561865521
2150.0	37.0	10.4952636217	5.90277282631
2160.0	34.0	7.0951997757	6.11255479026
2160.0	36.0	9.72643457623	3.90041710672
2160.0	37.0	9.90953922161	6.01804550957
2170.0	34.0	7.42899743956	6.01374963318
2170.0	36.0	10.5083124585	3.81521555822
2170.0	37.0	9.33707412343	6.18988056537
2180.0	34.0	7.76258463832	5.9147058163
2180.0	36.0	11.2937682476	3.71903565893
2180.0	37.0	8.76460902525	6.36171562116
2190.0	34.0	8.09659276729	5.82425375221
2190.0	36.0	12.0943775246	3.5789423565
2190.0	37.0	8.17867416005	6.46600995364
2200.0	34.0	8.43060089627	5.73618828611
2200.0	36.0	12.8951972668	3.43884905407
2200.0	37.0	7.5893718531	6.55359810013
2210.0	34.0	8.76439856014	5.64788416022
2210.0	36.0	13.6958065438	3.29875575164
2210.0	37.0	7.00006954615	6.64118624663
2220.0	34.0	9.09840668911	5.55981869412
2220.0	36.0	14.4964158208	3.15866244921
2220.0	37.0	6.42928816884	6.69822593876
2230.0	34.0	9.42104970217	5.48225425922
2230.0	37.0	5.86334748906	6.7473898575
2240.0	34.0	9.69844271665	5.44836456766
2240.0	37.0	5.29719634416	6.79679243604
2250.0	34.0	9.97562526603	5.4142362163
2250.0	37.0	4.69526613064	6.86695841716
2260.0	34.0	10.2530182805	5.38010786494
2260.0	37.0	4.08933708002	6.93927233647
2270.0	34.0	10.5302008299	5.34597951358
2270.0	37.0	3.48361849452	7.01158625578
2280.0	34.0	10.8075938444	5.31185116222
2280.0	37.0	2.93977665125	7.11444862946
2290.0	34.0	11.0847763938	5.27772281086
2290.0	37.0	2.43739643457	7.23759708611
2300.0	34.0	11.3390182462	5.21543260314
2300.0	37.0	1.9350162179	7.36074554276
2310.0	34.0	11.5909449824	5.14980115822
2310.0	37.0	1.49745925499	7.48651925721
2320.0	34.0	11.8426612535	5.0844083731
2320.0	37.0	1.12514647606	7.61515688926
2330.0	34.0	12.0943775246	5.01877692817
2330.0	37.0	0.752833697131	7.7435558615
2340.0	34.0	12.3460937957	4.95338414305
2340.0	37.0	0.6800127692	7.92756256708
2350.0	34.0	12.6603182044	4.88608207953
2350.0	37.0	0.6406557937	8.11777442745
2360.0	34.0	12.9903274963	4.81830269641
2360.0	37.0	0.601088353091	8.30798628782
2370.0	34.0	13.3201263231	4.7505233133
2370.0	37.0	0.561731377591	8.4981981482
2380.0	34.0	13.650135615	4.68298258998
2380.0	37.0	0.522163936981	8.68841000857
2390.0	34.0	13.9799344418	4.61520320686
2390.0	37.0	0.482806961481	8.87862186894
2400.0	34.0	14.3099437337	4.54742382374
2400.0	37.0	0.443239520871	9.06859506951
2410.0	34.0	14.6397425604	4.47964444062
2420.0	34.0	14.9697518523	4.4118650575
2870.0	40.0	15.0358378968	3.83574030099
2880.0	40.0	14.5279855872	3.90161040572
2890.0	40.0	14.0199228126	3.96748051044
2900.0	40.0	13.511860038	4.03335061516
2910.0	40.0	13.0526251688	4.09850474048
2920.0	40.0	12.5933902996	4.163420206
2930.0	40.0	12.1343658955	4.22857433132
2940.0	40.0	11.6340903299	4.27964752846
2950.0	40.0	11.1165566253	4.32499289041
2960.0	40.0	10.5988124556	4.37009959255
2970.0	40.0	10.0812787511	4.4152062947
2980.0	40.0	9.6294101607	4.499453204
2990.0	40.0	9.17754157033	4.5837001133
3000.0	40.0	8.72567297996	4.6679470226
3010.0	40.0	8.26706950609	4.7481367153
3020.0	40.0	7.80404626491	4.82570115021
3030.0	40.0	7.34102302374	4.90326558511
3040.0	40.0	6.87799978256	4.98083002002
3040.0	44.0	0.300754641655	4.86603465636
3050.0	40.0	6.44023235454	5.02736868096
3050.0	44.0	0.781667417149	4.84049805779
3060.0	40.0	6.01930213529	5.05314393933
3060.0	44.0	1.26279065775	4.81496145922
3070.0	40.0	5.59837191604	5.0789191977
3070.0	44.0	1.75633133983	4.78178774706
3080.0	40.0	5.17744169679	5.10469445607
3080.0	44.0	2.27933713724	4.73119186952
3090.0	40.0	4.77334868631	5.17414445779
3090.0	44.0	2.80234293466	4.68059599198
3100.0	40.0	4.37114986181	5.2483676555
3100.0	44.0	3.32534873208	4.63000011444
3110.0	40.0	3.96895103732	5.32259085321
3110.0	44.0	3.86392894762	4.57391506151
3120.0	40.0	3.56675221282	5.39681405092
3120.0	44.0	4.40250916315	4.51759134878
3130.0	40.0	3.18012780644	5.4963351874
3130.0	44.0	4.94087891357	4.46150629584
3130.0	46.0	0.535212773778	4.00256350099
3130.0	47.0	0.447027892845	3.27178719427
3140.0	40.0	2.81707549234	5.63356457224
3140.0	44.0	5.45672889726	4.42355938769
3140.0	46.0	1.08389531457	4.04528360514
3140.0	47.0	0.880796483783	3.33694131959
3150.0	40.0	2.45402317823	5.77079395707
3150.0	44.0	5.95721492795	4.39778412932
3150.0	46.0	1.63257785537	4.08800370929
3150.0	47.0	1.31435460961	3.40209544492
3160.0	40.0	2.09097086413	5.90802334191
3160.0	44.0	6.45791142375	4.37200887095
3160.0	46.0	2.15768830388	4.14647536022
3160.0	47.0	1.7535952934	3.46056709585
3170.0	40.0	1.71444878301	6.07222128411
3170.0	44.0	6.95839745444	4.34623361258
3170.0	46.0	2.66680340407	4.21592536194
3170.0	47.0	2.2412429524	3.46056709585
3180.0	40.0	1.31751158626	6.27675273246
3180.0	44.0	7.49487301887	4.31449185922
3180.0	46.0	3.17591850425	4.28513670385
3180.0	47.0	2.7288906114	3.46056709585
3190.0	40.0	0.920574389502	6.48128418082
3190.0	44.0	8.03513695528	4.28227278626
3190.0	46.0	3.67072197698	4.31663979742
3190.0	47.0	3.21653827041	3.46056709585
3190.0	48.0	0.294651153476	3.43670111587
3200.0	40.0	0.523847657858	6.68581562917
3200.0	44.0	8.5756113568	4.2500537133
3200.0	46.0	4.15100335714	4.31067330242
3200.0	47.0	3.70418592941	3.46056709585
3200.0	48.0	0.79829416081	3.39398101172
3210.0	40.0	0.2864430142	6.92113419169
3210.0	44.0	9.10829854926	4.20423103175
3210.0	46.0	4.63128473731	4.30446814763
3210.0	47.0	4.21919405266	3.44171297167
3210.0	48.0	1.30193716814	3.35149956738
3210.0	50.0	14.9125053425	4.46938206923
3220.0	40.0	0.0667174397513	7.1597939914
3220.0	44.0	9.61088923105	4.10423257567
3220.0	46.0	5.11156611748	4.29826299284
3220.0	47.0	4.73441264103	3.42285884749
3220.0	48.0	1.79716157109	3.31593925722
3220.0	50.0	14.3383565235	4.62140836165
3230.0	44.0	10.1132694477	4.00399545979
3230.0	46.0	5.63204633358	4.25506556909
3230.0	47.0	5.24942076428	3.40400472331
3230.0	48.0	2.25892202161	3.30949544263
3230.0	50.0	13.7644181695	4.77319599427
3240.0	44.0	10.6194380364	3.90280370471
3240.0	46.0	6.17925561861	4.18680886637
3240.0	47.0	5.76948005016	3.38276400114
3240.0	48.0	2.72089293724	3.30281296823
3240.0	50.0	13.2422542325	4.84383929498
3250.0	44.0	11.1594915077	3.79158823805
3250.0	46.0	6.72646490363	4.11855216365
3250.0	47.0	6.30911259124	3.35221554678
3250.0	48.0	3.18265338776	3.29613049384
3250.0	50.0	12.7198798304	4.9147212555
3260.0	44.0	11.6997554441	3.68013411158
3260.0	46.0	7.2679916307	4.05530731673
3260.0	47.0	6.84874513232	3.32166709241
3260.0	48.0	3.66104058194	3.28634544205
3260.0	50.0	12.2059240327	4.9989681648
3270.0	44.0	12.2385461247	3.5815676143
3270.0	46.0	7.75921719656	4.03693051215
3270.0	47.0	7.3883776734	3.29111863805
3270.0	48.0	4.15037196182	3.27441245207
3270.0	50.0	11.7109100949	5.11495682746
3280.0	44.0	12.7647088988	3.59922843948
3280.0	46.0	8.25023229732	4.01855370758
3280.0	47.0	7.92106486587	3.27130987467
3280.0	48.0	4.63970334169	3.26247946208
3280.0	50.0	11.2161066222	5.23118414992
3290.0	44.0	13.2908716729	3.61712792446
3290.0	46.0	8.74124739808	4.0004155628
3290.0	47.0	8.43712531467	3.27703770987
3290.0	48.0	5.12903472157	3.2505464721
3290.0	50.0	10.7213031494	5.34717281258
3300.0	44.0	13.8170344469	3.63478874964
3300.0	46.0	9.24110203344	3.98442535622
3300.0	47.0	8.95318576347	3.28276554506
3300.0	48.0	5.61078935751	3.2457732761
3300.0	50.0	10.2060845611	5.42545322689
3310.0	44.0	14.343197221	3.65244957481
3310.0	46.0	9.775893877	3.97798154162
3310.0	47.0	9.46945667738	3.28849338025
3310.0	48.0	6.08749283081	3.2457732761
3310.0	50.0	9.6776066708	5.47867436222
3320.0	44.0	14.869359995	3.67011039999
3320.0	46.0	10.3104752554	3.97153772703
3320.0	47.0	9.9836229402	3.29493719484
3320.0	48.0	6.563985839	3.2457732761
3320.0	50.0	9.14912878053	5.53165683776
3330.0	46.0	10.845267099	3.96509391244
3330.0	47.0	10.4803205989	3.30925678283
3330.0	48.0	7.05016024224	3.2481598741
3330.0	50.0	8.62065089026	5.58463931329
3340.0	46.0	11.3813217332	3.96509391244
3340.0	47.0	10.9770182576	3.32357637081
3340.0	48.0	7.57358696987	3.25985420429
3340.0	50.0	8.09659276729	5.63642848983
3340.0	51.0	0.429559288746	3.24219337911
3350.0	46.0	11.9188496232	3.97153772703
3350.0	47.0	11.4737159163	3.33789595879
3350.0	48.0	8.09722416262	3.27130987467
3350.0	50.0	7.61252301516	5.67819395478
3350.0	51.0	1.0298057814	3.23336296652
3360.0	46.0	12.4563775132	3.97798154162
3360.0	47.0	11.9704135751	3.35221554678
3360.0	48.0	8.62086135537	3.28300420486
3360.0	50.0	7.12845326302	5.71995941973
3360.0	51.0	1.62984180894	3.22453255393
3370.0	46.0	12.9939054032	3.98442535622
3370.0	47.0	12.4652170478	3.36247791816
3370.0	48.0	9.14597180389	3.29350523605
3370.0	50.0	6.64438351088	5.76172488468
3370.0	51.0	2.17368365221	3.19589337796
3370.0	52.0	0.00820813927539	4.07392278111
3370.0	53.0	0.272762782075	6.79416717824
3380.0	46.0	13.5314332932	3.99086917081
3380.0	47.0	12.9425519164	3.33694131959
3380.0	48.0	9.68581481008	3.29350523605
3380.0	50.0	6.15905096808	5.80659292703
3380.0	51.0	2.69332200788	3.15842378941
3380.0	52.0	0.566361610002	4.03239597596
3380.0	53.0	0.761041836406	6.68915686637
3390.0	46.0	14.0689611831	3.9973129854
3390.0	47.0	13.4198867851	3.31140472102
3390.0	48.0	10.2254473512	3.29350523605
3390.0	50.0	5.66151144893	5.87890684634
3390.0	51.0	3.21296036354	3.12119286065
3390.0	52.0	1.12451508073	3.99086917081
3390.0	53.0	1.24932089074	6.58414655449
3400.0	46.0	14.6064890731	4.00375679999
3400.0	47.0	13.8970111886	3.28586812245
3400.0	48.0	10.7650798922	3.29350523605
3400.0	50.0	5.16397192977	5.95122076565
3400.0	51.0	3.74859406754	3.07680213791
3400.0	52.0	1.68182669102	3.94647844806
3400.0	53.0	1.79379412934	6.55574603833
3410.0	46.0	15.1440169631	4.01020061459
3410.0	47.0	14.3743460572	3.26033152389
3410.0	48.0	11.2998717358	3.28515214306
3410.0	50.0	4.66664287573	6.02353468497
3410.0	51.0	4.30022311987	3.02525162117
3410.0	52.0	2.23661271999	3.89588257052
3410.0	53.0	2.35236853028	6.54667696594
3420.0	47.0	14.8516809258	3.23479492532
3420.0	48.0	11.8155112544	3.24338667811
3420.0	50.0	4.22108823865	6.06458417052
3420.0	51.0	4.85206263731	2.97346244463
3420.0	52.0	2.79160921407	3.84528669298
3420.0	53.0	2.90231386174	6.53307335736
3430.0	47.0	15.3290157945	3.20901966695
3430.0	48.0	12.331150773	3.20162121316
3430.0	50.0	3.78837197326	6.09775788268
3430.0	51.0	5.40390215475	2.92191192789
3430.0	52.0	3.34639524305	3.79469081544
3430.0	53.0	3.41837431054	6.50228624319
3440.0	48.0	12.8467902915	3.15985574821
3440.0	50.0	3.35565570787	6.13093159484
3440.0	51.0	5.99215213615	2.89327275193
3440.0	52.0	3.94095917774	3.75889184549
3440.0	53.0	3.93443475934	6.47149912903
3450.0	48.0	13.3651658565	3.12071554105
3450.0	50.0	2.92293944248	6.19369912216
3450.0	51.0	6.58966258238	2.87012275135
3450.0	52.0	4.53552311243	3.72309287553
3450.0	53.0	4.45407311501	6.42257387009
3460.0	48.0	13.8944856073	3.09183770529
3460.0	50.0	2.48917085154	6.37436459055
3460.0	51.0	7.18696256349	2.84697275078
3460.0	52.0	5.13008704712	3.68729390557
3460.0	53.0	5.00759635332	6.21040530814
3470.0	48.0	14.423805358	3.06272120972
3470.0	50.0	2.05561272571	6.55526871873
3470.0	51.0	7.78173696329	2.8314598638
3470.0	52.0	5.72465098181	3.65149493562
3470.0	53.0	5.56090912653	5.9982367462
3480.0	48.0	14.9531251087	3.03384337396
3480.0	50.0	1.62184413477	6.73593418711
3480.0	51.0	8.37545903755	2.81928821401
3480.0	52.0	6.34426026455	3.6648598844
3480.0	53.0	6.12579748076	5.80086509184
3490.0	50.0	1.28257437806	6.9151676967
3490.0	51.0	8.96897064669	2.80711656423
3490.0	52.0	6.9640800124	3.67798617338
3490.0	53.0	6.70773350888	5.62545013905
3500.0	50.0	0.953617411713	7.09416254648
3500.0	51.0	9.56269272095	2.79470625464
3500.0	52.0	7.58368929514	3.69135112217
3500.0	53.0	7.28945907188	5.44979652646
3510.0	50.0	0.624870910478	7.27315739627
3510.0	51.0	10.1825124688	2.77227223347
3510.0	52.0	8.22224043774	3.68323668898
3510.0	53.0	7.87139509999	5.27438157367
3520.0	51.0	10.8090671001	2.7474516143
3520.0	52.0	8.88857297481	3.64361916223
3520.0	53.0	8.45017415146	5.19228260257
3530.0	51.0	11.4356217315	2.72239233533
3530.0	52.0	9.555115977	3.60376297567
3530.0	53.0	9.02895320294	5.11018363146
3540.0	51.0	12.0621763629	2.69733305636
3540.0	52.0	10.2216589792	3.56390678912
3540.0	53.0	9.60773225441	5.02832332016
3550.0	51.0	12.6885205291	2.67251243719
3550.0	52.0	10.8450566339	3.51665214878
3550.0	53.0	10.1827229339	4.86150012016
3560.0	51.0	13.3150751605	2.64745315822
3560.0	52.0	11.4579310331	3.46748823004
3560.0	53.0	10.7566612879	4.67343619799
3570.0	51.0	13.9416297918	2.62239387925
3570.0	52.0	12.0708054324	3.4185629711
3570.0	53.0	11.3305996418	4.48537227581
3580.0	51.0	14.5681844232	2.59757326008
3580.0	52.0	12.6954658777	3.34004389699
3580.0	53.0	11.8971717169	4.29253515765
3580.0	56.0	0.153429064917	8.46406979684
3590.0	51.0	15.1945285894	2.57251398111
3590.0	52.0	13.3375949272	3.21761141974
3590.0	53.0	12.455956583	4.09516350328
3590.0	56.0	0.295913944133	8.12708215964
3600.0	52.0	13.9797239767	3.09517894248
3600.0	53.0	13.014741449	3.89755318912
3600.0	56.0	0.43818835824	7.79009452245
3610.0	52.0	14.6218530261	2.97274646523
3610.0	53.0	13.6471891034	3.68228204978
3610.0	56.0	0.580673237457	7.45310688525
3620.0	52.0	15.2641925407	2.85055264778
3620.0	53.0	14.3286751284	3.45483926065
3620.0	56.0	0.780194161382	7.13950790843
3630.0	53.0	14.9061913892	3.29636915364
3630.0	56.0	1.20891158969	6.91850893389
3640.0	56.0	1.637629018	6.69750995936
3650.0	56.0	2.0859197015	6.53832387295
3650.0	59.0	14.9975332468	4.38704443833
3660.0	56.0	2.55357317509	6.44118933447
3660.0	59.0	14.4898914024	4.5837001133
3670.0	56.0	3.02143711378	6.34381613618
3670.0	59.0	13.982249558	4.78011712846
3680.0	56.0	3.46741268108	6.29465221744
3680.0	59.0	13.4748181787	4.97677280342
3690.0	56.0	3.90812662064	6.25742128869
3690.0	59.0	12.9541274975	5.07366868211
3700.0	56.0	4.34863009508	6.21995170013
3700.0	59.0	12.4279647234	5.12784445664
3710.0	56.0	4.82722775437	6.1660145854
3710.0	59.0	11.9207438092	5.17414445779
3720.0	56.0	5.33108122681	6.10109911987
3720.0	59.0	11.4324647549	5.21233002574
3730.0	56.0	5.83493469926	6.03594499455
3730.0	59.0	10.9441857005	5.2505155937
3740.0	56.0	6.31984631184	5.93881045607
3740.0	59.0	10.5057868772	5.34001301859
3750.0	56.0	6.76056025139	5.76745271988
3750.0	59.0	10.0671775887	5.42951044348
3760.0	56.0	7.20127419095	5.59585632388
3760.0	59.0	9.63004155603	5.61375580886
3760.0	60.0	0.385151150615	4.07583205951
3760.0	62.0	0.22477673708	2.90401244291
3770.0	56.0	7.64998580467	5.43643157767
3770.0	59.0	9.19332645355	5.86124602116
3770.0	60.0	0.83723020609	4.04934082174
3770.0	62.0	0.668226723061	2.92954904148
3780.0	56.0	8.17299160209	5.38583570013
3780.0	59.0	8.75682181619	6.10873623347
3780.0	60.0	1.28930926157	4.02284958397
3780.0	62.0	1.11167670904	2.95508564005
3790.0	56.0	8.69599739951	5.33523982259
3790.0	59.0	8.27317299427	6.13355685264
3790.0	60.0	1.73528482886	4.00948463519
3790.0	62.0	1.55512669502	2.98062223862
3800.0	56.0	9.21900319693	5.28440528526
3800.0	59.0	7.7840520795	6.13355685264
3800.0	60.0	2.17536737309	4.00948463519
3800.0	62.0	2.01751854087	2.90926295851
3800.0	63.0	15.2928157956	2.79780883204
3810.0	56.0	9.75169038939	5.21972847953
3810.0	59.0	7.29514162984	6.13355685264
3810.0	60.0	2.61544991732	4.00948463519
3810.0	62.0	2.48201503781	2.82692532761
3810.0	63.0	14.8394739495	2.72430161373
3820.0	56.0	10.2869031632	5.15171043661
3820.0	59.0	6.81738583099	6.13021561544
3820.0	60.0	3.05721618242	4.00638205779
3820.0	62.0	2.94651153476	2.7445876967
3820.0	63.0	14.3852902429	2.67298975679
3830.0	56.0	10.8221159369	5.0834537339
3830.0	59.0	6.35099514806	6.12377180085
3830.0	60.0	3.50529640081	3.99110783061
3830.0	62.0	3.40511500863	2.7445876967
3830.0	63.0	13.9292123503	2.67298975679
3840.0	56.0	11.3529089434	5.01591301058
3840.0	59.0	5.88439400002	6.11732798626
3840.0	60.0	3.95337661921	3.97559494363
3840.0	62.0	3.8635080174	2.7445876967
3840.0	63.0	13.5259612003	2.59351604349
3850.0	56.0	11.8731786944	4.94956558626
3850.0	59.0	5.41800331709	6.11088417166
3850.0	60.0	4.40314055848	3.96580989184
3850.0	62.0	4.33326614208	2.75842996509
3850.0	63.0	13.1751158626	2.43432995708
3860.0	56.0	12.3934484454	4.88321816194
3860.0	59.0	4.94677193664	6.08415427409
3860.0	60.0	4.86763705542	4.00709803719
3860.0	62.0	4.84848473044	2.82740264721
3860.0	63.0	12.8474216869	2.2517552103
3860.0	64.0	15.0061623163	3.3355093608
3870.0	56.0	12.9137181964	4.81687073762
3870.0	59.0	4.47448823064	6.05241252073
3870.0	60.0	5.33192308725	4.04814752274
3870.0	62.0	5.3634928537	2.89661398912
3870.0	63.0	12.5546647194	2.03385881316
3870.0	64.0	14.585232097	3.04076450815
3880.0	56.0	13.4586123652	4.72283877653
3880.0	59.0	4.00220452464	6.02067076737
3880.0	60.0	5.7943149331	4.09158360629
3880.0	62.0	5.87871144206	2.96558667124
3880.0	63.0	12.2675903099	1.81858767382
3880.0	64.0	14.1767193193	2.81093512103
3890.0	56.0	14.0140297895	4.61663516566
3890.0	59.0	3.52971035353	5.98869035421
3890.0	60.0	6.24807770945	4.14361144262
3890.0	62.0	6.3606765431	3.03360471416
3890.0	63.0	12.0318693871	1.62765983405
3890.0	64.0	13.7869379362	2.67824027238
3900.0	56.0	14.5694472138	4.51067021458
3900.0	59.0	3.05174408957	5.95122076565
3900.0	60.0	6.70205095092	4.19587793876
3900.0	62.0	6.79339280849	3.09995213848
3900.0	63.0	11.7961484643	1.43673199427
3900.0	64.0	13.3973670183	2.54578408354
3910.0	56.0	15.1248646381	4.40470526351
3910.0	59.0	2.56072898881	5.90062488812
3910.0	60.0	7.15581372727	4.2481444349
3910.0	62.0	7.22589860877	3.1662995628
3910.0	63.0	11.6406147483	1.18685518397
3910.0	64.0	13.0961914464	2.328365006
3920.0	59.0	2.06950342295	5.85002901058
3920.0	60.0	7.63925208408	4.30613876623
3920.0	62.0	7.65861487416	3.23240832732
3920.0	63.0	11.5385391701	0.897599506722
3920.0	64.0	12.8331100594	2.07490829871
3930.0	59.0	1.57848832219	5.79943313304
3930.0	60.0	8.122900906	4.36413309756
3930.0	62.0	8.1426846263	3.2457732761
3930.0	63.0	11.4364635919	0.60810516967
3930.0	64.0	12.5700286724	1.82121293161
3940.0	59.0	1.0824220588	5.68869498597
3940.0	60.0	8.60633926281	4.42236608869
3940.0	62.0	8.63980321524	3.2457732761
3940.0	63.0	11.3316519673	0.348920627181
3940.0	64.0	12.3069472854	1.53792374935
3950.0	59.0	0.586355795417	5.5777181791
3950.0	60.0	9.10093227043	4.46675681144
3950.0	62.0	9.13692180417	3.2457732761
3950.0	63.0	11.2203159244	0.159424746209
3950.0	64.0	12.0438658983	1.22456343233
3960.0	59.0	0.0902895320294	5.46698003204
3960.0	60.0	9.62162295164	4.47916712102
3960.0	62.0	9.633829928	3.2457732761
3960.0	63.0	11.1087694163	-0.0300711347639
3960.0	64.0	11.7807845113	0.911441775106
3970.0	60.0	10.1421031677	4.49181609041
3970.0	62.0	10.1303171216	3.2483985339
3970.0	63.0	10.9974333733	-0.219805675536
3970.0	64.0	11.5385391701	0.620515479255
3980.0	60.0	10.662793849	4.50446505979
3980.0	62.0	10.6215426875	3.27488977167
3980.0	64.0	11.3447008041	0.381855679542
3990.0	60.0	11.1704356934	4.52260320457
3990.0	62.0	11.1125577882	3.30138100944
3990.0	64.0	11.1508624382	0.143195879828
4000.0	60.0	11.665028701	4.54646918454
4000.0	62.0	11.603572889	3.3278722472
4000.0	64.0	10.9570240722	-0.0954639198854
4010.0	60.0	12.1596217086	4.57033516451
4010.0	62.0	12.1030065941	3.34123719599
4010.0	64.0	10.7629752411	-0.334123719599
4010.0	66.0	13.3811612049	12.2842972109
4020.0	60.0	12.6542147162	4.59420114448
4020.0	62.0	12.6108589037	3.34123719599
4020.0	66.0	13.3958937626	12.0678327725
4030.0	60.0	13.1488077239	4.61806712446
4030.0	62.0	13.1187112132	3.34123719599
4030.0	66.0	13.4106263202	11.8513683342
4040.0	60.0	13.6434007315	4.64193310443
4040.0	62.0	13.6263530576	3.34123719599
4040.0	66.0	13.4251484128	11.6349038958
4050.0	60.0	14.1379937391	4.6657990844
4050.0	62.0	14.1342053671	3.34123719599
4050.0	66.0	13.4398809705	11.4184394575
4060.0	60.0	14.6325867467	4.68966506437
4060.0	62.0	14.6420576766	3.34123719599
4060.0	66.0	13.4706088765	11.1661760492
4070.0	60.0	15.1271797543	4.71353104434
4070.0	62.0	15.1499099862	3.34123719599
4070.0	66.0	13.5255402701	10.8599755262
4080.0	66.0	13.5804716637	10.5540136629
4090.0	66.0	13.6354030573	10.2478131399
4100.0	66.0	13.6903344509	9.94185127666
4110.0	66.0	13.7090658457	9.6628579708
4120.0	66.0	13.7189577058	9.39102445892
4130.0	66.0	13.7286391009	9.11895228725
4140.0	66.0	13.738530961	8.84711877538
4150.0	66.0	13.7412670075	8.56788680971
4160.0	66.0	13.7370577053	8.28149505006
4170.0	66.0	13.7328484031	7.9951032904
4180.0	66.0	13.7286391009	7.70871153074
4190.0	66.0	13.7244297987	7.42231977109
4200.0	66.0	13.6583437543	7.12566564004
4210.0	66.0	13.5305914327	6.81874913761
4220.0	66.0	13.4028391112	6.51207129498
4230.0	66.0	13.1435460961	6.22711149412
4240.0	66.0	12.8278484317	5.95169808525
4250.0	66.0	12.5009961164	5.69394550156
4260.0	66.0	12.0733310137	5.59394704548
4270.0	66.0	11.6454554458	5.4937099296
4280.0	66.0	11.217790343	5.39371147352
4290.0	66.0	10.7785496593	5.40922436051
4300.0	66.0	10.3393089755	5.42473724749
4310.0	66.0	9.90006829168	5.44048879427
4310.0	67.0	15.159170451	6.89941614992
4320.0	66.0	9.46082760789	5.45600168125
4320.0	67.0	14.7190879068	6.81254398282
4330.0	66.0	9.02705901695	5.4987217854
4330.0	67.0	14.2790053625	6.72591047552
4340.0	66.0	8.60107763507	5.5817753957
4340.0	67.0	13.8391332834	6.63903830843
4350.0	66.0	8.17530671829	5.6650676658
4350.0	67.0	13.4032600414	6.51445789298
4350.0	68.0	0.0822918578636	3.93263617968
4360.0	66.0	7.74953580152	5.7483599359
4360.0	67.0	12.9739112178	6.3330764452
4360.0	68.0	0.521532541652	3.98466401602
4360.0	69.0	0.638340677494	2.78444388326
4370.0	66.0	7.32776372183	5.8309362266
4370.0	67.0	12.5445623941	6.15169499741
4370.0	68.0	0.960773225441	4.03645319255
4370.0	69.0	1.41011623449	2.81618563662
4380.0	66.0	6.94282303633	5.90659138311
4380.0	67.0	12.070174037	6.05002592274
4380.0	68.0	1.40253949054	4.04695422374
4380.0	69.0	2.18189179149	2.84792738998
4390.0	66.0	6.55788235082	5.98224653962
4390.0	67.0	11.5907345173	5.95718726065
4390.0	68.0	1.84598947653	4.03000937796
4390.0	69.0	2.92378130292	2.88682893733
4400.0	66.0	6.17273120021	6.05790169613
4400.0	67.0	11.1112949976	5.86434859856
4400.0	68.0	2.28964992762	4.01282587238
4400.0	69.0	3.636205699	2.93265161888
4410.0	66.0	5.7877905147	6.13355685264
4410.0	67.0	10.6356438498	5.81518467982
4410.0	68.0	2.7265754952	3.98967587181
4410.0	69.0	4.34863009508	2.97871296022
4420.0	66.0	5.39885099211	6.16983314219
4420.0	67.0	10.1688322367	5.86721251616
4420.0	68.0	3.16202780701	3.96509391244
4420.0	69.0	5.07683937439	2.98324749642
4430.0	66.0	5.00991146953	6.20610943175
4430.0	67.0	9.70181015841	5.91947901229
4430.0	68.0	3.59748011883	3.94027329327
4430.0	69.0	5.80694283968	2.98324749642
4440.0	66.0	4.62118241205	6.2426243811
4440.0	67.0	9.23436714993	5.97890530242
4440.0	68.0	4.01988359385	3.91950989069
4440.0	69.0	6.53683583986	2.98324749642
4450.0	66.0	4.23224288946	6.27890067066
4450.0	67.0	8.76250437415	6.10229241887
4450.0	68.0	4.4408138131	3.89898514792
4450.0	69.0	7.31092651306	2.9999536824
4460.0	66.0	3.85572080834	6.29894809384
4460.0	67.0	8.29085206348	6.22567953533
4460.0	68.0	4.86174403235	3.87846040514
4460.0	69.0	8.10353811591	3.02381966237
4460.0	70.0	5.12671960537	4.55148104034
4470.0	66.0	3.49793012198	6.29512953704
4470.0	67.0	7.82109393879	6.32734861
4470.0	68.0	5.3131916925	3.85769700257
4470.0	69.0	8.89636018387	3.04768564234
4470.0	70.0	5.57227424245	4.53740011215
4480.0	66.0	3.14013943561	6.29107232045
4480.0	67.0	7.35891255806	6.34142953819
4480.0	68.0	5.81073121165	3.83597896079
4480.0	69.0	9.71359620455	3.06606244692
4480.0	70.0	6.01803934463	4.52331918397
4490.0	66.0	2.78234874925	6.28701510385
4490.0	67.0	6.89673117732	6.35527180657
4490.0	68.0	6.30827073081	3.81426091902
4490.0	69.0	10.5415659458	3.0818139937
4490.0	70.0	6.46022653996	4.51138619398
4500.0	66.0	2.42455806289	6.28319654706
4500.0	67.0	6.43454979658	6.36935273475
4500.0	68.0	6.79612885492	3.79970267124
4500.0	69.0	11.369325222	3.09780420028
4500.0	70.0	6.86979164329	4.51783000858
4510.0	66.0	2.06676737652	6.27913933046
4510.0	67.0	5.97215795073	6.38343366294
4510.0	68.0	7.19790674919	3.85029854878
4510.0	69.0	12.1859298473	3.11856760286
4510.0	70.0	7.27914628151	4.52427382317
4520.0	66.0	1.72328831761	6.30109603203
4520.0	67.0	5.51102889554	6.40013984892
4520.0	68.0	7.59968464347	3.90089442632
4520.0	69.0	12.9976937751	3.14124028383
4520.0	70.0	7.68871138484	4.53071763776
4530.0	66.0	1.401487165	6.36195428096
4530.0	67.0	5.05937077029	6.44095067467
4530.0	68.0	8.00146253774	3.95172896366
4530.0	69.0	13.809457703	3.1639129648
4530.0	70.0	8.08459625605	4.54646918454
4530.0	71.0	0.170055808577	5.57366096251
4540.0	66.0	1.07947554727	6.42281252989
4540.0	67.0	4.60771264503	6.48176150042
4540.0	68.0	8.39945206005	3.94528514906
4540.0	69.0	14.6212216308	3.18658564577
4540.0	70.0	8.45943461629	4.57630165951
4540.0	71.0	0.608665097037	5.22569497453
4550.0	66.0	0.757674394652	6.48367077882
4550.0	67.0	4.15584405467	6.52233366637
4550.0	68.0	8.79617879169	3.92499906609
4550.0	69.0	15.4331960237	3.20949698655
4550.0	70.0	8.83427297653	4.60613413447
4550.0	71.0	1.04706392039	4.87749032674
4560.0	66.0	0.435873242034	6.54452902774
4560.0	67.0	3.70418592941	6.56314449212
4560.0	68.0	9.19311598844	3.90447432331
4560.0	70.0	9.19037994202	4.64455836222
4560.0	71.0	1.47872786023	4.55052640114
4570.0	66.0	0.113861624307	6.60514861687
4570.0	67.0	3.29020105878	6.55932593532
4570.0	68.0	9.56753341847	3.90280370471
4570.0	70.0	9.47092993315	4.71758826094
4570.0	71.0	1.90744528854	4.23215422832
4580.0	67.0	2.87621618814	6.55526871873
4580.0	68.0	9.88933457108	3.94480782946
4580.0	70.0	9.75147992428	4.79037949985
4580.0	71.0	2.33616271684	3.9140207153
4590.0	67.0	2.4620208524	6.55145016193
4590.0	68.0	10.2113461888	3.98705061401
4590.0	70.0	10.0322403805	4.86340939856
4590.0	71.0	2.70300340292	3.63455008984
4600.0	67.0	2.04803598177	6.54739294534
4600.0	68.0	10.5331473414	4.02905473876
4600.0	70.0	10.2940589769	4.94025785407
4600.0	71.0	3.069844089	3.35484080457
4610.0	67.0	1.63405111113	6.54357438854
4610.0	68.0	10.8345333784	4.15769237081
4610.0	70.0	10.5434601318	5.01973156737
4610.0	71.0	3.43668477508	3.07537017911
4620.0	67.0	1.2200662405	6.53975583175
4620.0	68.0	11.1336042992	4.29587639484
4620.0	70.0	10.7928612867	5.09944394048
4620.0	71.0	3.80331499604	2.79566089384
4630.0	67.0	0.799767416577	6.60180737967
4630.0	68.0	11.3680624313	4.44599340886
4630.0	70.0	11.0471031391	5.18655476737
4640.0	67.0	0.378837197326	6.67149604119
4640.0	68.0	11.6027310285	4.59587176308
4640.0	70.0	11.3019763869	5.27438157367
4650.0	67.0	-0.0420930219251	6.74118470271
4650.0	68.0	11.8371891607	4.7459887771
4650.0	70.0	11.5749496341	5.42282796909
4660.0	68.0	12.0886949667	4.90326558511
4660.0	70.0	11.8481333464	5.57103570471
4670.0	68.0	12.3572484466	5.06770218712
4670.0	70.0	12.1211065936	5.71948210013
4680.0	68.0	12.6258019264	5.23237744892
4680.0	70.0	12.3671403067	5.87413365035
4690.0	68.0	12.9337123818	5.42044137109
4690.0	70.0	12.5498240219	6.04382076794
4700.0	68.0	13.2679309759	5.62401818025
4700.0	70.0	12.732507737	6.21326922574
4710.0	68.0	13.60214957	5.8275949894
4710.0	70.0	12.9154019173	6.38295634334
4720.0	68.0	13.9359472339	6.01637489098
4720.0	70.0	13.1403891195	6.50634345979
4730.0	68.0	14.2676402466	6.14668314162
4730.0	70.0	13.4076798087	6.5836692349
4740.0	68.0	14.5993332594	6.27675273246
4740.0	70.0	13.675180963	6.6612336698
4750.0	68.0	14.9308158071	6.40682232331
4750.0	70.0	13.9424716523	6.73855944491
4750.0	74.0	15.0482553382	5.17891765378
4760.0	70.0	14.2409111777	6.88127800514
4760.0	74.0	14.5023088439	5.20875012875
4770.0	70.0	14.5469274471	7.04046409155
4770.0	74.0	13.9565728146	5.23858260371
4780.0	70.0	14.8531541816	7.19965017796
4780.0	74.0	13.4106263202	5.26841507867
4790.0	70.0	15.159170451	7.35859760456
4790.0	74.0	12.8316368036	5.29944085264
4800.0	74.0	12.2446496129	5.3309439462
4810.0	74.0	11.657451957	5.36220837996
4820.0	74.0	11.0704647663	5.39371147352
4830.0	74.0	10.5074705981	5.39967796852
4840.0	74.0	9.94447642981	5.40564446351
4850.0	74.0	9.38148226156	5.4116109585
4860.0	74.0	8.81848809331	5.4175774535
4870.0	74.0	8.26664857587	5.40707642231
4880.0	74.0	7.71480905843	5.39633673132
4890.0	74.0	7.16275907589	5.38583570013
4900.0	74.0	6.61091955845	5.37509600915
4910.0	74.0	6.04182190202	5.34717281258
4920.0	74.0	5.4554661066	5.30158879083
4930.0	74.0	4.8693207763	5.25624342889
4940.0	74.0	4.28296498088	5.21065940714
4950.0	74.0	3.72102313818	5.15433569441
4960.0	74.0	3.21590687508	5.07247538311
4970.0	74.0	2.71079061198	4.99061507181
4980.0	74.0	2.20567434888	4.90899342031
4990.0	74.0	1.69508599292	4.86675063576
5000.0	74.0	1.18323484631	4.8345315628
5000.0	76.0	15.0240518506	3.88943875593
5010.0	74.0	0.671173234596	4.80231248983
5010.0	76.0	14.6340600025	3.89635989012
5020.0	74.0	0.159322087987	4.76985475707
5020.0	76.0	14.2440681543	3.90351968411
5030.0	76.0	13.8540763062	3.9104408183
5040.0	76.0	13.6000449189	3.90280370471
5050.0	76.0	13.4815530622	3.88036968354
5060.0	76.0	13.3632716706	3.85817432217
5070.0	76.0	13.2361507443	3.84242277539
5080.0	76.0	13.0888251676	3.84242277539
5090.0	76.0	12.9414995909	3.84242277539
5090.0	80.0	0.00294651153476	3.85602638397
5090.0	81.0	15.1680099856	6.98676563661
5100.0	76.0	12.7941740141	3.84242277539
5100.0	80.0	0.521743006762	3.94122793247
5100.0	81.0	14.8390530193	6.92710068668
5100.0	82.0	15.0693018492	6.10969087266
5110.0	76.0	12.6291693682	3.84385473418
5110.0	80.0	1.04032903688	4.02642948097
5110.0	81.0	14.510306518	6.86743573675
5110.0	82.0	14.8167437176	6.12568107925
5120.0	76.0	12.4231240259	3.84886658998
5120.0	80.0	1.558915067	4.11186968926
5120.0	81.0	14.1813495517	6.80777078683
5120.0	82.0	14.5641855861	6.14143262603
5120.0	85.0	0.341163942703	2.90735368011
5130.0	76.0	12.2168682184	3.85363978597
5130.0	80.0	2.05035109797	4.163420206
5130.0	81.0	13.9056402581	6.7438099605
5130.0	82.0	14.3116274545	6.15742283261
5130.0	83.0	0.147325576738	6.73020635192
5130.0	85.0	0.686958117818	2.89876192732
5140.0	76.0	12.010612411	3.85841298197
5140.0	80.0	2.53505224544	4.20685628955
5140.0	81.0	13.6831786372	6.67555325778
5140.0	82.0	14.0771693224	6.02783056136
5140.0	83.0	0.491015100756	6.45169036565
5140.0	85.0	1.03275229293	2.89040883433
5150.0	76.0	11.8045670687	3.86342483776
5150.0	80.0	3.01975339291	4.2502923731
5150.0	81.0	13.4607170163	6.60753521487
5150.0	82.0	13.8425007252	5.89823829012
5150.0	83.0	0.834915089884	6.17341303919
5150.0	84.0	0.189418598663	5.79943313304
5150.0	85.0	1.16366159112	2.89303409213
5160.0	76.0	11.5524298673	3.88776813733
5160.0	80.0	3.50024523818	4.27773825006
5160.0	81.0	13.2382553954	6.53927851215
5160.0	82.0	13.6080425931	5.76864601887
5160.0	83.0	1.1786046139	5.89489705292
5160.0	84.0	0.649284863195	5.58726457109
5160.0	85.0	1.2025976364	2.90019388612
5170.0	76.0	11.2314705752	3.94146659227
5170.0	80.0	3.97631731616	4.28895526065
5170.0	81.0	12.9410786607	6.39178675593
5170.0	82.0	13.2889774869	5.62974601544
5170.0	83.0	1.57469995022	5.78964808125
5170.0	84.0	1.10915112773	5.37509600915
5170.0	85.0	1.24132321657	2.90759233991
5180.0	76.0	10.910511283	3.9951650472
5180.0	80.0	4.45238939413	4.30041093104
5180.0	81.0	12.6439019259	6.2445336595
5180.0	82.0	12.8850949415	5.48153827982
5180.0	83.0	1.97100575164	5.68439910957
5180.0	84.0	1.55744181123	5.21185270614
5180.0	85.0	1.28025926185	2.9149907937
5190.0	76.0	10.5895519908	4.04886350214
5190.0	80.0	4.9284614721	4.31186660142
5190.0	81.0	12.3469356562	6.09704190328
5190.0	82.0	12.4812123961	5.3330918844
5190.0	83.0	2.36710108796	5.5789114781
5190.0	84.0	1.97837203048	5.1624501276
5190.0	85.0	1.31919530713	2.92238924749
5200.0	76.0	10.2734333962	4.10136865808
5200.0	80.0	5.39674634102	4.26795319828
5200.0	81.0	12.0487065958	5.98725839541
5200.0	82.0	12.0773298508	5.18464548897
5200.0	83.0	2.80592084153	5.44263673247
5200.0	84.0	2.39930224973	5.11304754906
5200.0	85.0	1.3579208873	2.92954904148
5210.0	76.0	9.96447061522	4.15220319541
5210.0	80.0	5.84693121051	4.09564082288
5210.0	81.0	11.7500566053	5.90253416651
5210.0	82.0	11.7704717209	4.9941949688
5210.0	83.0	3.27294291979	5.28535992445
5210.0	84.0	2.83117665468	5.0004001236
5210.0	85.0	1.39875111857	2.93909543347
5220.0	76.0	9.65550783429	4.20303773275
5220.0	80.0	6.29690561489	3.92332844749
5220.0	81.0	11.4514066147	5.81780993761
5220.0	82.0	11.4880275438	4.79324341744
5220.0	83.0	3.74017546316	5.12832177624
5220.0	84.0	3.27925687308	4.79252743805
5220.0	85.0	1.44736855889	2.95747223805
5230.0	76.0	9.34654505336	4.25363361029
5230.0	80.0	6.74709048438	3.7510160721
5230.0	81.0	11.158228717	5.69991199656
5230.0	82.0	11.2055833667	4.59229186609
5230.0	83.0	4.20719754141	4.97104496823
5230.0	84.0	3.72733709147	4.5846547525
5230.0	85.0	1.49598599922	2.97584904263
5240.0	76.0	9.03737180732	4.30446814763
5240.0	80.0	7.08130907846	3.61354802746
5240.0	81.0	10.8705229122	5.54884034334
5240.0	82.0	10.9231391896	4.39134031473
5240.0	83.0	4.64264985323	4.80875630443
5240.0	84.0	4.16931382168	4.38370320114
5240.0	85.0	1.54439297443	2.9942258472
5250.0	76.0	8.7768160016	4.37797536594
5250.0	80.0	7.36564744156	3.49087689041
5250.0	81.0	10.5828171073	5.39776869012
5250.0	82.0	10.6600578025	4.28895526065
5250.0	83.0	5.0465323986	4.64097846523
5250.0	84.0	4.59697892444	4.19898051616
5250.0	85.0	1.59301041476	3.01260265178
5260.0	76.0	8.53709624174	4.46126763604
5260.0	80.0	7.65019626978	3.36844441316
5260.0	81.0	10.3014252557	5.21662590214
5260.0	82.0	10.3969764155	4.18680886637
5260.0	83.0	5.45041494397	4.47320062603
5260.0	84.0	5.0246440272	4.01401917138
5260.0	85.0	1.64162785508	3.03097945636
5270.0	76.0	8.29716601677	4.54455990614
5270.0	80.0	7.93453463288	3.2457732761
5270.0	81.0	10.0261368923	5.00541197939
5270.0	82.0	10.123371773	4.09062896709
5270.0	83.0	5.85429748934	4.30566144663
5270.0	84.0	5.44978354864	3.827387208
5270.0	85.0	1.6902452954	3.04935626094
5280.0	76.0	8.0574462569	4.62785217624
5280.0	80.0	8.24728578579	3.168447501
5280.0	81.0	9.75105899406	4.79419805664
5280.0	82.0	9.80767410855	4.01903102717
5280.0	83.0	6.27670096436	4.13024649384
5280.0	84.0	5.86397888439	3.63359545064
5280.0	85.0	1.96363947281	3.0775181173
5290.0	76.0	7.83477417092	4.69849547696
5290.0	80.0	8.5602474038	3.09088306609
5290.0	81.0	9.45430318949	4.79014084005
5290.0	82.0	9.49197644411	3.94743308726
5290.0	83.0	6.70352420668	3.95292226265
5290.0	84.0	6.27838468524	3.43956503347
5290.0	85.0	2.33321620531	3.10973719027
5290.0	86.0	0.414195335743	3.61235472846
5300.0	76.0	7.63798929342	4.7502846535
5300.0	80.0	8.8729985567	3.01355729098
5300.0	81.0	9.15523226871	4.80899496423
5300.0	82.0	9.1680706404	3.89277999313
5300.0	83.0	7.13055791411	3.77559803147
5300.0	84.0	6.69279048609	3.2457732761
5300.0	85.0	2.70300340292	3.14195626323
5300.0	86.0	0.947934853753	3.62929957424
5310.0	76.0	7.44141488103	4.80231248983
5310.0	80.0	9.23142063839	2.94697120686
5310.0	81.0	8.85616134793	4.8278490884
5310.0	82.0	8.81154274469	3.90614494191
5310.0	83.0	7.55738115643	3.61378668726
5310.0	84.0	7.14297535558	3.13312585064
5310.0	85.0	3.07279060053	3.17417533619
5310.0	86.0	1.48146390665	3.64648307982
5320.0	76.0	7.24463000353	4.85410166637
5320.0	80.0	9.69591713534	2.90592172131
5320.0	81.0	8.55477531095	4.83715682059
5320.0	82.0	8.45480438388	3.91927123089
5320.0	83.0	7.98420439875	3.48777431301
5320.0	84.0	7.59316022507	3.02047842517
5320.0	85.0	3.63031267593	3.11618100486
5320.0	86.0	1.95732551952	3.61569596566
5320.0	89.0	14.9202925516	6.82376099341
5330.0	76.0	7.04784512603	4.90612950271
5330.0	80.0	10.1604136323	2.86463357596
5330.0	81.0	8.23360555366	4.76197898368
5330.0	82.0	8.09827648817	3.93263617968
5330.0	83.0	8.41102764107	3.36176193876
5330.0	84.0	8.04334509456	2.90759233991
5330.0	85.0	4.18762428622	3.05818667353
5330.0	86.0	2.40835224944	3.56462276852
5330.0	89.0	14.3852902429	6.69440738196
5340.0	76.0	6.81864862165	4.98536455621
5340.0	80.0	10.6463775704	2.8283572864
5340.0	81.0	7.91243579637	4.68656248697
5340.0	82.0	7.7337509183	3.92380576709
5340.0	83.0	8.8378508834	3.23574956451
5340.0	84.0	8.53793810218	2.80830986323
5340.0	85.0	4.74514636162	2.9999536824
5340.0	86.0	2.85937897937	3.51331091158
5340.0	89.0	13.8502879342	6.56505377052
5350.0	76.0	6.58124397799	5.07175940371
5350.0	80.0	11.1649636005	2.79924079084
5350.0	81.0	7.59105557397	4.61114599026
5350.0	82.0	7.3641741858	3.90065576652
5350.0	83.0	9.30676714764	3.19804131616
5350.0	84.0	9.09903808444	2.72859749012
5350.0	85.0	5.28498936781	2.97250780543
5350.0	86.0	3.32913710406	3.46915884863
5350.0	89.0	13.2765600454	6.40037850872
5360.0	76.0	6.34404979944	5.15815425121
5360.0	80.0	11.6833391655	2.77012429527
5360.0	81.0	7.26315093318	4.56532330872
5360.0	82.0	6.99459745329	3.87726710614
5360.0	83.0	9.79378341131	3.19804131616
5360.0	84.0	9.66034853181	2.64912377682
5360.0	85.0	5.7833707474	3.01642120858
5360.0	86.0	3.80121034495	3.42596142489
5360.0	89.0	12.6929402964	6.22687283432
5370.0	76.0	6.10664515578	5.2443104389
5370.0	80.0	12.2019251956	2.74100779971
5370.0	81.0	6.91925094405	4.58871196909
5370.0	82.0	6.62502072079	3.85411710557
5370.0	83.0	10.2810101401	3.19804131616
5370.0	84.0	10.2201857234	2.5822990329
5370.0	85.0	6.28175212699	3.06057327153
5370.0	86.0	4.27307312073	3.38252534134
5370.0	89.0	12.1156345007	6.09322334648
5380.0	76.0	5.86587307037	5.3302279668
5380.0	80.0	12.7268251791	2.71260728354
5380.0	81.0	6.57514048981	4.61186196966
5380.0	82.0	6.28511956875	3.88013102374
5380.0	83.0	10.7547671019	3.20567842975
5380.0	84.0	10.7673950084	2.63003099284
5380.0	85.0	6.7803439717	3.10448667467
5380.0	86.0	4.69189868888	3.30376760743
5380.0	89.0	11.542117077	5.98630375621
5390.0	76.0	5.59479400918	5.4111336389
5390.0	80.0	13.2675100457	2.68540006638
5390.0	81.0	6.23124050068	4.63525063003
5390.0	82.0	5.97489399716	3.95554752045
5390.0	83.0	11.1756973211	3.2443413173
5390.0	84.0	11.3146042935	2.67776295278
5390.0	85.0	7.29009046721	3.12310213905
5390.0	86.0	5.07515565351	3.20138255336
5390.0	89.0	10.9688101184	5.87914550614
5400.0	76.0	5.32371494798	5.49203931101
5400.0	80.0	13.8079844472	2.65843150901
5400.0	81.0	5.88544632557	4.661503208
5400.0	82.0	5.66487889068	4.03072535736
5400.0	83.0	11.5966275404	3.28276554506
5400.0	84.0	11.843503114	2.71666450014
5400.0	85.0	7.81120207864	3.11618100486
5400.0	86.0	5.45862308325	3.09923615908
5400.0	89.0	10.3929775784	5.93881045607
5410.0	76.0	5.05263588678	5.57294498311
5410.0	80.0	14.3484588487	2.63122429184
5410.0	81.0	5.5318649414	4.69968877596
5410.0	82.0	5.35465331909	4.10614185407
5410.0	83.0	12.0175577596	3.31641657682
5410.0	84.0	12.208449614	2.67704697339
5410.0	85.0	8.33231369007	3.10949853047
5410.0	86.0	5.86755679125	3.12906863404
5410.0	89.0	9.81588224783	6.06959602631
5420.0	76.0	4.78155682558	5.65385065521
5420.0	80.0	14.8889332502	2.60401707467
5420.0	81.0	5.17828355723	4.73787434391
5420.0	82.0	4.96697658716	4.13931556623
5420.0	83.0	12.4384879789	3.30734750443
5420.0	84.0	12.573185649	2.63719078683
5420.0	85.0	8.85363576662	3.10257739627
5420.0	86.0	6.28301491765	3.19183616137
5420.0	89.0	9.23878691723	6.20062025636
5420.0	95.0	14.7681262773	4.15721505121
5430.0	76.0	4.51047776438	5.73475632731
5430.0	81.0	4.82470217306	4.77605991187
5430.0	82.0	4.54604636791	4.15411247381
5430.0	83.0	12.8594181981	3.29803977224
5430.0	84.0	12.9372902887	2.59208408469
5430.0	85.0	9.37474737805	3.09565626208
5430.0	86.0	6.69826257894	3.25460368869
5430.0	89.0	8.67958112096	6.3292578884
5430.0	95.0	14.3339367562	4.26150938368
5440.0	76.0	4.26254986525	5.79633055564
5440.0	81.0	4.47112078888	4.81424547982
5440.0	82.0	4.12511614866	4.16914804119
5440.0	83.0	13.2917135333	3.3319294638
5440.0	84.0	13.2940286495	2.498768103
5440.0	85.0	9.89585898948	3.08897378769
5440.0	86.0	7.11372070534	3.31737121602
5440.0	89.0	8.13237183593	6.45646356165
5440.0	95.0	13.8999577001	4.36604237596
5450.0	76.0	4.10827893989	5.78034034906
5450.0	81.0	4.09565103331	4.84121403719
5450.0	82.0	3.69555685991	4.13788360743
5450.0	83.0	13.7351635193	3.40853925951
5450.0	84.0	13.6509774754	2.40521346151
5450.0	85.0	10.4169706009	3.0820526535
5450.0	86.0	7.52265441335	3.27656039027
5450.0	89.0	7.5851625509	6.58390789469
5450.0	95.0	13.4767123647	4.46484753304
5460.0	76.0	3.95400801453	5.76435014248
5460.0	81.0	3.63262779214	4.82331455221
5460.0	82.0	3.25757896678	4.06055783232
5460.0	83.0	14.1786135053	3.48538771502
5460.0	84.0	14.1026356007	2.44316036967
5460.0	85.0	10.9380822123	3.07537017911
5460.0	86.0	7.93158812135	3.23551090472
5460.0	89.0	7.07688931116	6.73617284691
5460.0	95.0	13.0791437726	4.55100372074
5470.0	76.0	3.79952662407	5.7485985957
5470.0	81.0	3.16960455096	4.80541506723
5470.0	82.0	2.81960107365	3.98299339742
5470.0	83.0	14.623536747	3.54767792274
5470.0	84.0	14.5782867484	2.51380367038
5470.0	85.0	11.4594042889	3.06844904492
5470.0	86.0	8.34052182935	3.19470007896
5470.0	89.0	6.5945032799	6.90514398511
5470.0	95.0	12.6817856456	4.63739856823
5480.0	76.0	3.64525569871	5.73260838912
5480.0	81.0	2.70658130978	4.78751558225
5480.0	82.0	2.38162318052	3.90566762231
5480.0	83.0	15.0693018492	3.60376297567
5480.0	84.0	15.0537274311	2.5846856309
5480.0	85.0	11.9805159003	3.06176657052
5480.0	86.0	8.78376135022	3.161287707
5480.0	89.0	6.11043352776	7.07435378311
5480.0	95.0	12.2842170535	4.72355475593
5490.0	76.0	3.49098477336	5.71661818254
5490.0	81.0	2.25197667299	4.7500459937
5490.0	82.0	1.96384993792	3.8302511256
5490.0	85.0	12.5016275118	3.05484543633
5490.0	86.0	9.26151714907	3.13551244864
5490.0	89.0	5.619418427	7.2433249213
5490.0	95.0	11.8818077639	4.81973465521
5500.0	76.0	3.33650338289	5.70086663576
5500.0	81.0	1.83104645374	4.63429599084
5500.0	82.0	1.55133832305	3.75531194849
5500.0	85.0	13.0092693562	3.06892636452
5500.0	86.0	9.73948341303	3.10973719027
5500.0	89.0	5.12840332625	7.4122960595
5500.0	95.0	11.4775042883	4.92021043089
5510.0	76.0	3.18223245754	5.68487642917
5510.0	81.0	1.41011623449	4.51854598797
5510.0	82.0	1.13861624307	3.68061143118
5510.0	85.0	13.5169112006	3.0830072927
5510.0	86.0	10.2172392119	3.0839619319
5510.0	89.0	4.69989636305	7.46098265864
5510.0	95.0	11.0732008127	5.02068620657
5520.0	76.0	2.96019176688	5.65862385121
5520.0	81.0	0.98918601524	4.40279598511
5520.0	82.0	0.725894163098	3.60567225407
5520.0	85.0	14.0243425799	3.09684956108
5520.0	86.0	10.7042554756	3.08825780829
5520.0	89.0	4.28696381796	7.47912080342
5520.0	95.0	10.6688973371	5.12116198225
5530.0	76.0	2.70889642599	5.62783673704
5530.0	81.0	0.586355795417	4.25840680629
5530.0	82.0	0.313172083123	3.53073307696
5530.0	85.0	14.5319844243	3.11093048926
5530.0	86.0	11.1935868554	3.10019079828
5530.0	89.0	3.88960569099	7.4924857522
5530.0	95.0	10.3146845576	5.30302074963
5540.0	76.0	2.4576010851	5.59704962288
5540.0	81.0	0.18541976158	4.11067639026
5540.0	85.0	15.0396262687	3.12501141745
5540.0	86.0	11.6829182353	3.11212378826
5540.0	89.0	3.55412430625	7.48508729841
5540.0	95.0	9.96573340588	5.4939485894
5550.0	76.0	2.20651620931	5.56626250872
5550.0	86.0	12.1722496152	3.12405677825
5550.0	89.0	3.21885338661	7.47745018482
5550.0	95.0	9.61699271923	5.68487642917
5560.0	76.0	1.95522086842	5.53547539455
5560.0	86.0	12.6630542508	3.13694440743
5560.0	89.0	2.88337200187	7.47005173103
5560.0	95.0	9.20805901123	5.88129344434
5570.0	76.0	1.70413599264	5.50468828039
5570.0	86.0	13.1540693516	3.15030935622
5570.0	89.0	2.61271387089	7.50418008239
5570.0	95.0	8.7090462363	6.08582489269
5580.0	76.0	1.43894995451	5.46149085664
5580.0	86.0	13.6450844524	3.163674305
5580.0	89.0	2.34226620502	7.53830843375
5580.0	95.0	8.21003346138	6.29035634105
5590.0	76.0	1.16008368426	5.40588312331
5590.0	86.0	14.1363100182	3.17680059399
5590.0	89.0	2.07202900426	7.56981152731
5590.0	95.0	7.71081022135	6.4948877894
5600.0	76.0	0.881006948892	5.35051404978
5600.0	86.0	14.627325119	3.19016554277
5600.0	89.0	1.80431738482	7.59152956909
5600.0	95.0	7.24063116645	6.5824759359
5610.0	76.0	0.601930213529	5.29490631644
5610.0	86.0	15.1183402197	3.20329183175
5610.0	89.0	1.53639530027	7.61324761086
5610.0	95.0	6.77360908819	6.65717645321
5620.0	76.0	0.323063943275	5.23929858311
5620.0	89.0	1.26847321571	7.63496565263
5620.0	95.0	6.30679747504	6.73163831072
5630.0	89.0	1.00644415423	7.88436514333
5630.0	95.0	5.83788121079	6.78414346665
5640.0	89.0	0.744836022965	8.1593012326
5640.0	95.0	5.36854401633	6.8268635708
5650.0	89.0	0.48343835681	8.43399866207
5650.0	95.0	4.89899635675	6.86982233475
5660.0	89.0	0.270658130978	8.95308372645
5660.0	95.0	4.42944869718	6.9125424389
5670.0	89.0	0.0902895320294	9.63493477423
5670.0	95.0	3.99883708289	6.92996460428
5680.0	95.0	3.57790686363	6.94118161487
5690.0	95.0	3.15697664438	6.95215996565
5700.0	95.0	2.73604642513	6.96337697624
5710.0	95.0	2.36015573934	7.00299450299
5710.0	98.0	14.9640692944	2.52979387696
5720.0	95.0	2.02951505212	7.07125120571
5720.0	98.0	14.4856821002	2.63098563204
5730.0	95.0	1.69866389979	7.13926924863
5730.0	98.0	14.0075053711	2.73217738712
5740.0	95.0	1.36802321257	7.20752595135
5740.0	98.0	13.5291181769	2.833607802
5750.0	95.0	1.16829182353	7.38508884233
5750.0	98.0	13.0620960987	2.86033769957
5760.0	95.0	0.968770899606	7.56241307352
5760.0	98.0	12.599914718	2.85508718397
5770.0	95.0	0.769039510572	7.73997596451
5770.0	98.0	12.1379438023	2.84983666838
5780.0	95.0	0.586355795417	7.91897081429
5780.0	98.0	11.6757624216	2.84482481258
5790.0	95.0	0.557943005617	8.11252391186
5790.0	98.0	11.2133705757	2.83718769899
5800.0	95.0	0.529530215818	8.30607700943
5800.0	98.0	10.7478217532	2.80830986323
5810.0	95.0	0.501117426018	8.49963010699
5810.0	98.0	10.2822729308	2.77919336766
5820.0	95.0	0.472704636219	8.69294454476
5820.0	98.0	9.81651364315	2.7503155319
5830.0	98.0	9.38379737776	2.77036295507
5840.0	98.0	8.95928925165	2.80282068783
5850.0	98.0	8.53499159064	2.8352784206
5860.0	98.0	8.11048346453	2.86749749356
5860.0	100.0	0.261818596374	4.93524599827
5870.0	98.0	7.68597533841	2.89995522632
5870.0	100.0	0.623397654711	4.9109026987
5880.0	98.0	7.2614672123	2.93217429928
5880.0	100.0	0.984766247938	4.88632073933
5890.0	98.0	6.79107769229	2.88372635994
5890.0	100.0	1.34634530627	4.86197743976
5900.0	98.0	6.31542654453	2.82644800801
5900.0	100.0	1.73296971266	4.8333382638
5910.0	98.0	5.83998586189	2.76893099628
5910.0	100.0	2.1778929544	4.79539135564
5920.0	98.0	5.36454517925	2.71141398454
5920.0	100.0	2.62260573104	4.75744444749
5920.0	101.0	14.562080935	3.95411556165
5930.0	98.0	4.8891044966	2.65389697281
5930.0	100.0	3.06752897279	4.71949753933
5930.0	101.0	13.8425007252	3.93860267467
5940.0	98.0	4.39766846563	2.64435058083
5940.0	100.0	3.51245221454	4.68155063118
5940.0	101.0	13.1229205154	3.92332844749
5950.0	98.0	3.89065801654	2.68229748898
5950.0	100.0	3.95926964228	4.64646764062
5950.0	101.0	12.4163891424	3.86628875536
5960.0	98.0	3.38364756745	2.72024439713
5960.0	100.0	4.40650800023	4.61162330986
5960.0	101.0	11.7296414896	3.7469588555
5970.0	98.0	2.87663711836	2.75819130529
5970.0	100.0	4.85374635818	4.5767789791
5970.0	101.0	11.0426833718	3.62762895564
5980.0	98.0	2.37257318081	2.78969439885
5980.0	100.0	5.30098471614	4.54193464835
5980.0	101.0	10.3559357191	3.50829905579
5990.0	98.0	1.8956592424	2.76320316108
5990.0	100.0	5.74885446942	4.50828361659
5990.0	101.0	9.6447741137	3.43264389928
6000.0	98.0	1.41853483888	2.73671192331
6000.0	100.0	6.20030212957	4.48322433762
6000.0	101.0	8.91740669483	3.38586657853
6010.0	98.0	0.941410435355	2.71022068555
6010.0	100.0	6.65196025482	4.45840371845
6010.0	101.0	8.18982881086	3.33908925779
6020.0	98.0	0.464496496944	2.68349078798
6020.0	100.0	7.10361838008	4.43358309928
6020.0	101.0	7.46246139199	3.29255059685
6030.0	100.0	7.55527650534	4.40876248011
6030.0	101.0	6.73488350802	3.2457732761
6040.0	100.0	8.02103579294	4.40733052131
6040.0	101.0	6.06223701765	3.27679905007
6050.0	100.0	8.51983810275	4.46031299684
6050.0	101.0	5.3898009924	3.30806348383
6060.0	100.0	9.01885087767	4.51329547238
6060.0	101.0	4.71715450204	3.33908925779
6070.0	100.0	9.51765318749	4.56627794792
6070.0	101.0	4.04450801167	3.37035369155
6070.0	104.0	0.363262779214	8.04378988954
6080.0	100.0	10.0166659624	4.61949908325
6080.0	101.0	3.36091733561	3.38705987753
6080.0	104.0	0.729682535072	7.79629967724
6090.0	100.0	10.5154682722	4.67248155879
6090.0	101.0	2.660910381	3.38204802174
6090.0	104.0	1.09589182582	7.54880946494
6100.0	100.0	10.9772287227	4.73381712732
6100.0	101.0	1.96069296127	3.37727482575
6100.0	104.0	1.47704413935	7.31707079941
6110.0	100.0	11.434569406	4.79610733504
6110.0	101.0	1.26068600666	3.37250162975
6110.0	104.0	1.91649528825	7.14857698082
6120.0	100.0	11.8921205543	4.85839754277
6120.0	101.0	0.560468586933	3.36748977396
6120.0	104.0	2.35594643715	6.98008316222
6130.0	100.0	12.3496717026	4.92044909069
6130.0	101.0	-0.139538367682	3.36271657796
6130.0	104.0	2.79539758605	6.81158934362
6130.0	105.0	15.153487893	4.06270577052
6140.0	100.0	12.7916484328	5.03572177395
6140.0	104.0	3.27862547775	6.68653160857
6140.0	105.0	14.5220925642	4.15458979341
6150.0	100.0	13.1965833037	5.27438157367
6150.0	104.0	3.77279755515	6.57245222431
6150.0	105.0	13.8906972353	4.2462351565
6160.0	100.0	13.6017286398	5.51304137338
6160.0	104.0	4.26696963255	6.45837284005
6160.0	105.0	13.2616170226	4.31592381802
6170.0	100.0	14.0068739758	5.75170117309
6170.0	104.0	4.76114170995	6.34429345578
6170.0	105.0	12.6411658794	4.29706969384
6180.0	100.0	14.3958134984	5.96649499284
6180.0	104.0	5.26373239173	6.23498726751
6180.0	105.0	12.0209252014	4.27821556966
6190.0	100.0	14.7466588361	6.12568107925
6190.0	104.0	5.80041842128	6.14548984262
6190.0	105.0	11.4004740582	4.25936144549
6200.0	100.0	15.0972937088	6.28462850585
6200.0	104.0	6.33710445082	6.05599241773
6200.0	105.0	10.7720252409	4.24170062031
6210.0	104.0	6.87379048037	5.96649499284
6210.0	105.0	10.1309485169	4.22547175393
6220.0	104.0	7.40163697531	5.88797591873
6220.0	105.0	9.49008225812	4.20900422775
6230.0	104.0	7.89454626205	5.85289292817
6230.0	105.0	8.84900553421	4.19277536137
6240.0	104.0	8.38724508369	5.81804859741
6240.0	105.0	8.2081392754	4.17654649499
6250.0	104.0	8.88015437043	5.78320426666
6250.0	105.0	7.63420092145	4.27964752846
6260.0	104.0	9.37453691294	5.7457346781
6260.0	105.0	7.06005210239	4.38274856194
6270.0	104.0	9.8830206178	5.68606972817
6270.0	105.0	6.48611374844	4.48561093561
6280.0	104.0	10.3917147878	5.62640477824
6280.0	105.0	5.91217539449	4.58871196909
6280.0	107.0	0.142063948997	2.48062995822
6290.0	104.0	10.9004089577	5.56673982832
6290.0	105.0	5.35107541223	4.68727846637
6290.0	107.0	0.720843000467	2.46559439084
6300.0	104.0	11.3920554538	5.43595425807
6300.0	105.0	4.79860449946	4.78274238626
6300.0	107.0	1.29962205194	2.45079748326
6310.0	104.0	11.8670752062	5.23404806752
6310.0	105.0	4.2461335867	4.87820630614
6310.0	107.0	1.87840110341	2.43576191588
6320.0	104.0	12.3418844936	5.03214187696
6320.0	105.0	3.69366267393	4.97367022603
6320.0	107.0	2.4117196912	2.45175212246
6330.0	104.0	12.8166937809	4.8299970266
6330.0	105.0	3.12288129662	4.9970588864
6330.0	107.0	2.93998711636	2.47132222603
6340.0	104.0	13.2828739987	4.71591764234
6340.0	105.0	2.54010340807	4.97271558683
6340.0	107.0	3.46846500663	2.49089232961
6350.0	104.0	13.7429507283	4.6605485688
6350.0	105.0	1.95732551952	4.94813362746
6350.0	107.0	3.99673243179	2.51022377339
6360.0	104.0	14.203027458	4.60494083547
6360.0	105.0	1.37454763096	4.92379032789
6360.0	107.0	4.52499985695	2.52979387696
6370.0	104.0	14.6631041876	4.54957176194
6370.0	105.0	0.811974392935	4.86364805836
6370.0	107.0	5.01917193435	2.56081965093
6380.0	104.0	15.1231809173	4.4939640286
6380.0	105.0	0.258030224401	4.78823156165
6380.0	107.0	5.51334401175	2.59208408469
6390.0	107.0	6.00730562404	2.62310985865
6400.0	107.0	6.50147770144	2.65437429241
6400.0	110.0	0.39883138274	2.56249026952
6410.0	107.0	7.02553582441	2.67919491158
6410.0	110.0	0.919311598844	2.60640367267
6420.0	107.0	7.59421255062	2.69423047897
6420.0	110.0	1.44000228006	2.65031707582
6430.0	107.0	8.16288927683	2.70950470615
6430.0	110.0	1.96069296127	2.69423047897
6440.0	107.0	8.73156600303	2.72477893333
6440.0	110.0	2.47549061942	2.72430161373
6450.0	107.0	9.30024272924	2.74005316051
6450.0	110.0	2.98123827785	2.73360934592
6460.0	107.0	9.87018224611	2.75341810929
6460.0	110.0	3.48719640139	2.74267841831
6470.0	107.0	10.4407531583	2.76582841888
6470.0	110.0	3.99315452493	2.7519861505
6480.0	107.0	11.0111136054	2.77847738826
6480.0	110.0	4.49911264846	2.76105522288
6490.0	107.0	11.5816845176	2.79112635765
6490.0	110.0	4.99959867915	2.76988563547
6500.0	107.0	12.1375228721	2.73504130472
6500.0	110.0	5.47882773377	2.77728408927
6510.0	107.0	12.6916775057	2.67131913819
6510.0	110.0	5.95805678839	2.78468254306
6510.0	112.0	14.8771472041	4.44074289327
6520.0	107.0	13.2460426045	2.60783563147
6520.0	110.0	6.43728584301	2.79184233705
6520.0	112.0	14.4490611711	4.62355629985
6530.0	107.0	13.8001972381	2.54411346495
6530.0	110.0	6.91651489762	2.79924079084
6530.0	112.0	14.0211856033	4.80660836623
6530.0	114.0	0.315697664438	6.22902077252
6530.0	116.0	0.273604642513	3.67536091559
6540.0	107.0	14.3543518718	2.48039129842
6540.0	110.0	7.39574395224	2.80663924463
6540.0	112.0	13.5577414319	4.90493620371
6540.0	114.0	0.751149976254	6.17961819398
6540.0	116.0	0.694534861764	3.72905937052
6550.0	107.0	14.9087169705	2.4169077917
6550.0	110.0	7.87497300686	2.81403769842
6550.0	112.0	13.0412600528	4.87581970815
6550.0	114.0	1.18660228807	6.13021561544
6550.0	116.0	1.11546508102	3.78275782546
6560.0	110.0	8.41734159436	2.81379903862
6560.0	112.0	12.5245682087	4.84694187238
6560.0	114.0	1.62394878587	6.0824836555
6560.0	116.0	1.53639530027	3.83645628039
6570.0	110.0	8.98686018101	2.81021914163
6570.0	112.0	12.0131379923	4.81734805722
6570.0	114.0	2.07897435288	6.05026458254
6570.0	116.0	1.95732551952	3.89015473533
6580.0	110.0	9.55637876766	2.80663924463
6580.0	112.0	11.5490624256	4.78059444806
6580.0	114.0	2.534210385	6.01804550957
6580.0	116.0	2.38435922695	3.96509391244
6590.0	110.0	10.1258973543	2.80329800743
6590.0	112.0	11.0849868589	4.7438408389
6590.0	114.0	2.98923595201	5.98582643661
6590.0	116.0	2.81118246927	4.04027174935
6600.0	110.0	10.695415941	2.79971811044
6600.0	112.0	10.6209112921	4.70708722975
6600.0	114.0	3.44468244924	5.96649499284
6600.0	116.0	3.2382161767	4.11521092646
6610.0	110.0	11.2649345276	2.79613821344
6610.0	112.0	10.1698845622	4.68393722918
6610.0	114.0	3.90054987669	5.96649499284
6610.0	116.0	3.69892430167	4.15554443261
6610.0	118.0	0.55646974985	3.83621762059
6620.0	110.0	11.8342426491	2.79255831645
6620.0	112.0	9.77042178415	4.71448568354
6620.0	114.0	4.35662776925	5.96649499284
6620.0	116.0	4.19351730929	4.1615109276
6620.0	118.0	0.995920898748	3.87130061115
6630.0	110.0	12.3938693756	2.77585213047
6630.0	112.0	9.37116947119	4.7450341379
6630.0	114.0	4.81270566181	5.96649499284
6630.0	116.0	4.68811031691	4.1674774226
6630.0	118.0	1.43558251276	3.90638360171
6640.0	110.0	12.9524437766	2.75747532589
6640.0	112.0	8.97170669312	4.77558259227
6640.0	114.0	5.26373239173	5.98511045721
6640.0	116.0	5.18270332453	4.17344391759
6640.0	118.0	1.87776970808	3.93311349928
6650.0	110.0	13.5110181775	2.73909852131
6650.0	112.0	8.56929740351	4.79706197424
6650.0	114.0	5.69497540136	6.0781877791
6650.0	116.0	5.68550447142	4.13907690643
6650.0	118.0	2.34479178634	3.88657483833
6660.0	110.0	14.0695925785	2.72072171673
6660.0	112.0	8.15931136996	4.79706197424
6660.0	114.0	6.12600794587	6.17150376079
6660.0	116.0	6.1967242227	4.06413772932
6660.0	118.0	2.81202432971	3.84003617739
6670.0	110.0	14.6281669794	2.70234491216
6670.0	112.0	7.74953580152	4.79706197424
6670.0	114.0	6.55725095549	6.26458108268
6670.0	116.0	6.70773350888	3.98895989241
6670.0	118.0	3.27904640797	3.79349751645
6680.0	112.0	7.33976023308	4.79706197424
6680.0	114.0	6.99080908132	6.34095221859
6680.0	116.0	7.21895326016	3.9140207153
6680.0	118.0	3.74627895133	3.7469588555
6690.0	112.0	6.92009280449	4.80636970643
6690.0	114.0	7.44457185767	6.26625170128
6690.0	116.0	7.67966138513	4.01712174878
6690.0	118.0	4.17268126344	3.6612799874
6700.0	112.0	6.49095444596	4.82522383061
6700.0	114.0	7.89833463403	6.19178984377
6700.0	116.0	8.1403695101	4.12046144205
6700.0	118.0	4.59887311043	3.57560111931
6710.0	112.0	6.06181608743	4.84383929498
6710.0	114.0	8.35209741038	6.11708932646
6710.0	116.0	8.60128810018	4.22356247553
6710.0	118.0	5.02527542253	3.48992225121
6720.0	112.0	5.63267772891	4.86269341916
6720.0	114.0	8.84816367377	5.98367849842
6720.0	116.0	9.07609738749	4.31329856022
6720.0	118.0	5.4575707577	3.4116418369
6730.0	112.0	5.20353937038	4.88130888354
6730.0	114.0	9.34907063468	5.84382385578
6730.0	116.0	9.58437062724	4.37153155135
6730.0	118.0	5.94311376561	3.39947018712
6740.0	112.0	4.77945217449	4.88393414134
6740.0	114.0	9.84976713047	5.70396921315
6740.0	116.0	10.092643867	4.42976454248
6740.0	118.0	6.42886723862	3.38705987753
6750.0	112.0	4.36336265276	4.86221609956
6750.0	114.0	10.3449915334	5.70396921315
6750.0	116.0	10.6007066416	4.48799753361
6750.0	118.0	6.91462071164	3.37488822775
6760.0	112.0	3.94727313103	4.84049805779
6760.0	114.0	10.8402159364	5.70396921315
6760.0	116.0	11.1051915094	4.55267433933
6760.0	118.0	7.4058462775	3.36152327896
6770.0	112.0	3.53097314419	4.81878001601
6770.0	114.0	11.3354403393	5.70396921315
6770.0	116.0	11.5941019591	4.64408104262
6770.0	118.0	7.91917067988	3.34410111358
6780.0	112.0	3.11488362246	4.79706197424
6780.0	114.0	11.8270868354	5.73404034792
6780.0	116.0	12.0832228738	4.73524908611
6780.0	118.0	8.43249508226	3.32667894821
6790.0	112.0	2.68595572904	4.82450785121
6790.0	114.0	12.3166286804	5.78392024606
6790.0	116.0	12.5721333235	4.8266557894
6790.0	118.0	8.94581948463	3.30925678283
6800.0	112.0	2.25681737051	4.85219238797
6800.0	114.0	12.8061705254	5.8338001442
6800.0	116.0	13.0397867971	4.94598568926
6800.0	118.0	9.45619737547	3.30472224663
6810.0	112.0	1.8278894771	4.87963826494
6810.0	114.0	13.2955019053	5.88368004234
6810.0	116.0	13.5019681778	5.07223672331
6810.0	118.0	9.94026712761	3.4159377133
6810.0	120.0	0.708425559	3.95363824205
6810.0	121.0	0.160374413535	3.22477121373
6820.0	112.0	1.39875111857	4.90732280171
6820.0	114.0	13.7589460767	5.95456200285
6820.0	116.0	13.9641495585	5.19848775736
6820.0	118.0	10.4243368798	3.52739183976
6820.0	120.0	0.964772062523	4.00566607839
6820.0	121.0	0.548472075684	3.21737275994
6830.0	112.0	0.969823225154	4.93476867867
6830.0	114.0	14.1611449012	6.07389190271
6830.0	116.0	14.4263309393	5.32497745121
6830.0	118.0	10.9071438412	3.63264081144
6830.0	120.0	1.22132903116	4.05793257453
6830.0	121.0	0.936569737834	3.20997430615
6840.0	112.0	0.631395328877	4.80135785064
6840.0	114.0	14.5635541908	6.19322180256
6840.0	116.0	14.88851232	5.45122848525
6840.0	118.0	11.3792170821	3.68323668898
6840.0	120.0	1.495565069	4.10566453447
6840.0	121.0	1.32466739998	3.20257585235
6850.0	112.0	0.315697664438	4.62785217624
6850.0	114.0	14.9659634804	6.31255170242
6850.0	118.0	11.8510798579	3.73383256652
6850.0	120.0	1.93017552038	4.11330164806
6850.0	121.0	1.762434828	3.19565471816
6860.0	118.0	12.3231530988	3.78466710386
6860.0	120.0	2.36457550664	4.12117742145
6860.0	121.0	2.27512783505	3.18944956337
6870.0	118.0	12.7752321543	3.72905937052
6870.0	120.0	2.79918595802	4.12881453504
6870.0	121.0	2.7878208421	3.18324440858
6880.0	118.0	13.2224705122	3.64696039942
6880.0	120.0	3.22011617727	4.14050886523
6880.0	121.0	3.30051384915	3.17727791359
6890.0	118.0	13.6697088702	3.56486142832
6890.0	120.0	3.64104639652	4.15220319541
6890.0	121.0	3.79594871721	3.20949698655
6900.0	118.0	14.1560937385	3.52595988097
6900.0	120.0	4.06197661577	4.1636588658
6900.0	121.0	4.27433591138	3.27990162746
6910.0	118.0	14.6685762805	3.51545884978
6910.0	120.0	4.48290683502	4.17535319599
6910.0	121.0	4.75272310556	3.35054492818
6920.0	118.0	15.1808483573	3.50519647839
6920.0	120.0	4.97013356381	4.24098464091
6920.0	121.0	5.23111029974	3.42094956909
6930.0	120.0	5.46472657143	4.31258258082
6930.0	121.0	5.71518005188	3.48443307582
6940.0	120.0	5.95931957905	4.38418052074
6940.0	121.0	6.25207654654	3.48443307582
6950.0	120.0	6.45391258667	4.45577846065
6950.0	121.0	6.78897304119	3.48443307582
6960.0	120.0	6.92156606025	4.53453619456
6960.0	121.0	7.32586953585	3.48443307582
6970.0	120.0	7.38648348742	4.61400990786
6970.0	121.0	7.8627660305	3.48443307582
6980.0	120.0	7.85119044947	4.69372228096
6980.0	121.0	8.38934973478	3.48920627181
6980.0	122.0	0.231511620588	3.17417533619
6980.0	123.0	-0.0498802309813	4.26675989928
6990.0	120.0	8.31610787663	4.77319599427
6990.0	121.0	8.87468227758	3.51354957138
6990.0	122.0	0.736627883689	3.34601039198
6990.0	123.0	0.495855798278	4.39921608812
7000.0	120.0	8.78418228044	4.84527125378
7000.0	121.0	9.36001482038	3.53789287095
7000.0	122.0	1.24174414679	3.51784544778
7000.0	123.0	1.04138136243	4.53191093676
7010.0	120.0	9.28340552047	4.85099908898
7010.0	121.0	9.84555782828	3.56247483032
7010.0	122.0	1.74328250303	3.67130369899
7010.0	123.0	1.58711739169	4.6643671256
7020.0	120.0	9.7826287605	4.85648826437
7020.0	121.0	10.3308903711	3.58681812989
7020.0	122.0	2.24145341751	3.80662380543
7020.0	123.0	2.10254644516	4.7493300143
7030.0	120.0	10.2818520005	4.86197743976
7030.0	121.0	10.8290612856	3.59421658368
7030.0	122.0	2.739624332	3.94194391187
7030.0	123.0	2.61460805688	4.8288037276
7040.0	120.0	10.7812857057	4.86746661516
7040.0	121.0	11.3575391758	3.56247483032
7040.0	122.0	3.2405312929	4.04934082174
7040.0	123.0	3.12688013371	4.90851610071
7050.0	120.0	11.2802984806	4.84694187238
7050.0	121.0	11.8862275312	3.53049441716
7050.0	122.0	3.74438476535	4.12881453504
7050.0	123.0	3.65977779128	4.98393259742
7060.0	120.0	11.7795217206	4.81949599541
7060.0	121.0	12.4147054215	3.4987526638
7060.0	122.0	4.24823823779	4.20828824835
7060.0	123.0	4.19478009995	5.05887177453
7070.0	120.0	12.2785344956	4.79228877825
7070.0	121.0	12.9431833118	3.46701091044
7070.0	122.0	4.7645091517	4.26699855908
7070.0	123.0	4.72999287372	5.13381095164
7080.0	120.0	12.7893333166	4.75481918969
7080.0	121.0	13.4565077141	3.4956500864
7080.0	122.0	5.33129169192	4.24265525951
7080.0	123.0	5.27783355408	5.20087435536
7090.0	120.0	13.3279135321	4.69372228096
7090.0	121.0	13.9660437445	3.53980214935
7090.0	122.0	5.89786376704	4.21807330014
7090.0	123.0	5.84440562919	5.25600476909
7100.0	120.0	13.8662832826	4.63286403204
7100.0	121.0	14.4755797749	3.5837155525
7100.0	122.0	6.46443584215	4.19373000056
7100.0	123.0	6.41118816941	5.31113518282
