0.0	3.0	9.3867438893	7.06433007152
0.0	8.0	7.02953466149	4.5822681545
10.0	3.0	9.80767410855	6.8256702718
10.0	8.0	7.53465092459	4.52761506036
20.0	3.0	10.2286043278	6.58701047209
20.0	8.0	8.0397671877	4.47320062603
30.0	3.0	10.653322919	6.35694242517
30.0	8.0	8.5448834508	4.41854753189
40.0	3.0	11.0818298822	6.13522747123
40.0	8.0	9.01842994745	4.39730680972
50.0	3.0	11.5101263803	5.9137511771
50.0	8.0	9.46040667767	4.40923979971
60.0	3.0	11.9786217143	5.73785890471
60.0	8.0	9.90238340788	4.42117278969
70.0	3.0	12.4643751874	5.5817753957
70.0	8.0	10.3443601381	4.43310577968
80.0	3.0	12.9427623815	5.42115735049
80.0	8.0	10.762764776	4.43907227467
90.0	3.0	13.3559053917	5.21781920114
90.0	8.0	11.1573868566	4.43907227467
100.0	3.0	13.7690484019	5.01448105178
100.0	8.0	11.5520089371	4.43907227467
110.0	3.0	14.2021855975	4.84288465579
110.0	8.0	11.9466310177	4.43907227467
120.0	3.0	14.6652088387	4.71878155993
120.0	8.0	12.3496717026	4.43907227467
130.0	3.0	15.1282320799	4.59467846408
130.0	8.0	12.7611309919	4.43907227467
140.0	8.0	13.1728007464	4.43907227467
150.0	8.0	13.5842600357	4.43907227467
160.0	8.0	13.9959297901	4.43907227467
170.0	8.0	14.4673716357	4.45816505865
180.0	8.0	14.9388134812	4.47725784262
190.0	8.0	15.4102553268	4.4963506266
750.0	30.0	0.0420930219251	5.53690735335
760.0	30.0	0.618977887409	5.63404189184
770.0	30.0	1.19565228778	5.73141509012
780.0	30.0	1.77632552524	5.828072309
790.0	30.0	2.36562783219	5.92353622889
800.0	30.0	2.95493013914	6.01900014877
810.0	30.0	3.54423244609	6.11446406866
820.0	30.0	4.11901266048	6.16768520399
830.0	30.0	4.69042543311	6.21016664834
840.0	30.0	5.26162774064	6.25288675249
850.0	30.0	5.87555446542	6.21303056594
860.0	30.0	6.48927072508	6.17341303919
870.0	30.0	7.07920442736	6.14429654362
880.0	30.0	7.65335324642	6.12281716165
890.0	30.0	8.22729160037	6.10109911987
900.0	30.0	8.80796483783	6.06911870671
910.0	30.0	9.4042124934	6.01351097338
920.0	30.0	10.0006706141	5.95766458025
930.0	30.0	10.5626124568	5.92067231129
940.0	30.0	11.0443670927	5.92687746608
950.0	30.0	11.5263321938	5.93332128068
960.0	30.0	12.0080868297	5.93952643547
970.0	30.0	12.3675612369	5.95265272445
980.0	30.0	12.6043344853	5.97246148783
990.0	30.0	12.8175356413	5.99036097281
1000.0	30.0	12.818798432	5.99059963261
1010.0	30.0	12.8202716877	5.99083829241
1020.0	30.0	12.8215344784	5.99107695221
1030.0	30.0	12.8230077342	5.99131561201
1040.0	30.0	12.8244809899	5.99179293161
1050.0	30.0	12.8257437806	5.99203159141
1060.0	30.0	12.8272170363	5.99227025121
1070.0	30.0	12.828479827	5.99250891101
1080.0	30.0	12.8299530828	5.9927475708
1090.0	30.0	12.8312158734	5.9929862306
1100.0	30.0	12.8326891292	5.9932248904
1110.0	30.0	12.834162385	5.9934635502
1120.0	30.0	12.8354251756	5.99370221
1130.0	30.0	12.8368984314	5.9939408698
1140.0	30.0	12.838161222	5.9944181894
1150.0	30.0	12.8396344778	5.9946568492
1160.0	30.0	12.8408972685	5.994895509
1170.0	30.0	12.8423705242	5.9951341688
1180.0	30.0	12.84384378	5.9953728286
1190.0	30.0	12.8451065707	5.9956114884
1200.0	30.0	12.8465798264	5.9958501482
1210.0	30.0	12.8478426171	5.996088808
1220.0	30.0	12.8493158729	5.9963274678
1230.0	30.0	12.8505786635	5.9965661276
1240.0	30.0	12.8520519193	5.9968047874
1250.0	30.0	12.8535251751	5.997282107
1260.0	30.0	12.8547879657	5.9975207668
1270.0	30.0	12.8562612215	5.9977594266
1280.0	30.0	12.8575240121	5.9979980864
1290.0	30.0	12.8589972679	5.9982367462
1300.0	30.0	12.8602600586	5.998475406
1310.0	30.0	12.8617333143	5.9987140658
1320.0	30.0	12.8632065701	5.9989527256
1330.0	30.0	12.8644693608	5.9991913854
1340.0	30.0	12.8659426165	5.9994300452
1350.0	30.0	12.8672054072	5.9999073648
1360.0	30.0	12.8686786629	6.0001460246
1370.0	30.0	12.8699414536	6.0003846844
1380.0	30.0	12.8714147094	6.0006233442
1390.0	30.0	12.8728879651	6.00086200399
1400.0	30.0	12.8741507558	6.00110066379
1410.0	30.0	12.8756240116	6.00133932359
1420.0	30.0	12.8768868022	6.00157798339
1430.0	30.0	12.878360058	6.00181664319
1440.0	30.0	12.8796228486	6.00205530299
1450.0	30.0	12.8810961044	6.00229396279
1460.0	30.0	12.8825693602	6.00277128239
1470.0	30.0	12.8838321508	6.00300994219
1480.0	30.0	12.8853054066	6.00324860199
1490.0	30.0	12.8865681973	6.00348726179
1500.0	30.0	12.888041453	6.00372592159
1510.0	30.0	12.8893042437	6.00396458139
1520.0	30.0	12.8907774995	6.00420324119
1530.0	30.0	12.8922507552	6.00444190099
1540.0	30.0	12.8935135459	6.00468056079
1550.0	30.0	12.8949868016	6.00491922059
1560.0	30.0	12.8962495923	6.00539654019
1570.0	30.0	12.8977228481	6.00563519999
1580.0	30.0	12.8989856387	6.00587385979
1590.0	30.0	12.9004588945	6.00611251959
1600.0	30.0	12.9019321503	6.00635117939
1610.0	30.0	12.9031949409	6.00658983919
1620.0	30.0	12.9046681967	6.00682849899
1630.0	30.0	12.9059309873	6.00706715879
1640.0	30.0	12.9074042431	6.00730581859
1640.0	37.0	0.139538367682	5.51566663118
1650.0	30.0	12.9086670338	6.00754447839
1650.0	37.0	0.41608952173	5.76816869927
1660.0	30.0	12.9101402895	6.00778313819
1660.0	37.0	0.692640675778	6.02043210757
1670.0	30.0	12.9116135453	6.00826045779
1670.0	37.0	0.969402294935	6.27269551587
1680.0	30.0	12.912876336	6.00849911759
1680.0	37.0	1.13524880132	6.48939861401
1690.0	30.0	12.9143495917	6.00873777739
1690.0	37.0	1.25353019293	6.69058882517
1700.0	30.0	12.9156123824	6.00897643719
1700.0	37.0	1.37202204965	6.89201769612
1710.0	30.0	12.9170856382	6.00921509698
1710.0	37.0	1.51177088244	7.02065532817
1720.0	30.0	12.9183484288	6.00945375678
1720.0	37.0	1.67319762152	7.0762630615
1730.0	30.0	12.9198216846	6.00969241658
1730.0	37.0	1.83462436061	7.13187079484
1740.0	30.0	12.9212949403	6.00993107638
1740.0	37.0	1.96911156566	7.23330120972
1750.0	30.0	12.922557731	6.01016973618
1750.0	37.0	2.07708016689	7.38007698654
1760.0	30.0	12.9240309868	6.01040839598
1760.0	37.0	2.18504876813	7.52685276336
1770.0	30.0	12.9252937774	6.01088571558
1770.0	37.0	2.29301736937	7.67386719999
1780.0	30.0	12.9267670332	6.01112437538
1780.0	37.0	2.37993945965	7.80417545063
1790.0	30.0	12.9280298239	6.01136303518
1790.0	37.0	2.45276038758	7.92350535049
1800.0	30.0	12.9295030796	6.01160169498
1800.0	37.0	2.52558131551	8.04283525034
1810.0	30.0	12.9309763354	6.01184035478
1810.0	37.0	2.59840224344	8.1621651502
1820.0	30.0	12.9322391261	6.01207901458
1820.0	37.0	2.67122317137	8.28149505006
1830.0	30.0	12.9337123818	6.01231767438
1830.0	37.0	2.73057433228	8.35476360857
1840.0	30.0	12.9349751725	6.01255633418
1840.0	37.0	2.76951037756	8.35929814476
1850.0	30.0	12.9364484282	6.01279499398
1850.0	37.0	2.80844642284	8.36359402116
1860.0	30.0	12.9377112189	6.01303365378
1860.0	37.0	2.84759293323	8.36812855735
1870.0	30.0	12.9391844747	6.01327231358
1870.0	37.0	2.88652897851	8.37242443375
1880.0	30.0	12.9406577304	6.01374963318
1880.0	37.0	2.92546502379	8.37695896994
1890.0	30.0	12.9419205211	6.01398829298
1890.0	37.0	3.01217664896	8.34879711358
1900.0	30.0	12.9433937769	6.01422695278
1900.0	37.0	3.09888827413	8.32087391701
1910.0	30.0	12.8326891292	6.10730427467
1910.0	37.0	3.18538943418	8.29271206064
1920.0	30.0	12.6942030871	6.22377025693
1920.0	37.0	3.27210105935	8.26455020428
1930.0	30.0	12.5555065798	6.34023623919
1930.0	37.0	3.35881268451	8.23662700771
1930.0	48.0	1.55407436947	0.273981450071
1940.0	30.0	12.4170205377	6.45670222145
1940.0	37.0	3.57327663122	8.19175896536
1940.0	48.0	1.5372371607	0.808579401429
1950.0	30.0	12.1996100794	6.53020943976
1950.0	37.0	3.80205220539	8.14498164462
1950.0	48.0	1.52039995193	1.34317735279
1960.0	30.0	11.9487356688	6.58510119369
1960.0	37.0	4.03082777955	8.09844298368
1960.0	48.0	1.44884181466	1.76226396108
1970.0	30.0	11.6989135836	6.63999294763
1970.0	37.0	4.25960335371	8.05166566293
1970.0	48.0	1.35371158511	2.13170933104
1970.0	50.0	-0.186893017347	5.18655476737
1980.0	30.0	11.4600356842	6.69154346437
1980.0	37.0	4.48964171853	8.00226308439
1980.0	48.0	1.25879182067	2.5013933608
1980.0	50.0	0.385572080834	5.1674619834
1990.0	30.0	11.2211577848	6.7430939811
1990.0	37.0	4.72241612978	7.94641669126
1990.0	48.0	1.10957205795	2.9183320309
1990.0	50.0	0.958037179015	5.14836919942
2000.0	30.0	10.9822798854	6.79464449784
2000.0	37.0	4.95540100613	7.89057029813
2000.0	48.0	0.924362761475	3.36701245436
2000.0	50.0	1.53134413764	5.11877538425
2010.0	30.0	10.7486636137	6.87220893275
2010.0	37.0	5.18817541738	7.83472390499
2010.0	48.0	0.738942999895	3.80352122803
2010.0	50.0	2.1122278402	4.9946722884
2020.0	30.0	10.5228345511	6.98867491501
2020.0	37.0	5.42094982862	7.77887751186
2020.0	48.0	0.552681377877	4.13096247324
2020.0	50.0	2.69311154277	4.87056919255
2030.0	30.0	10.2967950233	7.10514089727
2030.0	37.0	5.68339982033	7.75357957309
2030.0	48.0	0.366209290748	4.45816505865
2030.0	50.0	3.26536617584	4.76579754048
2040.0	30.0	10.0709659607	7.22160687953
2040.0	37.0	5.96542306723	7.7488063771
2040.0	48.0	0.17973720362	4.78536764405
2040.0	50.0	3.83214871606	4.67415217739
2050.0	30.0	9.8306148055	7.36599605836
2050.0	37.0	6.24744631412	7.7440331811
2050.0	48.0	0.0387255801711	5.13500425063
2050.0	50.0	4.39872079117	4.5822681545
2060.0	30.0	9.55637876766	7.5755393625
2060.0	37.0	6.52946956102	7.73925998511
2060.0	48.0	-0.0719790674919	5.499199105
2060.0	50.0	5.00759635332	4.53954805035
2070.0	30.0	9.28214272981	7.78532132645
2070.0	37.0	6.81149280792	7.73448678911
2070.0	50.0	5.61647191547	4.497066606
2080.0	30.0	9.00790669197	7.9951032904
2080.0	37.0	7.13266256521	7.71109812874
2080.0	50.0	6.22008584987	4.45744907925
2090.0	30.0	8.71072995718	8.10751205607
2090.0	37.0	7.47992999609	7.67529915878
2090.0	50.0	6.80286373843	4.43000320228
2100.0	30.0	8.41355322239	8.21968216193
2100.0	37.0	7.82719742697	7.63950018883
2100.0	50.0	7.38564162698	4.40231866551
2110.0	30.0	8.11658695271	8.3320909276
2110.0	37.0	8.17446485786	7.60370121887
2110.0	50.0	7.99346486358	4.33883515879
2120.0	30.0	7.82677649675	8.35595690757
2120.0	37.0	8.54782996233	7.53830843375
2120.0	50.0	8.61791484384	4.2512470123
2130.0	30.0	7.54201720343	8.32087391701
2130.0	37.0	8.93866367091	7.45310688525
2130.0	50.0	9.24215435899	4.1638975256
2140.0	30.0	7.25725791011	8.28579092645
2140.0	37.0	9.32970784459	7.36766667695
2140.0	50.0	9.86239503705	4.11926814305
2150.0	30.0	6.96471140773	8.26311824548
2150.0	37.0	9.72054155316	7.28246512846
2150.0	50.0	10.4796892036	4.10327793647
2160.0	30.0	6.64101606912	8.29056412245
2160.0	37.0	10.13684154	7.17936409498
2160.0	50.0	11.0971938352	4.08752638969
2170.0	30.0	6.31711026541	8.31824865921
2170.0	37.0	10.5912357117	7.04905584434
2170.0	50.0	11.7155403273	4.07678669871
2180.0	30.0	5.99825562433	8.34712649498
2180.0	37.0	11.0456298834	6.91898625349
2180.0	50.0	12.3345182147	4.06986556451
2190.0	30.0	5.68255795989	8.37695896994
2190.0	37.0	11.500024055	6.78867800285
2190.0	50.0	12.9534961021	4.06294443032
2200.0	30.0	5.36686029545	8.40679144491
2200.0	37.0	11.9544182267	6.65860841201
2200.0	50.0	13.5815239892	4.07201350271
2210.0	30.0	5.11493355923	8.46168319884
2210.0	37.0	12.4227030956	6.5810439771
2210.0	50.0	14.245330945	4.14528206122
2220.0	30.0	4.95876844789	8.55404454133
2220.0	37.0	12.8909879646	6.50347954219
2220.0	50.0	14.9089274357	4.21878927953
2230.0	30.0	4.80260333654	8.64640588382
2230.0	37.0	13.3592728335	6.42591510728
2240.0	30.0	4.69779171195	8.71418526694
2240.0	37.0	13.8275577024	6.34835067238
2250.0	30.0	4.71231380452	8.72468629812
2250.0	37.0	14.2002914115	6.35527180657
2260.0	30.0	4.72704636219	8.73494866951
2260.0	37.0	14.5732355858	6.36195428096
2270.0	30.0	4.74177891986	8.7452110409
2270.0	37.0	14.9459692949	6.36887541515
2280.0	30.0	4.75630101243	8.75571207209
2280.0	37.0	15.3189134692	6.37555788955
2290.0	30.0	4.7710335701	8.76597444348
2300.0	30.0	4.78555566267	8.77647547466
2310.0	30.0	4.80028822034	8.78673784605
2320.0	30.0	4.8148103129	8.79723887724
2330.0	30.0	4.82954287058	8.80750124863
2340.0	30.0	4.84427542825	8.81800227981
2350.0	30.0	4.85879752081	8.8282646512
2360.0	30.0	4.84680100957	8.828503311
2370.0	30.0	4.82828007992	8.826116713
2380.0	30.0	4.80975915027	8.82396877481
2390.0	30.0	4.79123822063	8.82158217681
2400.0	30.0	4.77250682587	8.81919557881
2410.0	30.0	4.75398589622	8.81680898081
2420.0	30.0	4.73546496657	8.81442238282
2430.0	30.0	4.71694403693	8.81227444462
2440.0	30.0	4.69842310728	8.80988784662
2450.0	30.0	4.67969171252	8.80750124863
2460.0	30.0	4.58350915742	8.77933939226
2470.0	30.0	4.43576265047	8.73423269011
2480.0	30.0	4.2878056784	8.68912598797
2490.0	30.0	4.13984870633	8.64401928582
2500.0	30.0	4.03566847707	8.5798197997
2510.0	30.0	3.93632894533	8.51347237538
2520.0	30.0	3.83698941358	8.44712495106
2530.0	30.0	3.76753592741	8.40273422831
2540.0	30.0	3.76837778785	8.4094167027
2550.0	30.0	3.76900918317	8.4160991771
2560.0	30.0	3.7696405785	8.42278165149
2570.0	30.0	3.77048243894	8.42922546608
2580.0	30.0	3.77111383427	8.43590794047
2590.0	30.0	3.77195569471	8.44259041486
2600.0	30.0	3.77258709004	8.44927288926
2610.0	30.0	3.77342895048	8.45595536365
2620.0	30.0	3.7740603458	8.46239917824
2630.0	30.0	3.77490220624	8.46908165263
2640.0	30.0	3.77553360157	8.47576412702
2650.0	30.0	3.77637546201	8.48244660142
2660.0	30.0	3.77700685734	8.48889041601
2670.0	30.0	3.77784871778	8.4955728904
2680.0	30.0	3.77848011311	8.50225536479
2690.0	30.0	3.77932197355	8.50893783918
2700.0	30.0	3.77995336887	8.51562031358
2710.0	30.0	3.78079522931	8.52206412817
2720.0	30.0	3.78142662464	8.52874660256
2730.0	30.0	3.78205801997	8.53542907695
2740.0	30.0	3.78289988041	8.54211155134
2750.0	30.0	3.78353127574	8.54855536594
2760.0	30.0	3.78437313618	8.55523784033
2770.0	30.0	3.78500453151	8.56192031472
2780.0	30.0	3.78584639194	8.56860278911
2790.0	30.0	3.78647778727	8.5752852635
2800.0	30.0	3.78731964771	8.5817290781
2810.0	30.0	3.78795104304	8.58841155249
2820.0	30.0	3.80857662378	8.59175278968
2830.0	30.0	3.84898592483	8.59175278968
2840.0	30.0	3.88918476077	8.59175278968
2850.0	30.0	3.92959406182	8.59175278968
2860.0	30.0	3.97000336287	8.59175278968
2870.0	30.0	4.01041266391	8.59175278968
2880.0	30.0	4.05082196496	8.59175278968
2890.0	30.0	4.09207312645	8.58674093389
2900.0	30.0	4.13711265991	8.56096567552
2910.0	30.0	4.18215219337	8.53542907695
2920.0	30.0	4.22740219194	8.50989247838
2930.0	30.0	4.2724417254	8.48435587981
2940.0	30.0	4.31748125886	8.45881928124
2950.0	30.0	4.36273125743	8.43328268267
2960.0	30.0	4.40777079089	8.40774608411
2970.0	30.0	4.45281032435	8.38197082574
2980.0	30.0	4.76387775637	8.2478440183
2990.0	30.0	5.14145216304	8.08627133389
3000.0	30.0	5.51923703482	7.92493730928
3010.0	30.0	5.92017306866	7.70871153074
3020.0	30.0	6.35604631069	7.4103867811
3030.0	30.0	6.79191955273	7.11206203146
3040.0	30.0	7.10719628694	6.7450032595
3050.0	30.0	7.34207534929	6.3318831462
3060.0	30.0	7.57674394652	5.91876303289
3070.0	30.0	7.54012301744	5.38965425693
3080.0	30.0	7.50350208837	4.86030682116
3090.0	30.0	7.39427069647	4.42308206809
3100.0	30.0	7.25410093346	4.02547484177
3110.0	30.0	7.11372070534	3.62762895564
3120.0	30.0	7.12571721659	3.57297586151
3130.0	30.0	7.13771372784	3.51856142718
3140.0	30.0	7.14971023909	3.46390833304
3150.0	30.0	7.15960209924	3.44839544606
3160.0	30.0	7.1673893083	3.47154544663
3170.0	30.0	7.17496605224	3.494934107
3180.0	30.0	7.1827532613	3.51808410758
3190.0	30.0	7.19054047036	3.54147276795
3200.0	30.0	7.1981172143	3.56486142832
3210.0	30.0	7.20590442336	3.58801142889
3220.0	30.0	7.21348116731	3.61140008926
3230.0	30.0	7.19264512145	3.65555215221
3240.0	30.0	7.10488117074	3.7483908143
3250.0	30.0	7.01732768513	3.84099081659
3260.0	30.0	6.92956373442	3.93382947868
3270.0	30.0	6.92219745558	3.97511762403
3280.0	30.0	6.94934745473	3.9944490678
3290.0	30.0	6.97649745387	4.01378051158
3300.0	30.0	7.00364745301	4.03287329556
3310.0	30.0	7.03079745215	4.05220473933
3320.0	30.0	7.05794745129	4.07153618311
3330.0	30.0	7.23389628294	4.12093876165
3340.0	30.0	7.55822301687	4.20041247496
3350.0	30.0	7.8825497508	4.27344237367
3360.0	30.0	8.20477183364	4.28847794105
3370.0	30.0	8.52720438159	4.30327484863
3380.0	30.0	8.84942646442	4.31831041602
3390.0	30.0	9.01085320351	4.27081711587
3400.0	30.0	9.15417994316	4.21664134134
3410.0	30.0	9.1987985464	4.20136711416
3420.0	30.0	9.20111366261	4.20256041315
3430.0	30.0	9.20321831371	4.20375371215
3440.0	30.0	9.2053229648	4.20494701115
3450.0	30.0	9.20763808101	4.20614031015
3460.0	30.0	9.2097427321	4.20757226895
3470.0	30.0	9.2118473832	4.20876556795
3480.0	30.0	9.21416249941	4.20995886695
3490.0	30.0	9.2162671505	4.21115216594
3500.0	30.0	9.21858226671	4.21234546494
3510.0	30.0	9.2206869178	4.21353876394
3520.0	30.0	9.2227915689	4.21497072274
3530.0	30.0	9.22510668511	4.21616402174
3540.0	30.0	9.2272113362	4.21735732074
3550.0	30.0	9.2293159873	4.21855061973
3560.0	30.0	9.2316311035	4.21974391873
3570.0	30.0	9.2337357546	4.22117587753
3580.0	30.0	9.2358404057	4.22236917653
3590.0	30.0	9.2381555219	4.22356247553
3600.0	30.0	9.33370668167	4.23573412531
3610.0	30.0	9.56942760445	4.26437330128
3620.0	30.0	9.80514852723	4.29301247725
3630.0	30.0	10.2414426995	4.35721196337
3640.0	30.0	10.6998357083	4.42546866609
3650.0	30.0	11.1647531354	4.4961119668
3660.0	30.0	11.6875484677	4.58847330929
3670.0	30.0	12.2103438	4.68083465178
3680.0	30.0	12.7331391323	4.77319599427
3690.0	30.0	13.2593019064	4.80994960342
3700.0	30.0	13.7854646805	4.84670321258
3710.0	30.0	14.3055239664	4.89133259513
3720.0	30.0	14.8167437176	4.94813362746
3730.0	30.0	15.3279634689	5.00493465979
4500.0	84.0	-0.0648232537647	5.23404806752
4500.0	85.0	0.0601930213529	9.825862614
4510.0	84.0	0.412932545085	5.21567126294
4510.0	85.0	0.120175577596	9.72371621973
4520.0	84.0	0.890477878826	5.19729445836
4520.0	85.0	0.180368598949	9.62133116565
4530.0	84.0	1.36802321257	5.17891765378
4530.0	85.0	0.240561620302	9.51918477137
4540.0	84.0	1.86093249931	5.17891765378
4540.0	85.0	0.302438362532	9.4101172429
4550.0	84.0	2.35384178605	5.17891765378
4550.0	85.0	0.379889522874	9.24043012531
4560.0	84.0	2.84675107279	5.17891765378
4560.0	85.0	0.457551148326	9.07098166751
4570.0	84.0	3.34576384772	5.17366713819
4570.0	85.0	0.535002308668	8.90129454991
4580.0	84.0	3.86919057536	5.14789187982
4580.0	85.0	0.603403469296	8.71370794734
4590.0	84.0	4.39240683788	5.12211662145
4590.0	85.0	0.650126723633	8.48387856021
4600.0	84.0	4.91583356552	5.09634136308
4600.0	85.0	0.69684997797	8.25404917309
4610.0	84.0	5.43378820031	5.14455064262
4610.0	85.0	0.684011606283	8.05930277652
4620.0	84.0	5.94648120736	5.26698311988
4620.0	85.0	0.631395328877	7.88770638053
4630.0	84.0	6.45917421441	5.38941559713
4630.0	85.0	0.57877905147	7.71610998454
4640.0	84.0	6.97186722146	5.51184807438
4640.0	85.0	0.463023241176	7.56121977452
4650.0	84.0	7.48561255405	5.61256250986
4650.0	85.0	0.252558131551	7.43091152388
4660.0	84.0	7.99998928198	5.69871869756
4660.0	85.0	0.0420930219251	7.30084193303
4670.0	84.0	8.51457647501	5.78487488525
4680.0	84.0	9.02895320294	5.87103107295
4690.0	84.0	9.54396132619	5.9149444761
4690.0	86.0	15.3117576555	8.19390690356
4700.0	84.0	10.0591799146	5.95885787925
4700.0	86.0	14.8106402295	8.11443319026
4710.0	84.0	10.5741880378	6.00300994219
4710.0	86.0	14.3095228034	8.03495947695
4720.0	84.0	11.0921426726	6.05408313933
4720.0	86.0	13.8189286329	7.92064143289
4730.0	84.0	11.620831028	6.13355685264
4730.0	86.0	13.3388577178	7.77147905807
4740.0	84.0	12.1497298485	6.21303056594
4740.0	86.0	12.8587868028	7.62231668325
4750.0	84.0	12.678628669	6.29274293904
4750.0	86.0	12.3700868182	7.48198472102
4760.0	84.0	13.1961623735	6.3314058266
4760.0	86.0	11.8613926483	7.36265482116
4770.0	84.0	13.6871774743	6.27436613447
4770.0	86.0	11.3529089434	7.2433249213
4780.0	84.0	14.1784030401	6.21756510213
4780.0	86.0	10.8078043095	7.24069966351
4790.0	84.0	14.6694181409	6.1607640698
4790.0	86.0	10.2587008385	7.25120069469
4800.0	84.0	15.1604332417	6.10396303747
4800.0	86.0	9.75611015669	7.31611616022
4810.0	86.0	9.2840369158	7.41730791529
4820.0	86.0	8.81217414002	7.51849967037
4830.0	86.0	8.34031136424	7.62398730185
4840.0	86.0	7.86844858846	7.73925998511
4850.0	86.0	7.39679627779	7.85429400857
4860.0	86.0	6.92156606025	7.95333782545
4870.0	86.0	6.4414951452	8.02803834276
4870.0	89.0	0.248348829358	5.45337642345
4870.0	90.0	0.294651153476	4.73143052932
4880.0	86.0	5.96142423014	8.10250020027
4880.0	89.0	0.725473232879	5.49323261
4880.0	90.0	0.715581372727	4.7512392927
4890.0	86.0	5.48914052414	8.163597109
4890.0	89.0	1.20238717129	5.53285013676
4890.0	90.0	1.13651159198	4.77128671587
4900.0	86.0	5.04842658459	8.17123422259
4900.0	89.0	1.66477901714	5.55838673533
4900.0	90.0	1.55744181123	4.79109547925
4910.0	86.0	4.60792311014	8.17863267638
4910.0	89.0	2.0924441199	5.55074962174
4910.0	90.0	1.98679063486	4.78274238626
4920.0	86.0	4.16720917059	8.18603113017
4920.0	89.0	2.52010922266	5.54311250814
4920.0	90.0	2.41971736536	4.76221764348
4930.0	86.0	3.67808825582	8.17910999598
4930.0	89.0	2.94482781388	5.51304137338
4930.0	90.0	2.85264409586	4.74193156051
4940.0	86.0	3.18917780616	8.17195020199
4940.0	89.0	3.35691849853	5.39371147352
4940.0	90.0	3.29104291921	4.71639496194
4950.0	86.0	2.70005689139	8.1650290678
4950.0	89.0	3.76900918317	5.27438157367
4950.0	90.0	3.75154057908	4.67176557939
4960.0	86.0	2.24797783591	8.20249865635
4960.0	89.0	4.1434266132	5.1614954884
4960.0	90.0	4.21182777383	4.62689753704
4970.0	86.0	1.82052319826	8.26956206007
4970.0	89.0	4.53447078688	5.10493311587
4970.0	90.0	4.67232543369	4.5822681545
4980.0	86.0	1.39306856061	8.33662546379
4980.0	89.0	4.98697077258	5.17653105578
4980.0	90.0	5.15176495341	4.58895062889
4990.0	86.0	1.02833252563	8.47504814762
4990.0	89.0	5.47609168735	5.24049188211
4990.0	90.0	5.63120447314	4.59563310328
5000.0	86.0	0.757674394652	8.72062908153
5000.0	89.0	6.05087190173	5.28631456365
5000.0	90.0	6.11043352776	4.60207691787
5010.0	86.0	0.487016263673	8.96621001543
5010.0	89.0	6.62565211612	5.3321372452
5010.0	90.0	6.59303002413	4.61615784606
5020.0	86.0	0.216568597805	9.21155228954
5020.0	89.0	7.1587602388	5.328796008
5020.0	90.0	7.08046721802	4.64121712503
5030.0	86.0	0.150482553382	9.46357703804
5030.0	89.0	7.67397882717	5.30397538883
5030.0	90.0	7.56790441191	4.6665150638
5040.0	86.0	0.107126740799	9.71631776593
5040.0	89.0	8.18919741553	5.27939342946
5040.0	90.0	8.05534160581	4.69157434277
5050.0	86.0	0.0637709282165	9.96905849383
5050.0	89.0	8.66569042372	5.2495609545
5050.0	90.0	8.54614624145	4.69348362116
5060.0	86.0	0.0204151156337	10.2215605619
5060.0	89.0	9.13229157176	5.21829652073
5060.0	90.0	9.03926599331	4.67988001258
5070.0	89.0	9.60015551046	5.19204394277
5070.0	90.0	9.53217528005	4.6660377442
5080.0	89.0	10.0688613096	5.17032590099
5080.0	90.0	10.0234008459	4.65124083662
5090.0	89.0	10.5417764109	5.15505167381
5090.0	90.0	10.4969473426	4.62474959885
5100.0	89.0	11.0245833724	5.15505167381
5100.0	90.0	10.9704938392	4.59825836108
5110.0	89.0	11.5073903339	5.15505167381
5110.0	90.0	11.4440403359	4.57176712331
5120.0	89.0	11.9904077605	5.15505167381
5120.0	90.0	11.9209542743	4.57057382431
5130.0	89.0	12.5058368139	5.19085064377
5130.0	90.0	12.4012356545	4.59515578368
5140.0	89.0	13.0250542394	5.23070683032
5140.0	90.0	12.8815170346	4.61949908325
5150.0	89.0	13.5440611997	5.27032435707
5150.0	90.0	13.3617984148	4.64408104262
5160.0	89.0	14.0138193244	5.29967951244
5160.0	90.0	13.8353449115	4.68250527038
5170.0	89.0	14.4781053562	5.3278413688
5170.0	90.0	14.3044716408	4.73023723032
5180.0	89.0	14.9423913881	5.35576456537
5180.0	90.0	14.7733879051	4.77796919026
5190.0	89.0	15.4066774199	5.38392642174
5190.0	90.0	15.2425146344	4.82570115021
